ny/ny60_OST50GRID_20230518/NY60.asc
ncols 200
nrows 200
xllcorner 360000
yllcorner 500000
cellsize 50
[rows 35 to 69 of 200, columns 78 to 155 of 200]
265.5 266.2 266.7 265.7 265.1 263.4 263.4 262.1 260.6 259.9 256.1 253.2 255.6 256.4 254.1 253 251.8 253 257 261.5 263.3 262.4 259.5 258.6 260.9 262.5 264.2 262.9 260.4 255.9 253 253.7 258.5 261.1 263.2 265.1 266.3 267 266.2 266 267 266.6 267.5 269.2 271.6 275.2 276.7 276.7 274.6 272.2 265.5 259.1 257.7 257 262.8 260.4 265.3 269 272.4 273.2 270.4 270.9 274.6 278.2 280.3 280.8 279.8 275.8 274.3 277.2 278 278 276.8 277.1 276.7 276.5 275.3 272.6
264.8 265.7 264.8 264.7 265.2 264.9 264.7 263.3 261 258.2 254.5 250.3 251.4 251.4 250.6 250 248.8 249.2 254.1 258.1 259.7 259.6 257.4 255.6 257.4 258.9 260.2 258.5 255.7 252.9 250.5 254 258.4 261.2 263.4 265.7 267.5 267.9 266.9 265.7 266.7 266.2 267.5 269.3 271.3 273.8 275.1 275.3 273 269.7 267.1 261 260.6 258.3 258.5 260.4 265.4 269.9 272.2 272.4 268.8 269.5 273.7 276.4 277.6 278.7 277.6 270.1 269.8 273.6 276.9 278 277.7 276.1 274.4 273.5 271.7 268.5
265 266 265.3 263.8 263.6 263.7 264 263.2 261.9 259.6 254.9 249.5 248.6 249.1 251.5 252.6 249.6 247.3 249.7 254.1 256.3 256.5 254.9 252.7 254.4 254.8 255 253.5 250.7 248.7 250.7 253.2 257.7 260.8 263.3 265.1 267.4 268 267.6 264.6 264.6 265.4 267.3 269 270.4 271.7 272.5 271.3 269.6 269.9 266.5 263 262.7 258.2 256.3 258.3 266 270.4 271 270.2 266.9 269.2 273.3 275.7 276.7 276.5 271.2 267 267.8 272.3 276.4 277.6 276.9 275.1 273.8 272.3 270 265.2
263.9 265.8 266.1 263.8 262.1 261.9 262.6 262.4 261.5 259.8 255.4 249.2 248.4 250.1 254.4 254.9 251.5 248.4 246.2 248.9 251 253.5 251.9 249.9 251.4 251.2 248.6 246.6 246.9 248.5 250.7 252.2 256.4 259.9 262.5 264.3 266.2 267.6 268 266.6 264.6 263.9 266 268 269.2 270.4 271.2 269.9 268.3 266.7 264.5 263.4 262.5 257 254.7 257 264.9 269.5 269.2 268.2 267 269.4 273 275.3 276.3 273 267.7 266.7 269.6 272.1 275.4 276.6 275.3 273.3 271.1 267.6 265 261.3
261.8 263.1 264.9 263.2 260.9 260.5 261.2 261.2 261.3 259.5 256.3 249 247.8 249.6 254 255.6 252.3 249.2 247.2 245.1 245.7 248.6 248.2 246.7 248.6 247.8 245.1 244.7 245.8 249.2 252.7 252.3 254.4 258.2 261.1 262.8 263.4 266.3 267.1 266.6 264 261.2 264 266.6 267.9 268.7 269 266.5 263.9 263.5 262.1 262 260.9 256.1 253.4 254.7 264.2 266.6 266.9 266.2 266.6 269.5 272.6 275.4 274.9 271.1 266.7 268.7 271.7 272.9 273.6 273.6 272.6 270.1 267.6 264.2 261.5 257.6
263.3 261.2 262.2 261.1 258.7 257.7 258.2 258.7 260 258.9 255.9 248.6 247.6 246.9 251.8 253.3 250.8 249.6 248.3 244.1 242.6 244.4 244.1 243.8 244 243.8 243.9 244.6 245.3 250.1 254.4 253.4 252.3 255.9 259.1 261.4 261 262.5 264.8 265.4 263.3 259.9 261.6 264.5 266.4 267 266 265.3 261.8 259.1 259 260 260.1 256.9 254.1 254.4 261.5 262.7 263.2 263.6 266.1 269.2 272.1 272.7 270.6 267.8 266.3 270.4 272.6 271 269.8 270 270.1 268.5 262.4 260.2 258.1 252
264.1 263.9 259.7 258.8 257 255.1 255.5 256.8 258.3 258 254.3 248.3 248.8 248 247.1 248.5 247.5 248.7 248.6 245 243.5 242 241.7 241.4 242 245.2 244.8 244.5 245.1 250.1 255.3 254.1 252 253.4 257.8 260.1 261.6 260.5 260.6 261.4 259.6 257 259.5 261.8 263.4 263.8 263.1 261.4 260.5 256.4 256.9 259.1 259.3 257.2 255 252.5 256.9 258.5 259.3 262.2 265.3 267.6 270.4 269.8 266.3 263.6 264.2 267.9 270.4 268.9 268.7 270.7 269.3 264.1 259.7 256.9 252 250.7
264.5 264.5 263.5 261.5 257.9 253.2 251.6 252.8 255.8 254.9 251 250.2 253 250.5 246.9 247 246.5 247.6 248.5 244.9 244.1 241.9 240.6 240.2 242.2 245.1 245.4 244.8 245.5 249.9 255.3 254.9 252.1 252.3 256.5 258.6 261.3 260.8 257.9 257.5 256.1 255.7 258 259.8 260.1 260.9 262.2 261.6 259.5 256.5 253.7 257.5 258 256.7 255.6 250.6 253.9 253.9 256.7 260.2 262 265.3 267 265.6 263.6 261.1 260.9 262.7 264 265.2 266.2 270.2 267.5 260.6 257.4 251.9 250.3 249.9
264.9 264.8 263.6 263.5 260.3 253.1 250.9 250.6 250.9 250.4 249.7 253.4 254.7 252.9 247.9 247.5 246.9 244.5 245.7 243.7 245.7 243.8 239.7 239.5 240.5 243.1 245.1 245.2 246.7 250 255.6 256.5 252.7 251.9 252.9 257.1 261.2 260.8 254.7 253.3 253.5 256.4 256.1 257.1 256.1 257.6 259.5 260 259.8 258.5 252.3 254.1 255.1 254.8 253.7 250.6 251.3 251.3 252.5 256.1 259.3 261 263.6 262.9 261.6 259.3 257.5 257.2 257.4 258.6 262.2 261.6 261.9 257.7 251.1 249.7 250.1 249.5
265.4 265.1 264.9 264.5 261.7 255.9 250.5 249.8 249.5 250.1 252.3 254.4 254.2 252.3 249.6 249.7 248.6 245.5 242.3 243.9 246.9 243.6 239.6 238.8 240.2 243.7 245.4 246.3 247.7 249.7 254.1 256 252 251.5 252.1 254.1 260 260.3 255.6 253.3 255.8 257 254.4 254.5 252.8 253.6 257.2 259.5 261.3 259.6 252.5 249 249.5 250.6 250.7 248.9 250 249.7 248.9 251.6 255.6 258.7 259.4 259.8 257.9 257.2 257.1 254.9 253.9 255.5 257.8 258.2 256.9 251.4 249.8 250.1 250.1 250.4
265.4 265.3 265 265 262.5 258.1 252.7 251.8 253.1 254.4 254.7 253.7 252.3 250.5 248.9 250.2 249 243.5 242 244 247.4 245.9 240.4 238.6 240.4 245.1 246.7 248.4 250 250.6 251 253.5 251.4 252 252.7 251.9 256.7 257.7 252.9 252 257.1 257.5 252.8 252.4 251.2 250.4 255.1 258.4 261.3 260.6 254.3 247.8 247.7 248 248 248.6 248.9 247.4 247.4 248.2 251.6 254.8 256.1 257 254.7 253.3 255.7 255.1 254.3 255.3 258 257.3 252.1 250.1 250.1 250.1 250.1 252.1
265.1 264.8 264.5 264.5 262.3 258.9 255.2 254.4 255.9 257.2 256.2 254.5 248.7 247.2 246.7 249.5 247.7 243.4 242 242.8 246 244.4 239.8 238.3 240.6 246 248.9 250.9 252.3 252.7 252 251.1 252.7 254.6 254.7 251.8 254.1 254.2 250.1 253.4 258 257.3 251.7 251.5 250.7 249.1 252.8 257.9 260.2 259.9 254.3 247.4 247 246.8 247 246.8 246.4 246.4 246.6 247.2 247.8 249.5 250.8 250.7 250.1 251.1 254.3 254.1 255 256.8 257.5 256.2 250.6 250.1 250.1 250.1 250.1 253.9
264.3 262.5 263 264 261.9 259.1 257 256.8 257.5 258.3 257.6 255.1 246.3 244.9 245.6 249.3 247.7 245.4 243.1 241.4 241.9 240.9 238.5 238.1 241.1 246.3 249.4 251.5 253.2 253 252.9 251.7 254.8 257.2 256.4 253.2 249.4 248.7 249 255.4 259 257 249 248.9 248.9 248.9 252.5 256.4 258.2 257.7 253.6 246.6 246.3 246.5 247.9 248.8 248 246.9 247.7 247.4 247.6 247.7 248 249.6 249 248.8 250.9 251.1 255.5 257.8 257.8 254.7 250.1 250.1 250.1 250.1 250.4 256.2
263.9 260.4 260.8 262.5 260.9 260 258.7 257.7 257.9 258 257.6 253.6 248.1 246.7 247.2 249.4 248.2 246.2 243.7 240.2 238.6 237.8 238 239 242.7 247 249.6 251.4 253.3 252.6 252.2 251.8 255.4 258.6 258.3 254.4 247.7 247.6 250.6 257.3 259.8 256.4 247.1 246.6 247.3 250 252.7 254.2 255.6 255.6 251.1 245.7 246.1 247 248.7 249.9 248.6 248.5 249 249 247.5 247.4 249.7 252.3 253.3 248.9 248.7 250.3 254.9 259.2 259 256.1 250.2 250.1 250.1 250.1 252.7 256.9
262.2 259.3 256.7 260.1 260.8 260.4 258.9 257.4 257.1 257 256 253.3 249 247.7 248.2 248.8 248 246.5 243.8 240.4 236.8 238.2 238.6 241.5 245.3 247.6 249.5 251.3 253 250.8 250.1 249.9 254.7 258.8 258.2 254.4 247.7 248.2 254 258.7 259.8 255.7 245.8 245.1 249 251.9 251.5 252 253.9 253.6 248.4 245.3 245.6 246.5 248.6 250.7 249.8 250.1 251.4 250.1 247.5 247.7 250.7 254 254.5 248.3 248.9 250 255.3 259.2 259.9 257.8 252.1 250.4 250.2 250.4 254 256.8
260.9 258.5 258.2 259.3 260.5 260.4 258.7 256.9 255.9 255.3 253.6 250.9 248.3 247.2 246.4 247.7 247 245.7 243.4 236.8 241.9 241.3 241.8 246 247.6 248.2 249.6 251.4 252.2 248.2 245.2 248.5 254.2 257.7 256.8 251.8 245.8 248.5 254.4 258.5 258.7 254 245.1 244.8 251 252.3 249 248.1 251.9 251.8 246.1 245.4 244.9 245.8 248.5 250.9 250.2 251.3 253.1 251.2 248 248.1 251.2 255.2 254.8 249.9 249.2 250.6 256.4 259 259.8 258.4 252.5 249.9 250.3 250.6 254.2 256.6
260.4 258.1 259 259.4 260.6 259.6 257.9 256 254.7 252.2 248.6 246.8 246.1 245.3 244.5 245.4 244.8 243.9 239.7 237 243.1 244.7 245.9 249.5 249.6 249.8 250.8 251.5 251.6 246 243.4 249.2 255.2 255.5 253.2 249.3 245.4 249.6 254.1 257.3 257.4 251.9 244.4 244.6 251 250.9 246.5 247.1 250.1 249.4 245.1 244.4 244.3 245.4 248.8 251.3 251 251.7 253.4 252 248.5 248.8 251.1 254.7 254.4 250.7 249.3 251.8 255.6 257.6 258.2 257.1 251.9 250 250.4 250.8 254.6 256.7
256.6 256.9 258.9 259.9 258.4 257.9 256.9 255.5 252.4 248.1 244.9 241.4 241.1 242 243.4 243.8 243 242.1 231.8 240.4 244.8 246.2 248.4 250.7 250.8 251.1 251.6 251.9 249.7 243.6 245.9 253.4 255.9 254.1 248.2 243.4 243.8 249.3 252.8 256.2 255.9 249.5 243.8 244.6 249.2 248.6 245.9 247.3 248.1 246.3 244.5 244.3 243.9 245.7 248.4 251.1 251.1 251.4 253.4 252.3 249 249 251 253.2 253.6 250.3 249.7 251.8 253.1 255.3 255.7 253.9 250.2 250.2 250.4 250.7 255.5 258
253.6 254.2 256.5 257.8 257 255.7 255 255.1 252.7 249.4 241.7 236.6 235.7 238 240.3 241.4 241.7 239.1 233.1 241.4 243.7 245.9 248.5 250.8 251.5 251.5 252.3 252.7 249.3 246.9 251.4 256.1 257.3 255.1 247.5 242.1 242.3 247.1 250.7 253.8 253.1 248.3 244.4 244.7 246.8 245.8 244.8 247 246.4 244.6 243.9 243.7 244.4 246.8 249.7 251.5 251.2 250.5 251.8 250.3 249.2 249.3 251.2 253.6 252.9 250.1 250.1 252.7 253.6 253.5 251.7 250.9 250.5 250.3 250.6 251.1 256.2 258.4
253.2 251.2 252.8 253.7 253.5 253.1 253.7 253.5 252.2 249.2 244.6 237.3 234.4 235.6 238.1 239.8 240 230.3 236 240.6 242.6 245.2 247.9 250.6 251.6 251.8 252.6 252 250.5 249.9 253.6 257.5 258.2 256.3 250.8 241.6 240.9 242.7 248.1 250.9 250.5 247.4 244.7 244.7 243.7 243.2 244.1 246.4 246.2 243.6 243.2 244 245.2 248 251.2 252.2 251.4 249.7 250 249.8 249.3 250.1 252.3 254.7 253.4 249.5 251.4 254.8 255.7 254 251.3 250.6 250.6 250.7 251 251.7 256.3 258.2
252.4 248.5 249.3 250.5 250.7 250.7 251.2 251.4 250.1 248 244.5 238.4 236.2 236.1 236.4 237.7 237.2 229.2 235.5 239.2 241.8 244.2 246.9 249.7 251 251.6 250.8 250.3 250.6 251.6 254.9 257.3 258 256 252.4 246.7 242.2 242.3 245.8 247.8 247.7 246.5 244.2 240.9 241.4 240.8 242 245.6 246.7 243.5 242.8 245.1 246.5 249.1 251.4 252.7 250.5 249.3 248.9 250.7 250.4 251.8 254.9 256.7 253.6 249.5 254.8 257.9 258.1 255.5 251.5 250.8 250.9 250.8 251.2 251.4 251.8 252.2
247.3 246 247.3 248.1 248 248.4 248.8 247.7 247 245.4 242.6 237.9 236.1 235.8 235.3 233.4 232.3 228.3 235.1 237.6 240.2 242.7 245.7 248.5 250.1 250.4 248.4 247.8 250.1 252.2 253.9 255.9 256.3 255.2 253.5 249.4 244.7 242.9 244.1 244.5 244.8 242.7 239.6 240.3 240.9 240.6 241.7 242.2 245.8 242.1 243.2 244.9 247 249.4 251.5 252.3 249.7 250.7 251.6 252.6 254 255.4 258.8 257.9 252.9 249.4 257.7 260.5 259.5 256.3 250.8 251.3 253.3 252 251 250.9 255.9 258.7
243.7 244 245.7 246.4 246.3 246.3 245.8 244 242.8 241.6 238.9 235.9 235.1 233.1 233.7 230.4 227.5 227.8 233.9 236 238.8 241.6 243.8 247.4 249 249 246.7 245.5 249.5 251.4 253.4 253.6 253.7 253.7 252.3 249.6 244.7 241.5 242 241.4 240.8 240.6 242 243 243.1 241.2 241.7 241.8 242.7 242.5 244.1 246.2 246.8 248.3 251 251.7 250.5 252.3 253.3 254.6 256.2 259.5 260.9 257.6 250.6 249.6 258.3 260.8 259.2 254.3 250.6 255.1 257.1 254.3 251.3 252.2 258.3 262.8
241 242.1 243.8 244.6 244.2 244.3 243.7 241.4 238.5 237.1 235.3 233.1 232.8 230.6 230 226.2 224.7 228.9 231.8 234.8 237.7 240.6 243.5 246.2 247 248.1 247.7 246.9 250.1 251.1 251.1 250.8 251 251.1 250.4 248.3 242 239.7 238.9 238.9 239.1 242.7 243.7 243.9 244 243.8 242.7 242.1 242.5 243 244.4 246.9 249.1 248.7 249.7 249.9 251.4 253.9 255.4 255.6 257.3 260.9 262 258 251.2 249.7 252.6 255.2 254.2 250.9 252.1 257.5 258.7 254.1 251.5 253.3 260.5 265.8
238.4 240.4 241 240.5 240 239.4 238.6 236.6 233.5 231.8 230.7 229.6 228.7 227.6 224.2 223.8 223.8 226.2 229.2 233.2 236.4 239.4 242.3 244.7 245.3 247.2 248.5 249.4 250.3 249.8 248.8 248.2 248.5 248.2 247 244.8 239.3 238.3 238.5 239.4 239.6 243.2 244.5 244.7 244.7 244.9 244.3 242.5 242.3 242 244 248.7 249.1 248.6 248.6 249.3 252 255.2 257 256.6 258.1 261.8 263.3 260.3 255.4 250.1 249.6 250.1 250.4 250.6 255.7 260 259.5 253.2 251.4 252.4 260.1 266.7
235.7 237.6 237.4 235.9 234.2 233 231.8 230.9 228.3 225.9 224.4 221 221.4 221.2 221.9 224.1 222.5 224.7 225.7 226.4 231 237.6 240.5 242.6 243.7 246.4 248.1 249.4 249.3 247 244.7 246.5 246.7 246 245 242.7 239.9 238.2 238.3 238.6 239.5 243 244 244.9 245.2 245 244.4 243 242.4 242.5 247.3 251.3 249.1 248.4 248.2 249.5 252.5 255.9 258.5 256.5 258.8 262.8 264.3 262 258.9 254.2 251.5 253.8 253.3 254.7 260.3 262.1 260.1 252.2 251.8 251.8 258.6 265.4
231.2 233.9 233.7 230.9 225.3 221.5 218.8 218 217.8 219.9 220.1 220.6 221.7 222.6 224.4 224.3 226.7 224 226.7 229.4 228.5 227.5 237.5 240 241.5 244.4 246.1 246.8 246.4 244.7 243.9 244.6 244.5 244.1 243.6 241.7 240.7 238 238.1 238.7 240.6 242.1 243.6 244.3 244.6 244.6 245 243.7 243.4 247.1 250.9 251.8 250.4 250 250.2 252.3 254.7 257.1 259.7 258.8 259.8 263.1 264.9 263 261.6 260.2 258.4 258.8 259.7 262 264 263.6 259.9 252.8 252.4 252.5 255.3 262.7
226.1 228.3 221.8 216 215.9 215.8 218.5 220.2 222 223.6 223.4 225.8 226.8 227 228.3 229 229.7 230.9 232.4 234.2 234.6 233.1 231.6 232.6 236.9 241.5 243.2 243.7 242.9 241.3 241.1 241.8 241.4 241 240.9 237.6 237.1 239.4 239.8 241 242.6 242.9 243.2 243.9 245 245.6 246.2 246.4 247.6 251 253 254.4 252.1 250.5 253.3 256.4 258.2 260 260.7 261.1 260 263.2 265.5 263.9 264.6 264 262.9 264.1 265.8 266.7 266.6 264.7 259.7 252.2 252.9 253.3 254.5 260.1
219.5 214.4 214.9 214.7 218.7 220.3 221.9 223.2 225.5 227 227.1 229.8 230.5 231.4 232 231.8 234.1 235.5 235.8 236.4 236.5 236.2 233.6 232.3 232.7 235.4 238.9 240 239.7 237.9 237 235.8 236.7 236.2 236.6 238 240.6 241.3 242.2 243.2 244.2 244.5 244.8 245.3 246.2 247 248 249.3 251 253.1 255 255.6 253.7 251.7 255 258.1 260.6 262.4 262.5 263.6 263.2 263 265.5 265.8 266.4 266.6 266.8 268 268.9 269.7 269 266.8 261.7 255 255.4 255.9 258.8 259.3
213.1 214 217.6 222.1 224.9 226.2 226.6 227.4 229.2 230.5 231.8 233.2 233.7 234.6 235.5 235.4 237 237.9 238.6 238.6 238.4 237.3 235 234.4 235.2 234 233.8 235.1 236.2 235.1 235.8 235.9 237 239.2 238.5 237.8 239.7 242.2 243.4 244.6 245.5 246.2 247.8 247.7 248.1 249 249.9 251.7 253.1 254.8 255.6 255.4 254.4 254.3 255.8 259.5 262.4 264.5 265.1 264.4 266 261.6 264.7 265.9 267.7 268.8 269.1 270.1 271.4 272 270.8 267.9 261.9 255.2 257 260.5 260.3 263.9
217 220.3 224 226.5 228.7 230 230.8 231.6 232.6 234.1 235.5 234.2 237.2 237.4 237.8 238.7 239 240.3 241.2 240.8 240.1 239.5 237.6 236.9 237.8 238.3 237.4 236.5 235.3 235.2 235.7 236 240 241 239.7 238.5 239.7 242.6 243.9 245.3 247.1 248.6 250.6 249.9 250.2 251 252 253.4 254.7 255.5 256.8 256.8 255.5 256.3 257.1 260.7 263.5 265.9 267.2 267.5 267.9 265.7 265 267.4 269 270.3 271.1 271.9 272.9 273 271.3 267.5 260.4 255.6 258.6 262.8 263.9 266.3
222.3 225.6 228.6 230.5 231.8 233.1 233.9 234.6 235.5 237 238.4 238.5 239.6 239.6 240.1 240.1 240.9 241.6 243.1 242.8 242.1 241 239.3 238.6 239.7 239.8 238 236.8 235.9 236 237.4 240.1 243.8 243.3 241.5 239.4 240.7 243.4 244.9 246.5 248.1 250.6 252.3 252.1 252.1 253 254.2 254.8 255.3 257 257.6 257.8 256.8 257.5 259.4 261.8 264.7 267.3 269 269.2 269 268.5 268.9 269.5 271 270.6 273.3 273.9 273.8 273.1 271.4 264.9 256.7 256.7 258.5 262.8 266 267.2
225.6 229.1 232.1 233.7 234.9 235.5 236.8 237.6 238.3 239.8 241 241.6 241.9 241.3 241.9 242.7 241.6 242.7 244.3 244.7 243.9 242.5 240.7 240.8 241.3 240.6 238.5 236.7 236.9 238.6 241.3 244.2 246.5 245.8 243.9 241.3 241.8 244.6 246.3 247.7 249.4 252.2 253.9 253.7 253.5 255.2 255.8 256.2 257.2 258.1 258.8 258.9 258.6 258.9 261.5 263.3 266 268.8 270.9 271.9 271.9 271.7 273.4 274.5 275.2 275.1 275.9 276.6 275.7 275 272.1 264.1 259.1 260 263.7 266.5 268.8 268.9
228.1 231.9 235 236.8 237.6 238.5 239.4 240.3 241 241.7 243.1 243.4 242.5 243.5 244.2 245 245.1 245.2 245.7 244.3 244.6 243.5 241.5 242.4 243 242.6 239.8 235.7 238.8 241.8 244.3 246.4 248.4 248.1 246.5 242.8 243.2 245.6 247.3 248.8 250.4 254 254.5 254.2 254.8 256.4 257.2 257.6 258.3 259.6 260.9 261.4 261.7 261.2 264 266 267.9 270.4 273.5 274 275.2 275 276.8 278.4 279.1 279.1 278.8 278.7 277.4 276.5 273.2 265.3 264.1 267.3 270.5 272 272.6 271.7
230.4 234 237.3 238.9 239.9 240.3 241.5 242.3 243 243.1 244.1 244 243.6 245 246 246.5 247.6 248.6 248 245 244.6 243.7 242.2 243.5 244.4 245.1 242.9 240.1 240.9 243.5 246.5 248.5 249.9 250.2 248.8 245.7 244.1 246.3 248.4 250.1 251.1 254.4 254.6 254.7 256 257.8 258.9 258.8 260.2 261.3 262.9 264.7 265.2 265 267 268.4 269.6 272.1 275.5 277.5 278.6 278.7 279.7 281.8 282.9 282.6 281.8 280.5 278.9 276.7 274 265.3 270 271.9 274.4 275.8 275.8 274.2
