ny/ny60_OST50GRID_20230518/NY60.asc
ncols 200
nrows 200
xllcorner 360000
yllcorner 500000
cellsize 50
[rows 35 to 69 of 200, columns 0 to 77 of 200]
273 271.9 271.1 270.9 271.4 271.5 270.4 268.9 266 266.4 269.4 271 268.8 265.9 263.9 261.9 260.4 259.5 257.8 253.7 250.4 250.8 252 253.6 252.4 247.7 245.2 245.5 245.5 247.3 249.7 247 244.5 244.4 246.9 247.7 244.9 244.3 245.5 246.8 247.1 244 239.1 233.8 231.2 230.1 230.2 230.4 230.1 234.8 238.3 236.6 233 235.8 241.9 246.3 250.9 252.7 253.9 253.3 250.6 248.1 244.7 244.1 244.5 246 248.1 250.1 248.7 244.4 242.5 243.9 247.9 251.7 255.9 259.5 262.3 263.9
272.8 271.9 270.6 268.9 269.2 269 268 266.5 265.8 265.7 268.9 270.3 267.5 263.3 261.9 261.8 261.3 260.5 258.8 254.4 251 251.9 254 254.9 253.1 248.1 245.8 245.2 245.2 244.8 246.5 244.5 243.8 244.5 247.6 248.3 244.8 242.6 245 246.5 247.4 244.8 240.2 235.8 231.7 230.1 231.1 230.1 230.5 235.4 237.8 235.4 231.7 235.6 241.5 245.4 248.7 250.7 252.1 252.2 250.5 248.6 246.1 244.7 243.5 244.2 246.3 248.1 248.2 244.8 241.6 244.2 249.2 252.9 256.5 259.7 261.9 263.5
271.2 270.8 270 268.2 267.1 267 266.1 265.5 265.1 265.2 267.5 268.6 265 261.1 260.4 261.3 261.5 261 258.9 254.3 251 252.7 254.7 255.8 254.2 249.8 245.9 245.7 247 246.4 243.9 243.5 243.5 245.2 248.5 249.4 246.3 242.8 243.4 245.8 246.9 244.4 239.8 236.1 232.5 230.2 229.9 230.2 230.7 234.5 236.3 234.3 230.8 235 240.9 243.7 246.3 247.6 248.4 249.5 249.2 248.4 246.8 245.7 243.3 242 243.9 245.7 246.9 244.4 241.8 244.5 249.8 253.8 257 260 261.6 263.2
270.8 270.6 270.3 267.5 265.8 265.2 265.5 264.8 264.5 263.8 265.9 267.2 262.8 260.2 258.8 259.8 260.8 259.8 256.4 252.1 251.1 252.9 255.3 256.2 255.5 252.3 246.7 247.1 248.6 248.6 243.8 243.1 242.7 244.3 248.6 250.1 246.6 243.1 242.5 244.7 245.9 243.5 238.5 236.7 233.7 230.5 229.7 229.3 230.6 232.3 233.3 231.1 230.3 234 239.7 241.8 243.8 244.1 245.1 246.4 247 247.5 245.6 245.2 242.7 240.4 241.1 242.8 244.6 244.6 240.2 245.5 250 254.3 258.1 260.2 261.8 262.4
268.7 268.9 268 268.2 265.7 264.1 264.9 264.7 263.9 263.1 263.4 262.8 260.8 259.4 258 257.9 259.7 259.1 255.9 252.3 250.9 253.1 255.3 256 255.5 253.3 248.4 248.6 250.2 250.4 247.1 243.4 242.5 243.3 248.5 250.5 247.5 243.5 242.1 243 244.3 242.2 238.9 237.8 236.5 232 231.2 229.1 229.5 229.5 230.1 229.4 229.2 233.4 237.9 238.1 238.9 240.2 241.6 243.1 244.4 244.5 244.5 244.4 243.1 240.6 239.2 240 242.4 237.7 241.4 247 251.7 255.4 258.4 259.9 261.1 261.2
265.6 266.6 267.5 267.7 265.2 262.4 264.1 264.8 263.6 262.8 261.6 260 259.2 257.5 255.7 256.4 258 256.3 254.3 251.7 252 253 254.1 255 254.7 253.2 250.2 250.5 252.3 251.6 248.4 245.2 242.8 241.9 247.7 250.1 247.1 243.7 241.9 241.3 242.8 241 239.2 240.3 240.7 239.1 235 230.3 229.6 229.4 229 228.6 228.6 227.5 233.8 232 233.5 234.6 235.4 238.8 241 241.9 242.5 242.8 241.9 240.2 239.2 238.3 236.5 240.2 243.5 247.5 252.7 256.1 259.1 260.3 261.5 262.7
262.1 262.4 264.4 265.8 263.8 260.8 263.9 263.3 262.1 261.8 262 259.6 258.1 254.6 252.2 254.8 255.7 255.6 253.2 252.5 252.9 252.6 253.1 253.6 253.1 252.7 251.2 251.4 252.7 252.3 250.2 246.9 244.4 242.1 245.2 248.5 246.2 243.9 241.8 240.6 241.5 239.8 239.1 240.9 242.9 241.6 237.6 231.3 229.2 229.7 230.1 230.4 232.1 232 228.6 227 226.7 227.5 229.9 232.8 235.7 238.3 239.1 239.8 239.7 239.7 239.2 234.6 237.6 240.7 244.8 249 253.5 256.5 259.5 261.4 262.4 263.3
261.2 259.5 260.8 262.8 260.9 259.2 262.2 262.1 261.7 261.3 260.7 259.7 257 253.2 251.2 252.1 255.6 254.4 253 253.9 253.7 252.6 252.4 252.1 251.3 251.4 250.6 251.3 251.8 252.1 250.5 248.4 246.2 242.3 244.2 246.3 244.4 244.1 241.7 238.6 239 238.5 238.1 240.5 243.4 243.3 239.6 235.2 229.4 228.6 230.2 233.3 235.5 234.7 230.6 227 225.7 225.7 226.2 228.4 229.5 229.8 232.4 235.7 236 237.8 239.5 234 240.3 240.7 245.7 250.2 254.1 257 259.9 262.4 262.7 263.4
259.5 255.5 257 258.7 257.5 257 259.6 259.6 259.2 258.8 258.7 257.4 255 252.1 250.8 251 256.3 254.7 253.9 255.1 254.9 252.4 251.6 251.8 251 250.7 250 250.4 251.2 251.3 251.4 249 247.1 243.4 241.8 243.2 244.3 244.3 241.4 237.1 236.6 235.7 237 239.4 242.1 242.3 238.8 234.9 229.5 228.6 228.7 235.3 237.6 236.8 232.9 228.5 226 224.9 226.1 227.7 227.1 226.2 226.9 230.8 233.4 236 233.7 236.9 242.2 243.9 246.7 251.4 255 258.1 260.8 263.2 263.1 264.1
258 255.7 254.3 253.9 253.6 254.5 256 256.2 256.1 256 255.5 254.3 251.9 250.4 249.6 253 256.1 254.5 254.5 255.5 254.7 251.7 250.8 250.7 251.2 250.5 249.5 249.2 249.5 250.8 251.4 249.6 247.3 244.4 241.4 242.5 244.6 244.7 241.9 236.9 234.9 234.3 235.5 238.7 240.5 241 237.6 234 229.1 228.2 228.7 235.6 239 238.5 234.8 230.6 227.8 225.5 224 227.4 226.4 225.4 227.1 229.9 231.3 230.3 230.4 238.5 243.2 245.5 247.8 252.6 256.1 259.2 262 264.1 263.3 265
255.3 253.9 252.4 251.3 251 252.7 253 253.1 252.5 252 251.4 250.2 247 245.4 249.3 252.7 255 254.1 254.5 255.1 254 251.1 250.2 250.2 250.4 250 248.8 247.4 248.9 251.1 251.3 250.6 247.7 244.5 241.9 242.8 245.1 245.4 242.6 237.9 235.5 233.9 233.8 237.9 240.6 240.6 238.4 235.3 230.7 228.3 228.7 234.3 237.5 238.6 234.7 230.7 228.4 226 221.1 227.1 225.9 225.4 227.6 230.4 229.4 228.5 234.9 240 244.9 247 249.3 253.7 257.1 260.2 263 264.6 264.9 265.2
251 251.6 250.8 248.2 248.5 250.6 250 249.8 249.3 248.9 246.5 244.7 242.6 244.8 248.6 251.8 253.6 253.1 253.5 254.2 253.6 251.2 250.2 249.7 249.6 248.4 247.7 246.9 248.7 250.7 251.2 250.1 247.7 244 241.2 243 245.4 245.9 244 238.8 236.9 234.2 232.5 237.4 241.5 241.6 240.6 237.7 232.8 227.9 228.3 232.6 236.8 236.4 232.9 229.7 227.6 225.6 221.6 225.7 224.6 224.7 227.7 229.5 226.4 231.3 236.5 241 245.8 248.4 250.6 254.6 258.2 260.9 263.1 265.2 263.9 264.8
244.6 246 247 245.2 246.5 247.3 246.9 246.1 245.8 243.7 242.3 240.9 241.2 244.1 248.2 250.9 252 251.3 252.1 253 252.1 251.1 250.1 249.3 248.9 247.9 247 246.7 248.2 250 250.3 249.8 247.4 243.3 241.1 242.3 245 245.8 244.2 240.7 239.5 237.4 233.8 236.7 241.4 242.3 241.9 239.6 234.9 230.2 227.2 231.9 233.3 232.3 228.9 226.7 225.4 224.2 219.3 220.2 221.9 222.7 223.6 226.1 227.8 232.2 238.1 242.8 247.3 249.9 251.9 255.1 258.8 261.1 263 265.3 266 264.7
241.8 242.7 241.9 240.3 241.4 242.7 242 240.8 242.7 240.1 239.2 239.5 240.7 244.4 248.1 250.4 250.6 250 250.3 250.9 250.8 250.3 249.6 248.8 248.1 247.5 246.7 246.8 247.1 248 248.6 249 247.5 243 240 241.4 243.1 243.3 243 241 241.4 240.2 235.6 235.7 240.1 240.3 241.3 240.3 237.1 232.6 228.4 230.5 233.9 232.9 230.4 225.9 223.9 222.4 218.1 220.6 221.7 225.1 227.2 230.1 230.3 232.8 239 244 248.1 250.5 252.9 255.8 258.6 261 262.8 264.6 265.8 265.8
231.5 240.7 239 238.2 236.8 237.1 235.8 238.5 241.1 238.9 238.4 238.7 240.7 244.6 247.5 249.6 249.6 247 247.4 247.7 249 249.4 249 248.2 247.4 246.9 247 246.5 246.6 246.7 246.4 247.9 247.2 243.2 239.3 239.1 239.9 240.1 240.4 241.1 243 242.4 237.9 234.1 236 238.2 240.1 239.7 236.8 234 229 232 235.1 235.1 233 227.7 222.6 219.8 216.5 223.3 224.5 226 228.1 231 232.2 234.2 239.9 244.6 248.5 251.4 253.8 256.4 258.4 260.7 262.4 264 264.9 264.5
236.3 239.2 240.3 238.3 235.2 233.7 234.1 236.4 239.2 238.8 238.1 239 240.6 244.4 247 248.6 248.6 244.7 242.4 244.2 246.8 248 248 246.8 245.8 245.5 245.4 246.2 246.1 243.2 242.7 246.1 246.2 243.3 238.7 239.1 238.1 237.6 238 241 243.7 243.4 239.4 234 232.6 236.9 239 237.6 234.9 232.5 228 231.6 235.3 235.2 233.8 229.6 223.4 218.3 216.3 223.4 224.7 225.5 228.8 231.7 234.6 236.2 240.4 245 248.8 251.5 254.4 257.1 258.9 260.1 261.6 263.4 264 263.9
233.1 237.1 237.9 238.4 236 233.3 233.7 235.6 238.1 237.8 238.4 239.7 240.4 243.6 246.6 247.6 247 244 241.1 242.9 245.5 246.9 246.9 243.8 242.6 243 244.4 244.3 244.2 241.5 241.1 244.2 245.2 242.3 238 238.5 237.9 236.7 237.2 240.5 243.6 243.5 239.5 235.8 235.9 237.3 237.9 235.1 232.2 229.7 225.5 229.5 232.6 233.2 232.8 229.4 224.1 217.3 215.7 222.8 223.9 225 229.4 233.1 236.5 238.6 241.5 244.8 248.5 251.7 254.4 258.1 260.1 259.4 261.7 261.6 262.7 262.2
228.9 233.9 235 237.9 235.6 232.4 233.3 236 238.4 239.8 238.8 240.2 240.9 243.1 245 245.4 244.8 242.2 239.4 241.6 244 245.4 245.2 241.5 240.9 243.2 243.2 242.7 241.5 240.6 241.5 243.9 243.8 240.6 237.8 237.2 237.1 236.1 234.9 239 242 242.1 238.3 234.9 236.4 237.4 236.4 231.6 226.4 224.6 221.5 225.1 229.4 230.6 230.1 228.2 223.7 216.8 214.7 220.8 222.4 224.9 229.8 233.7 237.4 239.8 242.2 244.9 248.9 251.5 253.4 257.9 261.2 259 261.2 262.1 259.5 256.7
226 230.1 232.7 235.4 235.3 232 232.5 236 239 240.1 238.2 240.6 239.6 241.5 242.2 242.1 240.9 238.8 235.9 239 241.4 242.7 243.4 240.3 240.3 243 242.7 240.3 238.8 238.1 241.1 243.9 243.5 238.9 237.6 239.1 235.9 234.7 233.6 234.7 239.6 239.3 235.6 233.9 236.4 236.4 234.5 229.9 225.1 222.4 219.4 221.2 226 227.7 227.8 225.8 223.1 218 213.5 217.8 221.4 224.3 228.9 233.5 237.8 241 242.9 245.3 248 250.4 253.2 257.8 261.8 261.6 258.8 262.3 256.7 253.8
223.4 226.4 230 233.1 234.4 231.9 230.5 235.3 238.6 240.2 239.8 240 238.9 238.5 238.7 235.6 233.7 229.2 230.2 234.8 237.8 239.4 240.3 239.2 239.8 242.6 242.9 239.5 233.9 236.6 240.8 243.5 242.9 238.7 239.7 241.1 237.1 235.5 236.8 231.7 232.5 230.7 230.5 233.6 235.5 234.1 231.9 227.4 224.5 222.2 218.4 216.3 221 223.6 223.9 222.6 220.5 215.9 214.5 218.5 220.6 224.1 228.1 232.7 237.2 241 243.3 246.1 249.1 252.1 254.8 254.8 259.5 259.6 255.7 258.2 255.8 252.8
220.1 225 227.6 230.6 230 234 229.1 233 236.7 239.6 240.1 239.5 237.1 236.2 235.9 233.7 231.4 228.1 226.7 228.1 230.5 232.5 235.8 236.3 238.6 241.7 242.5 239.4 236.8 237.1 240.9 242.3 241.4 240.2 242.3 243.2 240.4 237.9 236.2 232.2 229.7 228.2 230.7 224.4 233 230.7 226.8 224.2 224.2 223.7 219.2 215.5 213.3 217.3 218.9 217.7 214.5 212.2 218.8 220.6 222.8 226.1 228.1 231.9 235.3 239.8 243.3 246.7 250.8 254 256.4 258 255.9 254.7 254.3 253.4 254.3 252.8
216.5 219.2 224.6 225.7 227 230.7 227.5 229.3 234.5 238.1 238.7 235.6 234.4 234.7 235.1 233.5 232.7 229.5 227.1 225.6 225.9 226.4 228.5 234.2 237.5 239.8 242.1 239.7 236.5 237.8 240.7 241.7 238.3 240.3 243.9 244.4 242.3 239.7 237.5 234.1 232.9 233.4 232.8 229.4 222.1 224 222.2 223.2 224.3 224.5 221.6 220.2 219 213.8 211.3 211.7 210.3 216.1 219.3 222.4 224.8 227.1 229 231.1 233.7 239.4 243.4 247.8 252.1 255.9 257.6 258.4 257.8 255.1 253.8 253.4 250.5 250.3
215.4 217.2 223.5 222.2 215.2 227.3 231.4 227.4 231.7 236.1 237.8 235.6 232.6 232.1 233.1 232.8 233.8 231 227.9 226.2 225 225.3 225.7 229.7 235.2 237.6 240.3 239.3 237.4 238.4 240.1 240.8 237 241 244.8 244.5 242.2 240.7 238.9 235.9 236.1 235.8 234.6 232.2 229.3 226.3 217.2 221 222.7 224.3 223.3 221.8 219.9 215 209.3 209.2 211.6 217.3 221.3 224.3 226.7 228.7 230.7 230.6 231.7 237.3 243.8 248.9 252.8 256.4 258.5 258.6 257.4 255 253.7 253.3 251.3 245.3
212.5 215 216.9 215.2 223.7 226.2 229.2 226.2 230 233.5 235.1 237.3 233.3 228.7 230.3 231.6 232.1 230.8 228.7 227 225.3 224.9 225.4 226.4 232.2 233.9 237.9 238.3 236.4 238.5 239.8 240.8 237 240.2 243.4 243.2 240.4 240 239.5 237.2 237.8 237.3 235.6 233.2 230.6 228.2 223.8 215 219.1 222.6 222.8 222.3 220.1 215.9 208.5 208.3 213.9 219 222.7 225.6 227.8 229.8 232.1 231.2 233.5 238.4 243.6 249.1 252.3 255.6 258.3 258.4 255.8 252.5 252.2 251.2 249.3 242.4
211.4 211.2 212.5 221.4 223.7 223.9 225.6 228.5 228.2 231.6 233.7 236.7 234.2 227.4 227.7 230.3 231 229.5 228.5 228.5 225.6 225 225.8 225.6 227.3 229 233 234.9 236.5 236.4 237.4 238.2 236.6 238.2 240.1 239.7 239.1 238.5 238.7 238.1 237.9 237.3 235.8 233.1 230.5 228 222.6 212.5 217.5 220 221.3 221.1 219.8 216 207.8 208.2 215.5 220 224 226.6 228.2 229.7 231.2 230.6 235.2 239.4 243.8 247.7 249.5 252.1 255.5 255.2 251 249.1 248.7 247.4 244.3 238.7
204.8 213 212.4 220.8 221.9 220.5 224.2 227.8 226.3 229.8 232.5 235.1 234.1 228.5 226.6 228.2 227.1 226.4 226.6 228.4 225.6 224.6 226.2 225.4 224.3 223.9 224.8 229.7 233 232.8 233.1 234.7 234.1 234.8 237.2 237.6 238.1 236 236.1 236.3 236.7 235.9 233.6 231.2 229.3 227.7 221.6 214.6 210.5 216.6 218.9 218.7 218.8 214.7 206.6 209.8 216.5 220.5 223.9 227 227.7 229.2 231 231.9 236.8 240 244.1 245 246.2 247.1 248.9 250 247.9 244.9 244.2 246.9 238.8 234
207.5 209.4 211.9 215.6 219.8 217.8 221.8 223.8 224.6 228 231.1 232.8 232.6 227.5 224.9 226.7 224 222.7 224.6 227 225.3 224.8 226.2 224.8 223.3 223.2 222.9 226.4 227.1 226.7 226.5 229.7 231.5 232.7 235 235.8 236.9 235.4 233.4 233.8 234.1 233.3 231.2 229.2 227.8 226.4 221.4 215.7 210.2 212.4 214.7 214.5 213.6 211.4 204.8 211.7 216.3 221.5 223.9 225.6 226.2 228.2 229.8 233.3 237.5 240.8 242.6 243.3 244.2 245.3 247 248.2 246.3 243.2 241 241.9 240.2 231.4
205.9 209.1 211.2 213.1 219.2 216.7 220 221.2 225.1 226.4 229.9 231.7 230.8 226.8 225.7 222.9 221.4 220.5 222.2 225.5 224.1 223.4 225 223.8 223.3 223.3 223.6 224.6 221.3 219.9 219.1 223.2 226.9 230.5 232.7 233.6 234.9 233.9 232.3 231.2 231.4 230.9 229.2 227.3 225.7 224.5 221.4 217.6 212.3 207.2 205.1 206.2 206.4 204.7 209.4 213.1 216.7 221.9 223.3 224.5 224.3 227.3 229.8 233.8 237.8 240.3 241.4 242 242.9 244.1 245.7 246.1 245.2 242.5 239.5 238.1 236.1 230.6
204.1 206.9 208.5 209.3 218.2 216.6 217.9 222 223.7 224.4 228.7 231.9 230.1 225.6 226.1 221.9 220 220.9 218.1 220.7 221 220.8 223.5 223 224.4 223.5 224.4 223 219.7 218.6 218.4 218.5 223.4 227.6 229.4 230.4 231.7 231.3 229 227.9 227.9 228.1 227.5 226.1 224 222.3 221.1 218.1 213.6 208.3 204 203.7 204 206.8 210.9 214.8 218 221.3 223 223.8 224.2 226.9 229.4 233.9 236.9 238.4 239.4 240.3 242 242.8 243.2 243.2 242.8 240.8 238 236.1 231.5 224.2
201.9 204.5 209.4 209.5 214.7 218.1 220.2 220.7 220.4 222.6 227.4 230.5 229.9 225.5 225.5 221.2 218.2 221 217.5 215.6 214.4 218.4 221.6 222 225.2 224 224.5 222.9 219.8 218.2 218.4 218.8 218.7 222 223.7 224.2 226.7 226 224.1 222.6 222.7 224.3 225.1 224.7 223 221.3 220.7 218.5 215.5 211.5 205.5 202.2 203 207.8 212.4 215.8 218 219.5 221.7 223.2 224.2 226.1 228 232.2 234.6 235.2 236.8 238.1 237.1 241 241 240.5 240.2 238.4 236 233.6 228.2 214
199.4 202.1 208.8 209.4 214.6 217 218.1 217.1 218.1 222.7 221.9 228.1 226.2 224.3 224 219.4 216.6 219.7 218 214.5 212.8 215.3 218.7 219.6 223.8 223.2 223.8 222.3 219.8 218 218.4 220.5 219.8 218.2 218.3 221.2 222 218.6 216.5 214.6 215.2 218.7 222.9 222.8 221.5 220.4 220.3 219.5 216.1 212.1 204.3 201 206.3 210 213.6 217.5 218.4 218.4 221.3 223.7 224 226.3 228 230.3 232.3 232.6 232.8 234.8 236.8 237.7 238 237 237.4 235.5 232.3 229.2 215.3 212.6
198.1 201.8 204.3 209 213.7 215.8 213.2 215.3 217.9 222.1 219.7 224.8 224.2 222.2 222.2 218.2 213.9 217.6 217.5 215.1 212.8 211.9 215.3 215.5 219.4 220.4 222.3 221.5 219.7 218.2 219.3 221.7 220.4 218.6 220 222.3 220.8 215.4 213 212.1 212.3 216.1 218.3 219.1 218.8 217.7 218.9 218.7 216 211.9 200.9 201.1 208.5 212.8 216 219.1 218.9 218 221 224.4 224.9 226.2 228 229.9 230.6 230.6 230.3 231.4 233.3 234.1 233.9 234 234.1 232.1 224.7 214.9 210.7 216.1
194.4 195.9 201.3 203.1 206.9 213 214.2 217.3 217.6 222.8 223.8 217.7 222.4 219.9 220.2 216.9 212.6 214.8 214.7 213.3 212.6 206.7 211.6 212.8 215.7 216.5 218.9 220.4 218.7 216.4 218.9 221.4 221.5 220.5 221.6 223 221.1 215.7 213.3 212.4 211.5 211.1 212.5 212.9 212.9 214.3 216.2 217.4 215.1 211 199.1 203.2 210.9 214.4 216.7 219.2 219.4 220.8 222.3 225 226.7 227.4 228.6 229.6 230.3 230.1 230.4 230.6 231.1 231.4 231 231.4 231.1 226 215.6 209.9 213.9 221.7
197.7 201.7 205.3 208.6 210.8 214.7 214.7 218.4 219.9 220.1 223 223.4 215.6 218.9 218.4 214.8 212.2 209.1 208.8 209.5 209.8 206.5 208.9 210.9 212.9 213.1 215.4 217.5 217.2 215.8 218.5 220 220.5 220.4 221.2 222 220.5 217.1 215.5 215.2 213.7 208.5 205.9 204.8 206.6 208.3 212.2 214.1 208.4 201.5 199.1 206.2 212.7 216.5 219 219.8 222.1 223.6 223.8 226.4 227.3 228.5 228.9 229.6 229.6 230.2 230.5 230 229.1 228.5 229.2 230.1 229 220.9 209.1 210 217.8 223.9
198.1 201.6 206 209.6 211.4 215.3 219.2 212.2 217.9 220.5 221.6 222.3 218.1 216 213.6 212.3 211.4 210.9 205.9 205.3 206.5 205.7 205.4 209 211 210.5 212.1 214.6 214.4 214.5 216.4 218.2 218.6 218.8 218.9 220 219.3 218.4 217.4 217 215.6 213 209.1 207 203.2 201.3 206.8 199.7 197.5 197.4 202.1 209.3 214.6 218.6 221.7 223.4 225.1 226.3 227.5 227.6 228.2 229.2 229.6 229.2 228.8 229.8 231.1 231.6 227.6 226.5 227.4 228.4 225.9 219.8 207.3 213.8 219.7 225.9
