ny/ny60_OST50GRID_20230518/NY60.asc
ncols 200
nrows 200
xllcorner 360000
yllcorner 500000
cellsize 50
[rows 105 to 139 of 200, columns 0 to 77 of 200]
226.2 228.6 230.5 236.1 239.2 241.5 242.7 242.3 242.5 241.3 240.1 235.4 231.8 226.8 224.3 219.1 214.4 210.6 208.7 204.1 197.1 191.2 184.2 171.7 174 173.6 179.4 183.5 178.6 179.8 180.9 182 183 185.8 189.3 191.2 198.1 201.5 203.8 206.3 206 205.3 203.7 200.9 199.9 202.1 205.6 206.4 197.4 197.6 198.6 205.3 209.8 207.8 215 219.3 223.4 227.8 232 230.6 238.2 239.7 242.3 245.8 248.1 249.3 249.6 250.1 250.2 249.8 248.9 247.8 246.9 247.2 244.2 237.9 219.2 213.2
230.3 234.3 237.6 241.6 245.8 247.3 250.4 249.3 249.1 249 246.5 242.1 236.3 230.8 225.8 221.5 216.9 213.3 210.6 206.3 200.3 185.3 179.2 171.6 173.7 173.7 185.5 185.2 182 176.7 177.3 180.7 185.4 188.3 192.1 195.5 198.8 202.1 205.2 207.5 208.3 207.7 205 205 205.4 206.3 209.1 208.1 198.6 199.3 201.6 210.1 213.9 213 217 222.8 226.9 231.8 236.4 238.9 242.2 244.5 246.9 248.6 246.2 251.2 251.7 252.1 252.1 251.3 250.5 249.2 248.2 248.5 244.8 231 209.8 216.3
237.1 240 243.4 246.9 250.8 251.9 254.1 252.5 254.5 254.5 250.7 245.7 238.9 233.4 228.9 225 218.3 216.4 213.4 208.4 199.4 189.4 182.5 172 173.6 173.7 186.6 184.7 173.3 175.5 178.9 182.6 189.7 192.7 195.2 196.3 199.4 205.3 206.6 208.5 209.8 211.2 210.6 210.4 210.9 209.6 210.7 210.6 199.5 200.7 206.6 209.1 218.4 220.8 221 225.8 230.9 236.4 241.2 244.1 246.2 248.1 249.9 250.9 252.2 253.1 253.7 254.1 253.9 252.9 253.2 252.8 250 248 243.5 222.8 215.2 224.3
242.7 245.9 249.3 252.4 255.5 255.4 255.6 255.8 257.6 255.5 252.3 246.9 241.1 236.7 231.4 225.6 220.2 217.5 214.8 211.6 206.6 197.5 186.1 175.6 173.1 177.9 186.6 178.2 173.6 176.9 181.3 189.1 193.5 197.5 199.4 197.8 202.8 205.9 206.6 210.7 212.5 214.2 215.8 215.7 216.5 214.8 215.4 212.8 202.4 204.5 212.2 211.9 220.7 224.7 227.9 229.7 235.7 239.9 245 247.5 249 250.6 252.2 251.2 254.9 255.1 255.5 256.2 255.3 254.9 255.8 255.4 252 248 242 221.1 215.9 232.8
248.9 252 255 257.2 259.1 259.9 259.4 258.8 256.8 254.1 251.1 248.1 243.8 238.4 230.1 227.2 224.8 221.5 218.6 214.4 208.3 200.2 192.7 181.5 173.4 177.1 186.5 173.3 173.3 179.1 185.4 192.7 195.8 201 202.8 203.6 205.8 206.7 209 211.8 215.4 218.7 220.2 221.6 221.2 218.2 219.4 213.9 204.8 212.9 218.6 222.8 225.7 224.5 232.4 236.4 232.8 244.1 247.9 249.7 251.1 252.6 254 254.6 256.8 257.1 257.8 258.1 257.4 256.1 256.6 256.4 251.8 245.8 236.5 216.2 227 236.1
254.1 256.9 259.6 262.6 263 261.4 260.6 259.1 253.7 250.7 246.9 245.9 244.9 238 235.8 234.2 230.2 226.7 222 216.5 213.8 206.2 196.5 183.6 174.6 170.7 178.5 172.9 173.4 178.6 185.3 192.1 197.6 202 204.7 206.6 209 209.9 210.5 213.6 218.5 221.9 224.8 227 224.7 220.3 220.1 210.1 211.2 217.9 222.4 227.7 230.5 232.4 236.4 240.7 244 239.3 249.6 251.2 252.6 254.4 256.5 257.3 258.6 259.1 260.2 260.4 259.2 257.4 257.4 255.9 250.4 243.6 229.6 219 232.1 240.7
258.4 261.3 264.8 266.6 265.7 261.3 258.7 256 252.6 250.5 246 243.9 243.2 242.1 240.4 237.6 233.7 229.1 221.4 218.5 218.6 210.2 207.1 195.1 184.2 173.8 172.8 172.7 173.1 176.8 185 191.4 197.3 201.6 203.8 208.1 210.7 214 216.1 221.6 225.3 228.8 229.8 231.1 227 220.9 216.7 206.9 218.3 223.1 226.3 232.6 235.6 238.6 239.6 244.6 248 250.1 250.9 253.1 254.5 257 257 259.6 260.8 261.4 262.2 261.8 260.3 260.9 259.4 255.6 249.2 240.5 221.5 222.2 236.9 244.1
262.7 264.7 267.5 268.3 265.2 260.8 256.1 253.4 251.5 252.7 248.1 242.5 242.1 242.9 242.9 240.1 235 231.6 223.7 222.6 222.3 218.6 213.7 203.6 185.7 184.4 170.7 173 172.6 179.8 187.5 192.1 196.8 200.6 203.6 207.3 211.5 216.1 221.5 228.6 230.1 232.7 233.7 234 230.5 222.2 218.2 214.1 217.9 224.1 232.8 236.1 240.9 243.2 246 248.3 251.6 253.2 254.6 254.3 257.3 259.5 260.7 261.4 262.5 263.6 264 263.3 262.2 263.4 260.6 255.5 249.1 238.9 219.6 229.8 240.4 246.3
266.6 268.3 270 268 265 260.5 253.4 250.7 251.8 251.5 246.8 242.4 240.1 240.4 240.8 239.9 232.4 228.9 224 223.8 224.8 222.5 215.5 200.9 188.4 177.3 172.3 172.4 171.9 187.1 188.9 191.8 198.8 201.5 202.7 206.2 210.2 219.1 226 231.6 233.4 235.1 236.7 236.3 230.7 222.7 211 219.4 226.8 232.6 233.1 241 244.9 248 250.3 252.4 254.6 256.3 257.7 256 259.8 261.6 262.6 264 265.2 266 266 264.6 263.6 264.3 260.3 254.9 247.1 238 222.7 232.3 242.3 248.1
269.7 271.4 272.3 270.2 266.3 261.9 252.4 247.5 249.9 249.1 245.8 242.9 238.6 239.5 237.5 236.7 230.4 226.3 227 224.9 227.5 224.1 210.4 195.4 188.5 175.2 172.2 172 184.2 183.1 187.8 191.7 198.4 202.4 204.4 207.3 218.6 222.9 229.2 232.2 233.5 236.6 239.5 236.3 230.6 219.5 218.6 222.9 231.9 237.6 241.8 244 248.9 251.5 253.4 254.8 257.5 259.1 260.6 258.5 262.5 263.9 266 267.4 268 268.7 268.7 266.2 265.2 265.6 261.1 255.6 244.9 229.1 224.6 234.7 244.4 250.6
272.4 273.6 273.8 270.4 266 259.3 251.6 247.2 245 244.8 240.8 238.1 237.2 238.9 237 236.2 229.7 225.8 226.6 225.7 227.5 218.3 205.1 187.9 185 175.7 172.3 170.8 181.5 182.7 188.5 194.4 199.3 204 206.2 217.1 224.6 229.6 233.6 236.8 238.7 240 239.1 233.7 227.9 219.4 225.8 229.9 234.7 241.3 245.9 249.5 252.5 255.1 256.9 258.2 260.7 262.1 262.9 262.3 264.4 266.9 269.1 270.3 271.4 271.6 270.8 267.5 267.7 266.2 262.3 256.9 251.3 235.1 227.6 239.9 246.9 252.2
275.3 275.1 274.1 270.3 264.6 255.7 246.2 241.4 240.1 237.9 235 233.6 234 233.4 229.4 227.2 225.2 223.8 223.1 222.5 220.6 210.2 198.2 188 182.5 180.3 172.3 170 180.4 181.3 188 194.1 199.6 209.1 218.2 224.5 231.3 234.2 239.9 244.4 244.6 241.5 236.3 230.6 216.4 229 232.1 237.5 241.1 245.7 249.2 252.9 255.9 258.4 260.2 261.9 263.8 264.6 265.5 267.6 269.3 270.8 272.9 273.9 274.6 274.6 272.8 269.2 270.6 268.4 263.3 257.2 247.8 228.5 231.8 244 249.9 256
276.1 275.2 274.3 270.2 263.2 252.2 242.1 237.4 230.6 232 230.4 228.7 226.3 224.2 222.4 220.7 219.7 219 218.4 216.8 212.9 201.7 192.7 187.1 178.9 179.5 172.5 169.5 180.1 181.8 183.6 194.9 200.2 216.3 224.2 230.5 235.1 240.9 246.3 250.1 248.9 242.8 233.3 227 225 233.1 238.1 241.8 246.1 249.9 252.9 255.9 259.2 261.2 263.6 265.4 266.5 267.3 270.3 270.8 272.1 275.2 276.4 276.9 277.4 276.7 274.5 271.3 272.1 269.3 264.4 258.1 248.2 227.8 237.9 247.3 253.1 259.2
278.1 275.9 274.5 268.4 259 248.5 239.9 233.8 229.7 226.9 224.7 223.5 218.5 219 216.9 215.3 214.9 212.8 212 210 201.8 193.4 186.6 179.9 176.4 176.9 171.8 174.8 179.8 177.4 183 191.7 205.6 219.5 227.9 233.8 240.7 248 252.4 253.5 250 244.3 233.8 226.4 228.1 237.2 242.2 245.7 250.1 253.8 256.8 259.7 261.8 265 267.1 268.9 269.8 272.1 273.8 274.3 277.1 279 280 280.3 280.5 279.2 276.4 273.3 273.4 270.3 264.6 258.4 246.1 229.9 236.2 247.5 255.2 260.9
278.6 276.4 272 263.5 256.5 249.8 236.6 230.4 225.5 223 218 218.2 215.5 212.3 210.9 209.9 210.7 209.5 206.7 200.7 197 190.7 186.7 175.3 174.7 172.9 171.8 179 179.5 181.3 188.9 195.9 209.8 220.4 230.3 241.5 250 255.6 257.7 255.8 251.4 244.5 236.6 226 231.8 238.9 244.8 248.9 253.4 257.2 260.2 263.1 265.8 268.4 270.3 272.1 273.6 275.8 278.1 279.4 280.3 282.9 283.6 283.8 283.4 281.2 278.4 276.7 273.4 269.6 264.5 258 248.7 232.6 241 250.9 257.3 263
280.7 277.4 266.9 259.8 252.3 246.4 234.4 223.4 216.9 213 215.6 214.6 210.9 208 203.6 204.1 204.9 203.2 202.3 196.5 193.6 189.7 185.4 175.2 174.3 173.5 171.1 179 179 184.5 192.1 201.2 214.8 227.3 240.5 248.7 254.6 258.6 260.4 258 249.6 244.9 234.3 226.4 231.4 239.1 245.9 251.5 257 261.1 263.8 266.7 269.1 271.4 273.6 275.3 277.4 279.7 281.6 283.7 284.4 286.7 287.4 287.2 286.1 283.7 281.5 279.2 274.3 270 263.8 257.6 250.9 235.9 234.2 250.7 258 264
280.6 275.7 267.7 256.4 251.9 246.2 238.1 230.5 222.2 212.3 209.3 206.8 206.3 205.6 201.7 199 199.2 199.4 198.6 196.5 193.2 186.9 184.9 174.8 173.6 172.5 169.8 179.2 181.2 184.6 194 204.4 219.2 238.9 247.9 254.8 259.6 261.4 262.5 258.7 252.9 245.4 233 235 240.1 244.4 251.4 255.3 259.7 263.7 267.2 269.9 272.5 274.6 276.6 278.9 281.2 283.2 285.3 288.2 289.5 290.1 291 290.3 288.9 286.5 284.2 280.5 275.3 268.7 262 250.1 242.8 241.5 232.2 251.4 258.6 264.4
280.5 272.3 271.6 267.3 262.3 252.5 244 232.2 220.7 212.2 205.8 203.2 201.3 201.1 199.8 195.4 194.6 195.3 195.6 193.4 191.1 185.3 183.5 174.9 173.1 171.7 169.7 178.8 182.6 185.3 194 207.5 228.3 249.1 254.2 259.5 262.5 264.2 263.5 258.8 253 246.1 238 241.7 247.1 248.7 254.2 258.6 262 266.5 270.4 273.2 275.9 278.7 281.1 283.2 286.4 288.2 290 292.2 293.5 293.9 294.6 293.7 292.2 289.7 285.8 281.2 274.4 265.4 258.5 258.2 253.1 246.8 234.7 250.6 259.4 265.2
280.5 277.6 275.7 270.6 264.8 259.6 245.4 234.2 223.5 211.2 204.2 202 197.9 199.2 190.5 189 191.8 191.1 189.3 186.9 185.4 183.8 182 174.9 171.7 169.6 177.7 184 188.8 190.4 201.2 220 243.5 252.6 257.5 262.2 265.7 265.9 264.6 259.6 253.8 246.1 244.2 248.7 253.3 255.1 257.4 261.2 265.7 269.5 273.6 276.9 279.8 282 284.9 288.1 291.2 292.9 294.5 296.4 297.9 297.6 298.2 296.9 294.8 290 287.4 280.7 271.5 270 270.5 266.6 261.4 255.2 239.4 244.6 259 266.8
281.4 278.1 275.8 269.8 267 260.4 245.4 233.9 222.2 211.3 204.1 200.8 202.8 200.1 194.8 184.9 186.1 186.8 183.4 181.6 177.4 177 176.9 174.7 168.7 176.4 177 186.5 189.6 195.3 209.6 232 245.4 256.7 263.4 267.4 269.8 267.8 265.6 261.5 254.6 246.1 234.7 245.7 255.8 258.4 257.4 265.3 268 272.7 277.3 281.6 284.5 286.8 290.2 293.2 296.2 298.3 299.7 301.1 301.9 301.5 301.6 300.3 297 292.6 289.5 284.1 280.2 278.8 275.9 271.4 266.7 259.2 242.9 244.7 258.1 267.3
283.8 279.6 275.5 273.1 270.8 262.1 244.7 233.7 226 214.9 205.7 202.8 205.2 201.7 196.1 188 180.4 183.2 181.6 179.3 178.2 182.6 181.4 171 173.8 176.7 176.7 186.9 190.6 197.2 215.7 235.3 253.4 263.4 270 273.5 273.8 272.2 269.7 264.5 258.6 251.9 242.6 242.9 256.3 261.3 264.5 266.1 271.7 275.6 280.4 285.8 289 290.9 293.9 298.6 302 303.3 304.2 305.4 305.6 304.5 304.7 302.6 299.3 296.4 292 286.1 284.9 283.7 280.3 275.5 270.5 261.9 242.2 240.9 257.9 267.9
292.6 286.5 281.6 278 271.2 260.6 247.2 237.6 227.3 217.5 210.8 204.5 204.5 200.6 196.1 188.1 181.5 180.5 180 178.7 178.6 182.1 180.9 169.4 176.2 176.2 179.2 189.4 196.2 211.4 230.4 247.8 260 267.6 274.7 278.6 278.7 277.4 273.7 268.1 261.5 255.2 244.7 249.6 256.5 262.9 267.6 270.6 270.3 278.6 283 289.5 293.1 294.4 298.2 303.2 307 307.9 308.8 309.1 309 308.1 307.4 305.6 302.9 300 295.2 288.2 289 288.5 284.5 279.7 273.4 265.9 247.6 239.6 257.7 268.5
296.6 291.9 285.1 279.1 271.4 262.7 250.1 237.6 226.9 219.8 210 202.5 200.5 197.9 194.7 186.5 183.1 179.6 177.7 177.5 180.7 181.6 179.4 170.5 176.1 175.9 183.9 188.4 201.5 224.1 240.4 255.5 266.4 273.9 279.4 282.1 282.5 282 278.9 273 264.3 257.5 248.9 247.5 257.8 263.9 269.8 274.9 280 281.6 286.1 292.9 296.4 298.8 303.6 307.5 310.7 311.5 311.8 312.3 312.3 311.7 310.6 308.8 306.9 303.9 297.7 291.7 292.9 292.6 288.7 283.6 276 266.8 244.4 240.7 257.6 268.5
301.9 293.8 288.2 281.5 273 261 247.3 237 227.4 220.1 206.4 200.1 196.2 194.4 194.2 192.6 187.4 180 177.8 176.3 177.5 181.2 176.5 170.5 175.6 175.5 184.8 191.3 210 231.6 248.9 262.9 271.5 279.1 282.9 285.6 287.3 287.3 284.1 276.9 267 259.5 249.1 250.4 258.3 264.8 270.4 276.4 283.8 287.9 288.3 295.7 299.4 302.6 307.1 310.5 313.7 314.9 315.5 316.1 315.9 316.2 315.8 313.7 311.5 308.4 300.9 297.8 297.2 295.6 291.7 285.8 277.5 266.2 242.7 243.8 259.4 268.3
303.8 294.9 288.8 281.8 273 260.4 249.9 239.3 228.9 218.6 208.8 200.6 194.2 191.6 193.1 192.2 186.9 181.4 178.5 177.1 176 181 168.7 169.3 176 175.4 184.6 195.3 217.6 240 255 267.9 277.7 284.2 288.1 290.3 291.8 291.6 288.8 281.6 273.9 265.1 253.8 247.9 262.7 266.8 272.1 279.4 285.5 291.2 289.3 297.2 298.5 304.5 309.5 312.4 315.8 317.8 319.3 320.5 321.1 321.5 320.9 318 315.3 312.3 304.9 302.5 300.2 297.3 292.2 285.4 277.6 264 243.9 245.8 260.2 267.4
304.3 298.6 292.1 283.4 272.6 260.7 248.3 239.6 231 220.8 206.6 197.3 192.1 187.2 186.2 186.3 184.1 180.6 178.9 177.5 176.3 179.9 174.6 168.9 179.7 175.3 185.3 201.6 226.2 249.1 263 274.3 281.7 288.4 292.9 294.7 296.3 296.2 292.6 286.4 279.5 269.5 259.8 249.3 262.9 270.1 274.8 282.6 287.8 292.1 297.1 295 303.5 306.3 310.2 313.9 317.8 320.4 323.7 325.6 326.1 326.2 324.7 322 319.2 316.3 309.5 306.4 302.5 297.8 291 284.2 274.2 249.3 245 250.2 260.2 267.5
306.4 303.3 292.2 281.7 271 258.2 250.2 240.1 232.3 220.6 200.9 194.3 186 181.3 182.7 182.8 182.3 179.9 179 177.4 175.9 175.6 178.9 169.3 178.6 175.3 186.7 206.5 231.7 255.3 264.6 278 284.2 291.6 295.9 298.6 299.9 299 294.9 289.9 281.4 275 264.7 250.1 263.9 271.6 279.1 286.5 291.2 297 300.9 303.3 306.8 310.2 313.1 316.1 320 323 328.2 330.2 330.5 330.5 328.3 325.4 322.7 320 314.1 309.6 302.9 295.4 288.2 277.9 259 246.9 252.7 258.3 258.9 266.1
307 301.3 289.5 278.1 267.1 256.6 251.3 245 233.5 210.6 196.6 187.2 188.4 186 180.3 174.2 175.3 175.1 177 175.9 175.3 174.4 178.2 168.5 176.5 177.1 190.3 210.3 235.3 255.3 265.4 278.5 286.1 293.6 298.6 301.8 303 301.5 296.8 290.7 282.7 275.9 264.5 253.1 266.1 275.1 283.9 291.3 296.9 301.8 305.8 308.6 310.8 312.8 314.9 318.1 321.9 326.3 332 333.8 333.3 333.2 331.4 328.6 325.9 322.2 317.1 311.9 303.2 294.5 284.7 270.2 251.7 249.8 260 264.3 266.2 266.3
300.7 293.8 283 270.4 259.8 251.1 243.4 234.5 219.7 199.3 187.9 193 201.4 201.9 190.3 182.3 177.9 174.9 173.5 173.7 173.5 172.9 178.3 168.8 176.3 178.5 193 212.2 235.2 254.3 265.8 276 286.6 294.3 300.4 304.2 304.9 302.9 299.1 290.8 281.8 275.2 260.5 253.5 268.5 275.9 284.2 293 300.3 306 310.4 313.7 316.3 317.1 313.4 321.3 324.6 328.9 334.2 336.8 336.5 336.4 334.4 331.6 329.2 324.7 318.9 312.5 303 290.6 278.5 263.1 251.4 252.2 263.9 268.5 269.1 271
287.4 278.3 267.8 257.5 250.4 242.8 237 219.1 205.4 191.9 194.1 205.3 210.2 210.5 202.7 193.8 187.4 178.1 173 172.3 171.9 171.4 177.5 167.4 176.4 179.6 194.7 217.9 238.5 254.3 266 277.9 288.1 296.3 302.5 306.5 306.8 305.1 301.8 291.9 280.7 272.5 256.4 264.5 270.1 279.1 290.2 300.1 305.9 313.4 317.6 318.9 321.6 322.3 320.5 323.4 326.8 330.6 334.7 337.9 338.8 339.4 337.3 334.3 330.6 326 318.6 310.8 299.2 284.1 271.9 254.6 253.3 261.5 266.1 269.9 270.6 272.6
272.3 263.7 255.3 248.3 240.1 235.1 223.5 207 194.1 198.2 206.9 213.7 218.4 218.4 211.3 200.9 193 188.5 182.9 171.1 170.8 170.5 173.8 167 176.5 181.7 195.9 222.8 241.2 256.2 269.1 280.2 291.5 300.3 305.7 308.6 308.5 308 304.1 294.4 282.1 272.3 260 273.6 276.6 286.3 299 306.5 311.4 319.9 324.3 325.5 327.3 326.4 323.8 325.3 328.5 332.2 334.7 338.3 341.3 342.6 340 336.2 331.8 325.4 315.9 305.7 293.2 279.7 269.9 256.7 253.8 268.6 273.2 275.7 272.5 274.1
259.2 251.2 243.7 235.5 230.5 222.8 207.8 196.7 199 209.3 215.5 222.4 226.3 226.6 219.5 208.8 199.4 194.2 187.7 179.9 170.7 170.1 170.1 170.5 175.8 182.6 198 223.5 242.8 255.4 270 283.3 294.3 304.1 308.7 311.5 312.4 311.3 306.1 297.1 285 274.3 267.2 278 282.2 291.7 303.8 308.7 317.5 323.7 328.7 330.3 331.2 327.3 324.6 326.9 329.8 333.1 335.5 338 341.2 343.5 340.9 336.7 331 323.2 311.8 298.7 289.3 277.7 271.9 260.3 264.9 271.7 278.3 280.8 274.9 275.4
248.9 240.2 234.6 228.1 222.5 205.6 197.7 200.1 208.4 217.7 224.1 231.2 234.3 232.2 225.5 217.5 208.4 197.7 191.6 184.2 170.3 169.7 169.6 176.3 175.2 179.5 193.9 218.9 238.4 253.4 270.4 285.7 296.4 305.9 312 314.3 315 313.7 308.6 298.9 289.7 278.7 263 280 286.4 295.5 304.1 313 319.4 325.7 331.7 333.5 332.6 327.2 325.5 327.4 329.9 333.5 337.5 340.5 340.4 341 339.2 334.8 328.2 319.7 308.1 296.7 285.8 277.9 272.2 256.7 267.5 277.2 283.2 284.3 278.1 281.6
240.7 234.9 230 225 218.5 203.6 202.2 206.2 219.2 226.1 232.9 239.9 243 241.1 236.8 226.2 216.9 206.1 198.7 192.7 180.7 168.6 166.5 175.8 175 177.3 188.3 208.6 232.2 253.7 272.6 284.8 296.5 308.3 314.2 315.5 315.1 313.6 307.7 299.9 292.3 282.7 268.6 278 289.8 296.4 305.3 313.1 319.2 326 332.7 331.9 328.2 326.1 326 328 330.7 334.2 338.6 340.7 340.6 340.2 338.5 334.7 326.6 317.1 305.9 292 284 279.6 273.8 260.1 271.6 281.8 287.3 287.4 283 285.9
235.1 226.3 217.8 205.8 208.6 201.3 214 219.6 228 236 242.1 247.5 250.8 252.9 246.5 236.1 225.8 215.4 208.7 197.9 186.3 169.9 170.3 175.8 174.7 174.7 181.7 201.7 225.6 245.9 267.7 283.9 296.4 307.1 314.7 313.4 313.6 311.9 306.4 299.5 294.7 286.2 266.3 281.7 292.5 297.8 304.1 311.5 318.5 324.6 330 330.4 326.7 329 330.8 329.6 333.4 335.2 338.7 340.5 340.3 340.4 338.9 334.3 326.5 316.5 306.5 293.3 279.6 279.6 276.6 262.9 275.2 283.8 289.1 289 287.6 289.2
