ny/ny60_OST50GRID_20230518/NY60.asc
ncols 200
nrows 200
xllcorner 360000
yllcorner 500000
cellsize 50
[rows 105 to 139 of 200, columns 78 to 155 of 200]
222.8 231.7 237.1 239.8 241.9 243 241.9 237.4 221.8 206.7 207.2 218.3 228 233.4 235.7 238.4 239.8 242.2 244.5 246.2 247 247.4 247.9 247.9 232.2 248 247.7 244.4 230.2 243.5 243.7 243.8 241.1 239.9 238.4 236.1 232 230.9 228.6 224.2 215.1 216.2 215.8 212 224 226.9 229.7 231 230 231.6 233.4 229.7 221.7 218.2 224.4 227.5 228.5 229.8 232.4 232.9 230.7 221.6 229 231.8 233.7 233.5 232.1 225.9 225.1 229.7 236.9 240.8 243.1 242.2 239.4 235.1 229.2 228.3
229.6 236.4 239.9 242.3 244.5 245 243.2 237.8 222.2 207.9 210.2 223.1 230.3 235.6 238.6 241 242.8 245.7 247.7 248.3 248.7 249.2 249.3 248.9 240.1 249.1 248.9 245.1 232.3 246.7 248.1 247 244.1 243.7 242.3 240.9 237.2 235.2 231.7 218.4 224.5 225.6 219.5 213.4 227.7 232.3 235 236.1 234.9 236.3 236.9 234 222.1 226.8 229.7 231.7 232.8 235.4 237.5 237.1 231.2 232.4 236.3 238.8 238.4 236.4 233.2 226.7 233.9 239.6 242.1 245 247.1 244.9 242.5 237.8 230.5 229.3
230.8 239.9 242.2 244.5 246.3 246.5 244.2 238.8 222.9 208.4 213.6 226.6 232.4 237.6 241.7 243.7 245.5 248.2 249.1 249.8 250.4 250.8 251.5 250 250.5 250.6 247.1 242.3 242.3 247.3 249.4 248.2 246.1 246.8 246.1 243.3 240.2 237.5 232.7 225.6 231.9 232.4 227.3 219.3 232.1 236.8 239.1 239.9 240.1 241.9 241.3 236.4 226.2 233.5 235 237.5 238.1 240.1 241.1 239.4 240.3 241.9 241.7 244.4 243.7 239.7 232.8 233.2 242 244.8 246.9 248.9 250.4 249.1 245.6 239.6 231.4 229.8
239.3 240.6 244.4 246.3 247.5 246.9 244.4 238.8 221.5 210.1 215.7 228.3 234.2 239.5 243.4 245.7 247.9 249.5 250.3 251.8 252.2 252.6 252.6 249.9 252 252.3 248.6 251.3 250.5 248.8 251 250.1 248.9 248.5 247.8 244.4 240.5 233.5 225.2 236.5 240.9 240.1 226.5 229.5 237.5 242.2 242.9 244.2 245.4 246.4 244.1 238 228.8 237.3 239.6 242.5 244.5 245 244.9 237.3 244.7 246 247.1 249.4 248.1 242 233 240.6 248.1 248.9 250 252.8 253.2 251.2 248.4 244.6 230.6 231.4
242.6 242.7 245.7 247.5 248.6 247.7 244.4 238.7 217.6 209.2 219.5 230 236.9 240.8 244.1 248 250.3 251.2 251.8 253.7 254.4 254.3 252.9 251.2 253.5 253.9 253.7 253.9 253.9 253.8 253.5 253.1 251.4 250.4 249 245.6 241 228.3 236.4 243.3 246.9 245.9 237.6 226.1 239.3 246.3 248.3 249.5 249.1 249.4 246.5 239 237.1 240.7 244.1 246.5 248 249.3 248.5 243.9 248.3 250.1 251.7 253.8 252.2 244.9 234.8 247.3 251.6 252.4 254.2 255.2 253.7 251.4 249.2 246.9 230.4 232.7
245.2 245 246 248.3 249.7 249.2 246 236.3 217.3 208.7 219.4 233.4 239.2 241.6 245.8 250.3 251.9 252.8 253.9 256 255.9 254.9 253.8 253.3 254.7 255.7 255.1 256 256.6 254.7 256.3 255.3 253.6 252.4 250.4 246.7 233.9 233.2 240.2 247.2 249.6 246.9 239.9 230.9 245.8 250.5 252.2 252.3 252.1 251.5 249 242.3 242.4 246.8 248.9 250.8 252.2 252.1 248.7 247 252.6 254.4 256.5 257.7 256 249.7 243 249.8 253.9 256.1 256.8 256.4 254.1 252 250 243.3 233.6 232.8
248.1 248.5 250.2 250.8 252.3 251.1 247 235.1 213.7 213.1 226.3 235 240.3 242.7 248.7 252.1 254.2 254.4 255.6 257.1 256.9 255.8 255.9 257.2 257.9 257.6 257.2 257.7 256.9 257.1 259.2 258.6 255.9 254.4 251.9 246.4 234.6 242.1 245.7 250 250.5 246.1 238.3 240.5 246 251.1 252.9 253 254 253.6 250.7 241.5 246.5 250.2 252.6 254.6 255.3 253.1 250.4 253.9 256.1 258.2 260 261 260 254.5 246.1 251.7 256.1 258.2 258.9 257.6 255.4 253.3 250 245.9 233.7 234
250.7 252.6 254.1 254.4 254.7 253 248 230.7 213.1 213.6 228.5 237.2 241 244.4 250 253.4 255.6 256.2 257.4 258.6 257.4 257.5 258.1 259.7 260.4 259.2 258.8 259 258.1 258.8 261.2 262.2 258.9 256.2 252.8 234.1 243.8 247 248.5 252.1 251 247.3 230 243.4 249.2 252.6 254.3 254 255.1 254.6 252 245 251.7 254.1 256.5 257.5 258.6 256.8 255.7 257.2 259.4 261 262.7 264.5 264 256.9 249.9 253.9 258.3 260.4 261.2 259.4 257.2 253.1 249.2 241.5 236.5 234.3
253.4 255.6 256.8 257.2 256.8 254.5 248.3 232.5 210.4 214.8 230.2 239.9 243 247.5 251.5 254.4 257.1 258.1 259.4 260.1 259.3 259.4 260.5 262.2 262.1 261 261.9 261.8 260.1 260.4 263.2 265.3 261.1 257.5 251.6 238.8 248.5 250.8 251.6 254.2 252.1 248.7 238.2 246.4 251.7 254.5 256.4 255.4 256.4 256.1 254.1 249.2 254.3 257.2 259.3 260.7 262.7 262.9 261.8 261.9 263.2 264.7 265.6 267.4 267.2 261.1 252.4 255.7 260.1 263.4 264.2 262 260.3 256 251 245 236.1 237.4
254.5 257.3 258.8 259.3 258.7 256.3 249.3 232.1 215.6 215.9 232.1 242.2 244.7 250.2 252.9 255.5 258.2 259.5 260.4 261.5 261.7 261.8 263.5 264.2 263.9 264 265.4 265.9 265.3 264.2 265.4 267.1 263.6 257.9 245.4 247.1 251.3 252.7 254.5 256.7 253.4 250.1 236.2 249.7 253.8 257 258.6 257 257.7 258 255.8 254 255 259.7 262.2 264.2 267 267.2 266.5 266.2 268.5 269.2 270 271.2 269.8 264.1 255.9 257.9 264.4 268.7 268.1 266.2 263.1 258.9 253.9 238.7 237.9 247.1
255 258.6 260.6 261 260.5 257.9 250.9 236.8 216 218.7 233.3 241.9 246.5 251.1 254.8 257.7 260.2 261.4 262.6 263.7 264.2 264.5 266.4 266.4 266.3 267.4 268.8 269.9 269.9 269.2 269.3 267.6 263.1 257.7 245.9 250.6 253.9 255 257.2 258.7 255.3 251.6 237.1 251.2 255.3 258.9 259.7 259.5 259.9 259.2 255.5 256.6 259.7 259.7 264.3 266.1 270 271.2 270.7 270.5 272.1 273.7 274.7 275.3 273.8 268.7 261 260 267.1 271.6 272.3 269.3 265.3 259.3 251 238.6 244.4 250.3
258.5 260.6 262 262.2 261.7 259 249 242.1 215 218.6 235.3 244.6 249.9 253.5 256.8 259.7 262.1 264 265.5 266.7 267.8 266.8 268.8 269 269.1 270.6 272.7 273.4 275 274.9 273.2 268.3 261.7 256.3 248.1 255.5 256.5 257.1 259.8 259.8 256.3 248.5 244 252.9 256.4 259.4 260.4 260.7 261.2 259.7 258.7 259.6 262.1 264.4 265.7 267.9 271.6 273.6 273.5 274.3 275.5 276.9 278.4 278 275.5 274.5 268.5 263.1 270.2 274.4 272.2 267.8 263 257.8 241.6 239.4 249.1 253.2
261.8 262.1 263.3 262.6 261.4 259.2 253.1 246.5 223.4 217.5 235.1 244.7 250 254.8 260.2 261.2 263.6 265.6 267.8 269.5 271.2 272.6 272.8 272.8 273.4 274.9 277.7 278.3 279.7 278.6 275.8 268.9 261.2 253.4 255.3 258.9 259.3 259.8 262.2 261.4 256.9 249.3 247.6 254.8 258.8 260.4 260.7 263 263.5 263.3 260.9 261.9 264.5 265.8 264.9 270.2 273.1 275.4 275.9 277.5 278.7 279.5 281.2 280 279.2 278.5 275.9 271.5 273.7 275.3 272.3 266.2 260.9 253 239.1 241.3 252 255.8
264.4 263.9 263.7 262.9 262.8 260.4 254.2 248 232.2 217.2 230.9 243.4 249.9 255.7 259.8 261.7 264.5 266.5 269.2 271.9 273.9 276 278.1 278.6 280.1 280.7 282.2 283.3 283.4 281.7 276.5 268.9 261.8 254.5 260.8 262.5 261.9 263 265.4 262.4 257 246.5 254.5 258.3 261.8 263.6 264.6 265.8 268.9 268.2 264.7 264.2 266.6 268.8 266.8 272.7 275 277.2 278.4 280.1 281.7 282.2 283.4 284.4 283.8 282 281.8 281 277.4 274 270.5 265.6 259.8 246 241.4 247.5 256.9 258.7
266.2 265.1 264.3 263.6 264.3 261.2 256 249.8 233.8 214.9 227.7 241.6 248.8 254.1 259.4 262.5 265.9 269.4 272 274.3 277.4 279.6 282 283.9 284.8 285.6 287 287.6 286.3 281.1 273.9 268.2 258.9 262.4 265.2 265 264.2 267.7 267.2 262.5 254 247.9 255.3 260.6 263.8 265.9 267.4 269.7 272.4 271.4 267.1 269 271.1 271.6 273.8 276 278 279.6 280.5 282.3 283.8 284.6 286.3 287.4 286.1 284.7 284.5 284 281 273.3 268.2 264.4 253.9 242.1 243.9 256 260.4 262.4
266.8 266.2 265.9 264.8 265.3 262.7 257.2 249.8 237.3 216.2 224.1 240.3 249.9 256.6 261.3 264.3 267.8 271.2 273.9 276.7 280.5 283.7 286.6 288.5 290 291.3 291.9 291.6 287.4 281 274.3 267.7 259.1 268.3 269.5 268.1 269.5 271.5 267.9 263.1 252.7 252.5 256.9 263.8 266.2 268.1 269.8 271.9 274.6 273.7 273.7 273.2 274.7 276.3 278.4 280.3 281.8 283.1 283.5 285.2 286.5 288.1 288.8 289 288 287.5 287.7 286.2 282.1 274.4 268.1 261.4 245.3 245.2 253.9 260.1 263.3 265.2
266.9 267.9 268.2 266.2 267.5 266 260 251.5 236.9 220.7 223.3 236.8 248.6 256.1 261.5 265.9 269.9 272.6 276.1 279.9 284.5 288.7 291.5 294.3 295.6 296.2 296.1 294.5 288.2 281.7 274.6 265.8 270.7 273.3 273.2 271.7 273.6 273.9 271.4 266 253.1 258.1 263.5 266.5 268.4 268.9 271.2 274.3 275.8 275.2 275.9 278.3 279.4 279.6 282.3 284.3 285.7 286.9 289.1 289.7 290.4 291.9 291.5 291 290.8 291.2 291.2 287.8 282.5 274.4 266.8 254.1 244 252.3 258.7 263 266.1 267.3
268.1 268.9 269.2 267.8 269.6 267.6 261.3 252.3 243.4 224.3 223 235.1 246.4 255.2 260.5 265.3 270.3 274.8 279.8 284.6 289.4 293.2 296.5 299.1 299.7 299.7 299.7 296 287.3 280.6 273 272.1 276.2 278.4 277.3 275 276.9 276.7 273.2 267 254.2 262.5 266.6 269.6 270.9 272.4 274.3 276.3 277.5 278.6 280.7 282.4 283.4 281.3 286.2 288 290.5 291.5 293.5 294.3 295.2 295.8 295.3 294.8 295 295.4 294.1 289 281.3 272.3 260.9 245.8 251.1 258.4 261.5 265.2 268 269.3
270.9 271.4 271.5 272 272 268.7 262.3 256 247.4 227.3 223.1 232.8 246 255.8 261.6 267.1 273.7 278.7 285.2 290.2 294.1 298 300.8 302.8 302.8 302.9 302.1 296.8 286.7 279.6 276.1 277.1 280.8 281.8 281.1 280.5 280.2 278.8 275.5 263.2 259 266.4 270.2 273.8 272.8 275.4 276.9 278.8 280.6 282.1 284 285.8 287.1 285.3 291 292.9 295.1 297.4 298.1 298.7 299.6 300.5 300.6 300.1 299.6 298.7 294.8 287.4 278.8 268 253.4 249.3 257.4 261.8 264.6 267.3 270 271.6
273.2 275.1 276.3 276.9 275.7 271 265.8 259.6 250.7 236 221.8 229.6 245.6 258.4 264.9 273.5 280 283.4 290.2 294.9 299.4 302.1 305.3 307 306.7 305.9 303.8 294.4 285.3 276.5 282.2 285 286.3 285 284.5 284.8 283.8 279.7 272.8 262.8 264.6 269.3 273.5 276.7 276.4 277.8 279.8 282.3 283.6 285.7 287.9 289.9 291.9 290.1 296.1 297.7 300.9 302.2 303 303.4 305.2 305.9 305.7 304.8 302.9 300.1 293.2 284.3 273.6 260.9 249.8 250.1 260.2 264.6 267.6 270 273.2 275.8
274.6 279.3 281.4 281.2 278.4 273.7 268.5 260.8 254.9 249.3 226.7 224 240.2 255.6 267 276 282.6 288.9 295.6 299.4 303.4 307.3 310.1 311.2 310.7 307.1 300.3 291.3 282.8 284.4 287.6 289.2 290 290.8 289.1 288.2 286.5 280.9 271.9 262.8 267.9 273.7 277.1 278.4 277.9 280.5 283.9 285.4 287.4 290.5 292.6 294.6 297.4 298.5 302.3 305.5 306.5 306.9 308.5 309.4 310.7 311.1 310.7 308.7 305.2 300 291.2 279.2 270 254.7 249.6 257 262.7 267 271.1 274.4 277.8 280.5
276.2 282.5 284.9 284.4 280.6 276 272.2 264.9 259.9 254.7 238.8 223.5 233.1 252.4 267.7 278.1 287.2 293.3 300.5 304.9 308.6 312.3 313.8 314.7 311.7 306.9 297.8 290.7 280.9 289.6 292.3 294.1 297 296.3 293.6 292.4 288.9 283.6 271.1 272.4 270.6 277.1 278.9 280.4 281.2 283.2 286.3 288.2 291.5 293.9 298.6 301.4 303.7 305.2 308.8 311.2 311.7 312.6 313.9 315 315.8 315.4 314.4 310.6 304.6 296.4 287 277.5 268.6 255.3 250.6 259.9 265.9 270.7 275 279 282.3 285.7
276.7 282.8 286.6 286.9 282 279.5 275.9 268.7 264.6 260 249.9 228 228.9 248.3 266.7 279.4 288.9 296.9 304.9 309.8 312.2 315.8 316.9 316.5 312.5 304.2 297.6 289.5 292.7 295.6 299 300.6 301.2 300.8 297.9 295.1 291.9 284.9 277.3 275.5 270.8 278.5 281.9 283.5 284.7 287.3 289.6 293.6 298.1 301.6 305.1 307.7 309.6 312.3 314.8 317.4 318.1 318.8 319.7 320.4 320.3 319.1 315.8 309.3 300.3 290.6 282.9 275.2 267.5 255.3 252.5 262.8 269.1 274.2 278.5 282.9 287.4 291.8
276 283.8 287.7 287.5 284 282.5 280.2 276.2 271.5 265.1 255.9 239.9 225.8 239.3 262.6 278.2 289.4 298.6 306.8 312.7 316.4 320.5 319.7 316.4 309.7 303.9 294.6 289.6 298.2 302.2 305.2 306.2 305 305.4 302.3 298.6 293.9 290.4 285.8 279.3 274.2 281.9 286.1 288.1 289.2 292.4 295.2 299.8 305.3 307.6 310.7 313.5 315.8 318.2 321 323.7 324.3 324.9 325.1 324.9 323.7 320.8 314.7 305.5 296.8 288.1 281 274.4 258.3 256.8 254.8 267.3 272.9 278.3 283.3 289.4 294.2 298.2
277 285.4 288.3 287.4 286.2 286 284.5 282 278.2 271.6 263.3 247.2 226.9 230.5 256.7 275.3 289.1 299.2 307 313.8 320.3 324.1 322 315.2 309 304.1 291.2 300.1 303.1 307.9 310.1 310.6 308.8 308.5 305 300.5 298.2 297.4 293.1 285.1 279.5 287.5 286.8 292.2 294 297.4 304.5 308.2 311.2 313 317.2 320.1 322.9 324.6 328.5 330 330.5 331 330.3 329.4 327 320.6 312.3 302.3 294.2 285.2 277 271.9 256.4 255.5 264.7 270.5 276.6 283.3 289.9 297.6 303.5 305.5
275.2 284.6 287.6 288.2 290 290.8 290.6 288.6 284.8 278.3 268.5 259.5 236.6 227.6 248.2 269.5 285.2 298.9 308.5 316.1 323.2 326.4 321.5 315.4 309.6 305.9 298.1 306.1 310.1 314.3 315.3 314.4 315 312.7 309.8 307.6 304.4 303.6 299.2 295.5 286.3 293.6 294.6 297 300.2 303.2 310.7 315.4 317.7 321.5 324.5 326.5 329.2 332.1 335.2 337.2 337.4 336.6 335.4 332.6 328.3 319.9 309.3 299.4 290.6 283 275.5 269.2 257.5 258.8 267.5 273.7 281.2 288.9 299 308.8 313.1 312.3
275 283.1 288.8 293.3 295.3 296.6 297.1 294.8 289.9 283.8 275.2 264.8 252.3 231.5 235.2 264 283 298.7 310.1 317.6 325.5 327 322.8 318.1 310.9 308.2 308.8 310.9 316.2 320 324 324.2 319.9 316.2 313 312.8 311.9 310.4 305.7 301.1 296.2 299.5 303 300.9 309.6 311.5 317.7 321.8 325.5 328.2 331 334 336.7 339.8 342 343.9 343.4 342.3 339.5 335.5 328.6 317.7 306.2 296.9 288.8 281.6 272.7 261.6 257.8 266.1 271.1 279.3 287.6 295.7 308.2 317.6 319.4 318.4
275.3 283.7 291 295.7 298.7 300.3 302.4 298.9 294.2 287.5 279 268.9 256.7 237 228.2 251.8 276.2 294.7 309.9 320.1 325.4 327.1 325.5 322.1 314.5 311.8 314.2 318 322.5 324.4 328.4 327 322.9 319.5 318.6 318.4 318.1 316.3 311.5 308.1 296.2 306.2 310.1 308.8 314.4 320.3 323.3 326.8 332.2 334.1 337.1 339.9 343.5 346.2 348.6 350.5 350.4 348 343.5 338.3 328.5 315.4 304 295 287.6 279.8 265.4 262.3 266.8 269.8 276.7 287 295.8 303.6 316.3 325 326.6 325
276.3 286.6 294.4 298.5 301.4 302.8 304.7 302.5 297.8 291 282.2 271.4 262.2 248.8 233.1 239.4 267.5 289.2 308.1 320 327.4 330.3 327.8 324.3 318.6 318.5 320.5 324.2 326.3 330 330.8 330 327.6 325.2 325.9 325.3 324.3 323.2 318.4 315 315.1 308.5 316.5 316.7 318 321.2 326.3 332.8 337.3 339.2 343 346.3 349.5 352.5 356.4 357.7 357.2 353.9 348.3 338.9 326.8 313.9 302.1 293.8 286.4 279.4 269.6 265.4 271.4 277.1 284.9 296.4 303.1 311.4 325.2 332.3 332.6 329.1
277.3 287.6 295.1 300.8 304.1 307 309 308.1 302.9 294.6 284.5 275.4 261.9 255.1 240.7 232.1 251.3 280.9 304.2 321.6 327.7 330.2 327.8 324.5 321.8 324 326.2 329.5 335 336.2 335.8 335.2 333.1 332.2 332.3 332.8 332.6 332.3 326.2 322.5 320.4 315.5 320.1 323.8 324.4 326.2 324.4 332.9 339.6 346 349.8 354.3 355.9 360.8 363.2 363.6 362.3 358.2 350 338.6 324.7 312.2 299.7 291.4 285.3 279.6 269.9 264.5 274 282.5 294.5 307.6 309.5 322.1 333.5 338.1 337.5 333
279.5 288.7 296.2 302 308 312.2 314.6 313.6 308.5 299.1 288.4 280.8 271.7 264.6 255.2 237.2 240.8 274 298.1 322.1 335.1 332.2 330.2 327.1 324.3 327.3 330.5 333.2 337.5 341.1 343.1 340 338.1 338.9 340.7 340.4 341 340.3 332 326.7 322.1 322.9 324.3 325.7 327.7 329.8 330.6 334.3 342.3 350.3 355.7 358.5 360.9 365.3 367.5 368.2 367.5 363.1 352.7 340.5 326.3 308.1 298.3 291.1 285 279.9 274.8 266.4 275.6 288.5 301.6 314.3 316.2 332.4 343.7 346.6 344.3 338.6
281.1 289 297 304.5 311.3 317.7 320.4 320 314.9 305.2 294.5 284.8 277 268 258.5 240.3 232.4 267.3 294.2 321.3 334.5 332.4 332.6 331.8 327.1 330.5 334.1 337.3 341.4 348.1 349.1 343.9 344.8 345.9 347.4 347.5 345.2 342.2 337 330 323 324.4 329.4 330.4 332.5 333.4 334.8 335.5 343.4 351.5 357.7 361.6 365 370.7 373 373.9 372.1 367.6 356.2 342.2 323.6 307.5 298.4 290.6 284.8 279.9 275.8 267.4 278.5 288 303.1 312.7 321.6 342.2 352.3 353.1 349.1 344.1
286 292.4 300.2 308.8 315.9 322.3 324.2 323.3 319.4 311.3 300.3 288.5 282 271.9 262.4 245.1 234.1 260.9 288.6 315.5 332.2 333.3 336.7 335 330.6 333.8 336.9 340.9 344.3 349 350.1 349 350 351.2 353.3 354.4 351.1 346.5 339.6 332 321.7 330.2 334.4 340.3 339.5 338.3 339.6 340.7 348.7 355.6 361.2 366.7 369.9 376.3 381.5 380.7 376.7 370.4 360.4 350.3 331.9 314.3 301.2 291.9 284.2 278.6 274.1 268 277.6 287.8 300.2 310.6 328.9 351.7 361.4 361.1 356 350
290.2 296.4 304.1 312.8 320.1 324.4 327.5 326.4 322.4 315.6 305.5 294.9 284.9 276.8 264.8 242.9 237.9 259.7 285.1 311.3 330.3 335.4 337.8 338.7 334.1 336.6 339.5 343.8 346.7 350 352.1 352.9 354.8 356.7 357.6 358.8 355.4 348.1 339.7 333.8 324.1 328.2 339.2 345.6 342.6 341.7 343.8 344.7 351.4 359.3 365.5 372.5 376.3 381.1 386.5 385.1 381.1 375.6 367.9 359.2 343.6 323.9 307.2 294.6 286.5 279.8 275.1 270.7 276 286.9 298.7 308.3 333.2 353.2 366.1 368.3 363.9 354.9
294.7 301.6 308.2 315.8 322.9 327.3 330.7 329.7 324.8 317.8 309.6 299.9 288.6 278.8 266.8 249.1 235.4 259.3 281.5 308.2 331.5 341.6 341.5 341 339 341.3 343.9 346.8 349.9 352.9 356.2 358.4 362 361.3 360.3 360.3 355.5 348.5 342.6 337.8 334 335.9 338 344.7 344.9 345.9 347.2 347.4 354.8 362.5 370.2 377.6 381 385.1 388 389.2 387.3 384.1 379.2 368.8 354.5 335.3 318.2 303.1 293.2 285.7 280 270.4 277 286.5 297.7 308.1 331.1 358.5 373.9 371.6 366.5 358.9
