ny/ny28_OST50GRID_20230518/NY28.asc
ncols 200
nrows 200
xllcorner 320000
yllcorner 580000
cellsize 50
[rows 0 to 34 of 200, columns 78 to 155 of 200]
248.9 241.5 233.8 228.1 224.3 220.6 216 216.6 217.7 216.6 233.8 247.5 257.3 275 281 281 280.6 279.8 275.9 269.7 259.1 248.3 242 235.9 230.8 229.1 227.7 222.2 224 226.6 229 236.7 238.1 235.1 231.8 225.5 224.9 224.1 220.9 221.5 221.9 222.5 222.7 227.7 236.4 247.9 253.6 258.8 257.2 254.1 254.8 255.5 255.4 258.4 265.3 272.1 275.5 282.2 290.9 298.4 304.3 308.5 310.6 311.6 308.6 307.6 311.1 312.7 313.8 317.5 319.3 319.3 319.8 319.5 318.5 317.2 315.8 315.2
244.1 236.6 232.6 229.8 224.3 219.1 217.3 218.3 218.9 223.9 234.9 243.6 254.9 268.2 272.9 277.2 281.5 278.2 273.7 262.8 252.3 245.4 241.5 236.1 235.4 234.3 230.1 225.1 227.6 234.7 237 241.7 242.6 238.7 234.1 227.1 224.7 223.6 221.1 220.9 220.9 222.1 224.2 228.1 237.1 244.4 255.2 257.2 256.2 256.5 259 259.2 261.2 266.6 271.5 277.6 281.1 289.7 297.5 304.8 308.2 311.5 315 316.2 314.8 314 316.8 317.3 318.1 320 322.3 324.5 324.5 323.9 323.7 322.7 320.8 321
243.1 236.3 232.3 228.2 222.3 220.4 218.5 218.8 220.6 225.5 236.6 244.3 256.4 264.9 271.4 278.8 287.3 284 268 254.9 245.5 243.8 239.5 236.6 234.9 233.9 231.5 232.8 236.2 245.5 245.3 245.6 244.3 241.9 238.8 234.3 230.9 222.1 220.8 221.2 222.1 222.9 224.4 229.8 238.2 248.1 253.9 257.1 258.9 260.1 262.5 262.7 266.1 271 275.8 280.5 286.1 294.6 300.8 307.1 310.8 314.3 317.8 320.7 320.5 320.4 321.1 321.6 322.1 323.1 325.3 327.4 329.1 329 328.8 328.1 326.3 326.8
239.4 238.6 237.6 232.1 232.4 225.7 221.7 223.6 223.7 232 240.8 255.5 260 276.1 280.6 283.1 278.1 268.2 251.9 247.8 245 242.9 238.6 238.3 239.8 242.1 239.4 243.1 244.8 249 247.4 246.7 250.3 250.2 247.8 240.5 229.8 222.3 220.5 221.1 222.8 223.9 226.7 231.9 237.7 245.9 252.8 255.9 259.3 262.5 265.1 267.7 269.8 275.2 281 285.2 290.6 296.9 302.6 308.9 313.3 316.8 320.8 325.1 324.5 325 324.2 324.4 324.9 325.1 326.8 327.6 330.5 331.9 333.3 333.6 331.9 332.2
246.5 241.7 243.7 238.3 237.7 235 233.1 236.6 232.8 241.3 257.4 264.9 267.8 273.9 280 277.4 273.6 265.6 258.6 249.9 246 244.1 241.5 241.5 244.2 243.9 243.8 244.2 249.3 249.1 250.1 256.8 259.5 255.8 248.3 238 229.4 220.2 221.4 221.9 223 225.3 229 232.5 238.5 246.4 253.1 256.8 260.1 263.8 267.3 271.2 273.8 278.7 283.8 288.8 293.7 298.5 304 309.5 315.8 319.7 323.8 328.2 329 328.3 328.2 328.2 328.1 327.6 327.4 328.1 331.2 333.3 335.2 335.5 336.7 337.5
252 249.8 245.3 244.3 242.8 242.7 241.1 245.1 250.2 257.9 263.9 271.3 274.3 275.9 271.6 271.1 268.3 261.8 256.4 253.2 249.9 246.8 245.8 243.3 243.4 244.2 249.6 250.2 255.9 257.8 261.2 264.5 264.9 258.1 248.1 234.9 227.6 220.5 221 222.3 223.2 226.2 230.4 233.3 240 246.7 252.4 257.4 261.7 265 268.5 274.1 277.6 282.2 287.3 292.1 295.5 300.3 305.8 311.1 316.9 322.3 326.9 331.1 331 330.1 330 329.2 327.2 326.4 325.9 327.6 330.4 333.6 336.7 337.9 340.1 340.3
251 248.9 248.3 248 249.2 246.5 248.6 253.7 262.8 268.9 276.3 278.4 270.1 267.6 268.2 271.2 267.1 263.4 259.6 255.8 251.9 250.6 249.5 248.4 248.9 255.4 258.5 260.6 262 264.5 266.3 266.6 263.4 256.2 248.7 229.6 221.4 220.2 221.5 222.1 223.7 227.8 231.9 235 239.9 246.6 251.4 256.7 260.9 264.7 270.4 276.5 280.6 285.7 291.3 294.6 297.7 304.2 308.4 313.2 318 322.5 327.6 332.8 333.1 331.2 330.5 329 327.3 325.5 325.1 326.8 329.9 333.3 335.3 339.5 341 340.9
251.5 251.9 252.9 257.7 251 255.3 255.9 262.6 271.7 277.1 282.3 278.7 269.6 266 272.3 272.3 268.7 263.7 259.8 254.5 255 254.2 254.8 255.9 256.4 260.9 261.2 261.9 264 267.7 264.9 264.3 260.2 250 235.3 225.6 219.5 220 221.6 221.7 225 229.3 233 237.8 241.3 246 251.3 254.1 258.2 268 273.3 278.8 283.2 287.7 291.7 295.7 299.6 306.3 311.6 314.8 318.1 322 326.5 333.6 333.1 331.6 330.7 328.3 326 324.3 323.5 324.9 327.7 331.5 335.2 338.5 339.4 337.9
264.1 261.8 261.3 258.7 261.5 259.6 263 275.4 278.4 281.9 281.8 275.4 265.7 264.2 270.3 273.6 268 263 258.3 257.2 260.3 261 263.4 263.4 261.2 261.2 260.9 262.3 265.2 264.8 263.2 259.4 254.6 240.3 226.6 221.4 219.3 219.6 220.7 222.8 225.9 229.8 234.2 239.3 243.4 247 251.6 255.1 266.3 271.6 276.7 281.5 285.2 289.5 293.2 297.5 303.4 309.3 312 314.4 318 322 325.9 333.3 333.5 331.1 329.6 327.4 324.9 323 320.3 322.8 325.3 329.3 333 334.2 334.5 334.3
267.3 265.7 264.4 261.4 261.1 265.6 272.1 282.1 283 280.5 276.3 271.4 263.2 263.2 269.3 271.8 268.1 263.8 263.8 265 266.6 267.7 267.2 267.2 267.5 263.5 265.8 265.1 265.8 262.5 256.1 254.8 245.3 230.3 226.4 221.2 218.8 219.2 221.4 223.3 227.5 231.6 235.3 240.2 245.1 248.9 255.1 263.1 268.9 274.9 280.3 282.6 286.9 291.2 295.6 300.1 304.2 308.4 311.3 313.9 317.8 321.7 325.6 330.9 331.2 330.8 327.8 326 323.7 320.2 317.5 320 323.2 326 328.9 329.7 330.7 330.3
274.3 271.9 269.8 263.5 261.6 269.2 281.2 283.5 279.6 275.5 271.3 265.7 258.8 261.2 269 268.4 266 265.9 266.4 268.7 270.5 270.5 270.4 271.1 273.5 275.6 274.3 269 269.6 266.1 251.8 247.4 237.1 229 223.4 221.2 220.1 218.9 221.5 224.1 227.7 231.2 234.7 240.8 246.1 251 259.5 267.6 272.7 277.8 282.3 283.6 287.7 291.9 296.3 300.1 303.9 307.9 310 313.7 317.6 321.5 325.3 329.4 329.2 327.9 326.6 323.5 318.9 317 314.6 316.8 319.9 322.8 324.2 325.5 326.2 326.4
282.7 279.2 274 271 272.2 278.8 284.5 285.7 276.4 270.2 262.8 254.6 254.8 256.4 263.9 266.6 267.6 268.1 269.6 272 273.2 273.3 273.6 278 280.7 281.1 278.4 271.9 268.3 260.1 248 239.1 231.1 225.6 222.1 221.1 219.5 218.6 220.9 223.6 227.4 230.9 234.5 240.7 246.2 254.5 262.4 269.8 274.7 279.7 282.9 285.8 288.3 292.5 297 300.2 303.5 306.5 309.7 313.5 317.3 321 324.1 327 325.8 323.2 320.5 318 316.3 314.4 312.2 312.9 315.7 318.2 319.4 319.7 321.1 321.2
287.6 286.3 281.4 275.6 279.6 284.6 280.3 275 267.7 260.6 251.8 248.6 248.8 257.3 267.1 275.3 270.1 271.9 273.6 275.3 276.6 278.1 279 281.6 281.7 278.2 274.1 269.1 258.9 249.7 238.9 230.7 225 223.3 219.4 220 218.2 219.4 221.3 223.4 226 229.8 233.9 241 249.4 260.9 267.1 271.4 276.1 281.5 285.2 288.5 289.2 291.9 296 299.3 302.2 304.9 308.5 311.9 315.4 319 322.5 324.6 323 320.6 317.9 315.7 313.7 311.5 309.3 309.9 311 313.2 313.2 314.5 314.7 315.8
296.6 294.3 284.7 281.6 285.6 282.4 275.5 263.5 257.8 249.7 242.4 243.9 244.5 259.2 269.1 272.2 273.1 274.6 277.3 276.9 279.3 279.1 278 279 279.3 272.6 267.1 258.4 250 240.9 231.4 225.2 221.5 218.2 218.8 219.3 217.9 219.1 221 221.6 226.1 232.5 237.8 247.4 258.6 264.2 268.6 273 277.4 281.8 285.8 288.2 289.1 290.7 294.7 297.9 300.5 303.3 306.1 309.7 313.1 316.7 320.1 320.4 319.4 317.4 314.8 312.6 310.3 308.2 305.6 306.4 307.6 308.5 308.6 308.8 308.1 309.9
299.2 297.5 289.7 285.2 278.6 277.4 266.6 256.2 246.7 244.7 239.1 239.6 245.6 256.4 264.8 268.5 277.6 274.8 273.9 274 278.6 275.4 274.2 272.6 271.4 266.8 262.9 255.2 241.9 233 224.5 220.2 218.1 216.3 218.5 217.6 217.3 219.3 220 225.6 232.8 239.7 245.8 253.1 261.9 266.1 270.5 274.9 278.8 280.9 284.5 287.6 288 290.4 292.9 296.9 299.4 302.5 304.9 307.3 310.8 314 315.6 316.4 315.9 314.8 312.8 310.4 307.7 304.2 301.9 303.5 303.6 303.4 304 303.5 302 303.3
297.6 295.9 288.8 281.6 273.3 266 261 254.5 246.8 239.9 237.3 242 247.9 253.7 260.6 268.7 272.9 269.5 270.2 272.8 272 269.5 268.1 267.6 265.2 259.6 255.3 246.2 231.1 226.6 219.7 215.3 215.5 216.6 218.2 217.3 217.7 218.8 222.6 229 238.3 245.8 253.1 259.6 264.3 267.9 272.6 276.4 278.6 280 284.3 286.2 288.3 291.2 294.3 296.6 298.7 301.5 304.2 306.5 308.3 311.4 313.7 314.8 314.2 312.8 310.9 308.5 304.9 301.8 299.9 300.8 300.9 301 300 298.6 297.5 298
295.2 291.2 280.2 272 267.3 256.9 254.5 249.6 243.8 241.2 239.7 239.6 244.6 252.1 257 264.7 266.3 266.4 265.6 267.8 266 263.3 261.7 260.3 257.1 251.4 248.2 235.4 226.6 219.2 215.2 215.4 215.7 217.3 218.2 219.2 220 223.2 225.7 234.8 243.8 252.1 261.9 263.3 265.6 269.6 273.4 276.2 278.1 279.6 282.2 286.6 289.5 292.4 295 297 299.2 301.2 304.4 306.4 308.4 310.4 312.4 314.1 312.4 310.8 308.9 305.9 302.5 300.4 298.1 298.6 298.7 297.8 297.2 295.4 294.5 293.5
293.1 280.9 272.4 265.8 257.5 251 249.5 247.2 244.2 241.1 234 236 241 248.4 254.1 258.8 259.6 261.1 261 261.2 259.2 257.9 254.5 254.7 248 243.3 238.5 228.6 221.8 214.9 214.9 215.4 215.9 217.9 218.9 220.8 224.5 227.1 231.3 237.1 246.4 255.6 264.7 262.9 263.9 267 269.1 272.2 272.9 277.7 282.9 286.1 289.7 292.4 294.7 298.3 300.6 302.8 304.2 306.3 308.6 310.7 312.3 314 312.2 309.4 308 305.3 302.6 300.1 297.8 295.9 295.6 295.2 294 293.8 290.8 290.6
281 271.9 265.2 256.4 253.9 253.7 255.1 248.4 243.5 239.8 233.9 233.3 238.8 244.3 250.6 253.8 255.7 256.7 256.6 255.1 252.8 250.6 250.1 245.2 239.9 236.5 232.6 226.6 219.9 215.1 215.2 215.5 216.1 218.1 220.1 222.3 226.9 231.8 235.9 241.1 247.6 255.7 258.2 258.7 258 261.3 265.7 270.9 275 278.7 283.4 286.1 289 291.9 295.3 297.9 300.7 303.1 305 306.6 309.1 311 313.3 313.5 311.4 309.5 307.6 304.8 302.8 300.1 297 295.8 293.3 292.6 293.3 292.1 288 286.6
269.9 264.1 258.2 253.7 252.4 252.8 252.4 246.8 244.5 237.3 232.8 231.4 234.9 241.2 247.9 249.4 251.3 251.8 251.5 249.3 247.7 247.1 242.9 235.3 233.3 232.6 232.5 224.9 218.7 215.1 214.5 215.2 216.5 218.1 219.9 223.3 224.6 231.9 239.7 243.9 248.4 247.7 255.2 259 262.1 264.5 268.7 272.6 277.1 280.1 283.8 287.5 289.8 292.2 295.3 297.5 300.2 303.8 305.9 307.7 309.5 313.3 314.6 314.6 311.6 309.4 306.9 303.2 301.9 300.3 298.7 297 297.5 297.1 297.4 296 294.6 290.9
263 258.6 252.1 248.9 248.4 248.8 247.7 242.3 240.4 237.8 232.8 230.3 232.3 239.1 244.1 244.8 247.7 249.2 248.1 245.5 244.5 241.5 240.5 238.3 234.3 233.8 229.7 222.9 217.8 214.5 215.3 215.7 217.1 218.6 221.3 224.8 229.2 236.8 241.5 244 248.3 253.3 257.4 260.3 262.4 264.9 267.5 272.3 276.8 280.7 285 287.7 290 293.9 296.7 299.3 302.8 305.7 309.5 311.2 314.6 315.5 316.3 315 311.9 309 306.2 303.4 303.1 304.6 304.7 303.7 303.7 301.6 300.6 300.4 296.6 292.4
257.1 252.6 246.4 245.2 247.1 245.2 242.1 240.6 238.7 238.9 235.1 230.4 227.6 236.9 240.3 242.9 245.5 246.3 244.6 243 240.4 240.7 243.1 238.5 238.4 232.4 226.2 221.2 215.8 214 214.7 216 217.8 219.6 222.3 226.8 232.1 238.2 240.8 244.9 249.1 252.9 256.8 260.1 262.5 266.4 270.6 274.7 278.1 281.6 285.1 288.7 291.7 296.2 298.8 304.6 310.3 314.9 317.3 318.2 318.1 318.6 319 316.3 312.8 309.1 306.4 307.1 308.8 309.7 310.1 310.2 310.3 307.5 304.5 301.9 298.7 292.9
251.4 246.3 243.4 242.2 245 243.9 241.6 238 237.8 236.5 231.5 227.6 227.8 235.5 237.7 241.2 243.6 243.1 240.3 239.3 238.3 241.4 239.5 235.6 232.7 227.3 224.5 219.4 216.5 214.1 215 216.1 217.9 220.3 223.5 227.5 232.8 238.3 241 244.3 247.7 251.3 253.9 257.7 259.9 264.1 270.5 275.7 279.6 284.2 288 293.3 298.5 302.8 307.9 313.6 317.5 320.2 320.9 320.9 321.1 321.3 319.6 317.4 314 309.8 310.6 312.9 314 315 315.7 316.3 316.4 314.5 310.9 306.2 301.4 293.2
245 241.6 239.4 244.5 244.6 241.4 238.6 236.4 234.1 230.1 225.9 222.5 227.3 233.2 235.9 239.3 240.5 239 236.9 235.7 236.9 239.1 234 232.3 230.4 225.9 221.5 217.8 214.8 213.9 214.9 216 219.8 223 225.3 228.5 230.5 237 240.1 243.6 246.1 249.3 251.9 255.3 257.7 261 269.1 276.6 282.4 288.1 295.5 300.8 306.2 312.5 317.3 320.9 323.5 324 324.5 324 323.9 322.7 320.4 318.4 314.7 314.4 315 317 318.1 320 321.8 322.5 322.7 320.5 316.2 310.9 303.5 293.7
243.3 238.1 237.7 241.5 241.9 240.8 237.1 231.8 229.2 225.6 222.8 221.9 227.8 230.9 234.3 236.7 236.1 234.2 233.1 232.6 235 231.6 230.9 229.9 229.5 225.3 220.7 218.3 214.8 214.7 214.8 216.9 221.1 224.2 226.7 231.3 235.4 237.8 240.9 243.6 246.1 248.8 251.2 257.1 267.2 273 279.8 285.1 289.8 296.8 303.2 308.2 312.5 320.1 324.3 326.3 326.5 327 326.6 326 325.4 322.9 320.6 318.9 316.9 318 319.2 320.9 322.5 324.5 327 328.5 326.9 324.8 321.6 315.8 304.8 294.5
239.4 235.8 237.5 238.9 240.1 239.2 234.9 229.2 226.4 223.8 220.7 221.9 225.7 228.1 230.9 232 230.8 230.1 229.2 230.1 230.9 231.4 231 232.8 230.3 224.2 219 217.1 214.6 213.7 215.3 219.6 222.2 225.2 229.3 234.8 239.6 243.1 245.9 247.2 251.1 256.8 263 268.8 276 282.3 286.8 293.2 299.3 305.7 309.1 313.1 319.2 323.2 324.7 325.8 326.9 327.8 327.7 327.3 326 323.5 321.3 321 320.5 321.1 323 324.6 325.8 328.4 331.2 332.2 331.1 328.8 324.4 316.8 306.2 294.1
237.1 235.9 236.2 237.7 238.9 236.3 230.9 226.1 224.4 222.3 219.5 222.1 223.1 225.3 226.8 226.5 225.1 224.8 224.7 229.4 230.9 231.3 234.3 233.5 228.9 222.6 218.5 217.3 214.8 213.9 216.8 219.6 222.7 226.9 233.6 241 247.9 251.1 253 256.4 259.9 265.4 270.5 275.4 280.8 286.5 293.8 300.5 304.1 309.2 311.3 314.8 318.7 321.6 322.5 323.5 325.4 326.9 328.5 328 326.4 324.3 323.6 323.1 322.3 323.4 324.5 328 329.5 330.7 333.2 334.2 334.4 330.9 324.2 317.3 308.9 296.8
236.6 235.1 236.3 236.9 237.5 233.6 226.8 223.6 220.8 221 219.1 219 220.1 220.7 220.7 220.7 220.2 221.8 228.9 233.5 233.5 234.1 232.8 232.5 225.8 220.4 218.9 218.8 215.8 213.2 217.2 220.7 224.1 231.6 240.4 248.1 252.1 255.1 258.7 261.6 265 269.4 274.7 279.3 284.9 292 299.2 302.3 305.6 309 310.6 314.4 318.4 318.5 319 321.6 323.8 327.1 328.7 328.2 326.5 325.4 324.7 324.2 324 324.4 326.7 330 330.6 330.8 332.7 333.4 331.5 328.4 323.5 316.1 307.7 298.4
235.8 233.4 235.7 236.4 234.5 230.2 224.6 221.7 221.8 225.3 220.7 216.3 217 216.7 216.3 217.1 219.5 225.1 231.8 233.3 233.8 233.2 232.1 230.3 222.8 219 219 218.7 215.2 214.2 217.1 220.7 226.9 239 248.7 254.4 257.4 259.3 262 264.3 268.4 273.3 277.4 281.4 286.3 293.1 297.8 301.1 304.7 306.6 309.1 313.2 314.8 314.6 317 320.2 323.6 327.8 328.5 327.8 326.9 326.3 325.3 325 324.9 325.8 327.3 330.4 329.6 329.5 330.5 330.2 327.4 325 321.4 314.9 307.5 299.1
235 233.4 234.5 232.3 229.9 226.2 222.6 222.3 223.9 223.8 220.9 216.9 214.5 214 214.4 218.3 224.3 230.4 232.9 235.2 233.5 231.8 230.3 226.7 220.9 218.3 218 216.4 213.3 214.9 219 224.9 234.4 243.2 251.7 256.3 258.2 261.2 264.1 266.8 269.7 273.2 277.8 281.2 286.8 292.8 295.3 299.2 301.9 303.8 307 310.3 310.2 311.4 315.9 320.2 325 327.7 328 327.1 326.3 325.3 325.7 325.6 325.7 326.1 327.2 327.8 327.4 327 327.6 327.6 324.9 322 319.4 311.9 305.3 296.7
234.4 232.9 231.8 229.6 226.2 222.8 221.7 222 222.6 221.3 219.7 216.7 213 211.7 217 225.1 230.5 232.8 233.7 231.9 230.7 229.2 227.3 223.1 219.7 217.5 215.5 213.7 211.7 215.6 221.5 230.4 238.8 246.6 251.3 255.8 259 262.9 265.9 267.9 270.1 273.4 277 281.3 286.5 290.5 292.8 296.9 298 300.4 303.9 306.3 307.1 310.3 316.2 320.9 328.6 325.6 326.5 326.8 325.6 324.9 325.4 324.7 325 325.9 326.1 325 324.2 324.5 325.2 324.1 321.6 318.9 315.8 307.5 300 291.9
234.5 230.7 228.8 226 223.5 221.1 220.3 220.8 220 218.1 215.4 213 210.4 216.6 224.6 232 233.2 233.8 232.1 230.8 228.9 227 223.6 220.5 218.2 215.9 212.4 210.7 213 216.6 227.4 235.6 241.9 247 251.2 254.4 258.9 262 265.1 267.4 269.8 271.8 275.4 279.1 283.4 286.5 290 292.2 294.8 297.8 300.7 302.7 305.2 312.1 317 319.3 325.4 325.5 326.2 326.3 325.8 325 324.7 324.6 324.3 324.2 323.5 322 320.9 321.2 321.3 319.5 317.1 314.5 310.3 302.7 294.8 286.5
232.8 229.3 226.9 223.9 221 219.5 218.4 216.6 215.2 213.1 209.4 208.5 215.8 223.7 230.5 234 235.1 236.1 232.8 231.9 229.4 226 221.8 217.9 216.3 212.8 210.5 211.1 215.1 223.9 230.8 238.7 243.2 247.6 250.4 254.3 258.5 260.1 262.7 264.8 267.1 270.1 272.8 275.3 279.3 282.7 286.3 289.3 291.6 294.6 297.5 300.4 305.5 312.2 317.2 320.9 322.4 324.7 325.5 325.2 325 324.4 324.2 323.8 323 321.6 319 317.8 317.8 317.9 316.9 314.1 312 309.9 304.4 297.9 289.9 283.7
230.6 227.5 224.2 220.8 218.1 217.5 215.7 211.3 209.2 207.5 208.7 214.8 222.5 229.4 233.4 236 237 236.7 236.7 232.9 227.4 222.5 218.1 214.9 212.8 210.7 210.5 212.6 223.4 229.5 234.7 241.1 244.5 247.8 250.2 253 254.8 258.7 260.3 262.3 264.8 268.2 270.8 272.9 276.7 279.1 281.7 282.4 288 293 297.5 300.8 304.7 311 316.1 318.9 320.4 323.7 323.7 323.3 323.8 325.3 325 323.7 321.7 319.2 316.2 315.4 314.5 314.1 311.7 309.1 306.3 303.3 297.5 291.5 284.8 275.4
229.3 226 219.5 216.8 215 213.4 210.8 207.9 206.5 209.3 215.1 224.8 231 234 237.5 239.4 239.7 239.8 237.2 232.2 225.9 219 214.2 212.2 211.4 209.7 211.1 218.7 227.1 232 237.5 241.8 244.4 246.7 249.2 252 254.3 255.8 257.5 261.8 263.9 266.3 269.1 271.7 271.6 277.8 281.5 285.7 291.2 294.9 298.3 302.5 305.6 309.6 312.3 318.1 321.1 322.8 325.2 326.1 326.4 326.1 326.4 323.6 321.6 318.6 315.1 312.5 309.2 307.6 305.7 303.6 299.1 295 290.8 284.4 280.6 274
