ny/ny28_OST50GRID_20230518/NY28.asc
ncols 200
nrows 200
xllcorner 320000
yllcorner 580000
cellsize 50
[rows 105 to 139 of 200, columns 0 to 77 of 200]
213.4 210.8 209 207.4 206.6 205.8 205.6 204.8 203.6 201 194.4 187.3 181.6 192.4 194.6 196 197.3 199.8 202.1 204.1 205.1 206.3 207.6 208.8 210.9 217.5 225.8 230.3 231 230.5 228.2 224.9 221 216.8 210.8 203.5 193 179.1 180.3 183.9 185.9 187.3 186.3 181.7 176.5 167.2 157.4 157.7 161 165.1 175 188.3 195 200.8 205.4 206.2 205.3 203 197.3 191.3 173.9 160 156.7 162.8 166.8 170.2 184 198 205.5 211.1 216.2 216.2 214.9 211.6 209.9 207.8 205.4 204.2
210.5 208.2 206.1 204.2 203.8 203.8 203.6 202.7 201.7 199.3 194.3 187.1 180.5 190.2 192.3 193.7 195.8 197.8 199.3 200.8 202.8 203.9 205 206 210 217.7 225.5 229.9 230.7 230.3 227.7 224.4 220.2 216.4 211.2 204.1 194.3 184.2 172.6 179.3 181.8 184.4 183.1 177.9 171.2 163.1 156.4 157.2 159.4 167.7 181.1 189.3 195.5 204.4 206.9 206.9 205.8 205.6 203.2 197.6 185.3 169.2 155.8 157.2 160.5 165.6 178.1 192.2 200.4 202.5 207.9 209.2 208.7 207.2 205.9 203 200.9 199.6
207.4 205.2 203.3 201.3 202.1 201.9 201.6 200.7 199.8 197.2 193.6 186.1 177.8 187.2 189.5 190.6 192.5 194.6 196.6 197.5 199.4 201 202.6 203.6 206.9 217.4 224.5 228.7 230.3 229.2 226.9 224.3 219.8 215.3 211.1 204.3 196 185.9 172.4 174.4 178.1 180.6 178.4 172.8 166.3 159.2 155.5 158 163.5 174 182.5 190.7 198.4 204.4 206.5 206.9 206.8 206.6 205.5 201.7 191.2 178 161.2 155.7 156.1 161.2 172 185.7 193.6 195.4 203.5 204.9 203.8 203.8 202 199 197 194.9
202.9 201.1 200.3 198.6 200.2 200 199.5 198.7 197.9 195.6 191.8 185 175.9 182.1 186.4 188.2 189.8 192.6 193.7 195 196.2 197.7 199.8 201.1 206.9 216.4 223.6 228.1 229.1 228.3 226.6 223.5 219.8 214.7 210.2 204.4 195.8 185.4 169.8 169.3 174 176.3 173.7 168.8 162.5 157.3 155.9 160.3 170.9 177.9 185.3 192.1 197.9 203.3 206.2 206.4 206.6 207.1 206.5 204.1 196.7 186.4 167.5 155.3 155.3 156.2 165 180.3 185.4 194.5 200.5 201 200.3 199.9 198.1 195.8 193.3 189
201.2 198 196.4 195.5 197.2 198.5 197.8 196.8 195.4 192.5 187.8 182.6 175.7 179.3 183.4 184.8 185.8 188.8 190.6 192 193.7 195.7 196.8 199.3 206.7 216 222.3 225.6 226.3 226.7 225.1 222.2 218.8 214.7 209.1 202.9 195.9 183.3 170 164.1 169.5 171.8 169.4 165.1 159.5 156 158.2 169.7 179.3 184.1 187 191.5 197.3 202.1 205.8 206.4 206.5 206.6 207.1 205.9 201.9 189.6 170.6 154.8 155.7 154.7 165.7 174.5 182.1 191.5 197.7 198.6 196.1 195.2 193.6 191.2 188.2 179.1
199.5 196.2 192.8 191.8 194.5 196.3 195.9 194.5 191.8 189 185.2 181.3 173.5 174.8 179.7 181.6 183.6 185.4 188.4 189.9 192.3 193.3 195 197.4 204.8 213.7 220.2 222.9 223.9 224.2 222.8 220.4 217.9 214.5 209.1 201.5 193.9 184 167.9 160.4 165.3 166.9 165.1 161.8 155.5 155.9 165.6 175.8 185.1 188.9 190.5 195.8 199.6 203.1 205.7 206.9 208 207.2 207.3 206.5 202.8 188.9 171.1 154.3 155.1 155.3 164.2 169.2 177.9 187.3 194 194.4 190.4 189.1 188.2 185.2 180.5 180.6
195 193.5 190.2 189.5 191.3 193.1 192.9 191.3 188.6 185.9 182.5 179.8 177 168.4 175.4 178.9 178.9 181.5 187 189.4 190.7 191.7 192.5 195.1 202.6 210.3 216.7 220 221.4 221.6 220.5 218.5 216.1 213.3 207.8 201.1 192.7 182.2 167.9 159 160.2 162.1 161.9 159 154.1 163.6 170.7 182.3 189.4 194.5 198.4 200.8 203.8 207.6 210.2 210.4 209.9 209 209.3 208.9 203.4 188.9 171.2 154.4 154.7 154.6 154.3 166.5 175.2 182.5 188.8 188.4 185.4 182.1 180.6 179.9 178.2 180.7
190.5 190.1 187.8 186.9 187.8 189.4 189.2 188.1 185.4 182.8 180.1 177.4 174.7 166.6 172.5 176 178.6 182.6 185.1 187 189.4 189.3 190.6 192.9 201.5 207.7 211.8 216.6 218.1 218.8 218.1 216.3 214.1 211.7 205.6 198.5 191.4 179.6 165.8 157.5 156.6 158.6 158.5 153.4 159.7 168.5 176.8 187.8 193.3 197.7 203.8 204.7 208.3 212.9 214.8 213.9 212.6 210.8 210.6 209.5 202.8 187.9 170 154.2 154.5 154 153.9 162.9 171.2 178.1 183.2 181.1 177.6 174.8 175.8 176.8 176.1 179.9
187 185.5 184.7 181.8 184.7 186.5 185.4 184.4 181.9 178.9 176.4 173.5 171.6 167.2 170.4 171.3 174 181.2 180.4 183.2 186.7 187.8 189.7 192.5 198.7 203.4 206.3 211.7 214.8 216.1 215.1 213.9 212.2 209.6 204.9 198.8 189.4 176.5 164.4 156.6 154 154.7 154.9 151.9 163 172.7 181.5 190.8 197 202.6 207.7 211.4 214.8 217.3 217.4 216.7 214.4 212.6 210.8 209.8 201.6 187 170 152.9 153.8 154.2 153.9 159.5 168.4 173.9 177.7 173.5 170.6 173.6 173.4 176.1 176.4 178.3
183.5 182 181.3 180 181.9 183 182 180 176.7 174.4 172.4 170.2 164.9 166 167.3 168.6 171.8 174 182.9 184.9 186.6 187.7 189.5 193 196.8 200.7 203.1 206.6 210.9 212.8 212.6 210.5 209 207.4 203.7 196.5 186.4 173.9 161 154.5 152.4 151.2 150.8 154.5 167.1 174.9 182.9 192.1 199.6 206.1 212.5 216.4 219.1 221.2 220.8 219.5 215.3 213.6 210.1 207.5 199.8 186.3 168.7 152.3 153 153.6 153.7 157.5 165.6 170.9 170.6 175.3 183.6 190.9 196 197.1 186.6 179.6
180.5 179.8 178.4 177.1 179.6 179.8 177.3 175.2 172.8 171.1 168.5 166 164.5 165 166.1 167.9 174.1 180.5 184.7 186.1 187 187.8 189.4 192.1 195.8 198.8 200.6 203 209 210.2 209.5 206.8 204.6 203.9 200.1 192.3 183 173.6 158.5 151.7 150.7 150.2 151.8 156.4 169.1 174.6 183.2 193.2 202.3 209.9 216.6 220.1 222 224 224 220.8 216.8 213.1 208 204.2 196.8 183.1 165.2 153.2 152.8 153.2 153.1 157.4 164.2 166.1 171.7 178.8 189.8 202 209.4 210.5 205.7 198.6
177.1 176.2 174.6 172.8 175 176.1 174 171.7 170.8 168.9 166.6 162.1 163.3 164.3 165.3 174.2 180.1 185.6 188.2 188.8 186.7 187.3 189.2 191.8 194.4 196.3 199.1 202.2 207.5 207.4 206.4 203.9 200.4 199.9 198.5 191.6 181.8 172.6 155.5 150.5 149.1 151 154.5 159.3 165.5 172.1 183.2 194.5 203.2 211.8 218.2 222.6 224.6 227 225.7 222.1 217 210.8 203.6 196.8 188.7 176.5 161.3 150.1 152.2 153 154 156.8 163.6 168 177.1 187.3 201.6 212.8 221.6 222.7 220.9 216.3
175.3 173.5 171.5 170.1 171.5 171.7 169.7 168.7 168.1 166.8 164.6 160.4 162.7 163.8 172.1 181.4 186.1 190.5 192.1 191.4 188.5 186.6 189 191.2 192.7 193.4 196 201.7 204.2 204.5 203.2 200.7 197.5 194.7 193.8 189 179 169.7 154.5 149.3 149.3 151.4 154.6 159.4 163.7 171.5 182.4 192.9 202.6 212.3 218.5 223.7 225.9 228 227.1 222.2 216 208.3 198.7 188 177.3 170.9 157.9 150.3 151 151.7 153.1 161.7 165.8 172.7 186.4 200 214.8 222.6 233.5 235.7 233.9 228.7
173.6 172.3 169.2 165.6 168.2 167.9 166.8 165.6 164.8 164.8 163.4 160 161.5 166.5 180.3 187.5 192.4 195.3 195.2 193.2 189.6 186 187.7 189.4 190.4 190.3 192.5 199.2 201.7 201.3 199.8 197.2 193.2 191.5 189.4 184.4 177.9 168.4 157 148.4 149.2 151.2 153.4 158.8 164.4 171.7 181.6 192.4 202.1 211.8 218.3 222.6 225.2 226.3 224.9 220.6 213.9 203.9 191.8 180.8 171.6 166.8 158 151.6 151.7 151.9 152.5 163 170.1 179.6 193.4 210.2 219.7 231.9 243.9 246.9 243 236.9
170.5 168.9 166.1 161.3 164.3 165.4 164.8 163.4 161.2 163.7 158.7 159.1 161.6 175.4 185.8 192 196.5 198 197.7 195.6 190.8 184.4 186 186.7 187.2 187.2 190.1 196 198.5 197.8 196.2 193.5 190.7 188.4 186.2 181.2 175.7 166.8 156.4 148.7 148.5 151.8 154 158.9 165.3 172.8 182 192.1 201.7 210.7 216.3 220.7 222.9 223.7 222.3 218.1 211.1 197.8 186.6 177.1 172 165 155.3 151.6 151.2 151.5 153.4 165.7 176.5 184.8 202.1 216.7 224.5 238.3 252.7 255.7 250 243.5
166.5 165.9 164.2 159.4 160.8 160 159.9 159 155.9 157 157.3 159.1 169.2 179.5 190.1 196.3 198.8 200.1 199.7 197.3 190.2 183.9 183.2 184.2 184.4 184.3 188.3 192.3 195 194.4 193.4 191.1 188.4 185.2 183.3 179.2 173.5 165.6 157.5 149.9 148.4 151.1 154.4 159.1 165 173.2 184.2 195 202.8 210.1 214.9 218.4 219.5 220.7 219.1 215.1 206.3 192.5 183.5 178.3 174.9 166.1 153.7 151.9 151 151.3 158.7 170.6 184.2 196.3 210 218.9 233.2 244.3 256.1 258.1 255.1 249.8
165.2 163.2 161.1 157.5 155.6 155.2 153.7 158.5 162 161 160 167.7 176.3 184.8 192.6 197.7 199.2 200.2 199.5 197 191.1 182.2 179.9 181.8 180.9 182 185.2 188 190.9 190.7 189.9 188.3 185.8 183.4 180.6 177.2 173.2 166.3 156.2 149.3 147.2 148.7 152.5 160.8 165.3 175.3 186.2 195.9 205.8 211.7 214.6 217.6 217.7 218 215 210 200 188.2 182.4 178.4 173.8 165.3 155.4 151.3 150.7 150.1 162.7 178.7 192.7 208.9 220.3 227.1 236.5 245.6 256 261.3 260.9 255.1
163.8 159.7 160.4 156.1 151.3 156.5 161.5 165.2 165.1 163.4 164.5 173.5 183.2 190.5 194.5 197.7 199.2 198.9 198.1 195.7 190.1 180.2 175.7 179.2 180 180.3 182 184.4 187.3 187.1 186.7 185.7 182.9 181.4 179.5 177.4 173.4 163.7 155.8 148.7 146.8 149.7 154.6 159.6 165.3 175.9 185.9 197.1 206.9 211.3 213.6 215.3 215.3 214.5 210.4 203.3 193.9 187.2 181.9 177.2 172.7 164.7 153.9 150.5 151 154.7 171.1 185.5 201.1 215.7 225.8 233.2 237.9 246.5 256.2 263.5 264.6 259.2
161.4 157.2 157.9 150.1 152.8 157.8 164.2 164.9 165.8 165 168.1 177.2 185.3 190.8 194.1 196.4 197.4 197.7 196.4 194.2 188.6 178.7 173.4 176.5 176.8 176.2 178.2 180.6 183.2 184.4 183.5 183.2 182.9 180.4 180.3 178.5 175.7 167.5 156.2 149.6 146.5 150.2 155.6 159.5 166.1 174.4 183.4 193.6 204.9 211.1 211.3 212.1 210.7 207.8 203.5 196.1 191.7 187.2 180.8 175.8 170.9 163.2 154.5 151.7 150.7 163.8 179.7 194.1 211.3 223.1 231.5 240.2 244.5 250.5 259.6 266 265.9 261.9
160.5 156.3 152.4 145.3 153.9 159.3 162.8 165.6 166.4 165.8 171.1 178.7 185.3 189.5 192.2 194 194.8 194.8 193.6 191.2 186.1 178.4 170.7 171.2 174.4 172.9 174 176.8 179.7 181.6 183.1 184 181.4 181 181 180.1 177.5 169.4 160.8 155.5 146.6 150.3 156.4 161.1 166.6 172.6 179.1 186.5 197.2 204.5 205.5 204.8 203 200.4 196.5 191.5 187.9 185.4 181.4 173.7 168.8 162.5 155.7 149.8 157.5 168.4 184.6 201.2 216.7 226.9 233.6 242.1 248.8 257.9 264 267.9 267.6 262.7
158.2 155.2 147.7 144.9 153.9 158 161.8 165.6 166.9 166.7 168.7 179.3 185.1 187.8 190.1 191.8 192.1 191.6 189.8 187.2 183.1 175.8 167.8 169.9 171.7 170.4 170.6 173 175.3 179.6 182.4 182.7 183.3 181.7 181.5 180.9 178.4 168.7 162 157.2 146.6 151.8 156.7 161.7 166.6 171.5 177.4 181.9 188.9 194.9 195.8 195.9 193.9 192.7 192 188 184.5 182 178.8 172.6 166.9 160.2 153.9 150.4 160.8 169.5 187.1 205.3 218.3 228.5 237 246.8 253.1 261.5 267.1 269.1 267.2 260.2
157 151.6 144.6 143.9 151.5 156 160.7 167 166.9 166.4 170.4 179.6 183.7 186 188.1 189.7 189.8 188.7 183.8 181.5 177.9 172.4 165.2 165.2 167.5 166.7 166.2 168.9 172.6 176.6 179.7 181.1 181.6 181.9 180.7 180.4 177.8 171.3 162.9 157.8 147.1 153.4 158.4 162.1 166.9 171.1 175.7 179.4 184.8 188.1 187.7 188.8 188.2 186.5 185.8 184.5 181.1 178.2 176.2 170.8 164.6 158.8 148.3 151.4 160.1 169.8 188.3 205.5 218.4 228.2 239 248 254.2 261.3 265.9 266 262.8 256.4
157.2 149.3 143.7 143.5 149.9 154.4 159.6 164.3 165.3 166.1 171.3 178.4 181.8 182.9 185.4 186.1 186.8 185.2 180.5 177.7 174 170.1 165.5 160.4 162.7 162.3 162.4 166.1 170.6 174.1 177.1 178.4 179.7 180 179.9 178.4 175.6 170.1 162.4 155.4 145.2 152.3 157.5 162.6 166.2 170.1 173.4 176.5 179.5 181.7 183.2 184 183.1 181.6 180.9 180.1 177.9 174.4 172.2 168.4 160.9 154.6 149.4 153.1 161.3 171.9 186.3 202.7 214.8 225.5 237.3 247.9 256.7 261.4 262.1 261.4 257.5 252
157.3 153 141.7 141.9 147.8 153.6 158.5 160.6 163 166.1 169.9 174.2 178.1 179.8 179.5 180.6 182.1 181.9 179.3 175.9 172.6 169.3 165.3 162 156.7 157 158.6 163 168.4 172.6 175 175.9 177 178 177.8 175.8 172.4 166.9 161.7 153.9 146.6 148.1 157.3 161.5 164 167 171.1 171.8 173.7 175.9 178.3 179.6 178.6 177.5 176.1 174.5 173 169.8 167.5 163.9 155.7 149.7 150.1 151.2 160.5 170.1 184.7 199.8 210.7 221.4 234.4 245.2 251.1 255.3 256 254.2 250 243.3
160.7 154.5 145.8 139.6 144.5 149.9 156.2 158.4 161.4 165.4 168.7 172.2 175.7 175.7 175.2 176.1 177.5 179.8 177.3 174.2 170.9 167.8 166.5 162.2 157.7 152.8 155.1 159 164.6 169.8 172.7 173.7 174.8 176 175.6 173.3 169.7 164.8 159.2 152.6 143.7 149.2 156.1 159.3 162.1 164.1 166.9 167.5 168.1 170.4 173.5 174.8 173.8 173.1 171.9 170.7 168.5 164.1 162.5 158.5 154.7 148.7 149.5 150.5 156 165.9 179.1 193.9 205.7 218.1 229.8 238 242.6 246 247.6 244.5 240.1 234.9
161.2 155 149.6 139.2 140.2 145.7 152.1 156.3 160.4 163.6 166.5 169.6 171.3 170.7 171.9 172.9 173.9 177.6 175.1 172.2 169 166.9 166.4 162.9 156.7 152 150.7 156.5 161.7 165.8 170 171.4 172.8 173.9 172.8 170.5 166.6 162.1 156.2 149.5 141.9 149.8 154 156.1 159.8 162.3 163.8 164.6 164.6 166.3 167.6 169.6 169.7 168.7 168.2 166.5 163.9 158.6 156.2 154.1 150.8 149 149.2 149.8 150.6 160.5 169.8 184.3 197.9 208 218.3 226.2 231.1 233.3 232.9 231.2 229.4 221.8
163 157.4 151.7 142.3 136.7 142.8 149.4 155.2 158.6 161.4 164.3 167.1 167.6 167.6 167.2 168.5 170.7 173.6 172.5 169.8 166.8 164.1 164.9 163.4 157.4 151.9 150.3 155.5 158.8 162.8 167.2 169.5 171.3 171.3 170.3 167.6 163 158.4 153.4 146.1 141 144.9 150 153.4 157.1 159.3 160.9 161.7 162.6 162.4 163.3 164.2 164.3 164.5 164.6 162.7 159.8 149.4 147.4 149.8 148 148.7 148.8 149.7 149.9 155 164.1 173.2 185.4 194 201.1 208 211.9 214 216.1 217.6 215.6 210.9
165.5 159.3 152.8 144.9 136.4 135.8 148.2 153.2 156.5 159 161.7 164 163.5 164.3 164.3 164.6 167.1 169.5 169.4 166.9 163.9 160.4 163.5 162.6 156.6 150.5 148.2 153 156.8 160.4 164.1 166.4 168.3 168.2 166.9 163.9 159.8 156.3 150.2 142.6 140.5 143.6 147.3 150.1 153.9 155 156.4 158.3 159.2 158.9 160.2 159.6 159.5 160.2 158.6 152.5 147.8 149.5 156.2 152.6 151.6 148.5 148.6 149.5 149.7 150.7 157.4 164.1 172.8 181.9 186.8 191.2 195.7 198.2 202.2 203.1 202.1 202.3
166.1 159.6 152.9 146.6 135 134 146.3 150.8 154.1 157.1 159 160.8 159.4 159.2 159.9 160.1 161.5 165.8 166.1 163.9 160.8 157.9 160.5 160.3 155.1 149.3 145.8 149.7 153.4 157.1 160.4 162.6 164.4 164.9 163.7 160.3 156.3 152.6 148.1 138.8 139.5 139.6 140.7 144.4 140.1 140.6 140.6 147.1 155.4 155.6 156.5 156.2 155.8 153.6 150.4 146 150.1 156.9 166 160.1 159.2 152.3 148.9 148.7 150.3 150.6 151.6 156.9 162 171.2 176.6 181.7 184.5 189 194.6 197.2 195.7 195.6
165.9 160.1 153.4 147.4 137.1 133.7 143.9 148 151.1 154.5 155.8 156.7 154.8 153.8 153.9 154.8 156.9 160.8 161.8 159.6 157.4 155.4 157.6 156.8 152.6 147.9 142.1 147.1 150.5 153.2 157 158.9 160.9 161.6 160.3 155.8 141.7 136.8 138 138.6 139.6 139.7 139.5 139.8 141 141.5 141.7 142.6 141 146.7 147.1 143.8 145.3 150.8 153.9 157.3 164 166.5 169 162.9 165.7 160.8 150.8 150.1 150.9 151.4 152 153.8 157.3 165.6 170.1 173.6 179.2 183.9 191.1 190 192 191.9
164.6 158.9 153.2 147.5 138.5 131.4 137.1 144.8 148.4 151 152.6 152.3 150.6 148.7 148.8 147 150.7 151.1 150.8 150 150.6 149.4 153.7 154.3 149.9 145.8 140.7 144.6 147.4 149.7 152.7 155.6 157.5 158 153.4 148.4 137.4 137.9 138.8 139.1 139.8 139.4 140.5 141.2 141.4 142.3 142.7 150.6 155.6 151.3 152.3 154.2 158 159.8 162.4 166.5 176.8 172.9 171.1 185.9 169.3 163.7 154.3 150.5 151.9 152.1 152.5 153.4 155.3 161.1 166.7 169.9 174.4 176.9 181.1 183.2 186.9 188.1
163.3 157.3 151.9 146.9 141.6 130.3 136 140.4 145.1 147.9 149 148.7 146.5 145.2 143.8 137.5 127.6 127.4 129.8 143.6 144 146.2 150.6 151.4 148.3 143.3 138.5 142.7 145.3 148.2 152.1 152.8 153.8 152.9 148.8 140.9 137 141 143.5 138.6 139.9 139.8 140.4 140.5 141.3 146.4 157 165.2 172 166.5 166.7 166.7 168 168 171 175 181.6 178 184.5 191.5 180.8 169.1 159.4 151.2 152.8 153.2 153.8 153.9 155.5 160.2 164 165.3 169.5 172.2 176.8 178.7 180.3 183
161.4 155.3 149.9 146.4 141.4 129.8 129.7 137.1 141.3 144 145.4 145.1 142.7 140.7 139.7 126.3 125.3 129.3 130.3 129.9 134.9 140.9 147.1 148.6 145.7 142.3 135.9 139.5 142.9 147.4 150.5 150.6 151.7 149 139.2 134 147.2 150.2 147.8 139.5 138.9 139.6 140.2 140.4 146.6 155.8 168.5 176.1 179.6 176.5 177.4 177.7 177.8 178 179.4 181.2 185.2 188.8 198.4 196.5 190.6 178.2 167.8 155.3 153.5 154.4 154.6 154.8 155.6 159.4 163.1 163.5 166.4 170.1 172.4 174.7 176.7 175.8
159 153.5 149.6 145.4 138.8 130.5 127.1 133.7 138 139.6 140.7 139.4 138.3 134.9 124.3 128.7 131.3 134.5 134.4 132.6 130.5 134 143.6 145.7 137.3 137.5 134 134.8 134.4 135.2 146.2 145.9 146.9 143.6 133.7 146.2 154.1 157.1 156 148.6 140.3 140.3 140.7 143.2 151.6 163.7 175 180 183.2 183.9 184.6 187.1 187.5 188.4 190.2 186.8 193.5 202.4 205.6 198 193.7 185.9 175 162.5 155.1 154.9 155.4 155.7 157.6 162.6 165.2 167 166 167.5 170.6 172.3 173.2 172
156.9 152 147.6 144 135.4 128.9 126.3 132.6 135 135.6 133.7 131.7 127.2 123.5 129.1 135.1 144.1 150.6 148.5 145.7 139.5 130.1 137.5 139.8 131.1 133.7 133.5 134.3 135 135.4 136 137.3 138 133.5 149.4 158.1 162.1 162.8 160.8 152.9 142.9 142.4 144.7 145.6 155.2 167.3 178.1 184 186.7 186.3 188.8 191.3 197.8 194.8 196.1 204.4 209.2 214.6 217.2 210.4 199.1 190.6 181 170.5 158.8 155.5 156 156.6 157.5 163.2 168.9 168.6 168.4 167.1 168.1 169.2 170.2 167.9
