ny/ny28_OST50GRID_20230518/NY28.asc
ncols 200
nrows 200
xllcorner 320000
yllcorner 580000
cellsize 50
[rows 105 to 139 of 200, columns 78 to 155 of 200]
202 201.1 201 200.9 200.5 199.1 198.1 196.9 205.6 211.4 218.7 226.1 229.1 228.4 229.6 229.6 229.3 229.8 230.3 231.8 233.3 235.3 237.9 239.6 240.9 239.9 239.5 241.8 245.3 249.2 253.5 256.9 260.5 263.7 267.4 272.9 272.9 269.3 263.4 258 258.7 259.4 258.5 255 258.2 263.9 270.2 274.8 278.6 277.9 275.1 272.4 269.2 266.2 267.3 270.3 275.3 278.7 283.9 293 299.5 306.3 314.4 321.1 326.5 334.9 340.1 344.1 347.2 348.2 351.5 359.4 365.1 373.4 381.4 387 393.4 399.8
197.4 196.5 196.9 197.5 196.7 195.4 195.3 195.5 204.6 212.9 221.8 231.2 234.3 238 239.9 237.5 233.3 232.4 232.5 234.5 236.6 239.4 240.2 241.7 242.4 241.7 241.1 242.4 245.8 248.7 252.3 254.8 258.9 261.6 262.2 265.6 267.4 265.7 263.2 261.2 265.5 265.8 265.1 260.2 256.8 264.4 268.8 274.2 278 278.3 275.1 272.5 269.9 268.7 271 270.8 274.3 277.9 280.9 298.6 305.8 311.1 317.3 322.2 325.2 328.6 333.2 336.8 339.8 343.2 352.3 363.4 364.2 373.7 383.6 390.6 395.9 399.7
192.8 191.2 189.7 193.8 192.5 191.5 192.3 193.6 200.1 210.9 221.5 231.4 237.1 245.9 250.1 241.5 237.2 234.5 234.6 236.7 237.4 240.2 242.4 243.5 243.8 243.9 242.9 243.3 248.3 252.6 256.3 258.1 262.1 264.3 266.4 271.4 272.4 270.9 267.3 265 270.8 271.6 270 266.6 264.9 265.1 269.2 272.8 276.7 277.8 275.3 273.8 271 274 276.2 275.5 272.9 274.6 283.5 300.1 307.1 315 321.1 325 321.8 323.8 326.7 330.4 332.1 338.3 349.8 356.8 363.4 373.4 383.6 391.2 398.1 401.8
187.1 182.7 189 187.8 187.8 190.1 191.4 191.6 194.8 206.9 220.2 229.7 236.5 245.6 252.1 248.7 243.5 240.9 241.1 243.2 242.8 243.5 245.3 245.7 246.5 246.3 245.7 246.3 253.2 262.1 267.4 265.4 267.9 271.5 273.9 273.2 273.6 272.4 271.7 273.3 275.2 275.7 275.6 271.9 266 266.2 270.8 274.4 276.7 277.3 276.7 274.6 272.5 278.7 281.9 284.9 279.4 270.2 285 301.8 311 318.2 324 322.9 318.2 318.6 320.8 324.5 326.8 334.3 345.1 353.9 363.3 372.3 382.1 390 396 401.1
182.5 197.2 198.3 195 191.2 190.3 190.5 192 194.4 199.9 214 226.6 234 240.1 248.2 252.5 247.3 245.2 244.2 245.6 246.9 250 250.4 249.5 250.3 250.1 249.7 249.7 259.2 268 273.3 275.5 274.1 275.2 277.4 276.1 275.8 275.1 276.4 278.2 280.5 281.4 279.6 275.8 270.3 266.8 270.8 275.8 277.7 278.1 277.9 276.6 276.8 284.8 290.8 292.5 289.8 270.3 283.3 303 319 326.4 328.2 323.4 313.5 310.3 310.5 314 320.5 329.5 340.8 352.2 361.1 371.8 380.9 386.6 396.1 397.1
186.5 197.6 201 199.6 202 200.4 200.1 202.6 199.8 198.4 209.2 222.3 231.7 236 242.3 250.2 249.5 246.7 244 246.4 252.7 255.8 255.7 254.4 255 254.7 255.2 255.7 263.1 269.4 274.3 277.9 277.4 277.1 278.3 277.2 276.5 277 279.4 283.6 287.7 287.6 286.3 279.7 274.4 268.1 270 275.7 277.5 278.3 278.5 278.3 283 292.4 298.3 301 295.2 271.2 286.4 318.9 326.6 333.7 331.8 325.9 310.4 300.9 301.3 303.2 311.4 324.7 339.4 352.6 360.3 369.3 379 385.7 390.8 392.3
197.5 197.1 201.3 204 206.5 209.3 214.9 216.4 214.7 216.5 210.7 220.9 228 233.3 237.2 245.9 247.9 246.2 243.2 255.2 266.2 267.6 265 263.8 261.7 259.6 261.4 258.6 265.7 269.5 273.1 276.9 278 276.3 277.9 277.4 277.1 278.4 282 287.8 291.9 292.2 291.2 285.5 279.8 271.1 269.5 272.3 275.5 277.5 279.4 281.8 290.5 300.2 306.7 307.2 295.6 271.9 286.8 320.6 326.9 332.6 331.4 325.4 312.7 293.3 294.6 294.9 306.3 324 339.8 351.8 358.4 364.4 375.4 380.4 383.9 385.1
194.7 196.7 203.7 213.7 212 216.3 220.1 222.4 223.4 226.6 222.8 215.8 224 229.5 233.4 240.2 244.6 240.3 243.6 258.3 264.3 268.6 265.6 265.5 262.5 262.6 264.2 264.9 264.7 268.6 271.5 275.2 276.6 275.4 276.5 277.2 277.9 279.6 284.1 289.3 294 296.9 294.3 291 284.4 275.2 271.9 274.5 277.1 281.7 281.5 286.8 295.6 304.1 306.1 306.3 297.5 272.1 285 316.7 324 329.3 331.4 326.5 313.5 292.3 288.3 294.3 302.4 321.5 335.9 348.3 353.4 359.4 367.9 373.4 376 376.3
187.5 194.3 204.1 214.3 213.3 216.4 222.6 233.3 231.6 230.6 225.9 222.5 219.2 225.2 231.6 234.5 237.5 241.7 242.9 253 261 263.4 262.8 263.7 262.4 265.3 267.8 269.9 268.4 268.2 269.9 273.3 274.9 274.8 277 278.5 278.4 282.5 286.2 291 295.3 298.5 297.4 295.9 288.6 281.6 273.6 277 281.3 283.9 285 290.1 297.9 305.5 306.6 305.5 297.2 273.7 279.1 308.5 316.3 324.9 330.1 326.1 314.8 294.7 286 291.1 302.1 318.2 328.8 338.9 345 352.1 361.7 366 368 366
183 190.9 201.3 211.2 212.2 216.6 231.2 238.2 236.6 233.1 235.6 232 220 222.2 227.8 231.4 236 240.4 241.1 246.7 255.8 259.3 259.9 257.7 260.9 267.3 274.1 276.7 273.9 272.5 270.6 270.4 271.9 274.3 276.2 278.5 279.6 282.9 287.5 293.2 297.8 301.4 301.4 299.4 292.9 285.9 277.6 279.7 285.7 291.4 287.2 291.7 299.2 310.4 310.6 304.2 292.7 274.1 275.2 304.8 313.3 320.7 324.5 324.6 313.6 293.6 280.4 286.3 297.4 309.3 320.8 325 334.4 342.1 354.6 358.8 359 358.3
188.8 188.2 197.6 207.9 210.6 215.4 228.1 237.7 238.1 237.1 241.6 237.4 224.9 221.1 224 227.9 231.3 236.8 240.8 244.7 248.2 255.2 255.3 257.5 258.6 265.6 275.5 280.3 278.2 279 277.8 273.6 272.7 275.6 277.2 279 280.3 284.4 288.6 294.8 298.4 301.2 301 299.3 293.3 287.9 285.5 288.7 293 295.1 293.4 293.6 298.3 305.5 303.7 296.4 285.7 265.1 274.4 300.4 308.7 316.3 323.6 322.3 312.2 292.9 274.2 281.5 289.7 298.6 310.8 313.6 322.7 330.1 345.6 351.6 353 350.1
208.5 199.9 194.5 204.7 208.8 214.6 225.6 235.5 237 239.8 241.2 240.7 234.4 224.6 222.7 225.1 228.9 235.2 238.7 243.2 244.2 249.9 251.4 254 258.5 263.8 273.5 278.8 279.4 280.7 282.7 277.8 275 275.3 277.8 279.5 281 283 287.7 293.1 297.1 299.2 298.9 297.9 292.7 291 292.5 294 297.5 302 299.9 293.2 295 296.3 292.5 285.9 277.9 262.8 277.5 296.1 303 312.4 320.2 319.2 310 289.2 275.2 276.5 276.9 281.8 290.7 295.9 308 318.2 331.6 341.7 344.6 342.4
220.7 211.8 203 203.5 207.9 213.2 223.6 231.8 236.1 239.3 240.8 241.5 238.3 234.2 229.3 229.3 226.6 230.5 235.3 241.4 242.5 244.7 245.7 249.6 255.8 261.6 270.1 274.8 276.3 278.2 281 279.3 277.8 277 277.1 279.3 279.7 283.8 289.2 291.8 295.7 297 296.4 295.5 292.4 293.2 296.1 297.5 300.1 299.6 297.3 293 290.5 291.9 289.6 279 270.1 264.1 273.3 292.7 298.4 309.8 315.1 314.4 305.8 286 273 272.4 271.6 272.7 275.7 278.1 287.8 301.6 315.7 327.1 333.4 333.6
229.1 221 213.4 210.1 210.7 214.2 224.8 230.6 233.3 236.7 240 242.3 241.3 242.9 239.2 235.2 235 232.4 233.2 237 241.2 242.5 244 248.2 253 256.9 264.5 270.3 272.9 275.1 277.6 279 278.5 278 277.8 277.6 278.5 282.6 287.9 290.7 293.6 294.7 294.5 293.6 291.1 294.9 297.3 297.2 297 297.3 298.6 291.8 281.8 286.2 282.7 270 263.5 262.7 279.9 293.8 299.4 308.9 311.7 308.8 299.6 285.8 273.3 262.6 264.7 268 269.3 270.1 269.8 280.8 296.5 312.6 320.4 321.9
237.3 229.2 221.3 218.5 216 216.9 223.5 228.1 232.9 234.8 239.7 243.3 248.3 248.8 245.3 242.7 239.8 237.7 233.7 235.9 239.6 241.3 242.2 245.7 252.2 256.9 261.8 265.6 269.3 271.6 274.8 275.8 277.7 278.5 278.4 277.3 277.3 281.3 285.3 288.7 291.8 293.1 294.3 294.8 291 291.8 294.5 292.3 293.4 295.4 296.1 291.1 278.9 278 276.1 265.2 258.4 262.5 282.3 296.5 304.5 312 312.7 312.9 300.1 286.3 274.7 268.4 261.4 265.2 265.4 265.3 266.5 268.5 275.6 293.4 306.5 308.6
244.5 237 226.5 223.2 220.8 218.4 222.2 226.8 232.1 235.2 241.6 251.9 255.7 255.6 252.5 248.3 244.6 241.4 238.1 236.1 238.4 239.8 241.4 243.8 250.4 256.2 260.7 262.3 266.4 269.5 272.3 275.2 276.6 276.8 276.7 276.6 276.4 278.8 283.6 287 289.6 292.8 296.3 298.5 293.5 286.7 290.8 288.7 289.4 290.5 290.9 287.4 274.5 273.4 267.8 260.1 254.9 262.5 283.1 295.3 307.4 317.3 320.5 321.5 312.1 294.4 277.4 270.4 264.8 253.5 260.2 259.1 259.8 260 263.9 273.7 290.4 295.7
249.9 242 232.2 228 224.4 218.9 219.3 225.8 231.5 241.2 252.1 261.8 264.9 262.3 257.8 252.7 250.3 247.7 241.8 239 238.7 238.2 239.4 243.6 248.2 255.9 259.5 261.4 262.4 265.8 269.3 271.8 273.4 275.5 276.2 275.3 276.7 278.5 281.1 286.1 289.6 293.1 298.6 300.6 297.8 289.7 283.1 284.2 284.9 285.1 284.9 280 269.7 265.2 261.5 258 251.4 262.7 280.8 293.1 306.9 318.4 325.3 325.4 316.9 302.6 286.9 274.7 267.5 260.5 247.3 252.3 251.1 251.4 257.3 257.6 270.1 282.4
251.8 244.7 236.7 231.8 227.7 221 216 221.9 231.9 245.6 256.5 267.1 269.7 267.5 263.5 259.5 256.4 253.2 249.3 242.5 239.7 238.5 239.2 240.4 248.3 253.8 256.8 258.9 259.9 263.5 267.5 270.2 272.3 273.8 274.4 276.9 278.3 278.2 282.4 287.1 291.1 294.9 299.4 302.4 298 288.9 283.1 273.6 278.3 278.8 276.6 271.7 260.2 256.1 257.4 255.2 249.4 260.1 278.3 289.8 305.3 316.4 323.8 325.9 322.6 316.2 304 292.6 279.9 269 258.6 244 243.7 245.8 248.2 248.6 255.2 266.2
254.6 247.2 238.8 232.8 229.3 221.8 213 213 231.1 247.7 259.9 266.1 269.6 270.3 267.8 265.3 261 257.7 254.2 249.6 245.2 241.7 243 237.5 248 249.5 254 256.9 258.8 261.2 264.6 269.4 271.3 274.6 275.1 278.7 280.3 280.9 284.8 290.3 295.1 298.3 300.3 302.9 301.7 289.4 284 276.6 265.2 269.6 268.9 264.1 259.3 252.4 253.1 252.9 245.8 257.9 273.4 287.7 302.6 317.7 324.8 329.6 331.2 327.1 318 307.9 297.3 284.9 271.9 253.7 235.8 238.6 239.3 242 245 247
254.7 247.1 240 232.3 228 218.2 209.9 211.5 229.8 249.4 258.3 265.3 270 271.5 271.1 270.1 266.9 263.6 260.2 254.8 250 250.3 247.8 237.2 245.5 248.7 252.6 257.5 253.5 262.3 266.6 269.8 272.9 275.5 276.8 278 280.7 281.2 287.2 293.8 297.8 301.3 304.4 305.3 302.1 295.7 289 279.3 271 264.3 256.7 257.8 254.6 251.6 248.8 248.5 244.2 254.5 270.8 285.9 301.6 316 325.3 328.7 332.4 329.2 326.1 319.9 310.4 297.3 280.3 265.1 244.4 228.7 233.6 235.9 239.6 241.9
253.1 246.8 238.8 228.8 221.2 211.7 206.1 216.4 234.9 249.8 257.6 264.5 270 273.4 276 275.6 271.4 269.1 266.9 261.2 253.1 249 249.3 239.3 243.1 248.9 252.1 251.7 257.1 262.1 265.5 269 272.3 275.9 276.3 277.5 280 282.4 289.9 297.1 301.2 304.7 307.1 307.9 302.8 298.3 291.4 286.5 279 269.5 262.5 250.8 250.8 248.8 245.4 243.8 235.5 251.8 268.2 284 299.1 313.3 323.8 325 328.7 326.6 325.8 324.5 316.3 303.9 286.1 268.6 247.6 225.3 230.4 232.3 235.3 238.2
251.5 243.2 235.1 223.4 211.8 205.3 207.3 222.3 242.9 251.9 257.6 263.4 270.2 274.3 276.4 276 273.5 272.9 270.3 265.5 259.8 249.3 249 237.7 239.1 244.7 248.9 255.1 258.3 261.5 265.8 269.4 273.2 276 277.6 278.5 280.5 284.4 293.5 300.1 304.1 307.2 308.2 307.7 303.3 299.6 298.5 295.7 287.6 278 266.3 257.4 247.1 243.6 241.1 239.8 231.8 247.6 265.5 281.1 296.6 308 320.4 321.7 323.1 321.4 324 323.3 317.4 303 285.7 265.1 246.8 230.2 225 229.3 231.6 234.5
245.2 237 227.5 213 206.7 202.3 211.4 231 244.1 251.9 257.1 261.8 268.1 271.9 274 275 274.6 274.9 273.6 270.7 264.4 249.4 248.7 241.2 228.8 247.9 250.9 254.6 258.8 261.7 265.7 269.8 273 275.4 277 278.6 283 288.6 297.3 301.7 303.7 305.5 307.7 307.7 305.3 304.5 306.5 301.3 292.6 284.1 274.4 265.7 249.7 236.8 235.1 234.3 232.6 242.7 259.2 278 292.7 303 313.9 316.3 317 317.4 321.6 318.5 312.5 297.8 281.3 259.9 244.7 231.5 218.7 227.3 229.1 231.1
236.9 228.8 215.7 208.5 202.4 203.5 219 230.9 242.3 249.6 254.5 258.9 265.4 268.7 271.7 274.9 277.5 277.5 276.8 274.5 267.5 248.3 247.8 239.9 230.4 249 254 255.2 258 261.9 265.2 269.6 272.5 274.1 275.7 278.1 284.5 290.3 297.3 300.7 302.5 304.7 306.5 307.9 310.4 312.8 310.8 305.7 298 289.6 278.6 268.6 250.6 238 230.1 228.6 224.2 234.5 253.8 270.2 286.9 298 307.3 310.8 311 312.9 315.2 312.6 306.3 291.5 274 254.6 241.3 230 213.1 223.4 225.8 228.2
225.1 217.8 210.6 205.6 200.3 202.2 216.1 227.5 235.6 245.7 250.8 255.8 263 266.3 269.3 274.2 275.9 276.9 275.5 271.2 264.2 256.1 246.3 237.7 231.6 246.3 250 253.2 259.2 263.3 267.9 269.4 271.8 274 275.7 277.7 282.8 288.6 295.7 298.4 301.3 303.2 306.5 308.7 311.1 313 312.2 308.8 302.8 294.1 282.4 268.9 251.3 235.9 229.2 222.9 220.1 225.6 236.6 255.8 275.9 289.2 297.9 303.1 306.5 306.6 307.1 304.1 297.8 282 263.4 247.9 238.3 227 212.9 219.5 221.9 224
216.3 212.6 207.7 202.5 199.3 202.4 213.1 223.8 234 241.7 247.2 252.3 258.6 262.2 265.5 270.2 272 272.7 271.2 266.6 260.6 253.1 244 235.8 225.1 243 249.7 256 262.5 268.7 273.5 273.3 272.6 273.7 275.6 278.8 281.7 286.8 291.2 294.9 297.9 301.5 306 308.6 310.1 311.3 310.9 308.7 304.1 298.5 286.2 272.1 251.4 236.6 228.3 219.3 219.9 219.8 228.3 243.9 269.5 282.2 291 294.6 298.4 299.1 299.5 295.6 289.4 274 254.9 243.3 233.2 223.3 212.4 213.2 217.8 217.9
209.5 207.7 204 200.5 197.8 200.1 212.4 221.5 228.9 238.4 243.4 248.1 254.1 258.3 261.3 265.2 267 268.3 266.4 262.1 256.7 246.8 241.7 227 228.3 242.8 251 257.1 262.8 267.8 272.9 273.3 273.5 274.9 276.6 277.3 280.6 283.3 286.5 289.4 294.4 299.9 304 308 309.4 310.7 310.4 307.6 302.5 297.1 289 277.3 259.6 237.9 226.6 219 214 214.5 223.9 236.4 259.3 275.4 285.8 288.6 290.7 292.3 291.5 288.3 279.6 264.5 248.6 239.7 227.8 220.1 214.1 206.8 212.6 212.4
202.9 203.3 200.7 196.6 191.1 199.9 211.2 218.6 224.7 232 239.6 245 250.3 253.5 255.6 259 260.6 262 262.1 258.4 251.9 243.3 235.2 222.1 231.3 241.2 247.3 253 259.3 263.2 268.2 272.5 274 276.9 275.4 274.6 277.3 280.3 282 285 290.4 296.4 301.8 306.6 308.4 310.3 309 305.5 300.7 294.9 290.3 282.2 267.4 242.8 225.6 219.1 212.8 211.2 217 228.3 249.8 266.9 278.4 282.1 283.4 284 282.1 279.2 270.2 257 243.7 234.3 225.3 218.6 213.9 204 210.5 210.3
196.4 197.9 196.4 192.9 190.1 200.9 212.7 220 226.5 232 235.5 241.4 245.2 247.5 250.9 253.6 255.6 257.4 257.7 255.1 249 240 234.3 222 223 235.8 243.4 250.7 256.3 259.9 264.4 270 271.1 272.2 272.6 271.7 274.6 275.4 277.7 281.8 287.7 293.6 299.9 304.5 305.8 306.7 305.6 302.5 298.2 293.6 288.8 282.8 272 250.7 233.3 223 214.9 207.1 212.6 219.4 238.1 255.5 268.2 272.8 275.5 275.8 274.3 270.1 260.5 251 240.3 229.6 223.9 217.9 212.4 206.4 201.9 208.5
192.2 192.4 192.1 188.9 191 202.3 211.1 217.6 223.7 227.5 231.1 236.3 239 241.9 245.7 248.1 249.6 251.7 252 250.9 246.1 238.1 234 227.6 214.1 228.3 235.7 247.5 253.5 256.3 261.2 265.6 267.1 267.1 268 269.3 271.1 273.3 276.7 280.9 286.2 293.1 299.3 302.2 302.9 302.2 301.5 298.2 294.7 290.6 286.5 280.3 272.6 256.9 237.3 225.7 217.7 209.5 207.8 214.5 227.6 247.1 258.1 266.2 268.8 270.3 268.7 263.9 254.3 245 234.4 227.5 222 217.4 211.5 206.1 199.5 200
186.9 186.7 187.3 183.9 186.2 194.8 203.2 211.5 218.5 222.4 226.1 230.5 234.1 236 238.4 241.7 243.6 246 246.5 246.3 243.8 237.5 232.8 227.8 221.2 222.1 231 241.8 248.8 253.1 257.3 261.2 262 262.5 264.2 265.7 268.7 273.1 276.5 280.2 285.5 293.4 298.3 299.1 298.4 297.6 296.9 294.4 290 286.8 283.4 277 270.1 259.2 243.2 228.1 222 212.6 202.9 209.7 218.8 236.3 247.7 256.2 261.3 263.7 261.6 256.3 247 239.3 232.2 225.3 219.5 215 210.4 205.3 199.2 196.2
182.4 181.6 181.7 180.1 176.7 186 191.5 203 210.7 214.9 220.1 224.3 227.6 230.5 232.7 235.3 238.4 240.4 241 241.3 240.1 236.8 231.9 227.9 222.7 208.7 222.6 234 243.1 248.5 252.4 254.5 252.6 252.7 263 266.4 269.4 272.3 275.7 279.4 284.7 291.9 295.8 294.9 293.9 292.9 291.6 289 285.7 282.5 279.5 274.4 266.9 258.1 246.3 232.4 222.5 215 204.9 204.7 212.6 225.1 239.8 248 253.8 256.6 254 247.7 242.1 237.1 230.2 224.3 218.3 212.5 208.2 204.5 197.7 194.2
176.4 175.6 175.5 175 170 180 187 197 205.2 210.2 211.8 216.5 221.1 223.9 227.1 230 231.7 234.8 235.2 236.1 235 233.1 230.6 225.2 218.4 207.4 219.4 226.1 235.8 241.7 244.6 236.8 253 259 262 266.1 269.4 272.5 275.1 281 286 289.2 292.3 290.6 288.6 287.7 286.3 284.5 281.5 278.8 275.3 270.6 264.2 255.9 246.5 235.2 224.6 215.7 206.5 199.1 206.7 219.5 231.7 240.2 246.2 248.5 246 242.3 236.8 234 229.1 222.1 216.8 210.3 206.2 203.1 198.3 193
170.6 170.8 169.4 167.8 169.9 175.5 181.2 188.6 196.6 202.8 205.2 208.1 214 218.1 221.1 225.1 226.6 229.1 230.4 230.7 229.3 229.3 228.1 223.5 214 203.8 218.1 218.6 216.2 222.8 239.2 248.1 253.9 258.1 262.4 266.5 270.1 273.6 279 283.8 287.2 286.6 286.8 286.2 284.2 283.3 281.7 279.9 277.5 274.6 270.6 266.2 259.8 252.7 245 235.8 225.7 217.1 207.8 197 204.3 209.3 223.3 231.4 237.6 241 240 236.3 231.1 229.5 227.2 220 214.8 207.5 204.1 201.1 193.4 191.9
166.2 165.8 164.4 165.4 167.3 169.3 176 179.7 186.6 193.5 198.2 202.7 206.7 212.5 217.7 222.1 223.5 224.6 225.7 225.1 224.6 224.7 225.4 219.7 212 195.5 206.2 210.9 226 234.8 242.2 250.8 256.5 260.1 263.8 267.8 270.8 275.9 281.2 283.7 286.2 285.1 283 281.4 279.9 278.6 276.7 274.9 272.3 268.8 265 259.9 254 247.2 240.1 233.6 226.1 219.9 209.8 196.1 201 208.4 217.3 225 231.5 234.7 233.3 231.3 227.6 225.5 224.4 218.6 213.5 204.1 201.1 197.9 189.6 190.8
