ny/ny28_OST50GRID_20230518/NY28.asc
ncols 200
nrows 200
xllcorner 320000
yllcorner 580000
cellsize 50
[rows 0 to 34 of 200, columns 0 to 77 of 200]
210.4 206.9 202.1 199.8 196.6 195.7 194.4 192.3 186.2 193 196.8 192.9 190.7 187.5 196.5 203.8 211.5 219.4 227.4 235.2 239.6 242.2 237.7 227.4 212.1 191.7 185.1 185.2 185.6 196.1 210.1 221.1 233 249.1 259.4 269.4 276.7 277.4 283.2 284.1 287.8 285.7 283.5 280.4 275.6 269.9 267.5 267.6 269.3 268.1 266.7 265.7 263.9 260.8 258.3 255.5 252.8 253.1 253.3 254.6 256.7 258.2 260.1 261.1 256.5 254.4 255.1 254.2 255.8 257.1 260 264.9 267.2 267.3 262.4 258.4 255.2 253
208.3 203.7 198.4 194.5 192.9 192.8 192.4 189 189.3 194.7 194.2 188.3 185.5 193.1 199.9 208.3 215.2 219.9 228.9 236.2 240.1 237.8 231.4 220.1 203.5 185.2 184.6 184.9 189.3 201.7 213.4 223.9 237.4 249.4 259.9 272.7 278.1 284.5 287 287.8 290.7 288.9 287.2 284.9 281.4 273 274.1 275.1 276.2 275.8 274.1 272.1 269 266 260.7 255.9 252.1 252.4 252.8 253.6 254.5 256.8 259.3 260.1 255.8 254.8 255.4 256.1 258.7 260.3 262.4 266.2 266.9 263.6 259 255 251.5 249
204.8 197.4 192.9 190.4 189.9 189.4 188.9 182 191.5 193.1 189.7 184.7 191.9 198.4 203.1 212.4 219.9 227.1 234.4 238.9 237.2 233.4 227 212.9 193 184.4 184.5 185.1 196.6 208.2 216.8 224.9 237.9 247.7 258.5 268.2 274.7 280.3 286.9 289.1 289.4 292.8 290.8 288.4 287.4 285.6 284.8 283.5 281.7 282 280.1 277 273.9 271 264.6 257.4 253.5 251.9 251.8 252.7 254 256.7 258.8 260.8 263.2 260.9 260.7 262.2 263.4 263.3 262.9 262.2 262.9 259.8 255.6 251.9 249.3 247.4
199.5 192.5 188.8 186.9 187 187 183.5 186.4 189.4 189 181.6 191.6 196.6 201.9 206.5 214.1 222.4 230.9 237.5 239.6 234.9 228.1 220.9 202.3 188.2 184.3 184.4 187.5 201.8 213.1 220.5 228.7 236.6 246.9 258.6 265.3 270.5 277.7 284.1 288.3 290.6 294.4 293.3 292.4 291 289.3 288.4 285.5 283.6 279.9 277.2 275.4 273.1 269.5 265 258.9 254.9 254 253.7 254.1 255.3 257.2 260.5 264.7 266.3 267.8 268.3 269.2 268.4 264.1 260.9 259.5 258.5 256.1 252.4 250 247.7 246.1
195.1 187.2 184 183.8 184.4 183.9 177.6 184.7 189.1 183.5 186.5 192.3 197.9 204.3 211.8 218.6 228.3 235.4 240.9 238.5 232.5 224.1 210.3 195.4 187.3 184 184.6 193.5 207 212.7 220.3 229.4 236.7 244.5 253.2 260.1 269 278.5 283.9 289.1 291 292.3 293.3 294.2 293.8 292.3 289.1 285.7 282.2 278 274.3 272 268.9 266.4 263.8 259.3 257.9 257.2 256 256.7 256.8 257.6 262.4 266.4 270 272.8 275.4 275.7 269.7 264.9 261.1 257.7 256.8 254.3 251.7 249.7 249.8 249.4
189.6 181.6 180.2 180.7 181.2 180.5 173.7 187.6 186.6 177.2 186.9 193 201.9 209.2 216.7 227.2 234.9 242.3 244 237.7 229.5 215.7 201.6 191.6 184.7 183.2 188.1 200.2 209.1 214.9 221 228.9 235.7 241.5 247.7 259.3 268.4 275.5 278.9 282.7 287.8 292.2 294.9 294.3 295.9 292 288.5 284.9 280.5 276 271.9 269.2 266.5 264.7 262.6 262.3 260.9 260.4 259.6 260.2 260.6 262.2 267.9 272.5 275.7 278.2 280.6 275.5 269.8 265 261 256.6 255.2 253.5 251.4 251.2 254.6 252.8
181.7 175.9 176.2 178.7 179.3 175.5 176.1 185.6 180.2 181.8 188.2 197.2 205.4 213.5 221.6 230.1 241.9 244 241.2 231.3 220.8 208.1 193.8 187.3 183.1 185.3 190.1 203.2 210.3 215.2 221.9 227.2 232 236.3 245.3 260.7 268.4 270 273.1 278.4 286.1 290.9 294 298.9 297.9 294 287 283.2 278.7 274.1 269.9 267.4 264.9 264.8 265.2 265.1 264.9 264.2 264 264.4 264.9 265.7 272.5 276.8 279.6 282.4 279.8 274 268.5 264 258.3 255.7 254.9 255.8 256.5 257.6 258.3 256.5
184.8 175 169.4 174.2 176.1 171.8 175.3 180.8 173.8 182.7 191.6 199.5 209.1 216.3 225.5 235.4 239.5 239.5 233.6 224.3 213.8 198.2 189.3 184.4 184.3 185.7 196.6 203.1 209.2 215.6 221.7 227 230.8 236.1 247.7 259 262.7 266.6 270.9 283.5 284.4 287 290.5 293.7 292.4 288.4 284.8 283 277.6 273.1 268.9 266.8 267.5 267.6 267.4 267.7 268.9 268.4 267.7 267.9 269.3 270 275.7 279.3 282.9 284.5 278.8 273.1 267.4 263.9 262.6 260 259.5 261.2 262.8 264.7 265.1 258.3
185.4 176.4 170.1 166.5 171.6 165.3 175.9 172.1 178.2 185.4 193.3 201.8 212.6 219.8 231.1 236.5 236.2 233.9 225.9 217.5 205.4 191.1 186.2 184.3 186.6 189.3 196.8 204.6 210.9 215.4 221.3 226.8 230 237.5 250.1 254.5 258.7 263 270.2 276.1 277.8 280.5 282.6 285.7 285.4 283.6 281.7 278.5 274.9 271.6 269.3 268.8 268.1 268.2 268.6 270.6 272.7 273.2 271.9 272.3 272.7 273.8 279.3 282.6 283 282.9 279.6 273.9 269.4 268.8 268.5 267.7 268 269.4 269.8 270.4 270.2 265.7
184.9 174.8 167.3 165.2 163.6 165.5 166.8 171.4 178.8 187.5 196.3 206.2 217.1 224.8 234.2 234.6 231.5 226.9 219.3 210.5 196.4 188.5 184.3 185.9 188.4 191.9 197.2 203.8 210.6 215.5 221.1 225.2 229.8 240.1 246.3 248.8 254.1 258.2 266.8 269.8 270.2 272.3 274.1 277.6 277.6 276 275.2 273.7 273.3 270.4 268.6 268.5 269 268.1 269.7 274.2 275 276.1 276 275.9 276.3 278.2 283 284 284.2 281.7 279.3 275.1 271.2 270.1 273.1 275.9 276.7 277.4 277.7 277.6 275 270.3
183.4 173.1 166.3 163.9 162.8 163.7 168.2 174.7 179.6 189.5 199.4 209.8 221.3 228.7 231.2 228.6 224.1 219.7 211.7 202.4 192.9 186.9 183.4 189.2 192.7 194.1 198.2 203.7 209.5 214.8 220.7 227.2 233.7 239.7 243 246.4 250.3 255.4 261.1 264.8 266.4 267.8 267.7 269.5 271.2 269.5 270.5 271.6 271.8 270 268.5 268.3 268 268.2 269.2 273.5 276.1 277.2 279.2 279.5 280.2 282.4 284.4 285.8 285.8 281.6 279.5 277 276.3 277.6 280 282.7 284.5 285 283.6 281.6 281.3 274
181.7 173.2 164.9 162 161.2 165 172 174.8 179.9 190.5 201.7 215.6 221.6 225.4 225.2 222.2 218.3 213.1 205.9 194.8 190.1 184.5 185.7 191.9 195.5 197.4 198.9 203.5 209.3 214.8 221.5 228 233.7 238.1 242 244.4 248.3 251.5 256.2 261 263.6 264.3 264.2 263.8 263.4 266.1 268.1 269.7 269.9 268.5 268.1 267.9 268.4 268.8 268.8 272.3 276.2 277.8 279.7 282.1 283.4 284.4 285.1 285.8 284.7 281.2 280.4 282.5 284.2 284.7 287.3 288.1 288.6 287.8 288.4 287.6 287.5 284.1
181.6 173 164.8 161.5 160.7 167.9 171.4 174.5 181.1 191.1 203.9 217.1 219.8 221.5 220.5 216.9 211.2 205.3 197.7 191.6 186.2 180.8 189.4 193.9 197.7 197.9 200.5 206.8 211.1 215.3 220.6 228.1 233.4 238.2 241.4 244.7 247.3 250.4 255 259.2 260.9 260.8 260.7 260.6 261.5 263.8 266.1 267.4 269 268.9 268.9 268.3 267.5 267.5 268.4 270.8 273.5 277.9 284.3 286.9 286.9 286.9 286.8 286.2 285.1 283.7 285 286.6 288.5 289.3 289.3 289.8 291.4 293.7 293.8 294.6 293.9 288.9
181.9 174 166.9 159.9 158.7 167.1 170.7 174.9 181.6 193.3 205.4 215.1 216.4 216.4 215.5 210.6 205.3 198.6 193 189.4 183.1 185.9 191.4 194.7 198.1 198.4 201.4 206.1 210.3 217.6 223.8 228.5 233.4 237.2 240.6 243.7 246.7 249.6 254.8 256.8 258 258.3 258.2 258.5 260.3 264.2 268.7 269 269.3 268.4 268.6 267.3 266.4 267.3 268.1 270.2 274.1 278.7 287.3 289.4 289.2 289.1 289.1 288.7 287.7 286.6 288.4 290.5 290.7 291 292.1 293.2 297.9 300.3 300.2 298.3 296.3 296.6
180.3 174.9 168.7 158 159.7 165.6 170.3 175.9 182.8 194.1 203.9 209.8 211.5 212.3 209 204.3 199.2 195.5 190.1 186.4 177.9 187.4 192.9 197.1 197.1 197.8 202.9 210.4 211.6 217 222.5 228.4 232.5 236.2 239.9 242.8 246.2 248.9 252.8 253.9 255.1 255.7 256.5 258.9 264.8 270.3 272.4 270.2 269.8 272.3 267.2 264.1 265.4 265.9 266.9 272.5 272.7 282.1 288.8 292.6 295.9 293.8 291.5 290.6 288.7 287.5 290.5 291.7 292.1 293 296.7 300 303 303.1 300.5 298.5 298.8 298.9
179.2 174.7 167.8 157.8 158.4 163.4 169.4 178.8 185 192.4 200.7 203.5 205.2 205.5 202.1 196.9 193.9 192.1 186.7 182.4 177.1 187.9 193.4 195.1 195.7 203.1 205.7 210.3 213.7 216.8 221.4 226.9 231.7 235.4 238.7 242.5 245.9 248.7 249.7 250.8 251.9 254.8 258.6 263.1 271 274.6 275.7 272.8 272.7 270.3 267.2 263.1 262.2 263.3 267.9 272.1 277.1 284.8 293.5 299.6 305.4 303.4 301.2 297.8 296 294.3 296 296.2 296.9 296.7 298.2 303.2 302.8 298.5 295.1 296.4 298.3 298.2
178.1 173.7 168.4 161.6 156.2 164.2 170.8 179.4 184.2 188.5 195 196.9 198.6 197.6 194.3 191.1 189.6 186.4 181 175.3 179.9 187.2 191.1 193 199.2 207.5 210.1 212 213.3 216.6 222.2 226.4 230.6 233.2 237.8 241.7 244.9 245.8 245.9 250.8 253.9 257.1 262.1 266.3 271.3 273.8 272.9 271.1 268.7 268.2 264 261.8 261.4 265.7 269.5 273.6 281 290.6 298.5 305.3 313.6 311.5 308.6 306.3 304.5 301.9 301.6 301.8 299.6 295.8 299.4 301 297.9 296.3 292.3 294.8 296.5 296.4
178.3 173.3 166.9 159.8 157.2 165.1 172.4 178.3 182.4 185.6 188.8 192.4 191.5 191.4 190.7 188 185.4 182.8 176.2 172.2 179.2 184.9 188.4 195.1 202.8 208.8 210.4 211.6 213.1 216.9 222.1 226.8 230.1 231.1 236.9 240.2 242.7 243.3 246.4 249.6 254.1 259.2 265.3 268.2 273 274.3 273 271.5 269.7 266.9 265.2 262.1 260.5 264.5 269.9 274.5 285 296.6 307 316.4 320.3 317.9 315.7 313.7 312.2 308.3 303.3 301.9 293.6 293.1 297 292.6 291.7 287.8 289.5 293.3 297.2 298.9
178 172.1 166.3 158 157.2 166.6 171.7 176.9 179.4 182.9 186.6 192 187.5 187.7 187.2 183.4 180.8 178.6 172.6 173.1 177.8 184 188.6 195.8 204.6 208.3 209.6 210.9 210.1 213.4 219.7 224.2 227.2 231.7 236.3 238.2 238.5 243.8 247.2 250.8 256.2 261 264.8 270.5 275.7 275.9 276.4 275.5 271.6 271.2 265.8 260.4 258.9 263.5 268.3 276.1 286.1 302.2 309.8 317.1 320.8 320.5 320.6 317.7 316.8 311.1 300.9 294.6 288.8 288.7 289.1 287.2 287.4 288.6 286.9 291.1 292.7 290.4
175.2 170.2 164.3 157.5 156 165.5 170.6 173.9 177.4 182.3 189.2 190.3 183.1 181.8 179.1 179.5 178.3 172.9 169.6 171 180.6 181.1 187.1 194.8 202.3 206.3 205.7 210.8 213.5 219.5 224.6 227.9 227.3 230.4 234.6 237.9 243.6 245.9 248.2 252.1 257 261.6 264.7 271.7 278.2 277.5 278.5 276.8 272.6 268.6 263.7 258.5 258.4 262 267.9 276.9 287.8 298.9 309.5 319.4 322.5 324.5 323.9 321.4 318.9 311.1 298.8 293 287.3 285.2 283.5 288 282.4 281.6 280.4 283.3 284.4 278.2
172.4 167.8 164.2 156.6 155.6 166.3 170 172.1 177.3 182 184.6 182.3 178.1 176.6 174.6 174.7 170.3 166.5 176.4 179.1 186 188.9 195 202 207.4 206.8 210.6 213 218.2 223.9 226.9 228.6 230 231.9 235.9 240.8 244.8 246 254.5 258.7 260.7 262.6 266.3 272 275.1 275.2 274.4 271.8 269.1 266 260.4 257.5 259.1 264.1 269.6 278.9 288.6 301.9 312.6 323.4 329.3 328.2 326 322.2 314.4 305.5 297.9 286.8 278.6 279.8 278.8 278.6 275.3 273.9 275.7 275.4 273.2 271.1
170.3 167.4 163.5 155.5 153.9 163.9 168 170.5 171.1 173.7 173.7 171.5 172.9 172.3 166.3 162.6 167.8 173.5 175.2 179.7 187.4 193.5 200.7 207.1 211.5 213.7 213.5 218.7 224 227.8 229.6 231 232.6 233.3 238.3 242.2 244 248.9 255.5 257.3 260.6 262 267.1 272 272 271.8 271.2 267.7 265.2 262 258.4 257.7 260.6 264.6 271.6 281.3 291.8 305.2 316.2 324.2 329 326.3 323.4 319.4 309.1 300.7 291.2 281.6 275.8 274.7 272.8 270.6 269.3 269.2 269.1 268.4 267.4 262.2
168.4 164.6 161.7 153.7 151.1 162 164.8 166.1 166.2 163.9 163.2 164.6 165.8 162.5 161.6 172.9 175.7 178.1 179.3 184.2 191.6 200.7 208.3 211.2 213.3 217.6 219 222.4 224.9 229.3 232.2 233.9 235.7 236.8 238.8 242.2 245.6 251.3 255.9 257 259.3 262.5 268 269.5 268.3 268.1 266.9 262.9 260.5 256.2 254.7 259 262.5 266.1 273.9 282.4 292.1 303.9 313.9 319.7 322.2 319.7 317.1 310.9 303.8 296.1 284.7 274.5 272.9 268.9 267.7 265.9 263.4 263.4 263.3 262.6 260.2 255.4
166 162 158.1 153.6 150.8 157.2 158.8 159.8 160.8 157.5 157.6 157.9 159 165.7 172.9 176.1 179 181.1 185.5 193.2 203.3 210.5 215.5 216.5 218.3 220.1 223.5 226.3 228.9 232.6 235.7 236.8 238.9 240.9 242.1 244.6 248.2 253.4 254.8 256 258.9 265.3 268.1 266.9 266.1 264.3 261.9 258.6 254.7 254.4 257.5 260.5 264.3 267.6 275.2 281.8 291.5 302 309.7 316.3 316.7 314.2 309.7 302.4 295.1 288.6 282.5 274.8 271.5 267.2 265.4 259.7 258.6 259.7 258.9 257.3 254.1 249.8
163.4 158.4 154 150.3 150.2 152.5 153.6 154 154.1 155.5 156.9 160.7 168.6 174.3 178.4 180.8 183.8 189.4 198.2 205.9 212.8 216.5 219.3 222.1 222.6 226.7 231 231.1 234.4 239.2 239.3 240.6 243.1 245 248.5 251.2 253.1 255.4 255.1 258 260.2 267 266.5 265.1 263.9 262.2 258.1 254.2 252.5 254.5 258.9 261.9 265.5 269.6 274.6 281.3 290.9 299.9 308.1 310.5 311.6 308.5 301.6 295.8 290.8 285.7 280.9 274.5 270 265.8 260.6 255.9 255.9 257.8 257.1 256.3 250.7 246.9
158.8 154.7 150.1 149.3 149.8 151.4 152 151.8 154.7 159.1 163.4 172.5 182.3 186.5 188.5 190.5 193.4 200.5 208.4 216.4 220 222.1 224.1 226.1 228.2 231.4 235.5 237.1 242.1 245 245 247.4 248 249.4 251.4 255.7 259 261.4 262.2 263.8 265.4 266.9 264.8 263.3 261.2 256.8 251.9 252.2 252.5 256.8 260.3 263.4 265.9 270.5 276.2 281.7 289.5 299.6 302.1 304.3 305.4 303.2 298.1 293 287.9 282.8 277.9 274 268.5 264.5 259.5 254.2 254.4 256 255.9 253.7 247.6 244.4
153.4 148.7 147.6 148.7 149.1 150.7 151.7 155.1 162.2 167.6 174 187.2 194.5 197.6 198.3 199.5 204.6 211.2 216.7 223.6 226.4 227.6 228.5 230.3 232.2 233.7 238.5 240.9 243.7 246.5 247.8 250.4 253.1 254.5 255.3 259.2 261.7 263.6 264.3 265.2 265.8 266.1 263.5 260.2 258.3 253.5 251 252 253.8 255.5 260.4 264.1 267.2 271.9 275.9 280.3 287.5 296.6 298 300.1 300.1 300.3 295.4 290.1 285.1 280 274.9 270.9 267 262.3 257.1 252.4 250.7 252.5 253.2 250.1 246.4 242.3
150.5 146.3 147.2 148.3 149.6 150.6 153.2 160.9 169 174.6 187.8 196.2 204.3 207 207.3 208 212.8 217.9 224 226.7 228.8 228.7 230.6 232.9 235.3 237.7 240.1 242.7 245 247.6 249.5 252.2 254.6 257.4 258.7 261.7 264.5 264.9 265.6 265.3 265.3 264.3 261.2 258 255.3 250.5 250.6 251.8 253.1 256 261.9 266.5 268.8 273.5 276.9 281 285.3 293.8 295.6 296.5 296.5 296.6 293 287.6 282.2 277.1 272.1 267.9 263.9 260.2 256 251.7 248 248.4 248 247.3 245.3 241.8
146.3 146 147.1 148.6 150.7 152.5 156.7 164.7 172.2 185.9 195.3 203.7 208.5 214.2 213.7 216.8 218.9 223.9 226.4 227.3 228.4 229.2 232 234.7 237 239.6 242.1 244.4 247 250.5 251.8 254.4 256.6 260.1 261.7 263.8 266.4 265.6 264.3 263.8 264.1 262.5 258.7 256.2 252.8 247.7 249.7 251.2 251.7 257.9 263.5 266.3 270.6 274.8 276.6 280.1 284.9 291.7 292.6 292.3 293 293 290.6 285.2 279.7 274.3 269.2 264.9 260.8 257.1 253.9 251.4 248.1 246.9 246.3 244.8 243.4 241.3
145.5 146.5 147.8 150 154.7 158.7 162.5 168.9 179.6 192.2 199.7 205.9 213.5 217.4 216.8 219.4 220.2 222.9 226 226.4 228.1 230.6 233 235.7 238.7 241.5 244.2 246.7 250.5 253.9 254.9 257.8 258.8 262.1 266.2 268.7 268.2 265.1 262.3 262 262.5 259.8 256.6 254.2 249.2 246.9 249 251.7 254.8 259.9 263.3 266.5 271.7 274.7 276.6 280.1 286.7 289.3 290.5 289.2 289.5 289.3 288.2 282.8 277.4 271.9 266.5 261.6 257.9 254.6 251.6 249.1 246.8 245.8 244.2 242.2 240.6 237.4
144.9 146.2 147.3 154.4 158.9 162.3 168.6 174.8 184.6 194.5 200.4 207.1 215.6 219.1 216.8 219.1 219.8 222.4 223.9 225.8 227.3 230.2 233 236 238.9 241.3 246.6 251.1 255.1 257.5 259.2 260.8 261.6 267.9 271.4 270.9 268.2 264.2 260.2 259.8 259.8 257.7 254.2 250.9 246.1 246.9 250.2 254.8 257 258.8 262.9 266.7 270.7 273.7 275.9 280.1 284.8 288.8 290.4 288.3 286.9 285.6 285.1 280.4 275 270.6 267.2 262 256.1 252.1 249.8 248.3 246.9 245.9 244.7 241.9 240.5 238.5
145.2 145.4 147.9 156.5 162.9 169.3 173.3 177.7 188.4 194.8 200.3 206.9 215.3 217.1 217 218 219.4 220.9 221.8 223.6 225.8 228.4 232 234.9 238 242.8 248.4 252 256.7 259.8 262.2 265.5 267.4 272.3 272.7 271.1 267.4 262 258.4 256.4 256.4 254.3 251.7 246.8 243.9 247 249.8 252.3 256 261.3 265.7 268.4 271 274.6 280.5 284.1 285.8 289.2 289 287.8 286.1 284 282.9 279.9 276.5 273.1 268.9 262.9 257 252.5 250.8 250 248.9 248.3 246.6 244 241.5 238.4
144.3 145.1 151.1 160.2 168.4 176.9 179.1 181.4 188.9 194.6 200.2 207.6 214.1 215.3 216.7 217.8 218.5 219.5 220.9 221.2 222.5 227.1 230.6 233.8 237.1 242.4 246.9 252.5 256.9 260.1 263.6 267.3 269.4 273.6 272.7 270.2 265.5 259.8 256.3 254.3 252 250.7 248.1 242.6 242.9 246.1 249.6 254.4 257.9 262.7 268.9 273.1 278 281.6 283 283.7 284.7 286.5 287.4 285.5 285.2 284.3 283.1 280.3 277.3 273.8 268.5 263 258.6 254.2 251.5 250.6 250 249 246.4 243.3 240.2 237.1
145 150.1 158 166 172.6 180.3 184.4 186.4 189.2 193.6 200.3 206 210.7 214.5 216.3 217.8 218.9 219.1 219.7 219.3 221.6 225.4 229 232.6 235.9 240.1 245.1 251.6 255.4 258.9 263.5 267 269.9 272.4 272 268.5 264.1 258.8 253.2 252.1 249.2 247.1 244.8 240.6 242.6 246.2 250.1 255.2 259.9 267.2 272.8 279.2 284.1 285.7 285.2 283.8 284.8 285.1 285.2 285.2 285 284.8 283.1 279.9 276.7 273.5 269.2 264.8 260.3 255.9 251.8 250.3 249.1 247.3 245.1 242 238.9 235.2
148.7 155.6 164.1 172.4 178.4 184.1 186.9 188.7 191.3 194.6 199.2 204.2 209.6 213 214.6 216.5 218.1 218 218 216.3 219.7 223.7 226.9 229.6 234.4 238.4 242 250.1 253.9 258.2 262.8 265.7 268.9 271.9 271.1 267 262.5 257.5 250.7 249.6 247.3 244.3 241.5 240 242.8 246.4 250.8 256 261.2 269 275.8 283.2 286.7 289 289.7 287.6 284.8 284 284.4 284.6 284.5 283.8 282.5 280.3 277.4 274.5 270.2 265.9 261.7 257.6 253.3 249.2 247.9 245.7 243.5 240.7 237.4 233.4
