ny/ny29_OST50GRID_20230518/NY29.asc
ncols 200
nrows 200
xllcorner 320000
yllcorner 590000
cellsize 50
[rows 105 to 139 of 200, columns 78 to 155 of 200]
285.4 287.5 287.6 285.6 281.3 276.6 270.3 262.4 251.6 250.1 241.7 228.7 216.6 205.9 191.5 180.8 170.5 168.3 169.2 170.2 170.9 173.1 174.7 175.2 181.5 192.9 203.2 211.9 217.2 226 235.7 241.9 247.1 249.2 247.1 247.9 248.3 251.6 255.7 260.4 263.7 264.9 265.6 264.2 260.6 254.1 250.1 249.3 250.7 254.1 261.1 267.4 273.2 278.6 281.6 283.9 284 283.4 282.8 282.6 280.7 278.7 276.3 272.3 269.6 268.3 267.3 266.4 265.8 265.3 265.9 267.5 269.1 270.4 271.3 272.2 273.1 273.6
283.9 286 285.7 283.9 280 274.3 267.9 260.1 253.1 244.4 233.9 223.5 216.5 208.6 199.6 184.1 172.2 167.4 168.3 169.3 170.3 173.3 175.1 177.8 183.9 192.5 202.8 210.5 219.4 232.9 245 252.2 256 257.2 257.5 257.6 259.9 261.6 264 267.6 269.8 270.9 270.1 268.6 265 260 254.9 251.2 252 255.1 261.1 268 273.7 278.6 280.6 281.1 281.1 280.9 281.3 281.7 280.7 278.8 275.4 271.6 268.1 267.1 266.2 265.2 264.3 264.2 265.6 266.9 268.3 269.5 270.4 271.4 271.9 272.4
282.5 284.3 284 282.3 277.8 272.3 266.2 259.7 254.1 248.6 239.8 229.3 220.5 213.9 201.7 188.3 172 167.7 168.6 169.5 170.4 174.4 177.7 181.5 187.3 192.9 200.6 207.4 218.8 235 246.5 252.3 256.1 258.6 260.8 253.9 265.8 268.3 270.3 273.5 275.6 275 273.7 271.9 268.5 263.7 257.3 253.7 254.6 257.3 263.8 269.2 274.8 278 278.9 279 279.3 279.7 280.1 280.6 279.8 278.5 276 271.4 267 266 265 264.1 263.1 263.4 264.8 266.1 267.5 268.7 269.6 270 270.5 270.9
278.7 280.9 282.1 280.1 275.4 270.9 265.5 260.1 255.4 250.2 242.7 233.7 224.6 212.7 201.3 187.2 173.3 167.9 169.7 170 170.8 173.8 176.8 181.6 187.2 192.7 201.5 208.1 218.6 231.6 242.3 247.9 252.7 257.9 265 268.2 270.7 273 275.3 277.4 277.9 278 276.5 274.6 271.9 267.9 263.5 259.9 258.7 260.4 265.6 270.8 274.9 277.3 277.4 277.6 277.9 278.3 278.8 279.3 279.1 278 276 271.4 266.7 264.7 263.5 262.7 261.9 262.5 263.9 265.3 266.6 267.7 268.1 268.5 269 269.6
278 280.4 280 277.5 274.2 271 267 262 257 250.6 244.2 236.6 226 210.4 196.8 181.1 172.2 166.8 169.5 169.6 170.2 173.1 174.8 179.8 191.1 198.6 201.5 209.6 220.5 230.7 237.6 242.5 247.7 254.6 263.3 270.4 272.8 275.1 276.9 278.5 279 279.7 279.5 277.4 275.3 272.1 269.1 266.1 263.9 264.8 267.9 270.9 274.2 275.2 275.8 275.9 276.4 276.9 277.4 278 277.2 275.5 274.1 271.2 266.5 264.1 262.4 261 260.1 261.5 262.9 264.3 265.6 266 266 266.3 267.1 267.9
275.7 278.1 278 275.4 273.9 271.9 268.1 263.5 259 253.3 246.6 238.5 228.8 210.1 195.1 182.2 174 166.9 169.5 169.6 169.7 171 175.4 186.6 194.5 198.4 202.2 211.1 219.8 227.9 232.7 237.5 243.6 253.1 263.5 270.5 273.3 275.8 277.7 279.4 280.2 281.3 281.9 280.9 278.4 275.7 272.6 269.9 268.6 268.6 270.3 271.8 272.5 273.2 274.2 274.5 274.9 275.4 276 276.8 276 274.2 272.8 269.3 266.4 263.4 261.7 259.9 259 260.4 261.9 263.3 264.1 264.4 264.3 264.1 264.9 265.3
272.9 275.3 276.2 275.2 273.7 272.1 268.8 265 260.5 254.6 247.9 238.2 225 207 196.9 186.5 176.5 166.4 168.7 169.5 169.4 169.6 179.5 186.8 193.5 197.5 203.4 212.9 217.5 223.5 227.9 233.2 241.3 252.4 263 270 273.6 275.7 277.9 280.1 281.8 282.8 283.7 284.7 282.2 279.3 275.5 273.1 271.3 270.3 270.2 270.3 271.1 271.8 272.6 273.3 273.7 274.5 274.8 275.5 274.8 273.6 272.8 268.6 264.9 262.9 261.1 259.3 257.7 259.2 260.9 262.4 262.6 262.4 261.6 261.7 262.2 262.4
269.7 273.2 274 274.1 273.2 271.3 268.6 265.1 261.2 254.7 248.1 237.2 222.9 210.1 201.2 190.4 179.3 167 167.7 169.3 169.4 172.9 182.1 186.9 192.9 196.2 204.4 212.3 216.7 218.4 223 230.7 242 253.4 262.9 269.1 271.8 274.8 277.2 279.3 281.5 285.4 288.7 288.8 286.7 282.6 278 275.5 273.4 271.1 268.9 269 269.7 270.6 271.4 272.3 272.8 274 274.8 274.8 274.2 273.3 271.7 267.1 264.9 262.9 260.9 258.9 256.8 258.9 261.4 261.9 260.6 259.7 258.9 259 259.2 259.5
267.4 271.3 273 272.6 272.2 270 266.8 263.8 258.8 252 243.7 232.4 218.9 207.6 200.5 190.7 181.7 170.8 167 168.4 170.7 176.1 183.4 188.6 192.2 195.6 203.2 209.2 210.5 212.5 220 229.2 240.6 252.7 261 265.9 268.7 271.8 275 279.3 281.7 287.4 293.7 295.1 290.6 285.1 279.2 275 272.9 271.3 268.5 267.7 268.6 269.4 270.3 271.1 272.1 273.5 274.8 274.4 273.8 272 269.5 266.7 264.9 262.9 260.7 258.5 255.8 259.1 260.9 259.4 258.1 257.2 256.4 256.6 256.7 256.8
265.3 269.1 270.8 271.4 270 267.9 265 261 253.5 246.5 238.9 225.9 215.3 207.6 200.3 191.5 183.4 173.9 166.2 167.8 172.4 178.4 183.4 186.7 190.8 196.1 199.8 204.1 206.4 213.1 222 229.2 237.3 247 255.4 259.7 262.8 266.8 271 276.1 281.1 286.4 292.6 294.9 290.2 283.6 277 272.4 270.8 268.6 265.1 266 268.1 269 269.9 270.9 272.1 273.4 274.7 274.7 274.2 271.2 268.5 266.6 264.8 263 261.3 259.1 254.6 257.9 258.5 256.7 255.5 254.6 254.2 254.3 254.4 254.5
262.8 266.6 268.4 268.9 267 264.8 262.3 255.7 247.9 240.7 233.7 225.1 214.4 206.4 199.7 192.5 185 177.3 166.1 167.8 173.3 179 183.9 186.9 188.9 192.8 196.5 203.2 209.4 219.9 225.6 230.9 235.5 243.2 249.8 253.3 257 261 265.4 270.4 274.9 279.5 284.5 287.3 285.7 280.3 274.1 269.1 267.4 266.2 262.7 264.7 266.8 268.6 269.6 270.9 272.2 273.4 274.7 275 273.7 271 268.4 266.5 264.7 263 261.3 259.8 255.6 255.2 256.5 253.9 253 252 251.9 252.1 252.2 252.6
260.7 264.3 265.7 265.7 264.1 261.3 259.1 252 243.6 237.5 230.1 221.4 213.8 205.8 198.3 190.9 183.9 177.7 169.9 165.5 171.7 176.5 181.8 180.8 187.6 192.1 199.5 209.8 220 227.2 233.3 237 236.2 238.1 243.8 247.3 251.6 255.1 258.7 263.4 266.9 270.7 274.1 278.3 277.7 272.6 268.1 266.9 265.9 263.7 261.4 263.5 265.7 268.3 269.6 270.9 272.1 273.4 274.6 274.8 273.7 271 268.4 266.4 264.8 263.2 261.7 260.1 256.1 245.5 251.3 250.6 250.4 249.5 249.7 249.7 249.8 250.8
257.2 262.1 263.3 263.6 262 259 255.3 249.6 242.1 234.1 227 220.2 214.1 203.3 195.3 188.7 182 175.2 171.2 168.1 166.8 171.7 174.1 180.7 186.2 194.4 206 218 227.2 234.8 241.1 240.7 235.8 236.4 237.6 242.1 246.9 249.3 251.7 255.4 257.8 262.8 267.4 269.9 268.5 265.3 263.1 262.4 262.8 259.1 259.5 262.4 265.1 267.8 269.4 270.7 272 273.2 274.1 274.4 274.1 271.5 268.6 267.5 265.8 264.1 262.3 260.6 257.8 254.4 252.2 246.6 243.9 245.8 246.9 247.1 247.2 249.5
254.2 259.2 260.9 261.6 259.9 257.2 253.3 247.9 239.1 231.1 225.1 219 210.5 201.8 194.2 184.2 179 173.6 170 168 166.7 168.8 176.8 182.4 187.9 198.7 213.8 225.5 234.7 242.1 246.4 241.7 233.4 233.5 234.8 236.4 239.9 243.9 248.2 250.8 253.6 258.9 262.6 262.3 258.6 256.5 256 255.8 256.2 254.1 256.1 259.8 263.9 267.4 268.9 270.5 271.8 272.7 273.6 274.1 274 271.9 268.6 268.8 267.9 266.2 264.4 261.5 258.8 256 252.7 248.7 239.3 241.3 242.6 243.9 245.6 249.1
250.5 254.4 257.7 258.9 257.3 256 253 245.4 236 227.8 223.2 218.1 208.9 201.4 193.7 184.1 176.3 171.5 169 168 166.5 164.8 177.7 183.7 191.9 205.8 221.3 232.6 235.4 244.9 243.9 238.4 232 230.4 231.8 234.2 237.9 242.2 245.4 248.1 253 257.2 257.4 256.6 252.5 252.7 253.3 251 250.9 250.5 252.8 256.8 260.7 264.6 268.3 270.4 271.3 271.8 272 272.6 272.4 272.4 270.6 270.4 270 268.6 266.9 263.6 259.8 256.8 254.5 251.1 242.2 236.6 238.1 239.5 244.4 247.8
247.1 250.9 253.7 256.1 255.1 253.8 250.9 243.3 234.9 230 224.8 217.7 208.4 201.1 192.5 183.2 175.5 170.3 168.7 168.2 166 166.4 178.5 185.8 197.9 211.4 224.1 232.2 234.2 241.8 237.5 233.3 228.7 230 233 235.4 238.9 242.2 244.6 246.7 250.3 253.3 253.8 253.2 248.8 250.7 248.8 246.7 244.9 241 250.2 253.6 257.2 261.2 264.9 268.7 269.7 269.8 269.9 270.6 271.5 272.1 272.1 272.2 271.9 271.4 269.7 265.9 262.5 260.2 258.4 253.4 245.8 235.6 228.3 235.4 241.2 246.3
245.1 249 251.5 253.1 252.9 251.4 248.7 243.3 238.3 232.7 227 217.7 207.6 198.8 188.6 181.7 179.5 172.4 168.2 167.9 165.4 170.9 180.7 191.3 203.1 215 224.4 229.9 232.9 236.6 232.6 228.1 225.5 230 234.5 237.7 239.2 242.1 245.1 248.6 251.9 251.5 252 251 246.7 245.5 242.6 239 234.9 241.2 246.4 250.1 253.2 257.3 261.2 264.8 266.6 267 267.6 268.5 269.6 270.4 271.2 272.9 273.8 273.3 272.7 269.4 266.1 263.9 261.5 255.3 246.8 239.4 232.1 230 239.2 244.2
242 247.8 249 251.3 250.9 249.3 247.7 244.9 240.7 235.3 227.2 216.3 207.4 198.2 187.2 181.4 179.5 169.4 168.1 166.5 165.3 175.2 184.6 195.4 207.4 219.3 227.5 230.8 234.1 230.8 227.7 223.8 231 237.2 240.9 242.5 241.8 243.8 248.2 254.8 257.2 257.6 252.5 252.2 249.3 241.8 236.3 233.4 230.7 236.8 242.2 245.9 249.1 252 256.8 260.3 262.5 263.7 265.2 266.6 267.6 268.5 271.1 273.7 274.9 276.1 276.8 273.1 269.8 267.6 263.1 255.1 247.3 240.4 232.9 222.8 235.8 242.2
238.7 244.7 246.8 249.6 250 249.6 248.6 247.2 243.1 237 228.5 216.1 207.4 197.3 186 183.8 177.7 172.8 167.2 164.7 170.6 180.9 190.2 200.6 214.1 224.2 228.1 228.2 228.1 226.1 223.6 228.2 234.6 240.7 245.6 247.3 248 250.9 256.9 261.9 263.1 258.7 253.5 251.6 247.4 242.6 236.5 230 226.7 232.3 237.5 241.6 245.4 248.5 251.4 254.8 257.4 260.1 262.1 264.6 266.1 268.9 271.6 274.4 276.5 279.4 280.6 277.5 273.4 269.8 264.4 256.7 249.6 242.3 233.3 222.2 231.1 238.9
234.8 239.9 242.8 247.9 249.9 250 248.4 246.6 244.4 238.4 229.7 218 208.4 196.4 187.7 184.8 177.4 168.7 164.8 164.6 175.5 186.8 198.8 208.1 216.8 222.5 224.3 225.4 224.4 223.5 226.5 230.7 237.8 244.5 249.2 251 253.3 256.9 262.2 262.2 259 256.6 255.1 252.3 248.3 243.3 237.5 230.7 223.5 228.2 233.3 238.6 241.4 244.1 246.5 249.1 252.6 256.3 258.9 261.3 265.7 269 271.8 274.5 277.9 281 282.7 279.9 276.3 272.3 266.2 259.2 251 243.7 234.1 225.5 224.7 233.9
228.9 236.5 242 246.6 248.6 250.4 248.6 248 244.9 241.3 234.3 221.3 208.8 194.8 187.8 185.8 179.1 165.8 163.2 173.4 182.1 195.8 205.6 212 220.2 220.6 221.8 222.6 223 225.8 227.9 233.5 241.9 248.1 253.2 255.6 258.2 261.9 264.4 260.5 257.9 257.8 257.5 255 250.7 244.7 238.4 231.8 223.8 224.1 229.9 234.2 237 239.2 241.3 244.4 246.7 250.5 254.5 257.8 262.7 267.7 271.8 274.6 278.2 281.3 282.5 281 278.4 274.1 268.3 260.3 245.8 239.7 230.1 223.8 220.5 228.3
223.8 233.7 240.8 245.2 247.9 249.3 249.1 248.7 245.5 242.2 234.7 223.4 205.9 192.2 189.6 185.5 176.4 163.8 169.2 179.9 190.6 201.3 209.3 213 217.5 219.7 219.8 222.2 225 227.5 230.3 238.3 247.6 252.9 256.7 259.9 262.1 262.7 263 258.4 258.5 259.3 259.9 257.6 252.8 247.1 238.8 232 225 219 223.8 229.5 232.3 234.1 236.2 239.1 242.1 244.6 249.9 254.4 259.6 265.3 269.8 274 278.1 281.5 282.5 282.1 279.3 275.2 268.2 256 243.9 235.6 227.2 222.2 215.4 223.6
222 231.6 238.7 243.9 247.7 249.6 250.8 248.4 245.9 241.2 230.4 216.5 197.7 188.7 187.2 184.5 165.4 162.9 175.9 185.8 195.2 202.4 206.9 209.9 214.3 217.4 220.1 222.5 224.8 226.9 232.6 244.1 250.8 255.3 259 262 264.8 262.9 261 259.8 261 262.2 261.9 259.3 254 247.6 239.7 232.6 226.1 219.7 218 223.3 226.3 228.6 231.6 234.9 237.9 240.7 244.3 250.4 256.4 262.1 267.6 272.7 278 282.6 283.8 282.6 278.9 274.6 267.4 256.8 246.3 240.6 229.2 221.5 206 218.9
219.3 228.9 237.3 243.2 247.9 250.2 251.2 250.2 245.9 237.4 225.9 207.2 187.8 183.4 182.5 169.5 163.6 169.1 181.1 190.5 198.1 203.5 206.4 208.3 211.2 214.8 218.5 221 223.6 226.3 235.1 245.5 251.2 255.7 258.9 262.1 265.4 265.3 265.2 263.1 262.8 263.9 263.9 259 253.3 247.8 241.1 233.2 226.2 220.2 214.9 217.4 220.8 224.1 227.4 230.7 233.7 236.5 239.5 245.7 252.4 258.4 264.3 270 275.4 280.1 282.3 281.4 278.3 274.1 268 259.4 249.2 242.6 228.3 216.5 208 213.8
215 225.9 235.2 241.7 246 249.2 251.7 250.5 247.3 232.7 216.2 195.8 178.5 172.1 174.9 164.9 162.4 174.6 182.9 192.4 198.4 202.7 206.4 208.7 210.9 213.4 217 219.3 223.6 230.2 237.3 245.9 251.1 255.7 258.9 262.2 266.6 270 267.9 266.4 264.7 265.5 262.4 255.2 252.9 248.3 241.5 233.9 226.9 221.2 216.1 214.6 217.6 220.4 223.2 226.5 229.5 232.3 235.8 241.2 247.9 255 260.9 266.7 272 276.2 278.9 279.9 277 273.7 268.8 263.1 252.4 237 215.3 210.4 202.6 211.4
211.6 222.6 232.8 239.6 244.6 248.6 250.5 246.8 239.5 228.1 213.4 193 174.2 168.4 162.8 162.4 168.3 177.7 185.7 192.8 201.3 201.7 208.1 208.7 210.6 213.2 215.7 219.6 225.6 232.7 239.8 245.8 251.3 255.7 259.3 263.5 269.7 272.6 269.7 268.3 266.2 263.7 259.5 255.2 253.1 248.7 242 234.9 228.2 223.6 217.8 211.7 214.1 217 219.5 222.3 225.4 228.3 231.6 236.7 243.7 251 257.6 263.1 268.4 273.7 276.2 278.6 276.1 272.8 268.2 261.9 251.2 231.1 210.1 200.8 204.8 212.6
205 218 229 237.8 243.7 247.4 247.5 246.2 241 230.1 214.2 195.1 176.4 162.1 164 164.1 170 179 190.1 199.2 204.1 206.1 210.4 209.2 207.8 210.4 216 221.7 227.8 234.2 240.7 246.4 251.1 255.5 259.9 263.6 267.4 270.1 270.4 267 264.6 262.3 258.1 255.3 253.2 249 243 236.2 229.8 225.9 221 217.5 210.6 213.6 216.1 218.6 221.3 224.4 227.4 232.3 239.7 247 254.3 260.1 266 271.8 276.5 278.4 275.4 270.6 264.6 256.6 244.2 223.4 208.5 198.4 205.5 211.3
205.2 215.4 226.1 235.6 242.2 248.3 251 247.6 241.2 230.7 216.5 202.1 184.4 164.5 163.3 163.8 168.9 180.9 189.6 198.3 202.6 208 210.8 208.5 207.3 209.7 216.1 222.9 229.6 235.1 241.6 247.5 252 256.5 259.6 262.9 266.4 267.4 267.7 264.5 263.1 261 258.9 256.4 253.8 250.8 245.4 239.1 234.1 230.1 226.5 224.6 215.4 204.6 211.9 214.3 217.1 220.2 223.4 227.1 234.7 242.3 250.8 257.4 263.3 269.2 275.2 277 274.5 267.4 259.2 250.4 238 216.6 201.5 194 204.6 209.6
203 214.7 222.8 231.3 242.2 250.1 253.1 249.6 241.7 228.2 214.5 202.2 191.5 178.5 160.7 163.4 167.8 180.1 188.9 198.2 203.2 206.7 205.9 205.5 205.6 209.1 215.3 223.7 232 237.4 242.6 248.8 253.2 257.1 259.5 262.2 264.7 265.4 264.9 263.4 262.9 261.7 259.8 257.5 254.4 252.5 249 244.6 240.7 236.9 233.2 227.9 216.8 207.5 204.8 210.2 213.1 216.2 219.3 223.4 230.2 238.8 247.3 254.6 260.5 266.7 273.8 276.2 272.6 264.9 255.7 244.5 234.3 215.7 199.7 194.4 202.6 206.3
205.1 213.5 221.4 232.4 243.3 251.2 255 250.8 243 230.3 213.5 200.5 190.7 182.7 171.5 160.7 168 178.7 188.2 197.2 201.6 201.5 201.7 201.7 204.5 209.1 218.6 226.3 233.1 239.6 246.1 251.1 254.7 257.5 259.7 262 263.3 263.4 263.8 263.6 263.3 262.8 260.7 257.8 255 253.2 253.4 251.1 246.3 239.9 234.1 229.4 220.8 211.6 202.6 200.5 210 212.8 215.6 219.8 226.7 235.2 243.7 251.8 257.7 264.2 271.3 275 272.2 264.2 253.1 239.4 228.8 213.4 199 190.8 199.5 204.5
202.9 214.2 220.9 233.2 244.1 253.9 256.5 252.2 244.8 232.9 216.3 203.6 194 187.2 171.5 160.5 166.9 178.7 184 191.5 195.3 197.3 197.8 199.3 203.5 209.8 219.6 228.3 235.6 243.4 249.7 253 256.4 259.2 260.8 260.8 261.3 261.1 261.5 262.5 263.4 263.1 260.2 257.4 256 256.7 258.1 253.9 248.3 242.5 237.3 231.8 222.8 212 204 194.8 206.8 209.2 212.2 216.4 223.2 231.7 240.2 248.7 254.9 261.7 267.3 271.7 270.4 262.2 251.5 238.6 225.1 209.9 194.8 190.3 196 204.3
200.4 215.9 224.5 234.1 245.8 256.6 257.1 252.6 248 237.4 220.9 207.8 195.4 187 169.9 160.5 165.5 177.1 186.8 190.1 191.8 191.8 192.9 198 203.3 211.1 219.8 229.2 238.2 246.8 252 255.2 258.4 260.7 260.2 259.2 259.2 259 259.3 261 261.6 260.2 259.4 258.4 259.5 260.7 260.4 255.2 249.7 244.1 240.5 232.4 222.9 212.5 204.5 195.2 197.4 205.5 207.9 213 220.3 228.5 236.6 245.1 252.1 258.3 263.2 268.1 267.6 261.9 254.5 242 227.4 212.3 196.3 185.7 194.4 204
207.4 216 224.6 233.9 245.7 256.5 256 253.8 250.4 239.3 224.1 211.5 198.3 185.8 166.4 160 164.4 168.8 186.7 187.7 187.6 186.8 189.5 195.4 203 211.2 221.7 232.5 242.4 248.7 253.8 257.7 259.2 260.6 259.3 258.7 258.6 258.5 258.6 259.7 261 262 261.6 261.4 262.5 261.8 260 255.6 250.8 245.6 239.7 231.6 222 212.4 205.9 200 193.6 202 205 209.6 217 225.4 233.7 241.8 249.3 255.1 261.1 267.1 267.3 262.3 255.2 243.9 226.6 210.6 195.5 185.6 191 201.7
207.5 214.6 224.2 234.8 249.7 260.1 261 259.2 252.2 239.1 228.8 218.5 204.9 188.6 175.3 159.2 164.4 163.7 181.2 182.4 182.5 181.6 186 194.1 201.7 212.6 224.6 235.5 245.8 250.2 254.6 258.3 260.1 260.1 259 258.4 258.3 258.3 258.3 259.5 261.7 262.6 263.3 263.6 262.5 261.5 259.4 254.9 250.2 245.2 237.5 229.4 220 210.2 203.9 199.3 188.4 198.2 201.3 206.6 215 222.7 230.8 238.8 247.5 254.4 260.4 266.7 267.3 263.9 256.4 245.1 227.3 209.1 196.3 181.6 190 195.6
206.8 214.5 223.3 235.4 255.5 263.9 264.8 262.6 250.6 236.6 228.3 217.5 207.3 195.5 182 167.2 158.5 163.3 164.1 178.9 178.1 177.4 184 192.7 200.9 211.8 224.7 236.2 246.6 251.5 257.2 260.1 263.1 260.3 258.4 257.5 257.8 258.1 258.1 259.7 262.3 263.1 263.7 262.8 261.3 259.8 257.3 253.5 249.3 243.8 237.3 228.1 219.3 207.3 201.7 197.4 185.5 192.6 197.8 203.2 212.9 219.7 227.6 235.6 244.4 252.7 259.3 265.6 267.3 264.5 258.3 248 232.9 214.3 200.7 186.3 187.6 191.3
