ny/ny29_OST50GRID_20230518/NY29.asc
ncols 200
nrows 200
xllcorner 320000
yllcorner 590000
cellsize 50
[rows 35 to 69 of 200, columns 78 to 155 of 200]
251.6 253.2 251.7 248.2 243 238.1 236 233.4 232.7 235.7 234.5 232.8 229.2 221.1 212.1 204.1 197.4 194.7 190.4 190.1 193.1 197.3 194.9 191.1 186.2 183.2 184 183.8 183.9 183.3 200.3 207.4 217.9 232.8 245.7 255.8 258 251.3 234.2 223.1 214.2 206.8 202.9 211.1 224.7 237 248.1 259 269.5 273.5 277.2 281.1 281.2 279.3 278.1 273.9 274.2 270.8 269.4 267.7 265.5 264.3 265.5 269.8 275.8 278.5 278.8 279.4 276.5 273.3 274.8 277.7 281 284 288.3 293.1 297.3 298.7
254.9 257.7 258.4 253.1 248.4 243.9 240.8 236.9 229.8 229.1 230.4 228.6 224.2 215.7 207.6 202.9 197.9 194.1 190.5 193.1 201.9 206 202 195.1 190.5 183.9 183.4 184 183.7 183.5 193.5 200.9 207.2 223.9 238.9 248.5 250.5 238.5 223 213.9 208.6 198.8 209.4 220 233.1 247.6 256.8 265.6 272.6 274.8 278.8 275.8 273.1 272.7 268 263.1 261.3 259 257 257.3 256 259.3 263.4 269.7 273.9 275.2 275.1 274.2 272.8 271.9 273.6 276.8 280.3 283.5 287.7 291.8 294.7 297.1
258.6 262.3 261.3 257.3 252.9 247.6 244.5 237.6 230.7 226.6 227.3 220 215.4 206.9 200.5 197.8 194.6 194 192.2 199.8 209 213.7 212.7 208.6 196.2 189.2 183.4 183.6 183.8 183.2 183.1 193.5 198.3 211.1 227.7 239.3 237.8 228 215.1 207.7 198.8 201.9 214.4 227.9 241.9 253.3 258.1 265.4 270.2 272.4 269.4 266.8 264.9 261.3 256.6 251.4 248.8 246.8 247.9 246.5 249 253.9 259.9 266 268.8 269.6 270.2 270.4 269.5 270 273.2 274.6 278.6 282.2 286 289.5 294 296.7
262.1 265.9 264.7 261.3 257.1 253.2 249.8 240.1 233.6 230.4 224.8 216.1 213 210 204.7 202.3 198 196.3 196.8 204.9 212.8 219 221.4 216.6 204.2 193.6 186.6 184.1 182.3 183.5 183.3 182.6 192.7 201.6 219 228.3 228.2 219.4 208.1 202.8 196.5 208.8 219.7 229.6 243.5 251.9 256.3 261.9 263.1 261.6 261.6 259.1 256.3 250.9 244.8 241.3 241.6 241.7 241.4 242.7 244.3 248.5 256.8 261.1 263.9 265.3 265.1 265.6 267.6 270.1 274.7 278.4 283.1 286.5 290.2 292.2 295.2 296.6
266.1 271 267.7 264.9 265.1 260.9 249.6 242.5 239.7 230.4 224 221.7 213.6 209.3 202 200.6 197.6 196.8 199.5 209.8 216.6 221.8 225.8 219.4 206.3 199 191 184.1 183.2 182.3 182.5 182.9 186.2 196 209.5 220.4 219.7 211.3 204.1 194.2 203.2 212.1 221.7 232.6 241.7 247.2 251.6 252.9 252.1 252.1 252.9 250.4 246 239.6 235.2 237.5 239.6 242.3 244.9 247.1 251.2 254.2 255.5 258.3 261.2 262.4 264.6 267 269.9 272.8 277.6 282.6 287.1 292.5 296.5 297.9 297.7 298.1
273 277.2 270.4 269.9 269.3 257.8 247.6 242.6 234.2 227.4 223.1 219 214.4 212.1 204 202.6 202.3 198.7 203.4 211.2 218.5 224.4 225 217.8 208.5 200.9 193.2 187.8 183.1 182.9 182.4 182.3 181.9 191.3 202.4 212.3 211.6 205.7 199.6 196.8 205.9 214 223 232.1 238.5 241.8 243.7 242.9 242.3 243.1 242.5 237.5 233.9 234.7 235.8 239 241.4 243.8 246.5 249.4 252.9 256.1 257.9 259.5 264 264.5 266.6 268.8 272.3 275.5 280.4 285.5 291.9 298.1 302.3 301.9 300.2 300.1
278.9 278.7 272.3 269.5 265.8 255 247.9 242.8 230.6 224.9 221.4 217.8 211.6 207.5 202.8 206.9 205 202.4 207.8 213.4 220.3 223.6 221.3 215.2 207.8 200.6 191 191.1 184.8 182.6 182.3 182.7 182.8 186.6 198.9 204.2 203.9 200.6 192.7 198.9 205.5 212.2 222 228.8 232.8 235 235.7 235.2 234.2 233.6 229.2 232.8 235.2 237.1 238.5 240.6 243.3 245.7 248.9 251.2 256 261 262.9 263.7 265 267.2 268.3 270.7 274.3 278.3 283.4 288.5 295.1 301.8 304.9 303.6 301.2 299.9
283.9 274.8 270.3 266.7 260.3 251.9 243.6 237.8 228.4 224.7 219 214.4 210.5 203.8 207.9 210 207.7 205.9 211.8 217 221.8 220.4 215.8 210.5 204.3 201.8 198.6 194.4 190.3 182.5 182.5 182.7 182.4 184.1 191.8 197.9 197.3 191.9 191.7 198.6 204.1 212 220.3 224.9 227.6 229.4 230 226.2 224.8 232.2 234.1 236.9 239.5 240.6 242 245.2 248.3 252.8 256.6 257.9 262.3 266 267.2 268.1 269 269.2 269.9 272.3 275.5 280 285.1 290.2 296.3 302.3 304.2 302.3 301.1 299.3
279.9 269.7 267.1 261.9 259.2 253.3 244.4 232.3 228.2 222.1 218.5 212.9 208.7 206.7 210.6 211.3 209.7 211.8 216.8 218.8 219.4 216.2 218.3 217.8 214.9 210.8 208.1 198.7 191.8 187 181.7 182.1 181.5 183.3 185.3 187.9 190.7 189.2 193.2 199.8 207 212.8 216.6 220.4 223.7 224.4 223.6 224.3 231.5 237.4 239.5 242.2 244.6 247.9 251.2 255.7 261.3 265.9 265.4 265.9 267.6 269.5 270.7 271.6 272.4 272.6 272.3 272.7 276.1 280.7 285.9 290.7 296 300.5 301.3 299.5 299.4 298.8
273.1 270.4 265.7 264.2 260.9 253.9 238.7 231.1 226 220.6 218.1 210.5 208.1 211.8 214.7 212.4 212.6 216.4 220.9 223.3 222.4 222.5 227.5 229.3 227.8 223.7 215.5 208.2 196.9 189.9 182.6 181.1 182.5 184.3 185.5 188.3 191.5 192.9 193.1 198.4 206.5 212 216.4 220.1 220.6 220.7 218.6 229 237.4 245.9 250.6 254.2 257 259.5 264.7 271.6 274.9 275.8 273.7 273.6 272.5 273 274.3 275.2 275.7 276.8 276.1 275.5 277.2 281.8 285.9 290.5 295 297.7 297.2 297.1 296.6 299
270.4 267.7 269.1 267.6 255.6 245.8 236 230 224.5 220.7 215.1 214.4 211.3 215.8 216.2 215.2 216.8 219.3 227.2 228.5 229.8 234.4 239.2 239.5 235.7 229.8 225.8 216.3 200.2 192.2 184.8 181.3 182.7 186.5 188.4 190.5 193.5 193.7 193.1 197.6 206.7 211.1 215 217.8 217.1 210.5 223.1 234.1 246.6 256.6 261.7 266.2 270.4 273.9 279.4 284 286 283.6 282.5 279.6 277 276.8 277.8 278.8 279.5 280.6 280 280 280.1 281.9 286.4 290.9 294 295.6 294.5 295.3 297.5 300.4
270.1 269.1 270.8 261.9 254 244.4 235.2 232.5 225.8 219.9 216.6 216.7 213.6 217.1 216.4 218 220.7 226.4 232.6 236.7 237 243.8 245.9 245.5 241.9 239 231.8 221.1 208.6 194 188.9 180.4 181.6 186.8 188.5 190 191.1 192.1 192.6 198.4 204.6 209.1 212.9 214.8 206 215.8 227.2 240.7 253.8 264.9 272.1 276.9 282 286.9 291.1 293.4 294 291.8 288.7 283.9 281.5 281 281.5 282.3 283.8 284.5 284.1 283.5 282.8 283.6 286.8 290.4 292.4 294.1 294.6 296.7 298.8 301.1
269.1 269.4 268.1 261.1 254.8 249.6 236.8 234.4 227 223 219.6 216.5 216.8 217.8 219.2 220.7 225.6 235.6 238.6 244.5 245.9 249.8 249.9 251.6 247.8 240 230.9 222.2 212.6 197.4 190.1 181.3 182 181.9 188.1 188.8 189.3 190.7 193.6 198.1 202.6 207 209.9 210.2 205 218.9 232.9 246.3 259.1 270.7 279.3 285.5 291.8 295 296.7 297.2 296 294.1 291.2 287.4 285.1 284.1 284.3 286.4 287.9 288.9 286.6 284.3 284.4 285.4 287.6 290.3 291.5 293.1 295.1 297.1 299.1 301.3
267.9 270.5 265.8 262.2 255.5 243.4 239.6 233.7 228 223.4 219.7 218 218.4 219.7 221.5 224.7 234.5 244.1 246.3 252 253.2 252.9 257 251.6 247.6 237.8 230.6 222.3 214.2 199.4 190.7 183 181.6 181.7 188.8 188.7 189.5 190.8 193.9 197.3 201 203.7 204.2 202.8 209.1 221.4 236.1 252.7 261.8 271.2 281.1 291.2 297.4 299.2 299.2 298.7 296.8 294.4 289.8 287.1 286 285.1 286 288.8 290.2 290 287.6 284.8 285.1 287.2 288.8 291.3 291.7 292.9 294.9 297.2 299.2 301.4
268.8 272.1 264.6 261 254.6 242.8 238.9 234.8 226.7 223 220.2 220.5 221.2 221.6 226.1 234.5 247 253.4 252.8 259.8 259.3 257.4 254.1 248.5 242.8 235.5 228.5 223.5 218.7 206.1 192.9 184.8 180.2 181.4 188.4 186.6 188.3 192.5 193.2 195.9 197.8 199.3 197.9 197.2 211.3 223.8 237.9 250.3 257.1 270.3 281.4 292.2 296.5 297.1 299.8 300.2 296.6 292.1 287.7 285.7 285.4 286 287.7 289.3 290.3 289.6 286.7 284.2 286.8 289 290.6 292.2 292.7 293.1 294.6 296.9 299.2 301.2
269.6 271.9 260.9 259.6 252.8 244.7 241.2 236.8 229.2 226.6 222.2 226.1 225.1 228.3 232.6 247.7 259.3 259.8 258.8 261.3 259.6 255.1 249.8 244.7 239.3 234.6 230.1 226.5 221.7 204.5 193.8 183.6 179.1 181.4 182 185.6 187.9 189.4 192 194.6 194.8 193.9 191.7 201 213.7 225.5 237.9 249.3 257.8 269.9 282.2 288.1 292.3 296.3 300.8 296.4 290.8 286.9 285.1 284 284.3 285.3 287.1 288.4 289.4 288.5 285.6 282.6 287.1 290.4 291.6 292.4 292.3 291.5 294.1 296.2 298.5 300.6
268.1 267.1 260.5 259.3 253 252.1 241.9 234.6 233.1 229.6 227.8 229.6 228.9 235.7 242.2 257.5 265.7 264.6 264.7 268.2 262.8 263.6 255 249.4 242.1 236.1 232.8 229.8 220.6 208.7 195.2 188.3 179.3 181 180.9 180.9 186.1 188.1 190.3 188.8 188.5 189.6 195.8 204.4 216.3 226.2 237.9 248.6 260 271.1 280.7 287.3 292.1 295.6 294.5 288.4 284.6 283.3 283.1 282.8 282.4 283.2 284.9 286.5 287.5 284.8 281.7 282 288.9 291.5 290.8 290.6 289.8 290.8 293.8 295.7 297.8 299.9
269.6 264.7 260.8 260 256.4 255.1 245.7 244.5 238.5 232.3 231.3 235.3 238.9 241.2 252.6 264.3 268 266.3 267.9 267.8 265.4 265.2 263.2 258.5 246.4 241.9 237.7 230 218 204.6 196.7 192 178.5 181.1 181.1 180.9 183.8 184.8 184.9 186.4 194.3 195.5 200.3 206.1 216.4 226.5 238.1 250 262.3 272.4 279 285.9 290.7 289.3 286 281.9 281.1 280.8 280.4 280 279.2 280.4 281.7 283 284.1 280.4 278.1 283.3 290.8 291.4 288.8 288.3 287.1 290.2 293.2 295.5 298.6 300.6
267.5 263.7 260.6 258.4 259.5 258.2 250.8 246 241.3 233.8 236.1 241.1 244.3 247 258.9 268.3 269.8 269.4 272.6 271.8 267.6 263.8 261.7 259.4 250.8 244.8 236.8 228.8 214.8 203.6 196.8 191.9 179.8 181.2 180.9 180.6 181.6 181.8 184.2 192 195.2 198.8 203.1 208.1 216.4 226.5 237.7 250.6 263.1 272.4 277.9 281.6 283.1 281.1 279.8 278.8 277.8 277.4 277.1 276.6 276 277.4 278.8 280.2 279.6 277.1 277.8 285.3 290.5 288.8 285.6 281.8 285.9 290.1 292.9 296.8 301.5 302.8
261 262.8 261.1 261.1 263.9 260.3 255.8 246.3 242.6 242.3 240.6 246.6 250.6 252.4 264 269.9 270.4 271.2 273.5 271.5 274.1 273.5 267.4 260.9 247.5 241.7 233.5 225.5 216.2 206.6 196.5 191.4 183.2 180.5 180.6 180.3 181.4 183 184.9 190.6 195.6 198.5 203.3 208.3 215.7 226.4 238.2 251 262 269.3 273.2 275.4 275.7 274.8 274.4 275.7 274.8 274.1 273.7 273.1 274.1 275.6 276.5 277.5 276.2 275.3 279.7 285.1 285.8 282.3 280 287.1 288.9 290.3 295.4 301.1 304.2 305.5
260.7 266.6 264.1 267.7 267.3 265 258.9 249.3 247.8 250 251.3 252.9 252.2 256.4 266.2 269.4 270.5 271.1 271.3 274.4 274 269 262.8 256.6 245 237.2 229.2 222.6 217.7 209.7 198.8 190.5 185.2 178.5 180.3 180.3 181 182.6 185.1 189.4 193.2 198.2 203.6 208.7 214.7 225 238.3 249.9 259.4 264.8 267.2 268.7 269.3 269.2 268.4 270.1 271.5 270.8 272 272.9 271.9 273.6 275.2 275 274.4 274.7 280.2 282.3 280.9 277.1 282.7 287.1 288.4 290.4 295.5 300 301.6 303.9
266.7 275.1 271.7 277.1 271.1 267.5 262.2 256.8 255.9 256.4 255.5 255.9 254.5 262.3 266.8 269 270.3 269.8 270.2 269.9 266.1 257.9 255.5 248.2 240.4 234.8 226.6 221.9 219.1 211.1 199.6 189.3 184.5 177.7 179.8 180 179.7 180.8 183.4 186.9 191.6 197.3 203.1 208.9 215.5 226.8 238.2 247.1 255.6 258.9 260.7 262 262.4 262.9 262.7 264 265.7 267.8 270.8 269.5 269.8 271.5 272.3 272.3 271.9 273.7 278 278.4 277.1 276.1 281.8 284.2 286.5 290.1 293.7 296.8 299.1 301.4
269.9 274.8 276 279 274.3 271.2 265.2 260.8 261.3 258 258.6 259.5 258.7 264.3 270.4 270.7 269.8 268.2 266.3 262.4 257.7 254.8 248.5 244.5 238.2 232.1 226.3 219.4 216.1 208.3 198.1 188.5 185.1 180.1 178.2 180 179.8 179.7 180.6 184.9 190.6 196.3 202.1 209.2 216.8 227.2 236.1 245 250.4 252.7 254.9 255.3 255.8 256.2 256.7 259 262.3 265 266.3 267.2 268.1 269 269.4 269.8 270.6 272.3 274.7 274.9 272.5 275 280.2 283.3 286.3 289.4 293.1 295.8 297.9 299.8
267.5 272.9 276.6 280.8 277.4 276.3 269.7 266.4 264.4 263.2 263 261.9 261.7 270.7 278.5 276.8 271.2 265.3 261.8 258.6 256.1 251.7 246.9 241.5 235.8 232.1 228.1 221.2 216.4 207.9 198.8 187.3 183.1 180.1 179.7 179.8 179.8 179.5 179.4 181.9 189.7 194.9 200.7 207.2 216.5 225.6 234.5 241.6 244.6 246.7 248.3 248.4 249.8 250.3 251.5 255.6 259.8 262.6 263.6 264.5 265.4 266.3 267.2 267.7 269 270.7 272.5 272.2 271.3 275.4 279.3 282.4 285.4 288.5 291.9 294.9 297.3 299.3
266.9 271.3 278.1 282.8 280 276.6 270.6 268.3 266.2 265.6 265.3 264.5 266.6 280.5 281.8 277.5 268.2 262.5 261.7 260.7 257.5 254.7 251.4 245.4 238.2 233.4 227.8 223.3 217.7 213 201.1 190.3 181.7 179.7 179.1 178.1 179.1 179.2 179.4 180.1 187.4 191.2 198 205.8 215 224 231.8 236.1 238 239.3 240.4 241.4 242.7 244.3 247.8 251.8 256.3 259.3 260.9 261.8 262.7 263.6 264.5 265.6 267.6 269.3 269.6 267.5 273.1 275.6 278.5 281.5 284.5 287.5 290.7 293.8 296.7 297.5
266.3 271.7 280.2 284.1 281.7 276.3 271.8 269.2 267.3 268.4 268.1 269 276.9 284.6 280.9 272.1 266.2 265.5 266.2 266 262.8 259.7 256 249.9 242.6 235.9 230.1 223.7 219.2 213.3 204.2 189.8 181.2 178.6 178.5 179 179.4 177.3 178.8 180.5 187.2 192.3 195.9 204.2 213.4 221.3 226.9 229.6 230.9 231.8 232.9 233.9 236.4 238.7 243.5 247.7 252.2 255.9 258 259 259.8 260.7 261.6 263.2 265.4 266.7 264.8 268.8 273 275.3 278.2 281.1 284.1 287 290 293 295.1 295.2
266.1 272.8 281.3 284.3 284.6 278.3 272.2 270.4 270.4 272.6 272.9 274.8 281.4 282.9 277.3 273.5 270.3 270.9 271.8 270.8 267.8 267.7 262.9 254.5 246.6 241.1 234.8 228.7 223.4 216.6 201.3 184.9 178.4 178 178.1 178.4 178.9 179.4 177.7 181.7 184.1 188.7 194.8 203.8 211.7 218.2 222.4 224 223.8 224.5 225.5 226.4 229.6 233.2 238.3 244.2 248.7 252.9 255.3 256.4 257.1 257.9 258.8 260.7 262.5 263.1 259 267.6 272 275 277.8 280.8 283.7 286.6 289.5 292 292.9 292.9
266.1 272.9 281.2 286.2 286.7 277.5 274 272.9 273.8 275.2 276 277.5 282.4 282.2 280.8 277.9 275.8 277.5 280.1 281.3 278.7 277.8 269.8 261.5 253.8 248 242.7 237.1 228.8 209.9 194 180.7 178.1 177.7 177.9 178.4 178.7 179 177.9 187.8 186.7 184.9 188.2 200.7 206.3 209.7 215.4 218.7 217.3 217 218.5 219.3 222.8 227.1 232.8 239.7 245.9 250.3 252.6 253.8 254.6 255.3 255.7 258.2 257.7 256.7 263.7 267.1 271 274.7 277.6 280.3 283.1 286 288 289.3 290.6 290.7
264.2 272 280 285.7 282 277.3 275.8 275.4 276.7 277.4 278 278.2 281.6 281.2 280.4 280.3 281.7 285 288.2 289.7 285.7 282.3 273.7 262.4 258.6 254.8 247.1 239.5 221.1 194 181.8 177.6 177.7 177.6 177.8 178.3 178.6 178.9 178.2 188.4 190 191.3 194 197.6 199.4 201.2 202.5 209.6 205.5 209.1 210.3 219.5 223.8 224.3 228 237.8 243 246.9 249 250.7 251 250.7 250.2 251.7 249.7 259 262.8 265.4 268.8 272.6 275.5 278.6 281.8 284.6 286 287.3 287.8 288.1
263.8 271.4 279.4 283.2 279.1 277.9 277.9 277.8 278.7 277.6 277.1 279 279.5 279.5 280.2 281.4 284.3 287.3 289.6 291.5 286.7 280.9 270.5 260.2 253 243.8 232.2 222.2 202.7 186.9 177.1 177.3 177.4 177.5 177.7 178 178.5 176.3 185.7 189.1 190.4 193.7 199.9 204.3 210.1 214.6 215.6 216.1 217.9 221.2 222.9 229.9 235.7 237 231.2 230.9 239.9 242.5 245 246.8 246.9 244.5 246.3 250.8 256.5 257.4 260.5 263.7 266.3 269 273.1 276.9 280.5 282.6 284 284.5 285 285.4
265.7 272.5 276.9 278.9 278.6 278.8 280.3 279.7 279.1 277.9 277.2 276.1 276.5 277.3 279.4 281.7 284.6 287.5 289 286.1 283.4 279.2 271.9 249.5 244.9 235 218.8 200.8 188.9 179.9 177.4 177.4 177.4 177.5 176.5 175.9 177.7 184 187.1 190.2 194.2 198.8 205.6 213.5 219.5 223.3 224.3 225.2 226.5 229.3 233.1 240.1 244.9 246.6 243.1 238.1 234.6 237.9 238.6 241.2 241.2 242.6 245.8 250 254.8 256.1 258.3 260.1 264.4 263.6 266.9 273.2 278.7 281.1 281.3 281.7 282.1 282.6
267.9 271.9 274.8 276.7 278.3 282.8 282.5 281.4 279.3 275.8 272.7 271.5 272.3 275.1 276.7 277.8 281.3 279.2 276.4 273.5 268.6 259 244.3 238.9 229.1 216.1 202.1 188.4 181.3 176.8 177.1 177.2 177.5 176.9 177.3 181.9 182.9 185.3 189.4 191.7 197.9 203.1 211.7 219.2 225.5 229.8 231.5 232.6 234 236.9 243.3 249 252.5 254.5 251.9 247.6 243.4 239.5 239.7 240.6 240.1 242.2 244.5 248 249.7 252.5 254.8 263.3 268.5 272.6 275.1 273.7 274.8 277.2 278.7 279 279.4 279.8
267.9 271.3 273.5 273.9 279.9 283.5 284.2 282.7 278.9 275.1 270.8 265.3 265.5 266.1 267.1 266.9 269.2 266.5 263.6 260 255.8 248.9 236.6 230.2 220.8 211 198.8 189 179.4 177.2 177.1 177.4 177.5 177.6 177.8 183.2 185.8 188.4 191.3 194.9 201 208.9 217.5 224 231 236.1 239.1 240.2 241.6 245 250.5 255.1 258.9 261 257.6 253.9 250 248.4 248.7 249.3 248.3 247.6 247.1 248.5 251.5 253.7 261.2 269.2 274 277.2 278.5 277.5 271.9 273 274.9 276.4 276.9 277.4
267.4 270 272.5 274.6 285 286.6 286 282.5 277.1 273.4 269.6 264.7 257.7 255.5 259 259.8 255.6 251.2 247.9 244.6 242.7 237.9 233.4 228 221.6 210.4 196.5 188.5 177.1 177.2 177.3 177.4 176.8 177.7 184.2 185.1 186.7 189.2 194.6 199.6 206.6 214.8 222.4 229.5 236.5 242.9 246.2 248.3 249.2 251.9 255.7 259.4 263.2 264.2 262 259 256.4 255.5 253.9 253.5 251.9 250.5 250.6 252.5 256.6 261 267 274.2 277.5 279.5 280.1 280.3 278.8 277.4 275.7 274.6 275.7 276.6
268.7 269.5 272.3 277.4 288.3 289.3 287.7 280.2 275.7 273.3 270.8 266.1 258.3 248.4 247.8 246.8 243.8 240.3 237.1 234.7 232.8 229 226.3 221.8 216.1 206.4 195 188.1 176.8 177 177.2 175.6 177.4 182.1 187.3 186.8 188.4 192.1 199.6 206.9 214.4 221.6 228.2 235 242.1 249.1 253 255.8 256.8 259.1 260.7 264.2 269 268.7 267.2 265.6 263.6 262.2 258.6 256 253.3 251.4 252.3 254.8 259.1 263.7 270 277.1 279.5 281 281.6 282.1 280.5 279.2 277.4 276.2 276.2 278.1
