ny/ny29_OST50GRID_20230518/NY29.asc
ncols 200
nrows 200
xllcorner 320000
yllcorner 590000
cellsize 50
[rows 35 to 69 of 200, columns 0 to 77 of 200]
255.7 266.9 272.1 279.2 286.3 293.9 301.7 301 296.9 292.8 287.9 282.6 282.9 279.2 276.7 274.6 273 273.2 275.9 277.9 280.1 283.2 286.2 289 291.8 293.9 295.5 296.8 298.4 301.6 304.8 309.7 314.6 318.7 320.8 320 316.7 314.3 312 309.6 307.7 304.1 300.5 296.5 292.5 289.1 286.8 282.3 281.4 281.3 282.5 282.6 281.6 279.6 276.7 276.3 277.4 276.4 273 271 269.4 268.6 267.2 270.2 271.6 271.9 272.7 274.6 276.6 278.3 277.7 274.7 271.7 268.2 264.2 261.4 255.1 253.8
254.1 267.1 272.4 278.8 284.8 290.8 298.3 297 294 290 285.4 280.5 278.7 276.7 274.7 273.1 270.9 275 277.8 280.3 282.8 285.3 288.3 291.3 293.9 295.8 297.7 298.7 299.7 302.8 306.4 309.9 314.1 317.6 317.4 317 315 312.6 310.7 309.2 307.8 304.2 300.6 295.9 292.4 286.1 282.8 281.6 282.5 283 284.4 287 287.2 285.3 281.1 279.6 283.8 285.2 274 271.4 270.1 268.8 265.7 268.8 269.3 270.2 271.1 272.7 274.5 275.7 273.3 271.7 270.6 269.1 265.8 260.9 255.4 254.9
253.2 265.8 271.1 276.8 282.8 288.9 293.4 292.3 289.9 287.3 282.7 278.5 277 274.8 273.6 272.5 271.6 276.5 279.6 282.1 284.6 287.7 290.7 293.4 295.7 298.3 299.4 300.6 301.5 303.6 307.2 310.4 313 315.7 315.3 314.3 312.8 311.2 309.5 308.8 308.1 305.2 301.4 295.5 286.5 283.7 282.1 282.2 283.2 284.7 287.8 292.1 295.5 291.8 286.1 283 285.9 283.4 272.6 270.9 269.5 268.9 266.4 267.1 268 269 269.8 270.9 272.7 273.3 271.7 270.9 269.9 268.8 265.5 258.3 257.2 256.8
253.4 262.6 269.9 275.1 280.8 286.4 289.9 288.3 286.4 284.1 282.2 277 274.2 273.5 272.7 272.2 271.6 276.8 281.3 283.9 287 290.2 292.8 294.4 297 299.3 300.9 302.1 303.3 304.5 307.9 310.4 311.9 313.7 313.1 311.6 310.2 308.7 309.3 309.3 308.7 306.6 302.7 297.7 288.7 285.4 284.8 284.2 287.8 290.2 291.3 296.9 302.4 298.6 289.5 285.3 283.4 276.1 272.5 270 267.7 265.3 263.3 265.8 266.8 267.8 268.6 269.4 270.9 270.9 270.5 270.9 270.3 269 265.9 260.7 258.8 259.9
253.5 262.6 269.1 274.1 279.1 283.2 285.1 284.7 282.9 281.1 279.6 273.9 272.8 272.2 271.8 268.9 272.5 277.6 282.3 286.1 289.4 292.3 293.8 295.7 298 300.1 302.1 303.4 304.6 305.8 308 310.5 311.8 311.7 310.6 309.1 307.7 306.3 307.8 308.9 309.4 307.8 304.4 299.7 293.5 292.7 294.4 293.6 293.9 295.6 296.8 299.1 303.6 298.5 288.8 283.7 279.2 274.9 272.5 269.9 267.2 264.6 261.8 264.1 265.6 266.5 267.4 268.1 269.2 269.1 269.5 269.9 270.3 268.8 266.6 263.6 262.2 262.2
253.2 261.3 267.4 272.2 276.3 279.6 280.5 281 279.9 278.9 277.1 273.1 271.5 270.5 269.1 270.7 274.2 278.2 283.4 287.5 290.9 293.1 294.7 296.4 297.9 299.5 301.7 303.7 305.1 306.3 308.1 309.7 310.6 309.5 308.1 306.7 305.3 304.7 306.3 308.7 310.6 309.2 307.2 303.3 299.3 303 306.7 305.8 303.1 301.7 300.9 301.9 300.4 292.9 286 281.4 277.4 274.4 272.4 269.8 266.6 264 261.3 262.4 264.1 265.3 266.1 266.9 267.6 268.1 268.3 268.6 268.2 266.9 266.2 265.2 264 267.2
252.7 259.7 265.2 269.3 273.4 276.3 277.6 277.7 277.5 276.7 276.1 272.6 270.2 269.5 265.8 273 276.7 280.3 284.4 288.6 291.8 293.8 294.7 295.4 296.9 299.1 301.4 303.6 305.2 306.7 308.3 308.8 308.3 307 305.6 304.2 302.9 303.1 304.3 308.1 310.9 311.4 309.4 307.4 304.7 309.9 312.9 316.5 309.5 306.2 303.1 298.2 293.4 287.8 284.1 280.4 278 275.2 272.6 269 265.8 263.2 261 260.9 262 264.1 264.7 265.2 265.7 266.3 267 267.2 266.4 265.7 265 264.2 265.2 270.8
250.6 254 262.5 266.8 270.5 272.8 274.2 274.4 274.6 275 274.6 271.6 269.4 265.2 269.4 273 277 281.4 285.5 289.5 292.9 293.7 294.2 294.8 296.4 298.8 301 303.3 305.2 306.7 308.1 308.1 306 304.6 303.2 301.9 300.4 300.6 303.5 307.9 311.5 313.7 314.7 313.3 312.9 314.4 317.1 322.5 312.6 306 301 294.2 289.4 286 282.9 280.6 278.4 276.2 273.4 270.1 266.6 265 263.1 260.7 259.8 261.7 262.2 262.9 263.5 264.1 264.8 264.9 264.5 264.2 263.6 264.1 266 273
251.8 252.5 260.8 263.8 267.1 269.3 270.7 271.3 271.5 272.3 272.8 270.9 266.1 260.8 268.9 273.8 278.3 282.7 287.2 290.9 292.6 293.1 293.5 293.9 295.8 298.1 300.5 302.9 305.2 306.8 308.1 306.8 304.4 302.3 300.9 299.5 298.2 298.8 302.3 306.8 312 317.2 321.1 321.6 318.3 318.4 319.7 318.3 309.2 303.1 296.8 290.4 287 283.9 281.7 279.8 277.9 276.1 273.4 270.2 266.9 267.7 266.1 262.9 259.1 259 259.6 260.7 261.1 261.9 262.5 262.2 261.3 261.2 261 262.5 266.3 274.7
251 251.6 251.6 260.2 263.6 265.9 267.1 267.7 268.3 268.9 269.5 267.5 262.7 264.2 268.4 273.3 278.2 283.2 288.2 291.4 291.4 291.8 292.4 294.7 296.3 298.2 300.4 302.6 304.9 306.8 307.8 305.4 303.1 300.7 298.6 297.1 296.3 297.6 302.3 308.1 314.1 320.9 327.5 326.3 322.8 322 318.5 311.6 304.6 298.1 293.3 288.3 285 281.9 280.1 278.4 276.7 274.9 272.6 268.8 266.7 267.8 268.2 262.1 259.3 257.4 257.7 258.2 258.7 259.3 259.9 259.5 258.5 258 259.5 262 266.4 273.6
252.6 249.8 250.9 256.3 260.5 262.9 264.3 265 265.3 265 265.4 262.7 258 262.7 267.9 272.8 277.8 282.7 287.2 288.7 290.1 290.9 292.5 295.8 297.1 298.3 300.5 302.8 304.8 306.2 306.9 304.5 302.1 299.7 297.3 295.4 295 297.1 303.7 310.7 317.3 324.2 327.8 324.6 323.3 322 317.8 308.7 299.4 294.1 291.4 286.9 283.1 280.7 279.2 277.4 275.5 273.7 271.9 269.6 268.1 266.3 265.7 263 261.2 259.3 257.2 256.8 258.2 256.2 255.5 255.8 254.9 255.9 258.3 261.2 265.8 272.2
256.1 249.5 250.3 252 257.9 260.7 261.7 262.5 262.1 260.9 260 257.6 258.3 262.3 267.4 272.2 277.1 281.9 285.2 286.8 289 290.9 293.9 296.6 297.9 299.1 300.7 302.7 304.4 305.9 305.7 303.5 301.1 298.7 296.2 293.9 293.4 296.8 304.5 312.1 319.6 325.9 325.3 323.2 321.3 320 313 303.3 294.9 290.3 287.7 285 281.4 279.5 278 276.6 274.7 272.9 271.3 271.1 269.9 269.2 267.1 267.2 265.5 262.7 260.9 261.3 261.2 257.1 252.7 250.8 249.5 254.5 257.8 260.6 265 269.7
258.1 250.9 249.5 249.5 255.3 257.2 259.4 260 259.2 257.9 256.7 254.1 258 262.6 267 271.3 276.1 280.2 283.1 286 288.3 291.6 295.2 297.4 298.7 299.9 301.4 303.1 304.8 305.5 305.2 303.3 300.6 298.1 295.7 293.5 292.2 297.3 305.1 311.4 317.4 322.2 321.5 319.7 318.6 315.2 306.4 299.5 291.5 287.6 284.9 282.3 280.2 278.3 276.8 275.4 273.9 272.1 271.5 271.6 271.6 277.7 270.1 272.7 270.5 267.8 264.9 265.3 262.1 258.2 254.5 251.2 249.4 253.2 258.1 262 265.8 267.6
260.4 253.6 249.6 249.5 249.5 251.8 257.4 258 256.5 255.1 252.1 251.1 257.6 261.6 266.1 270.6 275.2 278.2 282 285.1 288.5 292.7 296.5 298.2 299.3 300.6 302.6 304.4 306.7 306.2 305.8 303.7 300.8 298.1 295.6 293.3 291.1 297.1 304.6 310 314.4 316.2 315.4 314.5 313.5 307.6 300.5 294.1 289.1 285.9 283.3 281.3 279.4 277.3 275.9 274.4 273 272.4 272.5 273 279.5 273.4 273 275.7 274.2 271 267.2 264.5 263.1 260.6 256.4 252.3 250.4 252.5 257.7 260.8 265.8 266.9
265 258.9 257.2 257 254 249.5 253.5 256.8 254.7 252.7 249.5 251.8 256.4 260.7 264.9 268.9 272.8 277 281.1 285.3 289.6 293.8 297.2 299.3 300.7 301.8 303.8 306.7 307.4 306.9 306.4 304 301.2 298.3 295.6 293.4 291.6 296.8 303.5 307.5 309.3 309.9 309.4 308.9 308 301.9 296.5 291.9 288.1 284.3 282.3 280.5 279.1 277.6 276 274.5 273.3 273.1 274.6 277.8 275.5 272.9 273.3 274.7 275.9 273.5 269.3 266.4 269.3 264.4 260.6 253.5 248.9 252.7 257 260.9 264.2 265.8
270 264.1 262.3 259.3 256.5 249.5 249.5 256.9 255.2 252.1 248 250.4 254.9 258.7 263.4 268.1 272.8 276.9 280.8 285.8 290.4 294.7 297.9 300 301.9 303.5 306.2 308.7 308.2 307.7 307.1 304.4 301.5 298.9 295.2 292.3 291.9 296.2 300.4 303.4 304.8 304.6 305.4 305.5 304.1 298.3 293.9 291.5 288.9 285.5 283.1 281.5 280.3 278.7 277.1 275.4 273.8 273.3 276.5 277.7 273.8 272.7 272.3 273.5 275.5 273.2 268 269.2 270.4 265.5 259.9 250.8 248.1 251.3 258.3 262.2 263.1 265.9
274.6 269.4 265.4 261.3 257.7 249.5 249.5 255.9 254.6 251.2 247 249.2 254.3 258.7 263.3 268.1 272.8 276.4 280.8 285.8 290.8 295.3 297.8 300.1 301.9 305.4 308.5 309.7 309.1 308.5 307.6 304.9 302.2 299.3 295.1 290.6 292.7 296 298 299.8 300 300.4 301.4 301.9 298.5 295.1 293 290.6 288.4 287.7 286.6 285.1 283.8 282.2 280.6 276.6 273.5 272.3 273.4 273 273.6 272.3 271.2 271.5 271.4 269.4 266.4 266.7 264.5 260.6 254.6 249.1 247.1 251.5 258.4 260.5 261.9 265.1
279.2 272.4 268.2 264.1 259.4 255 249.5 249.5 252.4 249.9 247 247.6 253.5 258.6 263.2 267.9 272.1 275.8 280.8 285.8 290.9 295 297 299.3 303 306.7 309.9 310.7 310.5 309.3 307.2 304.9 302.4 298.7 293.9 289 292.4 293.7 295.3 296.1 296.5 297 298 296.7 292.6 291.3 290.3 292.2 291.6 290.8 289.8 288.6 287.2 285.7 282.7 277.8 274.7 272 271.2 271 271.3 271.2 270.2 269.9 269 266.3 264.4 263.8 261.5 259.1 252.2 250.1 248 250.5 256.3 259.1 261.2 265
285.2 276.1 271.2 267.7 264.4 260.1 252.4 249.5 249.5 249.5 247 247.3 253 258.1 262.6 266.8 271.1 275.8 280.9 285.9 290.5 293.3 295.8 299.1 303.1 307.1 309.3 309.4 309.3 308.3 306.6 303.8 300.8 296.8 292.7 289 291.8 292.5 292.8 293 293.2 293.6 294.6 290.3 287.2 286.9 288.5 292.5 294.5 293.7 292.8 291.8 291 288.5 283.9 279 275.8 271.9 270.3 268.9 269.1 269.3 269.1 267.7 266.3 263.4 263 262.6 260.5 256.8 251.4 247.9 245.1 251.2 254.4 256.4 260.9 264.8
291.1 282.5 275.6 271.2 266.7 261.9 257.7 253.7 249.7 247 247 247 251.7 257 261.3 265.5 270.2 275.5 280.9 285.5 289.1 292.4 295.7 299 302.6 305.5 307.1 307.8 307.3 306.4 304.5 302.6 298.9 294.8 289.1 288.9 291.5 291.5 290.8 290.6 290.4 290.2 288.5 284.4 283.1 284.6 288.2 292.6 295.2 295.3 295 295.5 296.7 290.9 282.3 279.2 278 273.6 270 268.7 268.5 268.1 267 263.8 263.1 260.6 260.4 261.5 260.4 254.8 250.5 246.5 245.4 248.9 251.7 254.6 259.3 263.3
297.3 287.7 280.2 273.6 267.7 262.4 259.3 256.3 252.1 247 247 247 250.5 255.6 259.6 264.6 269.5 274.9 279.7 283.8 287.8 291.1 294.4 297.9 301.1 304 304.9 305.9 306 304.7 302.9 301 297.1 292.3 286.1 289.4 290.3 289.7 288.9 288.7 288.5 288.1 285.3 282.2 281.2 284.2 288 291.9 294.1 294 295.8 297.3 295.2 285.5 278.8 279.2 282 272.8 270 269 268.2 267.4 266.6 266.1 261.5 259.4 259.7 257.1 256.9 250.3 247.4 246.2 243.9 247.5 250.3 252.8 256.9 257.8
302.1 292.9 282.8 275.2 268.1 262.9 259.9 256.9 252.1 247 247 247 247 253.6 258.8 263.9 268.9 273.7 277.8 281.8 285.9 289.6 293 296.6 299.9 302.1 303.4 304.4 304.5 303.1 301.3 299.3 295.1 289.6 285.5 287.4 288.5 287.9 287.2 286.8 286.5 285.5 283 280.4 279.4 283 286.5 289.9 291.9 292 293.8 293.9 288.1 279.5 278.8 278.5 275.6 271.2 270 269.1 268.1 267.2 266.7 266.1 262.6 263.1 264 260.1 259.1 255.9 251.6 247.1 243.9 246.4 247.4 249.9 253.2 258.9
303.4 295.4 285.7 276.1 272 266.6 259.6 256.1 251.7 247 247 247 247 251.6 258.1 263.2 268.3 272.4 276.4 280.5 284.5 288.3 291.7 295.3 298.4 300.3 302.3 303.4 303.1 301.7 299.9 296.9 293.7 289.5 283.8 286.3 287 286 285.4 284.9 284.2 282.9 281.1 278.5 278.1 281.5 284.9 287.8 289.1 289.7 290.2 287.9 281.1 278.1 277.9 274.2 271.9 271.8 270.3 268.7 267.8 267.4 266.9 266.2 264.9 266.4 267.3 264.3 263.6 257.9 253.1 248.1 243.5 245.4 246.6 248.6 253.9 262
301.5 296.5 287.9 279.3 273.2 267.1 260.2 253.9 249.9 247 247 247 247 252.5 257.9 262.5 267.3 272.9 277 281.1 285.1 288.2 291.3 294.1 297.7 299.8 301.7 302.8 302.5 301.3 298.4 294.6 291.3 288.1 283.6 285.3 285.8 284.8 283.8 282.9 282 281.1 278.8 276.3 277.6 280.5 284 285.8 285.6 286.2 285.4 280.9 276.9 275 275.5 274.2 274.7 273.9 272 268.4 268 267.5 267 266.3 268.4 270.5 271.3 270.2 264.1 256.4 250.6 246.6 243.3 244.2 244.9 248.3 253.5 260.8
299.6 293.3 286.2 278.8 272.7 266.4 259.4 250.8 247 247 247 247 247 250 255 262.2 266.1 273 277.4 281.7 285.1 288.4 291.6 293.9 296.7 299.3 301.1 302.2 302.1 301 297.4 292.9 289 285.8 282.7 284.1 285.1 284.7 283.8 282.8 280.8 277.9 275.7 275.1 277.1 279.6 282.7 282.8 282.4 282.3 279.9 275.8 273.2 273.1 274.1 274.4 276.1 277.7 273.1 270.2 269.2 267.7 267.2 268.7 272.9 276 276.3 273.8 260.9 251.7 248.2 245.2 242.3 242 244.1 248.2 254 260.2
296.6 290.7 284.1 277.5 271.4 265 257.4 247 247 247 247 247 247 251.3 256.1 262.4 266.9 273.7 278.1 282.3 285.4 288.7 291.6 293.8 296.5 299.4 301.2 302.1 302.6 300.8 296.3 291.8 287.3 283.5 281.8 283.9 284.5 284.3 284.4 283.4 279.5 276 274.5 274.7 276.7 278.7 280.3 279.9 279.9 279.2 276.3 273 271.8 271.5 273 274.5 276.1 277 273.8 270.7 269.7 268.7 269.2 275.4 280.5 284.7 282.2 275 258.7 256.1 251.8 245 242 242.1 244.4 247.2 254.9 261.5
290.7 285.9 281.3 275.6 269.4 262.8 253.5 247 247 247 247 247 247 249.5 256.6 263.2 269.5 274.7 279.1 282.9 285.9 289 291.5 293.7 296.3 299.3 301.8 302.6 303.1 300.2 294.8 290.3 285.9 281.3 281.6 283.7 284.3 284.6 284.8 283.1 278.6 274.8 273.4 274.3 276.3 277.9 278.3 278.2 278.2 276.1 273.3 271.8 270.5 270.3 271.8 273.3 273.9 274.9 271.6 270.7 270.1 270.6 270.9 282.8 288.1 289 283.9 271.7 262.9 260.9 253.2 244.9 241.7 241.9 244.3 247.9 255.8 261.5
284.7 280.3 276 271.2 265.4 258.3 249.9 247 247 247 247 247 247 249.4 257.5 265.1 271.6 276 280.5 283.5 286.4 289.3 291.4 293.6 296.3 299.2 302.4 304.4 303.1 299.6 294.1 288.7 283.8 280.4 282.4 283.9 284.4 284.7 284.1 282.1 278.3 274.5 272.4 273.8 274.9 276 277.2 277.3 275.9 273.1 271.3 270 269 269.1 270.3 271.2 271.7 270.4 267.4 270.7 272.9 272.8 282.2 289.7 292.3 289.3 284.3 273.5 265 257.7 250.5 241 240.6 242.3 244.4 250 256.2 261.2
279.8 275.3 270.7 265.6 260.3 253.8 247 247 247 247 247 247 247 252.6 261.1 269 275.3 279 282.6 284.7 286.8 289.6 291.5 293.5 296.5 300.2 303.9 305.3 302.4 298 292.4 286.8 281.5 282 283.1 283.9 284.6 284.8 283.8 280.8 277 273.5 271.1 272.7 274 275.1 275.4 275.2 272.9 270.9 269.8 268.5 267.5 267.4 268.2 269.2 269.7 266.2 267.3 275.3 277.8 280.6 289.7 293.2 290.4 286.4 282 271.4 259.3 253.9 247 241.1 240 241.9 246.5 251.2 256.5 260.4
273.3 269.5 265.4 259.4 255.6 249.1 247 247 247 247 247 247 247.7 254.4 264.6 274.3 279.9 281.8 284.6 286.7 287.9 289.9 291.9 294.3 297.8 302.1 305.3 304.3 300.4 295 289.7 284.6 278.6 281.4 283.3 284.1 284.6 284.5 283 279.4 275.8 273.1 271.8 272 272.7 273 273.4 272.6 270.9 269.2 268.1 267.1 266.2 266.4 266.6 267.4 267.1 265.3 269.7 280.2 284.5 288.7 291.4 290 285.8 281.6 276.3 264.6 257.8 251.3 244.6 240.7 239.5 241.3 246.9 252.5 256.5 260.7
270.1 266 260.7 256.5 252.2 247.3 247 247 247 247 247 247 247.3 258.4 268.8 276.4 285.1 286.9 288.6 289.5 289.6 290.9 293.5 296.2 300.1 304.4 305 302.1 297 291.7 286.2 280.9 279.5 282.5 283.5 284.6 285.2 284.9 282.2 278.5 275 273.6 272.3 271.3 271.7 272 272.4 271 269.3 267.6 266.5 265.5 264.7 265.2 265.9 263.9 264 265.2 274.9 283 287.2 288.9 287.4 283.6 280.1 276.7 268.8 258.5 254.6 248.7 243.6 239.5 239 241 246.8 253.4 257.8 262
268.5 264.7 260.1 255.9 253.2 250.2 247 247 247 247 247 247 248.3 260.7 272.6 275.2 287.2 291.5 293.2 294.7 294.5 294.8 296.4 300.1 303.9 305.4 302.5 298.4 293.3 288.2 283 279 281.5 282.8 283.9 285.1 286.1 285.2 281.6 278 275.1 273.8 272.5 271.7 271.6 271.9 271.6 269.8 267.7 266 265 264.1 263.3 262.8 263.2 262.4 264 271.3 278.9 285.1 288 285.9 283.2 278.7 275.7 271.6 261.5 255.5 250.5 246.6 241.9 240.4 239.3 241.1 248.1 253.9 259.3 263.9
266.6 262.9 259.3 256.4 254.6 251.1 247.8 247 247 247 247 247 247 261.4 270.7 283.1 292.2 296.4 298 299.5 299.7 300.6 301.8 304.6 306.9 304.8 299.7 294.6 289.5 284.4 279.2 281.1 282.5 284 285.5 286.4 287 284.7 281.1 277.6 275.2 273.9 272.8 271.7 271.5 271.2 270.7 268.6 266.6 264.5 263.6 262.7 261.9 261.3 260.8 262.3 266.2 273.8 281.9 286.6 285.1 282.2 279 274.2 268.7 264.2 256.7 252.5 248.6 244.4 241.4 240.1 238.9 242.8 247.8 253.7 259.7 264.1
264.2 260.8 257.9 255.2 252.3 249.9 247 247 247 247 247 247 249.9 259.9 266.5 267.9 283.3 301.1 303.1 304.3 305.2 305.4 305.5 307.4 307.7 303.3 297 290.6 285.6 281.2 277.6 282.3 284.6 286.1 287.6 288.7 288.9 285.9 282.3 278.6 275.5 274 272.5 271.5 270.5 269.6 268 266.4 264.1 261.1 260.8 260.7 260.5 259.8 261.2 266 271.4 275.5 284.4 284.8 283.1 280.1 276.9 272.7 265.7 257.8 255 251.8 248.2 243.1 241.8 240.2 238.7 241.7 246.4 252 258.5 263.7
261.6 257.4 255 251.6 249.6 250.3 249.1 247 247 247 247 247 250 258.1 268.3 277.4 271.6 302 304.5 307.5 308.7 308.9 308.9 310.2 306.5 300.5 294.1 287.8 282.1 276.4 279.6 281.7 285.3 288.3 289.7 290.9 290.4 287.2 283.5 279.6 276.2 274.4 272.7 271.5 268.4 268.1 267.7 264 262.8 260.9 258.3 257.4 257.9 260.6 262.9 270.7 275 277.7 283.4 283.1 282.1 279.6 276.4 271.9 264.6 255.6 253.3 251.2 248.7 244.9 242.6 240.6 238.4 240.2 244.7 253.2 258.4 264.5
