ny/ny29_OST50GRID_20230518/NY29.asc
ncols 200
nrows 200
xllcorner 320000
yllcorner 590000
cellsize 50
[rows 0 to 34 of 200, columns 0 to 77 of 200]
368.3 360.4 349.3 338.3 326.5 319.2 314.8 311.5 309.6 311.9 314.1 311.2 307.7 308.7 309.5 311.2 314.8 318.3 318.2 317.1 319.6 319.7 318.4 319.6 320.3 320.9 321.4 322.5 322.5 323.8 331.4 341.6 344.6 338.3 335.2 329.7 322.2 317.7 312 301.3 292.2 283.6 277.1 272.3 267.2 262 260.5 258.1 255.2 251.2 250.2 251.3 252.3 251.5 250.6 248.9 245.9 243 235.5 235 231.8 232.8 235 237.3 240.4 239.5 239.8 240.3 240.6 240.4 241.7 242.6 242.7 242.8 245.4 248.4 250.7 253
364.2 355.1 344.6 333.9 323.1 315.7 311.7 309.6 308.5 307.6 308.1 307.9 310.2 312.2 314.5 317 317.6 318 319.8 322.7 322.9 322.6 321.6 321.9 321.8 322.4 323 323.2 324.2 325.7 333.3 342.9 342.7 338.4 333.6 326.4 319.3 314.4 309.5 300.5 289.5 279.1 273.3 267.1 263.4 260 258.1 255.2 253.7 251.4 252.3 253.3 253.2 252.2 251.4 249.6 246 241.9 235.3 239 236.1 236.4 239.1 241.3 243.1 244.6 245.1 245.3 245.1 245 244.6 245.1 244.9 245.7 247.6 248.7 250.9 253.2
360.8 349.8 339.5 329 319.3 312.2 306.9 305 303.4 304.2 305.3 309.9 312.6 314.5 316.9 319.5 322.2 323 324.3 325.8 325.7 325.5 324.8 324.7 324.5 324.3 325.1 325.8 327.1 327 334.1 341.1 339.2 336.4 330.8 323.4 320.8 312.5 305.5 295.8 284.1 275.4 268.9 262.9 260.7 258.9 256.2 254.1 254.5 253.5 254.3 255.4 255.3 253.2 252.2 250.3 248.4 243.4 242.8 243.7 242 237.2 242.6 244.5 246.1 247.7 248.9 249.1 248.9 248.6 248.2 247.1 246.3 247.4 247.3 248.9 250.8 253.1
354.9 344.6 334.4 324.1 315.5 308.9 303.3 300.8 301.5 306.4 308.7 311.2 313.9 316.6 319.2 321.7 325.5 327 328.2 328.6 328.6 328.5 328 327.4 327.3 327.2 327.2 328.4 329.5 330 334.9 337.5 336 332.8 328 323.8 319.7 308.4 301.6 290.5 279.3 271.9 265.1 261.9 260.9 259.1 258.8 258.3 257.7 257 255.4 257 257.4 255.3 253.2 251.1 247.5 246.9 248.4 248.4 246.2 240.7 245 247 249.1 250.6 251.8 252.9 251.9 250.9 249.9 248.8 247.6 247.1 247.1 249.1 251.1 253
353.4 340.1 330 319.9 311.8 304.8 300 299.7 303.4 306.1 308.7 312.4 315.9 318.6 321.4 324.5 328.5 330.9 332.2 332.6 332.9 333.1 332.1 332.1 331.8 331.6 333 333.5 334.1 332.8 332.4 334.8 333.9 330.8 326.9 325 321 306.3 295.9 284.4 274.9 268.3 263.5 262.3 261.3 260.2 262.1 261.5 260.3 258.8 257.1 257.3 257.4 254.9 252.3 248.2 250.6 252.2 253 253.3 249.3 245.5 247 250 252 254 255.2 255.6 254.3 252.9 251.6 250.5 248.1 246.5 247.3 249.3 251.3 252.4
346.7 335.2 325.7 315.7 307.8 300.2 294.1 300.4 303.5 306.2 309.3 313.2 318 321.4 324.8 330 334.8 336.9 338.2 338.1 337.6 337.8 338.6 339.5 339 338.1 338.7 338.9 336.1 334.3 332.1 332.4 331.1 328.2 325.2 324.5 318.2 298.3 289 279 271.8 265.5 263.4 264.1 261.4 263.8 266 263.6 262.1 260.5 258.8 257.5 257.7 255.1 252.6 250.9 253.4 255.2 256.9 257.1 253.6 250 248.2 251 254.3 257.1 258.6 258.3 257 255.7 254.3 251.6 248.9 246.3 245.2 246.8 248.6 249.6
340 329.6 320.2 311.2 303.8 297.9 294.4 300.1 303 305.8 310.3 315.3 320.5 326 331.2 337.2 341.5 343.6 344.3 345.5 344.4 343.4 344.4 345.4 345.9 345 344.3 343.4 339.2 334.6 331.9 330.2 327.2 324.2 321.4 317.8 307.4 289.3 283.4 277 270.2 264.6 264 264.7 267.4 269.9 269.2 266 263.9 262.2 260.5 258.7 257.9 255.4 253.2 253.2 255.4 259 262.6 261.8 257.3 253.8 252.3 256.1 258.7 261.2 261.8 261 259.7 258.3 255.5 252.6 249.7 247.2 245.6 243.7 245 245.1
333.1 324.2 315.3 306.4 299.4 293.8 290.6 298.7 302.1 305.9 311.5 316.6 322.6 328.6 335.4 341.8 346.1 347.7 349.8 351.1 349 347.6 346.9 347.9 348.4 347.5 347 347.2 345 341.4 330.7 326.2 323.3 320.3 320 307.5 298.6 287 282.3 276 270 265.2 267.1 269.2 275.5 276.2 271.6 268.4 266.2 264.2 262.4 260.7 257.8 255.7 252.7 254.1 257.9 262.3 266.7 264.6 259.8 253.9 257.8 261.6 264.9 266.2 265.1 263.8 262.7 260.4 256.8 253.5 250.6 248 246.2 244.1 241.9 241.2
326.9 317.9 309.8 301.6 295.7 289.5 293.8 297.4 301.2 306.4 312.1 317.8 323.9 330.1 336.7 342.7 346.5 348.6 350.5 350.9 349.5 346.9 346.5 346.1 345.9 344.9 345.1 346.4 346.4 340.5 330.2 322.5 320 317.7 314.5 301.9 293.4 283.8 278.2 275.7 271 268.4 268.8 274.5 279.6 278.2 273.4 272.1 270.6 269.5 267.1 263.9 260 256.3 255.6 256.5 260.8 265.1 268.6 265.5 261.4 257.3 261.1 265.2 270.3 269.9 270.9 269.7 267.7 263.4 258.7 255.1 251.7 248.7 246 243.3 241.5 240.3
320.6 311.8 304.2 297.2 290.7 291.1 294.7 298 301.3 305.7 311.3 316.6 322.5 329.1 335 339.3 341.1 343.9 345.9 345.6 343.5 340.4 340 339.8 340.1 339.7 340 340.3 339.6 334.9 323.7 318.7 316.1 313.8 306.8 297.6 291.4 285.1 280.3 277.4 276 269.3 272.1 276.3 282.3 280.3 277.1 275.7 275.5 274.5 271.8 266.4 262.9 257 257.1 259.8 263.7 268 269.2 265.9 261.3 259.7 262.9 268.4 272.6 273.8 275.2 275.5 273.5 267.5 262.3 255.1 250.8 247.1 244.8 242.3 241.2 240.2
314.6 306.7 299.9 294.4 288.3 291.1 294.7 298.1 301.5 304.9 310.3 315.4 320.6 326.5 331.6 333.2 335.1 337 338.4 337.2 335.5 333.1 332.9 333.1 333.3 333.6 334.3 332.9 330.9 329.3 318.8 314.3 312.1 309.8 303.9 293.5 290.5 286.9 282.4 280.4 277.4 269.5 277.5 283.4 283.2 280.8 278.8 277.8 276.8 275.9 272.9 269.5 262.5 258.1 261.1 263.4 266.6 269.2 268.9 265.5 259.3 261.9 264.6 270.8 275.7 276.9 279 280.1 277.8 271.3 262.4 254.8 248.4 246.5 245.8 243.5 241.2 241
308.3 301.8 296.3 290.3 285.9 291.4 294.8 298.2 301.8 305.4 309.1 314.3 319.4 324.5 325.4 327 328.5 329.5 329.2 328.3 326.8 326.2 326.8 327.2 327.6 328.2 329.1 327.8 325.6 320.5 314.8 308.3 308 306.8 302.7 292.7 289.7 287.3 284.1 281 277.6 272.3 281.9 285.9 284.6 281.2 280.1 278.8 277.5 274 269.6 264 259.9 262.2 264.3 267.1 268.9 269 267.5 264.5 263.5 263.7 265.8 273.5 277.1 279.9 282.3 282.6 279.1 271.1 261.7 255.3 251.8 249.6 249.1 245.4 242.6 244.9
303.5 297.1 293.2 287.5 285.7 292 295.6 299.2 302.9 306.4 309.8 313.1 318.2 320 319.9 320.7 322.1 322.3 320.8 319.2 319.1 320.2 321.3 321.7 322.3 323 324.1 323.2 320.9 316.9 309.2 305.4 305.3 303.8 301 294.8 290.4 288.4 287 284.9 276.5 276.1 285.7 286.7 284.1 281.8 280.6 279.3 277.4 273.3 269 262.9 260.1 263.5 266.9 269 269.2 267.3 265.4 263.6 263 264.9 266.9 272 275.9 282 283.4 280.9 275.6 268.8 261.6 259.9 257.4 253.4 249.6 246.1 245.5 256.4
298.1 292.7 287.2 283.5 289.8 293.6 297.1 300.4 303.9 307.3 310.7 313.4 315.8 315.2 315.1 315.2 315.7 315.1 314.5 314.1 315 315.9 315.6 315.7 316.8 317.9 319 317.9 315.2 311.3 305 304.3 303.3 299.3 299.4 295.4 291.2 288.9 287.6 285.9 277.3 277.2 285.2 284.8 283.7 282.3 280.9 279.6 277.4 274 268.8 262.6 263.5 266.1 268.3 268.5 269.5 268.2 266.9 265.4 263.9 265.9 268 270.9 274.9 281 281.8 277.9 272.8 267.2 264.3 263.5 259.9 253.8 249.7 249.6 251.1 266.1
293.4 289.7 284.5 283.4 290.2 294.3 297.7 301.2 304.4 308 311.3 313.6 312 310.7 310.6 311.1 311.3 310.7 310.4 311 311.8 312.6 313.1 312.9 313.4 314.5 315.3 313.7 311.6 306.5 304 303.9 304.3 296.4 297 294.4 291.5 290 287.9 286 281 281 286.4 284.4 284 282.5 281.1 279.8 277 274.1 270.8 266.5 266.7 268.6 269.1 269 269.7 268.4 267.1 266.4 265.4 266.1 268.7 271.7 275.8 281.7 278.3 276.5 273.3 269.8 267.9 267 261.5 254.8 252.7 256.1 258 266.5
289.9 286.4 281 286.4 290.7 294.7 298.4 301.6 304.6 308.1 310.8 311 308.9 307.7 307.5 307.6 307.8 307.5 307.8 308.3 308.9 309.7 309.7 310.4 310.4 311.8 313.6 313 310.9 306.5 303.1 303.3 302.5 297 293.5 292.4 291.3 288.4 286.7 283.3 283.2 285.2 285.4 284.9 284.6 282.9 281.4 279.7 276.7 273.9 271.7 269.5 268.5 270.4 270.1 269.8 269.6 268.9 268.2 267.5 266.7 266.2 268.9 272 274.4 277.3 278.8 278.8 277.1 277 276.1 271.7 264.5 257.7 258.7 257.6 262.4 265.8
286.5 282.7 282.2 286.4 290.7 295 298.5 301.6 304.6 307.5 309 308.5 306 304.6 304.6 304.6 304.6 304.7 305.2 305.7 306.3 306.8 307.4 308.1 308.9 311.9 313.9 315.3 312.6 306.6 302.5 302.2 298.8 295.5 293.1 291 290.2 287.6 288.3 287.3 285.9 286.3 286.5 286 285.7 284 282.3 280.2 278.1 275.9 273.7 271.2 270.8 271.9 271.9 271.6 271.3 270.1 269.1 268.3 267.6 267 268.9 271.8 273.8 275.2 278.6 278.9 278.1 277.6 279.2 276 268.6 264 259.3 256.1 260.6 264.4
282.2 277.2 282.7 286.7 291 294.6 297.8 300.8 303.8 305.9 306.3 304.6 301.4 301.7 301.3 301.6 301.6 302.1 302.8 303.5 304.1 304.2 304.7 304.6 309.2 312.3 319.2 317.4 313.7 308 301.9 299.6 298.5 295.8 293.2 291.1 290.9 290.7 290.6 290 288.6 288.1 289.2 288.9 289 287.4 285.3 282.9 280.2 278 275.7 273.1 272.8 274 273.8 273.6 272.9 271.7 270.5 269.3 268.4 267.8 268.9 271.6 272.9 273.8 275.1 276.9 276.8 276.8 276.7 275.5 267.6 260.5 255.4 256.1 259.2 262.4
277.3 279 283.1 287.1 290.7 293.8 297 300 301.8 302.3 302.1 298.8 298 299.1 299 298.6 299.9 300.1 300.4 301.3 300.8 301.7 302.1 305.1 309.2 313.6 320.8 317.1 312.4 306.6 302.5 296.6 296.6 295.5 293.3 292.2 292.1 291.8 291.5 291.2 290.4 291.1 292.7 294.4 294.6 292.3 289 285.8 282.8 280.1 277.6 275.1 276 275.8 275.3 274.9 273.8 272.6 271.2 269.8 268.5 268.6 270.6 271.9 272.8 273.2 273.7 274.9 274.9 274.5 273.2 267.6 262 254.8 255.5 256.3 259 261.2
275.6 278.7 282.7 286.7 289.9 293.1 296.2 298.9 299.1 298.9 296.2 296 298.7 298.6 299.4 298.5 298.5 298.6 299.8 301.3 301.7 302.7 303.5 306.6 310.8 317.8 321.7 317.2 307.9 307.2 303.1 295.5 294.8 294.4 294.1 293.3 293.1 292.9 293 293.1 294.3 296.8 298.7 300.4 299.3 296.1 291.9 288.4 285.2 282 279.2 279 278.6 277.7 276.8 275.8 274.4 273 271.6 270.3 268.1 269.5 270.9 271.8 272.6 273.6 274 273.7 271.8 270.8 266.4 261.6 256.2 255.1 255.4 255.7 257.9 260.2
272.5 277.9 282 285.9 289.6 292.3 295.4 296.8 296.6 295.2 295.9 298.6 300.8 301.9 302.6 303.5 304.7 306.3 305.7 304.2 304.2 304.3 305.6 308.4 311.1 315.7 320.4 315.9 306.6 304.7 295.8 293 294.1 294.7 294.4 294.4 294.9 295 295.3 296.4 299.7 302.4 304.1 305.1 302.6 298.3 293.7 289.5 286.8 283.6 282 281.3 280.4 279.5 278.5 277.3 275 273.5 272.1 270.7 268.5 270 270.8 271.7 272.5 273.4 274.3 273 270.3 265.3 259.7 254.7 253.5 254.2 254.9 255.4 257 259.1
274.5 277.8 281.2 285.2 289.1 291.8 293.6 294.5 293.6 293.9 298.4 300.8 303.9 307 309.3 310.9 311.6 313 310.5 308 305.9 305.7 306.1 308.6 312.5 314.5 314.7 308.1 307.1 302.7 291.8 292.9 293.9 294.9 294.6 295.1 296.6 298.2 299.4 300.6 303 306.7 308.1 307.4 304.1 299.5 294.8 290 287.2 284.9 284 283.1 282.2 281.2 280.3 278.9 275.7 274.2 272.7 271.2 269.2 270.2 270.9 271.7 272.5 273.4 273.7 273 266.9 258.8 255.2 254.3 253 253.4 254.1 255 256.6 258.2
274 277.5 281 284.5 287.4 290 291.5 291.7 290.7 297.1 301.3 305 308.3 314.6 316.8 317.9 318.6 316.1 312 308.2 306.3 305.8 305.9 307.4 308.1 309.5 307.4 302.5 300 296.2 290.5 292.7 293.8 294.8 294.8 295.9 298.3 301.5 303.1 304.6 306 307.5 307.7 306.7 302.9 298.5 294 289.5 287.1 285.3 285.2 284.8 283.9 283 282.1 280.5 277.2 274.9 273.4 271.8 270.5 270.6 271.1 272.7 273.5 274 273.2 269.6 263.3 256.3 255 253.8 252.6 253.4 253.5 254.2 256.4 256.3
272.4 275.9 279.5 283 285.8 288.3 288.3 289 295.7 300.4 305.1 308 312.6 319 322.3 322.3 320 315.5 311.4 307.6 305.9 304.5 304.3 303.9 303.7 304.3 301.8 298.3 295.5 292.5 291.5 292.9 293.7 294.6 295.2 297.6 300.5 304.1 306.3 307.6 308.6 307.9 307.5 303.8 300.2 296.2 292 289.4 287.3 285.6 285.6 285.7 285.3 284.7 283.8 282.2 279.1 275.6 273.8 272.2 270.7 271 271.4 272.9 274.4 273.7 271.2 266.9 261.9 256.8 255.1 253.8 253.6 252.8 252.2 253.3 254.4 254
271.6 274.3 277.9 281.2 284.3 281.6 288 293.7 298.6 303.6 309.1 313.4 319.1 323.3 323.7 321.2 316.1 310.3 306.5 304.6 303.3 302.3 301.8 301.4 301 299.4 297 294.5 291.6 289.1 292.3 293.1 293.9 294.8 296.8 299.5 302.8 306.4 309.3 310.4 310.8 309.1 305.3 302 298.1 294.5 291.9 289.3 287.7 286 286 286.1 286.2 285.7 285.1 283.7 280.3 276.6 274.4 272.4 270.9 271.2 271.7 272.7 273.4 271.3 268.9 264.6 260.5 257.5 255.4 254.7 254.7 253 252.9 250.3 252 251.7
270.5 273.3 276.3 279.5 278.5 285.1 290.5 296.3 302.7 309.5 313.4 318.9 323.7 322.7 320.4 316.4 310.9 304.6 302.1 301.3 300.4 299.4 299 298 296.4 295.2 293.5 291.2 288.7 289.9 292.8 293.4 294.3 295.2 298.2 301.4 305.3 308.9 312.1 313.3 312.4 309.1 305.5 301.3 297.2 294.4 291.8 289.4 288 286.4 286.3 286.4 286.6 286.4 285.8 284.5 281.1 277.6 275.2 273 271.1 271.3 271.6 271.7 271.4 269.1 266.5 263.9 260.8 258.1 256.1 256.1 256 254.7 255.1 252.4 247.7 248.6
266.4 271.1 273 277.7 282 286.7 292 298.6 306.5 316.1 318.3 319.1 320.5 318.1 314.4 310.3 305.8 302.8 301.2 299.6 298 296.6 295.7 294.8 293.9 293 291.5 289.1 288.4 292.2 295 294.2 294.7 296.5 299.6 303.7 307.8 311.3 314 315.1 313.1 309.5 305.8 303.3 297.8 294.8 291.9 289.6 288.2 286.7 286.4 286.1 285.9 285.7 285.9 283.8 281.2 278.6 276.1 274 272.6 271.2 270.3 270.3 269.5 267.6 265.1 263 260.6 260.8 258.5 258.8 259.2 258 256.3 251.8 247.2 245.1
269.8 271 274.8 279 283.4 288.3 293.8 302 311.5 318.1 319.4 318.7 315.8 312.4 309 304.2 301.4 299.3 297.5 295.8 294.6 293.5 292.9 292.3 291.6 290.9 290 289.2 288 290.5 293.2 294.7 296.2 298.1 302.2 306.5 310.1 313.4 316.1 315.5 313.9 310.9 307.4 309.4 304.5 299.1 293.6 289.6 288.1 286.6 285.7 285.4 285.2 285.1 284.6 282.8 280.7 278 275.4 273.7 272.3 271.1 269.9 269 267.6 265.7 264.6 264.5 264.2 260.4 261 261.9 261.2 260.2 258.2 254.1 249.5 244.2
268.4 270.4 274.8 279.3 283.5 288.8 296.9 305.3 314.7 318.5 318 313.9 309.6 306.4 302.9 299.5 296.7 294.9 293.8 292.6 291.5 290.4 289.8 289.3 288.6 288.7 288.4 287.6 286.4 290 292.6 295.3 298 301.6 305.3 308.9 312.3 315.3 317.2 316.6 314.8 312.7 312.7 312.4 309.8 299.8 293.6 289.6 288.1 286.5 285 284.6 284.1 283.5 282.3 280.5 278.6 276.6 274.6 273.3 272 270.9 269.9 268.9 267.5 266.2 266.8 266.8 267.9 265.5 265.8 265.2 263.4 262.3 260.2 256.5 251.8 247.4
265.2 270.1 274.6 279 283.5 290.7 299.5 309.1 315.1 317.6 314.2 310.2 305.9 301.2 295.9 293.7 292.8 291.8 290.7 289.5 288.4 287.2 286.7 286.2 286.3 286.5 286.6 284.6 288 290.5 293.1 295.9 299.5 303.8 307.9 311.3 314.4 316.3 318.4 317.8 317.5 319.6 314.1 310.2 306.3 297.9 292.3 289 287.3 285.6 284.1 282.7 281.8 281.2 279.8 277.9 275.9 274.7 273.6 272.6 272.2 271.2 270.2 269.3 269.6 271.6 276.3 280.3 269.2 269.9 270.2 269.1 266.9 265.3 262.2 260.5 254.3 247.9
263 268 273.9 278.4 284.3 293.4 302.7 313.1 316.1 314.3 310.5 306.4 301.4 296.2 291 290.4 289.5 288.1 287.2 286.4 285.2 284.1 283.6 283.9 284.2 284 283.8 285.4 288.8 292.7 295.4 297.5 302.1 307.2 310.5 313.7 315.8 317.6 318.2 317.8 319.6 318.2 310.7 307 302.9 295.5 291.3 288 286 284.4 283.1 281.7 280.4 278.9 277.3 275.8 274.7 273.6 272.6 271.8 271.9 271.7 270.7 270.7 271.6 275.9 280.8 276.3 271.6 272.2 272.3 273.6 270.8 267.3 264.1 261.8 253.8 248
260.1 265.6 271.8 277.8 286.6 296 306 316.6 317 311.6 304.9 300.3 295.6 292.2 287.1 287.2 286.1 284.7 283.3 282.5 281.8 281 281.3 282.4 281.8 284.6 285.5 287.8 290.6 294 297.4 300.8 304.9 309.2 313 315 317.1 317.9 317.9 318 318.3 313 307.3 303.5 299.5 294.1 290.9 287.6 284.7 283.4 282 280.7 279.2 277.5 275.8 274.7 273.7 272.6 271.6 271.1 271.2 271.4 271.3 271.8 272.5 277 279.7 274.5 275.3 276.1 274.3 273.1 270.8 269.9 265.5 261.3 254.2 247.3
259.1 263.9 270.8 278 287.2 296.9 308.6 316.3 314.9 308.9 301.5 294.6 292.8 288.3 284.6 283.9 282.8 281.3 279.9 278.6 278.4 277 280.2 282.3 285.8 287.7 288.3 290.3 292.5 295.9 299.3 303.2 307.8 312.1 315.9 317.8 318.7 316.3 315 315.1 315.2 309.6 304.9 300.8 296.7 293.5 290.1 286.7 283.6 281.7 280.3 279 278.7 277.2 275.6 273.8 272.6 271.6 270.8 270.5 270.6 270.8 271 271.8 274.3 278.1 274.6 274.8 277.9 278.7 275.6 273.2 271.6 268.1 266.9 263.2 252.6 247.4
259.1 264 271.4 278.4 287 296.1 306.3 312.9 310.8 304 297.2 291 289 287.3 283.3 281.3 279.1 277.3 275.6 275.6 276.3 279.5 281.7 284.5 287.2 289.8 290.8 292.2 294.7 297.7 301.6 305.7 310.1 315.1 318.9 319.8 318.8 316.4 314.1 311.7 311.7 307 303 298.9 294.9 292.4 289.1 285.7 282.5 280.5 278.5 278.7 278 276.7 275.2 273.6 271.8 270.6 270.1 269.8 270 270 270.2 271.7 274.7 277.6 274.2 274.6 278 280.1 279 276.4 275.4 271.7 263.9 256.4 253.3 249.6
256.7 265.6 271.8 278.8 286.6 295.2 302.1 307.7 303.8 298.9 292.3 287.4 285.8 284.3 280.5 277.5 275.8 274 272.8 274.9 277.9 281.1 283.9 286.6 289.4 292 293.2 294.5 296.6 299.7 304.2 308.3 312.4 317.4 321.7 320.9 318.4 316 313.7 311.3 309 305.4 301.3 297.3 293.3 290.8 288 284 281.4 279.9 280.1 280.6 277.6 276.1 275.9 273.6 272.1 272.2 269.2 269.3 269.4 269.1 269.4 271 274.8 274.5 273.3 274.5 276.9 279.7 279.8 277.5 276.3 270.6 263.1 261.3 257.5 252.3
