ny/ny81_OST50GRID_20230518/NY81.asc
ncols 200
nrows 200
xllcorner 380000
yllcorner 510000
cellsize 50
[rows 35 to 69 of 200, columns 78 to 155 of 200]
520.6 518.3 516.9 516 514.6 512.1 510.7 509.3 509.5 506.9 504.4 502.5 503.7 504.1 504 502.7 501.7 499.8 498.2 496.9 496.9 496.1 495.5 495.3 494.8 495.8 494.6 491.5 489.5 488.8 488.3 487.7 486.9 486 483.4 479.6 477.5 475.1 473.6 471.7 469.5 467.5 466.7 465.1 463.7 462.4 461.2 459.3 457.7 455.8 450.3 451.4 451.6 449.8 446.5 442.1 445 448.1 446.9 444.4 441.7 437.5 433.2 428.8 426.5 424.4 423.2 418.6 424.7 427.8 429.4 430.3 430.1 431 433.2 434.2 433.8 433.4
519.8 515.7 514.7 512.5 510.5 509 507.6 507 505.3 504 501.6 499.2 499.3 499 498.7 498.4 497.9 496.4 495.8 494.4 493.6 493.1 493.3 492.5 491.2 489.6 488.5 487.4 488.2 489.1 488.4 487.5 486.4 484.9 481.9 479.2 477.6 475.9 474.2 471.9 470.2 468.3 466.5 465.9 464.5 462.5 460.3 456.4 456.9 455 453.5 452.9 451.8 448.6 446.8 447.5 450.9 451.8 451.5 449.9 446.5 442.8 438.4 434.7 430.3 426.9 424.5 420.9 427.1 430.3 430.8 431.4 432 433.9 434.9 434.8 434.4 434
518.1 516.7 513 509.1 507.9 506.9 505.3 504.1 502.7 500.5 496.1 495.8 494.9 495.5 495.2 494.1 493.5 493.9 494.2 493 491 489.3 489.6 488.5 487.2 486.3 484.9 485 485.6 486.8 486.3 484.4 483.2 481.7 479.7 478.8 477 475 473.6 472.1 470.5 468.9 467.8 465.9 463.2 460.7 460.1 459.4 457.9 456.1 454.8 453.2 451.3 451.3 451.3 450.3 453.1 454.5 454.9 453.2 450.4 446.5 441.6 436.9 432.6 428.3 423.4 422.6 430 431.1 431.8 433.7 435.4 435.6 435.6 435.3 435 434.6
515.3 514.2 511.3 506.9 505.1 504.6 503.5 501.4 500 497.8 493.9 491.6 490.8 490.8 492.5 491 489.6 490.7 491.5 490 488.8 486.9 486.1 485.2 484.2 483.5 482.7 481.5 482 482.1 481.5 480.6 480.1 479.9 478.4 477.4 476 475 473 472 470.2 469.4 466.2 464.6 463.8 462.5 460.7 459.2 457.7 456.4 455.2 453.1 453 453.1 452.8 453.4 454.6 456 456.1 454.5 450.9 447 443 439 434.1 429.8 424.3 426 430.9 432.2 433.9 436.2 437 436.7 436.5 436.2 436 435.8
511.4 508.3 505.9 504.4 503.1 503 501.5 500 498.3 495.4 491.6 490.3 488.4 486.9 486.4 488.5 487.6 487.9 488.7 488.5 486.8 484.6 483.1 482.8 482.4 481.4 479.2 478.9 479.3 480.8 480.7 480 479.4 478.3 477.7 477 476.2 474.8 473.5 472.1 471 469 468 466.5 464.6 462.7 460.6 459.2 457.8 455.6 455.2 454.7 454.9 453.7 454 454.9 454.9 455.6 454.7 452.1 449.2 446.3 442.9 438.9 435.4 431.5 430.1 431.5 432.4 434.4 436.5 438 438.7 438.6 438.9 439.4 438.8 437.2
509.6 506.4 504.2 502.4 501.1 500 499.2 498.5 496.5 494.2 491.3 487.5 486.9 484.5 484.1 486 485.8 484.6 484.9 486.1 485 482.5 478.7 480.2 480 479.4 478 476.4 477.7 480.3 480.3 479.5 478.3 476.8 476.6 476 475.2 473.9 472.7 471.1 470.5 469.8 468.8 467.1 464.3 462.3 460.7 459.3 457.3 456.9 456.1 455.7 455.4 454.8 454.7 454.7 454.1 452.7 451 449.3 446.8 444.7 442 438.8 433 433.6 435.3 434 433.8 436.1 438.1 439.5 441.1 442 442.4 441.5 440.1 438.6
508.7 504.9 502.5 500.7 499.2 498.7 497 496.6 494.2 492.3 489.6 486.5 485 484 481.7 484.7 483.8 483.4 481.7 480.4 478.8 477.1 475.5 474.4 474.2 472.9 475.7 474.7 474.8 477.2 479 478.3 477.4 476.5 476 475.4 474.5 473.6 472.9 472 471 469.7 468 465.6 463.5 462.1 460.8 458.9 458.4 457.5 456.7 456.3 455.7 455 454.5 453.2 451.5 449.7 447.8 446.5 445 443.1 440.2 435.2 438.2 439.3 437.5 435.1 436.7 438.9 440.4 442.8 444.5 445.1 444.4 442.9 441.3 439.9
509.3 504.8 501.7 499.7 498.3 496.6 494.7 493.9 492.6 490.4 486.8 484.6 483.3 481.6 481 483.2 482.5 481.9 480.1 478 476.6 475 474.3 472.9 471.6 470.6 469.9 470.1 471.4 472.6 475.8 476.8 476.7 475.7 474.5 474.5 473.8 472.5 471 470.6 470.2 468.8 467.1 465.6 463.8 461.6 461 459.4 458.6 457.8 456.9 456.3 455.6 454.9 453.5 451.8 450.2 448.7 447.4 446.4 444.5 441 440 442.3 442.5 441.3 436.4 439.1 441 442 444.6 446.6 447.5 446.4 445 443.4 442.4 441.6
507.3 503.5 500.4 498.7 497.3 496 493.8 492.6 491 488.9 485.5 483.3 482.6 480.7 480 480.5 480.1 478.9 477.2 476.6 475.8 474.7 473.3 471.8 469.6 468.3 467.2 466.3 465.7 465.5 468.1 468.8 469.5 470.9 472.3 471.2 471 470.8 470.6 470.2 469.4 468.6 467.5 465.7 463.9 462.9 461.5 459.3 458.4 457.5 456.7 456 455.3 453.9 452.3 451.1 449.2 448.2 443.4 443.2 442.5 444.5 445.4 444.9 443.7 442.2 441.8 442.8 443.5 445.7 447.4 447.8 446.8 445.5 441.7 440.1 439.4 439.4
504.7 500.1 499.1 497.9 496.2 495.3 493 491.7 488.5 486.6 485.8 483 482.1 480.4 479.6 478.9 478.1 477 475.4 475.1 474.4 473.6 471.7 469.6 468.6 467.2 465.4 463.4 463.4 462.4 462.1 462.3 463.7 465.6 467.7 470.4 469.1 469.8 469.4 469.8 469.3 468.3 467.4 466.1 464.5 462.9 460.8 459.2 458.1 457.3 455.9 455 454.5 453 451.8 450.3 449.1 447.3 446.8 445.7 447 447.2 446.7 445.5 443.9 442.6 443.4 444.6 446 445.5 444.4 442.6 441 440.3 438.8 438.2 437.3 437.3
498 497.3 496.5 497.1 494.5 493.9 493.1 491.4 489.4 486.8 483.3 482.5 481.5 479.8 480.1 478.2 476.7 476.9 473.9 472.9 472.7 471.3 469.7 468.2 466.6 464.9 463.1 462.3 461.3 461.6 460.9 460.6 461.9 462.3 464.6 468.5 469.3 469.3 469 469.6 469.5 468.6 467.7 466.2 464.6 462.4 460.5 458.7 457.4 455.6 455 455.6 454.5 452.1 451.6 450.5 449.2 448.5 448.5 448.1 448.5 448 446.8 445.4 443.9 444.2 444.5 444.2 443 440.7 440.1 439.6 439.1 438.6 437.7 437.2 437.1 436.6
493.9 492 491.3 490.6 493.4 492.9 491.9 490.6 488.8 486.6 484.5 482.4 481.8 481.9 481.3 479.5 478.2 476.9 475.4 473.4 471.3 468.9 467 466.2 463.7 462 460.9 460.8 460.1 459.6 458.7 458.2 458.4 459.2 463.3 468.4 468.8 468.4 468.5 469.1 469.7 469.1 467.9 466 464 462.2 460.6 459.2 458.5 457.6 456.4 455.9 455.1 453.6 451.2 450.6 449.9 449.1 449.4 449 448.8 447.8 446.9 445.1 445.4 445.4 446 445.2 442.1 440.2 439.5 439 438.4 437.9 437.4 436.3 436.3 436.3
488.5 487.1 486.8 487.6 489.7 491.6 490.6 489.4 488.2 486.2 484.4 482.3 482.4 482.3 481.4 479.4 478 477 475.1 474.2 472.3 468.2 465.6 464.5 464.3 462.9 462 461.1 458.7 457.5 456.4 455.4 455.9 457.5 462.4 468.2 468.2 467 467.3 468.7 469.4 469 467.5 465.4 463.7 462.3 460.7 459.9 459.4 458.5 456.8 455.3 454.6 453 451.3 450.7 450.3 450.1 449.4 448.9 448.9 448.4 447.2 447.1 446.8 448.5 449 446.9 443.3 440.3 439.2 438.2 437.9 437.2 436.3 436.2 435.1 434.9
484.8 482.7 482.7 483.8 488.6 491.7 490.6 489.1 487.5 485.7 483.6 482.7 482.4 482.4 481 479 477.9 476.9 476.7 472.7 470 468.5 467.6 467.9 466.6 464.4 462.5 460.9 459.9 458.3 457.8 457.1 454.9 455.6 460.9 465.1 466.7 465.7 466.2 466.7 468.9 468.5 466.7 464.7 463.8 462.5 460.7 460.5 459.9 459.1 457.5 455.2 453.4 452.5 451.8 451.5 451.1 450.5 449.4 448.8 447.5 447.6 448.1 448.2 450.3 452.4 451.8 448.3 444.6 440.8 439.2 438.2 436.2 436 435.3 434.6 433.6 433.3
481.9 480.4 478.9 480.6 483.9 485.8 486.3 488.7 487.1 484.5 482.4 481.4 481.2 481.5 480.3 478.4 478.1 477.4 473.4 473.4 473 470.6 469.4 467.7 466 464.2 462.4 461.3 460.1 459.1 457.2 455.8 455.8 453.2 457.1 461.7 465.1 464.8 464.9 465 466 466.3 464.9 464 462.7 461.7 460.5 459.7 458.6 457.3 455.9 454.5 454.1 453 452.4 451.3 450.3 449.6 449.2 448.3 447.9 447.4 448.8 449.9 453.3 453.9 452 448.7 445.2 441.1 438.7 436.6 434.9 433.8 431.8 431.6 431 430.6
481.3 479.2 475.5 477.5 480.2 482.2 484.2 488.1 487.6 484.7 482.1 480.2 479.1 479.8 478.7 478.1 476.8 474.2 477.2 475.6 473.9 471.1 469.2 467.7 466.2 464.2 462.1 460.9 459.6 458.7 457.2 456.1 455 454.1 453.4 458.5 465.1 465.2 463.9 461.3 462.1 464.7 464.5 462.4 460.7 458.6 456.8 456.4 455.3 454 453.1 453.3 453.5 453 451.7 450.3 449.3 448.8 448.6 448.5 447.9 448.2 449.2 450.4 450.5 450 449.3 446.3 442.7 439.1 436.3 432.6 431.2 428.8 429.5 428.1 427.7 426.6
481.3 480 478 476.1 480 481.4 481.9 482.6 484.8 484.7 481.3 479.7 479.2 478.5 477.3 475.9 474.7 478.8 477.2 475 473.4 471.2 469.1 467.5 466 464.1 462.3 461.6 460.2 459 456.8 456.3 456.3 455.2 451.7 457.3 465.2 465.8 465.4 464.8 462.5 458 459.4 457.3 455.8 454.3 453.1 451.7 449.9 448.3 448.2 449.9 453.3 451.7 449.8 448.6 447.9 447.8 447.7 447.7 447.1 447.8 448 447 446.9 445.8 444.6 441.8 438.2 434.4 430.2 428 426.4 425.3 424.5 421 419 416.9
481.3 480.1 477.3 467.6 478.3 479.8 480.2 479.8 480.4 479.8 479.2 477.6 478.5 478 477.7 480.9 479.7 477.9 476.6 475.3 472.8 470.8 469.6 467.2 465.7 464.2 464.9 462.6 460.3 460.1 457.8 455.9 455.6 455.5 451.4 458.4 465.8 465.5 465.2 464.6 463.2 459.3 453.8 443.2 448.3 445.3 441.9 441.2 439.5 437.6 439.4 442.1 445.8 447.7 447.2 446.9 446.4 446.1 446 445.6 445.6 446 445.1 444.1 442.3 440.8 438.2 433.4 429.6 425.6 423.6 421.6 421.4 419.5 416.4 412.4 409.5 407.6
479.8 479.8 479.1 477.9 464.3 472.6 478 477 477 476.9 476.2 475.3 476 478.8 481.8 480.1 478.6 474.9 470.7 471.5 470.7 468.2 468.6 466.2 466.2 466.5 465.5 462.4 462.4 460.7 458.5 457.1 455.9 454 448.8 454.9 461.4 463.8 464.1 462.7 459.8 456.2 446.5 440.4 435.8 434.3 434.1 433.9 433.4 433 433.7 436.4 440.3 441.1 443 443.8 442.5 441.3 441.8 440.5 441.7 441.6 439.5 436.6 434.3 431.9 428.1 424.9 420.8 418.9 417 416.7 416.5 413.2 408.3 401.7 396.7 395.1
476.6 478.3 479.4 478.8 477.3 461.5 473 472.9 474.1 475.1 473.5 473.3 476 481 473.9 466.1 464.4 463.9 462.2 461.1 460.6 461.7 463.2 466 468.8 466.6 464.9 463.7 462.4 460.8 458.7 456.5 454.9 455.3 452.4 450.1 451.4 451.2 451.1 449.7 446.5 442.8 437.7 433.4 432.2 431.8 433.2 432.4 432.1 432.1 431.1 432.1 431.2 433.7 436.7 439 438.7 437 436.1 432.8 433.3 431.1 429.6 428.4 426.8 424.5 420.7 418 416.9 414.6 412.2 410.4 405.9 399 398.6 405.7 403.9 403.6
466.9 467.5 469.1 467.8 466.9 458.1 464.4 462.5 469.2 467.7 465.5 464.7 465.3 465 463.7 463.1 462.7 461.8 460.1 458.2 457.4 458.4 459.4 461.6 462.9 464 463.2 462.6 461.4 460.6 458 456.1 455.5 454.2 452.9 451 441.2 446.4 444.6 442.9 439.6 436.4 432 428.7 428.5 428 428.1 428.7 431.2 431.6 431.1 430.3 431.7 429.4 429.7 433 433 430.4 429 426.9 426.3 425.7 425 424.1 423.1 420.3 412.3 405.7 405.3 403.2 412 411.8 413.7 412.8 415.8 418.3 419.4 418.6
455.6 456.5 457.3 457.3 457.3 454.5 457.6 457.4 456.6 456.4 456 459.5 461 460.5 460.8 460.3 458.4 456.1 454.4 454.5 455.8 456.6 456.6 457 458.1 458.9 459.4 459.3 459.6 459.7 457.3 455.9 453.8 451.7 448.5 447.4 439.7 437.4 435.5 433.4 431.9 430.3 431.5 432.8 432.4 432 431.5 428 427.7 431.6 429.5 430.5 429.7 426.9 426.7 426.8 425.7 424.1 422.5 418.8 417 417.6 419.4 418.1 417.8 409.8 417.6 421.1 422.5 423 421.9 420.3 421.3 422.2 424.3 426.6 428.4 428.7
448.9 449 451.2 452.3 452.7 448.9 453.1 452.5 451.2 451.3 451.7 453.1 456.5 457.3 453.4 453.5 451.5 450.5 451.3 451.4 454.5 455.1 455.6 455.4 454.5 454.6 455 454.2 452.6 450.4 447.7 446.2 445.5 442.2 438.8 436.7 435.9 435.1 434 434.4 436.8 438.3 437.5 434.6 434.9 434.3 433.8 432.5 430.6 425.9 426.8 427.2 428.7 427.5 424.2 421.8 420.9 418.8 416.5 417.8 418.3 418.1 413.9 413.1 410.6 420.8 426.3 427.3 427.7 426.8 424 424.9 426.9 429.4 430.7 432 433.3 433.4
451.8 451.2 444.4 446.1 446.7 446.8 448.4 447.6 447.5 448.2 449.5 448.7 447.8 447.1 445.6 445.1 446 446.5 447.3 449.6 452.3 452.9 452.3 451.4 450.7 450.3 450.6 449.7 447.7 444.9 443.3 441.1 439.4 437.5 435.5 437 437.2 438.7 441.6 443.8 442.6 440.6 438.9 437.3 436.9 436.1 435.1 434 433 433.2 429 426.4 423.9 422.5 421.3 419.5 418.9 424 425.6 426.5 425.2 425.3 425.2 423.1 425.8 429 429.9 429.8 429.4 427.6 428.5 430.7 432.5 433.9 434.4 435.1 434.3 431.9
450.9 449.5 448.6 446.6 441.2 433.9 427.7 427.9 438.8 446.3 447.9 446.5 443.5 441.7 441.4 440.8 442.4 445.2 445.2 447.1 447.3 448.2 448.9 449.2 449.2 449 448.2 446.3 444.8 443.3 441.6 439.1 437 438.7 440.7 440.9 441.2 445.9 448.1 446.2 444.8 441.2 439.5 439.2 438.1 436.7 436 435.2 434.8 432.7 427.9 427.9 426.7 425.6 426.4 427.5 429.2 429.2 429.1 428.3 427.2 427.5 428.2 429.7 431.1 431.6 431.5 431.2 430.5 431.1 433.4 434.7 436 436.3 435.8 434 431.5 428.5
449.3 449.2 449.1 448.3 448 448.4 446.4 421.1 429 445.2 447.4 445.5 441.9 439.5 438.4 437.5 438.6 440.3 443.3 443.3 444.6 446.5 447.5 448.3 448.3 448.2 447.5 445.6 443 441.8 438.5 439.7 440.8 445.3 444.4 445.1 451.8 451.1 448.4 445.7 442.4 441.5 442 441.1 438.5 437.5 436.9 435.1 433.2 431.9 429 429.1 429.5 430.2 429.7 430.9 430.3 429.4 430.3 429.9 430.3 429.7 430.3 431.8 432 432.1 432.1 432.5 433.4 435.2 435.9 436.9 436.9 435.5 432.6 429.6 425.5 421.3
438.6 444.6 450.1 449.7 447.7 444 439.1 425 426.7 439.1 439.7 441.1 440.1 437.8 436 435.7 437.1 437.9 438.3 439.3 442.9 445.7 447.5 447.7 447.5 447.5 447.1 444.7 443.6 444 443.2 442.9 446.2 446.7 446.5 449 453.1 451.9 448.5 446.4 445.1 442.7 442.6 442.8 440.7 439.1 436.2 434.3 432.4 431.7 431.7 432.6 433.4 433.7 433.2 430.1 431.1 431.1 431.2 430.6 432.5 432.4 431.2 431.8 432.3 432.6 433.1 434.3 435.1 436.6 436.6 435.8 432.8 430.4 427.9 424.7 415.1 405.2
432.2 433.9 437.5 437.4 435.3 431.1 427.2 421.4 424.7 430.4 437.9 442.2 438.5 434.8 434 435 435.6 437.2 439.9 443.6 441.3 444.8 446.8 447.7 447.6 447.3 446.3 446.3 446.6 445.5 445.2 445.3 446.8 446.7 445.8 445.9 447.3 449 446.8 447 446.8 444.4 442.1 441.7 439.3 436.2 435 433.6 433.9 434.2 435.4 436.4 435.6 434.1 432.4 432.9 432.3 431.2 431.1 430.8 429.6 429.7 430.6 431.6 432.6 433.4 434.6 435.4 435.8 435.8 434.1 430.7 427.7 425.5 422.8 416.7 404.4 413.3
427.5 430.1 431.5 430 425.5 421.1 415.5 411.5 424 421.4 426.2 427.2 432.5 435.7 438.5 438.6 441.8 443.2 446 446.2 443.2 444 447 448 448.1 447.8 447.6 447.4 447.3 446.6 445.8 445.8 446.5 445.7 444.8 443.7 442.7 442.5 441.8 441.1 443.4 444.2 441.7 439.7 438.2 435.7 434.4 434.3 434.2 434.7 435.8 435.9 435.3 434 433.7 431.9 431.6 431.2 430.4 428.4 426.5 427.8 429.7 431.4 432.4 434.5 435.3 435.1 433.4 431.2 428.6 426.5 424.4 419.9 410.9 412.1 418 415
418.6 420.1 420.7 418.3 416.3 409.1 410.2 426.6 434.4 440.6 439.6 439 444 446.9 448.4 453.2 453.1 451.9 450.1 449.1 446.7 447.4 448 447.8 448.6 448.5 448.3 448.2 448.4 448 448.8 449 448.6 448.8 447.7 445.6 443.3 442.6 441.9 440.7 439.1 437.5 435.5 434.5 433.7 433.7 433.6 433.6 433.8 433.5 434 434.5 433.6 432 430.2 428.8 429.6 428.3 428.5 425.5 424.3 424 427.1 431.5 432.4 433.6 433.1 430.7 427 425.4 423.8 419.7 415.3 411.9 419.7 419.3 415 414.6
411.4 413.1 408.6 401.5 408.5 421 430.2 435.7 445.1 445.5 446.1 452.7 456.2 456.6 460.7 463 460.3 459.1 457.3 452.9 452.3 451.9 451.5 450 449.8 450.5 449.9 449.8 450.4 453.4 454.2 454.8 455 454.9 453.4 450.6 446.7 443.4 442.3 441.1 439.7 438.1 436.3 434.9 434.3 432.6 431.9 431.7 431.5 431.9 431.6 431.5 430.3 428.4 427.8 427.3 426.5 425.3 424.3 423.3 422.4 421.9 421.9 428.8 429.6 429.1 425.7 419.7 415.4 413.8 413.1 415.1 421.4 424.1 420.6 417.6 417.9 417.1
407 398.1 398 417.5 426.8 430.8 435.4 443.1 451.4 456.6 459.5 459.7 459.2 461.5 467.4 467.7 465.3 463.8 460.6 457.9 456.9 456 456.2 455.7 454.2 453.7 453.2 453.5 457.8 459.6 459.4 458.9 458.5 457.5 454 450.1 446.6 443.6 442.2 440.8 439.7 438.1 436.8 434.8 433.4 432.8 431.9 430.1 430.5 430.9 430.3 428.3 427.5 427.1 426 424.8 424.1 423.1 422.4 421.2 420.7 420.2 423.7 419.9 419.3 418.2 417.1 422.9 425 423.8 423.8 426.9 424.8 421.8 421.4 420.6 418.9 417
395.5 398.5 412.5 421.1 429.8 435 438.7 451.3 462.1 465.6 463 461.8 462.7 463.9 467.6 473.3 471.6 467.9 463.5 462.4 461.3 460.2 460.1 461.3 458.6 457.2 458 461.3 464.4 464 462 460.8 458.9 455.8 452.4 449.1 445.7 443.6 442.1 440.1 437.2 435.8 433.8 432.6 431.6 431.1 431.1 429.7 428.4 427.9 427.6 427.8 427.2 427.2 427.3 426 425.6 423 423.3 425.2 428.3 429.3 428.7 425.6 427 429.6 428.8 426.9 427 429.1 429.1 425.1 424.6 423.9 422.8 421.3 419.3 416.7
402.9 408.1 415.8 424.6 432.8 437.8 441.2 452.9 472.8 467.9 465.2 464.1 464.3 465.3 467.7 475.1 473.7 469.2 468.3 468.1 465.9 464.4 463.2 463.6 461.6 459 459.5 462.7 465.5 464.7 462.6 460.4 456.8 453.7 450.6 447.9 444.5 440.6 436.8 434.7 436.8 436.9 436 434.5 431.9 430.4 429.7 429.5 431.9 432.3 432 431.9 433.1 431.3 429.6 430 429.1 428.8 431.6 434.8 434.6 434.8 434.2 430.1 428.9 430.4 430.1 431.2 432.7 430.3 427.7 426.9 425.8 424.9 423.6 421.4 417.8 413.4
402.4 408.5 417.3 427.3 438.1 439.4 441.6 448.3 467.3 470.2 468 467.6 466.7 466.9 467 469 469.8 471.4 473.2 471.1 469 466.6 464.6 463.8 462.8 461.4 460.5 460.3 460.1 461.8 458.4 456.1 455 452.5 450.2 446.7 443 438 441.2 440.5 439.4 438 437.6 435.7 433.9 435.3 438 441.4 442.5 442.9 442.1 442.3 442.2 438.3 434.3 437 438.7 439.9 437.9 439.9 438.5 436.8 436 434.4 429.7 434.6 436.7 437.1 430.5 429.6 428.6 427.7 426.8 425.4 423.2 420.3 415.7 417.9
