ny/ny81_OST50GRID_20230518/NY81.asc
ncols 200
nrows 200
xllcorner 380000
yllcorner 510000
cellsize 50
[rows 140 to 174 of 200, columns 78 to 155 of 200]
257.1 271.9 275.1 279.7 284.4 286.8 291.4 296.8 302.7 308 313.7 321.2 329.4 332.3 332.4 332.3 330.7 330 330.7 332.7 336.3 341.8 347.9 354.1 362.3 369 372.7 371.1 370.1 369.9 368.5 369.8 370.1 370.4 372.3 377.9 374.3 372.4 370.6 368.2 368.1 367.8 366.6 365.4 360.8 359.2 357 354.3 351.3 344.7 343.9 348 345.5 356.7 366.1 368.7 369.1 369.6 370 369.6 366.3 377.8 383.4 391 399.4 401.5 398.2 403.1 406.1 409.2 418.7 431.5 436.3 439.6 443 449.7 453.3 455
258.1 270.7 273 278.2 284.1 287.4 290.9 295.6 301.3 306.8 312.3 318.6 324.2 332.5 332.2 332.1 332.8 332.2 334 340.1 344.8 353.4 362.5 366.7 375.2 376.1 376.2 374.5 375 372.5 371.8 374.1 373.5 375.1 381.4 381.4 377.7 375.4 374.1 372.3 370.8 370.6 370.7 370.6 368.1 365.3 365.6 362.5 363.4 362.9 361.1 354.3 358.1 359.2 368.2 374.8 375.6 375 377.2 380.4 376.4 371.9 377.2 386.9 393 397 399.7 399.1 403.7 405.3 408.1 415.5 428.9 435 441 444.5 446.3 450
258.4 265 271.1 280.7 284.4 286.4 289.4 295 300.9 305.1 309.7 314.4 320.4 325 330.3 333.2 334.2 334.6 339.3 345.7 353.4 362.3 375.3 377.1 379.3 382.2 380.3 379.2 379.8 378.2 377.1 376.5 376.4 378.6 384.3 383.9 381 378.3 377.8 377.4 377.7 376.3 375.1 377.6 376.5 376.2 376.7 371.5 370.4 371.6 375.4 371.7 367.9 368.1 370.7 377 381.7 381 379.9 381.9 381 378.1 380 378 386 387.4 393.6 401 401.2 400.4 403 406.7 413.8 427 438.4 441.3 442.8 444.9
257.4 263 274 281.5 284.1 285.9 290.7 296 300.9 305.4 310.5 317.4 322.4 324.3 324.8 333.6 335.8 337.3 342.4 351.4 359.6 371.7 378.3 386.3 389.2 389.9 388.1 386 385.1 382.9 379.9 378.8 379.9 384.3 387 386.4 384.2 382.1 381.4 381.8 380.7 378.1 379 382.1 381.8 382.2 382.7 384.2 382.3 382.6 387.2 384.4 386.8 385.7 377.1 377.7 383.3 386.5 384.9 385.4 384.4 383.4 385 382.9 393 389.3 388.4 390.9 393.7 398.8 402.6 403.8 406.8 413.8 425 432.9 437.5 442.5
260.6 263.4 270.8 280.9 283.4 286.2 291.1 295.9 301.4 305 310.1 315.9 320.9 321.7 321.7 331.6 338 340 345 355 366 379.7 390.9 393.7 394.6 393.9 391.4 389.5 387 385.6 384.8 384.3 385.5 390 389.9 389.7 387.4 386.5 385.8 385.5 385.4 383.6 385.4 387.6 388.8 390.9 391.9 392.6 394.7 395.2 394.6 392.9 393.1 394 390 389.8 384.4 387.8 390.1 392 389.9 389.3 388.3 385.6 390.2 389.1 393.7 392.4 391.5 396.9 396.8 401.5 404.8 406.6 414 416.9 423.4 430.1
267.4 272.5 277.5 283.7 286.9 288.2 289 294.8 302 305.3 309.1 314.2 317.1 320.4 322.4 329.7 341.6 342.9 345.1 357.9 366.2 378.1 392 395.3 397.2 396.7 393.7 392.5 390.7 388.7 387.7 387.6 389.7 393.4 393.2 393.2 390.7 390.1 390.6 390.3 390.3 389.9 392 393.6 396.3 397.7 399.9 401.3 405.3 405.7 404.2 405.1 402.8 399.3 399.8 401.7 404.5 398 393.2 394.2 391.7 394.1 389.7 387.1 397 394.9 399.9 401.3 401.7 402.3 403.2 404.3 405.8 406.2 408.1 409.7 411.2 413.7
270.8 277.4 281.7 287.2 290.7 292.9 293.2 297.6 302.9 308 310.8 315.2 318.1 320.7 324.8 327.9 339.9 345.9 347.6 355.9 366.8 377.6 392.9 396.1 399.3 400.1 397.2 396.1 395.5 396.6 394.4 394.9 395.7 396.6 396.9 395.1 394.6 393.1 394.8 394.9 395.7 394.3 398.1 400.7 402.5 404.6 406.5 409.1 413.5 414.9 414.1 413.6 410.3 406.8 408.3 406.4 410.3 413.2 410.6 399.9 395.9 395.2 394 391.9 398.5 403.6 411.3 423.2 424.3 423.1 419.9 424.2 423.1 421 420 415.7 412.1 411.9
277.7 282.7 287.8 292.3 295.1 295.9 297.3 300.4 305.6 309.8 312.2 313.8 317 320.2 324.3 327.6 338 348.7 352.6 356.6 366.7 378.8 392.1 397.8 401.3 402.5 401.3 400.9 400.4 398.6 397.1 398.7 399.8 399.9 400.1 397.5 397.2 396.7 398.4 398.3 399.9 400.2 401.8 406.7 410 411.5 413.3 417.7 419.6 421.7 422.1 421.1 418.9 416.2 415.6 413.3 415.3 416.3 414.3 411 402.7 399 401.4 398.5 399.9 406.3 422.2 425.2 425.8 425.4 425.5 426 425 425.5 425.8 423.3 425.3 424.5
281.8 288 292.2 295.1 296.6 298.1 301 303.7 308.3 311.1 310.7 311.9 313.7 319.6 323.2 327.2 337.4 351.5 355 358.9 364.7 376.2 390.6 394.9 402.4 403.8 404 404.4 404 401.5 400.7 402.3 402.3 401.8 402.3 399.9 399.3 399.5 401.1 402 402 404.2 407.7 408 414.4 418 421.4 424.1 425.9 428.7 429.6 428.6 425.6 424 421 420.9 420.2 419 419.1 417.1 416.4 411.1 404 402.9 402.4 409.4 423.7 426.6 427 426 426.3 425.9 426.5 426.4 426 425.3 424.2 423.2
284.3 290.7 293.8 296.6 298.8 301 303.8 304.1 307.6 307.9 308.2 312 315.9 319.4 323.6 327.9 335.2 353.1 356.8 361.3 366 375.8 391.1 400.8 403.1 404.5 405.9 407 406.7 405.5 405.2 406.2 405.6 406 403.2 403.5 401.3 402.3 402.8 404 405.1 407.7 411.9 414.8 416.9 421.2 425.3 429.3 432.5 433.7 432.6 429.1 426.1 423.8 424.4 425.1 424.3 424 423.1 423.5 421 422.8 418.5 406.4 404.4 411.3 424.4 426.7 427.4 426.6 427.2 427.3 429.6 430.1 427.5 426.3 426.3 424.7
283 289.1 292 294.8 298.3 299.5 299.2 291 293.5 297 302.3 312.9 317.4 320 324.4 329.5 336.6 354.7 358.8 364 368.9 375.9 390.6 404.1 406.1 406.5 408.5 409.1 409.2 410.3 411.2 409.4 407.9 408.8 405.6 404.3 402.1 405.4 405.2 406.2 408.8 411.7 413.9 417.3 419.5 423.9 428.3 431.2 431.7 430.5 428.8 426.6 425.9 426.7 428.9 429.2 429.1 428.9 429.5 429.2 426.2 427.6 427.1 426 413 412.6 423.8 425.6 426.5 427.4 428.1 430.7 437.5 438.6 437.5 435.3 431.7 433.1
277.4 283.2 287.8 289.6 291.2 283.5 285.3 302.9 307.2 305.4 310.9 302.4 310.9 318.8 326.7 332.3 339.1 353.7 360.6 365.2 371.3 376.5 388.5 406.8 411 412.3 412.6 411.1 412.9 413.3 410.8 409.2 410.3 411.5 406.4 405.2 405.7 406.5 408.6 408.7 413 415.9 417.9 421.1 424.5 426.9 430 430.6 431.5 430.6 429.9 427.7 429.4 432.9 434.7 434.6 432.2 432.2 433.4 433.9 433.4 432.7 432.9 433.4 430.2 426.2 425.2 424.4 427.1 430.2 436.5 436.7 437.2 438.9 438.9 438.4 437.9 437.5
264.3 271.3 272.7 278.3 289.1 294.7 298.2 305.1 309.5 309.7 314.9 318.5 312.9 310.1 325.1 335.6 346.1 350.8 362.2 367.5 372.9 377.4 386.2 405.9 414.8 416.5 415.3 414.1 415.5 414.6 411.6 412.3 414.8 413.6 409.1 408 409 409.7 410.5 413.1 416.6 421 424.5 427.5 430.2 431.3 432.4 432.5 433.4 433.2 434.7 436.5 438.4 442.1 443.6 442.8 440 438 438.4 439.4 439.8 439.1 438 438.1 437.6 435.1 430.4 426.3 427.8 436.5 437.6 438.2 438.7 439.2 439.6 439.4 438.6 438.8
271.7 277 285.4 289 292 293.9 296.3 303.7 310.8 313.8 318.7 318.7 324 328.6 317.6 333.2 349.7 347.9 358.9 368.5 374.7 378.8 385.8 400.5 417.8 418.9 417.4 414.7 417.3 419 417.4 418.4 419 417.2 413.4 412.4 413.6 413.9 416 418.7 423.6 428.4 431.9 432.9 435.3 437.5 439.1 439.9 439.7 440.6 441.5 443.4 448.1 450.7 451.1 449.5 446.9 444.2 443.7 445.4 445.1 444.4 442.5 442.4 443.4 444.6 439.5 433.3 429.7 432.4 438.4 438.9 439.3 440 440.4 440.3 439.8 439.8
281.5 284.2 283.3 285.8 289.6 292.3 302.4 308 311.7 317 323.2 326.1 328.7 334.5 340.1 336.6 324.6 342.8 353.7 369.8 377.1 382.2 387.3 396.5 413.3 421.7 419.2 415.9 420.3 423.4 423.6 423.7 422.9 420.8 418.8 418.5 419.4 420.9 425 427.1 433 435.9 437.4 439.1 439.9 443.3 444.4 446.9 447.4 446.6 447.1 449.2 453.7 455.2 455.6 454.6 453 450.3 447.1 448.4 449.1 449.1 448.8 449.5 449.2 449.3 447.3 442.4 437.4 440.6 439.2 439.3 440 440.7 441.3 441.2 441.7 447
284.1 289.2 290.6 293.1 295.3 297.6 300.9 311.8 309.7 319.1 327.4 330.4 334.2 343.2 348.8 344.4 339.4 339.9 347.8 363.8 376.8 383.6 389.3 397.2 412.6 424 422.1 419.5 425.3 429.4 428.2 428.2 426.8 425.2 425 425.5 428 431.1 433 436.8 442.2 442.9 444.8 447.2 450.8 453.5 451.9 453.1 453.1 452.4 452.9 455.4 457.1 458.2 459.7 459.8 458.4 455.9 451.3 451.8 453.8 455 455.9 457 458.9 458.1 454.7 452.1 447.5 444.8 441.3 441.3 441.9 441.9 442.7 443.9 447 452.3
286.6 291 293.2 295.9 299.4 302.5 304.6 311.6 313.5 321.2 330.6 336.2 346 353.2 353.4 352 348.1 350.6 354.3 353.5 370.4 385.7 391.4 399.5 412.9 427.7 424.9 424.5 428.6 432.7 432.2 432.1 432.1 434.3 435.3 439.1 440 439 442.7 447.5 450.6 453.5 459.8 464.7 462.7 460.2 458.5 458.8 459.7 459.7 460.1 459.6 461 462.4 463.7 464.7 465.1 463 458.3 459.3 463.5 467.9 469.5 474.7 475.1 473.6 472 462.3 456.5 453.8 450.6 448.7 448.1 445.4 444.3 445.7 449.2 452.7
287.1 291.6 296.9 299.6 302.4 307.2 311.6 314.7 316.4 323.1 337.5 348 355.5 358.3 357.8 356.2 358 359.7 363.5 371.4 375.5 373.6 389.1 400.9 412.9 425.2 428 429.3 431.9 434.1 436 436 439.9 443.1 447.1 448.6 447.6 447.5 453.8 454.7 458.8 463.8 471.6 471.8 467.3 464.3 465 467 468.4 467.8 467.6 466.5 466 466.5 467.9 468.9 468.9 467.1 465.7 476.7 475.9 478.7 479 479.4 478.9 477.9 477.1 475.2 471.5 467.4 464.2 465.1 461.9 455.5 449.9 445.7 448.2 452.5
288.2 293.4 295.7 296.9 301.1 305.3 311.7 317.1 320.6 327.5 340.2 347 358.9 361.7 361.8 361.9 364.6 363 371.1 376.3 383.6 392.8 388.5 379.3 404.1 420.8 431.3 432.1 435.5 436.5 438.6 440.3 445.2 448.6 453.4 455 453.7 457.3 460.4 463.1 463.9 469.4 477.2 474.7 474.1 475.2 477.1 478.2 477.9 476.7 475.6 472.6 471.2 471.1 471.2 471.6 471.1 471.8 477.1 478.5 479.4 481.7 482.9 482.8 482 480.7 479.3 478.6 477.8 475.2 473.4 471.4 470.8 467.9 460.9 452.8 449.5 451.8
285.2 287.7 289.5 294.4 299.3 304.6 310.9 316.1 323.6 331.5 341.8 351.1 361.1 364.8 366.4 366.1 369.1 367.8 376.7 381.5 391.7 399.2 405.3 402.2 390.4 411 431.9 434.9 436.2 439.1 441 444.5 448.4 451.2 457 459.5 460.1 465.4 469.7 470.1 470.1 472.8 476.3 477.6 479.6 481.6 483.6 485.1 485.3 484.6 482 479.7 477.9 477.2 476.1 474.6 473.9 478.2 479.5 480.1 481.6 483.9 485.2 485.8 485.7 486 486.1 484.6 481.4 479.3 478.1 476.1 474 472.1 468.9 464.7 454.4 452
279 281.3 287.7 292 297.6 303.4 310 317 325.7 336.5 346.1 357.4 363.3 368.5 371.4 371.5 374 374.6 382.2 389.3 400.8 413.6 417.9 419 421.6 398 417.6 435.5 437 440.4 443.6 449.7 452.4 453 459.3 461.3 463.2 466.1 472.2 472.4 473.2 474.1 478.1 478.8 480.5 483.3 487.2 488.8 489.1 489.7 488.2 486.1 485.5 484.1 481.3 479.6 479.1 481.3 481.9 482.8 484.3 486.8 488.4 490 491.2 493.1 491.8 490.4 488.3 486.4 484.2 481.7 479.2 476.8 473.1 469.5 461.8 455.5
279.1 281.1 285.1 289.6 294.5 300.5 309.2 315.6 327.4 339.4 347.6 361.5 367.7 372.4 376.7 377.3 376.4 384.5 389.2 399.5 405.5 417.5 423.2 424.8 427.1 428.4 412.7 409.1 436.2 439.1 444.5 452.7 453.3 453.4 461.7 462.7 464.1 465.4 469.7 474.8 474.9 475.5 480.9 481 483.2 484.6 485.9 486.9 488.6 491 491.9 491.3 490.3 489.6 487.8 486.5 486.3 486.9 487.8 488.2 489.4 490.5 492.2 494.8 498.1 499.8 499.3 497.9 496.5 494.5 492.6 488.6 485.4 482 478 474.4 468.6 461.2
274.8 277.4 280.4 286.7 294.2 301.7 311.5 318.2 330.1 342.9 355.4 364.5 368.1 377.3 381.7 382.6 382 390 396.4 402.5 407.4 418 425.3 428.1 430.3 431.8 432.5 431.8 434.7 439.4 442.5 447.1 449.2 450.3 454.6 462.2 464.3 466.4 470.3 476.1 477.6 477.8 481.6 482.4 482.7 482.5 483.5 484.7 486.9 488.2 492.9 493 493.1 493.7 494.5 494.6 496.3 498.7 499.9 502 502.2 502.7 503.7 504.2 504.7 503.7 503.2 501.4 499.5 497.7 496.1 493.9 492.4 487.1 482 477.8 472.1 465.9
270.2 274.3 278.2 284.1 291.7 302.6 313.5 321.4 332.3 344.2 356.1 365 375.2 381.6 386.1 387.6 389.4 393.5 400.8 405 408.5 418.6 428 432.4 435.1 435.5 435.2 435.9 435.9 432.2 441.8 443.1 445.4 448.9 452.2 459.7 465.1 468.6 473.4 476.8 480.1 480.9 481.7 482.3 483 483.2 483.6 484.8 486.5 487.8 491.1 494.7 495 495.6 496.7 499.4 505.9 510.4 514.4 514 512.5 510.4 508.8 508.5 508.4 509.4 507.3 504.6 501.3 500.1 498.9 497.8 495.3 493.2 484.3 480.8 476.4 471.8
271.9 276.7 282.8 288.8 294.9 303.3 316.7 324.9 334.6 346.5 356.3 367.1 380.3 386.3 389.8 391.8 396.6 395.1 403.1 405.9 410.7 417.1 429.3 438.1 440 440 438 437.8 438.2 437.4 437.4 441.3 444.1 447.4 451 455.7 464 469 473.9 479.2 480.4 481.4 482.3 482.8 482.9 485.1 485.6 486.1 487 489 490.5 492.5 494.2 496.5 498.8 501.2 504.4 508.8 513.8 515 514.4 513.2 511.8 512.5 513.3 512.7 510.8 507.2 503.8 502.3 501.4 499.7 498.5 496.1 493.6 487 480.8 476
268.9 279 285.4 291.1 297.1 307 318.3 327 335.8 346.9 359.3 370.6 384.9 392 395 394.9 401.9 401.9 400.7 406.1 412.7 417.6 426.8 438 443.9 443.5 440.2 440 440.3 439.6 440.6 439.6 443.2 446 448.5 452.9 460 466.6 471.7 479.9 481.4 482.1 483 483.3 484.4 485.5 486 487 488 489.6 490.6 492.6 494.7 497.1 498.6 501.2 504.3 506.9 508.8 512.8 515.5 515.4 515.9 516.4 516.9 515.9 513.2 509.1 504.9 503.5 502.4 502.1 500.4 499 496.4 492.7 489.5 482.6
275.2 278.5 286.8 292.1 298.1 306.3 315.6 326.9 335.7 346.5 360.3 372.2 383.4 392 400 399.9 399 404.7 399.6 409.1 415 420.3 426.6 435.1 441 440.2 439.6 439.7 441.4 441.5 443.4 442.5 444 446.5 450.3 450.4 456.1 464.1 468.7 472.6 475.9 478.4 479.6 480.5 482.1 484.5 486.2 487.2 488.8 490.2 491.5 494 496.2 498.4 500.1 501.4 503.4 505.2 507.2 509.7 511.6 516.7 517.1 518 518.3 517.9 516.3 511.6 507.1 504.9 502.7 503.3 502.5 500.9 500.6 500.3 496.7 492.3
278.8 283.6 283.5 287.2 294.6 310.8 316.7 327 340.9 346.3 359.5 372.7 381.5 392.9 399.1 404.4 403.8 407.7 408.9 412.9 416 419.6 427.1 431.2 435.1 437.5 440.2 442.6 442.6 443.8 444.9 446.1 449 451 454.1 455.5 455 464.7 468.2 472.4 473.4 474.8 476.9 478.7 480.3 482 483.2 485.7 487.7 489.3 491.6 495.1 496.6 499 500.4 502 503.2 505.3 506.2 507.7 508.9 510.6 515.5 518.4 519.4 519.2 517.9 513.4 507.7 504.2 505.1 503.2 504.5 506.5 507.9 507.1 503 498.2
284 285.9 286.8 288.2 300 314 319.3 330.7 340.3 351.6 361 376.4 382.5 389.9 399.8 407.7 407.8 409.1 412.9 416.7 419.2 422.6 424 429.1 432.4 436.8 440.7 443.7 443.5 446.1 447.6 450.4 454.1 460.2 461.7 460.8 464.5 462.6 468.3 472.9 474.6 475.3 477.2 478.2 480.3 482.5 484 485.2 486.9 490.1 494.2 496.1 497.3 499.4 500.5 502.3 504.6 505.8 506.8 507.6 507.8 508.7 511.1 516.9 519.7 519.3 516.1 511.3 507.2 506.3 505 506.1 506.4 510.6 511.4 510.8 507.7 502.6
284.2 284 285.9 291 307.4 317.2 323.8 335.5 345.4 354.8 362.5 379.3 386.7 390.1 395.2 408.1 409.2 409.7 415 420.7 422 423.8 426.1 428.3 430.4 434.3 437.4 443.4 443.9 447.2 450.2 454.9 459.9 468.3 467.7 467.5 464 463.5 466.3 471.1 474.1 475.3 477.2 478.1 478.4 481.8 483.4 484.4 486.3 490.4 495 496.5 496.6 497.6 500.8 503.3 505.4 506.4 506.9 506.8 506.5 507.7 509.2 512.5 517.1 518.4 514.9 511.4 508 507.1 506.9 507.5 510.2 510.9 512.5 512.2 509.9 505.3
282.5 282.3 285 297.4 313.4 320.2 328.5 338.5 347.9 355.4 362.4 368.6 377.2 386.2 393.9 403.9 412 411.2 414.4 420.5 424.4 425.7 427.6 430.5 432.5 435.3 436.7 439.6 445.6 449.2 453.1 458.2 461 469.4 472.2 471.4 470.4 469.5 469 467.7 473.1 474.9 476.5 477.1 477.7 478.8 481.4 482.9 485.6 490.1 495.5 496 497.4 499.1 501.8 504.1 505.6 506.6 507.2 506.6 505.7 506.2 508.5 510.1 512.1 516.2 516.3 514.2 512 511.3 510.9 511.5 512.4 512.9 512.6 511.2 508.6 504.6
280.6 282.1 287.1 301.6 317.4 323.7 325.7 338.7 346.5 353.3 360.5 367 373.7 382.6 392.7 401.4 414.8 415.3 415.4 419.1 424 426.8 430.5 433 438.1 439.7 439.7 442.5 447.6 452.2 455.6 460.9 460.6 465.9 475.3 475 473 472 471.7 470.8 469.8 472.4 474.9 476.2 476.3 477.8 479 481 484.3 487.8 493.5 494.4 496.1 498.3 501.3 502.6 504.4 505.4 506 506.5 505.7 505.1 506.9 508.6 509.5 515.1 516.2 515 514.1 513.9 513.4 513.5 513.5 513.1 511.9 509.2 506.2 503.8
280.3 283.8 291.2 310.3 320.7 326.7 334 338.3 346.1 350.5 358.7 364.7 371.3 379 389.5 399.9 416.4 418.9 418 416.3 422.6 427.5 433.1 438.5 441.9 443.1 444.2 447.2 452 455.4 458.9 464 462.2 464.2 474 477 475.5 474.1 473.1 472 471 470.4 471.7 474.4 476.4 477.5 478.2 479.1 480.7 482.4 485.4 490.3 494.5 497.4 499.2 500.9 502.9 504.5 505.5 505.5 505.1 504.4 505.2 506.7 507.8 511.6 512.9 513.6 513.5 513.3 513.1 513.8 513.6 512.6 511.3 508.8 506.1 503.3
281.7 287.8 297 315.4 324.3 332.2 336.4 346.7 351.7 355.7 360.5 363.9 369.1 376.5 385 398.6 416 420.7 420.7 418.4 420.9 425.3 431.5 443.6 454.5 459.3 462.9 463.5 453.2 458.5 462.1 466.6 465.5 465.3 473.4 479.2 476.9 475.4 472.9 472.5 471.7 470 471 472.1 474.5 477.4 477.7 478 478.9 479.9 481.9 483.7 486.5 489.6 492.8 496.6 503.2 503.3 503.9 504.3 503.9 503 504.1 506.3 506.4 507.7 509.1 510.7 510.9 510.5 510.3 511.2 511.7 510.4 509.3 507.4 505.3 502.7
283.1 291.4 299.3 319.8 329.6 337.2 338.9 350.4 354.2 357.8 361.6 363.4 367.4 374.1 382 398.4 412.9 420.7 422.4 419.4 419.8 423.2 429.9 436.6 451.4 462.8 465.4 456.7 455.5 460.4 464.3 469.4 468.3 467.2 471.3 477 476.9 475.7 473.5 473.4 472.9 472.8 470.9 471 472.7 476 476.9 476.9 477.4 478.6 480.4 482.7 484.7 486.7 490 493.5 501.6 503.8 503.7 503.2 502.9 504.3 505.6 505.5 506.3 506.8 507.8 507.6 506.5 506 506.1 506.1 507.7 507.3 506.3 505 504.6 503.5
