ny/ny81_OST50GRID_20230518/NY81.asc
ncols 200
nrows 200
xllcorner 380000
yllcorner 510000
cellsize 50
[rows 70 to 104 of 200, columns 78 to 155 of 200]
395.7 407 416.5 429.9 439.9 440.1 441.5 443.7 453.4 467.4 471.7 470.8 472.4 470.9 469.5 470.3 470.8 475.6 476 474.2 471.5 468.6 466.5 463.9 462.1 460.5 458.5 456.2 455.2 453 452.3 451.6 451 451.9 449.9 444.1 441.8 443.9 443.8 442.5 441.2 440 439 441.3 447.8 449.6 450 450.1 449.4 447.2 444.9 444.1 443.5 440.7 438.1 443.5 445.3 445.8 444.4 440.8 441.4 442.1 438.5 438.2 440.2 442 437.6 432.6 431.1 430.6 428.9 428.5 427.1 424.7 421.6 418.5 421.1 421.1
391.7 405.3 414.7 427.3 438.1 440.4 440.9 442.3 444.5 450.7 464.1 473.8 474.7 473.5 471.5 469.8 468.7 476.6 479.1 476.3 472.2 467.2 464.2 462.6 458.5 456.2 454.8 454.3 454.3 454 454.1 453.6 452.4 450.1 446.5 448.6 447.7 446.1 444.8 444.2 443.5 447.9 456.8 458.8 457.5 456.3 455.4 454 452.3 450 447.5 445.9 444.9 437.8 445.7 447.4 448.4 449.6 448.5 447.8 447.5 444.7 446.3 446.7 443 441 436.7 433.3 431.1 429.3 430.1 429 425.4 422.9 420.5 422.1 423.9 424
393 404 414.8 421.4 427.5 436.8 442.8 441.8 442.2 443 448.2 455.7 468.3 473.1 473.7 472.8 468.3 468.4 469.7 465.8 459.1 457.1 456.6 456 455.8 455.2 455.3 455.4 457.5 458 456.8 453.9 450.8 451.6 450.6 452.6 452.3 450.3 454.2 455.6 458.2 461.8 461.8 461.1 460.5 459.7 458.2 456.3 454.3 452 449.7 448.6 446.2 443.4 448.3 449.5 451.2 451.8 450.5 451.4 452.2 451.5 450.8 448.5 444.6 441.3 436.7 434.9 431.3 430.1 428.5 425.5 425.1 424.9 423 423.9 426 427.2
392.9 403.5 415.2 420.5 423.5 426.3 431.2 438.9 439.9 438.2 441.7 446.7 455.5 463.3 476.8 475.8 471.4 465.8 461.6 459.5 457.9 456.9 456.6 456.4 456.2 456.5 457.6 458.2 458.8 457.5 456 454.4 453.8 452.6 456.9 460.9 463.4 463.8 464.5 463.1 463.6 463.8 463.2 462.6 462.2 460.7 458.7 456.9 455.1 452.6 450.5 448.8 447.4 447.9 450.1 451.8 453.7 455 454 456.1 455.7 454.5 452.9 448.6 445.1 444.2 439.3 433.7 431.5 432.5 431.9 430.2 427.7 426.7 424.9 426.7 428.7 429.7
391.9 400.8 415.9 420.3 423.2 424.3 425.4 427.3 429.5 433 438.8 443.8 452.2 465.8 478.9 480.3 475.6 462.5 459.6 459 458.2 457.3 457.2 457.3 458.4 459.7 459.8 459.3 458.8 458.2 458.4 457.5 463.6 469.4 469 469.9 468.9 467.8 466.4 466 466.7 466.2 464.9 464.1 461.8 460.9 459.8 457.8 455.5 453.7 451.3 448.6 450.8 449.1 451.4 453.9 455.9 457.2 456.7 457.8 457 455.2 453.1 452.3 450.1 445.2 442.5 442.2 440.1 438.2 435.3 431.1 429.7 427.5 428.9 431 432.2 432
390.2 396.3 406.7 413.6 418.9 420.3 421.1 423.3 425.2 428 435.9 442.2 448.6 461.9 467.7 466.1 461.7 458.4 459.7 459.7 459.2 458.8 461.3 464.2 463.3 463.2 461.9 461.2 460.4 461.3 463.5 473.5 474.8 474.1 472 470.9 469.3 467.9 466.7 467.7 468.4 467.9 466.9 465.4 462.7 461.9 460.9 459.1 456.4 454.6 452 451.3 451.5 453.2 455.3 456 458 458.7 457.8 458.6 457.8 455.8 454.7 456 453.1 447.8 447.6 448.2 445.2 441.9 438.6 435.9 433.2 429.9 432.6 434.2 435.1 434.9
392 392.6 395.8 401.4 405.6 409.6 415.8 418.3 419.8 427.4 433.4 437.9 442.2 446.3 450.3 453.7 456.9 461.6 460.9 460.8 461.8 467.5 467 466.6 465.4 464.1 464 465.3 467 475.2 478.5 477.5 476.9 475.2 473.4 470.8 468.7 466.7 468.1 469.1 468.7 469.6 468.5 466.8 465.1 463.5 462.1 460.8 458.9 455.6 454.8 452.8 455.2 453.8 457.7 459.1 459.6 459.8 458.9 459.2 458.2 456.8 457.3 457 454.4 452.5 452.6 450.9 448.6 446.3 442.6 439.1 431.6 435.7 438.2 438.3 439.7 438.9
393.1 393.8 392.3 394.4 400.5 402.3 404.8 410.6 416.7 423.6 429 433.9 437.7 441.2 444.6 450.2 459.4 466.4 465.8 465.5 473.7 471.6 469.3 467.8 466.7 466.8 469.2 471.9 479.3 481.9 480.7 478.9 477.1 475.7 473.7 472.6 470 468.4 469.8 469.8 470.4 470.6 470.4 469.1 466.6 464.6 463.2 461.8 459.4 458 456.8 457.9 457.8 459.9 459.8 459.9 459.9 459.9 459.6 459.7 457.8 458.2 459.7 457.9 453.1 455.9 456.6 454.1 451 449 446.1 443.8 435.7 443.8 444 445.3 445.2 442.6
392.5 393.6 393.6 391.1 391.6 395 398.5 405.5 415.4 422.4 427.2 431.7 435.4 438.2 441.5 448.8 460.2 469.7 472.8 477.2 478.3 473.9 470.7 468.8 469.9 472.5 476.4 484.1 485.8 483.4 482.3 480.1 477.9 475.6 475.3 473.5 470.5 471.3 471.2 471.2 471.6 470.4 471 469.2 468.3 465.5 465.1 462.8 461.7 459.3 460.7 460.5 462.1 461.8 462 461.4 461.2 462 462.3 461.1 461.6 461 460.6 456.3 458.1 461.1 460.4 457.6 454.3 451.8 450.6 445 445.7 450.4 451.3 449.8 448.4 446.5
391.8 390.8 390.6 386 386.9 392.6 399.1 406.1 414.4 416.2 425 430.1 434.2 437.8 441.5 447.3 458.4 471.3 477.3 483.5 480.5 476.4 473.5 472.1 473.6 479.4 483 488.6 488.2 485.4 483.2 480.6 478.7 477.1 474.9 473.6 473.6 473.5 473.7 472.5 471.6 470.8 470.5 470.6 469 467.6 465.5 464.5 463.2 462.7 463.3 464.2 464.2 462.2 463.5 463.4 463.2 463.2 463.3 462.7 464.3 462.9 460.6 456.8 460.7 461.9 462.1 460.3 457.9 455.4 454.1 448.9 447.9 454.4 454 452 449.7 448.8
386.5 384.4 384.8 383 385.3 390.7 398.4 404.7 410.4 415.8 424.9 429.9 433.4 436.7 440.6 445.9 455.5 469.7 479.8 485.9 483.3 478.3 475.2 475.1 480.2 483 484.4 488.1 486.2 485.3 483.2 480.9 479.9 477.1 476.2 475.6 474.5 475.6 475.3 474.1 472.8 472.4 471.3 470.5 470.6 468.3 467.4 466.1 463.4 464.2 464.9 466 465.6 465.3 465.1 465.2 464.6 465.5 464.8 465.9 465.7 463.1 460.6 458.5 462.6 463.4 463.6 462.1 460.1 457.9 455.6 448.6 447.7 454.1 455 453.3 451.5 450.5
380.4 380 378.5 382.6 389.5 395.6 400 401.4 407.9 418.4 425.3 428.9 432.3 434.7 437.4 446.4 454.6 466.6 475.7 483 484.2 479.9 478.1 478.1 482.1 483.5 484.4 484.8 485.9 483.9 482 481.6 480.5 478.9 477.6 476.6 476.9 477.6 477.3 476.3 475.2 473.3 472.7 471.3 470.7 470 468.4 467.3 465.8 466.1 466.9 467.3 466.5 467.7 468.1 467.4 466.1 465.9 467.5 467.3 465.4 462.7 461.3 461 464.1 466.1 465.5 463.5 463 460.8 457.5 452.3 455.4 454.9 455.8 454.8 453.1 452.2
369.8 368.2 377 384.2 396.9 396.6 399.5 402.4 406 414.4 424 427.1 428.2 429.1 432.3 444 451.8 461.3 469.7 473.7 480.9 484.4 482.1 481.5 482.9 483.6 484.2 484.7 484.8 484.1 482 482 480.5 479.7 479.1 477 479.4 480.1 479.3 478.2 476.9 475 472.6 472.2 471.6 470.9 469.2 468.7 468 468 468.6 468.3 468.3 468.5 468.1 466.7 466.4 467.8 469.4 467.5 464.8 464.7 463.9 463.4 465.7 467.5 468 466 464.7 462.7 458.7 452.6 456.4 456.3 456.7 456.3 454.8 453.9
364.3 369.6 378.6 385.5 398.4 396.7 397.3 400.4 404.5 409.6 412.6 417.8 420.5 422.4 426.5 433.3 442.3 450.3 464.5 468 474 485.2 484.1 482.6 483 484.1 487.5 486.5 486.1 484.8 483.1 482.7 482.7 482 480.5 479.8 480 479.6 481.7 480 478.3 476.4 475 473.8 472.5 471.6 470.3 469.9 469.6 469.1 469 469.2 469.4 470 469.2 468.4 468.6 470.2 469.3 467.4 467.1 467 465.9 467.1 468.3 468.9 469.6 468.7 465.8 463.3 459.4 453.6 456.7 457.2 458.1 457.5 457.2 456
363.3 368.3 372.9 382.1 388.9 391.6 394.7 396.4 401 401.7 404 406 411.9 418.7 424.3 428.2 433.6 439.7 449.6 460.8 467.5 479.5 484.2 483.3 484 488.3 489.2 488.5 486 484.3 482.5 481.7 481.2 481.5 481.1 481.3 480.9 480.7 479.9 479.5 479.3 478.1 476.3 474.5 473 472.3 471 470.7 470.3 470 469.4 470.2 470.8 470.9 470.7 470.7 471.5 471.1 470.7 470.2 470 469.7 468.5 466 469.5 470.3 470.4 469.4 467.4 464.9 460 456.2 457 457.7 459.5 460 459.8 460
361.2 364 368.9 371.5 377.7 382.3 388.6 392 394.4 399.6 400.2 402.8 411.5 417.8 421.3 425 428.8 434.3 439.7 444.8 458.4 465 472.5 481.6 483.4 483.7 481.7 479 476.6 475.5 474.2 480 480.2 480.7 481 481.9 481 480.6 480.3 480.6 480.3 479.2 477.2 476.1 475.6 473.9 472.1 471.7 471 470.8 470.7 471 471.2 471.5 473.1 473.2 474.2 473 473.1 473.4 472.8 472 470 468.8 470.7 470.2 470.3 469.2 467.5 465.2 460.5 456.8 457.6 458.2 460.2 461.5 462.3 462.6
354.1 359.4 360.2 364.5 370.1 375.9 384.5 390.4 392.7 399.2 397.8 398.8 402 408.9 417.5 421.9 424.7 428.7 432.5 437.4 443.8 451.7 464.6 471.6 479.8 480.6 477.3 474.2 471.7 470.3 469.3 468 469.6 473.5 480.7 481.3 482.2 481.9 483 483.3 482.2 480.9 479.1 477.8 476.5 473.9 472.8 472.6 471.8 471.6 471.4 471.6 471.9 474.2 475.2 476.1 476.8 476.8 476.9 476.4 475.1 473.4 471.9 469.3 471.4 471.3 470.8 469.7 466.8 466.2 461.3 457.4 458.3 458.7 461.6 462.8 463.6 464.3
348.6 353.8 361.9 366.3 375 381.3 388.5 392.2 393 394.3 395.3 395.9 398 401.3 410.2 415.9 420.6 424.6 427.7 431.6 437.4 441.8 447.8 455.9 463.5 473.5 475.1 472.6 470.1 467.7 466.2 464.2 463.7 465 468.7 479.3 482.4 482.6 483.9 484.1 483.4 482.3 480.9 477.2 475.6 474.7 473.9 475.5 475.2 474.1 473.8 474 474.6 476.1 477.6 478.7 480.5 480.2 479.9 478.7 476.5 475.2 472.8 471.2 471.2 472 471.8 469.8 468.2 466.4 461.4 456.8 458.7 459.5 462.8 464.2 465 465.7
347.8 350.7 358.2 364.7 372.6 380.3 383.6 390.5 392.7 393.1 393.4 392.9 393.8 396.8 400.9 408 414.1 420.2 423.2 427 431.2 435 440.3 445.7 450.2 461.5 467.2 470.4 468.6 466.1 463.9 461.7 461.2 461.4 462.5 465.6 470.5 475.6 479 480.3 476.3 472.2 467.7 465 466.5 468 474 477.7 478 477.1 478 477.9 477.6 478.4 479.6 481.5 482.7 483.2 482.6 480.2 478.8 476.9 474.1 472.5 470.5 472.6 472 470.2 467.6 465.9 459.9 458.3 459.2 460.9 464.6 466.1 466.6 467.1
348.6 349.5 354.5 361.7 369.8 379.6 382.8 385.6 392.7 392.9 393.2 392.5 390.6 392.6 395.8 399.8 404.1 414.1 418.9 423.2 426.3 430.6 434.5 438.3 443.4 449.6 452.1 454.8 460.9 462.7 462.6 461.6 458.4 457 459.7 461.8 463.4 464.4 465 465.4 463.1 462.1 461.1 460.6 461.6 463.7 467.6 473.4 480.2 479.9 481.6 480.8 480.9 480.7 482.6 484.4 484.9 485.4 485.2 482.1 480.8 478.7 475.7 472.9 471.6 472.6 470.9 469.2 468.2 465.7 461.2 458.5 459.7 463.2 466.1 467.5 467.8 469.3
348.9 350.6 353.2 359.2 365 371.9 378.4 383.4 389 393.1 391.8 391.9 390.9 387.7 389.3 393.7 398.2 403.6 412.2 417.8 421.8 425.9 430.2 434 439.3 442 444.4 445.9 445.9 448.5 454.1 457.3 456.6 455.9 459.9 461.9 462.3 462.4 463 461.4 460.7 459.9 459.3 458.3 460 461.9 465.3 469.9 475.2 481.1 482.9 482.7 482.4 485.4 486.6 486.2 486.8 486.6 485.8 484 482.5 480.4 477.3 473.5 473.4 472.4 473.7 470.2 467.7 466.6 461.1 458.4 462.7 465.2 467.1 469.3 470.8 472.6
348.5 351.2 352 355.4 361.1 364.5 371.2 376.9 383.4 387.6 389.2 388.9 387.2 384.6 385.9 390.4 394.2 398.8 402.8 408.8 415.7 421.7 426.9 432.2 438.6 440.9 442.5 441.8 441.7 441.8 442.6 444.4 444 458.3 459.7 459.5 460.6 461.3 462.4 461.7 460 459 458.1 457 458.7 461.2 464.3 468.5 474 481 483.1 483.3 484.2 490.2 489 488.2 487.6 487.2 486.8 485.4 483.8 482 478.5 474.4 473.8 473.7 473.3 470.3 468.6 466.1 461.3 460.5 463.5 465.6 468.7 471.4 473.4 473.9
347.6 350.9 351.7 352.5 358.1 362.5 364.3 369 375.3 379.4 380 382.3 380.9 374.3 383.9 388 391.5 394 395.9 398 401.5 416.6 422.6 432.6 439.8 439.6 440.4 439.8 439 437.5 435.7 435.9 438.9 444.5 451 453.3 458.7 460.9 461.2 460.8 459.6 456.8 455.4 454.6 458 461.3 464.9 468.9 472.6 478.8 482.9 484.5 489.3 492.4 493.2 492.2 490.1 488.6 487.8 486.4 484.8 482.9 480.8 476.1 475.1 475.1 472.4 472.5 469.3 465.1 463.4 461 462.9 465 469.5 473.1 474 473.7
346.8 348.8 351.4 352.2 357.7 361.2 362.3 364.3 368 370.5 371.6 375.4 372.3 378.2 380 382.8 386.4 388.7 390 390.8 396 402.9 415 423.5 435.4 440.2 440.1 438.6 435.1 433 431.3 430 428.4 431.8 435.4 442.1 448.1 449.9 450.7 451.6 451.7 451.6 451.4 453.4 459.8 462.6 465.1 469 473.2 478.1 482.5 486.8 494.1 495.1 494.4 495.1 494.2 490.9 489.2 487.8 486.4 484.1 482.6 479.9 477.2 475.8 476.3 475.1 471.3 467.3 464.7 463.3 463 464.9 469 473.4 474 473.7
340.6 343.6 351.4 351.6 354.9 363 363.1 361.1 362 364.1 367.3 369.2 367 372.8 375.6 376.5 377.6 379.7 383.1 386.6 390.5 395.3 400.4 412 420.3 430 431.2 431.5 431 429.3 427.6 426.9 424.1 422.1 425.2 428.2 431.2 437.7 444.7 446.6 448.7 448.4 451.4 452.8 455.8 460.1 464.9 469.1 473.5 477.2 483.9 489.6 495 496.5 496.4 495.9 495.8 493.9 492.1 489.3 488.7 487.5 485.9 483.3 480.4 480.3 482.4 481.4 474.2 468.9 466.3 465.2 463.9 465.4 468.2 473.2 474.4 474.4
336.9 341.7 346.3 349.9 352.4 356.1 358.7 360.3 360.1 359.8 363.7 365 364.1 369.3 368.8 372.4 371.7 374.6 377.6 381.6 385.1 389.9 393.1 397.9 405 414 418 421.1 426.6 427.4 424.3 423.2 423.7 420.9 419.4 421 421.8 425.1 430.9 433.4 434.3 440.5 450.6 453 454.9 458.5 463.9 469.5 474.2 479.2 484.3 492.6 497.5 497.7 497.7 497.4 497.7 496.7 494.6 492.1 489.8 488.5 486.7 485.3 482.1 486.6 486.2 483.4 479.5 472 467.7 466.7 464.3 467 469 473.2 475.1 475.4
338.8 341.6 343.5 344.9 350.8 354.7 358.5 360 359 358.8 361.9 361.6 361.5 361.6 365.7 365.1 367.7 370.8 374.5 377.8 381.5 386.2 389.6 391.8 394.8 400.3 407.4 412.6 419.6 423.3 421.8 420.1 421 419.4 415.8 416.6 417.3 418.8 420.7 425 429.9 442.5 448.8 453 454.8 457.5 462.8 470.4 475.5 482.4 490.2 494 496 497.4 498.5 499.9 499.1 498.2 496.9 495 492.3 490.8 489.1 486.9 487.1 489.3 489.1 486.7 482.4 479.5 472.4 469.5 466 468.4 470.6 473.2 475.3 476.7
333.8 334 335.9 339.8 345.6 353.1 356.3 360.5 359.8 357.4 357.1 359 360.5 359.7 361.2 363.9 364.5 365.5 369 374.7 379.1 383.3 387 390 392.6 396 399.5 404.7 413.4 419.5 420 417.8 416.2 415 413.1 414.2 415.2 415.7 418.9 420.8 429.2 439.5 448 451.4 453.9 455.5 458.4 467.2 471.9 480.4 488.1 494.7 495.5 498.8 500.8 501.6 500.6 500.3 499 497.6 495.6 493.8 491 489.2 490.3 491 490.7 489.3 483.7 479.5 473.8 471.5 468.3 470.2 472.1 473.8 476 477.4
325.6 329.6 333.8 336.7 339.8 348.3 358.1 360.3 361.2 357 355.8 358.6 359.3 358.2 358.6 360.5 361.3 361.2 362.8 365.4 370.2 377.3 385.4 387.1 388.4 390.5 392.1 395.4 401.4 409.2 413.8 413.9 411.8 411.7 411.4 412.5 414.4 414.7 417.9 419 421 428.1 439.5 446 449.9 451.7 455.4 460.7 469.2 476.5 484.7 489.2 490.7 491.9 500.4 502.7 502.1 501.5 500.8 499.2 498 496.3 492.5 491.7 491.8 492.9 493 489.7 484.6 478 475.3 473.8 471.2 471.8 473.4 474.8 476.3 476.4
322.2 322.9 328.9 329.7 327.9 335.8 346.9 356.5 360.2 358.6 355.3 356 359.5 358.1 356.8 358.4 359.4 358.1 357.9 359 362.4 366.5 372 374.6 378.4 381 385.3 391.6 395.2 399.4 403.2 403.7 408.4 409.7 410.5 412.9 414.6 415.7 417.3 418.2 418.9 420.3 426.1 432.4 442.4 445.7 452.4 459 467.7 478 484.4 487.7 488.6 488.7 494.5 503.5 504.4 503.4 502.5 500.6 499 497.3 495.9 492.5 493.5 495.9 495.6 489.4 483.6 477.7 476.4 475 472.3 474 474.8 475.6 476.5 476.5
311.3 312.8 315.6 320.8 320 323.8 336.3 345.8 353 358.4 356.2 352 355.3 357.2 355.6 357 358.2 357.8 355.8 355.8 357.1 358.9 362.8 365.4 370 374.1 380 389.2 391.9 393.9 396.3 396.8 399.9 414.8 412.1 413.1 415.1 416.2 417 417.4 417.8 418.5 419.7 422.8 427.2 433.6 443.6 453.5 461.2 473.4 479.7 485 487 487.4 493.4 502.3 505.7 505.3 504.2 502.7 501.7 499.4 498.6 492.8 495.6 498.7 497.2 489.6 482 479.3 477.6 475.9 475.1 475.5 475.7 476.5 477.6 477.5
307.4 308.3 311.5 314.6 316.5 316.4 325.4 334.2 341.3 345.8 354.1 349.7 347.4 355.2 354.7 355.7 356 356.9 354.9 353.9 354.3 355.7 358.1 361.8 364.6 368.5 374.7 382.5 387.7 389.1 393 394.6 395.1 406.4 415.5 413.1 414 415 415.2 416.5 417.8 418.6 418.7 419.1 421.9 424.7 431.5 438.6 447.7 454.5 464.4 469.9 481.7 488 493.7 502.5 506.1 507.3 506.1 504.5 503.1 501.9 500 496.3 498 501.3 499.3 492.1 483.4 481.4 479.7 477.8 477.8 477.1 476.9 477.6 477.7 478.2
309.6 308.6 309.2 310 310.4 312.3 319.9 321.4 328.9 334.5 339.3 341 340.7 346 355.2 355.9 353.9 351.6 353.3 353.1 352.4 354.1 357.4 360.2 361.7 364.6 370.5 372.5 382.7 389.4 395 394.5 392.7 395.5 405.5 415.3 414.5 414.7 416.3 418.6 419.8 420.8 420.9 419.9 419.5 422.2 425 430.7 436.2 443 459.8 470 483.4 490.8 500.6 504.3 506.9 507.8 506.7 505.2 504.3 503.4 501.4 499.6 499.2 502 500.6 496 486.3 483.4 481.7 479.6 479.1 478 477.9 478.5 478.5 479
306.2 304.2 302.4 303.6 305.5 308.8 312.3 314.9 320.6 325.4 328.6 334.7 337.3 339.1 350.1 355.6 353.4 348.9 350.8 351.9 352.1 353.2 356.6 358.9 360.7 362.7 365.6 373.7 380.7 386.2 393.8 395.6 391.9 393.4 395 401.8 414.2 416.2 416.4 419.1 420 422.2 422.7 423 421.6 423.2 424.9 428.1 431.3 435.5 449.2 465.1 485.6 499.7 503.6 501.4 506.2 506.8 508 506.8 505.9 504.6 504.2 502.7 502.3 501.8 502.6 497.7 486.5 484.8 483.2 482.1 480 479.7 479.5 479.9 479.7 479.3
301.3 298.1 298 298.4 300.7 307.3 309.1 310 311.5 314.1 317.3 327.8 329.5 334.7 340.2 349.5 347.8 339.6 345.3 350 351.8 352.8 354.6 357.2 359.6 361.2 362.9 367.5 377.1 384.4 390.2 394 391.3 389.9 389.1 394.1 401.7 411.4 416.7 417.6 419.9 423.1 424 424.5 424.3 423.7 425.2 426.8 428.1 434.1 441.5 454.3 479.2 500.2 497 495.5 504 509.1 509.1 507.4 506.8 503.5 506.1 504.1 502.3 502.4 502.6 493.6 488.4 486.5 485.3 483.4 482.5 481.1 481.4 481.4 480.6 477.4
