ny/ny81_OST50GRID_20230518/NY81.asc
ncols 200
nrows 200
xllcorner 380000
yllcorner 510000
cellsize 50
[rows 140 to 174 of 200, columns 0 to 77 of 200]
174.7 174.4 173.9 174.4 176.1 178.6 181.2 187.6 191.2 193.9 196.6 199.8 199.2 206.5 206.4 207.3 210.2 208.7 205.4 200.1 195.7 191 186.4 185.2 185.9 189.3 190.3 190 188.7 188.4 185.3 185.7 189.4 195.4 198 202.5 206.3 208.5 210.7 211.2 212.4 213.4 214.8 216.8 217.7 219 218 214.1 211.6 208.5 205.2 201.9 199.9 201.9 212.6 208.5 219.8 221.7 224.3 227.4 230.5 234.3 234.7 240.3 243.1 245.5 249.5 251.8 255.4 258.3 257 256.9 255.8 251.5 251.6 256 254.8 254.5
173.9 173.6 173.6 174 175.3 176.6 176.4 180 185.7 188.4 189.2 197.4 205.2 210.3 212.9 212.8 210 206.8 203 197 191.2 185.8 185.5 190.3 192.1 194.2 193.5 191.1 187.9 185.7 184.3 184.5 186.4 195 200.8 203 206.6 209.4 212.6 213.7 212.9 213 216.3 217.8 217.8 217.7 215.8 213.2 210.5 207.6 200.8 201.5 205.3 203.2 208.3 218.6 219.9 219.6 222.8 227.4 232.2 237 240.9 243 247.8 249.8 253 256.4 257.1 259.5 261 258.7 258 256.9 255.5 255.1 253.2 254.6
177.8 177.2 175.4 175.1 175.4 174.7 175 176.9 180.5 183 188.6 196.2 203 210.5 213.4 211.4 207.8 203 198.7 194.3 191.2 183.5 192.6 195.3 196.5 194.5 192.1 192.8 191.8 188.7 184.3 183.9 184.6 191.5 196.6 199.1 205.7 210.1 211.5 211.1 211.2 210.9 213.7 214.3 215.4 214.6 212.5 211.2 209.1 203.9 195.9 206.7 212 204.9 203.6 212.9 212.4 221.2 225.4 231.4 237.2 241.2 245.6 247.1 251.2 254.9 256.3 259.5 262.1 262.2 263.6 262.3 260 258.1 255.2 251.1 252.6 254.5
185.8 184.2 180.2 177.5 176.3 175 174.9 175.6 177.7 179.4 184.6 191.1 196.9 204.1 206.6 206.7 203.6 201.8 199.2 195.7 187.6 186.7 195.2 198 197.2 196.9 196.2 196.2 194.5 190.5 184.9 183.3 184 187.9 191.5 197.5 206.6 210.6 211.5 210.8 209.5 209.8 210.1 211.1 211.7 210.3 209.5 208 206.9 198.8 195.4 208.2 210.5 214.5 216.4 206.6 215 224.2 228.3 236.5 241.2 244.9 248.8 253.2 256 259 261.5 263.8 265.6 266.4 265.1 265 262.4 258.8 256 256.3 255.6 255.2
190.7 187.6 185.6 182 177.4 175.6 174.7 174.7 175.3 176.4 179 183.3 189 195 199.4 204.2 204.9 203 198.5 193.7 185 186.9 193.4 196.9 199.2 199.4 197.3 195.7 194.4 191.1 186.8 183.8 184.7 186.6 192 200.8 207.8 211 212.4 212.4 210.7 210 210.7 211.1 209.2 209.1 206.9 206.2 200 197.2 199.9 208.6 210.6 216.7 215.7 205.4 212.2 220.5 231.7 240.3 245.7 249.2 252.8 256.1 259.1 261.5 264.3 266.7 267.4 267.3 266.3 264.3 263.8 261.9 259.7 259.9 260.8 258.8
194.1 193.3 190.2 185.2 179.9 176.8 175.3 175.5 175.3 175.9 177.8 179.8 183.8 192.4 199.8 202.9 202.9 200.8 196.6 191.1 184.3 184.7 190.8 197.4 198 197.4 195 193.5 192.3 190.6 190 186.9 185.7 190.4 195.2 201.1 205.8 208.3 212.9 214.3 214.7 213.8 213.1 211.2 209.1 207.4 205.3 204 196.3 195.4 206.3 209.8 212.8 219.2 221.4 215.2 209.2 213.9 220.5 239.9 249 252.8 255.4 258.2 261.1 263.9 265.7 267.3 266.8 266.4 265.1 265.1 264.4 263 263.1 262.4 263 263.4
195.1 193.4 190.6 186.9 183.2 181.2 179.7 177.3 176.4 177.4 178.5 182.9 187.7 193 197.1 200.3 201.3 199.7 197.1 193.6 188 183.1 185.6 189.7 190.4 190.6 191 190.8 191 191.4 190.2 186.4 187.7 191.9 194.8 200.2 205.4 209.6 214.7 216.4 216 213.8 210.7 207.8 202.1 198.1 195 196.1 199.1 198.8 208.2 213.5 214 220.8 226.7 223.5 219.2 217.5 214.8 227.3 249 256.6 258.1 252.6 249.8 249.8 256.1 261.2 261.2 263.6 266 266.6 264.8 263.3 263.1 265 263.4 264.8
190.7 189.7 187.6 185.5 182.9 181.2 179.3 178 178.4 179.3 181.7 183.7 187.3 192.2 196.1 198.9 200.6 199.9 198.4 196.2 192.2 187.6 182.6 183.4 184.7 185.1 185.4 186.8 188.4 191 188.5 184.3 185.5 189.9 196.1 202.5 206.7 210.9 215.2 215.3 213.5 210.9 208.5 200.1 193.7 191.8 204.2 203.5 204 206.1 211.3 216.3 215.7 221.6 231.5 235.8 236.7 228 215.8 224.8 241 257.6 247.2 230.1 228.1 232.8 236.4 250.7 260.1 264.9 267.9 267.3 265.7 263.4 263.1 263.5 266.4 269.8
183.6 182.8 182.1 181.1 180.1 178.8 179.1 179.7 180.3 180.9 182.6 184.1 187.1 191.4 194.9 198.1 200 201.2 200.8 197.2 195.2 191.4 187.7 182.8 182.5 181.7 181.7 182.3 183.4 187.7 183.1 182.2 184.8 189 194.3 200.5 204.7 209.3 212.2 211.7 211.3 210.3 206.2 192.6 190.6 196.6 205.3 205.4 204.6 207.3 213.3 220.5 219.6 225 236 240.4 244 234.9 220.9 219.3 218.7 229 224.3 248.3 250.3 257.1 239.6 242 257.3 264.5 264.6 263.7 262.4 261 261.5 265.4 269.1 274.7
177.9 178.5 179.1 179 179.8 179.9 179.7 180.2 181.2 181.5 182.8 184.5 186.6 190 192.9 195.8 197.9 200.2 199.5 197 194.6 191.5 188.6 187 185.6 185 183 182.2 180.4 180.6 181.6 182.2 186.5 192.7 197.6 202.4 207.5 211.1 212.7 212.8 211.5 207.1 196.6 191.2 193.2 201.3 206.2 206.2 206.1 208.6 219.2 225.1 223.7 228 237.8 244.5 247.8 245.5 233.4 229.4 230.8 226.8 239.3 260.8 261.3 261.1 260.6 248.4 245.2 249.2 256.2 259.1 259.9 261.6 262.6 268.2 273.4 277.6
175.9 176.5 170.2 176 175.7 179.8 179.5 180.2 180.3 179.6 180 181.7 182.5 185.8 188.1 189 191.2 193.2 193.4 193 192 190.7 189.9 190.6 189.3 188.3 185.8 183.1 180.7 181.1 184.4 186.4 188.7 195.2 200.8 205.2 210.7 213.3 213.7 211.5 205.7 198.6 187.6 190.8 198.1 207.9 208 208.6 208.3 210.7 221 230.3 230.1 229 237.7 246.6 249.5 251.3 246.2 247.8 240.5 242.6 258.3 262.2 262.8 262 261.3 254.5 254.9 256.9 252 248.8 256.5 261 265 269.1 274.7 277.8
175.7 166.8 165.2 166.1 167.1 167.1 169.4 175.8 172.6 171.4 171.6 171 175.5 176.4 176.8 180 182.1 183.9 185.3 185.4 183.1 179.7 179.1 179.4 181.3 181 179.4 179.2 178.5 182.6 185.8 188.6 191.8 197.4 204.3 209.7 211.6 211.7 209.7 207.5 198.6 190 187.7 199.6 205.7 211 212.1 211.2 212.4 215.6 220.2 234.3 236.5 235.4 234.4 246.1 251.1 253.5 254.2 246.3 258.8 260.2 260.9 262.5 263.9 262.9 262.5 261.6 259.5 259.7 260.3 259.4 254 253.3 256 261.3 264 268.6
160.6 163 165.4 166.4 167 165.6 167.6 164.9 167.9 168.9 169.4 168.7 170.6 170.9 171.6 171.6 172 173.3 174 174.8 174.9 176.1 177 176.5 176.1 177.2 178.9 179.7 181.3 181.8 186.6 191.1 194.8 198.3 202.5 203.8 204.4 206.2 204.6 200.8 192 184.6 203.9 206.9 208.8 213.2 214.7 213.8 214.9 219.3 220.5 237.2 240.2 240.6 235.1 245.3 252.2 255.4 256.5 250.2 258 259.6 260.7 261.7 264.1 263 261.9 260.4 259.3 257.8 259.8 261.2 262.1 263.6 261.8 260.9 265.3 266.7
161.9 164.5 166.1 166.6 165.8 165.1 167.2 168.4 168.1 169 169.6 170.5 170.8 171.1 171.5 172.1 172.8 173.3 174 174.2 175.3 175.3 176.5 176.4 177 177.5 178.7 178.9 180.9 182.3 183.5 185.5 187.4 191.9 195.1 196.8 198 199.4 194 188.7 185.8 194.3 205.9 207.9 209.2 214.3 215.5 216.7 217.9 221.4 226.4 237.1 241 242.5 241.2 240.7 252.4 255.9 257.4 256.6 256.3 259.7 261.6 263.2 262.7 261.7 260.3 259.5 259.1 259.4 260.4 261.6 264.5 266.9 269 268.8 269.9 268.6
165 164.9 165.5 166.7 165.7 164.2 170.4 168.7 168.6 169.2 170.1 170.5 171.5 170.9 172.1 172.3 173.1 173.7 174.2 175 175.2 175.7 176.4 177.1 177.1 177.5 178.4 179 179.5 181.6 183 184 184.4 184.5 185.6 186.7 190 193.8 185.3 186.2 185.7 201 207.3 207.1 208.4 214.5 218 220.1 220.6 222.5 225.5 234.2 242.3 243.7 242.6 240.2 252.6 256.6 258.1 256.9 256.3 258.5 260.7 262.1 263 262.7 261.4 259.4 260.4 262 263 263.4 265.2 267.3 270.1 272.8 274.5 277.6
166.5 172.2 166.3 162.6 164.8 169.7 178.1 176.1 164 169.5 170.6 171.3 171.4 171.8 172.3 172.6 172.9 173.7 174.1 174.9 175.4 175.8 176.5 176.4 177.6 178.2 179.3 179.7 180.2 180.2 182 183.9 184.4 185.2 185.1 185.8 185.3 184.7 186.1 185 188.1 189.2 191.6 201.8 209.3 215 218.6 220.5 221.3 225 228.3 233.5 242.3 245 244.7 242.3 250.8 256.1 257.9 258.4 258.9 260.5 261.5 262.1 263.8 261.7 260.7 260.4 263.5 266.9 268 268.4 268.3 268.4 270 273.2 276.6 279.9
176.2 176 175.2 175 176.9 177.9 178.2 179.3 165.4 169.6 170.7 170.7 171.5 171.2 171.7 172 173.1 173.9 174.5 174.8 175.4 176.1 177.1 177.7 177.7 178.3 178.9 179.8 180.5 180.5 181.2 182.1 183.1 183.2 183.6 179.3 183.9 185.5 187.3 188.6 188.6 187.9 190.7 192.3 199.3 215.2 217.8 218.8 223.3 228.2 231.2 231.9 242.5 245.9 243 242.8 250.7 255.5 258.3 259.6 261 262 263.3 264.5 264.6 263 261.7 264.6 266.5 266.9 267.5 266.7 267.3 268.2 270.5 275 278.9 281.8
174.5 174.4 174.3 175.3 175.9 177 177.5 178.2 169.3 169.6 170.7 170.4 168.5 168.3 170.2 171 171.9 173.6 174.6 175 175.6 175.9 176.4 177.3 178.1 178.7 179.4 180 180.8 181.2 180.8 178.9 179.7 181.2 183.2 185.2 193.9 193.2 192.5 196.1 200.3 200.4 190.1 190.5 192.4 192.9 203.4 217.9 222.5 227 229.2 232.5 239.8 242.9 241.2 239.5 247.2 254 257.3 259.8 261.5 263.1 264.3 265.7 264.6 264 264.8 267.1 267.5 267.1 265.8 265.7 267.1 268.6 271.3 275.8 279.2 282.9
173.1 172.5 172.9 174.1 174.5 175 174.9 175.3 171.4 166.4 167.1 170.3 170.2 170.7 170.9 170.6 170.1 171.9 174.5 174.7 175.5 175.4 176.2 177.1 178 178.4 179.1 179.6 175.3 179.3 181.2 184.4 191.6 185.8 188.4 201.5 201.9 200.8 197.5 201 204.4 205.8 198.5 193 188.6 192.9 195.2 211.1 218.9 219.3 220.7 229 236.6 238.5 236.7 234.4 247.3 253.9 256.6 258.6 259.8 263 264 265 263.2 263.3 265.9 267.5 267.7 267.3 265.9 266.7 267.3 269.6 271.7 274.2 278.7 283.5
171.9 171.6 171.7 172.1 172.4 172.4 173 172.4 172.7 173.2 174.9 176.5 177 177.5 175.3 174.2 171.4 171.3 173.4 173.6 174.3 172.3 172.4 176.7 177.4 178.2 179 175.4 178.8 180.6 183 191.1 197.6 201.9 204.3 205.7 204.2 202.2 200.7 202.7 207.3 209.3 209.5 208.2 199.9 193.4 193.5 197.1 209.1 211 212.6 225.2 231 235.1 229.2 238.4 246.5 252.3 253.2 254.9 255.6 258.1 263.3 263.1 262.3 263.3 265.8 268 269.8 268.6 266.8 264.9 266.3 268.5 271.4 273.7 279 282.9
171.8 171.6 171.3 171.1 171 171 171.2 171.9 171.4 172 172.3 172.8 173.9 175.4 177.3 178.5 170.9 172.4 173.4 174.2 174.8 175.9 176.2 173.7 177.3 175.3 178.1 179.3 179.1 179.9 183 191.5 200.5 204.2 205.4 205.8 204.5 202.4 200.2 206.8 210.1 210.7 210.6 209.2 204.5 199 196.7 192.3 198 199.7 203.8 212.9 223.9 226.9 220.1 224.4 243.5 247.8 248.5 248.7 251.6 254.8 262.7 260.2 260.1 263.2 267.8 271.6 271.7 269 264.9 262.6 264.8 266.7 267.5 271.5 275.4 278.3
171.9 171.2 171.2 171.9 171.7 171.8 172.3 171.3 170.3 170.2 170.5 171.5 173.4 174.9 175.6 176.7 173.9 172.1 172.2 174.8 176 177.3 178 178.7 174.2 177.5 178.1 178.4 179.4 183.1 186.2 194.9 200.2 202.7 203.8 203.9 202.8 200.5 199.1 204 205.2 205.7 206 210.2 213.4 210.6 209 212.3 197.7 198.2 198.7 195.2 195.6 196.8 210.8 211.7 238.3 242.5 243.1 242.1 247.8 251.2 256.9 255.9 259.2 264.5 270.9 273.4 272.3 267.8 263.9 260.7 262.9 264.4 266 267.5 271.8 275.4
171.1 171.3 172.1 172.5 171.9 171.8 170.7 170.3 170.4 170.5 170.9 171.7 172.7 174 175.8 176.6 178.6 179.7 179.5 181 184.7 187.3 188 190.5 190.2 189.1 187 186.3 185.1 184.7 188.6 193 197.2 197.8 199.1 197.9 197.3 196 194.6 196.5 198.9 202.1 208.8 214.5 218.5 221.8 222.3 220.8 214.3 207 211.4 214.4 210.8 200.3 201.8 203.8 223.4 234.8 234.6 230.4 243.3 247.5 250.4 252.2 256.6 263.7 271.4 273.5 271.3 266.5 262.2 258.1 261 261 263.8 266.3 269.3 272.4
168.8 170.8 171.2 171.6 172.1 172.6 171.9 170.9 170.2 170.8 171.3 172.7 174.3 175.3 176.7 176.6 178.4 179.5 179.6 182.5 184.6 186.3 186.4 186 184.9 183.5 182.6 180.7 182.2 183.4 185.7 188.6 190.6 190.8 190.7 189.8 191.2 191.1 192.4 195.9 198.8 205.8 212.5 218.3 223.7 226.6 228.3 227.5 225.3 224.1 224.7 223.2 213.7 205.7 201.7 202.3 203.3 200.3 209.5 217.4 224.5 243.6 245.9 250.1 255.6 261.6 269 271.2 269.1 265.1 260.1 257.4 258.1 259 261.5 265.3 268.1 269.8
167.8 170 171.5 172.6 172.7 171.8 170 169 169.7 170.1 171.4 173.3 173.8 173.7 173.8 173.8 174.3 175.2 175.8 177.8 178.6 179.6 180.2 179.6 178.5 178.4 179.4 178.8 179.8 180.1 181.1 183 184.8 185.7 186 187.3 188.4 189.9 191.7 196.4 201.4 207.3 212.5 219.3 224.9 230.5 234 233.6 232.5 232.5 233 230.5 217.2 210.6 210.3 217.7 222.8 214.9 208 203.4 212.8 228.4 242.3 246.8 253.1 256.9 259.9 263.4 266.7 263.9 259.6 256.9 256.2 258.2 261 264.4 266.6 266
167.2 170.3 170.7 170.5 169.4 168.7 168.2 168.7 169.5 169.7 170.5 171 171.5 172 172.5 172.9 173.3 175 174.8 175.5 176.2 176.7 176.3 177 179.1 180.8 182.3 184.3 185.3 185.9 186.3 184.6 184.7 184.6 185.8 186.7 192 192.9 195.4 198.2 196 200.2 210.2 217.8 223.5 231.5 235.1 237.7 237.6 237.5 238 239 230.1 222.6 222.3 235.4 232.8 232.4 223 203.2 208.8 226.8 238.7 240 247 250.6 252.5 255.6 260.9 258 254 251.5 253.1 256.1 258.4 260 261.6 264.2
166.7 166.7 167.2 167.2 167.7 167.5 168 168.7 168.7 169.1 170 170.5 171.7 173.1 175.1 177.3 178.8 179.8 178.7 176.2 176.8 177.8 178.2 180.9 184.5 186.3 188 189.5 190.6 192.2 192.2 189.1 185.7 184.6 185.1 185.7 191.9 197.2 201.4 204.3 206.7 202 199.8 208.2 223.1 229.6 232.4 235.4 239.5 241.8 242.2 243.2 240.8 238.6 239.3 240.6 240 238.5 221.4 210.3 206.7 213.7 222.9 226.4 232.1 236.3 240.5 245.2 250.3 245 251.7 255 254.4 253.1 254.9 259.7 263.7 267.6
167.1 167.2 167.7 168.3 168.7 168.1 168.9 169.3 169.6 170 170.5 171.2 173.1 176.6 179.1 180.6 179.8 179 178.4 177.5 177.7 178.2 181.6 185.7 189.6 191.6 194 194.3 192.8 191.3 188.9 187.9 187.1 187 186.1 186.6 187.1 198 205.3 208.9 211.2 214.7 216.5 205.8 223.5 227.6 231.2 235.2 241.2 244.2 244.2 244.7 243.2 242.7 244.5 244.4 244.1 243.2 233.1 223 214 209 236.7 240.7 237.9 244.8 247.5 240.6 245.6 253.1 255 258.3 260.2 258.8 261 262.9 267.4 274.2
170.1 169.8 170.8 169.6 169.2 168.8 169.9 169.8 170.2 170.4 171.3 171.9 174 176.4 176.7 177.1 175.8 176.5 176.9 177.3 178.1 179.3 182.4 187.8 191 192.4 191.7 191.5 190.8 190.8 192.1 192 190.4 189.3 187.5 187.1 187.8 192.9 206.4 212.9 215.1 218.5 222.4 213.5 218.7 228.9 231.5 235.5 238.3 239.9 241.1 243 240.8 241.8 244 247 248.9 250.3 248.7 236 221.4 210.3 223.2 242.6 246.5 252.3 257.9 258.6 258 259.4 259.3 261.1 263.1 262.7 265.5 270.5 274.7 279.2
175.5 174.5 173 170.8 169.1 168.8 169 169.5 170.2 170.9 171.5 171.9 173 173.8 174.1 174.7 175.3 176.4 177.3 178.2 179 179.6 180.5 183 186.9 190.3 192.7 194.5 195.2 195.9 196 194.2 190.4 190.4 191.2 191.4 189.6 191.7 201.1 214.6 220 223 226.1 226.6 215.4 222.9 234.6 237.1 238.3 238.3 239.1 241.7 239.5 239.4 242.7 247.9 252.3 253.9 252.9 247.6 223.8 211.9 214 242.7 249.2 255.8 257.8 260.5 261.7 262.1 263.3 263.8 265.9 268.6 271.8 276.8 279.3 281.9
174.7 172.7 170.8 169.1 169.5 169.4 169.4 169.8 170.7 170.9 171.3 171.9 172.9 173.7 174 174.9 176 176.1 177.3 178.5 179.6 180.5 181.1 182.5 187.7 193.2 196.9 198.7 198.3 196.2 193.3 192.3 194.9 199.5 200.2 199.2 193.6 195.7 197.7 210.4 220.9 225.7 227.8 230.6 226.4 222.4 236.8 239.8 240.7 239.7 239 240 237.9 238.3 241.3 247 251.3 251.2 249.3 242.1 222.8 209.6 218.5 247.3 254.4 258.1 259.6 261.1 261.9 263.1 265.9 269 270.5 272.4 276 280.8 281.6 281.8
170.4 169.9 169.5 170.6 170.8 169.8 170.1 171.3 171.2 172.1 172 172.8 173.4 173.7 175.3 177.7 180.6 183.5 184.8 186.5 186.6 180.4 181.6 182 185.2 191.2 195.1 194.3 192.7 193.5 195.1 196.9 201.6 205.2 205.3 203.8 198.9 200.9 209.1 210.9 215.7 222.2 227.1 232.9 231 225.6 231.8 232 235.8 234.8 235 232.7 232.9 234.8 237.4 241.4 244.6 245.3 244 238.7 212.5 214.4 223.4 251.3 256.9 259.6 260.5 261.5 262.4 264.8 268.8 271.6 275.1 277.3 281.8 283.3 282.6 282.1
171.9 173.6 174.4 176 177.9 178.5 179 179.7 179.9 180 181.5 181.9 183.3 183.4 184.9 186.5 188.5 190.7 191.9 189.8 186.2 180.8 183.4 183.9 181.9 187.2 190.5 193 195.9 200.7 204.8 206 208.9 211.7 212.8 211.3 203.4 204.3 213.3 216.5 222 228.9 233.1 235.8 236.8 230.4 231.9 225.8 229.3 230.7 232 234.9 234.8 235.6 238.4 238.5 239.1 240.1 240.4 234.1 213.9 216.7 233 253.9 257 259 258.7 261.2 263.5 267.3 271.7 276 281 281.3 282 281.8 280.6 279.2
176.9 179.7 180.4 181.1 182.9 184.4 185.8 187.4 188.5 189.5 189.8 190.5 191.3 191 190.3 190.2 190.2 190.5 189.3 188.3 189.7 189.6 189.1 189.7 186.5 188.3 193.9 201 205.2 210.1 213.2 216.2 218.9 219.9 220.2 217 213.2 210 219.2 220.9 227.8 233 237.5 242.1 241.9 239.4 233 228.8 231.6 234 238.1 242.9 241.2 239.1 238.2 239.5 238.6 239.8 240.4 238.4 213.8 217.1 230.2 253.7 256.2 256.2 258.1 261.3 265.7 271.1 276.7 280.8 284.3 284 282.8 280.3 277.9 278.7
180.7 182.8 183.4 184.6 186.6 188.7 189.8 190.3 190.7 192 192.5 192.2 191 189 188.7 188.9 191.9 194.5 196.4 196.7 197.4 197.8 197.4 197.6 186.2 192 201 205.7 210.2 215.9 219.6 222.8 226.3 227 224.7 222.7 223.7 224.1 226.5 229.1 234.1 237.7 243.8 244.8 241.8 237 234.1 241.1 243.7 246.2 248.4 249.5 250.1 245.1 241.5 242.5 240.2 239.4 240.2 237.7 216 215 223.9 248 233 251.6 254.4 263.1 267.6 271.2 276.9 281.4 285.1 285.2 281.9 278 277.3 278.5
