ny/ny55_OST50GRID_20230518/NY55.asc
ncols 200
nrows 200
xllcorner 350000
yllcorner 550000
cellsize 50
[rows 105 to 139 of 200, columns 0 to 78 of 200]
88.9 89 89.5 91.7 94.8 96.6 97.9 99.3 101.2 102.7 103.1 103.4 105 106.7 107.7 110.7 112.4 108.7 110.4 116.7 126.2 124.7 113.9 103.6 116.6 108.9 99.6 104.4 105.1 105.3 107.9 109.5 109.3 109.3 114.1 118.4 120 116.7 117.3 125.4 133.8 136.7 131.4 128.3 123.5 121.3 121.7 121.2 121.1 121.1 121.1 121.2 121.6 122.4 126.5 129.9 124.4 125.2 127.1 126.7 127.4 130.5 131.3 134.8 130.4 138.3 134.9 134 132.8 133.6 135.9 138 140.8 143.2 147.5 151.1 150.7 154.8 155.2
89.2 89.3 89.7 91.6 93.9 96 97.3 98.6 99.8 101.2 102 103.6 106.2 109.1 110.7 109.5 110.6 111.2 107.7 110.9 117.8 124.5 124.9 107.5 111.9 110.2 102.6 101.5 103.9 106 108.7 109.8 112.1 113.4 115.4 120.1 121.2 117 116.3 121.5 126.6 123.5 120.7 120.9 122 121.5 121.3 122.4 122.7 121.3 121.4 121.7 121.7 122 122.8 123.3 127 127.9 129.1 127.2 127.6 128.8 130.3 131.5 130.4 131.2 135.3 133 133.3 135.3 138.9 136.2 143.8 143.7 146.7 150.7 150.8 154.4 154.8
89.6 90 90.5 91.8 93.8 95.7 96.9 98.2 99.3 100.8 102.5 104.1 104.9 106.4 105.9 104.6 106.9 106.2 103.7 105.3 111 116.7 125.5 125.8 124 110.7 108 103.2 106.5 109.3 111.8 114.1 115.8 116.7 117.7 122.2 121.2 118.2 117.6 118.1 118.6 119.9 122.1 125 127 125.2 127.3 128.9 124.6 122.1 122.3 123.6 124.5 122.7 124.1 129.1 130 127.7 128.2 127.6 127.4 128.9 129.9 132.6 134.2 134.2 134.2 135.7 136.6 137.8 139.2 139 145.7 144.1 145.5 152.2 151.7 151.7 153.7
90.7 90.4 91.1 92.1 93.6 95.5 96.6 98.4 98.9 101 104.4 106.7 105.1 102.1 101 101.1 103.2 103 99.9 102.1 106.4 111.7 120.1 128.2 122.2 108.8 105.9 106.2 111.9 117.9 119.6 121 119.6 119.1 118.3 119.7 118.8 118.7 121.7 121.2 122.5 125.9 131.5 133.7 133.6 134.1 135.6 136.4 132.3 131 130.6 129.9 128.5 127.4 130.1 130.9 129.4 127.5 126.9 126.9 127.6 128.7 130.6 133.6 137.2 135.6 133.7 136.8 136.8 140 140 140.7 147.9 146.6 146.8 151.7 152.1 151.7 155.8
79.5 78.2 81 85.1 92.8 95.5 97.4 97.9 96.3 96.8 100.5 104 103.6 101.5 101.1 101.2 100.7 98.7 98.6 99.7 104.4 113 116.2 119.4 112.4 106.5 105.7 110 117.7 121.7 121.4 121.4 120.7 120.1 118.5 118.8 119.1 122.1 122.7 124.6 124.8 133 134.2 138.9 133.9 135 135.4 134 132.9 132.5 131 131.7 132.5 129.8 133.1 131 130.4 127.7 127.6 128.4 128.6 129 131.5 135.5 134.5 135.3 135.4 136.3 138.8 140.1 140.4 142 147.8 148.5 149.1 151.6 150.9 152 155.9
70.9 72.7 70.6 71.6 78.4 84.5 86.4 89.1 89.8 91.2 93.4 96 99 103.3 101.4 100.8 98.8 98.7 98.9 100.4 103.9 113.5 116.5 111.9 107.7 105.8 107.6 111.2 116.7 117.7 119.7 125.9 129.8 130.4 126.1 125.8 124.4 127.7 121.2 121.4 120 129.9 136.6 134.1 129.7 133.5 131.9 132 137.9 136 132 131.9 134.7 132.8 134.8 130.7 129.5 129.5 129.7 129.8 130 129.8 131.9 136.6 135.2 136 137.7 137.3 139.1 139.7 140.2 141.7 148.5 150.7 151.5 150.6 151.7 151.5 157.3
76.8 79.4 80.5 78.8 75.6 73.9 72.6 75.6 82.2 89.2 92.5 93.3 94.6 97.6 98.6 98.3 98.7 99.3 101.1 103.9 107.5 113.4 115.8 112.4 105.9 104.8 107.9 111.9 114 119.4 129.5 133 133.3 132 131.8 131.5 131.9 128.1 119.6 119.6 119.6 119.6 125.7 125.9 129.5 130.7 132.2 132.9 131.4 132.5 134.7 134.1 135.6 136.8 134.3 131.2 129.5 129.2 132.2 132.5 131.2 130.5 132.9 137.9 134.8 138.9 138.5 136.5 140.6 140.7 144.7 143.8 148.4 152.8 151.5 151.1 152.5 153.1 158.5
82.1 88.3 90.9 90.6 86.1 83.5 80.6 79 75.5 84.3 91.9 95.5 97.3 99.1 99.6 98.5 98.5 99.8 102.5 111 110 109.9 113.1 108.4 105.3 106.1 109.9 115.3 118.5 125.9 133.6 134.1 133.5 132.3 132.2 130.4 131 125.2 119.6 119.6 119.6 119.6 120.2 124.6 128.3 129.6 132.5 134.2 132.3 133 135.8 135.8 135.6 135.9 134.5 132.1 130.4 130.1 131.4 134.1 130.8 131.6 135.3 137.8 135.2 138.1 138.8 138.3 142.4 143.2 144.5 145 149 151 151.1 152 152.6 153.6 158.8
87 90.4 92.9 95 93.7 89.6 87.8 85.9 85.7 76.3 87.9 95.2 99.5 102.8 100.7 99.3 98.9 100 105.3 111.9 110.3 109.1 108.1 105.9 105 107.5 111.2 115.6 122.4 130.7 134.1 134 133.4 133.1 132.9 130.4 127.4 126.7 119.6 119.6 119.6 119.6 123.4 129.7 130.6 131.2 134.8 138 136.3 136.5 136.9 136.4 135.1 135.3 134.2 132.5 131.5 131.8 132.1 133.4 132.4 134.3 136.6 138.1 133.5 136 139.7 142.5 143.3 145.1 144.7 145.1 148.5 152.7 152.7 153.7 153.8 155.4 156.4
91 91.9 93.3 94.9 95.9 94.5 93 91.3 89.9 81.9 82.6 94.9 99.5 107.3 103.9 100.2 100.3 102.5 107.9 113 114.5 112.9 110.5 107.6 105.7 108 112.7 121 129.5 134 134 134.1 134.3 133.5 133.7 132.2 130.2 129.3 121.3 119.6 119.6 123.2 131.1 133.6 135 134.9 138.1 139.5 140.2 140.4 139.4 139 135.7 135.8 135.2 135.2 134.1 134.5 135.1 136 134.2 136.5 136.8 141.5 136.2 137.4 140.5 143.4 144.6 144.3 143.7 147.8 148 151.7 154.9 154.3 154.6 156.8 158.6
90.4 91.8 93.3 94.2 95 94.9 96 96.9 95.3 88.8 82.2 97.6 100.7 108.9 107.9 105.8 103.7 105.4 108.7 118.6 120.1 118.1 112.5 108.8 106.5 108.9 120.1 124 131 132.8 133.2 133.7 134.6 133.7 134.1 133.6 133.3 132.7 131.8 127.8 126.9 129.6 133.8 136 137.4 138.2 138.3 140.3 141.8 142.2 142.2 139.7 140.1 138.4 136.4 137 136.4 137.1 137.1 137.1 133.4 136.2 136.5 137.1 138.2 140 143 144.1 145.5 145 146.1 148.7 148.7 153.8 154.5 155.5 155.2 156.7 159.6
89.9 91 92.6 94.2 95.6 96.3 98.4 100.4 99.4 88.9 85.4 97.8 100.2 106.5 109 109.9 109.4 113.1 111.9 119.6 122.4 120.6 112.8 108.5 106.8 108.9 119.6 129.4 131.8 133.7 134.3 133.8 134.3 133.9 133.6 134 133.2 132.8 132.5 130.9 128.6 131.1 135.2 137 138.2 139.5 140 140.7 142.4 142.6 142.7 141.5 142.3 138.5 137.4 137.1 136.6 138 137.8 137.3 134.1 136.6 136.3 135.9 138.9 142.6 144.3 145.8 145.9 145.9 147.6 150.1 149.3 153.9 156.5 156.9 157.1 157.6 159.7
89.9 90.7 92.7 94.4 98.6 101.2 102.5 102.2 100.4 88 85.1 99.2 101 104.7 110 118 119.9 118.4 118.3 122 121.2 117 113.3 110.5 107.6 108.1 113.6 124.9 131.2 133.2 134.8 134.8 134.8 133 133.4 133.7 132.5 130.2 127.9 127.1 128.9 132.8 136.1 138.6 139.3 140.2 140.6 141.1 142.3 142.7 142.7 142.3 140.2 137.9 137.7 137.7 137.2 136.7 138.1 137.1 134.6 134.8 133.9 136.1 137.3 142.4 144.9 145.7 146.1 146.9 149.3 152.1 151.6 153.1 158.4 157.7 159.3 157.4 160.2
90.2 90.6 92.6 94.9 100.3 104.6 104.2 102.2 98.4 89.3 79.2 87.8 100.5 107.1 113.3 121.5 127.3 121.1 123.2 123.9 120.2 114.7 116.2 113.4 108.5 108.6 110.9 120.3 125.4 127.7 131.1 133.9 132.4 131.9 132.6 133.1 130.6 128.9 128.6 128.2 130.3 134.6 136.8 137.9 139.7 140.1 140.5 141 141.6 142.1 142.5 141.3 138.8 137.7 137.4 137.8 137.9 136.9 135.9 137.4 134.8 133.8 133 137.6 138.4 140.8 143.7 145.8 147.4 147.5 149.5 153.3 154 151.1 158.6 160.4 158.8 157.2 158.4
90.3 90.3 92.5 95.1 100.7 104.4 103.3 100.2 97.1 92.3 86.4 81.3 93.4 103.3 112.8 121 124.2 120.8 120.3 120.5 118.2 114 122 116.4 109.3 108.4 109.5 114.3 120.2 124.2 128.7 131.9 132.3 131.2 131.8 132.7 131.9 129.8 129.7 130.1 132.1 135 136.7 136.8 139.4 140.4 140.9 141.4 141.8 141.8 142.2 139 138.4 138 138 137.8 137.8 137.2 135 134.9 132.3 131.2 134.1 137.6 138.4 144.5 143.6 145.4 147.8 148.1 149 153.7 155.8 151.7 157.5 157.9 158.2 158.3 157.5
90.1 90.3 91.9 94.5 98 100.5 101.2 98.9 97.6 94.8 92.4 85.6 83.7 96.6 109.3 115.3 117.7 117 116.8 116.6 114.9 118.1 125.6 122 110.8 109 109.7 111.9 120.1 123.1 123.4 124 127 130.2 130.9 131.8 131.5 130.7 129.7 129.3 131.1 133.3 135.8 138.8 139.7 140.3 141 141.8 142.1 142.1 141.6 138 137.7 138.4 138.3 138.6 138.5 136.5 133.7 131.5 132.2 134.8 137 139 140.6 146.1 146.1 145.6 147.1 148.3 150.1 153.6 156.6 154.4 157.5 161.6 161 158.3 157.7
89.9 90.7 93 94.8 96.9 100.9 102.3 99.2 98.5 99.1 95.7 88 83.6 88 94.9 103.4 106.5 108.5 112.6 112.4 110.6 114 120.8 124.2 112.5 110.6 110.5 111.4 114.8 118.8 122 127.4 130.2 131.5 131.8 131.5 129.8 130.8 127.7 128.8 130.3 132.4 136.4 138.7 139.4 139.4 141.2 142 142.3 142.3 141.7 138.5 137.7 137.9 138.8 138.9 139.1 136.5 132.7 129.9 132.6 134.3 140.5 141.5 142 146.3 146.8 147.9 147.7 150.2 151.3 155.7 156.3 156.2 155.4 157.4 159.4 159.3 158.5
90.2 91.7 93.7 95.5 98.2 102 104.1 101.2 98.9 100.4 100.1 94.4 87.7 85.6 83.8 87 90.5 97.9 115 114 112.5 112 112.4 122.9 114.7 110.4 110.2 111.5 115.1 120.4 125.4 130.7 132.2 132.8 132.7 131.2 131 127.9 126.5 128 129.3 133.7 136 137.8 138.7 139.9 141 141.4 141.7 141.9 141.2 139 138.4 138.7 139 137 137.9 134.9 131.7 129.7 132.3 135.8 142 144 142.6 147.4 149.9 150.8 150.3 152.4 152.3 155.9 157.6 157.5 158.6 155.3 157.9 159.2 159.5
90.5 91.7 93.9 95.8 99.9 105.7 106.2 106.7 105.7 103.1 102 101.8 95.7 92.7 90.2 87.1 86.4 93.9 110.6 123.1 116.8 112.9 111.2 113.6 111.9 108.8 109.9 111 113.6 119.3 125.7 130.9 132.5 131.5 131.6 129.4 124.2 124.7 125.9 126.8 130.1 134.2 135.6 137.1 138 139.6 140.5 140.8 141.2 141.2 141.2 139.7 139.5 140.7 141.1 137.5 137.3 135.5 132.1 130.3 132.8 137.6 140.6 142.9 145.7 149 152.4 152.6 155.4 152.7 155.3 156.2 156.7 156.8 157.8 155.3 157.3 160.7 161.3
90.9 91.3 93.2 95.3 100.4 105.2 105.9 105.1 105 105.3 104.5 104.9 103.8 102.1 97.4 91 88 90.9 102 117.1 121.5 117.2 112.7 110.3 108.8 108.5 109.6 110.8 112.7 118.2 126.3 131.3 132.2 132.4 128.9 125.8 122.5 123.8 125.1 125.8 129.4 131.7 134.5 137.1 138 139.3 140.4 141.4 141.6 141.4 141.1 139.2 138.9 140.2 138.5 135.3 136.2 134.6 132.1 129.4 133.6 139.8 139.7 144.5 147.6 151.4 153.1 152.1 156.9 156.1 159.3 155.6 157 158.2 159.7 158.5 157 161.9 162.7
91.2 91.6 92.3 93.9 97.3 101.2 102.7 103.8 105.6 105.3 105.1 105.6 105.4 107.1 107.4 103.8 94 89.2 91.6 104.3 116.7 112.4 110.7 110.2 108.8 108.1 109.2 110.2 111.8 114.5 120.9 125.8 131.4 129.8 126 122.9 121.9 124.3 125.2 125.9 128.2 130.2 132.5 135.5 137.9 139 140 141.1 141.3 141 139.3 137.9 136.5 137.9 135 134.4 134.6 132.6 131.8 131.8 135.2 142.3 145.5 149.3 148.1 153.1 151.7 153.7 160.3 159.1 161.1 156.2 158.1 160.1 160.8 159.5 157 161.3 160.4
91 91.1 91.1 92.5 93.8 95.9 98.4 101 102.6 103.2 106.8 108.4 107 108.1 111.1 110.6 104.9 94.3 88.9 95.9 109.1 111.7 109.5 110.8 109.2 107.6 108.5 109.5 111.3 114.4 123.8 126.4 125.1 121.6 118.8 118.2 120.4 123 125.4 127.2 130.3 130.4 130.9 133.3 135.4 137.2 138.6 139.8 139.4 137.4 136.2 135.2 133.3 133.2 133.4 132.5 132.1 133 133.6 135 139.5 144.9 147.7 149.3 153.9 154.8 153.3 158.6 160.5 161.7 167.7 158.5 157.8 160.6 159.5 158.1 157.9 159.7 161
90.9 90.9 91 91.4 92.6 94.1 95.6 98 100.6 102.8 106 107.6 106.6 109.1 113.8 116.3 110.4 105.4 93.6 90.8 101.1 113.3 112 112.1 110.9 107.2 108.1 109.1 110.8 113.8 123 129.5 125.9 118.4 116.6 117.2 118.8 120.5 122.6 125.1 128.3 129.8 129.7 129.9 130.9 134 135.7 135.4 134.8 135 134.6 133.4 132.2 132.7 132.7 131.2 132.6 134.2 136.2 136.6 142.2 146.7 143.4 147.7 151.6 153.9 157 162.8 160.8 163 162.4 159.7 157.5 158.3 159.6 159.5 159.2 161.3 161.2
90.7 90.5 90.7 91 91.8 92.7 94.5 97.2 100.1 102.5 105 107.1 106.7 108.7 114 117.1 116.7 111.6 100.2 89 95.2 106.3 110.8 111 110.7 107.4 107.3 108.2 110.5 112.8 119.5 125.8 120.5 117.1 116.8 116.9 117.8 119.1 120.4 121.8 124.6 126.2 126.9 127.3 128.3 129.7 131 132 132.6 134 135.2 134.3 133.5 131.5 132.4 132.7 135.8 136 136.3 138.6 139.8 143.2 143.6 150.9 151.7 154.7 160.9 160.1 160.3 162.4 163.1 161.2 157.5 159.1 160.1 161 159.6 161.8 162.5
89.6 89.4 90.1 91.1 91.4 92.6 94.3 96.9 99.8 102.4 105.3 106.7 106.8 108.7 113.3 117.2 116.8 114.2 105.9 91.8 93.5 107.1 110.1 111.5 111.6 107.3 106.4 107.2 109.9 111.1 115.5 118.6 117.8 116.4 117.1 118.3 120.2 121.6 122.2 122.3 124.5 125 124.3 124.9 126 127.3 128.7 130.2 132.8 134.5 135.5 135.9 133.8 130.8 133.9 135.4 135.9 134.5 136.3 138 140.8 145.4 146.7 148.6 150.6 158.3 164.1 160.7 164.5 165 166.1 162 158.9 158.2 159.1 162.2 159.5 161.9 163.5
88.4 88.5 89.4 90.3 91.5 92.7 94.4 96.3 99.1 102 104.1 105.9 106.9 109.2 114 117.2 116.4 107.7 106.5 91.6 94.2 107.8 111.4 112.2 112.3 109.4 106.8 107.2 108.6 112 115.2 119.6 117.3 116.3 117.6 118.8 119.9 121.5 121.7 122.5 126.1 125.8 124.8 125.8 128.6 131.6 131.8 129.1 131.7 131.6 130.7 133 135.8 133.1 134.9 132.9 132.3 133.6 134.4 136.7 141.3 144.2 146.9 148.1 148.9 159.8 167.3 171.4 170.8 165.1 164.8 163.1 162.8 160.4 158.7 158.8 161.9 163.5 163.2
87.9 88.2 89.2 90.5 91.7 92.8 94.6 96.5 98.4 101 103.3 104.8 106 107.7 114.8 118.4 116.4 109.1 106.6 93.2 93.5 107.5 110.7 111.8 112.1 110.3 105.5 107.4 109.8 117.3 118.8 117.2 114.1 117.5 117.6 118 119 120.7 120.7 121.7 124.6 125.1 126.1 127.1 130.3 131.6 131.7 129.4 130 128.7 128.7 132.1 135.7 136.4 137.1 130.4 129.9 132.4 134.3 136.4 140.5 143.9 146.2 151.1 155 165.1 167.6 168.8 169 167.2 166.2 165.5 165.1 161.4 159.2 160.4 162.8 164.4 163.8
88.1 88.3 89.4 90.7 91.9 93 94.7 96.4 98.5 101.1 103.3 104.6 105.4 109.3 116.7 122.7 120.7 120.8 111.7 96.4 91.8 96.1 107.8 109.6 110.1 109.4 106.1 107.4 109.7 120.9 125.9 114.2 102.2 105.3 114.6 117.1 118.8 121.4 122.7 122.9 122.6 124.8 126.7 127.3 130.8 132.6 132.4 130.5 130 129.7 131.1 133.9 135.2 137.2 135.6 129.8 132.2 132.7 134 135.3 138.3 143.9 150.7 153.9 153.1 157.4 163.9 170.1 170.2 167.4 168.1 170.7 168.5 167 161.4 161.5 162.4 166.3 164.9
88.5 88.5 89.7 91 92.1 93.1 94.6 96.2 98.7 101.4 104.2 106 107.8 110.8 117 121.8 120.9 125.2 118.7 103.5 93.8 92 100 99.7 99.5 101.3 104.2 106.5 107.4 114.3 109.4 100.6 103.3 105.1 101.4 107.6 118.5 121.2 122.7 121.3 120.7 122.1 123.9 127.2 129.4 130.2 130.1 130.5 130.6 131 132.5 134.1 133.5 132.8 132 133.5 133.9 130.5 133 132.8 137.9 143.1 147 147.1 150.8 159.7 165.3 169.6 172.1 175.7 176.6 175.4 171.1 171 166 161.3 161.6 166.4 163.8
88.9 88.9 89.6 91 92.1 93.3 94.4 96.5 98.4 101 103.4 106.2 108.2 110.5 113.9 118.1 118.3 125.6 119.6 105.7 97.3 92.6 92.7 93.7 95 96.6 101.2 103.8 105.1 108.1 98.7 106.4 113.8 116.2 112.5 106.4 108.1 115.8 117.3 118.1 119.1 121.5 123.9 126.5 127.4 127.3 126.9 129.1 130.2 131.1 132.4 130.7 130.8 131.8 134.8 130.5 135 134.8 132.6 137.3 142.2 144.6 144.4 142.3 145.6 148.2 160.9 161.3 170.5 178.5 177.9 177.1 173.2 172.6 168.8 162.2 161.8 164.2 166.8
89.1 89.2 89.6 90.8 92 93.3 95.1 96.4 98.2 100.6 103.1 105.6 107.4 110.1 112.9 115.8 113.4 121.1 122.7 112.6 102.8 97.8 95.8 94.3 94.8 94.1 95.8 96.5 98.3 99.1 100.4 108.5 113.4 116 116.9 110.4 102.4 110 113.8 117.5 121.3 122.6 123.5 125 127.8 129 127.6 129.5 129.2 130.3 129.5 129.6 132.5 136.7 135.1 132.7 134.8 135.6 135 137.2 140 139.3 134.6 136.9 140.7 144.7 152.8 158.9 169 177.3 177.6 175.1 173.2 173 169.8 163.3 162.1 165.5 168.8
89.4 89.5 89.9 90.7 91.8 93.4 95.9 97.6 99 101.4 103.9 106.1 108.5 111 115 115.4 112.5 116 122.2 115.7 111.1 107.3 102.4 96.2 95.2 96.2 96.6 97.1 98 99.5 101.7 109 114.3 122.1 117 107.9 103 106.1 116.4 119.5 121.4 121 122.4 124.1 127.5 129.1 129.5 129.6 128 127.7 130.1 133.8 134.1 135.8 136.4 135 133.7 134.1 133.7 134.4 132.3 131.8 133.4 137 141.4 144.3 146.9 151.4 161.5 169.4 172.5 173.4 171.6 170 168.8 163.6 162.2 166.2 168.7
89.3 89.6 90.3 91.1 92.3 93.7 96 98.1 99.7 102.3 105.1 107.5 110.9 112.7 116.4 114.7 114.5 116.7 124.3 120.7 116.7 116.5 112.7 100.4 96.6 96.9 97.3 98.3 99.7 102.6 106.7 111.3 114.6 125.9 127.2 113.8 103.3 106.3 116.7 119.1 117.8 119.7 122.1 123.4 123.1 124.9 126.9 128.7 129.3 129.6 134.4 135.2 135.1 134.6 135.6 133.9 131.2 132.5 131.9 132 131.8 131.8 132.7 132.1 139.6 141.6 140.9 143.6 148.2 155.2 163.4 167.5 167 165.2 164.4 161.5 161.7 162.9 165.6
89.3 89.9 90.7 91.6 92.7 94 96 98.7 100.5 103 105.7 109 113.1 115.5 117.4 119 118.5 124 125 122.1 120.4 117.2 114.9 106 102.4 98.8 97.5 99.6 101.4 104 109.4 112.4 114.5 122 124.2 111 104.3 102.8 108.1 112.3 114.3 117.8 121.3 119.3 124.3 127.2 128 131.3 131.7 131.8 134.2 135.3 135.7 133.6 134.1 133.3 131.4 131.3 133.4 132.1 131.7 134 132.2 131.8 136.4 141.7 139.7 141.5 143.4 147.2 153.8 159 159.7 160.6 162.1 164 164.4 162.3 160.7
89.4 90.6 91 92.2 93.1 94.2 96.6 98.7 101.1 103.9 107 110.3 113.8 116.4 119.7 122.4 118.8 122.3 120.9 119.5 119.2 117.1 112.6 107.1 104.2 99.1 100.3 101 102.3 104.2 113.5 116.2 116.8 122.5 130.5 114.1 107.8 106.4 106.6 105.5 105.6 115.1 115.6 122.9 125 128.2 130.4 133.8 133.2 132.2 133.3 134.8 134.6 132.8 133.4 135.8 135.8 134.8 132.2 132.2 132.6 135.3 136.1 135.4 134.8 138.4 137.5 141.4 142.2 145.1 149.4 154.3 156.6 159.2 164.4 167.9 167.2 166.8 164.1
