ny/ny55_OST50GRID_20230518/NY55.asc
ncols 200
nrows 200
xllcorner 350000
yllcorner 550000
cellsize 50
[rows 35 to 69 of 200, columns 0 to 78 of 200]
51.1 51.2 52.4 54.2 54.1 55.7 57.2 57.9 58.8 60.2 60.3 60.4 60.5 62.4 63.6 65.4 65.6 65.4 66.3 67.9 70.4 72.7 73.7 74.8 76 77.9 80 82.6 86.5 88.6 90.5 93.9 96.8 98.1 98.8 103.1 111.2 116.9 118.7 121.3 121.7 123 122.4 124.4 128.8 130.7 131 131.3 133.7 133.9 134.3 133.8 133.2 118.6 98.8 86.1 81.2 78.5 79.3 90.1 103.2 112 122.8 123.2 113.2 110.6 115.7 118.6 115.9 104.2 107.6 123.6 126.6 135.8 140.3 139.1 140.9 145.9 144
50.8 51.5 54.9 55.2 55.8 57.7 58.6 59.4 59.8 60.3 60 60.3 60.7 62.2 64.2 66.2 66.6 67.8 69.1 70.8 73.8 76 77.1 78.2 79 80.2 82 84 86.9 89.1 91 94.9 98.5 100.6 103.7 113.5 118.3 119.3 121.3 122.9 123.6 124.4 125.1 127.1 130.3 131.2 131.1 132.2 132.3 133.1 133.6 132 124.5 108.4 94.7 85.3 81.1 79.1 87.6 97 105 117.5 128.4 127 116.6 115.4 118.5 123 117.1 116.6 100.8 109.3 117.4 126.3 135.1 136.3 137.1 141.8 142.3
49.4 51.8 53.8 56.6 57.7 58.6 60.2 61.2 61.8 62.3 61.7 61.4 62 64.4 65.8 66.8 68.1 70.1 71.5 73.8 77.4 79.2 80.6 81.7 82.2 82.6 83.2 85.2 86.3 87.6 89.9 94.4 97.6 100.2 109.3 118.4 119.9 121.5 122.9 123.4 124.3 126 127.9 129.7 128.8 128 127.3 128.6 131.5 133.3 133.1 129 118 103.1 92.2 86.9 80.2 78.5 92.5 101 107.4 121.5 131.3 125.4 120.2 120 121.2 121.7 115.2 126.4 117.5 104.3 99.8 112.2 126.1 127.4 128.7 132.8 137.1
52.6 52.5 52.4 55.1 57.1 58.9 60.5 62.2 63.5 64.9 64.2 63.8 64.6 66.9 67.5 68.5 70.1 72.4 74.4 76.9 79.1 81.1 83.2 85 84.6 84.5 84.6 85.8 86.5 87.7 89.7 93 97.8 103.1 112.7 119.2 120.7 122.4 122.6 122.8 124.5 127.8 129.8 129.3 125.9 122 120.7 126 132.4 133.7 134 132 123.2 110.2 100 92.1 83.7 78.4 88.7 101.8 109.1 123.1 131.1 128 126 124 123.8 123.5 118.6 122.4 122.6 127.2 116.3 108.2 125.1 124.6 123.2 124.3 130.2
56.4 56 55.3 55.4 55.6 57.9 59.3 60.4 62.2 65.4 65.1 64.7 67.9 69.4 70.3 71.5 73 75.1 77.8 80.4 81.8 83.1 85.3 86.4 87.1 86.7 86.3 86 87.1 88.5 90.8 93.6 100.9 106.1 113.6 119 120.8 121.9 121.1 121.7 126 128.2 129.9 129.9 126.2 120.2 116.9 120.7 129.7 134.6 133.6 132.5 128.2 117.1 107.2 97.2 88.3 82.1 83.1 99.4 108.4 120 131.3 126.6 125.7 123.6 121.8 120.8 122.4 122.1 123.3 124.7 119.2 106.1 123.6 125 125.9 124.6 133.3
59 58.8 58.1 57.5 56.9 56.4 56.4 57.4 59.2 61.9 62.8 65 69.5 73.4 73.6 73.5 75.1 77.6 80.6 84.3 86.4 86.2 86.9 87.4 87.8 88.1 87.7 87.7 88.7 90.2 91.8 95.5 100.4 106.2 112.9 116.9 119 121.3 122.9 124 127.5 128.8 131 131.5 128.2 122.6 116.5 119.3 127.5 131.6 130.8 130.8 128.9 124.7 111.7 104.1 95.8 87.4 82.8 89.4 107.6 119.9 128.3 125.5 122.9 120 119.8 120.1 120.7 123.4 123.9 124.9 116.4 106.6 108.2 118.4 127.8 127 138.9
60.8 60.5 60.3 60.2 60 58.9 57.8 57.9 58.5 59.7 60.8 63.1 67.2 72.4 75.2 75.5 77.4 79.9 83.2 88.7 89.8 87.6 87.5 87.9 88.4 89 88.9 89.9 91.5 93.6 95.6 98.8 104.4 108.7 111.9 114.4 118.2 123.5 127.1 129.4 130 131.5 133.4 133.8 130.9 124.9 122.9 124.7 126.7 127.2 127.3 128.3 128.4 127.6 118.2 108.6 102 93.9 84.3 84.5 91 107.3 119.2 120.3 119.5 120.3 120.5 117.2 121.5 122 123.7 124.9 122.6 123.1 114.7 113.7 123 120.6 126.6
61.3 61.5 61.9 61.9 62 61.9 61 59.9 60.1 60.2 61.1 62.5 65.8 71.4 76 75.3 76.9 80.9 83.6 88.1 90.2 86.9 86.8 87.5 87.5 88.7 89.1 89.8 91.3 94.3 98.4 102 104.7 105.4 110.7 114.6 121.8 126.2 129.3 130.9 131.9 131.9 133.6 134.6 132.3 126.9 128.3 131.4 127.4 125.1 125.5 126.6 127.6 131.7 130.1 119.4 114 109.8 105.6 96.9 83.4 94.4 110.6 119.1 119.8 121.9 121.2 114.1 122.2 123.7 125.8 126.6 130.1 131.2 123.5 107.9 109.2 109.7 112.7
60.4 60.5 61.3 62.1 63.3 64.1 64.1 62.7 62.4 62.5 62.4 63 65.6 69 71.6 71.1 73 75.3 77.5 79.2 83.2 83.4 84.6 86.3 87 88 88.1 89.2 89.9 92.9 96.4 99.3 101 105.9 112.6 119 124.4 128.4 131.7 132.4 132 131 130.5 129.8 127.4 125 127.4 129.4 127.4 125.8 127.1 130.7 133.4 135.1 136 133.3 133 127.2 125.5 117.2 105.7 87.1 94.7 116.7 117.8 118.7 120.9 116.2 123.9 125.8 127.6 127.5 129.2 131.5 129.8 119.6 118.4 119.4 111.3
58.7 57.8 58.4 59.7 61.5 64.3 65.9 65.7 64.5 64.8 65.1 64.9 65.5 66.3 68.8 71.5 73 75.1 77.5 79.6 80.4 82.2 84 85.7 87.5 88.3 88.6 89.5 90.1 91.6 93.6 95.4 98.6 104.2 111.6 120.8 126.5 130.7 134.1 134.6 132.3 130.5 127.9 126 123.1 122.5 123.9 125.8 126.5 127 130 133.7 134.5 136.3 137 137.1 136.6 136.8 135.9 130.7 116.2 95.4 94.4 115.2 117.1 118.4 119.2 120.6 123.4 127.2 129 130.2 131.4 131.4 128.8 125.6 127.1 126.4 111.6
55.1 54.9 54.9 56.1 58.4 61.5 64.6 65.2 64.9 66.2 67.4 67 68.6 69.9 72.5 74.1 76 78.6 81.2 84.2 86.8 88.4 89.3 91.2 91.5 91.2 92.1 92.9 94.4 94.6 94.7 94.3 96.6 102 110.5 121.7 129.6 133.5 135.4 135.9 133.4 130.9 127.9 124.9 121.7 122 122.9 124.2 125.5 128.8 132 135.6 136.1 136.3 136.1 136.7 136.5 137.1 137.1 128.6 106.1 87.1 105 112.5 116.9 119.7 120.7 121.7 124.7 128.7 131.7 131 131.6 129.2 127.4 128 127.6 124.4 120.2
51.6 51.3 52.8 54.1 56.7 57.9 59.8 61.8 64.1 67 69.1 69.1 71.7 73.6 74.7 75.7 77.7 81.1 83.9 86.5 89.3 92.2 93.2 94.4 95.9 95.5 95.2 96 96.9 97.8 97.9 96.9 96 99.8 106.6 118.4 129.7 134.4 136 135.9 133.3 130.3 128 125.5 122.5 121.3 122.4 124 127.8 133.1 136.8 137.5 137 137.2 136.6 137.2 136.8 136.7 136.8 129.7 107 88 105.7 111.5 115.4 118.6 117.9 124 125.6 132.7 134.6 130.5 130.3 128.4 126.6 126.4 125.7 125.9 126.1
47.1 48.8 50 50.3 57.9 57.1 58.4 59.9 62.1 64.5 67.3 69.6 72.6 73.5 74.6 77.1 79.5 82.3 84.9 87.5 91.1 94.2 96 96.2 97.6 98.2 98.4 99.4 100.4 101 99.9 99.3 100.1 98.8 101.9 112.8 123.9 131 134.3 135.8 134.7 132.8 128.7 124.8 121.4 120.7 121.9 126.3 132.1 137.6 138.6 138.6 136.8 136 136.9 138.5 137.8 137 134.9 130.5 109.9 88.5 103.9 111.3 115.2 117 113 121.6 124 128.2 131.2 129.6 128.3 128.6 128 127.5 125.9 127 132.3
48.5 49.3 50 50.1 51.8 54.5 57.5 58.6 60.1 62.3 64 66.9 69.7 72 74.3 77.5 80.3 83.4 85.9 88.5 91.6 94.3 96.6 96.2 97.6 100.8 101.6 103.3 104.3 104.4 101.9 101.2 102 102.7 101.2 108.6 117.3 123.1 128.7 133.1 135.9 135.1 129.2 122.9 118.8 119.5 124.5 129.4 134.5 136.7 136.6 134.3 135.2 135.9 137.4 138.7 138.1 135.2 128.5 120.1 109.7 89.1 99.4 112.3 119.3 121.2 113.7 125.1 125.3 123.2 124.6 127.4 129.7 129.2 128.4 126.3 126.6 128 136.3
52.6 52.3 51.3 50.6 52.3 53.4 55.6 56.7 58.4 59.9 62 65.2 68.4 71.5 74.6 78.1 81.3 84.3 86.8 89.1 90.8 92.9 94.3 95.4 97.6 100.9 104.7 106.6 109 107.3 103.7 102.3 104.2 105.3 102.6 104.8 111.1 116.3 120.6 124.8 129 128.9 124.2 118.8 116.3 121.5 129 133.7 136.9 135.3 133 130.9 135.6 137 137.7 138.7 138.4 132.8 124.6 113.8 110.2 103.9 89.2 109.8 116.4 117.5 118.5 123.4 123.8 124.1 128.6 131.2 130.2 128.4 127.5 125.4 126 127.5 134.8
55.8 56.5 55 52.4 54.3 55.5 56.1 57.7 59.2 60.4 62.2 65.7 69.3 72.4 75.2 78.5 82 85 87.2 89.1 90.5 91.8 92.8 94.9 96.3 99 105.2 106.3 108.5 108.1 103.9 104 106 108.3 104.2 103 105.9 109.3 111.9 115 117.8 118.5 115.7 114 114.4 118 124.9 126.8 127.7 127.5 128.4 131.4 136 137.7 137.7 138.6 138.8 136.7 127.1 114.2 111 108.3 96.8 91.3 108.3 116.2 114 117.7 122.3 126.5 129.2 129.4 127.9 127.2 125.7 124.2 125.4 126 132.3
57.8 59 59.1 56.1 54.4 55 56.3 60.1 61.7 62.4 63.2 65.8 69.5 73.2 76.1 79.2 83 85.7 87.9 89.2 90.6 91.7 92.6 94.6 96 97.5 99.9 101.5 102.6 102.8 103.9 106 107.3 107.8 104.4 103.9 104.5 105.9 107.9 109 110.5 112.1 115 118.5 116.6 115.8 117.5 118.7 119.4 120.7 122.7 128.9 133.2 137.4 137.8 138.6 139.2 137.1 127.1 115.5 112.1 110.4 106.2 94.3 97.9 112.4 113.3 118.6 123.8 127.8 126.6 127.2 127 125 122.9 121.8 123.6 127.5 134.7
58.9 60 60.8 60.4 58.7 56.5 56.3 58.1 61.9 62.8 64.3 66.5 70.5 74 76.8 79.8 83.1 85.8 87.8 89.2 90.5 92.2 93.8 95.4 96.9 98.7 99.6 99.3 99.5 102.2 106.1 109.7 111.1 107.1 105.4 107.1 106.9 106.7 109.5 113.8 115 118.9 124.7 130.7 126.8 122.6 119.9 122.9 123.3 123.8 124.3 122.9 128.9 135.5 137.8 139.3 140.1 136.3 127.2 117.9 113.6 110.1 105.3 99 92.7 111 115.9 119.6 122.8 124.1 125.5 123.3 123.6 119.1 115.5 116.4 120 127.9 136.6
59.1 60.2 61.2 62 61.3 58.7 57.3 57 59.8 62.3 64.7 67.6 70.8 73.6 76.5 79.4 82.1 84.8 87.1 89.1 90.7 93.1 95.1 97.2 99.2 101.1 101.7 100.2 100.5 103.3 109.2 113.5 109.5 106 106.5 108.1 109.6 112.7 119.7 124.9 124.8 127.4 132.9 134.2 132.3 128.2 125.6 131.5 131.6 130.3 131.3 131.4 127.7 131.6 136.7 139.2 140.4 137.2 128.2 119.1 114.9 113.7 108.3 104.5 95.6 97.9 111.1 115.7 119 121.1 120.2 117.4 114.6 111.6 111.5 113.5 116.3 127.3 138.8
58.5 59.5 60.5 61.3 61.9 61 59.2 58.4 60.4 62.6 65 68.3 71.3 73.4 76 78.8 81.5 84.1 86.7 89.3 91.7 94.1 95.8 98.3 101.4 104.2 103.7 101.4 102.3 105.5 112.8 113.9 107.5 105.4 107.5 107.9 110 115 123.3 129.8 130.5 132.6 133.9 133.8 132.5 129.7 128.8 134.1 133.6 132.2 133.9 136.3 133.6 129.8 134.8 137 138.7 135.5 127.6 119.4 116.3 116.8 114.3 107.6 108.6 90.9 97.4 104.9 105.8 108.1 108.4 112.6 112.4 110.3 111.3 113.4 115.2 131.4 137.8
58 59.5 60.5 61 61.5 61 60 60.7 62.5 64.7 66.7 69 71.9 74.1 76.3 78.4 81 83.6 86.5 89.3 92 94.7 96.4 100.6 106.1 106.2 103.8 102.4 104.8 110.5 112.9 110.6 106.6 105 107.2 107.4 109.8 113.7 120.7 127.1 131.8 133.8 133.3 132.5 133.5 133.1 130.5 133.5 132.7 132.9 135.7 137.3 136.7 132 131.2 134.6 136.1 133.1 125.7 119.5 118 117.6 116.8 110.5 106.5 96.1 91.4 106 107.9 107 106.7 108.1 109.4 109.5 111.1 114 115.4 128.8 139.2
58.5 60 61.1 61.9 62.4 61.3 60.8 61.8 64.3 66.8 68.6 70.9 72.8 75 76.6 78.3 80.6 83.2 86.2 89.3 92.4 95.4 96.7 101.8 105.1 105.5 104.2 102.5 104.6 108.4 109.2 107.5 105.8 105.2 106 107.4 109.1 112.9 118.4 125.3 130.9 133.7 133.2 133.4 134.4 134.5 132 131.9 132.1 134.9 136.9 137.7 137.4 134.9 130.4 132.6 132.9 129.2 123.8 121.1 118.6 117 110.7 118 107.6 100.3 95.3 96.2 109 109 108.9 110.3 111.6 112.1 115.8 117.5 119 129 139.3
59.4 60.6 61.7 62.6 63.1 62.4 62.3 62.6 64.7 67.9 70.9 72.4 74 75.9 77.4 79 81.1 83.6 87.2 90.5 93.6 97.1 96.3 97.9 101.5 105.8 106.3 102.7 101.4 103.3 105.1 105.1 105.7 105.4 106.1 107.5 108.8 111.7 116.1 122.5 129 133.1 133.6 134.1 134.6 133.6 131.2 130.2 133.6 136 137 135.6 137.1 136.7 132.5 131.1 131.3 126.9 122.4 119.7 117.8 109.8 116.6 120.4 116.9 103.1 99.3 92.9 97 103.4 115.6 116.2 115.9 115.3 117.5 125.9 129.6 129.8 138.4
60.3 61.3 62.3 63.2 63.8 63.6 63.9 64.6 66.8 70 72.5 74.8 75.7 76.8 78.6 80.2 81.8 84.4 88 91.7 95.7 98.6 97.1 98 100.3 106.1 104.5 101.6 99.9 101.1 103.4 105.1 106.2 106.4 106.4 108 108.5 110.5 114.8 118.5 121.7 127.9 128.1 130 132.6 131.3 130.7 131.2 131 132.9 131.8 130.8 135 134.7 135.9 130.7 132.9 121.8 117.2 109.5 115.8 120.1 121.8 121.7 117.2 106.9 102.9 98.2 96.5 96.1 98.7 117.4 114.3 113.5 118.1 133.7 136 130.5 134.5
61.2 62.2 63.1 63.9 64.9 65.7 65.5 66.9 69 71.4 73.9 75.8 77.2 78.3 79.8 81.3 82.8 85.5 89.5 93.6 98 99.2 98.8 98.3 99.6 100.9 101.8 99.6 100.5 101.8 104.6 106.7 107.4 107.3 107.1 108.3 108 109.1 113 113.4 113.4 117.6 119.1 122.1 129 133.2 133.6 131 130.1 129.8 129 127.4 129.2 126.9 119.9 112 112.5 120.8 120.2 122.7 122.2 122.1 121 116.6 113.9 110.1 105.3 103.3 100.7 98.7 96.8 107.1 110 109.4 109.3 116.7 122.4 127.3 132
62.1 62.9 63.8 64.9 66.2 67.4 67.6 68.3 70.4 72.8 75 76.7 78.1 79.9 81.3 82.2 84.3 87.2 91.2 95.9 101 103.3 101.5 98.9 98.6 99.9 99.5 101.5 103.3 105.3 107.4 108.7 109.6 109.1 107.9 107 107.6 107.6 108.7 108.9 109.6 112.4 115.6 120.4 127.3 132.5 133.8 129.7 126.7 120.8 119.5 113.7 106.4 116.4 125.6 133.4 130.2 130.8 122.8 125.5 126.5 124.8 120.5 116.6 113.1 110 106.7 105.4 103.5 100.3 99.5 96.7 102.3 105.4 106.3 106.7 109.4 112.7 122.3
62.8 63.5 64.3 65.8 67.2 68.5 69.4 70.7 71.8 74.2 76.7 77.9 79 81.3 83.2 83.5 85.5 89.3 93.9 98.5 104 108.4 103.5 102.1 101.2 100.2 99.7 105 110.1 108.9 107.8 108.8 110.6 109.6 107.6 106.3 106.8 106.9 106.8 107.3 108.7 111.5 113.9 115.2 119.8 128.6 123.1 114 104.9 110.2 118.2 123.9 128.7 137.7 136.9 134.9 126.3 125.8 126.1 127 128.2 126.1 120.1 116.3 114.3 112.9 108.4 106.7 106.1 104.2 101.1 100.3 97.1 105.5 106.2 106.8 107.5 109.2 112.8
64.1 64.5 64.9 66.6 68.2 69.4 70.7 72.1 73.4 75.3 77.6 79 80 82.2 84.2 85 87.6 91.8 96.4 100.7 102 98.8 99.5 103.8 104.3 102.7 102.4 106.3 108.5 110.2 107.9 108.4 109.1 108.9 107 106 106.4 106.9 106.8 105.8 106.7 110.6 111.3 108.8 104.2 105 115.3 124.4 129.6 131.5 127.2 127.9 135.8 139.1 136.2 131.9 129.9 131.1 132.4 134.9 134.6 125.7 119.4 119.4 124.6 125.2 111.6 107.3 107.1 105.5 102.2 100.1 97.8 102.5 106.7 107.5 108.2 108.7 116.5
65.1 65.7 66.1 67.1 68.6 70.1 71.4 73 74.2 75.7 77.9 79.7 80.8 83.2 85.2 86.3 89 93.7 98.7 103.7 98.4 100.8 100.8 105.3 107.1 105.1 104.4 105.2 106.4 110.8 108.9 106.7 107.1 107.1 106.8 106.2 106.6 107.1 107 105 102.5 100.6 106 110.4 115.9 126.6 133.4 133.3 133.2 131.6 125.7 131.1 139.5 138.5 135 134.6 134.2 135.7 138.3 139.2 134.5 127.5 125.8 129.8 135.9 135 117.8 109.4 108.1 106 103.4 100.6 99.9 102.5 107.2 108.3 109.3 110.2 114.7
65.5 66.2 66.8 67.9 68.9 70.3 71.6 73.4 75.1 76.2 78.3 80.2 81.7 84 86.4 87.6 90.9 95.1 100.6 106.6 105.6 109.5 111.4 107.7 104.9 103.8 102.6 105.4 107.9 110.3 108.1 105.6 106.4 108.1 108.5 107.3 107.4 105.8 104.2 100.4 104.9 108.6 111.2 113.4 119.8 129.5 133.6 134.3 136.9 131.6 125.7 133.1 139.6 138.4 135.4 136.5 135.6 138.5 139.1 137.4 131.2 131.9 135.5 139 138.4 137 133.2 112.5 109 109.1 104.1 101.1 100 104.4 107.4 108.9 110.1 111.3 112.6
65.4 65.6 67.3 68.5 69.5 70.5 71.9 73.7 75.5 77.1 79.5 82.8 84.2 84.6 86.2 87.8 91.6 95.6 101.3 108 110.3 112.7 109.4 101 97.8 97.9 101.1 107 110.6 107.9 100.4 101.7 105.5 106 106.9 108.3 106.3 98.7 104.4 104.6 106 106.9 108 109.7 114.2 128.9 134.5 136.2 135.4 127.2 129.4 135 137.2 137.7 136 137.7 138.2 138.8 137.9 135.1 131 135.7 140.4 142.1 139.8 138.2 136.7 119.6 110.5 110.3 109.6 103 101.1 104.7 107.3 108.7 110.4 111.4 113
65.5 65.7 67.3 68.6 69.8 71 72.2 74 75.8 78.4 81.4 83.9 84.4 84.3 85.8 88.4 91.1 95.1 99.2 102.6 103.9 101.3 94.7 89.9 89.4 92.3 93.2 93.5 92.8 93.9 93.8 94.9 96.6 101.7 98.6 97.8 101.4 103.4 104.5 104.5 105.1 106.7 107.7 108.9 114.5 124.9 133.8 135 131.1 126.3 132.5 136.3 138.6 137.8 136.9 138.1 138.5 139.1 138.5 134.1 133.8 138 141.2 142.3 140.8 138.7 137.6 136.3 123.2 116.1 112.4 104.9 102.2 102.9 107.8 108.8 109.9 111.7 114
65.9 67 67.4 68.2 69.7 71.2 72.4 73.9 75.7 78.7 82 84.2 83.6 84 85.8 88.7 91.5 93.6 96.2 96.8 95 89.4 89 91.2 98.8 105 103.1 100.3 99.5 100.2 101.8 102.4 99.7 97.6 100.5 101 101.3 102 102 102.7 103.8 104.1 105.3 106.5 109.9 115.6 121.5 124.9 122.4 126.9 135.1 137.6 138.6 136.7 135.9 137.2 138.3 139.7 139.4 134.3 135 138.6 140.7 140.8 140.3 139.1 137.7 137.4 135.3 127.9 113.2 105.5 103 102.7 105.1 104.8 107.9 110.6 114.2
65.3 67.6 68.9 69 69.6 70.9 72.4 74.1 75.5 77.7 79.9 81.6 82.8 83.6 86 89 91.9 93.6 95.3 93.3 89.9 88.2 94.4 102.1 106.2 108.3 109.2 103.7 102.8 103 103 103.4 102.2 100.5 100.8 100.2 100.5 101.3 102.2 103 104.3 105.2 105.5 105 105.6 106.3 108.7 117.4 121.1 127.5 136 138.9 137.8 136.3 136 136.3 138.4 139.5 138.7 132.9 136 139 141.4 140.8 139.8 138.9 139.5 140.1 139.7 137.4 120.3 106.8 105.4 103 103.8 104.7 105.8 109.4 114.3
62.6 66.3 68.7 68.9 68.8 70.5 71.8 73.5 75.4 77.5 79.7 81.3 83.4 85.1 87.3 90.2 92 93.2 94.2 85.6 86.2 98.3 96.6 103.1 108.4 109.9 109.4 105.2 104.1 104.4 104.1 103.7 103.7 103.3 103.1 102.5 102 102.7 101.4 103.2 105 106.6 108 107.6 110.1 110.5 113.3 111.6 120.1 126 133.8 137.2 136.6 136.4 135.9 135.3 137.5 138.7 136.5 134.1 137.7 140.2 140.5 140.1 139.5 139.1 139.7 140 140.1 140.1 134.3 117.6 108.5 107.5 105.2 104.7 104.7 107.8 109.6
