ny/ny55_OST50GRID_20230518/NY55.asc
ncols 200
nrows 200
xllcorner 350000
yllcorner 550000
cellsize 50
[rows 70 to 104 of 200, columns 79 to 157 of 200]
113.3 123.2 137.5 141 141.2 141.5 148.9 154.6 158.3 163.2 169.3 174 176.9 180.6 184 188.6 189.6 186.9 182.3 177.6 172.8 167 163.8 164.7 162 158.2 163.2 166.5 167.5 164.1 173.8 193.1 208.3 207.2 219.6 232.9 240.5 249.7 252.7 258.7 263.1 269.6 274.6 275.3 276.7 278.7 278.8 279 279.6 281.2 285.5 291.2 299.9 304.5 308.8 314.5 324 332.6 347.2 366.7 377.2 374.9 371.1 363.5 351.7 347 345.6 345.6 344.3 348.8 349.7 348.8 349.2 344.5 338.7 333.7 332.4 332.3 330.4
110.6 121 132.2 135.3 140.6 142.3 149.3 155.1 159.8 164 170.2 173.9 177.8 181.9 183.9 181.9 178.7 176.2 172.2 167.4 161.8 156.4 155.6 159.8 158.8 154.8 164.3 155.1 161.5 166.4 181.3 206.3 214.5 213.2 225.3 233.3 243.5 246.8 251 253.5 256.6 264.9 274.8 275.9 275.8 280.2 281 280.5 280.6 281.4 285.2 290.2 295.6 301.1 306.2 313.8 325.3 334.7 347 364.4 377.4 378.9 374.2 366.4 353.4 348.3 347.7 348.6 346.3 351.5 353 358.1 356.9 348.3 342.7 341.8 342.9 339.3 335
112.2 112.2 126.6 135.9 140.2 142.9 151.5 155.9 160.4 164.3 170 174.7 179.6 182.6 178.2 171.4 166.5 164.5 162 157.1 153 149.9 149.8 152.6 150.2 157.5 158.4 153.1 162.7 175.5 192.8 212.1 218.5 220.7 225.4 234.2 241.7 244.8 246.3 247.2 251.9 260.5 270.3 273.2 274.8 279.3 281.2 281.2 281.2 282.1 285.6 289.4 293.7 298.1 302.6 314.9 325.1 333.1 346.4 359.9 374.2 380.5 378.3 370.6 358.5 352.1 350.5 350.2 349 351.6 356.5 365.2 364.8 355.5 350.2 351.8 350.1 344.5 338.9
115.2 115.2 117 132.4 138.4 146 153.3 156.4 161.7 163.2 169.9 174.3 177.3 175.7 163.1 153.8 150.1 148.8 147.6 144.9 142.7 142.2 143 144.9 145.8 153.5 154.6 151.1 160.2 182.3 198.7 213.4 219.5 218.8 226.4 230.4 234.9 238.3 239.5 241.7 247 254.8 260.9 268.9 273.1 276.4 279.7 280.9 281.5 283.2 285 287.5 290.8 295.8 301.1 314.3 324.8 331 340.2 352.9 369.1 377.9 380.6 375.2 366.2 356.5 352.6 350.3 349 349.9 359.2 369.1 371.1 362.2 358.9 358.7 354.4 347.8 340.8
116.4 118.1 116.1 125.8 139.4 146.4 153.7 155.8 161.1 162.4 167 171 170 161.8 144 125.9 126.9 133.7 131.4 132 132.8 132 133.5 138.6 142.4 154.9 151.6 149.5 163 177.3 194.8 207.7 218.6 223.2 224.4 226.9 229.8 233 234.5 237.5 242.1 248.8 258.1 265.4 270.7 273.9 277.1 279.3 281.2 284 286.1 286.4 288.1 294.3 299.7 311.2 321.7 327 336.6 347.9 361.1 372.8 378.3 379.8 372.8 360.3 354 350 348.1 350.4 358.9 367.1 374 369.8 365.1 364 358.2 350.7 344.1
117.5 118.1 118.9 114.3 127.5 132.9 141.9 147.8 154 159.8 161.8 162.8 155.5 140.6 126.1 130.6 131.5 129.2 130.6 131.3 133 134.2 135.4 136.9 139.1 141.3 144.8 148.6 158 173.8 188.2 202.5 212 219.4 223.8 224.1 226.4 228.7 229.7 232.8 238.7 245.1 253.7 261.7 267.4 271.4 274.7 277.6 280.6 284.7 287.8 288.4 290.2 294.6 299.3 306.8 317.3 325.9 334.3 344.9 357.8 364.7 371.6 374.5 368.2 356.9 351.1 347.7 347.6 351.5 358.8 366.4 378.7 375.3 373.4 372.5 363.2 354 348.6
119.6 121.5 122.1 122.1 115.6 113.5 119.2 126.3 135.2 141.2 142.2 141.7 130.7 127.9 130.7 135.4 137.9 140.4 140.1 140.8 139.2 138 138.2 136.7 138.9 141 142.5 150.8 157.3 168.3 183.5 195.7 206.5 213.5 217.1 219.7 222 224.7 226.1 231 236.7 242.8 249.6 259 265 269.6 272.9 275.6 279 283.6 288.8 290.4 290.6 293.2 297 302.9 311.9 322.5 331.5 338.9 349.4 360.4 364.5 363.3 356.2 349.6 346.3 344.8 347.7 352.1 358.7 365.9 381.7 380.3 382.3 381.8 366.8 356.5 351.9
125.1 122.9 126.4 127.3 130.8 131.8 122.9 116.1 118.7 122.6 123 127.8 132.3 134.8 137 140.5 144 147.7 149.4 149.4 148.8 147.2 143.8 139.3 138.1 139.7 141.1 147.4 156.6 164.8 173.4 186.6 198.2 204.8 210.3 214.9 215.9 217.5 217.1 225.1 234.6 241.9 248.2 255.2 261.7 266.8 271.1 274.4 277.1 280.1 284.2 290.1 291.4 292.1 294.5 298 306.1 314.6 323.6 331.8 341.9 349.1 358.7 356.9 350.9 346.2 342.9 343.5 347.6 352.7 358.1 365.8 381.3 385 390.1 383.7 370 361.3 355.7
127.1 125.5 129.8 132.3 134 137 141.1 138.6 137.4 136.3 138.8 142.8 144.4 142.5 142.6 144.8 147.2 148.9 149.7 150.9 151.2 151.9 152.4 152.2 137 138.8 141.7 142.1 146.4 155 165.2 172.7 185.2 191.1 195.8 202.3 207.7 203.8 214.4 223.5 231.6 239.6 245.7 249.9 254.2 259.7 265.8 271.2 274.4 277.6 280.7 285.9 291.8 291.8 292.7 294.5 301 306.8 313.4 322.7 332.1 342 348.5 353.3 344.7 338.7 338.6 341.2 346.1 351.4 357.5 368.6 384.6 392.4 397.1 388.8 373.1 367.3 363.1
131.5 130.4 126.9 132.7 133.4 135.7 138.7 141.1 142.5 144.4 146.8 148.6 149.4 149.2 147 147.7 149.3 150.2 149.9 151.2 153.1 152.6 154.1 161.5 153.9 156.4 156.5 144.6 143.5 145.5 153.3 166.1 169.9 153.5 164.6 183.4 190.9 195.2 212 219.4 226.2 233.8 239.2 243.2 246.8 255.5 261.4 266.6 270.7 275.1 278.5 282.5 287.8 292.1 293.5 294.5 297.6 301.8 305.7 312.2 321.7 333.4 340.5 340.8 336.2 333.8 334.8 338.3 343.7 349.9 360.4 375.7 387.8 396 399.1 392.4 380 375.4 369
133.9 136 131.7 129.8 133.6 135.2 138.1 140.2 142.6 145.8 149.5 148.9 148.7 148.9 149.9 150.3 151.2 150.8 151.9 152.9 155.2 156 163.4 155.6 158.1 168.2 168.4 162.1 151.6 144.6 146.7 150.5 147.2 154.7 152.1 156.4 174.8 189.8 200.9 206.5 217 224.8 230.7 236.3 239.7 250.3 258.1 262.8 267.1 271.6 275.7 279.8 285 289.6 291.4 295.3 297.4 299.6 302 305.5 312.1 322.9 333 336 331.7 330.2 331.8 334.8 341.1 349.3 363.8 382.6 390.1 393.9 397.1 396.2 388.2 383.1 375.1
135.7 138.4 134.8 130.2 133.9 137.8 138.7 140.8 143.5 147.3 149.8 149.2 149.5 150.3 151.9 151.4 151 154.1 155.1 154 153.3 157 158.9 159.7 164.4 178.1 168.9 174.5 167.7 160.9 150.3 145.1 150.9 156.9 153.9 150.8 165.1 184.4 190 194.4 202.3 214.2 222.1 228.2 233.9 239 248.1 258 264.4 269.2 273 276.8 280.3 286.1 291.5 296.2 300.5 298.4 299.6 302 307.7 316 326.6 330.5 327.8 325.4 328.2 331.1 337 346.7 360.6 374 388 389.2 393.8 395.8 392.5 389.5 382
140.6 140.6 134.9 131.5 132.8 135.9 140.4 142.2 144.7 146.2 148.6 150.3 151.8 153.2 154.8 151.7 152.6 157.4 162.2 155.6 157.5 160.7 161.5 165.8 167.6 184.9 173.8 176.4 177.3 175.3 168.5 164.9 169.9 172.3 162 153.2 156.6 164.3 176.2 185.9 193.7 202.6 209 218.9 226.5 228 234.4 242.8 253.2 264.2 269.3 270.5 274.9 279.9 287.4 292.5 295.5 294.3 296 299.1 304.1 312 318.6 324.9 324.9 319.2 324.5 327 331.2 342.3 353.7 364.9 378.7 385.5 388.4 392.3 393.6 391.7 387
138.6 137.7 135 132.6 133.7 134.2 137.5 142.9 147.8 145.8 147.7 149.5 152.1 154.9 154.9 153.1 157 161.5 163.1 157.9 160.2 165.4 164 168.4 172.4 185.9 173.6 176.3 178.8 183.3 183.3 180.7 183.3 177.4 168.6 155.1 156.3 159.3 161.6 170.6 180.5 191.2 197.6 204.7 214.7 220.7 225.2 231.4 238.4 246.4 252.7 259.6 267.2 273.8 280.9 288.6 292.2 291.7 295.2 303 305.4 308.9 312.6 315.3 316.4 314.5 319.7 323.8 328.2 336 345.2 357.9 366.6 375.7 383 384.7 388.5 388.9 387.9
139.6 135.9 134.9 134.3 133.9 137.8 136.9 141.8 147 147.2 148.8 150.9 152 154.3 155.5 155.2 157.5 158.7 158.1 157.5 159.8 165.9 168.1 172.5 179 182.9 177.2 177.6 181.2 186.6 190.4 189.3 185.6 180 174.2 172.6 163.6 159.2 158.9 163.1 163.5 166.9 182.2 190.5 197.7 208.6 215.8 219.1 223.9 229.6 236.2 245 257.9 266.2 271.2 276.7 281.3 291.4 295.9 302.1 305.8 306.9 310.8 310.8 309.8 311.8 315.2 319.7 322.7 329 338 348.8 355.7 362.4 370.4 377.3 380.5 382.8 385
139.8 137.2 136.1 135.3 134.5 136.2 137 142.3 147.8 147.9 150 150.5 151.4 151.7 154.9 156.7 158.5 159.1 160.7 163.4 167.3 165.8 171.8 177.1 188.7 181.7 178.7 180.2 184.2 188.6 191.6 191.8 188.7 185.7 177.6 179.6 178.4 175.8 175 176.3 175.8 172.5 167 167.3 178.9 190 201.6 209.3 213.2 220.6 227.9 236.3 246.4 257.5 264.5 267.7 277.6 292.3 296 299.9 304.9 305.5 307.1 308 305.2 309 310.6 314.1 318.2 322 327.8 337.5 346.9 352.1 357.4 364.7 371.4 377.2 377.9
142.6 137.8 135.6 136.2 135.8 138.3 137.1 143.1 150.2 151.3 151 150.7 151.2 151.1 156.1 157.8 158.1 159.9 164.8 165.1 167.7 173.9 179.1 180.6 188.9 182.1 181.3 182.8 185.5 191.6 194.7 195.5 193.1 190.2 187.9 188.6 189 187.3 185.7 188.7 186.4 181 175 168.3 166.3 174.2 185.5 194 204.1 213.4 221.4 228.5 235 242.7 253.7 264.7 272.5 289.4 295.6 298.1 304.7 305.5 303.8 304.1 303.6 305.3 305.3 307.9 311.4 317.8 323.4 328.6 335.5 341.9 347.3 353.9 361 367.2 372
137.7 136.6 137.5 137.5 138.5 140.6 139.4 141.7 151.5 150.9 151 149.7 153.6 157.1 158.6 160.5 158.6 160.7 164 166.5 172.8 179.2 183.8 184.5 189.9 184.7 185.2 187.5 189.8 195.1 198.2 198.6 196.9 196.7 197.8 197.8 198 195.1 198.1 197.4 193.6 190.7 184.7 177.6 172 167.3 172.9 182.8 189.1 197.2 210.8 223.2 230.5 236.9 248 262 269.1 278.6 296.6 297.5 298.7 302.4 304.2 301.2 301.1 302.2 301.3 302.9 303.4 310.6 318.8 323.6 326.3 330.4 334.5 342.7 351.5 357.2 362.5
136.5 138.1 140.2 142 142.6 142.1 142.4 139.7 145.5 150.3 154.1 149.6 154.8 157.7 157.9 160.5 158.2 161.6 166.9 168.6 174.6 182.2 186.4 188.4 190.9 194 188.7 191.2 196.9 199.5 203 203.7 203.1 202.7 205.4 204.9 203.9 203.8 205.2 204.1 201.3 197.7 195.1 188.4 179.7 170.7 171.5 173 180.8 187.9 196.1 209.3 225.8 233.2 241.6 254.2 267 272.8 281 295.9 296.3 296.9 297.9 300.8 298.6 296.5 297.8 298.1 299.7 301.4 307.6 313.3 317.2 320 323.2 329.8 337.4 346 352.4
136.5 141.4 142.3 143.9 143.6 142.6 143.1 141.5 139.8 144.4 149.4 147.3 152.8 153.3 156.8 159.1 156.9 159.8 172.3 172.4 178.9 186.5 191.1 193.3 194.9 199.6 192.9 195.6 202.5 205.5 209.1 208.8 209.7 210.7 211.6 211.3 210.5 211.6 212.2 211.7 209.4 206.2 202.1 197.5 192.7 174.9 171.4 172.3 174 182.4 190.2 199.9 215.5 230.9 237.9 245.5 261.3 270.9 275.3 281.3 294.2 295 293.7 293.3 295.7 293.8 293.3 294.1 295.8 295.4 298.2 302.6 307.2 310.2 315.3 319 324.4 333 342.6
140.3 143.4 143.7 144.3 144.1 143.2 143 142.2 140.5 141.7 143.9 147.5 149.2 155.4 159.3 163.9 160.8 160.6 169.9 177.5 185.7 191.8 195.3 197.8 199.1 203 198.1 202.6 208.5 211.7 214.6 214.8 217 217.9 218.7 218.4 217.9 216.9 217.7 217.4 214.9 212.3 208.7 205.4 197.9 186.5 177.4 172.8 173.9 172.2 183.9 192.9 204.8 217.3 232.8 238.9 249.2 266.4 271.9 275.1 279.7 290.7 291.5 288.4 287.2 290.6 289.8 288.7 289.2 291.3 290.9 292.8 295.9 299.8 305.4 311.7 315.1 322.1 332.9
142.4 144.2 145 144.8 143.6 141.8 141.7 141.7 141.5 142.3 143.2 146 150.5 160.1 163.2 163 162 165 174.7 182.4 190.9 197.2 201.7 203.7 205 203.9 204.9 209.4 213.9 218 220.4 221.1 224.6 225.4 225.8 226.6 225.9 225 224.7 222.5 219.9 217.9 215.7 212.1 205.3 194.7 197.1 193.2 187.1 178.5 173.6 183.1 197.8 207.1 219.3 233.3 241.1 251.2 267.1 272.2 274.3 276.6 282.7 283.7 279.7 279.8 283.2 286.1 285 285.4 285.6 285.6 290.1 293 297.7 304.9 310.2 314.2 322.8
144.5 145.6 145.8 145.6 144.8 143.5 142.1 142.5 142.3 142 143.2 145.9 151.8 158.3 161.5 164.5 162.5 171.9 184.4 191 198 203 208.1 210.7 211.4 205.8 208.5 212.4 218.6 224.4 226.3 228.1 231.4 232.1 233.6 234.7 235.3 233.7 231.7 226.7 226.1 226.7 224.2 218.5 211.4 194.9 204.8 203.4 196.3 186 179.4 177.4 184 198.4 208.5 220.7 230.2 237.5 248.2 265.8 270.3 271.2 272.2 273.8 274.9 275.4 275.1 276.4 278.3 280.3 280 281.6 283.3 285.1 289.3 295.7 300.5 306.9 311.8
143.8 146.9 147.8 148.2 146.8 145.6 145.7 144 143.3 142.2 143.3 145.1 150.5 155.5 157.6 159.4 167.8 177.3 193 204.1 204.9 210 214.1 217.8 217.5 209.6 210.9 218.4 224.8 230.5 233.5 234.9 237.5 239.3 242.1 244.3 245.4 243.9 240.7 236.5 231.5 231.6 231.9 224.5 216 199.7 212 210.1 208.6 199.5 185.9 181.5 179.6 179.3 197.4 207.4 217.4 227.1 231.6 243.6 260.3 266.3 266.7 266.1 266.1 268 272 271.7 271 270 271.7 275.6 277 278.5 280.5 283.8 289.9 296.3 299.3
146.1 148.9 153 154.3 149.4 147.6 149.7 145 143.8 142.9 142.5 144.7 147.8 151.3 153.9 159.3 173.9 183.8 196 211 209.1 217.3 221.6 224.1 221.3 212.9 214 224.2 231.5 236.2 239.7 242.2 242.9 247.9 251.4 254.2 255.7 253.5 250.6 246.3 242.3 238.4 232.2 228.5 215.8 215 218.1 218.9 217.9 210.3 196.4 186.1 181.4 180 183.3 195.4 205.1 214.1 223.7 229.8 239.1 251.4 257.8 259.3 260.5 261.4 261.9 262.2 261.6 262.1 263 266.6 270.3 272.1 272.8 273.8 278.4 284.8 287
146.4 151.8 154.6 155.2 150 151.2 155.1 149.4 145.8 144.2 142 143.7 145.4 147.6 150.1 160 176.9 187.7 196.6 208.4 209.7 223.9 226.4 228.7 221.9 214.8 217.7 227.6 238.1 242.3 245.8 248.5 251.3 259.8 262.3 266.9 266.2 263.9 259.7 255.4 252.8 249 237.3 231.2 214.4 222.5 222.5 226.7 225.3 216 203 191.9 183.1 181.3 182.3 184.3 187.9 193.6 204.2 219.8 230 235.4 241.8 244.4 250.1 253.7 256.2 256.3 254.5 252.2 255.6 258.8 261.8 264 263.8 261.1 259.5 260.9 267
148 151.5 154.9 154.8 154.8 156.8 156.7 153.8 150.3 146.1 144.5 144 145.5 148.1 152.6 161.2 177.6 192 198.7 207.3 213 228.5 228.2 228.3 220.3 214.8 220.6 234 242.5 248 252.1 255.2 263.7 268.8 272.5 274.6 276.8 272.8 267.3 264.4 261.6 253.4 243.6 233.4 227.7 229.7 231 231.9 228.9 224 211.4 203.2 194.2 187.8 186.6 190.5 194.5 193.5 188.2 198.5 212.2 225.6 230.4 232.4 236.3 239.9 246.9 248.6 246.5 245.1 248 248.4 247.9 244.4 254 265.1 276.4 282.7 289.4
149.6 152.4 155.3 158.8 158.3 158.8 156.1 155.6 154.2 146.6 145.5 145.1 148.2 148.8 153.6 169 181.4 194.3 202.7 208.1 215 227.1 230.4 227 218.6 215.8 228.1 240 249.2 254.5 259.2 263.7 274.1 275.3 278.8 283.1 281.3 277.3 273.6 269.5 263.3 254.7 246 236.2 236 238.7 239.1 241 239.5 230.5 219.2 212.7 208.9 200.6 204.2 204.8 208.5 209 197.3 187.8 191.7 204 221 227 230.5 233.8 237.1 240.4 238 236.6 236.1 236.3 246.3 260.2 265.2 272.9 280.1 287.6 293.7
149.5 153.2 156.8 160.4 162.7 163 155.8 156 154.7 147.8 144.5 145.4 147.9 149.7 154.1 175.2 188.3 196.6 205 209.3 215.8 223.9 226.6 222 215.6 221.7 237.7 246.9 254.6 263.5 263.7 268.9 276.6 280.6 285 287.3 284.1 278.9 273.8 268.9 263.4 255.4 244 242.8 241.2 246.6 247.7 249.5 243.6 236.4 226.7 219.6 213.8 209 212.3 210.7 215.3 220.9 211.5 204 193.5 193.6 206.3 217.3 224.2 227.5 228.9 224.1 220.4 231.3 241.1 249.9 256.6 263.1 270 277.3 285.4 291.2 296.9
150.9 152.1 157.4 159 164.3 163.8 158.3 156.4 154.9 151.4 144.9 146.3 148 150.9 158.4 177.9 192.1 198.3 205.3 211.2 216.9 224.6 222.5 216.6 217.3 231.4 244.9 255.8 263.1 270.7 270.2 276 282.2 283.8 286.3 286.5 283 278.1 273.3 269.1 260.9 252.6 250.8 253.3 251.2 250 252.5 251.4 247.4 239.6 232.4 225.9 219 213.7 220.5 217.9 217.8 219.8 219.4 206 191.1 193.2 199.2 211.7 218.2 215 212.8 227.8 235.9 242.4 249.1 256.2 263.7 270.7 279.5 284.8 289.6 294.7 301.5
154.2 155.1 156.4 158 166.1 163.2 159.6 157.1 157 153.2 153.2 155.7 152.9 153.8 159.4 176.3 190.9 199.4 205.7 213.6 219.5 224.4 218.7 216.9 225.6 242.6 254.2 264.8 272.7 275.6 279.2 288.4 289.2 285.9 287 285.3 283.3 278.2 272.3 264.8 258.3 256.2 257.8 260.6 257.3 252.5 254.6 253.6 251.4 246.3 239.7 231.8 226 219 220.2 222.6 222.1 224.7 223.6 208.9 193.2 195 199.4 205.3 206 214.3 225.1 232.7 241.4 248 255.7 265.7 275.4 281.4 285.8 289.7 293.4 300.1 309.9
156.4 155.7 156.7 157.1 165.7 162 159.6 157.3 157.6 153.2 153.2 153.2 153.2 153.2 161.4 172.2 191.5 201.9 208.2 215.5 222.3 226.9 224.8 220.6 237.5 252.4 262.7 273.4 280 282.8 285.8 292.8 292.2 290.3 290.1 287.6 283.3 274.6 268.9 265.3 263 265.7 265.3 266.1 263.8 261.6 259.6 257.5 255.4 251.7 246.6 239.3 232.4 225.8 224.6 224.9 229 231.8 225.7 216.7 198.6 193.7 197.2 200.1 212.3 222 229.9 237.8 246.1 254.3 264.6 273.4 283.2 287.1 290.5 293.5 298.6 307.5 317.4
156.4 156 158.5 156.1 160.2 162.5 157.7 157.5 154.2 153.2 153.2 153.2 153.2 156.3 162.6 169.3 187.3 204.1 211.2 216.8 225.8 229.4 229.7 234.8 251.4 262.3 271.2 280.4 286.7 285 292.3 297.7 296.3 293.6 290.2 284.7 278.3 273.5 270.8 272.7 275.9 273.3 272.1 272.2 271.7 270 266.4 263.4 261.1 257.9 253.1 245.7 237.5 231.9 229.4 227.3 227.7 228.7 226.7 221.4 205.2 194.6 195.6 198.5 211.6 224.2 232.3 238.7 248 259.4 269.8 278.2 287.1 290.8 293.4 296.5 303.5 314.7 324.3
159.8 157.6 158.8 157.4 156.1 159.9 153.2 153.2 153.2 153.2 153.2 153.2 153.2 160.4 163.8 170.6 186 202.5 212.9 219.3 227.1 231.8 235 247.5 260.2 270.3 279.1 287.2 293.2 293.5 297.9 302.5 298 290.8 283.9 280.4 277.6 276.2 279.7 283.3 281.2 280.9 280.7 280.1 279 276.8 273.4 270.3 268.1 264.9 259.8 251 242.8 237.3 234.8 231.6 228 224.8 220.2 215.2 207.8 205.1 197 198.3 211.5 225.6 232.9 240.9 254.1 265.5 278.3 284.2 290.1 293.2 295.5 299.2 310.9 323.4 336.5
156.4 158.2 158.6 155.8 155.5 157.5 153.2 153.2 153.2 153.2 153.2 153.2 153.2 162.1 167 172.4 185.8 202.3 213.2 223.3 228.7 238.2 247.6 254.9 266.5 276.6 287.4 296.4 297.2 298.1 304.2 306.3 294.3 285.9 282.7 282.3 282.1 285.7 288.4 287.6 287.1 288.1 287.6 287.1 286.2 283.7 281.3 279.5 275.8 271.7 265.1 256.1 247.8 240.7 236.6 232.4 228 220 221.5 219.8 223.7 217.1 200.2 198.8 210.8 224.7 234.9 244 257.4 275.7 282.9 282.3 292.4 295.6 297.6 302.7 315.9 331.5 344.3
