ny/ny55_OST50GRID_20230518/NY55.asc
ncols 200
nrows 200
xllcorner 350000
yllcorner 550000
cellsize 50
[rows 0 to 34 of 200, columns 79 to 157 of 200]
135.2 136.5 135.3 131.8 130.7 130.9 130.8 130.9 130.9 133.4 135.4 135.5 132.7 128 123.3 122.9 121.8 122.5 130.8 137.1 130.6 127.9 127.8 127.7 127.7 133 145.2 144.7 146.9 141.2 138.9 137.1 129.9 133.6 133.5 132.8 132.4 131.6 131.9 133.3 135 136.5 133.9 133.7 134.2 135.5 138.9 137.8 138.4 139.2 140 141.5 142.5 144.6 148.2 153.3 157 158.6 159.7 161.2 162.1 160.5 159 160 162.1 162.2 166.5 166.9 169.8 173.2 174.3 176.2 178.4 180.8 182.1 182.5 182.6 185.7 188.3
126.6 127.6 126.9 123.8 121.8 121.7 121.7 121.6 122.5 125.2 128 130 130.2 129.2 124.1 122.4 127.2 125.9 125.8 126 124.5 124.1 125.6 128.3 126.8 133.9 143.2 149.4 145.3 141.8 141.4 138.4 132.2 130.9 134.7 134.2 134.9 136.1 138.3 139.9 139.4 138.9 146.8 136.7 134.5 134.8 135.3 135.8 136.5 138.5 139.6 141.2 141.7 143.7 145.1 149.5 154.2 157.5 160 161.1 163.3 164.3 163.3 161.3 162.5 167.8 170.2 169.5 168.8 169.1 170.7 172.7 174.2 175.3 176.9 177.3 185.8 181.6 186.4
116.8 118.4 119.3 116.3 114.5 115.6 115.1 115.2 115.7 116.6 118.2 119.9 122.5 123.9 123.3 121.8 122.6 125 122.9 122.6 123.3 123.9 125.5 128.5 130 133.2 135.1 138.1 137.5 141.9 141.3 137.7 134.4 132.5 134.3 133 134 138.4 139.7 139.7 140 135 138.8 138.1 139.8 135.8 136.2 138.1 143 143 143.1 142.2 145 144.8 145.1 145.6 150.3 157.8 161.8 162.3 163.5 163.2 166.3 165.1 165.3 164.6 168.3 170.2 170.2 170.2 171.4 172.8 173.6 174 182.4 195.1 200.6 185.7 185.6
114 111.8 113.6 114.9 113.2 113.7 113.5 113.7 114 114.2 115.3 115.8 116.2 117.9 120.9 124.6 120.2 120.7 121.5 122.8 125 126.7 126.4 126.8 131.4 132.5 134.5 132.8 132.7 143.1 146.2 141.3 136.8 133.4 134.3 137.4 135.6 135.3 139 139.2 139 134.5 135.5 135 142.2 139 137.7 140.4 145.1 146.4 147.5 143.9 146.3 148.7 147.4 146.8 148.8 154.6 159.7 161.9 162.7 163.9 166.8 171.6 172.4 169.7 170.8 172.4 174.5 179.8 179.3 179.6 179.4 185.1 196.6 202.5 199.3 190.3 191.9
117.2 117 115.3 114.6 114.6 115.8 116 114.8 114.5 117.7 117.1 120.4 119.6 123.7 121.6 122.7 122.4 122.5 123.6 122.8 126.6 128.1 127.6 126.5 129.1 131 137.6 136.5 132.7 140.2 145.4 147.4 138.7 134 137.8 139.7 138.6 140.7 140.6 138.9 139.4 136.6 134.9 137.4 140.5 146.1 139.1 144.8 147.6 149.8 150.2 147.3 148.8 150.7 150.2 148.8 149.9 151.6 154.9 159.4 160.5 164.5 167.9 169.8 171.6 173.2 176.4 176.9 173.8 175.1 178.8 184.1 183.7 187.4 193.2 194.3 200 200 201.9
117.8 117 115.8 116.2 116.2 117.5 116.5 116.7 123.2 124.2 122.2 125.3 124.8 125.2 126.2 126.1 125.9 125.9 128.1 127 123.6 124.2 124.8 126.1 128 129.7 134.9 143.6 144.2 146.3 139.9 147.6 136.2 139.5 145.2 147.2 143.6 139.9 138.7 140.3 141.7 145.1 136.6 137 148.1 147 140.8 146.2 152.5 154 151.7 151.4 152.6 153.5 152.2 150.5 153.1 155.5 156.4 157.1 160.5 165.2 170.1 172.8 173.6 177.9 181.1 180.1 173.7 174.6 182.4 184.7 187 199.1 204.3 205.9 203.4 202 204
116.2 115.7 116.1 117 117.9 116.9 118.1 120.6 124.2 126.8 128.1 130.8 129.1 128.7 129.5 129 126.6 128.3 129.1 125.2 123.4 123.6 124.3 125.6 128.1 133.4 140.2 141.9 135.8 145.7 150.7 138.3 134.7 142.4 151.9 142.8 143.4 143.4 135.5 142 141.2 145.2 141.9 143.6 145.1 142.4 143.7 150.6 157.2 158.1 154.8 157.2 160.1 160.9 157.9 154.8 156 160.2 161.4 158.6 159.9 164.9 171 176.5 180 181.8 181.2 178.8 176.2 179.7 186.7 191.6 196.2 204.1 205.7 207.7 208.3 207.7 206.8
115.3 116.8 117.5 117.4 119.3 119.6 121.7 121.8 127.9 131.8 130.9 130.6 129.5 127.3 126.9 126.6 126.1 125 125 124.1 124.1 124.8 125.7 126.4 129.5 143.4 147.2 144.5 137.3 145.7 149.1 150 142.6 141.3 149.5 145.7 143.6 141.7 134.5 136.7 142.3 141.2 147.2 145.4 143.9 143.3 147.7 155.1 160.7 159.9 157.4 158.4 163 163.3 163.2 162.5 161.4 161.1 163.3 160.7 162 165.3 168.5 180.4 184.7 179.7 177.6 183.6 187.8 195.3 199 202.7 204.4 205.5 207.5 207.6 208.1 208.6 208.4
115.2 116.4 117.9 120.1 121.7 122.4 121.8 126.2 129.5 131.7 131.1 128.3 127.3 126.9 126.9 126.4 126.1 125.1 124.5 124.4 125 126 127.5 130.2 135.2 145.6 147.6 145.8 142.5 145.1 148.6 147.9 144.6 139 143.6 145.8 145.5 140.8 135.3 135.2 135.9 146.1 149.9 146 145.4 145.9 147.5 151.9 154.7 155.2 159.4 159.9 162.4 163 163.6 166.3 166.4 165.8 166.1 164.3 166 170.2 175.1 173.4 183.4 180.4 180.7 189.1 199.1 207.7 207 207.4 206.6 207.1 208.3 208.2 208.6 208.8 208.9
116.8 118.7 120.6 122.5 124.3 120.9 126.3 126.5 128 129.4 128.4 126.8 127.1 127.6 127.1 126.5 126 125.6 125.4 124.9 125.4 126.1 127.3 133.7 144.1 148.4 149.6 142.7 144.2 146.8 149.6 146.2 143.4 140.1 141.1 143.5 146 152.2 151.1 147.7 149.9 148.4 152.3 148.3 148.1 151.4 152.3 150.5 153.6 155.8 161.4 163.7 166.1 168.5 169.9 171.8 172.1 172.8 172 171.7 177.9 182.5 186.7 182.6 183.5 185.3 191 197.3 209.6 209.5 207.9 209.7 208.6 209.4 211.3 211.3 209.4 210.5 210.5
119.2 120.8 122.3 123.4 123.5 124.1 124.8 125.3 125.9 126.8 128.3 129.1 129.7 129 127.8 127.4 127.3 127.4 127.2 126.1 126.2 126.7 128.2 137.9 151.2 150.7 148.7 144.4 149.7 152.6 149 145.7 143.8 141.5 140.1 143.5 146.1 147.3 147.8 149 151.1 152.8 155.5 151.1 149.8 155 160.1 156 155.4 160.6 166.2 168.2 170.3 173.8 176.8 180.4 180.9 180.8 182.5 187.1 196.4 206.6 206.3 201.7 187.1 204.5 208.6 211.8 209 209.6 209.3 210.5 213.3 212.8 212.6 212 210.8 210 211.8
120 120.7 121 122 122.8 123.7 124.4 126.4 128.9 131.3 132.5 131.5 131.4 130.2 129.5 129.5 128.3 127.9 127.9 127.4 127.7 130.1 133 140.2 150.2 148.8 150 150.2 153.2 154.5 147.2 145 143.8 140.2 139.6 143.8 146.6 148 149.1 153 155.3 157 158 159 159.9 157.3 160.7 159.6 169.3 169.3 174.6 185.6 176.9 189.6 186.9 191.2 193.6 192.7 197 204.4 209.3 209.4 207.8 203.8 193.1 193.5 202.9 210.1 209.2 209.3 211.5 212.5 211.7 211.4 212.5 211.8 211 208.8 209.8
119.6 120.6 121.6 118.7 124 124.6 128.4 132.3 133.7 136.1 136.2 133.6 132.6 131.2 130.3 129.3 128.6 128.3 128.7 130.6 132.6 133.6 133.9 137.5 147.3 146.1 150.3 152.6 154.5 154.5 149.5 145.3 142.3 139 140 144.2 147.9 150.9 153.7 156.2 158.3 161.6 161 166.1 165.1 162.6 157.1 165.4 176.9 182.4 196.4 188.7 194.9 190.1 189.7 200.5 201.6 197.6 204.4 209.2 211 211.2 209.5 207.8 202 204.3 201.2 200.5 204.7 206.9 207.3 207.2 208.1 207.9 209.3 210.1 210.7 209.3 207.2
117.2 120.6 122 124.4 126.6 128.8 133.4 135.2 136.4 137.8 134.7 132.9 132.2 131.6 130.7 129.8 129.2 130.2 132.7 134.9 137.2 137 136.4 137 142.4 149.4 153.8 154.8 155 155.3 151 145 141.8 141.1 141 143.5 147.1 152.7 157 158.2 160.5 163.6 167.1 172.6 164.9 156.9 166.1 176.1 176.6 180.3 189.4 191.4 194.3 192.9 192.1 200.8 199.3 195.9 200.4 206.3 210 211.7 208.8 206.6 204.4 206.7 206.4 205.1 204.5 205.4 207 208.9 207.8 207.1 206.5 206.6 207.4 206.4 207.5
116.8 120 123.2 126.4 129.3 132.6 135 135.7 135.3 135.2 132.1 131.8 131.8 131.9 131.7 131.2 132 135 135.8 136.8 139 137.5 139.4 138.1 150.7 154.2 155.7 155.9 156.1 155.8 149.9 142.8 142.1 142.6 142.1 145.8 148.5 149 151.7 157.5 161.3 165.7 170.3 171.2 161.8 161.3 172 183.5 179.2 185.2 190.9 192.2 195 196.1 194.2 194 197.3 197.2 197.6 202.3 205.5 207 208.4 207.4 209.3 211.6 210 209.9 209.2 207.7 207.4 209.9 209.7 208.2 206.3 208.4 208.8 208.5 209
115.3 117.1 125.5 129.2 131.8 133.8 133.9 133.7 133.1 132.3 131.4 131.3 130.7 131.3 132 132.2 133.6 134.6 135.9 137.2 139.7 141.2 138.6 140.5 148.4 155.1 156.3 155.6 156.4 155.3 153.5 148.4 143 142.7 144.1 147.4 152.1 152.9 152.9 158.1 162 166.2 170.6 170.3 161.7 166.5 176.8 184 179.5 188.4 193.3 194.6 196.5 198.6 196.8 194.6 194.2 196.9 199.8 203.9 207.1 209.2 210.5 210.5 214.7 215.4 213.7 213 212.3 210 210.1 211.5 211.6 210.4 210.3 210.6 210.9 211 210.9
116.3 122.2 125.8 129.1 131 131.5 131.3 131.3 130.5 130.6 130.6 130.5 129.4 130 131.4 132.8 134 134.4 134.8 135.4 140.1 140.1 136.8 141.8 153.2 154.7 155.6 155.1 155.6 154.1 153.5 150.7 144.6 144.2 146 148.1 154 156.5 156 160.7 167.7 170.7 173.6 167.5 163.5 170.3 181.7 180.8 179.2 190.3 198.9 199.4 198.9 199.3 198.6 196.3 197.2 201.2 205.1 208.5 210 212 214.5 215.4 217.1 217.9 217.1 216.5 215.4 213.7 215.5 215.5 215.4 214.4 213.7 213.2 212.7 211.3 212.1
117 121.9 125.5 128.8 130.2 130 130.9 130.8 130.6 131 132.2 128.7 127.1 127.1 127.8 130.1 131.4 132.3 135.1 139.7 140.5 138.1 135.6 143.9 154.4 154 154.7 155.4 155 151.1 151.1 148.1 146.4 147.2 149.9 152.2 154.3 159.2 159 164.6 172.3 176.1 175.2 167.2 165.7 170.4 182 177 181.1 192.2 197.6 199.4 199.3 198 199.1 199.2 201.9 207.1 209.2 210.9 213.1 215.8 218.3 219.9 221.6 222.3 221.3 219.8 218.8 217.6 219 218.3 218.3 215.3 214.8 214.7 213.2 212.2 212.4
117.5 122.3 126 128.1 128.2 129 131.3 131.5 131.8 135.3 127.1 127.1 127.1 127.1 127.1 127.1 130.4 134.3 139.7 140.3 138.3 135.5 135.4 147.7 155 155.4 156 155.7 153.3 146.8 148.3 148.9 149.4 151 153.5 155.2 158.2 159.5 164.2 172.2 175.4 173.8 174 170.7 166.5 174 181 182 186.8 190.8 195.1 197.5 199.5 198.3 200 203.2 206.8 209.5 211.3 213.8 216.8 220.1 222.8 226 227.4 226.6 224.5 223.4 220.7 220.2 221.2 221.4 220.8 218.9 217.4 215.9 215.6 214.3 212.9
118.1 122 125 127.5 129.7 133.7 137.4 137.6 133.9 127.9 127.1 127.1 127.1 127.1 127.1 128.7 132.3 138.2 138 136.7 137.2 134.7 134.8 145.9 155.3 156.3 156.5 156.1 156.2 154.5 149.6 150.8 151.5 153.4 157 160.6 162.1 164.1 170 174.8 175.1 173.1 174.5 172.5 169.5 178.6 179.2 181.6 185.2 188.3 194.3 196.2 198.9 201.6 203.2 206.2 209.5 211.7 214 217.4 220.6 224.5 228.5 231.3 231.3 229.6 227.1 225.3 223 223.9 226.1 227.2 226.4 224.3 222.6 219.9 219 216.4 213.9
116.7 122.2 128.1 131.1 136.3 145.2 147.2 145.4 139.1 127.1 127.1 127.1 127.1 127.1 127.1 129.2 130 135.1 136.1 135.3 134.1 133.2 133.3 144.8 155.8 156.3 156.8 157.5 159.9 158.8 157.5 154.1 153.6 156.8 159.7 164.9 165.8 169.1 171.2 173.5 175.6 174.5 173.3 183.5 176.2 172.3 174.7 179.9 182.6 189.4 194.9 198.4 202.5 204.2 205.6 208.9 212.2 214.2 217.8 221 224.4 228.5 232.7 234.8 233 232.2 231.4 229.4 227 227.8 230.7 232.1 230.5 226.8 223.8 222 219.5 217.6 215.9
121.5 124.8 128.2 132.7 141.9 149.9 147.3 139.6 133.6 127.1 127.1 127.1 127.1 127.1 127.1 128.5 129.2 131.5 131 131.3 130.5 131.9 133.1 138.1 151.9 156.8 158.8 161.8 161.7 155.5 156.8 156.6 156.5 160.8 163.7 167.1 168.6 172.8 176.7 176.6 174.8 173.9 186 180.1 183.6 180.1 176.3 183.2 186 192 197.7 201.7 203.9 205.6 208.2 211.3 214.6 217.8 221.5 225.2 229.1 232.3 235.4 235.3 235.9 236.3 236 234.4 232.3 231.3 234.2 233.8 230.4 226.6 223.6 222 219.3 220.1 220.3
123.3 124.9 128.9 138.5 144.5 146.9 142 132.7 127.1 127.1 127.1 127.1 127.1 127.1 127.1 127.1 127.2 127.7 128.7 129.1 130.1 130.9 132.1 134.6 147.4 157.1 159.5 159.9 156 147.6 152.5 155.7 157.2 166.2 168.6 169.7 172 177.2 179.5 178.2 175.9 180.1 186.5 184.8 185.9 184.8 180.2 185.5 191.4 195.2 201 202.2 203.1 206.2 210.1 213.4 217.6 221.7 225.4 229.1 232.8 235.8 238.3 237.9 239.3 240.2 240.2 239.5 238 235.6 234.7 232.4 229.1 227.3 224.3 220.5 219.7 224.7 224.5
121.7 125 129.4 141.1 142.2 139.4 138 127.1 127.1 127.1 127.1 127.1 127.1 127.1 127.1 127.2 127.1 127.1 129.1 129.7 130.4 131.3 133.4 132.9 140.4 149.2 151.5 148.4 144.2 141.7 145.7 153.5 156.9 168.4 172.5 173.3 175.7 178.6 180.5 178.6 179.4 189.4 186.2 185.7 185.6 187.9 186.9 181.9 193 198.4 201.6 202.5 203 205.5 210.9 215.8 221.1 225.3 229.3 232.9 236.3 239.9 241.7 240.6 242 243.4 244.3 243.9 242 238.3 235 233.4 232.7 229.8 226.1 222.2 222.1 231.2 232.1
120.2 124.3 127.1 132.7 137.6 133.9 129.8 127.1 127.1 127.1 127.1 127.1 127.1 127.1 127.1 127.1 127.1 128.8 131.4 133.8 133.1 131.8 132.1 132.1 132.9 135.9 136.5 136.8 136.9 141 148.6 154.6 158 166.5 174.6 175.4 178.5 179.2 178.7 180.9 188.6 187.1 186.6 187.6 187.7 189.2 191.2 191.7 185.6 200 204 204.6 205.4 207.7 212.2 218 223.4 227.8 232.5 234.7 238.5 243.4 244 242.5 244.2 246.2 247.6 246.8 244.3 241.5 238.6 236.6 235.3 233.3 228.8 226.6 231.4 236.5 237
119.3 124.1 126.4 130.4 135.1 134.2 133.7 127.1 127.1 127.1 127.1 127.1 127.1 127.1 127.1 127.1 130.3 133.2 133.2 132.7 130.4 130.7 131.1 131.8 132.3 133 133.8 136.2 141.7 145.2 150.9 155.9 160.9 163.8 173.4 174.7 178.2 177.7 179 184.8 186.5 186.6 187.4 188.5 190.2 190.9 193.2 197 198.6 196.4 207.2 209 211.2 212.1 215.2 219.9 224.7 229.5 234.5 236.6 241.2 246.1 245.5 244 246 248.5 249.1 248.9 247.7 244.2 241.2 239.8 239.2 234.2 234.1 235.1 237.7 241.7 241.4
120.3 123.4 125.4 128.7 139.1 139.1 135.9 127.1 127.1 127.1 127.1 127.1 127.1 127.1 127.1 127.1 130.5 129.9 129.8 130 130 130.3 130.8 131.4 131.8 132.6 137.7 144.3 147.2 148.7 154.4 165.6 170 169.3 173.9 175 179.1 179.4 180.5 187.7 190.2 187.9 188.7 189.9 192 193.9 196.4 200 203.4 196.2 209 210.5 214.5 214.9 217.4 220.9 226.1 231.9 237.3 239 245.3 247.6 247.1 245.4 247.4 249.5 250.6 250.2 248.4 245.4 243.4 241.8 239.3 234.1 237.8 240.6 245.8 249.8 245.3
123 123.6 126 134.1 140 141.2 136 127.1 127.1 127.1 127.1 127.1 127.1 127.1 127.1 127.1 129.5 129.9 130 129.8 129.8 129.9 130.4 130.9 131.9 139.7 143.9 147.2 149.8 153.2 162.6 170.4 175.5 180.1 179 181.7 180.6 179.3 181.5 187.5 192.9 189.7 190.8 193.3 195.2 197.5 199.9 203.9 207.7 208.2 207.4 210.4 215.6 217.4 219.6 222.5 227.9 234.3 238.8 240.7 245.6 247.4 247.5 246.6 249.2 250.4 250 248 246.7 244.8 243 240.4 237.4 238.4 240.7 246.4 250.8 255.7 251.8
121.2 122.7 128.1 135.4 140.7 140.4 135.2 127.1 127.1 127.1 127.1 127.1 127.1 127.1 127.1 129.5 130 130.7 130.5 129.5 129.7 129.7 129.9 131.7 136.5 141.2 145.9 150.5 156.1 158.2 167.9 174.4 177.6 182.5 181.3 181.4 178.8 178.2 181.5 186.5 193.7 191.3 194.7 196.6 198.6 201.2 203.6 207.4 210 210.5 204.2 211 216.2 219.4 222.8 225.3 230.3 235.1 238.2 239.5 244 246.3 246.3 247.6 248.8 248.8 247.8 246.3 244.7 242.8 241.6 240.4 238.6 241.1 244.8 251.9 257 263.1 259.4
122 127.2 132.5 136.8 138.8 140.3 134.2 128.1 127.1 127.1 127.1 127.1 127.1 127.1 127.1 132 131.6 131.5 131.1 129.5 128.5 129.7 130.4 137.3 142.9 144.7 151.5 156.8 161.8 166.8 173.7 176 180.2 182.5 180.9 176.9 176 177.5 182.8 195.4 194.1 194.2 197.6 200 202 205 208 211.6 213 212.1 210.9 211.3 215.6 219.3 223.4 227.4 232.1 235.8 238.3 242.2 244.9 245.7 246.1 246.4 246.7 246.8 246.5 246.2 246.8 247.1 245.2 242.1 240 245.2 252.5 259.1 260.7 264.6 265.9
126.6 131.4 136.3 137.6 141.1 141.2 136.9 132 127.1 127.1 127.1 127.1 127.1 127.1 128.6 133.4 132.8 133.9 130.8 127.5 127.8 128.1 133.1 137.2 139.4 145.6 156.5 162.9 167.2 171.1 173.5 174.9 177.1 175.3 174.6 172.8 174.7 180.8 189 198.1 192.2 196.2 199.6 202 204.8 208.7 212.6 214.8 215.1 214.6 215.1 212.8 216.4 218.7 221.1 225 231.4 239 243.5 244.8 244.7 243.3 244.1 244.6 245.7 246.8 247.8 249.5 250.6 250.1 249 244.9 243.5 251.1 260.2 263.4 266.1 269.9 272.3
127.3 132.7 141.6 140.8 146.8 142.1 137 131 127.1 127.1 127.1 128.3 128.6 129.7 135.3 133.2 134.1 129.9 126.3 126.5 126.9 127.5 131.1 137.6 144.5 152.6 163.2 168.7 169.9 171.4 172.6 173.5 173.2 171.4 171.5 173.2 182.7 188.1 188.7 190.8 196.5 200.4 202.8 204.2 208.2 212.1 216 218.9 219.1 219.1 219.2 213.9 218.2 218.6 219.8 225.4 233.5 239.6 243.6 242.8 240.6 240.3 242.9 244.8 246.5 248.8 250.7 252.2 253.5 254 252.7 247.5 246 255 260.9 266 271.3 277.1 278.7
127.1 132.4 140.1 141.5 144.8 143.1 138.4 134.2 130.6 129.7 132 130.9 129.4 129.6 130.9 132.1 129 126 126.2 126.5 126.9 127.7 132.8 137.5 147.3 160.1 168.5 170.6 169.2 170.8 173 172.7 172.6 171 172.7 183.1 186.3 188.5 192.9 197.5 200.7 204.1 205 206.8 211.6 215.5 219.4 222.2 222.8 222.6 218.3 218 221.1 221.8 223.5 228.3 232.4 236 238.2 238.2 238.6 240.8 244.3 247.1 249.5 251.7 253.5 254.6 255.9 256 254.6 252.2 253.8 255.4 262.7 269 274.5 279.4 280.5
133.3 135.5 139.2 141.9 148.7 144 137.4 134.8 134.1 132.5 130.5 129.3 128.5 128 128 128.5 126.1 126.1 126.3 126.5 126.7 130.7 138.7 150.5 157 165.5 169.2 169.1 168.4 170.7 173.4 172.5 171.5 171.4 177.5 184.9 184.9 192.7 197.9 201.7 204.9 207.2 207.6 211.7 215.1 218.3 222.1 224.8 225.5 223.7 217.7 221.5 223.4 224.8 225.7 226.5 228 231.3 236 237.4 239.7 243.5 247.2 250 251.9 253.5 255.1 256.4 257.2 257 254.6 256.9 259.7 266.7 271.5 275.7 279.8 282.1 282.8
136.9 136.4 138.2 143.5 143.3 138.6 140 138.3 135.7 132.1 131 131.4 129.1 127.9 127 126.2 126.2 126.7 126.6 126.7 127.4 136.4 147.4 153.2 160.7 166.3 166.2 167.2 167.8 171.3 171.4 168.8 168.7 171.8 181.2 182.9 191.7 198.4 202.7 205.7 208.2 208.9 211.7 216.2 217.6 219.7 222.5 224.5 224 221.5 219.1 222.4 222.7 223.7 224.3 225.4 228.6 232.8 235.5 238.1 243 246.4 249 250.8 252.7 254.7 256.4 257.8 257.9 257.7 257.7 259.6 263.8 268.1 274.2 279.7 285.7 288.3 288.1
