ny/ny23_OST50GRID_20230518/NY23.asc
ncols 200
nrows 200
xllcorner 320000
yllcorner 530000
cellsize 50
[rows 105 to 139 of 200, columns 78 to 155 of 200]
220.6 219.2 218.3 216.7 213.1 209.1 205.2 202 198.9 197.8 197.2 197.3 197.3 197.2 197.4 196.2 193.3 192.2 191.8 191.5 191.5 192.6 193 193.2 193.9 196.6 198.7 201 205.1 209.2 212.6 216.3 218.7 222 223.2 223.6 223.2 221.6 220.5 217.2 216.1 215.1 214.1 217.8 221.1 218.8 216.5 222.9 227.2 237.9 245.3 252.6 259.5 265.6 273.6 283.6 290.9 296.7 295.5 292.1 289.2 287.5 287.6 290.2 304.5 317.8 329.8 341.5 354.8 372.6 389.4 401.4 423.5 445.9 466.3 480.8 489.2 498.5
217 215.7 214.9 214 212.3 208.9 205 200.3 198.5 196.8 196.3 196.4 196.4 195.7 195 195 193.1 192.6 192 191.5 192 193.2 194.5 195.9 198 200.5 201.7 204.9 209 213.1 217.2 221.3 225.9 229.2 230.5 231.1 230.8 230.5 228.4 222.1 218.7 219.1 218 217.2 221.9 224 226.4 227.4 225.6 223.1 228.8 237.8 247 256.9 266.2 274 279.4 284.4 289 289.7 288 290.7 291.6 289.9 299.6 310.8 323.8 336.9 352.5 368 381.9 392.9 414.3 436.7 456.8 473.9 482.3 491.3
214.4 211.9 210 207.3 205.3 203 204.8 205.6 203.3 197.9 195.6 195.6 195.5 194.8 193.7 192.9 192.5 192.1 192.1 192.2 192.7 194.2 197.6 201.3 203.4 204.2 205.8 209.5 213.6 217.7 221.9 228.3 233.5 236.3 238.2 239.4 239.8 238.5 237.1 229.2 222.1 221.8 223.2 224.3 222.8 225.6 227 233 237.3 238.2 232.7 229.2 228 243.8 254.8 266.5 271.8 276.3 281 284.6 286.8 288.7 291.5 291.2 295.8 304.9 315.2 330.3 346.4 361 373.2 383.8 404.4 425.8 443.6 460.6 473.4 483.4
211.2 210.3 212 214.7 214 214.5 212.4 210.3 205.4 200.1 195.9 194.9 194.6 193.7 193 192.7 192.3 192.2 192.7 192.9 195 198.5 202.1 205.9 208 210.5 212.5 216.6 218.9 223.5 227.9 233.3 238.5 241.7 244.5 246.4 248 246.7 245 242.4 230.1 225.2 226.1 228 227.3 226.8 231 232.3 238.8 242.5 242.2 239.5 235.5 232.7 242.3 259.5 267.1 271.3 275 279.3 281.5 287.7 290.4 291.7 293.9 300.3 310.7 320.9 336.5 351.5 365.7 375.9 391.3 413.5 432.1 449.1 463.5 472.9
210.1 214.3 217.1 218.8 218.9 218.1 215.4 212.7 207.5 202.1 196.7 195 193.9 193.1 192.7 193 194.2 194.6 194.8 195.9 198.3 202.7 207.3 211.3 213.7 215.3 219.4 222 225.6 229.3 235.5 240.3 245 249 251.5 254.3 255.2 255.3 255.7 254.1 248.2 231.7 229.5 230.4 231.4 230.4 234.3 235.6 238.5 242.1 244.7 248.7 249.3 244.9 236.6 242.5 253.3 254.8 254.8 262.7 257.7 277.6 291 291.4 291.7 295.1 301.9 311.3 324.7 339.3 354.7 365.8 377.3 398.4 422.4 442.4 456.4 465.3
212.7 215.2 217.3 218.6 219.8 219.3 218.1 214.6 209 203.5 198.2 194.5 193.2 192.8 193.3 193.9 194.9 196.2 197.5 200.6 202.8 208.2 214 218 220.5 218.8 223.5 227.9 231.9 235.8 242.4 248.3 253 257.4 261.3 263.9 266.6 266.9 265.4 262.8 257.7 250 238.2 233.3 233.8 233.8 236.3 239.3 239.3 243.6 247.8 250.8 253.6 256.5 250.4 253.7 250 254.1 260.6 258.6 267 255.8 284.6 280.3 272.1 286.4 293.9 302.8 312.8 326.1 339.8 352.3 364.5 388 416.2 436.1 450.6 457.8
214.6 217.7 219.4 219.7 219 218.3 217.3 215.9 210.8 205 198.3 194.1 192.8 193 193.3 194.1 195.2 197.5 198.3 200.9 206.4 211.6 218.5 222.4 224.5 223.7 227.7 233.2 236.2 240.2 247.3 254.5 260.9 265.4 269.7 273.7 276.4 276.7 274.2 271 267.7 261.5 252.9 244.2 238.6 237.7 239.3 242.8 243.4 246.7 252.8 258.8 260.6 261.4 261 258.1 258.9 268.4 278.4 286.4 287.7 264.7 265.4 282.1 285 275.4 288.8 298.5 308.1 316.2 328.3 342.1 359.3 380.7 407.5 426.6 438.9 442.5
216.6 218.3 219.6 221.3 221 220.4 218.8 214.4 209.6 203.9 197.8 194 193.4 192.8 193.2 194.4 195.4 197.1 199.3 201.1 204.3 208.3 213 217.6 222.5 224.6 229.5 235.3 238.7 244.6 251.8 259 266.1 272.4 276.6 280.5 281.9 281.6 279.7 276.4 271.5 264.7 256.5 247.3 245.9 242.7 242.5 246.8 247.9 251.4 255.7 262.1 266.5 267.6 266.1 266.2 267 270.5 277.6 287.2 290 291.3 295.4 297.9 297 289.7 289 295.9 301.2 309.6 321.3 331.8 347.2 369.8 392.1 408.3 417.2 419.2
216.3 218.3 219.6 221.2 222.7 223.4 220.1 214 209.1 202.9 195.9 194.7 194 193.3 193.3 194.7 195.6 197.8 200.4 202.3 204.5 206.9 209.4 213.1 218.8 223.8 229.8 234.5 240.9 248.2 256.2 263.4 269.6 275.8 281 285.1 286.6 284.5 281.3 276.8 271.8 264.6 257.3 250.4 253.5 253.7 242.4 250.4 252 254.1 256.9 262.7 267.7 270.9 273.1 273 273.9 276.6 282.4 286.4 291 295.3 298.7 301.1 301.9 297 284.8 295.1 299.1 303.8 313.1 323.5 332 352.3 370.8 385 391.2 390.8
215.7 217.2 218.6 218.9 220.2 221.9 217.3 212 206.5 201.3 196.6 194.8 194.2 193.6 193.3 194.3 195 197.5 200.1 202.5 204.7 207.4 210.4 213.6 216.7 222.2 228.1 235.3 241.9 251.4 260.1 268.6 276.6 283.5 287.8 290.1 289.9 287.4 283.8 278.2 271.4 264.3 258.3 260 262.6 261.7 255.6 250.3 253.5 257.6 260.7 265.6 271.1 276.6 280.1 281.4 281.7 285.1 286.9 290.7 295.2 299.5 303.1 305.2 306.2 303.4 294.4 296 299.1 301.1 306.1 314.5 321.2 334.4 348.7 359.6 363.5 361.7
213.5 215.3 216.9 218.5 218.5 218.2 216 212.6 209.3 203.5 198.3 195 194.4 193.9 193.4 193.9 194.7 197.1 199.8 202.4 205.8 209.9 212.9 214.9 217.8 222.1 227 233.8 242.8 253.3 263.6 273.3 281.4 288.7 295.1 298.7 297.2 291.7 286.2 279.1 271.1 265 265.8 267.4 270.2 267.6 261.4 256.5 257.3 257.2 264.2 270.1 275.4 280.8 285.6 288.6 290.1 291.3 294.7 298.2 302 307 310.8 311.7 310.6 308.8 298.1 295.8 300.4 302.7 305.9 311 314.5 318.9 326.5 333.7 337.6 338
212.7 214.3 216.5 218.6 220.5 220.3 218.9 218.7 218.4 214 207.7 198.7 194.7 194.2 193.7 193.6 194.5 196.8 200.9 203 206.6 213.5 217.8 218.9 220.3 221.4 226.3 230.2 240.9 251.6 262.4 272.3 282.1 290.5 299.3 305 303.6 294.8 288.5 280.7 272.4 273.9 275.1 275.9 276.7 274.4 270.9 265.6 261.3 262.1 263.4 269 275.8 284.6 290.2 295.1 298.7 300.8 304.5 308.3 310.7 315.8 319.5 320.5 319.8 314.5 305 296.1 297.3 301.5 305.3 308.9 312.2 316.8 321.5 325.8 329.2 332.7
213.1 214.2 216.5 218.9 222.1 224 223.7 226.3 228.2 224.2 217.3 207.8 198.2 194.8 194 193.6 193.7 195.6 199.5 202.4 205.1 212.3 217.3 220.8 222.7 225.3 227.4 231 236.4 246.5 256.4 266.6 275.8 285.8 294.7 299.9 299.8 294.6 289.1 283.1 283 284.4 285.1 285.4 284.8 281.8 278.9 273.2 267.1 269 268.8 270 279.6 288.6 295.6 302.1 306.5 309.4 313.8 318.5 322.9 327.3 330.3 331.1 328.4 321.2 309.4 304 301.9 303.1 310.7 315.7 318 319.1 319.6 325.1 332.2 339.8
214.3 215.8 217.4 220.5 223.7 226.7 228.1 232.6 234.5 229.8 223.9 216.2 207.3 201.2 195.5 194.3 194.4 194.3 197.5 199.7 202.7 209.5 215.7 220.3 223.7 226.9 229.6 235.8 240.9 244.3 250.8 259.6 269.4 278.5 288.3 293.1 295.2 296 291.9 292.7 294.2 297.1 296.5 296 295.2 293.8 289.7 281.5 278.5 277.2 277.2 275.5 283.6 296 306.9 312.2 316.9 321.5 325.6 331.8 337.4 340.1 342.3 343.1 337.5 329.4 314.1 310.5 307.4 305.6 311.9 325.3 338.5 345.7 347.1 349.4 353.7 357.3
215.6 217.7 218.8 221.1 224.4 227.8 231.1 233.3 235 233.5 227.5 225.1 219.1 212.5 203.3 197.8 195.9 195.3 195.2 197.3 200.5 206 213.1 219.8 224.4 227.4 230.7 238.3 244.1 249.6 250.5 257.4 266.5 275.3 284.1 290.8 295.8 297 298.8 301.5 304.4 305.5 307.8 307.3 307.3 305.8 301.2 291.5 287.2 287.9 289.7 286.3 291 303.5 317.8 324.9 329.5 334 338.5 345.3 350.3 354.5 356.2 356.8 352 340.6 321.4 316.3 311 313 317.4 318 326.5 336.8 350.8 359.1 369 378.6
216.2 219.3 221.6 222.9 224.2 226.6 229 231.5 233.1 233.6 232.4 233.3 227.4 219.8 213.6 206.6 202.4 198.9 196.7 195.7 198.1 203.4 210.5 218.6 223.5 226.5 231.5 242 249.5 254.1 258.1 264.7 268.9 274.7 283.4 290.6 294.5 299.5 304.7 308.8 311.1 312.3 314.8 317.3 318.9 318.4 314.7 304.2 297.4 302.4 306.8 301.3 291.2 309.9 324.5 336.5 342 345.9 351.1 357.7 363.6 368.3 371.6 370.9 365.6 351.3 332.2 323 317.5 316.8 336.9 337.4 328.3 333.6 346.3 361.1 375.6 387.8
216.5 219.4 222.9 225.4 225.8 227.2 229.2 230.3 231.7 232.5 234.5 232.8 229.4 225.5 220.9 220.2 211.5 204.7 198.5 195.9 196.4 198.2 204.9 211.2 219.6 223.5 228.9 241 249.5 258.1 264.9 270.2 276.6 280.6 285.6 289.9 293.5 300.1 306.3 311.2 315.8 319.4 323.7 328.1 330.7 330.9 326.2 319 309.2 317.3 323.9 321.5 312.1 315.4 330.1 340.2 347.5 355.3 362 369.6 376.3 382.2 385.9 387.1 383.5 369.5 348.7 332.4 325.9 321.7 328.8 337.2 344.7 338.3 344.6 362.7 378.4 393.6
217.7 218.8 221.2 224.7 226.3 227 227.8 228.6 228.6 228.5 229.5 229 229 229.5 227.4 224.4 220.7 215 202.6 195.1 195.1 199.1 202.9 206.6 213.1 219 228.1 240.7 247.9 262.7 271.9 275.2 279.7 284 287.4 289.7 293.4 300.9 308.8 316.9 321.5 326.6 333.6 339.8 343.5 344.3 342.6 334.8 324.4 332.9 339.5 339.7 331.8 320.6 334.7 348 356.3 364.4 373 380.9 388.2 394.9 399.7 402 398.6 387.5 367.6 351.7 339.6 331.6 330.5 335.8 342 350.1 346 366.1 381.2 397.5
221.2 219.3 219.3 222.3 222.9 223.8 224.8 225.8 225.4 225 225.6 227.3 227.9 230 228.9 227.5 228 219.2 198.7 194.3 194.6 197.8 201.6 206.1 210.1 215.5 224.5 236.6 246 256.8 267.8 277.1 283.7 290 294.5 295.6 298.8 302 310.7 320.7 327.8 334.6 343.5 351.8 359.4 360.7 358.1 350 345.6 351.2 356.1 356.7 350.8 339.1 342.2 356.7 365.4 373.9 383.7 392.4 399.4 406.3 413.7 417.9 416.2 406.9 389.9 372.7 359.3 350.2 344.7 341.5 346.9 354.2 353.3 368.2 385.3 402.8
224.2 220.8 220.1 220.6 221 221.4 221.6 223.1 223.3 223 223.4 224.6 226.5 227.6 225.9 223.2 218.6 204.4 195.5 194.3 194.4 196.8 201 206.4 210.4 216.2 222.2 233.9 247.7 258.7 272.3 284.4 294 299.8 303.7 303.7 305.6 310.9 316.1 322.7 332.2 342.2 350.7 362.5 374 376.8 372.8 365.1 363.7 366.9 371.7 371.3 367.5 356.1 348.6 362.9 374.6 384.1 393.7 403.2 411.9 419.4 426.7 432.8 433.8 428.2 412.4 395.2 381.5 371 365.4 358.1 353.9 361.4 357.7 371.5 390.3 408.4
224.2 221.3 220.4 220.3 220.8 221.3 221.4 221.4 221.5 222.3 222.4 222.7 223.6 224.5 223.4 220.6 212.9 202.8 196.8 194.7 195.4 196.8 200.1 207.5 212.8 216.2 221 228.5 245.3 261.1 277.7 291.8 301.8 310.3 313.5 314.2 315.4 317 323 329.2 336.5 342.5 355 366.6 379.9 398.4 388 377.4 379.4 385 387.7 387.4 380.7 371.1 357.9 367.8 382.7 393.3 403 413.1 423.5 432 438.3 444.6 449 447.9 437.3 419.9 405.1 394.9 385.9 378.5 371.7 371.7 370.1 376.5 394.7 415.3
225.4 222.9 221.5 221.7 220 220.3 220.4 220.5 221.4 223.6 223.8 224 224.7 225.3 224.7 220.1 212.9 205.2 196.8 195.7 196.1 196.5 202.2 206.8 214.9 217 219.5 224.9 241.8 262.5 281 297.9 309.1 318.1 321.4 322.2 324.9 327.2 329.9 336 344 352.4 360.8 370.1 383 393.4 393.6 390.6 393.2 400.6 404.7 402.6 395.5 385.7 372.1 377.7 391.8 402.3 412.6 423.5 433.1 441.6 449.7 456.7 462 463.3 459.9 448 431.6 418.4 407.6 399.9 394 391.2 388.8 385.7 396.8 421.3
228.1 226.4 224.4 223.6 220.9 219.4 219.5 220.2 221 223.2 225.7 227.4 227.9 227.2 226.2 220.9 214.1 202.8 196.8 196.3 196.3 196.9 199.6 203.7 209.2 213.3 216.7 226.1 238.8 260.6 283.4 304.2 318.9 326.8 330.2 329.1 330.5 333.7 337.5 343.3 352.3 361.9 370.7 378.8 384.6 394.7 397.4 400.3 406.3 414.4 418.5 416 410.2 398.5 385.7 388.8 400 409.7 421.9 433.1 442.2 451 459.4 467.2 473.4 475.8 475.6 471 462.5 446 433.4 425.4 418.8 414.5 412.3 411.2 404.4 416.5
231.1 229.3 227.4 225.1 222.6 220.1 218.4 219.2 220 222 223.7 227 231 231.7 229.4 223.7 214.9 203.1 197.7 196.8 197 197.4 199.4 203.2 206.7 210.9 215.9 227.4 237.3 258.2 282.3 309.1 323.3 333.5 337.5 335.8 336.2 339.8 344.6 352.4 360 371.8 382.7 391 397.4 402.4 405.4 410.2 416.8 424.6 426.8 425.2 422.7 414.3 397.6 399.7 408.5 418.3 430.1 442.8 452.7 462.4 471.6 479.1 486.6 489.3 489.4 486.8 482.8 477.8 463.7 455.2 448.6 443.6 443.4 441.2 433.1 422.7
233.8 231.5 228.4 226.2 224.1 221.6 219.6 218.5 218.5 220 222.1 225.5 230.6 235.5 235.1 227.1 219.5 211 205.3 202.2 200.6 199.1 199.2 202.9 206.6 210.6 215.2 221.7 233.9 254.5 278.6 303.6 326.5 339.2 343.5 341.7 340.7 345.9 351.7 357.9 368.9 380.8 393.4 405.7 408.7 411.2 414.7 420.5 425.6 429.2 430.2 432.5 430.8 424.6 415.4 410.4 418.9 427.2 437.1 450.5 463.7 474.1 483.6 490.6 495.8 498.4 498.4 497 497.9 496.1 494.7 490.5 482.1 478.5 477.8 472.1 464.2 447.6
236 232.2 229.9 228.2 226.7 224.5 222.6 220.5 218.4 218 219.3 222.3 227.7 233.9 231.5 229.2 226 220.9 215.1 210.1 202.9 198.7 200.2 203.8 207 209.8 213.3 218.3 230 248.6 268.7 290.6 313.5 334.9 344.4 345.4 348.2 353.3 358.9 365.7 376.5 388.5 403 413 418.5 421.5 423.6 426.2 431 434.7 438.1 440.3 439.3 436.5 429.3 420.7 429.3 436.9 445.7 457.9 472.3 485.6 497.3 501.6 502.7 504.3 504.5 505.8 508 508.9 506.6 512.8 508.8 503.1 492.8 482.9 476.9 473.4
235.5 234.4 232.3 230.7 229.3 227.5 225.7 223.6 220.1 215.7 215.7 218.8 224.6 230.4 233.2 232.2 230.8 230 223.8 212.7 204.6 200.8 201.1 204.2 206.6 208.9 212.2 217.2 226 238.8 257 274.5 295.2 317.9 332.5 343 348.4 357.4 365.2 373.5 383.9 396.3 407.7 417.5 424.4 429.7 431.8 434 438.2 441.8 445.2 447.4 448 446.1 442.5 435.6 438.4 446.4 454.4 465.9 479.3 495.3 511.9 510.5 509 508.2 509.3 512.4 515.5 516.7 514.7 518.6 516.3 504.3 494.8 479.2 473.4 465.4
236.6 235.4 233.9 232.5 231.2 230.1 228.7 225.6 222.4 217.6 213 212.6 222 228.9 232.4 234.6 235 235.7 224.3 216.3 207 202.5 201.2 202.6 204.7 207 209.5 219.4 225.1 231.9 242.8 258.5 274.7 296.2 311.8 329.6 341.7 359.7 371.9 381.6 390.8 403.4 415.5 426.7 433 436 437.8 440.5 446.4 449.9 451.8 453.2 454.8 454.8 453.3 448.9 449 453.6 461 471.5 482.2 495.6 509.4 511.2 510.7 512.4 514 517.7 521.9 521.7 517.5 513.6 514.6 503.9 489.7 471.2 458.9 451.5
237.2 235.8 234 231.1 230 230.4 229 227.7 224.8 220.2 212 202.9 216.9 225.4 230.5 232.8 234.7 233.2 226 217.2 210 204.8 202.2 202.9 204.2 205.5 208.9 219 225.2 228.1 240 249.7 260.1 281.7 297.5 320.6 336.4 347.7 370.6 382.7 391.9 407.2 418.4 428.4 435.6 437.3 439.9 445.8 450 454 455.3 460.6 462 461.1 460.2 458.3 458.8 459.4 464.9 474.4 484.3 494.6 502.8 507.1 508.7 512.2 515.4 519.4 524.1 522.2 515.8 508.2 500 493.3 479.3 459.7 448.3 439.4
235 232.2 227.6 222.2 218.2 220.7 220.1 219.8 219.7 214.9 205.7 193.8 205.3 216.1 223.5 229.2 233.6 230.7 223 217.1 212.8 207.8 206.1 203.3 204.1 204.8 206.1 208.3 214.2 223.6 233.1 243.2 251.1 271.2 286.4 305.6 322.3 338.8 360.2 375.3 387.5 402.1 412.9 421.5 428.6 433.3 438.6 444 449.1 453.3 457.9 462.8 465.7 464.2 463.6 465.2 465.9 464.6 467.1 472.9 483.3 490.9 494.8 498.6 502.2 505.4 511 516.8 519.5 517.9 513 502 485.4 475.5 464.6 450.6 436.2 428.8
229 224.3 213.9 204.3 199.8 200.3 200.8 200 198 195.2 189.8 182.8 191.6 200.3 206.8 212 218.9 216.7 213.2 213.3 212.4 211.6 212.2 208.9 205.7 205.1 203.1 202.9 207.6 214.9 219.6 228.2 238.3 250.5 272.2 285.8 302.8 323.2 346.2 366.7 377 389.5 400.4 409.4 419.3 424.4 432.2 438.5 443.6 449.3 455.9 460.8 465.1 464.4 464.2 465.3 466.6 465.6 463.7 467.2 477.5 484.2 485.8 486.5 488.3 490.3 496 504 509.3 508 502.3 491.8 473.1 457 444.7 431 417.6 412.8
213.3 210.2 199.1 187.8 182.9 181.4 179.9 177.8 170.3 169.5 164.6 166.4 172.1 180.4 184.4 185.1 192.8 195.6 198.3 205.4 209.2 211.9 215.4 216.1 215.6 208.5 205 199 198.7 202.5 207.3 213.7 223.1 236.7 249.7 265.7 283.9 304 321.8 339.2 354.1 368.1 380.4 389.7 396.9 405 414.9 424.9 434.4 440.1 447.4 453 454.9 454.7 455.6 457.1 458.2 457.9 455.3 455.9 463.4 467.8 469.4 470.9 472.1 474.2 476.7 483.7 490.8 491.6 486.9 479.3 461.6 443.9 423.8 409.8 402.3 419.3
193.8 190.2 180.7 174 173.9 169.6 164.6 157.3 155.1 154.5 154.8 156.1 156.7 158.1 157.8 159.1 164.6 171.7 178.4 180.5 185.3 193 197.5 201.8 204.8 201 197.3 193.4 194 195.9 200.5 204.5 210.4 224.3 236 251.1 266.5 282.6 298.8 316.6 333.8 346.4 356 365.9 375.8 386 397.6 408 417.4 428.8 435.8 441 442.3 443.4 445.2 445.8 446.6 446.2 442.8 442.1 445.8 449.3 450.5 452.8 454.9 455.5 456.5 458.5 466.3 470 466.7 462.9 451.1 432.8 404 396.3 421.1 437.1
177.3 170.8 167.5 167.7 165.7 161.2 154.1 151.2 151 152.9 165.9 169.4 168.6 168.9 170.6 174.3 175.9 173.5 171.8 176.4 176.8 175.1 177.8 175.9 184.5 185.8 186.2 188.5 190 192.4 196.4 200.8 204.7 210.7 221.9 232.8 248.4 265.5 281.1 296.8 313.2 322.8 332.8 343.9 355.5 368.1 378.5 391.1 405 416.3 424.1 429.9 433.4 436 436.8 436.2 435.9 434 428.3 427.8 427.6 429.2 429.6 432 435.7 437.6 438 435.7 435.5 440.1 442.1 438 437.1 416 388.4 416.1 439.6 457.4
163 161.1 161.6 162.4 162.4 157.9 151.2 148.3 150.5 167.7 170.5 173.1 173.5 173.1 175.9 179.2 181.9 183.5 184.4 184.2 184.6 183.9 181.3 179.9 180.5 179.3 182.2 184.8 188.6 191.4 194.8 199.9 202.8 207.1 213.8 223.7 236.6 252 274.1 286.5 298.8 311.7 316.8 326.3 344.8 354.7 365.9 379.8 399.1 405.7 415.8 419 421.7 423.5 424.8 425.4 424.2 422 417.2 413.9 411.2 411 412.9 412.4 414.5 416.6 417.6 417.1 413.7 413.4 417 416.1 417.1 399.1 397.8 429.7 453.5 476.4
