ny/ny23_OST50GRID_20230518/NY23.asc
ncols 200
nrows 200
xllcorner 320000
yllcorner 530000
cellsize 50
[rows 0 to 34 of 200, columns 78 to 155 of 200]
146.2 149.3 152.9 156.6 161 165 169.7 174.9 179.4 184.2 189.9 194.8 199.6 204.7 209 214.6 219.4 223.7 228.7 234 240.2 247.3 258.1 269.7 282.4 294.9 303.7 311 313.8 321.4 326.3 331.3 336 339.3 341.7 343.6 343.6 344.1 344.3 344.7 347.2 347.6 350.7 351.8 353.2 356.1 357.4 358.8 359.9 361.2 362.3 363.1 363.5 364 363.1 362.7 360.6 358.2 355.7 352.7 349.6 347.1 344.7 342.4 342.2 341.8 342.2 342.7 344.5 343.7 344.4 344.6 342.4 339.5 335.5 334.6 335.5 336.9
143.3 146.8 150.9 154 157 161.6 166 171 175.7 180.1 185.8 190.8 196.1 200.4 204.2 210.2 214.3 220.3 225.9 232.1 238.2 244.7 253.8 264.3 278.7 291.1 301.9 313.6 318.6 321.1 326.9 331.6 335.5 339 341.7 342.9 342.1 341.9 342.3 344 345 346.4 349.6 352.2 354.3 356.3 358.1 359.7 361.6 363 364.1 364.7 365.8 367.2 365.2 364 364.4 361.8 357.8 354.5 351.4 348.8 346.4 344.1 341.7 340.5 340.1 340.7 341.8 342.6 343.5 343.6 342.6 338.5 334.2 331.1 330.3 332.3
142.4 144.7 148.1 151.7 155 159.4 162.8 167.2 171.9 175.7 180.5 185.2 190.1 194.6 199.3 204.4 209.9 216.8 223.6 229.8 235.3 241.2 249.5 259.3 270.8 283.6 292 304.4 315.4 319.9 321.9 330 333.7 338.3 340.5 342.1 341.5 339.3 338.5 340.7 340 344.1 345.6 348.8 351.5 353.5 356 357.7 359.6 362.9 365.4 367.4 368.4 369.6 370.2 370.1 368.9 365.5 361.7 356.6 353.4 350.7 348.1 345.2 342.3 339.8 338.7 338 337.8 338.6 340.1 340.6 339.4 338.1 334 330.9 329.4 329.8
140.6 143.5 147.1 150.5 155.2 159.5 162.8 166.4 170.1 173.7 177.8 182.3 186.6 191.5 196.4 201.2 206.2 212.6 219.2 226.6 233.3 239.3 246.7 255.4 264.2 277.5 286.9 294.2 301.6 307.9 315 323.3 330.9 335.9 340.1 341.1 340.2 338.1 333.2 334.5 336.1 340 342.2 344.8 347.4 349.4 351.9 354.1 356.9 359.2 362 363.9 365.7 368.7 370.5 371.9 371.8 370 367.3 363.3 358.6 354.4 350.8 348 344.3 339.5 337.2 336.1 335.1 333.7 334.9 335.9 336.9 337 334.8 330.9 329.2 329.9
140.8 142.7 146 149.1 153.2 157.8 161.8 165.6 169.5 174.3 178.1 181.4 185.9 189.7 194 198.7 204.1 209.6 215.3 222.2 229.5 237.4 243.9 252 264 270.5 279 287.9 294.8 300.9 308.5 315 323.6 330.7 335 337 336.3 334.3 330.7 328.1 329.4 333.8 336.1 339.4 342.1 344.2 347.4 349.1 352.7 354.5 357.9 360.4 363.2 366.2 368.9 370.7 371.3 370.6 369.2 366.1 362.8 358.7 354.6 350.3 346.2 341 337.9 334.9 332.2 331.2 331.9 333.3 334.3 334.7 334.1 330.7 329 327.8
140.7 142.7 144.6 147.6 150.8 155.1 159.3 163.1 166.9 170.8 175.4 180.2 185.2 188.3 193.2 198.1 203.6 208.6 213.6 219.4 226 233 240.6 248.4 256.3 263.6 270.8 277.3 285.6 292 296.2 301.5 308.7 315.4 319 321.7 321.7 322.3 321.3 320.9 323.5 326.9 328.2 332 335.4 337.4 340.8 344.6 347.5 351.2 353.2 357.2 360.4 363.8 366.4 368.8 370.5 370.2 369.6 368 365.7 362.5 357.2 352.5 348 342.9 339.2 335.7 333.1 330 328 330.9 331.9 332.1 331.2 328.3 326.5 325.2
140.8 143 144.5 146.6 149.8 152.4 156.5 160.5 164.4 168.2 172.2 176 180.1 185.8 191.4 195.9 200.9 206.1 212.2 217.7 223.6 229.5 237 244.2 251 258.3 264.7 272.2 278.7 282.2 287 292.4 296.5 300.6 304.3 305.4 308.6 309 311.4 310.6 313.7 316.2 319.5 322.4 325.9 329.2 333.9 339.2 343.4 346.7 349.9 352.1 354.7 358.9 362.8 366 368 368.6 370.2 369.5 368 365.4 359.9 354.6 350 346.5 342.9 339.2 335.5 329.9 327.6 324 329 330 328.3 324.7 323.1 322.4
140.4 142.5 144.4 146 149 151.6 154.1 157.7 161.2 164.4 168.3 172.7 177 180.7 185.3 189.9 195.5 202.2 208.5 215 221 226.4 233.2 240 246.9 253.7 258.3 265.2 269.9 274.2 278.1 283.5 286.6 289.5 293.3 295.2 297.3 299 301.8 302.5 303.7 304.7 307.5 310.5 314.2 319.7 324.8 329.3 335.3 339.3 341.3 343.6 345.5 351.1 355.9 359.2 364.8 368 370.3 370.4 368.8 366.5 361.9 356.2 352.8 348.9 344.7 340.6 335.6 329.8 325.9 324.6 326.4 327.7 325.7 321.8 318.7 318.4
139.9 141.8 143.7 146 148.3 150.8 152.8 155.2 158.7 161.8 164.6 169 173 176.4 180.4 186 189.6 196.1 202.2 208.4 215.7 222.9 228.3 234.2 240.9 248.1 253.5 257.4 263.4 267.7 271.2 275.3 279.1 281.9 284.6 285.4 287.5 289.7 292.6 293.1 294.3 295.3 298.4 301.3 304.1 307 310.3 314.3 319.6 325 330.8 333.7 337.5 343.4 348.2 354.8 360.1 364.7 366.7 367.9 366.9 363.8 359.6 354.6 352.2 348.5 344.3 340.1 335.3 328.8 324.1 322.1 322.7 323 322.3 320.9 318 314.1
131.9 135.3 141.6 145 147.5 148.9 150.9 153.4 156.6 159.8 163.2 166.5 169.6 173.7 176.6 181.8 184.8 190.1 195.4 200.7 208.1 214.5 220.9 227 233.2 237.8 244.8 249.6 254.2 258.2 262.9 266.8 270.5 273.4 275.9 277 279.2 281.2 283.5 284.1 284.9 287.2 290.4 293.3 296.1 299.5 302.4 305.6 308.9 313.3 317.8 322.1 327.4 333.4 340 346.6 353.3 356.2 362.1 363.9 363.9 362.9 359.9 354.3 350.7 347.4 343.7 339.3 334.4 328.4 322.7 318.7 318.3 318.6 318 316 312.7 308.9
129.1 130.2 132.6 143.6 146.2 146.9 149.3 151.8 154.3 157.1 160.3 164.2 167.8 171.4 173.2 177.2 180.6 184.8 189.6 194.1 198.8 205.1 211.4 216.4 222.6 227.7 233.9 238.8 244 247.9 252.9 258.7 260.6 264.7 267.2 268.5 271.7 273.4 275.3 277.6 278.5 280.4 283.3 286.3 289 291.8 294.8 297.7 300.7 304.4 309.6 314.1 318.6 323.5 329.8 337.4 344.6 350 356.7 360.2 363 365.1 362.4 354.8 352 348 344.4 340.1 335.6 329.3 322.3 319.1 314.9 313.8 313.8 311.7 307.6 303.5
132.9 129.9 130.5 137 142.8 145.2 147.8 149.7 152.5 155.3 157.1 160.2 164.3 168 170.2 173 175.2 178.8 183.1 187.8 192.9 197.5 202.3 207 212 217.3 222.4 228.2 233.7 238.1 242.2 246.8 250.6 254 257.1 261.5 264.1 265.4 267.1 270.5 272.3 275 277.8 280.6 283.3 286.1 289.2 292.3 295.1 298.1 303 308 312.4 316.9 321.6 326.3 332.8 340.8 349 355.3 359.7 363.8 363.5 358.2 351.7 348.2 343.6 338.3 333 327.5 322.9 318.5 314.7 308.3 309.2 306.3 302.6 299.1
140.6 137.8 129.9 134.6 140.7 142.9 144.5 146.4 148.5 151.6 153.5 158 161.5 164.8 166.1 170.3 171.7 175.5 179 182.5 186.4 192 196.2 199.7 203.5 209 213.8 218.8 224.3 228.2 233.4 237.2 241 244.6 248.8 252.3 255.6 257.6 262.4 263.7 267.5 269.9 273.2 275.3 278 281.1 283.9 287 289.9 293.5 297.7 302 306.4 310.5 315.5 321.2 326.6 332.3 340.7 351.7 355.5 361.7 364.2 360.2 349.8 344.5 340 335.2 330.1 326.1 321.8 317.8 313.4 308.6 305 299.5 296.5 292.3
143.2 139.5 130.6 132.5 139.9 143 143.3 143.9 145.2 147.7 149.5 153.4 156.1 159.4 161.3 164.3 169.5 172.8 175.9 179 182.2 185.3 188.9 193.1 197.7 202.3 207.3 210.7 215.3 220.1 225 230.2 233.8 237.2 241.2 244.7 248.1 250.9 254.8 257.2 261.8 264.5 268.2 270.1 273.4 276.2 279.3 281.7 285.4 289.3 293.3 297.7 301.5 306.2 311.6 317.1 321.8 327.3 333.8 341.6 349.5 355.2 359.8 357.5 349.9 343.1 338.4 334.7 331 326.9 323.1 318.2 314.2 309.5 305.3 301.4 296.6 294.6
144.5 141.1 130.9 131.7 135.5 141.1 141.8 142.4 143.4 143.9 145.4 145.6 146.3 148.5 151.1 158.5 165.1 169.1 172.3 175.4 178.3 180.8 184 187.3 191.9 196.5 200.6 204.3 208.6 213 218.5 222.9 226.4 229.9 233.5 237.2 240.3 244.2 247.4 251.4 255.1 257.7 260.2 264.9 268.2 271.4 274.1 278.2 281.3 284.7 288.9 293.7 298.2 302.9 307.8 310.9 317 322.3 328.5 335.3 342.5 349.3 354.8 354 349.6 343 339.7 336.6 332.5 328.7 324.5 319.8 314.1 309.7 304 300.7 298.8 295.4
145.9 141.4 137.2 131 132.9 133.9 135 135.7 137 137.9 139.8 140.9 142.1 143.3 144.5 149.8 158.4 162 167.8 170.7 173.3 175.9 179.2 182.3 186.1 190.7 194.5 197.9 201.7 206.7 211.4 214.4 217.7 222.2 225.6 229.5 234.5 236.6 241.9 244.8 248.4 251 253.5 257.6 261 265.1 267.9 272.2 275.9 280.1 283.8 288.7 294 299 303.6 307.6 311.6 317 323.2 329.8 338.1 343.9 348.2 350 347.7 343.9 338.9 335.8 330.9 326.5 322.2 318 312.8 307.7 304.4 300.9 298.6 297.7
147.8 144.9 141.9 132.7 133.1 136.8 139.4 140.9 142 142 144.4 144.8 145.8 146.4 146.1 146 150.8 153 157.8 163.4 168.1 171.1 174.4 177.2 180.4 184.7 187.8 191.5 195.3 199.6 203.7 207.1 210.5 214 216.9 221.7 225.1 228.9 233.4 237.5 241.7 244.3 246.9 249.1 253.2 258 262 265 270 275 279.2 283.7 289 294.4 298.8 303 307 311.8 317.9 323.4 331.7 339 344.3 345.9 345.5 342.8 338.4 332.6 326.6 322.7 318.8 314.1 313 308.9 305.1 301.3 299.5 298.9
149.9 146.3 143.2 138 131.7 136.9 141.5 143.6 144.1 143.7 144.6 145.8 146.3 147 147.5 148.4 148.2 147.3 148.3 152.5 157.9 166 168.7 172 175 178.5 181.4 185.2 188.9 192.7 196.1 199.4 203.3 205.9 210.2 213.7 216.6 219.9 224.3 228.3 231.6 235.7 239.4 242.7 246.2 249.5 254.5 258.4 263.4 268.6 274.3 278.8 284.5 289.7 294.3 299 303.2 307.6 313.1 318.7 324 329.5 337.5 341.4 342.7 341.1 336.4 330.2 325.2 322.5 319.8 318.3 315.6 314 310 303.2 300.9 300.6
152 146.3 144.9 132.7 134.1 141.5 140.8 144.7 145.9 146.5 146.4 146.2 147.6 147.9 148.6 151.1 151.3 151.1 150.9 148.8 150.9 160 163.5 166.3 170.7 173.3 176.9 179.6 183.4 186.5 189.5 193.3 196 199.2 202.2 206 208.2 212.3 216.5 219.8 223.5 227.3 231.1 236.2 239.8 243.3 247.8 252 256.7 262.4 268.3 273.5 279.2 284.5 290.4 294.9 298.6 303.2 308.9 314.2 319.6 323.4 327.4 332.5 332.2 332.2 331.3 329.3 326 324.3 322.8 321.4 320 318.1 314.2 308.7 305.4 303.9
151.8 149.3 140.6 132.5 139.3 144.5 143.4 144.3 147 147.4 148.4 148.6 150.1 150.9 152.6 153.4 153.6 153.6 154.4 153.6 151 152.2 154.5 161.9 163.8 169.1 173.1 175.5 178 180.5 184.4 188 189.3 193.1 196.5 198.7 201.6 205.8 209.2 213.3 217.5 220.8 224.8 229.1 233 237.2 241.4 246.5 250.4 256.4 262.4 268.1 273.6 278.7 284.5 289.8 295.4 300.2 305.2 309.8 315.5 319.3 324.4 327.7 329.9 330.7 329.8 329 328.6 327.7 327 326.1 324.6 323.5 319.8 313.8 310.1 307.3
152.5 149.1 134.5 134.9 144.7 146.3 145.1 143.5 145.3 147.7 148.7 149.7 150.2 150.8 152.3 155.2 156.1 155.1 156 156.8 156.7 153.2 153 153.6 157 166.9 170.3 172.4 171.9 171.5 174.2 177.2 182.5 187.6 190.4 194 197.4 200.5 203.7 207.6 211.5 215.6 218.7 222.7 226.8 231.7 236.1 241.2 246.6 251.8 257.8 264.6 269.5 274.3 279.2 284.2 290.7 296.4 301.9 308 313.1 318.6 323.7 328.5 332 332.7 332.9 331.7 331.2 329.9 329.8 329 327.9 325.5 321.5 317.1 312.3 309.4
152.6 144.3 134.9 140 147 147.4 146.4 146.7 145.9 147.2 147.1 148.2 149.3 151 153.2 155.7 157.9 158 158.3 160.6 161.5 158.2 157.6 157.8 154.7 156.6 164.6 166.3 161.6 160.9 162.7 163.9 169.9 180.5 184.3 189.5 193.4 196.9 199.4 203 206.6 210.5 214.3 217.5 221.3 226.3 230.8 236 241.5 247.1 253.1 259.5 265.3 270.1 274.9 279.7 285.3 291.5 298.3 304.6 311 316.7 321.9 327.7 332.7 336.3 336.7 334.2 332.5 331.2 331.2 330.4 329.3 326.8 322.9 317.7 313.8 311
153.7 145 135.3 139 148.4 148 148.3 148.4 148 148.6 148.5 148.8 149.8 151.7 154.1 156.1 157.8 159.2 161.1 161.8 162.9 161.4 161.4 161.6 161.3 156.6 157.4 156.6 159.3 164.2 170.8 173.4 163.8 171 181.6 186.2 191.7 193.5 196.3 198.8 203.1 206.9 210.7 213.7 217.7 221.6 225.9 231.2 236.4 242.5 248.7 254 259.8 266.5 271.4 275.9 281.1 286.4 292.4 298.9 305.9 312.7 317.7 324.1 330.4 334.3 336.3 334.8 333.2 332.3 332.4 332.6 331.4 328.8 323.4 317.4 313 311.8
153.1 144.2 136.2 139.1 149.3 149.8 150.3 149.9 149.3 150.5 150.7 151 151.3 152.2 154.1 155.9 158.6 161.2 163.5 164 164.2 163.9 165.4 165.8 164.9 164.5 160.6 161 168.3 173.6 176 178.8 173.2 168.8 181.4 184.8 187.1 190 193.3 196.7 200.3 204.4 207 210.1 213.3 217.6 222.2 228.2 233.1 237.6 244.3 249.5 256.8 262.7 267.7 274.4 279.5 284.6 289.2 294.6 300.9 307.6 313.5 320.9 327.8 332.8 334.9 334.2 332.8 332.3 332.5 332.6 330.6 328.3 324.3 319.9 314.9 311.5
155.2 140.8 136.2 146.6 150.6 151.2 151.9 151.7 151.2 152.4 152.7 152.9 153.1 154 155.2 156.6 159.9 163.1 165.6 165.9 165.9 167 168.4 169.2 168.3 170.2 169.4 170.8 165.7 174.2 176.7 179.2 181 169.8 174.4 178 184.4 189.8 190.3 195 198.6 201.1 203.4 205.3 207.5 213.9 218.8 223.9 229.4 235.3 242 248.9 256.1 260.8 265.9 271.2 276.6 283.4 287.8 292.5 299.4 305.5 311.1 317.5 325.2 330.3 331.4 330.2 331.1 330.3 328.9 328.1 327.2 326.3 324.3 322.2 317.5 312.2
150.5 137 136.2 149.1 152.2 152.9 153.5 153.6 153.3 154.1 154.4 154.6 155.7 156.5 157.8 158.9 160.5 164.6 167.4 167.8 168 168.7 169.8 171 172.4 174 174.9 175.7 175.4 174.3 179.1 181.8 182.9 180.4 169.2 171.4 175.1 177.7 183.4 190.4 196.8 194.6 189.3 188.6 191.9 204 209.1 219.2 225.9 232.3 240 245.3 251.9 259.8 264.8 270.6 275.4 282.1 288.2 292.9 299.3 303.7 309 314.4 320.8 324.4 325.3 327.3 327.2 326.9 326.3 328.9 329.9 329.9 326.6 323.7 319.3 311.6
143.2 138 138.8 151.1 153.9 154.5 155.1 155.5 155.3 155.7 156.3 157.5 158.7 159 160.3 161.6 163.8 166 169.1 169.6 170 171.6 173 174 175.6 176.2 177.9 178.2 178.7 175.8 176.2 178.8 181.9 185.9 184.3 181.5 178 175.2 175.9 179.6 185.5 182.2 192.7 199.4 202 196.6 198.2 215.1 223.8 228.8 233 241.7 248.4 255.8 261.8 268.3 273.9 279.4 287.1 293.5 298.1 302 307.7 312.2 316.2 320.4 322.4 323.4 324.3 325.9 327.4 329.3 328 325.2 324.9 323.4 317.3 310.1
138.9 137.1 145.5 154.4 155.2 156.1 156.7 157.3 157.4 157.8 159.1 160.5 161.5 162 163.2 164.5 167 169.5 171.5 171.9 173.1 174.9 176.8 177.5 178.7 180.5 181.2 181.5 181.8 182.5 183.3 183.8 186.6 186.7 192.2 195.3 194.1 192.9 187 180.7 183.4 195.8 202.5 207.7 210.8 213.5 208.3 201.3 203.5 205.7 213.2 236.2 244.9 251.6 258.3 263.8 271 278.7 286.9 292.4 297.9 302.2 305.7 309.3 312.2 315.3 316.6 317.8 320.5 322.9 324.6 324.6 323 319.8 318.1 314.1 308.8 304
138.1 140.2 151.1 154.9 156.1 157.3 158.1 158.8 159.5 160.1 161.4 162.8 164.7 165.4 166 167.3 170 173 173.8 175 176.6 178.4 180.6 182.4 184 184.7 185.1 186.5 186.6 187.1 187.3 187.9 189.3 191.9 191.1 196.5 200.4 200.8 199.7 196.5 195.7 206.4 209.9 211.6 214.5 217.4 220 222.8 224 227.9 228.3 229.8 239.5 247.6 254.5 261.1 267 273.6 280.1 288.2 294.2 299.4 303.9 307.1 308.9 311.1 313.7 315.4 317.3 318.8 320.9 320.2 318.2 315.2 311.9 308.2 303.6 298.9
138.7 142.5 153.1 154.9 156.1 157.5 158.8 160.7 161.7 162.4 163.7 165.5 167.5 168.9 169.1 170.1 173.1 176.2 177.2 178.6 180.2 182.8 185.2 186.8 189 189.7 188.9 190.3 191.3 191.8 191.2 192 193.1 194.9 195.6 195.8 199 202.7 204.9 203.3 203.1 207.9 211.2 215 218.2 221.3 224.9 228.7 232.6 236.7 238.9 229.6 230.1 239.6 254.3 261.5 266.9 271 276.4 282.2 288 293.9 298.4 303.2 308 309.6 310.7 311.5 313.6 314.1 314.7 315 314.7 312.3 307.4 303.2 299.1 294.4
139.4 142.3 151.8 154.4 155.8 156.4 158.1 160.6 163.1 164.7 166.3 168.3 170.3 172.3 173.4 173.6 175.4 178.5 180.4 181.9 183.5 186.6 188.8 190.7 192.3 193 193.9 194.8 195.6 196.3 197.1 197.6 198 198.5 198.5 200.1 202.1 203.8 206.9 208 209.9 210.9 213.4 217.1 220.9 224.8 228.7 232.6 236.4 240.6 244.2 246 242.4 237 251.7 261.7 266.7 272.7 279 283.4 288.4 292.5 297.5 300.8 303.6 306.2 307.6 308.5 310.1 310.5 309.4 310.5 310.7 309.4 304.3 298.4 293.7 290.3
138.6 142.7 149.7 152 153.8 155.6 157.5 159.7 161.9 164.9 168.4 170.4 172.4 175.1 176.6 177.3 179.2 181.1 183.9 185.9 187.6 190.2 192.4 194.3 196.3 197.7 198.7 199.6 200.4 201.1 201.5 202 202.8 203.2 202.9 202.4 204 206.4 209 211.4 213.2 215.2 216.7 219.6 224.1 228 231.5 235.8 239.4 243.1 246.3 250.1 246.9 239.8 245.7 260.4 268.3 271.5 275.8 280.9 287 293 296.4 299.1 301.1 302.9 304.2 304.2 303.7 304.2 303 303.4 301.8 300.8 297.8 293 290.5 287.3
140.8 149.6 152.8 154.4 155.4 155.6 156.2 158.2 161.1 164.5 167.9 171.5 174 176.2 178.5 180.5 182.4 184.2 189.7 191.6 192.7 193.7 196 197.9 199.7 201.5 202.9 203.8 204.4 205.7 206.7 207.2 207.2 207.4 207.8 208.7 208.5 211.4 213.3 213.9 216.1 217.6 220.4 223.8 225.5 230.7 233.9 237.6 241.2 246.2 249.8 250.2 250.1 242.7 237.9 251.8 262.6 273.7 277.1 278.9 284.7 288.5 291 292.5 295.1 296.5 296.9 296.6 294.2 292.6 292.1 292.4 292.7 292.3 289.8 287.8 285.9 283.7
138.4 152.3 153.7 154.8 155.3 155.7 156.3 157.9 160.7 164.1 167.5 171 174.8 178.8 179.3 182.1 184.5 186.5 189.9 194.2 195.2 196.5 199 201.1 203 205 207.2 208.6 208.8 210 211.3 212.7 213.5 214.1 214.5 213.8 212.7 215.6 217.8 219 221.1 222.3 224.3 227.1 230.5 232 237.5 241.3 244.5 248.8 252 253.6 255.5 253.7 240.1 240.1 249.3 260.6 271.2 277.7 282.6 286.6 290.1 293.3 294.9 294.7 292.7 289.4 287.9 286.4 285.1 284.3 286.7 286.3 286.5 284.5 280.7 279.4
140.4 152.2 152.9 153.9 155.1 156.6 157.8 159.5 161.6 163.8 167.1 170.6 176.7 180.5 180.6 183.3 186.3 188.4 190.2 196 196 197.7 201 202.6 205.7 208.6 211.2 212.9 214.3 215.5 217.8 218.5 219.3 219.9 220.5 220.6 219.3 220.3 222.7 224.3 225.8 228 230.1 231.6 234.3 237.4 239.7 244.1 248.1 253.7 257.4 260.7 262.3 264 260.6 253.3 246.4 246.7 255.4 270 280.9 283.9 286.2 288.9 288.4 287.5 284.3 281.4 280 278.6 277.9 277.6 278.6 281 280.2 278.3 275.5 273.4
