ny/ny23_OST50GRID_20230518/NY23.asc
ncols 200
nrows 200
xllcorner 320000
yllcorner 530000
cellsize 50
[rows 70 to 104 of 200, columns 0 to 77 of 200]
185.2 187.3 188.6 190.9 190.9 193.3 196.3 199.4 202.5 206.4 211 222.1 234.3 248.2 255.9 259.5 261.2 261.1 264.4 269.6 275.9 282.5 286.4 289.6 295.7 302.6 304.6 303.7 302.4 302 302 304.2 304 303.9 303.6 301.8 299.4 295.8 291.9 292.4 294.8 296 295.9 295.6 294.8 293.4 292.1 291.1 290.2 290.1 291 292.9 293.4 298.2 302.4 305.7 306.1 306.1 305.3 303.1 299.1 296.6 290.5 286.8 281.6 276.7 270.5 262.7 253.3 243.9 235.6 229.9 224.3 219.9 217.8 215.7 212.1 208.5
179.9 181.8 183.5 186.6 188.2 191.1 192.7 195.5 198 201.7 203.9 208.9 219.9 235.8 250.5 254.4 252.4 255.3 261.9 270.4 277.8 285.3 288.8 291.3 294.4 302.3 304.9 303.8 302.9 302.6 303.5 304.7 304.6 303.8 303.5 302.5 301.3 297.3 295.5 296.7 297.8 299.4 299.3 299.3 299.4 298.4 297.1 295.8 296.1 296.1 296.1 296.8 298.7 298.8 303.4 307 308.3 308.4 309 306 303.4 298.8 295.4 291.9 286.6 281.7 275.3 268.3 257.9 248.3 239.4 232.7 226 221.3 218.7 215.3 211.7 207.7
180.9 182.8 184.7 186.6 187.6 189.1 189.7 191.7 193.9 196.8 198.3 199.6 205.3 217.1 230.1 236.9 239.4 246.9 255.4 267.2 279.3 289 291.6 291.5 294.2 298 303.9 304 304.3 305.1 305.3 306 306.6 305.8 306 305.6 303.6 299.8 300.7 301.8 302.6 303.2 303.2 303.3 303.4 303.4 302 300.9 301.4 301.9 301.1 300.7 302.3 303.4 304.3 308.3 310.6 311.2 311.9 310.4 306.1 303.3 300.3 297.7 292.8 287.2 281.1 273.7 263.9 253.6 243.4 234.7 227.7 222.7 220.1 215.2 212.2 206.9
181.4 182.8 181.9 184.5 185 185.7 187.5 188.8 190.4 191.4 193 194.4 197.4 203.3 210.8 218.5 232.4 242.4 255 265.9 276.7 287.1 288.5 289.1 291.7 296.2 303.8 305.8 307.2 307.2 307.5 308.2 308.7 309.2 309.5 307.7 305.5 304.7 307 308.2 308.3 309 308.6 308 307.5 307.4 307.4 308.4 308.2 307.9 306.8 308.2 308.7 309.2 309.1 311.6 313.4 315.1 315.1 314.7 309.6 309.6 306 303.4 299.4 294.3 288.8 281.1 270.7 260.2 248.5 238.8 229.2 223.8 219.6 216.2 210.9 205
179 180.5 178.8 182.7 183.8 183 185 185.2 185.2 186.5 188 188.8 191.9 196.5 204.6 214.1 223.9 236.9 249.1 262.7 270.6 276.9 281.5 285.5 290.5 295.6 303.9 309.7 311.6 311.1 311.3 310.9 311.3 312.9 313.7 311.6 309.4 310.8 312.6 312.8 313.4 314.9 314.6 314.4 314.2 314.7 315.5 315.5 314.5 314.2 313.7 314.1 314 314.4 314.3 316.6 315.6 316.6 317.8 317.9 315.9 314.8 311.5 309.9 307.9 302.7 295.9 288.3 277.7 265.9 253.1 241.5 231.7 224.7 220.1 216.4 211.2 205.3
176.5 175.2 178.4 181.1 181.9 180.5 181.8 181.2 179.4 183.7 183.5 185.4 188.1 193.2 198.7 205.2 215 224.7 239.6 253.7 263.7 271.8 278.7 283.2 288.6 294.9 302.7 317.4 316.1 316.3 319 315.9 315.5 317.3 317.1 313.6 314.4 316.2 318 318.8 320 321.1 321.3 321.7 320.9 320.7 322.4 322 322 321.1 321.1 320.3 319.7 319.7 320 320.3 319.5 318.6 319.7 319.6 320.3 319.3 318 316.7 315.1 310.8 303.9 295.4 284.4 272.6 259.4 245.5 234.4 226.8 221.8 217.4 212.5 209.8
172.8 174.7 176.6 178.2 178 176.2 177.3 176.6 179.4 181.3 182 182.7 185.2 189.3 194 199.4 206.9 215.6 224 238.5 253.2 264.9 274.3 280.8 281.9 287.9 296.7 312.3 313.9 318.4 326.5 321.4 320.5 321.8 319.5 316.7 318.8 321.6 323.2 323.1 324.2 325.7 328.1 329.3 329.2 329 329.2 329.3 330.2 329.7 329 328.3 327.4 325.7 326 324.9 323.1 322.5 322.8 322.6 325 324.2 324.3 324.2 322.6 318.2 312.4 303.3 291.9 279.2 265.4 249.8 237.9 229.5 224.2 219.9 216.9 214.5
170.7 172.3 173 174.7 174.8 173.2 173.3 173.7 176.3 178.5 180.4 181.1 184.8 187.6 191.2 196.2 201.6 207.4 215.1 225 234.8 245.1 253.3 261.3 269.9 276.4 285.4 296.3 306.2 314.6 322.3 322.4 322.5 319.7 317.9 316.4 318.1 322.1 323.1 325.3 328 330.5 332.8 336.7 340 340.9 339.1 338.3 337.7 336.9 336.2 336 333.9 332.3 331.2 328.7 326.9 325.6 325.8 326.6 330 330 330.4 330.3 329.2 324.9 320.5 310.7 298.6 285.6 270.1 253.4 242.6 234.8 229.1 224.8 221.8 219.2
167.5 169.9 170.3 170.8 172 171 170.7 172.6 174.6 176 179.1 182.1 185 187.8 191.3 194.7 198.3 203.8 209.4 215 222.8 229.8 239.5 248.4 257.3 264.6 273.2 282.9 295.3 307.6 315.2 318.8 316.8 315 313.2 313.3 315.3 319.3 322.3 325.6 329.3 333.8 337.1 340.8 345.3 347.1 347.5 347.1 346.4 346.2 345.1 343.7 340.6 337.9 335.9 332.6 331.1 331.8 331.4 331.3 334.1 336.1 337 337.4 336.3 332.1 328.1 318.6 305.4 291.8 275.4 259.2 247.4 240.1 234.8 229.6 227 224.1
165.7 167.4 168.2 169.2 169.4 169.1 169.7 171.3 173.3 175.6 178.6 181.9 184.5 187 190.1 193.6 196.9 200.8 204.6 208.8 213.8 220.9 228.8 235.8 244.9 252.7 260.2 268.8 278.8 290 300.2 304.7 306 306.8 306.4 310 313.9 319.9 324 328 333.8 339.5 344.1 348.3 352.9 354.3 353.5 353.4 355.6 356.7 354.4 352.3 347.5 346 343 339.4 339.1 339.4 338.7 337.9 340.5 342.2 344.2 345.8 344.7 341.6 334.5 325.9 313 297.8 280.4 264.4 253.7 246.1 240.7 235.3 232 228.4
163.8 164.9 165.3 166.6 167.5 167.6 168.7 171 173.2 175.5 178.3 181.2 183.6 186.2 189 192.1 195.4 199.4 203.4 206.2 207.4 211.3 216.4 225.9 233 240 247.9 255.6 264.7 273.4 283.2 290 290.6 294 300.9 307.7 314.5 321.5 326.9 333.3 339.8 344.7 349.8 356.5 360.2 362.4 360.6 360.6 364.8 366.1 364.6 362.2 359.3 355.9 353.2 349.2 346.7 346.9 346.3 344.1 346 346.7 347.7 348.7 348.5 346 338.9 328.8 317.1 301.5 282.8 269.1 260.4 252.9 246.9 241.2 235.5 231.2
161.9 162.5 162.8 163.1 165.3 167.1 168.9 170.9 173.3 175.7 178.1 180.9 183.1 185.4 187.9 190.7 194 198 201.7 204.7 205.1 206.5 207.6 211.8 220.1 228 237 244.8 251.7 258.7 265.4 271.4 278 288.6 299.7 306.1 314 323 328.9 335.5 344.4 353.5 361.4 364.1 367.5 370.2 368.7 370.5 372.9 375.4 377.2 373.5 368.7 365.3 360.9 358.1 355.7 354.1 353.2 350.8 351.7 351.1 352.5 354.1 354.1 351.7 344.1 333.6 320 301.4 286.5 277.1 267.1 259.1 252.1 244.4 238.4 233.2
160 158.8 161.4 163.9 166 168 169.8 171.9 173.8 175.8 178.2 180.7 182.8 185 187.2 189.4 192.7 195.5 199.2 202.1 203 202 204.3 207.4 212 217.6 225.7 233.3 240.8 247.9 254.9 262.5 273.6 285.6 296.4 305 315.4 326.4 335.2 340.2 347.4 355.3 364.5 372.2 377.3 379.3 381.9 382.7 383.3 384.8 386.1 383.8 377.9 374.8 369.1 365.5 363.1 360.8 359.6 355.7 356.7 357.8 358.6 359.3 358.1 355.6 347.4 335.7 321.7 308.7 295.8 284.6 274.2 264.7 255.5 247.7 240.4 233.5
156.7 158.5 161.2 163.8 166.1 168.4 170.8 172.9 174.9 176.8 178.5 180.2 182.3 184.6 186.3 188.1 190.1 192.2 195.6 199.2 201.6 199.3 202.4 204.8 207.7 211.7 217.5 224.9 231.2 241.3 248.4 257 267.7 280.3 294.2 305.6 316.3 328.8 343.1 351.3 355.9 361.3 370.3 377.6 382.3 385.2 389.4 393.6 397.3 396.4 394.8 391.1 386.5 383.7 379 373.5 370.7 368.9 365.4 363 363.7 364.7 365.5 363.4 362.8 360 349 337.2 328.1 314.4 303 291.2 279.3 269.1 258.7 248.7 241.2 234.1
154.3 158.3 160.5 162.3 165.1 167.4 170.1 172.6 174.4 175.8 177.3 179.7 181.4 183.6 185.4 186.5 185.7 188.1 192.7 197 199.5 197 196.1 200.2 204.7 208.7 213.9 220.1 226.6 233.5 242.4 251.9 261.2 274 288.5 303 319.7 335.4 346.9 356.1 365.8 371.8 377.2 386.6 388.9 390.8 396.3 405.8 407.2 406.3 404.3 400.4 396.4 392.3 387.6 382.6 378.6 375.7 371.9 369.8 369.5 369.5 369.6 366.1 362.9 357.5 348.9 341 332.5 320.9 308.4 295.5 282.6 272.3 261.3 251.6 242.6 236.7
152.4 158.3 159.3 162.5 164.5 165.8 167.8 170.9 172.9 173.8 176.3 178.4 179.3 182.3 184 182.3 181 184.4 187.4 189.3 191.2 196.7 200.4 202.3 201.9 206.7 212.2 217 221.8 227.3 235.9 245.8 257.5 270 283.3 303.1 321.9 338 358.6 371.8 380 378 385.3 395.2 400.7 400 405.2 410.7 416 416.3 413.1 408.7 404.7 400.2 395.7 391.3 386.3 382 377.7 375.8 374.8 374.4 372.8 368.1 363.1 357.4 351.2 344.9 336.4 325.1 312.4 299.3 286.4 274.3 263.1 253.1 244.5 238.8
153.1 157.9 159.3 161.3 162.7 161 164.1 165.4 168.9 170.7 174.5 176.2 177 179.9 181.9 176.9 185.7 188 189.7 193.1 196 198.7 202.8 205.5 207.6 209.3 209.5 213.7 218.6 225.3 232.7 242.2 253.5 265.6 280.1 299.9 323.4 341.8 362.4 384.4 397.4 400.5 398.2 399.9 406.2 414.6 420.6 423.5 422.2 423.3 421.3 417.8 412.3 406.9 401.4 397.4 391.4 387.5 384 382 379.3 377.8 374.8 368.6 361.1 356.7 351.2 344.9 338.1 327 314.8 301.7 287.8 276.5 265.6 255.7 246.9 241.3
152.5 156.2 157.1 156.4 155 157.7 156 158.9 161.9 167.2 171.6 172.7 175.2 176.4 178.4 175.7 183 186.4 188.8 192.2 196.2 199 202.4 205 208.2 211 213.6 215.1 218.5 223.7 230.5 238.5 248.5 262.3 276.8 293.3 317.3 339.3 360.4 377.4 398.4 405.7 404.8 405.6 410.3 421.6 429.5 434.1 434.7 432.6 429.6 423.3 419.4 414.3 408.3 402.5 396.9 390.6 387.7 384.5 380.7 377.3 372.9 367.4 359.8 354.7 349.6 343.6 337.5 326.6 314.6 302.9 288.1 276.6 265.1 256.3 247.8 243.1
147.9 149.6 149.1 151.6 154.4 161.3 163.5 164.9 165.9 161.9 165.5 170.1 172.3 173.1 171 176.1 180.2 183.8 186.9 190.2 194.2 198 201.4 204.2 207.1 210.4 214.1 218.4 220.6 224.6 228.5 235.4 244.8 257.1 271.9 288 310.9 337.3 357.1 376.3 387.8 395.3 401.1 408.1 414.1 422.7 429.3 438 440.9 441.8 442 432.5 425.9 421.5 415.4 406.7 399.9 391.9 389.5 385.3 380.9 377.3 371.7 365.6 358.5 353 347.4 340.5 333 324.3 313.8 301.2 288.1 276.7 265.1 256.5 249 244.5
151.9 154.6 156.5 158.7 158.3 161 163.3 164.6 165.7 166.7 167.3 165.7 168.1 170.4 172.3 175.1 179.3 182.3 185.1 188.7 192.4 196.2 200.4 204.1 207.2 209.5 212.4 216.9 219.5 223.9 228.4 233.4 241.7 252.1 265.9 280.7 302.2 326.9 348.1 365.3 379.3 391.5 401.1 410.9 416.3 423.9 431.3 435.8 436.8 441.8 446.1 439.4 433.8 428.3 420.1 410.3 402.6 394.5 389.5 384.4 380.1 373.5 369.8 364.9 357.2 349.4 344 337.2 329.4 321.4 311.6 300.3 287.9 275.7 265.9 257.9 249.3 244.8
152.9 154.5 156.1 158.3 159.8 159.5 161.8 163 164.1 165.8 167.1 168.3 168.7 169.7 171.2 173 178.4 181.3 183.9 187.3 190.9 195.9 199.6 203.2 207 209.4 213 216.4 219.1 223.1 228.3 233.3 239.7 248.6 259.7 273.6 290.4 313.3 335.7 355 372.7 390.1 400.8 410.6 417.3 424 430.2 435.1 437.2 437.6 437.7 435.1 431.6 427.6 421.1 411.8 402.7 395 389.2 382.5 377.3 372 365.8 359.1 351.6 345.3 339.2 333.1 324.3 316.9 306.7 297 286 274.4 265.8 259 249.4 246.1
152.6 154.3 155.9 158 159.7 159.9 159.7 160.7 162.3 163.7 166.3 167.3 169 170.6 172 173.9 177.7 180.8 183.2 186.1 190.6 195.1 198.6 202.4 206.3 209.2 211.7 214.2 218.3 222.2 227 232.8 238.3 245.9 256 268.8 281.5 300.8 322.2 342.9 363.6 383.3 393.3 404 419.8 426.8 431.2 436 437.9 438.2 438.4 434.4 428.7 427.1 416.9 410.2 402.3 395 388.8 380.9 374.2 368.7 360.8 352.9 343.8 340.4 334.8 327.9 317.7 308.6 300.7 291 283.2 273.7 265.2 257.5 251.3 246.8
152.1 154 155.7 157.6 159 160 159.1 159.6 161.2 162.7 165.3 167.1 169.2 171.2 173.6 176.1 178.5 180.6 182.7 185.2 188.7 192.9 197.4 201.1 204.7 206.8 209.4 212 214.8 219.6 224.4 231.3 236.8 244.5 254.4 262.9 274.7 291 309.2 328.2 346.8 365.2 377.7 397.7 413.7 428.2 434.3 438.1 437.5 435.6 435 433 430.3 423.4 414.9 406.6 399 393.2 384.6 377.5 371 362.2 352.3 343.4 337.2 333.3 329.2 321.8 312.4 302.4 293.8 286.1 279.1 271 263.1 256.3 252 250.2
151.5 153.4 155.3 157.3 159.2 161.2 160.5 160.8 160.4 161.7 164.9 167 169.1 170.4 172.6 175 177.4 179.1 181.2 183.5 187.6 191.8 195.1 199.4 202.9 205.2 206.9 209.4 211.6 216 221.4 229 235.9 243.7 252.3 260 270.9 283.5 300.5 320.4 335.6 350.3 365.7 383.7 400.2 414.3 424.2 429 431.7 434 432.5 428.5 425.6 418 408.9 401.3 394.7 388.9 381 375.6 368.7 357.3 346 337.1 331.7 327.6 322.6 315.2 306 297.6 290 281.7 273.7 268.7 262 256.9 254.1 254.1
150.4 152.2 154.1 155.9 157.7 159.6 161.3 161.2 161 163.1 165.1 166.8 168.4 169.6 171.7 174 176.3 177.8 179.6 181.9 186.2 189.9 193.1 196.3 200.3 203.4 204.9 207 209.2 212.1 216.3 223.4 232.4 240.6 250.3 257.6 267.4 277.8 292.5 308.5 324.7 339 354.7 369 381.9 396.6 406.1 413.7 421.9 427 425.3 422.9 419 411.3 402.4 394.9 388.6 383.5 378 371.5 362.4 352 342.1 331.9 327.3 321.1 314.8 306.9 298.4 292 285.4 277.6 271.9 265.5 260.6 257.8 258 259.1
149.1 151 152.9 154.7 156.3 158 159.8 161.4 162.5 163.5 165.1 166.6 167.4 168.7 170.8 172.9 175 176.5 178.1 180.2 184.5 188.2 191.7 195 197.9 200.4 202.7 205.6 207.7 209.6 213.9 220 228.6 236.1 245.3 253.1 265.3 275.8 286.9 298.6 314.6 330.5 345.3 357.4 371.2 379.2 385.6 394.3 404.7 412.7 415 413.4 408.9 401.2 392.9 384.4 380.8 378.6 374 366.5 357.3 345.1 334.4 326.7 322.1 315.8 307.7 299.2 291.3 284.3 279 274.6 268.9 263.3 261.5 261.6 263 262.3
147.9 149.8 151.6 153.4 155 156.5 156.8 159.2 159.6 161.7 163.1 165.4 166.3 167.9 170 171.9 173.5 175 176.6 179.1 182.3 186.6 190.4 193.7 196.6 198.7 201 203.2 204.9 207.4 211.3 217 222.8 232.3 238.7 248 258.8 270.5 279.9 289.7 301.9 317.2 330.8 348 357.4 359.7 369 378.2 386.8 393.2 396 396.3 391.9 384.7 378.5 373 369.7 367.3 364.5 359.5 349.3 337.5 328.7 323 317 310.6 302.5 293.6 285.3 279 274.5 270.9 266.8 262.6 263.1 265.1 265.5 264.3
146.2 148.5 150.3 152.1 153.6 155.2 157.1 159 160.4 160.5 162.7 163.8 165 166.5 168.2 170.3 172.5 173.4 175.1 177.5 180.3 184.2 188.5 192.3 194.2 196.2 198.9 200.3 203 205.4 208.4 213.7 218.9 227.2 234.4 241.9 251.3 263 273.2 283.8 293 304.1 315 325.2 334.9 343.1 354.8 362.7 370.9 375.7 378.4 374.8 368.4 362.5 362.5 360.3 359.1 356.2 350.7 346 337.1 327.9 321.5 315.8 310 304.3 296.2 287.6 280.9 274.9 270.7 267.6 265.6 264.8 265.6 266.3 266.5 265.6
143.9 146.4 148.2 150.8 152.7 154.4 156.1 157.9 159.1 160.2 161.4 162.6 163.7 165.4 167 168.5 170.7 171.7 173.7 175.8 179.4 182.9 187 189.2 187.1 193.7 197.2 198.5 200.4 202.6 207.7 211 215.1 220.9 228.1 236.9 244.7 252.7 264 274.9 284.8 292.9 303.4 314.7 324.7 333.9 340 346.9 350.4 355.7 358.4 355 347.1 343.3 341.1 341.1 342.9 342.1 337 331.2 322.7 315.1 310.6 305.5 299.8 294.1 287.5 280 274.2 269.5 266.2 264.6 264.1 265.6 267.3 268.2 268.9 268.6
143.5 144.6 147.6 150.2 151.5 153.2 155 156.7 157.8 159.1 160.2 161.3 162.5 164.2 165.6 167.2 168.7 170.6 172.1 174.3 175.6 179 182.5 184.6 188.8 191.8 194.5 196.6 196.7 202.1 205.9 209.4 212.8 217.5 224.4 231.7 239.2 247.9 256.6 266.5 275.7 283.2 291.5 298.2 308.9 319.1 326.8 330.6 334.4 335.6 335.5 332.5 326.8 321.9 320.9 323.4 324.3 322.6 320.2 316.6 308.3 302.5 298.7 294.7 289.5 285.3 278 272.5 266.6 263.6 260 261.5 262.2 264 266.2 267.1 267.3 264.7
143.7 144.5 147 148.9 150.6 152 153.8 155.3 156.5 157.9 159 160.1 161.3 162.9 164.5 166.1 167.6 169.5 170.7 172.4 173 175.2 175.9 180.2 183.9 186.5 190.2 191.7 194.1 200.3 204.4 207.7 211.6 216.1 221.5 228.7 236.5 244.6 251 258.1 266.4 273.6 279.1 285.9 295.3 305 310.3 314.7 317.1 318.6 315.4 313 308 303.2 303.4 304.9 307.2 304.4 303 300.6 294 290 286.2 283.5 279.6 275.9 270.1 264.1 260.5 258.3 253.8 255.3 259.3 262.9 265.7 265.6 263.8 256.4
148.1 144 146.2 147.3 149.1 150.9 151.4 153.4 155.2 156.6 157.7 158.7 160.3 161.8 163.4 164.9 166.4 168.3 169.5 170.5 171.1 172.5 175.5 178.1 180.1 182.8 186.7 189.3 193.6 197.6 202.8 206.5 210.7 215.2 220.1 226.3 233.8 241.1 246.5 252.7 257.7 263.3 268.6 274.4 280.5 288.7 294.1 297.8 300.7 300.1 298.8 295.3 291.3 287.4 286.4 287.1 288.6 287.9 285.3 283.4 280.3 278.4 275.9 273.7 269.6 264.6 260.3 255.2 252.2 250.6 249.3 251.8 255.2 259 261 260.4 253.7 246.3
152 151 149.8 148.2 148.2 149.5 149.3 149.8 152.3 154.9 156.3 157.8 159.4 160.1 162.2 163.9 165.2 167.3 168 167.6 167.5 171.9 173 176.2 179.4 181.7 184.1 187.6 191.1 196.3 202 206.4 210.3 214.6 219.1 224.5 231 237.6 242.8 246.6 250.5 253.7 256.5 262.9 266.5 273 277.7 281.5 284.9 284.8 282 281.5 278.4 275.1 274.3 274.1 276.3 274.7 270.9 270.9 270 269.3 266.7 265 260.4 256.8 253 248.8 245.6 244.2 243.8 245.3 247.8 248.7 251.4 247.3 243.5 238.5
156.3 154.9 151.6 149.7 147.7 148.4 148.1 148.9 149.9 151.5 152.1 153.3 157.7 158 160.2 161 162.4 164.9 164.3 165.9 166.3 168.4 170.1 175.4 177.8 180.6 183 185.1 188.1 191.8 197.5 202.7 208.1 213 217.9 223.1 229 234.9 238.8 242.3 244.3 245.4 246 250.4 254.2 258.3 263.4 266.5 268.2 268.5 266.6 266.7 265.8 264.5 263.8 263.2 263.6 263 262.3 261.7 261.4 260.5 258.7 257.4 253.6 250.9 247.9 244.4 241.7 239.6 238.4 239.4 240.3 240.8 241 238.2 235.3 232.5
159.6 158.1 154 150.3 149.8 150.5 150.8 149.3 149.9 150.5 152.4 153.8 154.7 155.5 156.2 158.1 161.4 162.5 161.6 164.4 168.3 169.6 173.2 172.5 173.8 176.9 180.7 183.7 185 187.6 191.7 196.9 203.4 210.8 216.1 221.7 227.3 231.9 236.1 235.4 235.3 238.7 238.3 238.9 239.6 242.6 249.2 251.8 252.5 253.7 252.2 253.3 253.4 254.2 255.6 255.9 256.2 255.5 254.7 254.5 253.6 252.1 251.1 250.4 248 246.6 244.5 241.6 238.3 237 236.2 237.2 237.7 237.5 236.7 233.6 229.5 227.6
