ny/ny23_OST50GRID_20230518/NY23.asc
ncols 200
nrows 200
xllcorner 320000
yllcorner 530000
cellsize 50
[rows 35 to 69 of 200, columns 78 to 155 of 200]
141 147 150.2 153.1 154.4 155.9 157.5 159.7 162.2 164.6 167.2 171.1 176.1 179.8 181.7 184.6 187.5 190.4 191.6 195.1 197.1 199.7 202.4 205.5 208.6 211.4 214.2 216.8 219.9 222 223.5 224.3 225.1 225.7 226.5 226.8 225.9 226.8 229.3 230.1 231.8 234.2 234.7 237.3 239.6 242 244.3 247.9 251.8 256.8 261.6 266.4 270.5 274.7 275.3 272.5 265.1 254.2 249.5 254 272 279.1 280.5 281.9 281 279 275.7 273 272.5 269.1 267.6 268.3 268.8 269.5 271.2 270.4 266.6 266
140.9 148.9 152.5 154.1 155.1 155.4 157 159.3 162.4 165.4 168.4 172.8 177.1 180.9 184 186 189.8 193.8 194.1 197.5 201.6 203.1 205.2 208.4 211.8 215.2 217.7 220.2 223.3 226 228.9 230 230.9 231.6 232.6 232.9 232.5 233.3 235.7 237.7 239.3 240.3 238 244 245.8 247.7 249.9 251.7 256.4 261.4 266.9 271.9 276.4 279.3 282.7 279.8 277.2 266.3 256.2 249.4 260.1 270.2 273.2 273.7 271.9 270.9 268.5 266.5 265.6 262.8 261 260.7 260.4 260.1 260.7 259.5 259 258.3
140.5 150.6 153.5 154.5 155.5 156.1 156.7 158.5 161.4 164.5 168.6 173.4 177.7 182.7 184.6 188.2 193.4 198.3 197.9 205.3 205.1 206.8 209.6 213.3 216.8 220.2 223 225.5 228.2 229.9 233.4 235 236.5 237.2 238.2 239 238.8 239.5 241.8 244.3 246.8 247.5 244.8 246.7 252.4 254.7 256.3 257.1 259.5 265.8 269.7 276.6 282.4 285.1 287.6 286 281.5 273.1 264.9 251.6 249.6 258.1 264.3 265.1 264 262.9 262.8 261.5 259.5 257.5 255.3 254.1 253.8 253.8 253.9 253.8 253.6 252.7
142 147.5 154.2 154.9 155.7 155.8 156.7 158.7 160.5 163.9 168.4 172.5 175.5 178.8 182.8 188 194.7 201.7 200 209.6 210.2 212.1 214.9 218.2 221.7 226.2 229.4 231.8 234.6 237.4 239.3 240.8 242.5 242.4 242.4 243.6 243.5 245.3 247.8 250.2 252.7 254.8 256.7 254 256 261.9 264.1 264.3 265.1 270.8 274.6 279.5 288.6 292.6 296.6 295.5 291.6 284.9 270.5 260.5 249.1 248.5 251.4 254.2 253.6 255.1 256 257 255.8 253.2 252.9 252.3 251.4 251.2 251.1 251 250.6 249.9
142.7 145.7 154.2 155.1 155.4 155.7 157.9 161.4 161.9 166.5 170.6 173.9 176.2 179 183 187.7 194.6 200.3 202.5 205.6 212 215.9 219.9 223.5 226.9 231.4 235.9 239.3 242.1 243.9 245.5 247 248.5 248.6 247.3 248.2 248.5 249.8 252.3 255.7 258.5 261.5 263 259.8 264.2 267.6 269.3 270.7 272.2 277.6 281.2 284 288.8 295.4 297.4 300 293.2 284.8 275.1 267.1 260.3 259 256.4 252.9 255.7 256.5 253.8 255.3 255.7 255.2 254.4 253.9 252.3 251 250.4 250 249.7 249.7
144.8 145.6 154.4 155.1 155.4 155.8 157.1 159.4 161.3 165.6 170.2 173.9 180.2 182.6 183.1 190.2 194.7 200.1 204.8 206.5 211.9 216.4 220.4 226.5 230.6 236.4 242.3 246 249.4 250.2 251.6 253.2 254.7 254.9 255 254.7 254.8 254.5 256.7 259.5 263.9 266.6 269.4 268.5 268.5 271 276.9 278.2 278.6 282.4 286.4 290 293.7 300.3 298.6 295.4 290.1 283.3 275.9 267.5 264.3 262.1 259.4 255.8 257.1 257.5 257.1 257 256.8 256.7 256.9 255.1 253.4 252.1 251.6 251.4 251.2 251.3
147.2 147.1 155 155.2 155.5 155.9 157.1 159.8 162.6 167.7 172.2 176.6 181.5 185.6 188.2 194.2 197.5 203 207.1 211 213.7 217.6 222.1 229.1 234 239.8 245.7 250.6 254.2 257.9 258.8 260.2 261.7 262.2 262.8 263 263.1 261.5 263.6 264.8 267.9 271.3 276.2 276 277.9 278.7 282.5 285.4 286.7 287 290.1 293.7 295.9 299.4 301.5 297.3 290.6 283.9 277.2 270.6 265.9 264 259.9 259.8 259.7 259.4 258.7 258.1 257 256.9 256.5 255.1 255 253.7 254.4 253.2 253.2 253.1
146.7 147.2 153.6 154.3 155 155.9 158.9 160.6 163.5 167.8 173.4 178.3 183.9 188.7 193.4 197.1 200.4 206 210.2 214.3 217.9 219.1 224.1 230.2 236.4 242.3 247.9 253.4 258.2 262.3 265.7 268.3 269.6 270.7 271.6 272 271 268.3 269.3 271.1 273.4 278 280.8 282 282.5 283.7 287.4 290.9 292.7 294.3 295.5 296.7 297.3 300.8 302.5 296.1 290.1 282.9 276.7 271.1 266.8 264.9 260.3 262.1 260.2 259.1 258.8 258 257.7 257.3 256.3 255.5 255.3 255.1 255.6 256 257 258.2
145.9 146.6 151.4 153.1 155 156.2 158.6 162 164.6 166.9 173 179.2 185.2 190.7 195.4 199.3 203.5 209.1 213.1 216.2 219.9 223.4 225 230.4 236.5 243 249.1 255.3 261.5 266.4 269.8 274.1 277.2 279.2 279.9 280 278.4 274.7 276.5 278 280.3 282.7 285.3 287.8 289.4 289.7 291.8 296.1 298.4 300.2 299.8 298.8 298.6 297.3 297.5 296.7 291.1 283.9 277 270.8 266.1 263.1 264.2 263.7 262.1 261.5 262.1 261.6 261.3 260.5 259 258.9 258.2 258.2 259.7 260.1 260.2 261.5
150.7 146.9 151 152.9 154.5 156.3 158.4 161.5 164.8 169.1 172 177.9 183.9 190.8 196.3 201.8 204.4 211.9 214.5 218 221.7 225.3 225.3 230.5 236.7 243.1 249.8 256.7 263.6 269.8 275.6 278.1 282.4 285.5 286.7 285 283.4 281.1 283.1 289 288 288.6 291.3 294.5 296.7 295.9 295.5 300 304 306.1 304.4 302 299.4 297.1 294.9 293.2 289.6 283.1 277.5 270.1 266 264.1 264.7 265.3 265.1 265.3 265.3 265.5 265.6 265.2 264.2 263.6 262.3 262.2 262.5 262.5 263.4 264.9
153.1 148.1 151.4 152.4 153.4 155.4 157.6 160.6 164.1 168 173.3 177.2 183.4 189.2 194.7 200.5 205.5 210.9 216.3 218.2 223 226.5 226.3 232.1 237.5 242.1 248.5 255.1 262.8 271.2 277.8 282.5 287.3 290.1 290.9 289.8 288.9 287.4 288.7 292.1 295.3 294.2 294.3 299 302.4 300.7 299.2 300.7 304.2 306.5 307.8 304.3 300.8 298.5 296.2 291.1 287.8 283.3 276 269.3 266.3 265.9 265.8 266.4 267.2 267.2 267.2 267.8 268.4 268.3 267.8 268.2 267.4 267.6 267.2 267 268.1 269.7
155.5 149.4 149 150.6 152.5 154.1 156.2 158.7 162.5 167.1 172.2 177.6 182.3 186.6 193.2 197.4 203.9 209.8 216.6 218.7 221.3 225.5 227.5 232.5 237.8 242.9 248.6 254.2 261.4 269.5 276.8 283.4 287.9 290.5 292.8 295.4 296 294.9 296.1 297.7 298.3 298.2 298 300.9 305.6 303.1 303.5 304.8 302 298.7 299.9 298.3 296 293.6 289.9 285.5 281.4 277.6 273.6 269.5 267.1 267.8 267.6 269 269.5 271.4 270.8 270.6 271 271 270.9 271 270.3 269.3 271.7 271 268.9 268.9
156.4 151.2 148.3 150.6 153.2 153.7 155.3 157.8 160.5 164.2 168.7 174.6 178.9 183.1 190.3 195.3 199.6 205.5 209.7 213.7 218 222.8 226.6 231 236.1 242.3 248.8 254.6 260.6 267.9 275.3 282.3 287 291.8 296 299.7 301.5 302.7 303.4 303.9 303.9 302.8 301.3 303.1 306.7 305.7 303.7 306 303.9 298.1 295.9 295.1 293.7 290.5 286.4 281.2 277.3 275.4 273.4 268.8 267.6 272.4 273 273.7 274.3 276.4 275.7 274.9 275.2 276 276.9 277.4 276.7 276.6 274.8 275.7 273.2 270.2
158 154 149.3 150.6 154 154.4 155.1 157.6 160 161.5 164.3 169.8 175.1 179.7 185.5 191.5 196 201.3 205.4 209.3 214.3 220.3 224.7 229.2 233.7 239.6 246.4 254.1 260 267.4 274.7 282.4 288.9 295.6 300.1 304.7 308.6 311.4 312 311.5 312.1 307.6 303.5 303.5 306.2 303.2 303.9 303.2 302.9 299.1 295.7 294.8 291.7 290.4 286.5 280.6 274.6 273.7 272.1 270.3 271.2 273.3 275.8 276.9 277.1 278.2 279.5 279.4 279.6 280 280.7 281.8 281.3 281 279.5 280.5 280.7 273.6
160.3 156.1 151.7 149.2 151.8 155.5 156.6 158.5 160 161.7 164.7 167.2 169.2 174.3 180.3 186.5 192.3 197 201.2 206.3 210.8 215.9 221.3 225.9 230.2 235.8 241.8 248.4 255.6 263.1 273.9 282.4 289.4 297.6 303.8 309.1 316.1 317.5 318.9 317.5 317.2 313.9 306.6 304.7 302.6 301.6 302.3 302.7 299.6 295.3 294.5 293.4 291.7 288.5 286.1 283 278.8 275 272 272.8 275.6 276.5 277.6 279.6 280.4 280.3 281.4 282.2 283.4 283.6 284.8 285.3 284.5 283.9 283.9 284.5 285.4 282.7
162.8 158.7 150 150.4 152 153.9 157.1 159 160.7 162.3 165.3 168 170.2 172.3 173.8 180.9 187.4 192.5 197 203.3 207.9 213 219.1 222.6 226.6 231.9 238.1 244.7 251.3 258.5 266.8 275.2 284.5 292.8 298.8 306.9 314 318.9 320.5 318.3 314.1 311.7 309.7 306.9 304.8 300.8 300.6 301.8 296.2 294.3 293.6 292.2 290.1 285.2 283.5 281.2 279.1 273.8 276.9 278.1 279.7 279.8 279.6 281.5 283.5 283.9 283.4 284.1 285.2 286.3 288.9 288.6 287.9 287 287.2 288.2 287.7 286.9
166.5 162.9 158.5 150.9 152 153.2 156.8 158.7 160.7 162.6 165.1 167.8 170.6 172.9 174.8 177 182.4 187.5 192.8 198.6 204.2 209.2 217.2 220 223.2 227.6 234.8 241 247.2 254.1 261.8 268.6 278.4 285.2 292 299.1 307 313.5 317.1 314.9 312.5 310.1 308.7 307.1 305.3 302.3 300.3 299.5 296.8 295.5 293.5 291.2 289.1 285.1 282.4 279.7 277.3 278.3 278.4 280.3 282.7 281.9 282.1 283.5 284.6 285.4 285.8 286.2 286.9 289 290.5 291.9 292.2 290.4 289.7 290.1 291 290
170.8 167.1 163.6 158.6 151.3 153.3 154.3 157.3 159.3 161.2 163 165.7 168.8 172.1 174.7 177.1 179.7 184.6 190.1 195.4 200 205 211.5 219.4 221.9 225.2 230.1 236.3 243.5 250.2 256.2 263.8 270 279.4 288.4 295.5 301.9 308.7 311.7 310.4 307.2 305.6 304 302.5 300.9 299.5 298 298.2 296.7 294.7 291.5 288.9 286.5 283.4 280.3 277.2 277.7 279.6 280.4 284.2 286 286.8 286.8 287.4 291.1 292.6 291.5 290.3 289.7 289.5 290.5 293.4 295.5 293.9 292.5 291.1 291.2 288.8
174.1 170.5 167 163.3 158.4 153.2 153.8 155.2 157.9 159.8 161.4 163.6 166.9 170.3 173.7 176.4 179.1 181.6 186.4 191.9 196.3 200.6 205.4 212.6 219.2 222.6 228 233.8 240.3 245.8 253.5 259.8 265.6 272.4 278.9 289.1 294.6 303.8 307.5 306.6 303.6 301.3 299.4 297.2 295.7 295.9 296.4 297.5 295.6 292.7 289.8 288.5 287.5 283.9 280.7 278.6 278.9 280 282.1 284.4 286.7 287.8 289.5 290.7 293.2 296 295.9 295.4 295.7 294.3 291.8 293.3 294.5 295.1 293.4 291.9 291.9 291
175.6 172.7 169.5 165.7 161.3 155.5 153.3 154.5 154.7 158.2 160 161.6 164.4 167.1 170.2 173.6 177.1 180.1 182.2 187.5 192.8 198 202.7 207.3 213.9 219.5 224.9 230.8 236.7 242.7 249.9 256.8 262.7 268.3 274.4 281.1 288.5 296.5 300.4 301.6 299.4 298 295.3 292.8 291.8 292.3 295 297.8 300.5 297.4 293.6 290.3 287 284.7 282.8 280.8 281 280.9 284.1 286.4 289 291.7 293.3 293 295.5 297.2 297.6 296.5 296.3 297.2 294.9 294.1 294.5 295 295.1 294.4 296.3 295.4
176.1 172.6 170.2 166.1 162.6 157.9 155.9 155.2 154.4 155.3 158 160.9 162 164.5 167.5 171.8 174.2 175.6 177.4 181.3 187.7 192.6 198.5 204.3 209.6 216.8 221.1 226.3 232.2 238.4 244.5 255.5 263 269.4 272.4 277.8 283 288.7 292.1 295 294.9 292.8 291.7 289.7 288.8 290.5 294.4 297.6 299.4 298.8 295.4 292.3 287.8 283.4 281.7 282.7 283.3 283.6 286.7 290 292 295.3 298.3 297.5 296.9 298.8 299.4 297.8 297.1 297 296.9 298 297.3 297.9 297.2 298 298.4 299.2
176.5 172.8 166.5 164.6 161.1 159.3 158.2 156.7 155.2 155.7 158.1 160.2 161.3 162.4 164.8 168.9 171.5 172.7 176.2 179 183.3 188 193.1 201 207.6 212.9 217.9 223 228.6 235.3 245.2 253.2 263 269.2 277.2 279.7 280.5 283.3 285.8 287.5 288.4 288.5 288.6 287.4 285.8 286.5 289.9 292.6 294.3 293.2 290.9 286.9 285 281.7 280.5 284.5 285.8 287.4 290.1 293 294.1 297.4 300.3 300.7 299.1 300.7 301 299.6 298 297.4 297.7 298.8 299.7 300.7 301.3 300.7 300.2 300.4
176 173.4 172.1 168.3 164.9 161.7 159.4 157.4 156.1 155.9 157.4 160 161.3 162.6 164 166.2 167.8 170.2 175.2 179.8 182.2 186.9 190.6 197.6 204.7 213.1 216 221.3 228.3 234.2 241.5 249.6 257.9 267.2 273.9 282.1 284.1 282.7 283.6 285 285.4 285 283.7 283.3 282 283.4 286.1 287.5 286.9 287 285 284.2 281.5 280.5 281.9 286.3 290.2 291.8 293.7 299 298.9 298.5 300.7 302.2 302 304 306.2 304.8 302.1 300.4 299.3 300 301.2 302.4 302.9 302.1 301.9 298.9
178.2 177.2 174.2 169.5 166.8 162.4 160 158.2 158 156.8 157.8 158.9 161.3 162.9 164 165.6 167.3 169.8 173 178.8 183.1 187.5 192.2 197.4 203.4 209.5 215.3 222.2 227.6 233.9 240.2 246.7 254.2 262.3 271.2 279.2 286.2 285.8 285.1 284.8 284 283 281.3 279.2 277.7 280.5 285 286.2 286.5 285.8 284.4 284.4 281.4 280.5 280.8 283.3 286.8 292 295.5 300.3 304.3 304.8 305.4 306 304.5 305.5 308.9 307.8 306.2 304.6 305.3 305.4 305.4 305.6 305.2 303.5 299.9 296.6
178.5 176.6 175.5 172.8 169.1 164.3 164 162.2 159.3 157.7 157.9 158.3 161 163.4 164.4 166.5 168.5 171.3 173.8 177.2 180.9 189 193.1 199.2 203.9 209.5 214.5 217.4 225.6 232.6 240.7 246.3 251.6 259.5 266.6 273.6 283.3 288.8 289.6 289.2 287.7 283.5 279.9 277.7 275.1 275.2 279 283.4 285.1 285.7 285.3 284.5 282.2 280.6 280 281.3 284.9 287.3 292.6 296.3 299.4 301.1 303.7 306.7 307.1 307.7 310.5 310.7 310.3 309.7 309 308.2 306.2 304.6 301.5 299.9 296.9 293.3
179.7 177.5 175.9 174.2 171.2 166.6 167.9 165.5 161.2 161.1 158.2 158.4 159.6 164.1 165.8 168.8 171.1 174.5 176.1 179.1 181.2 186.1 192.2 198.4 204.7 210 215.3 218.5 223.6 230.6 237.6 245.8 251 256.7 264.4 269.6 277 284.4 289.7 293 290.2 286.1 283.2 278.6 273.4 267.7 271.8 275.7 278.4 279.6 280.6 280.5 280.3 280.1 281 281.8 283.6 285.9 288.3 291.8 295.6 301.1 303.1 306 309.3 310.6 312 313.6 312.1 310.7 310.1 307.8 305 300.5 297.5 294.8 292.1 289.5
181.1 177.8 175.4 173.6 171.6 168.8 169.1 163.6 164.8 164.5 162.7 158.6 158.6 163.2 165.9 170.4 173 176.8 180.7 183.6 186.2 188.5 192.7 197.5 204.3 212.9 218.6 224.4 227.5 229.5 235.5 240.8 245.3 248.7 255.3 261.5 267.6 273.8 281 285.5 286.7 284.3 281.4 276.5 269 263.8 265.4 268.8 272.1 272.8 273.6 275 276.9 279.1 281.5 282.9 283.8 284.8 287 289.9 292.7 296.9 300.3 302.8 305.6 309.2 312.8 313.5 312.5 311.7 309.6 307 303.8 298.1 293.3 290.4 287.6 285.2
185.5 179.6 176 173.5 171.5 169.8 167 166.3 167.7 167.1 165.8 164.8 159 159.9 163.8 167.4 170.8 175.7 180.8 186.4 189.9 192.6 196.3 199.6 203.8 209.3 217 225.2 230.4 233.1 233.5 237.1 238.9 242.9 247.5 251 258.2 262.8 267.4 272.4 278.2 279.8 278.8 271.6 262.7 257.1 259.4 262 265 265.5 269.7 273.7 277 279.6 281.6 284 284.9 285.8 286.4 288.6 291 293.3 296.3 298.6 303.8 308.3 309.8 310.3 310.4 309.4 308.2 306.2 303 297 290.5 288.3 286.3 285.2
189.7 182.9 178.1 174.9 172.5 169.4 168.1 168.5 169.6 169.3 168.3 167 163.6 160.4 159.8 164.2 167.8 172.1 178.7 186 192.1 194.8 196.6 202.4 204.6 206.8 211.1 216.6 223.3 226 227.2 228.2 231.2 235.1 239.2 242.4 245.4 250.8 257.3 259.6 264.3 267.9 268.6 263.1 256.8 253.4 253.5 254.2 258.2 266.8 272.3 275.7 278.9 281.5 283.2 284.9 285.7 286.1 287.3 289.3 291.3 292.6 293.5 296.4 300.2 304.6 307.4 308.5 307.6 306.2 305.8 304.4 299.9 294.5 293 289.3 286.6 286.1
193.8 186.2 180.3 176.7 173.7 172 170.1 170.3 170.6 170.4 169.8 168.7 167 162.8 161 161.2 164.4 166.5 172 178.4 187.3 193.7 196.3 198.9 203.3 204.3 204.2 208.2 209.7 210.3 211.4 213.4 214.1 219.1 222.7 227.3 235 239.3 244.9 248.5 251.7 255.3 258.6 255.9 249.8 244.7 244.5 249.9 259.1 265.4 270.8 276.2 279.7 281.2 282.5 284 284.6 285.2 287.2 288.7 289.9 290.8 292.3 294.5 299 303 303.2 305.4 304.7 304.1 302.1 299.7 298 296.4 293.7 290.9 289.6 288.2
197.3 190.1 181.1 178.3 174.5 172.8 172.3 172.1 171.4 171 170.4 169.8 168.9 166.8 161.1 161.9 162.4 164.2 165.2 169.1 173.9 180.7 185.7 187.3 189.3 191.1 192.6 194.8 196.1 195.8 196.8 197.9 200.3 203.5 206.3 210.8 217.3 224.6 231.2 236.9 238.9 239.2 241.8 241.2 236.5 243.8 249.7 252.7 257.9 262.7 268.4 273.1 276.3 279.3 282.2 285.6 285.4 285.7 286.8 287.6 288.4 289.6 291.1 292.6 297.4 301.2 301.1 302.4 303.5 303.2 301.7 300.1 299.5 297.9 295.9 293.4 292.5 289.5
200 191.7 183.4 179.2 176 176.2 174.9 174.5 173.2 172.1 171.4 171.1 170.3 167.9 166.2 163.6 162.4 162.9 163.5 164.3 166 169.2 173.1 176.5 180.5 182.7 183 183.2 185.5 185 185.4 186.8 188.7 190.6 192.6 194.6 196.9 204.9 211.1 218.3 220.4 220.7 225.8 225.4 241 249.2 253.5 256.5 261.8 262.9 267.2 270.8 274.1 277.4 281.8 286.9 287.5 286.3 287 288.6 289.4 289.8 290.7 291.2 293.6 297.2 299.3 301 301.7 302.5 302.1 302.3 301.9 300.5 298 295.9 294.5 290.5
201.6 193.1 184.1 182.5 178.9 179.7 178.3 177 175.6 174.4 173.4 172.6 171.8 169.9 168.2 166.7 165.6 164.2 163.7 163.3 164.5 165 165.7 166.4 169.4 174 175.3 177 178.6 179.1 179.1 180.5 181.6 182 182.1 183.4 186.2 189 193.9 199 203.2 211.4 223.8 235.4 242.8 250 257.1 259.5 264.1 267.2 269.4 271.3 273.5 275.8 279.6 284.1 288.3 288 287 288.7 289.7 288.3 290.6 289.8 292.1 295.2 297.5 301.1 302.5 303.2 304.1 304.4 304.3 303 300.3 298.1 296.6 292.8
202.3 193.7 187.5 182.8 184.7 184 183.4 182.9 180.7 178.3 176.6 175.6 173.8 171.5 169.8 168.3 166.9 165.9 165 164.7 165.3 165.5 165.8 165.4 166.4 167.5 169.3 170.5 171.9 173.5 175.6 176.2 176.4 176.7 176.7 176.9 179.4 182.7 185.1 189.9 199 211.7 223.6 235.5 242.6 249.9 256.1 260.6 264.9 269 270.5 271.8 273.8 276 277.6 280.6 284.3 289.5 286.6 286.6 287.2 289.9 291.3 292.3 291.8 293.5 297 300.9 303.9 304.8 306.1 306.4 306.5 305.4 303.4 301.1 299.7 296.4
202.3 195.5 189.9 185.7 187.7 187.4 186.8 186.3 184.8 182.5 180.1 178.9 176.7 175.5 173 170.4 169.3 168.6 167.6 166.7 166.5 166.6 166.8 167.2 167.3 166.9 168.2 169.7 169.9 170.4 171.1 171.8 172.3 173.2 174.3 175.2 178 182 184.3 188 195.3 205.2 214.8 226.5 235.5 246.8 253.2 259.2 264.5 268.6 271 272.2 273.8 275.4 276.5 278.4 282.4 289.2 286.9 284.6 285.5 288.6 291.5 292.5 293.2 294.1 296.8 300.7 304.6 306.8 308.1 308.4 309 307.8 306.5 305 303.3 297.8
