ny/ny92_OST50GRID_20230518/NY92.asc
ncols 200
nrows 200
xllcorner 390000
yllcorner 520000
cellsize 50
[rows 105 to 139 of 200, columns 78 to 155 of 200]
282.1 276.2 275.2 271 270 270.5 270.5 270.5 269.7 269.9 267.5 265.6 263.1 261.1 253.1 247.8 240.6 239.1 237.7 236 234.5 232.7 230.6 228 224.7 223.7 222.8 216.6 213.8 213.2 212.7 212 214.8 224 223 224.9 223 220 216.2 215.9 213.2 212.3 212.9 213.1 211.3 214.5 218 221.2 221.6 216.4 205.6 205.9 206.3 206.3 205.5 205.3 209.7 211.6 209.7 207.5 205.3 204.9 203.7 203.7 202.9 202.4 201 200.6 199.9 196.8 196 195.6 212.8 231.5 238.9 249.1 260 261.1
279.8 281 281.4 278.5 276.4 274 273.1 274 273.1 271.7 270.5 269.1 269.8 267.8 263 253.9 245.1 241.2 240.1 237.7 237.5 235.1 232.6 231.7 230.7 227.8 229.6 228.3 222.9 220.1 218.5 218.9 224.3 225.3 224.9 226.6 226.8 226.2 224.7 222.7 220.3 219.1 222.2 220 215.2 215.9 217.5 219.8 220 214.4 206.6 206.9 207.3 206.4 205.4 206.3 210.4 210.7 209.5 206.5 206 205.4 205.5 205.2 204.1 202.5 201 200.4 199.6 199.3 198.2 195.4 195 213.3 229 239.3 251.6 257.9
286.1 285.3 282.3 282.6 281.2 280.1 278.9 277.4 277.4 277.2 274.3 272.5 270.5 270.5 260.9 245.1 244.5 249 244.3 239.9 238.6 237.4 234.1 232.9 231.9 230.2 229.8 230.2 229.9 228.9 228.9 228.8 228.3 226.6 226.6 228 227.1 226.5 225.8 224.8 224.9 225.2 224.9 219.1 212.7 211.4 213.2 213.1 213.3 211.6 207.5 207.3 206.7 206.6 206.2 210.2 209.6 208.3 207.7 207.7 207.3 206.5 206.1 205.6 204.4 203.1 201.8 200.3 199.7 199.2 199.1 198.7 197.3 198.8 214.1 225.4 236.9 247.8
296.9 291.2 288.1 284.1 284.4 284.6 283.8 281.8 281.1 280.2 279 277.6 274.9 271.7 247.2 244.3 243.9 243.4 245.5 241.9 239.7 238.7 237.2 234.4 233.3 232.5 231.2 230.2 230.6 230.9 230.7 230 229 227.2 227.3 228.6 228.1 227.9 226.9 225.3 226.6 225.3 225 220.3 216.5 215.8 213.2 214.3 211.9 205.8 207.7 207.9 208.4 207.2 208.3 210.5 209.1 208.9 208.5 208.4 207.6 206.9 206.2 205.7 204.9 203.7 202.3 201.3 199.6 198.8 199.1 198.6 198.1 194.5 206.2 212.9 223.7 233.6
303.2 304.6 301 296.3 293 291.4 288.3 286.4 285 283.3 283.7 281.4 280.5 276.6 271.2 243.6 241.6 241 246.2 241.6 254.1 248.5 240.4 237.8 235.2 233.2 232.9 231.8 231.4 231.6 231 230.8 229.7 228.3 227.9 229.3 231 230.1 227.1 225.3 224.9 224.2 223.6 223 221.6 218.1 216.2 216.2 220.2 205.9 208.8 209 208.6 207.9 211.7 210.3 210 209.9 209.6 209.1 208.3 207.3 206.5 205.6 205 203.6 202.6 201.7 199.9 198.7 198.8 198.4 198.1 194.5 202.4 205.7 209.9 220.6
318.8 316.2 311.6 305.3 303.5 299.9 295.8 292 290.1 292.5 291.3 290.5 285.8 283.2 280.1 276.7 259.4 241.6 240.9 241.2 242.1 257.3 241.4 248.2 245.1 240.5 237.9 235.1 233.4 232.7 231.6 231.3 230.9 229.4 228.7 230.3 234.2 234.1 234.3 232.8 229.9 228.4 227.4 226.6 225.6 224.8 222 223.8 218.2 206.8 209.9 210.1 209.2 212 211.9 211.6 211.1 211 210.1 209.4 208.4 207.4 206.5 205.4 204.8 204.2 203.3 202.9 201 198.6 198.2 198.2 198.1 195.6 196 202.3 205.2 208.9
321.5 316.3 312.9 312.3 312.1 310.7 304.7 304.6 303.6 303.1 298.8 294 290.8 290.4 287.4 284 278.5 275.6 276.1 273.9 271.8 264.1 260.4 257.9 253.4 250.2 245.4 242.8 239.7 236.1 234 233.1 231.7 230.5 230.1 230.4 240.9 243.8 244.2 242.8 239 236.7 234.2 231.8 229.8 228.3 227.4 225.9 219.1 209.7 210.1 210.4 209.6 212.9 212.6 214.9 212.5 211.2 210.2 209.4 208.4 207.6 206.7 205.9 205.1 204.4 203.5 202.4 201.1 199.2 198 198.1 198 197.1 194.1 198 201.1 204.7
321.9 320.3 321.3 317.8 316 312.3 313.1 312.6 311.6 310.8 307.1 304.5 301.4 299.1 298.1 294.7 292.1 288.5 286 283.8 280.4 276.9 272.5 272 266.1 261.8 257.4 252.7 248 244.2 240 237.3 234.2 234 233.1 232.2 234.4 246.5 247.7 246.2 245.6 245.1 243.3 237.4 233.7 230.7 229.7 227 214.5 211.1 211.2 210.7 211.9 216.7 221.7 220.4 217.3 214.5 211.8 209.3 208.4 207.6 206.8 206 205.3 204.5 203.4 202.5 201.8 200.4 198.1 197.4 197.8 197.8 194.1 195.6 197.3 199.6
331.9 329 325.8 323.7 321.3 319.1 317.6 317 315.6 311.2 309.1 307.1 305.9 303.7 299 299 297.3 294.5 293.9 292 290.3 287 280.9 279.4 275.9 272.2 267.6 261.6 256.8 252.1 248.1 244.8 240.1 236 234.7 235.8 232.6 236.5 242.7 244.7 247.1 247 243.6 240.3 237.3 230.5 227.2 215.1 212.5 210.5 212.2 213.9 221.6 225.8 224 222.9 220.8 217.9 214.7 210.4 209.1 207.7 206.8 206.2 205.3 204.6 204 203.3 201.8 199.7 197.4 197.3 197.3 197.4 194 194.5 196.9 196.7
332.3 330.8 327.6 326.1 324.6 321.5 322 321.7 315.7 314 310.7 310.2 307.8 306.2 304.5 303.5 304.3 303.5 301.5 295.4 291.2 287 283.7 286.6 281.8 270.2 267.8 266.3 263.5 259.5 254.8 249.5 245.2 240.7 236.5 234.4 233.7 235.1 237.6 238.7 238.3 237.1 235.9 232.2 217.6 215.6 213.8 213.4 213.4 210 227 228.1 227.5 225 224.6 224.6 223.4 222 218.8 213.8 210.9 208.9 208.7 208.8 206.7 204.8 204 203.6 202.8 198.4 197 197 197 196.9 193.8 194.9 196.9 196.5
337.3 335.3 332.8 330.2 326.4 320.3 320 320.1 322.7 323.2 318.9 317.6 314.6 312.7 310.6 306.2 302.1 300.2 297.7 298.3 295.4 293.4 290.5 285.5 281.9 280.8 271.7 269.9 270.5 266 258.9 251.1 248.1 245 237.5 236.3 237.6 236.7 236 235.1 235.3 230.8 220.5 217.8 217.4 216.6 215.4 212.5 211.5 218.7 229.2 228.5 228.1 227.3 226.4 225.4 223.9 221.9 218.4 218 213.4 211 209.8 209.3 207.7 204.4 204.1 202.9 200.7 197.5 196.6 196.7 196.8 196.8 193.8 193.8 196.7 196.3
338.3 334.2 330.2 328 327.9 320.9 327.3 329.8 327.7 327.8 326 323 319.8 316.7 314.6 312.4 311.8 309.7 307.1 303.3 298 292.1 288.5 288.2 282.8 284.6 283.4 280.5 274.9 268.8 255.6 247.6 248.5 244.7 240.1 246.5 244.5 239.3 236.8 235.6 231.1 221.6 219.6 217.9 216.1 218.1 220.4 224.4 230.3 229.6 228.9 228.6 227.2 226.8 226.1 224.8 224 224.1 222.6 219.3 215.4 213.8 210.6 207.5 204.4 203.3 203.3 203.1 200 196.9 196.3 196.4 196.5 196.2 193.8 193.8 194.5 196.1
335.1 333.1 329 332.9 331.3 328.6 332.1 332.2 331.7 331.3 329.4 326.5 324.1 321.3 319.8 319.2 317.6 316.1 312.8 307.5 301.1 296.1 294.9 292.4 288.6 285.4 279.6 276.6 268.4 261.7 256.3 247.7 244.3 245 252 254.4 248.6 245.7 239.6 232.4 224.2 221.6 219.6 216.1 233.3 233 232.5 231.3 229.2 228.1 228.4 226.7 225.7 225.7 225.7 225.1 224.7 223.2 222.5 221 217 214.5 211.9 208 206.2 205.1 202.9 202.6 200.5 197.1 196.1 196.2 196.2 196.2 194.2 193.9 196.1 195.8
344.9 335 341 340.4 338.6 336.8 335.2 332.2 329.3 329.4 329.8 326.9 324.2 321.3 319 318.6 318.5 316.6 311.3 307.6 303.8 298.2 295.3 291.6 287.9 283.9 278.4 270.5 271.6 272.7 267.8 260 254 253.9 253.3 250.1 246.4 239.8 228.7 226.6 223.1 219.4 219.9 233.6 233.3 232.8 231.9 229.9 226.8 225.9 226 225.7 225.6 225.9 226.2 225.5 225.1 224.4 223.3 221.4 219.5 215.5 211.4 208.7 206 204.6 203.8 201.9 199.2 196.8 195.9 196.1 196.1 196 195.3 193.9 195.6 195.5
343.1 346.1 345.6 344.9 343.4 340.8 335 336.3 333.9 331.6 326.1 324.3 322.2 318.9 315.7 312.6 310.5 309.1 303.5 300.4 300 294.8 290.2 282.9 277.6 274 271.4 275.4 275.5 272.1 268.5 262.2 249.2 241 234 227.8 226.1 224.3 221 218.9 223.5 228.6 235.1 233.9 232.3 232.1 232.1 229.6 227.4 226.7 226.3 226.2 227.4 227.8 227.5 226.7 225.7 224.8 223.7 222.8 221 216.5 212.1 208.8 206.6 203.4 201.8 200.9 196.9 197 195.8 195.8 195.8 195.6 194.9 193.2 195.5 195.5
356.9 351.8 349.5 349 347.6 337.2 340.8 340 337.9 335.3 331.2 324.4 322.1 317.4 315.8 311.5 309.1 307.2 304.1 299.7 282.1 280.2 276.5 274.2 275.7 275.5 276.4 273.4 269.1 264.9 258.9 240.9 228.4 222.6 231.5 235.4 236.5 234.8 232.9 233.2 238.2 236.7 235.5 234.3 234.1 235.2 234.4 232.7 231.8 228.9 228.9 229 229.1 228.8 227.8 226.9 226.3 225.2 224.1 222.2 220.6 217.7 214.1 211 210.7 207.2 202.2 199.4 196.7 196.8 195.5 195.5 195.4 195.3 195.1 192.9 195.1 195.3
365.4 360.2 355.4 349.6 342.7 344.7 344.6 342.3 339.7 336.2 329 327.9 323.7 320.6 317.3 313.4 307.7 302.9 297.5 287.3 280.3 277.7 277.1 276.3 276.3 273.1 269.5 265.6 257 255.3 245.8 227.8 233.5 242.9 243.1 242.1 241.8 243 242.2 241.7 240 237.9 235.9 234.8 236 236.3 235 234.1 231.3 230.1 230.5 230.9 229.7 228.9 227.9 227.1 226.9 226.2 225.4 223.1 222.4 219.9 217.4 213.1 211.1 208.3 206 201.9 198.8 196.6 195.5 195.3 195.2 195.2 194.7 192.9 194.6 194.7
374.5 365.8 362.4 352.4 352.3 347.6 345.4 337.2 334.8 332.9 328.5 330.5 326.2 320.7 315.4 310.5 296.1 284.6 283.9 282.3 284.3 281.8 278.3 273.7 270.7 268.6 266.1 257.1 250.4 247.2 236.1 230.4 227.2 250.4 248.6 247.8 246.6 246 244.5 243.2 240.4 239.1 237.5 236.8 237.3 236.7 234.7 233.4 231.9 231.5 232.2 232 231.3 230.8 228.9 228.4 227.8 227.5 226.2 225 224.4 223.2 221.5 218.5 214.4 211.5 207.5 204.8 203.2 202.8 200.5 196.1 194.9 194.9 195.2 192.9 193.9 194.4
385.1 373.9 359.9 353.6 353.3 347 343.9 337.5 330.6 326.1 324.9 323.1 319.2 315.2 304.5 297 286.5 285.9 287.2 285.4 282.7 278.9 275.1 272.9 271.9 268.2 264.6 250.6 255.1 244.8 237.1 234.3 227.5 251.8 251.3 250.5 250.8 249.8 247.2 244.4 241.9 240.2 238.4 237.9 237 234.8 233.7 233 233.8 234.2 234.8 234.6 233.8 234.4 234.5 233.4 231 229 227.9 227.1 225.4 224.5 223.3 221.6 219.2 216.3 212.8 210.8 208.2 206.7 205.5 203.3 200.9 196.1 195.7 193.3 192.8 194.3
384.9 372.2 351 353.8 346.2 339.7 337.4 333.6 327.7 322.6 313.1 313.9 311.4 299.5 293.9 294.6 294.1 292.4 288.5 284.7 281.3 278.5 276.8 273.8 269.9 265.1 256.4 252.4 244.4 229.2 228.7 229.4 237.7 253.8 257 256 255 253.6 251.6 247.8 244.7 243 240.9 236.3 235.2 234.5 235.1 237.1 238 237.9 238 237.4 236.2 237.5 237.4 236.7 235 234.4 232.9 231.5 230.1 228.2 226.1 224.3 222.8 220 216.6 214.4 211.8 209.8 208.7 205.6 205.6 203.4 199 195 191.9 194
365 356.8 344.6 340.7 335.9 327.5 324.9 320 316.2 305.8 299.2 296.1 296 294.2 296.2 298.9 294.8 289.7 285.5 281.6 277.8 275.1 270.6 265.2 261.5 259.2 256.9 256.2 234.1 232 232.9 237.2 250.2 259 259.5 259 258.9 257.9 255.3 252.4 250.5 248.8 239.6 236.5 238.2 239.9 242.1 241.3 241 241.1 240.3 240.1 239.8 239.8 239.1 238.4 238.5 238.4 237.6 236.5 234.8 233 229.8 227.5 225.3 222.7 220.5 217.9 216.7 214.4 213.7 213.4 212 208.7 206.6 202.3 196.5 191.4
351.1 337.7 336.3 331.6 326.7 324.6 313.4 313.8 312.2 312.5 308.4 304.4 292.8 284.8 283.1 284.1 286.9 283.8 275.1 267.7 264.8 263.1 263.6 265.1 264.5 262.3 256.8 244.1 232.1 235.1 242.4 251.5 261.1 262.6 261.9 261.2 260.8 259.7 257.5 255.5 254.9 248.1 237.9 242.3 247.7 247.4 246.4 246.5 244.7 244.5 243.1 243.1 243.1 243.3 241.5 240.3 240.4 240.7 240.9 240.2 239.7 238.5 236.7 233.3 229.7 227.6 225.7 223.6 221.5 220.4 219.6 220.6 217.5 214.1 211 209.1 206.9 201.9
342.7 339.5 332.1 326.8 318.6 322.7 324.9 322.5 319.3 315.9 312 304.5 283.2 278.3 282.8 279.4 269.5 268.3 269.8 276.9 278.5 275 267.7 267.7 270.1 263.6 249.8 236.8 231.8 245.9 259.5 261.8 261.9 261.2 260.8 260.7 260.4 259.5 258.1 257 255.7 243.6 239.1 250.1 250.8 251.5 251.1 249.8 250 247.2 245.7 246.8 245.6 244.7 243.2 242.3 241.1 240 240.2 241.3 241.2 240.7 238.5 237.7 236.3 238.8 236.1 231.8 228 226 224.1 222.9 221.3 219.2 217.7 216 213.1 209.1
340.2 337 331.7 328.1 330.6 328.9 325.1 323.5 321.4 317.4 311.8 299.7 280.9 296 295.2 292.4 286.4 284.1 287 285.6 282.9 272.7 270.9 273 263.4 253.6 240.4 232.1 243.9 260.4 262.7 260.3 259.2 258.1 257.5 257.7 258.1 258 259.2 255.8 249.7 240.2 244 255.3 252.5 254.9 253.4 253.2 252 251.3 248.6 246.1 246.8 245 245.7 245 244.1 242.4 240.4 239 238.9 238.9 238.4 238.2 237 236.7 237 237.4 233.7 231.4 229.7 228.9 226.4 223.5 221.4 220.6 218.3 209.3
339.5 338.8 335.6 335.3 334.7 331 329.9 326 319.3 312.8 303.6 293.5 293.6 303.2 301.1 295.9 292.2 291.1 288.9 277.6 273.8 267.2 264.8 260.9 250.8 235.8 233.7 243.5 260 262.6 260.1 257.2 255.1 253.9 251.3 248.2 246.8 246.2 245.8 244.4 240.7 240.4 248.6 252.9 254.6 254.5 254.7 253.6 252.6 252.9 250.5 249 248.3 246.1 244.7 244.5 243.5 242.8 241.7 239.8 238.5 236.9 236 235.8 235.7 235 234.7 234.3 233.9 234 233.2 231.6 231.1 227 224.2 223 220.2 214.7
340.6 336.6 334.9 332.3 327.2 324.8 327 321.5 310.2 300.8 296 298.6 304.2 307.5 300.9 297.2 294.4 286.8 277.3 272.3 264.7 254.9 245.3 239.4 236.2 242 248.7 261.9 263.7 260.9 258.5 256.2 252.5 247.5 245.9 246.5 244.8 243.5 242.4 242 242.9 246.7 250.2 253 253.8 254.3 255.1 255.6 254.5 253 252.9 250.1 249.4 248.1 248.3 247.6 245.4 243.8 242.3 240.4 238.8 237.5 236.6 235.5 234.5 233.7 233 233 231.9 233.5 234.9 231.6 228.6 226.3 224.2 222.4 222.3 219.5
336.5 334.1 325 314.2 310.9 310.8 308.1 304.4 295.3 299 303 307.5 303.7 301.2 294.5 291.8 286.7 272.6 264.5 259.4 253.1 243.5 237.1 241.4 249.8 258.1 266.2 266.1 263.6 260.3 258.3 254.9 248.3 247.9 250.2 250.6 248.4 246.6 249.5 249.5 252.5 254 252.4 253 254.3 254.7 255.3 255.7 254.9 255 255.9 256.1 253.8 251.4 252 251.3 247.1 244.9 243 240.9 239.7 239.4 238.2 236.6 235.4 234.2 233 231.9 231.1 230.1 233.1 235 230 224.8 224.2 224.3 223.1 220.8
317.8 317.8 311.5 311.2 317.4 306.8 301.6 296.9 293.4 302.7 300 296.1 291.9 286 281.3 278.4 272.9 260.9 257.1 250.2 244.4 236.4 245.2 254.8 262.8 271.3 269.4 266.7 263.2 260.2 258.7 248.9 248.4 254.4 254.1 250.3 249.7 252.3 252.5 255.9 255.2 255.1 254.8 254.4 254.1 254.9 255.5 255.7 256.6 256.7 256.8 256.1 256.8 257 256.3 255.5 252 248.7 247.4 244.2 243 240.8 239.5 238.5 237.9 237.2 236.3 234.5 233.4 232.4 232.2 228.2 226 225.8 225.5 225.2 223.7 222.3
324.1 319.9 320.2 309 305.8 305.5 298.9 294.2 287.2 288.3 287.6 279.9 276.7 275.6 273 268.7 265.1 255.6 245.7 240.7 239.1 248.5 257.5 269.3 272.2 271.2 269.5 267.1 263.8 260.4 253.8 249.9 250.4 255.7 255.3 254.8 255.9 255.5 256.8 258.4 259.5 259.5 258.9 258.7 258 258.2 259.4 258.5 260.2 258.5 259.8 259.2 258.1 258.2 259 258.8 255.9 255.2 253.4 251.1 244.9 244.5 244.7 245.9 245.1 243.6 245.5 244 240 236.5 232.2 231.1 227.7 227.6 226.7 225.3 223.9 222.8
322.4 317.3 309.7 302.8 305.4 303.3 295.3 293.6 296.9 289.4 277.2 270.1 267.6 265.7 265 263 257.6 247.3 240.8 242.6 250.8 258.4 270.6 274 272.5 269.2 267.1 264.6 259.8 254.6 254.8 250.2 254.3 260.1 257.2 258.7 260.8 260.3 261.4 265.2 266.9 266.8 265.2 264.8 263 265.8 266.7 265.5 263.8 263 263.5 264 262 262.1 261.3 259.9 258.3 257.7 256.1 254.2 248.3 249.9 247.8 247 246.8 245.4 246 246.8 245.5 243.4 239.6 234.4 229.2 229.1 227.2 226.1 225.6 224.7
324.6 316.4 306.6 317.2 315.7 312.4 308.5 302.4 292.8 282.3 271.8 271.2 269.9 264.8 266.7 267.4 253.9 244 240.6 247.1 256.3 269.3 273.4 272.3 270.9 267 259.4 253.9 252.8 251.9 251.7 253.2 260.4 263.5 260 264.1 266 266.6 268 273.1 274.3 274.6 273.6 272 271.1 271.5 271.4 270.8 270.3 267.8 267.5 267.7 267.2 266.6 263.8 258.4 256.9 255.1 254 251.3 250.9 250.4 249.6 249.4 248.1 248.9 246.1 243.9 242.8 243.8 241.6 234.8 233.2 233.9 231 228.9 227.7 227.4
314.7 314.6 316.9 320.3 317.3 309.2 301.2 290.4 281.5 274.3 274.9 283.6 283.8 276.7 277.5 267 256.7 243.7 241.3 250.8 266.9 275.2 274.8 273.5 270.2 260.4 255.3 260.4 263.9 263.6 260.7 260.9 265.1 265.3 265.1 269.1 273.7 275.8 276.9 277.3 279.9 279.9 278.9 278.4 278.1 278.1 276.4 274.2 272.9 271.3 270.4 269.4 268.2 263.6 265.7 267.9 263.1 261.7 258.5 254.3 252.9 252 252.2 252.5 252 251.6 250.3 249.1 247.7 244.9 244.9 242.6 241.5 239 236.8 232.9 231.1 230.2
321.6 321.4 319.1 315 311.5 301.5 290.1 280.7 281.1 286.2 290.3 291.3 286.3 280.2 273.4 261.7 253.9 244.7 241.8 250.8 270.6 275 273.3 269.8 263.5 256.3 259.3 265.5 267.1 265.8 265.7 267.3 267.6 266.7 270.2 274.9 280.5 281.9 282.5 282.2 283.6 283.6 282.7 282.4 282.6 283.2 282.2 279.5 275.2 272.5 271.1 269.9 270.1 268.2 271.6 272.6 271.3 268.1 260.5 259.8 259 257.7 256.5 254.8 254.1 252.8 251.4 252.5 252.1 249 246 247.2 246 245.6 239.8 237.8 236 233.8
309.6 310.7 307.7 302.6 298.1 290.6 289.6 294 295.3 300 298.5 293.3 285.2 274.5 264.8 254.4 248.5 246.1 243 252.4 269.8 269.5 266.7 262.1 256.9 257 263.5 268.9 267.7 269.5 273.3 274.1 272.3 276.2 279.3 282.6 284.8 286 286.1 285.4 287 286.5 286.2 285 285.4 288.2 288.4 282 278.1 275.1 272.4 271.1 269 271.8 271.9 271.1 269.8 268.3 268.1 266.5 264 262.6 259.6 258 255.6 249.8 254.1 252.8 251.1 250 247.3 249.5 248.6 246 244.8 240.8 236.8 235.5
301.2 296.7 295.3 295 294.6 297.2 301.6 306.2 303.6 302.4 297.3 288.5 278.7 264 252.4 252 250.1 246.2 242.6 252.6 263.2 260.2 258.6 257.2 258.5 263.5 270.3 271.1 269.7 273.3 277.5 278.1 278.4 281.1 283.4 286.7 288.2 288.9 289 287.8 288.8 288.8 287.4 288 289.2 291.4 290.9 287.8 281.9 278 274.8 274 271.9 272.9 272.3 271.6 271.7 273.6 272.7 272.6 270.4 265.3 261.2 260 255.2 248.4 249.4 251.9 251.8 252.1 248.5 250.1 253 246.1 245.8 241.9 237.7 236.5
