ny/ny92_OST50GRID_20230518/NY92.asc
ncols 200
nrows 200
xllcorner 390000
yllcorner 520000
cellsize 50
[rows 0 to 34 of 200, columns 0 to 77 of 200]
406.2 402.7 399.2 394.2 395.8 396.4 395.3 393.6 392.9 390.9 388.4 398.1 401.4 405 405.2 400.6 394.5 389.8 387.7 383 390.1 393.6 394.3 396.5 398.8 401.5 402.8 408.6 419.2 426.8 430.7 438.3 448.1 453.1 458.2 462.8 466.6 472.1 477.6 485.2 496 500 502.6 505.8 509.2 512.8 518.3 525.5 530.1 533.4 535.6 539 544.1 550.8 557.7 563.9 571.5 578.5 580.5 576.8 574.1 570.3 563.9 553.9 547.6 539.7 525.6 516.5 505 492.3 479.7 463 455.6 442.5 433.2 425.4 416.3 405.8
404 400.7 397.8 395.1 389.5 391.6 391.1 390.1 389.1 381.8 384.9 395.2 398.5 401.7 404 401.5 396.9 389.8 384 384 390.2 391.4 391.9 393.5 397.1 399.9 403.6 406.9 411.2 418.5 424.6 430.1 438.1 445.8 452.2 456.5 460.5 465.2 469.8 475.7 485.6 494.1 497.5 501.6 504.8 508.9 512.5 517.7 524.3 529.3 532.1 535.5 540 545.5 551.4 559.1 565 570.8 575.5 574.5 572.2 567.7 560.3 553.4 547.2 539.4 525.7 515.9 505.8 492.2 481.1 468.9 461.2 447 436.4 428.6 421.4 410.5
400.2 397.2 394.8 392.4 390.2 385.9 386.6 386.8 386.1 375.7 386.1 389.1 393.3 397.7 400.4 400.3 397.6 391.1 378.7 385.8 387.2 386.7 392.5 394.1 396.2 400.5 405.6 404.8 403.9 411.3 417 423.2 429.1 437.2 442.5 447.5 455.2 457.8 462.7 468.1 474.4 483.3 491.4 496.6 501.1 504.6 507.1 511.7 517 521.4 527.1 532.6 537.4 542.4 547.6 554.6 561.2 564.9 569.7 571.7 567.9 565.2 557.1 551.9 547.9 540.7 527.8 516.1 501.5 493.7 485 471.8 462.6 452.9 442.4 432.8 425.7 416.5
396.9 393.7 391.8 389.6 387.2 384.4 382.8 383.6 382.9 372.4 384.6 386.5 388.2 392.5 396.1 398.6 396.2 392.2 383.6 379.6 389.3 391.1 391.7 394.1 396.7 400.8 405.3 403.6 398.8 402.3 408.2 413.9 420.3 426 429.6 439.2 445.9 451.4 456.3 461.2 466.5 474.5 481.3 489.8 495.5 499.7 503.3 506.8 511.8 515.1 519.6 526.4 533.7 539.7 543.9 549.9 555.9 560.5 562 561.4 559.2 558.2 555.2 551 549.1 543.1 526 518.3 512.4 502.2 491.8 480.7 470 459.1 448.7 438.1 430.2 420.3
390.8 389.3 388.7 388 385.3 382.1 378.4 379.6 379.4 369 381 383.8 386.2 388.3 392.8 398.2 397.1 391.5 386.8 379.4 391.4 393.6 394.2 395 397.1 399.2 402.6 401.3 395.3 398.5 403.6 406.9 412 417.2 423.7 431.2 436.3 443.1 449 454.2 459.9 466.4 472.8 479.5 487.3 493.3 498.2 501.9 505.8 510.5 515.7 521 528.1 534.7 539.1 544.1 549.2 554.1 557.1 556.7 554 552.6 551.3 549.8 548.5 542.1 528.9 520.3 515.3 509.1 497.5 486.3 476.8 466.6 454.7 443.6 433.6 424.3
384.8 383.7 384 384.2 383.7 382.4 378.5 371.2 373.8 367.6 378.2 381.1 383.5 385.9 388.7 394 396 391.5 386.6 375.7 389.2 392.3 394 394.6 396 397.8 398.3 397.7 392.9 394.1 398.6 400.9 405.2 410.1 415.4 419.4 427.4 433.2 440.6 446.5 452.5 458.6 465.6 472.2 477.9 484.5 491.2 496.3 500.7 505.5 510.9 516.4 524 529.1 533.3 537.2 542.8 547 549.8 550.6 550.5 549.3 548.7 548.4 547.3 535.8 528.1 521.8 517.1 510.6 503.4 490.7 481.1 470.9 457.8 447 436.6 425.7
382.1 379.9 378.8 379 381.5 382.1 380.8 377.5 369.1 364.5 373.9 377 380 383.3 386.2 388.9 391.8 389.9 385.1 376 385.8 390.4 393 393.7 394.4 395.9 394.9 391.9 389.4 389.4 393.5 396.4 399.2 403.4 408.4 411.6 419.6 425.6 430.6 438.2 445.8 449.8 456.6 463.1 471 476.5 483 490.9 495.8 500.5 504.3 509.4 517.1 522.9 527.5 531.8 536.1 540.5 543.2 544.8 546.3 546.2 545.3 543.7 537.7 533.5 528.9 522.8 518.5 511.9 501.7 492.6 481.6 471.7 460.6 448.1 436.6 426.3
383 379 375.1 375.9 378.6 381.6 381.6 379 375.6 364.2 364.9 371.8 375.3 379.4 382.2 384.4 386.5 387.1 384.3 377.6 382.2 388 392 393.6 393.4 393 391.4 388.3 386.4 384.9 387.9 391.6 394.6 397.8 400.8 406.2 409.9 418.3 425 431.1 438.8 444.7 450.6 456.1 463.3 469.5 475.7 483.6 490.2 494.8 498.4 503.1 509.2 516.9 523.3 528.5 534.2 537.8 540 540.3 540.8 541.9 538.8 537.3 533.5 529.7 526 519.5 511.4 505.3 496.4 485 475 466.8 456.6 446.2 435.1 426.7
381.3 377.3 374.5 374 376.6 380.1 381.7 379.9 376.7 371.7 359 359.2 367.3 374.4 377.7 380.7 382.4 382.8 382.3 378.5 380.4 386.2 390.8 393.5 392.3 390.3 387.3 384.7 382.9 380.9 383.9 386.4 389.4 391.5 395.4 397.2 405.7 411.3 418.5 425.9 432.3 439.3 444.1 449.3 456.5 463.8 469.8 476.4 484 488.9 493.9 498.7 504.4 510.2 517.4 525.5 533.4 538.6 539.1 538.9 537.7 536.1 535.6 533.1 530.2 526.9 522.6 514.7 502 496.6 488.2 480.1 470.1 461.7 453.5 444.3 436.5 427.6
378.9 374.7 370.7 375.7 378.5 379.4 379.8 378.8 377.2 374 370.1 359.3 358.1 368.9 372.2 375.5 378.1 379.7 378.8 367.6 381.4 385.9 389.5 391.4 391.3 389.2 383.9 380 378.3 376.7 379.5 382.3 384.1 386.6 389.8 394.8 401.7 406.5 412.8 418.4 426.5 433.7 439.7 443.9 450.3 458.2 464.3 469.2 476.8 483.8 489.8 494.1 499.2 506.1 514.6 523.3 533.5 537.9 536 534.2 532.7 531.9 531.6 529.9 514.2 509.4 508.1 503.4 497.1 488.2 476.9 468.4 468.1 459.3 450 440.7 433.3 426.2
382.7 374.9 369 374.7 380.2 381.5 379.6 376.7 374.6 373.1 371.2 367.6 353.2 361.2 366.7 369.8 373.6 376.6 374 374.9 381.1 385 388.1 388.7 389.3 387.8 382.9 376.7 373.8 373.6 376.3 378.5 380.7 383.2 387.3 391.4 397.4 402 407.5 412.9 419.3 426.5 433.5 438.9 445.4 452 458.6 463.4 470.2 477.2 484.8 490.8 494.9 501.3 509.5 518.3 528 535.2 534.2 532 530.3 529.1 528.8 528.3 523.5 518 500 486.4 477.8 471.3 468 462.2 458.6 451.9 444.9 439 431.4 422.9
386.9 378.7 369 369.2 375.1 378.5 379.5 376.6 372.1 370 369.7 368.2 362.2 350.6 360.4 365 369 372.3 374.4 357.3 377.4 386.3 388.1 385.8 385.8 384.6 381.2 375.7 370.3 370.8 374.5 377.1 379.7 381.7 385.2 387.4 391.1 396.8 402.1 407.6 412.3 418.3 426.5 434.1 438.4 445.7 452 458.2 463.7 470.5 479 485.4 490.3 494.6 501.8 509.3 518.5 530.1 533.2 532.2 530.8 529.7 528.1 526.3 523.7 511.9 496.7 488.7 483.1 472.3 459.1 449.4 442.5 440.1 436.8 433.2 425.9 417.5
385.3 381.8 374.3 363.7 367.9 371.7 373.4 373.4 371.2 367.5 366.4 366.4 364.6 353.3 344.9 358.4 364.5 368.7 371.1 349.7 373.4 383.7 388.5 385.4 382.1 380.2 377.6 374.6 367.6 373.5 377.2 377.4 377.8 378.5 382.4 385.6 388.8 393.4 398.6 402.3 407.7 412.9 418.7 427.1 434 438.7 445.2 451.2 458.3 463.5 472.1 479.2 485 488.9 493.8 501.1 509.3 520.1 529.7 530.9 530.9 529.8 528.3 526.9 524.4 517.4 510.3 501.7 493.8 483.6 474.3 463.8 451.2 440.4 426.2 419.8 415.2 410.5
380.7 379.2 375.5 369.1 358.9 363.2 365.9 366.7 366.2 366.5 364.4 362.7 363.1 361.8 355 342.9 359.4 365.3 366.9 346.5 373.6 379.7 383.9 384 379.1 375.5 373.1 370.8 366.4 374.1 378.8 377.7 375.9 374.8 375.7 381.9 386.2 390.2 394.9 400.1 403.7 406.6 411.6 418.6 425.3 432.4 438.9 445.1 452.6 458.8 464.3 473 477.8 482.8 487.4 493 501 511.4 521.2 529.1 530.1 529 527.9 526.2 526.4 524.4 517.2 506.6 500.2 490.9 479.8 469.3 460 450.4 438.5 420.6 416.7 402
375.1 375.8 373.7 369.5 364.7 356.7 355.4 359.1 360 360.4 361.8 362.1 360.4 360.3 357.6 338.6 338.2 341.9 338.9 362.6 370.9 374.5 378.7 380.5 377.5 372.1 368 367 363.7 371.6 377.4 377.8 375.4 372.7 372.8 376 381.1 388.4 393.8 397 398.8 401.4 407.3 413.3 417.2 423 433.5 437.5 445.3 453.5 459.8 465.4 472.4 477.4 481.7 486.6 493.3 503.9 514.7 526.6 527.1 527.6 526.3 526.2 525.1 524.9 518.2 508 501.5 491.8 481.7 471.3 462.4 452.6 441.5 430 413.9 401.2
369.2 370.5 371 368.1 363.4 358.8 354.8 349 352.8 354 355.6 357.8 359.5 358 347.8 330.5 333.1 345.3 361.5 365.7 369.1 370.7 372.9 375.4 375.9 371.1 365.1 362.8 361.2 367.4 372.4 376.2 374.9 371.4 370.3 373.4 378.7 385.5 390.9 391.5 391.9 398 402.7 406.8 412.9 416.8 423.4 429.2 438.8 442.8 450.8 458.5 463.9 473.1 478.1 483 489.6 499.1 512.5 525.5 526.6 526.8 526.2 525.1 524.5 523.6 517.9 507.8 500.6 493.5 484.4 472.8 464 452.8 445.7 436.9 427.1 412.7
361.3 365.3 366.6 365.2 362 357.4 353.8 351 346 346.8 350 352.2 354.6 356.6 346.3 327.5 335.8 353.7 361.1 362.4 365.1 368.5 369.9 371.3 373.2 371.5 363.3 358.7 359.2 363.7 367.7 372.1 375 372.5 367.5 368.9 374.3 379.4 384 387.2 387.2 393.3 398 404.2 410.5 414 417.1 424.8 429.8 438.5 447.5 455.8 460.2 467.1 475.7 480.8 487.5 496.4 510.7 525.3 526.6 526.6 525.5 525 525 520.5 518.5 507.4 499.4 491.2 484.3 475.7 467.1 457.3 449 440.3 428.4 413.9
353.1 359.5 363.1 362.4 359.3 355.7 352 347.7 345.3 341.1 347.2 351.5 353.5 353.3 350.2 338.2 325.9 344.3 357.7 359.8 361.4 364.7 368.2 369.5 371.1 370.1 365.1 357.1 355.8 359.5 364 368.5 372.1 371.6 364.9 365.7 366.6 373.1 374 375.1 379 388.5 394.2 397.5 403.1 411.9 417.1 422.6 428.5 433.8 443.4 452.7 458.3 465.2 474 479.6 486.6 494.9 509.5 524.8 526.6 526.6 526.5 526.1 522.8 517.6 509.8 504 497.4 489.2 482.3 475.4 468.5 455.6 447.2 438.6 427.4 415.9
346.1 352.6 357 359.3 357.6 353.6 350.1 346.5 342.7 341.2 344.4 349.8 354.3 356.4 353.2 348.2 337.7 332.6 352.6 355.5 358.3 360.7 364.8 367.5 369.7 371.3 365.7 358.9 353.5 355.6 361.1 365.2 366.1 357.5 356.3 366.6 368.2 372 379.1 386.6 391.5 389.2 394.4 405.4 408.5 407.8 409.8 416.9 423.7 430.3 441 450.3 457.8 464.7 475.1 479 484.7 492.9 510.2 524 525.8 524.5 526.1 526 524.5 522.4 513.2 503.8 491.3 481 474.5 461.5 457.3 451.4 443.1 436 426 421.1
340.4 343.9 348.5 353 354.9 353 348.1 344.3 341.9 336.5 340.2 344.6 349.3 353.8 354.4 348.5 339.1 325.6 347 351.3 353.6 356.5 360.7 363.8 367.2 370.4 368.4 360.4 354.8 350.4 357.4 353.3 352.4 361.8 368.8 368.7 371.4 374.1 378.8 384.6 391.2 392.6 396.2 408.8 411.3 416.4 418 416.1 421.1 428.1 438.5 446.8 455.9 462.4 473.2 478 482.7 491.8 508 519.6 526.3 525 524.1 525.4 524.3 523 516.7 508.3 499.7 490.8 473.4 476.1 469.6 461.1 454.4 445.4 434.1 435.8
335.9 338.6 342.2 345.4 348.6 350 348.2 343.6 340.4 339.1 332.4 337.7 341.8 346 349.8 348.1 338.3 323 341.8 345.9 348.5 352.2 357.5 360.7 363.1 366.2 366.1 362.4 355.9 348.5 353.6 348 363.4 368.8 372.6 373.1 371.5 374.6 378.6 383.7 389.1 394.6 398.7 403 408 414.8 419.3 420.6 429.6 436.8 444.2 451.8 455.7 460.4 470.4 475.3 481.7 491.1 503.6 516 516.1 519.3 517.8 517 512.5 506.4 499.2 493 488.6 488.3 488.3 479.9 471.1 465.7 459.8 458.7 448.9 445.1
334.6 330.8 334.6 337.4 341.1 344.9 345.6 344 340 337.4 336.8 329.2 332.1 338 340.6 344.1 339.9 323.9 318.7 331.2 343.4 346.9 353 357.7 359.2 361.3 361.7 360.8 357.2 346.1 341.8 355.1 359.8 366 371.3 374.9 375.2 376.5 381 386.2 391.7 396.8 402.5 409.7 416.4 420.8 424.4 425.6 434 441.3 450.9 457.3 459.6 464.6 466.4 470.5 476.7 481.8 490.1 503.7 514.8 521.1 526.4 525 523 522.1 519 513.2 505.4 497.7 489.6 483 475.4 469.5 463.4 463.4 458.9 452.1
334.6 330.1 325 329.9 333.5 337.1 340 341.1 339.4 336.4 334.2 333.1 324 331.1 333.4 335.3 338.6 336.1 326.2 316 337 342.4 349.2 354 356.8 358.3 358.1 357.8 355.5 350.6 339.9 351.1 357.3 362.1 368.2 373.3 377.6 379.5 384.8 390.9 397.7 402.6 408.6 416.1 422.1 427.1 429.9 432.9 436.8 439.1 443.5 447.8 455.4 464.3 474.8 480 484.4 495 503.8 510.5 515.9 521 528.1 529.6 524.2 521.5 519.1 514 508.7 501 493.2 487 481.4 476.6 471.4 466.9 462.5 456.8
330.4 329.6 323.6 323.9 328.8 330.6 333.4 336.7 336.3 334.2 332.4 329.9 323.1 321.3 328.3 329 330.6 333.9 331.5 312.6 329.6 340.3 347.7 351.1 352.8 355.4 355 354.9 352.4 350.3 336.5 347.2 354.4 359 364.1 370.6 378.2 382.8 390.1 397.9 404.4 410.1 416.4 419.5 423.1 429.9 433.4 436.3 440.7 450.7 457.2 461.5 465 473.7 480.3 481.5 488.4 499.6 505.7 512.5 517.4 520.7 524.6 527.4 524.7 522.1 520.2 517.8 512.3 503.8 496.5 490.5 485.6 481.5 476.8 470.1 463.7 459
328.8 326.8 324.1 317.9 322.4 326.5 328.9 329.6 330.6 331 329.9 328.2 318.3 320.2 323.7 323.6 324.5 326.7 326.7 309.9 327.3 338.7 347.5 350.1 350.2 351 352.7 352.8 351.4 348.9 337.3 340.6 352 356.5 361.9 369.6 377.8 385.7 392.8 401.3 408.3 413.7 418.4 421.9 425.7 431 434.9 440.5 449 456.9 462.9 463.1 468.4 476.7 481.1 483.1 493.7 503.5 508.5 513.9 517.7 519.4 520.2 522 522.7 522.2 520.6 516.6 511.2 503.6 495.7 489.3 484.7 481 477.5 471.3 463.3 457
324.2 325.5 322.6 318.5 313.5 318.4 321.9 324.2 324.2 325 325.9 325.2 321.5 309.6 318 318.5 319.4 321.1 319.7 311.3 329.5 336.8 344.1 348.4 348.8 347.9 348.8 350.3 349.5 347.3 338.9 337.8 349.9 354.9 360.7 371.4 382.7 389.5 397 404.2 411.2 415.6 418.8 422.2 428.6 434.3 438.5 447.4 456.7 462 462.7 465.2 468.8 478.6 482.7 490.6 499.1 505.1 507.8 511.4 515.3 516.4 516 516.9 519.3 518.1 516.2 512.7 507.9 501.7 495 489.6 485.6 481.5 477.1 472.6 467.9 461.2
318.5 320.7 322.2 319.4 312.8 310.7 313.3 315.3 317.7 318.8 319.7 320.8 320 310.4 310 311.2 311.9 314.3 314.4 307.8 324.7 331.3 338.4 344.2 346.8 346.3 345.6 346.3 347.4 346.8 335.6 337.5 347.6 353.1 361.1 373.8 385 392.3 399.9 406.2 412.4 415.1 417.6 422.5 428.4 436.8 446.3 455.4 460.5 462.9 465.3 469.1 472.4 481.9 490.6 495.4 502.6 504.4 505.8 507 511.1 512.8 511.3 511.6 513.3 512.5 511 507.6 504.7 499.8 494 489.2 485.2 481 476.7 472 467.1 461.2
312.7 313.8 316 317.4 314.4 305.9 305.8 308.6 309.6 310.7 312.8 314.7 315.6 309.2 301.1 298.7 297.4 304.7 306.4 312.4 321.2 326.9 333.8 339.1 342.4 344.8 343.6 344.2 344.3 344.6 331.1 335 344.9 352.2 363 380.9 386.4 393.3 402.2 408.3 411.7 413.9 415.9 421 429 438.7 450.5 457.3 461.2 463.8 472.1 474.9 480.6 488.8 494.2 499 502.4 502.5 502.6 502.8 506.2 507.2 507.1 507.1 507.9 507.4 506.4 504.7 501.6 497.3 492.9 488.3 483.9 479.8 475 469.3 462.2 455.5
307.2 308.1 308.6 311.4 312.3 309.3 303 300.7 303.2 303.2 305.6 309.2 310.1 301.2 289.3 295.1 309.7 311.3 310.9 313.4 317.2 322.6 329 334.3 337.5 340 340.6 342.3 342.8 338.7 324.5 342.2 344.9 353.1 367.6 383.2 386.2 393.2 403.3 409.2 411.1 411.9 414.4 419.1 428.6 440.1 449.2 454.2 458.1 463.5 473.9 478.2 484.5 489.1 494.4 498.6 499.9 500.2 500.2 500.9 501.9 503.7 504.4 503.3 502.7 503.6 504.3 502.5 499.7 495.7 491.2 487.1 482 477.2 472 465.7 460 451.8
300.7 302.4 302.9 303.7 306.2 306.8 303.9 298.9 293.7 295.9 297 302.9 306.5 295.9 282.7 297.5 308.3 315.4 319.5 314.7 312 317 322.2 327.5 332.8 335.2 336.6 339.9 341.1 331.3 328 342.8 347.5 354.8 370.6 383.2 385.7 390.1 401 408 409.4 410.6 413 418.7 430.4 440 446.9 450.2 453.9 459.1 470.6 477.2 483.3 487.3 492.3 494.3 496.2 498.2 498.7 498.9 500.8 499.9 499.4 498.3 498.1 499.4 501.1 499.7 497.4 493.8 489.2 484.8 480.1 474.5 467.8 460.8 455.2 448.5
295.2 296.7 296.7 298.8 301.7 302.3 300.7 298.1 292.4 288.9 290.7 296.5 302.5 291.5 279.2 284.2 301.5 308.1 312 318.1 311.6 308.5 315.1 321.8 328.1 331.6 332.9 334.6 336.3 328.2 322.4 341 348.2 356 372.9 381.1 385.1 388.4 394.4 403.4 406.2 407.9 411 421 432.4 438.9 444.4 447.2 450 456.7 467.4 474.7 479.9 482.7 486.5 488.1 491.2 494.5 495.3 498.1 498.3 495.9 494.3 492.9 493.2 493.7 494.7 495.3 494.2 490.7 486.4 482.1 477 470.9 464.1 456.2 448.7 442.2
289.7 289.1 292 296.5 300.7 299.8 296.8 294.6 291.6 286.3 285.2 293.7 300.9 290.3 279.7 285.8 295.8 303.1 307.8 316.7 315.4 308.2 308.7 315.5 323 328.9 330.2 330.7 331.1 322.1 329.6 339.3 347 355.1 371.8 380.5 384.6 385.4 389.4 399.9 406.4 406.2 408.7 418.5 430.3 436.9 442.7 444.1 446.4 454.8 463.9 470.5 475.8 478.3 481.5 484.2 486.8 490.2 491.2 492.1 493.2 493.2 490.2 489.2 489.1 488.7 489 489.7 489.8 487.4 483.5 479.2 472.8 466.6 459 451.4 445.2 438.9
287.6 284.6 292.9 296.9 297.6 298.5 295.2 289.9 289.2 285.5 283.1 290.3 297.2 290.5 280.6 286.9 291.5 298.3 304.6 314 314.3 309.1 300.3 304.8 318 327.5 329.3 327.8 325.5 309.6 329.9 338.3 343.4 354.8 371.1 379.6 383.9 383.6 384.8 393.3 403.6 404.7 406.7 412.9 423.1 432.2 439.2 441.3 442.5 450.4 458 466.1 471.1 473.7 475.7 480.2 483.8 486.5 485.2 486.1 487 487.8 487.3 485.7 486.4 484.8 484 485.1 485.6 484.6 481.2 477.5 471.1 463.9 456 448.2 439.8 435.3
289.7 282.4 289.7 294.6 297.4 294.6 292.3 287.9 282.5 282.5 280.5 285.5 292.2 291.2 277.6 282.3 285.6 290.5 298 305 309.6 306.1 300.6 299.2 310.3 320.9 326.4 325.1 323.8 307 328.1 332.9 340.1 353.8 372.2 379 381.6 381.6 381.7 386.2 396.2 402.9 405.2 409.4 415.9 425 433.3 438.3 439.9 444.3 453.4 461.2 465.9 469.5 470.4 473.4 478.2 480.4 479.8 482.1 482.4 482.2 482.6 482.9 482.8 482.9 480.5 479.6 480.2 480.3 478.4 475 471.1 463 455.8 449.2 442.9 437.2
282.3 280.8 282.5 288.5 293.5 294.2 288.3 283.5 280.6 278 281.9 283.8 285.7 287.9 280.6 277.1 280.2 283.4 287.7 296.5 299.9 299.8 296.1 295.2 305.5 313.8 320.4 321.8 320.5 306.8 322.5 329 338.9 353.7 370.2 376.5 379.6 379.5 379 383.2 391.6 397.9 402.2 405.6 411.1 418.2 426.6 434.2 437.1 440.4 447.5 453.2 460.5 463.2 465.8 467.6 468.1 472.3 475.1 477.8 478.4 478.5 478.5 478.5 479.2 480.8 478.3 475.9 474.5 474.7 474.1 471.1 468.1 461.7 455 448.8 442.5 437.1
