ny/ny92_OST50GRID_20230518/NY92.asc
ncols 200
nrows 200
xllcorner 390000
yllcorner 520000
cellsize 50
[rows 105 to 139 of 200, columns 0 to 77 of 200]
533 530.6 525.5 520.7 515.5 497.1 487.8 484 479.9 477 474.7 473.7 472.7 470.1 467.4 463.8 458.3 451.9 444.9 438.9 435 431.4 428.2 425.3 423.2 421.7 419.7 417.6 414.3 412.1 408.7 405 401.7 399.8 397.6 394.4 390.8 388.1 386.2 383.8 381.3 377.4 377 374.9 370.9 366.9 363.5 359.9 358.9 357.2 354.8 352.8 351.2 349 347.3 344.2 342.2 340.3 338.6 334.3 331.5 327.8 325 322.9 324.5 322.9 320.4 314.9 310.9 306.7 303.2 300.6 299.1 295.7 289.3 283.2 277.9 276.8
536.1 534.9 530.3 524.2 514.5 500.7 489.3 488.4 485.4 479.6 475.7 473.1 471.9 469.7 467.4 466.3 464.6 459.3 450.8 445.3 440.1 435.8 433.5 430.4 428.4 426.9 424.9 423.5 421.8 418.9 415.6 410.6 408.4 405 402.2 399.5 395.8 392 388.4 384.8 382.1 380.2 378.4 376.4 371.6 370.8 368.1 364.8 360.9 359.7 357.7 355.9 354.1 352 350.2 347.5 344.8 342.3 340.2 337.5 335.5 332.9 330.2 327.8 328.2 328.2 328.2 323.8 320.7 317.9 311.7 306.2 302.3 300 296.7 292.8 286.3 280.8
537.3 537.3 535.6 528.7 518.3 502 493.4 492.6 492 485.4 480.6 473.8 471.6 469.3 467.3 465.1 463.7 462.3 458.9 451.3 446.3 443.8 438.5 435.9 433.8 431.6 429.5 428.2 427 425.9 425.6 422.7 415.6 411.3 407.8 405 400.9 397.3 392.2 388.3 385.3 381.8 379.5 377.3 375.8 373.4 369.3 368.4 366.9 365.9 364.8 365.5 362.7 361 357.5 354.9 352.3 347.3 344.2 342.3 340.2 337.8 333.7 332.8 331.8 331.5 330.4 329.1 327.5 324.6 321.4 316.9 311.7 307.1 303.1 299.5 296.4 292
536.8 536.5 535.9 532.3 525.9 513.6 501.7 496.9 495.7 491.2 487.2 482.2 475 472.8 470.4 465.5 462.6 460.7 459.5 458 455.1 451.8 443.7 440.7 438.2 436.1 433.9 432.5 431.2 430.2 428.8 427.6 424.5 420.7 417.5 411.5 406.8 401.1 396.9 392.7 388.7 384.4 382.4 380.9 379.1 377.9 376.2 376.2 376.4 376.7 375.8 374.3 371.2 367.8 365.4 363.3 361.1 357.6 353.4 349.6 346.6 343.3 340.2 336.7 334.9 333.8 333.2 331.3 330 327.5 324.6 321.7 319.4 316.5 313.7 312.5 306.7 301.2
535 534.2 531.8 532 529.2 523.7 515.5 504.3 499.9 494.8 491.8 488.2 484 478.6 476.5 469.3 464.4 461.4 458.9 457.7 455.9 452.6 450.8 447.3 443.8 441.1 438.6 436 434.6 433 431.6 430.5 429.4 425.5 422.7 420.6 416.9 410 405.7 399.3 394.4 390.8 389.7 387.7 386.8 386.2 384.8 384.5 384.7 384.4 383 381.1 378.2 375.1 372 369.7 366.5 363.4 361 358.3 355.4 353 349.8 347 344.3 342.3 340 337.2 334.4 331.1 327.1 324.8 322.2 320.3 318.4 318.1 318 313.8
533.4 533.3 531.1 530.3 529.6 527.5 525.1 519.4 504.7 501.4 495 491.5 490.1 485.2 481.7 474.9 469.9 464 459.4 458.1 456.5 455.5 454.9 452.5 449.4 446.2 442.8 440.5 438.1 436.3 434.2 432.8 431.9 430.8 428.5 424.9 421.4 418.5 416.3 409.1 405.2 401.4 399.7 397.7 396.1 395.7 395.4 393.9 392.8 391.9 390.8 388.9 386.8 384.3 379.2 375.8 372.1 369.7 367 365.1 363.1 361.2 357.8 354.7 351.5 349.5 347.1 344.6 341.5 338.3 334.9 331.9 329.4 324.3 322.1 320.6 319.4 315.3
532.1 532.1 532.7 532.6 532.6 530.4 529.7 527.3 520.5 507.1 502.5 495.1 494.3 491.2 486.6 481.3 476 470.7 464.9 459.9 458.3 457.6 456.7 455.2 453.1 450.1 447 444.6 442.3 439.2 436.8 434.8 433.6 432.4 430.7 428.6 426.1 422.7 419.9 417.8 412.2 409.1 407.5 406.1 405.1 403.5 401.6 398.1 396.3 394.4 392.7 390.8 389 387.1 385.5 382.9 379.7 377.8 375.8 372.3 369.6 367.1 364.5 361.1 358.6 354.7 352.5 348.6 345.7 343.5 341.5 338.8 335.6 333.6 331.2 329.7 323 321.3
528.7 532.1 533.9 534.6 535.5 534.8 533 530.3 528.6 515.9 508.8 503 497.7 495.8 491.6 489.8 485.6 478.7 471.7 465.3 461.4 460 458.4 456.4 454.7 452.9 450.3 448.2 446.5 443 439.6 437.1 435.7 433.9 432.4 431.2 429.4 427.4 426.1 422.4 417.8 415.5 413.8 412.2 410.9 410.3 407.3 404.4 401.8 399.3 396.6 394.3 392.5 390.2 388.6 387.1 384.7 382.5 380.1 377 375 372.5 370.2 366.5 363.1 360.3 357.4 354.9 350.9 346.7 345 343 340.9 338.7 336.9 334.4 327.3 325.3
520.1 524.9 531.9 534.3 536 536.2 535.7 532.3 530.4 520.8 510.2 506.7 502.3 497.6 492.9 493 492.5 487.6 480.5 473.6 467.4 465.7 464.2 461.1 458.3 456.3 453.8 451 448.7 445.7 443.5 441.4 438.6 436.6 434.8 433.4 432 430 427.8 425.6 423.8 422 422 421.2 419.3 418.4 416 411.8 409.1 409.6 408 405.4 402.9 399.6 395.4 392.8 391.1 387.4 384.7 382.9 380.1 376.9 374.3 372.1 368.2 365.3 362.4 359.6 356.1 352.9 349.8 345.3 342.8 341.4 339.6 337.8 329.9 334.1
512.1 515.3 519.1 526.7 530.4 532 533.5 530.9 527.5 518.7 510.3 506.6 504.9 501.8 498.2 494.5 494.4 492.6 488.4 481.6 475.4 470.4 468.8 466.8 464.6 460.8 457.1 454.9 453.8 450.1 446.4 445.7 443.4 441.1 438.7 436.1 434.4 432.9 431.9 431.9 429.7 429.3 429.6 426.9 426.4 424.5 421.4 418.1 416.8 416 417.3 416.7 415.6 413.3 409.9 406.3 403.1 400.5 396.1 392.2 388.8 384.5 380.6 376.1 373.1 369.5 366.7 363.6 360.4 357.8 355.1 351.3 347.2 342.1 339.1 334.4 337 335.9
505.6 507.4 508.7 512.2 516.4 520 522.1 523.8 519.2 513.8 507.7 506.6 505.8 504.2 500.5 497.2 495.2 494 491.8 487.9 482.5 476.6 472.9 470.8 468.7 466.6 463.9 460.7 459.8 457.3 454 450.7 449.7 448.6 446.4 443.6 441.3 439.7 438.9 439.3 437.7 436.4 434.1 432.3 431.8 431.2 430.5 427.1 426.4 427.1 427.7 428 428.3 427.7 424.8 420.2 414.7 411.4 407.4 403.2 398.4 394.5 389.3 383.4 379 374.6 371 367.8 365.4 362.2 359.4 356.3 351.7 347.8 341.8 341.4 340.5 338.8
503.1 504.7 504.6 504.9 506.5 509.4 511 512 512 511.2 507.2 505.6 506.3 505.2 502.7 499.8 495.3 493.9 492.6 490.2 486.8 482.3 478 475.6 473.6 471.9 469.5 467.5 466 463.6 460.1 456.8 454.7 455.1 455.1 453.6 451.4 449.8 447.8 445.6 443.8 442.7 441.1 440.2 440.4 441.5 442.9 442.9 442.6 444.3 447.5 448.8 448.8 448.6 446.9 440.5 431.9 424.4 418.1 413.7 408.6 403.4 398.5 393.3 386.5 379.6 376.2 372.4 371.1 368 363.8 360.8 356.5 353 345.1 346.3 344.5 342.1
501.3 503.4 503.8 504.1 503.6 503.3 503.8 504.5 504.3 506.1 504.4 503.8 504.6 504.1 503.2 502.6 499.5 494.3 492.2 490.3 488.5 485.8 483.1 481.1 478.6 477.4 474.7 471.9 470.9 470.4 469.4 466.2 462.3 460.8 461.6 461.3 459.9 457.7 455.8 454.1 452.3 451.2 451 450.2 453.9 456.1 455.8 455 455.4 456 457.1 457.3 456.4 454.7 452 449.5 445.9 439 431.3 423.9 418.8 413.9 407 402.3 395.7 389 383.1 379.2 376.8 373.8 367.9 365.3 361.4 355.9 353 346.7 344.9 341.7
498.4 501.2 503.5 503.6 503.1 502.5 502 501.4 501.1 500.3 500.2 500.4 501.3 503 504.4 504.6 502 497 493.4 491.5 489.6 488.2 486.9 485.8 483.9 482 479.4 476.5 475.3 475.4 474.6 473.4 472.1 467.4 466.6 468.4 468.1 466.6 465.7 463.8 460.7 459.2 458.5 457.6 461.8 464.3 463 461.9 460.5 459.7 461.8 462.3 461.2 460.4 456.5 454.5 451.9 448.4 444.6 438.3 429.5 421.5 416.5 410.4 405.2 398.8 393.5 387.2 383.6 380.2 376.5 371.6 367.8 358.4 361.2 357 352.5 348.3
494.9 496.9 499.3 501.7 502.7 501.9 501.1 500.3 500.4 499.9 498.5 498.5 499.7 500.4 503.3 504.3 503.2 500 496.3 494.3 492.3 489.8 488.6 487.9 487.1 485.8 483.8 480.9 478.1 477.8 477.3 476.3 474.2 471.7 469.9 470.7 472.3 471.6 470.5 469.3 466.3 464.6 463.5 462 463.1 464.7 466.4 468.7 468.5 468.8 470.4 470.5 468.7 465.9 463.9 460.9 459.7 454.9 449.5 447.4 442.1 432 423 416.4 412.7 407.2 400.2 395.2 390.2 387.5 382 377.7 372.7 367 366.9 363.4 359.5 348.6
494.6 495.5 496.3 497.7 499.3 500.2 500.2 499.8 500.4 500.1 499.1 498 497 497.8 500.3 501.8 502.3 500.6 499.9 498.8 496.8 492.5 489.9 489.5 489 487.8 486.2 484.2 481.2 479.2 479.3 477.4 475.3 473.8 472.3 472.6 473.8 474 472.4 471.2 469.4 466.9 465.2 463.8 463.5 464.1 468.4 475.4 474.4 474.1 475.1 475.1 473.4 470.2 469 467.7 466.2 464.1 460 453.9 448 442 429.9 422.4 416.9 411.2 405.2 399.7 394.9 391.5 388.6 384.1 371.4 375.2 370.4 367.5 363.1 350.9
494.2 495.2 496 496.8 497.9 498.8 499 499.6 501.3 501.6 501.5 501.5 497.9 496.1 493.6 492.8 498 500.8 500.4 501.8 500.3 496.4 492.2 490.4 488.7 488 487.1 485.4 482.9 480.3 479.5 478.1 477 475.6 474.4 474.2 474.2 474.1 472.8 471.9 469.7 467.8 466.4 465.3 463.6 463.3 466.7 473 477.7 477.2 477.6 477.9 477.1 475.2 474.1 472.6 469.7 467.6 464.8 460.9 455.5 448.1 439 426.7 419.4 413.5 407.8 404.2 401.1 397.8 393.9 388.5 377.5 381.8 377.3 372.3 365 363.8
493.8 495.2 495.7 496.9 497.3 498.1 499.1 499.8 501.3 502.9 504 503.8 503 502.4 500.2 496.7 490.7 494.6 498.6 501.5 501.7 496.6 493.3 490.8 489.2 487.2 486.1 484.6 484.1 481.6 478.3 477.1 477 476.6 476.7 475.4 474.5 474.4 473.9 474.4 472.7 470.3 467.3 466.5 463.6 462.9 463.8 466 470.7 476 478.7 478.8 478.7 478.7 478 476.7 474.9 472.5 469.8 466.3 460.9 455.2 444.8 431.9 422.4 419.1 411.6 407.5 407.1 404.5 398.1 388.5 386.9 388.5 378.6 371.9 375.5 378.7
495.3 495.2 496 497.4 497.7 498.2 499.2 500.2 501.8 503.4 505.1 505.8 505 505.1 504 501.7 498.3 489.1 490.2 495 496.9 495 493.4 489 487.3 485.6 484.5 481.7 480.5 480.5 477.8 474.9 474.6 475.6 476.7 476.7 475.8 476.2 476.5 475.6 473.3 469.9 466.4 464.8 463.2 462.5 461.9 462.9 462.7 466.1 470.5 473 475.8 479 480.1 479.7 478 474.9 471 466.2 461.7 456.5 448.5 433.5 425 422.2 415.6 410 405.8 402.4 396.3 397.5 392.7 382.3 384.2 382.1 384.3 386.4
495 496.5 497.7 498.3 499.9 501 501.1 502.5 503.4 504.3 505.3 506.2 506.4 506.9 507.1 506.3 502.6 498.9 495.3 489.7 482.1 485 488.7 483.4 481.6 482.9 482.5 481.1 476.9 477.4 476.2 473.3 472.6 473 474.9 476.1 476 476.5 477.1 476.4 474.2 470 465.4 461.7 461.9 461.3 460.5 459.7 459.2 458.9 460 461.1 463.6 469.3 476.9 480 478.3 474.9 467.3 458.5 451.3 446.5 440.7 434.4 428.9 425.4 418.4 410.9 401.4 399.2 396.2 399.6 392.4 384.3 389.3 382 383.7 384.6
491.4 495.2 497.9 501 503.2 505 505.9 506.4 507.2 507.7 507.1 507.4 507.6 508.2 509.6 508.5 507.3 503.7 497.6 494.2 490.8 483.7 479.5 479.3 476.5 474.4 473.4 472.9 471.1 470.8 470 468.3 468.4 468 467.7 471.8 474.8 476.4 476.5 473.8 471.5 467.2 462.4 461.2 460.8 460.5 459.9 459.4 458.3 457.8 456.4 456.1 456.4 458 462.1 468.1 469.9 465.3 456.9 447.4 441.5 437.1 433.5 431.7 429.9 425.2 420.2 410 413.3 407.1 396.1 392.8 388.7 385.3 384.7 376.8 372.2 368.6
486 489.7 493.6 498.5 502.4 505.6 507.4 509.2 510.4 511.6 512.5 512.9 512.9 512.4 511.9 511.5 511.2 506.3 499.5 497.1 493.9 490.1 487.6 484.1 481.8 478.7 475.2 471.2 470.4 470 469.8 469.9 467 465.7 464.8 462.9 463.7 469.3 470.9 468 466.4 464 456.5 459.2 456.9 457.6 458.4 457.7 457.2 456 454.9 455.7 454.1 455.7 457.1 456.9 456 451.3 445.6 441.1 437.2 432.2 428.5 427.1 428.3 425.1 419.4 419.4 417.9 406.4 402 396 394.7 388.3 384.4 371.5 359.7 356.9
480.8 485.9 488.9 493.2 498.5 502.3 506.8 510.4 512.8 514.5 516 516.9 517.5 517.3 516.9 513.3 508.3 504.3 499.4 497.9 495.5 491.4 488.7 486.2 483.6 480.7 475.2 471.8 471.5 471.6 472.1 472 468.4 468 468.3 467.8 462.4 457.8 463.5 462.8 460.1 457.8 452.6 449.5 448.1 449.6 450.6 451.4 451 450.4 452.4 452.4 452.3 454.6 454.7 453 450.2 445.9 441 438.8 435.1 430.4 429.2 428.2 426 423.6 424.8 422.7 417.4 410.5 398.8 391.1 384.8 376.7 367.9 362.3 354 350.9
476.1 482.2 486.5 490.5 494.7 498.5 502.6 508.8 513 516.3 518.5 520.3 520.1 517 515.7 513.9 509.6 503.1 497.3 493.7 492.4 490 487.8 485.3 482.7 481.1 479 475.2 472.2 471.3 470.3 469.2 467 467 466.6 464.7 461.3 452.8 450.4 454.3 451.4 451 448.4 444.1 442.1 443 443.5 443.8 444.1 445 446.5 448.1 448.1 452.4 454.6 455.5 452.4 446 442.8 438.4 433.8 430.5 429.9 427.6 425.5 420.9 422.7 407.4 381.6 400.4 390.1 381 374.9 370.6 363.1 356.3 350.6 345.4
471 478.9 485.4 489.4 493.3 496.7 499.8 503.9 509.2 513.9 516.8 517.7 514.9 512.3 510.6 508.3 501.9 496.2 491.2 489 488.7 487.4 485.2 483 481.1 480.5 477.1 475.5 474.9 471.1 468.1 466.2 464.6 463.1 461.4 459.6 456.7 452.9 443.5 447.1 446.2 444.6 443.1 441.6 438.6 438.5 439.3 439.7 440.2 440.5 440.7 439.4 443.2 448.2 451 452.7 452.1 448.2 441.4 434.4 432.4 428.4 425.6 424.9 422 394.4 392.1 404.9 392.4 385 377 371.9 367.2 363 358.7 352.2 346.7 340.8
467.3 476.2 481.6 486.9 492.3 496.5 499.8 503 505.1 508.6 511.7 510.4 508.8 505.5 501.9 499.4 494.9 489.4 486 484 484.4 484 481.8 480.6 479.7 476.5 474.3 474.6 471.6 466.8 463.8 461.2 460.1 459.2 457.5 454.4 452.1 448.9 443.7 438 441.4 439.6 439.2 438.3 436.8 433.8 434.6 435.4 436.3 436.6 436.5 436.2 434.1 440.6 447 447.5 445.1 440.8 438.5 433.4 428.8 423.7 414.4 411.9 388.5 400.9 385.5 381 372.9 367.6 366.6 363.9 361.7 357.2 352.2 348 351.4 346.2
464.5 471.3 476.9 482.9 489.7 494.9 499.2 502.4 504.1 505.5 506.2 505.3 504.6 502.8 500 497 492.7 486.7 483.1 481.3 480.7 479.5 479 477.1 474.6 472.4 470.8 470.2 466.4 461.2 457.2 454.8 454.7 453.7 452.7 451.4 450 448.6 445.3 439.9 432 434.9 432.5 432.8 432.9 426.4 430.4 431.4 431.7 431.4 431.1 430.7 429.9 432.4 438.4 440.5 438.7 433.6 431.7 428.2 420 413.9 409.7 399.5 400.4 383.6 378.5 365.4 360.8 359.6 355.6 353.6 352.2 352.8 352.7 349.4 343.4 338.7
461.9 467 471.8 477.5 486.1 491.9 496.1 501 503.4 504.6 504.6 503.5 501.4 499.5 496.2 494.8 493.7 489.4 484 480.7 478.3 477.6 479.9 474.7 471.6 468.7 466.6 463.7 460.4 456.5 452.6 449.5 446.3 446.5 446.2 446.2 445.7 444.6 442 438.8 435.3 426.2 427.4 422.4 425 422.1 422.8 425.6 426 426 425.4 425.9 425.4 426.5 428.5 431.1 429.8 427 424.3 420.1 412.9 406.6 399 388.5 384.4 374.3 367.6 362.2 355.5 351.5 348 342.7 342.9 343.2 335.2 331.5 326.6 322.2
458.8 465.3 469.8 475.1 481.7 488.3 493.6 499.2 503 504.4 504.9 503.8 504.6 503.6 500.6 495.1 489.4 487 483.9 480.2 476.7 475.8 474.6 471.3 468.2 464.4 460.6 457.8 455.3 451.4 448.7 446.8 443 440.6 439.4 438.2 437.2 437.1 434.7 432.6 429.9 424.7 422.4 419.5 418.9 419.6 416.8 419.8 419.7 419.2 420 421.1 421 422.8 422.3 420.2 415.4 411.5 409.9 407.5 403.7 397.1 388.6 382.7 371.5 363.9 355 350.8 350.4 346.3 343.5 337.9 334.4 333 337.1 334.4 327.5 327.3
456.7 463 468.9 474.2 479.4 483.1 487.8 496.2 503.9 505.9 505.8 505.6 503.7 501 497.4 494 490.4 487 483.9 478.3 473.6 469.7 467.7 466.7 463.4 458.7 455.9 453.6 450.8 445.7 443.4 441.9 440.5 437.8 434.9 432.8 430.3 427.7 425 424.1 421.3 417.9 415.9 417 410.8 414.4 412.1 413.8 413.1 413.6 413.4 414.6 414.8 415.4 418.4 414.7 416.7 412.7 405.2 398.2 388.9 379.6 374.4 372.2 364.7 359.1 355.1 348.4 346.8 347.2 345.3 341.2 341.2 337.3 330.3 323.2 324.9 331.9
454.3 462.1 468.3 473.7 477.9 480.9 483.5 484.1 495.6 503.9 504.2 504.4 502.9 496 489.2 486.7 484.4 483 482.9 475.2 472.3 468.9 461.4 458.9 456.4 453.6 452 449.2 443.8 439.3 436.9 435.1 434.2 432.2 428.8 426.4 424.4 422.1 418.6 416.8 414.6 409.5 407.1 408 405.4 406.6 405.4 406.9 408.7 410.5 412 409.8 410.4 408.4 409.3 415.3 412.1 412.4 409.9 393.8 381.3 389.8 374.5 360.1 357 354.5 349.1 347.6 348.6 348.4 351.7 349.3 345.9 343.1 337.8 333.1 320.3 320.5
452.4 460.8 466.8 472.7 478.3 483.6 490 494.8 487.9 487.3 489.1 491.6 491.6 491.5 484.4 481.3 478.6 476.4 473.8 472.3 466.9 466.5 459.2 453.5 446.3 446 445.7 442.1 438.1 435.6 432.5 430.6 428.3 426 422.6 418.2 418.8 417.7 415.5 413.5 410.5 407.1 404.6 401 396.8 404.2 404.1 399.6 402.9 406.3 408.4 408 411.3 411.5 408.5 404.6 403.5 392.5 388.8 387.8 390 367 359.3 355 353.6 351.5 348.8 354.3 358.5 359.1 352.7 347.5 343 339.3 334.2 328 320.8 316.4
449.1 458.8 465.5 470.7 477.6 488.2 497.6 505 507.8 498.7 494.4 488.6 478.4 476.1 475.2 475.2 471.7 469.1 465.6 462.9 458.4 450.3 444.7 441.6 440.4 437.1 434.7 433 434.7 432.2 428.8 426.3 424.2 421.4 417.3 415.9 415.2 413.9 412.4 411.4 409.3 406.9 403.4 399.5 392.7 398.1 397.4 397.2 397.8 403.2 401.7 408.2 410.1 409.4 408.3 411.8 407.2 400.8 396.7 398 379.1 359.3 355.1 352.3 351.9 353.6 354.3 349.9 350.6 348.9 345.8 341.1 336.9 332.1 328.5 327.4 325.6 321.2
445.7 455.9 464.1 472.6 485.5 496.5 504.4 508.1 510.4 503.4 503.4 500.2 494.3 483.6 482.7 481.8 481.2 475.1 468.6 461.3 454.3 448.4 443.2 439.4 435.2 432.2 429.2 428.1 430.7 428.5 425.1 422.4 420.4 417.9 415.3 414.9 413.2 411.6 408.3 406.8 403.6 400.2 395.1 391.4 386 388.2 386.9 387.5 388.6 391.8 393.4 397 398.5 395.7 406.4 404.2 403.8 402.2 391.7 371.2 360.8 356.9 356.6 353.1 354.4 352.9 350.2 345.2 342.3 341.8 337.1 333 332.2 329 320.1 316.1 307.8 306.1
447.1 454.7 469.2 483.1 492.4 497.9 501.8 505.6 508.8 507.2 504.9 503.5 500.2 496.8 492.8 489.8 486 481.6 476.5 469.4 463.7 458 454.6 447.6 439 437.4 432.4 427 423.8 424.2 422 420 418.2 415.5 413.4 409.7 406.5 406.2 403.5 399.6 394.2 390.6 391.6 388.9 383.5 381.1 383.8 383.4 381 380.6 385 386.7 388.4 383.6 389.9 394 391.2 390 376.3 363.4 364.4 360.2 354.4 350.9 346.6 343.2 339.6 336 334.5 331.4 325.5 322.5 320.6 316.3 307.1 306.8 309.6 306.6
