ny/ny92_OST50GRID_20230518/NY92.asc
ncols 200
nrows 200
xllcorner 390000
yllcorner 520000
cellsize 50
[rows 140 to 174 of 200, columns 78 to 155 of 200]
313 310 306.8 307.7 307.2 305.1 300.9 296.8 295.3 291.1 285.6 279.6 269.2 255.8 266.5 263.8 249.8 242.6 243.1 257.1 263.1 266.4 268 267.3 267.7 268.2 272.3 271.8 274.3 277.6 280.7 279.8 282.3 283.5 284.2 289.3 290.6 291.5 290.5 289.8 289.4 289.6 288.7 289 289.1 289.6 287.9 286.7 283.9 280.5 278.4 275.9 275.8 274.6 274 273.9 273.2 273.3 274.9 275.2 273.1 267.8 264.9 263.4 262 256.2 247.9 247.1 253.3 256.5 256.8 255.9 251.7 247.1 251.6 248.4 243.3 240
309.6 304.7 303.2 305.5 299.4 294.3 291 288.2 285.9 283.3 278.1 267.2 259.8 270.2 273 266.2 242.6 244.5 249 264 269.8 270.6 271 272.1 271.9 271.4 273.7 273.1 279.8 282.9 285.1 284.9 288.3 286.3 288.4 292.3 294.7 295.2 294.7 294.8 294.9 293.7 292 290.3 289.1 286.4 286.7 283.8 281.7 279.4 277.9 277.9 276.9 275.7 274.7 274.5 275.1 274.3 274.4 270.8 270.9 272.1 268.4 267.4 271.1 270.6 270.8 269.5 265.3 260.6 259 255.9 254.8 254.4 257.2 254.2 248.6 244.3
299.6 299.4 297 294.5 290.3 285.7 281.3 279.8 278.8 275.7 267.3 261.5 273.9 272.9 274.3 268.8 259.6 249.8 257.8 269.6 274.5 275.2 275.5 274.2 277.4 276.4 275.6 277.3 286.1 289.3 291 291.4 292.6 291.7 295 298.6 301.5 302.6 303 303.7 301.8 298.8 295.7 292.7 289.4 284.2 285.1 282.9 282 280.8 279.9 280.8 279.2 279.4 279.2 279.2 278.8 276.8 276.7 276.3 275.8 277.7 277.5 279.3 279.4 278.8 278.4 277 274.7 272 267.7 267.1 261 262.1 262.1 260.2 256.9 252.7
300.4 295.6 290.1 285 280.2 274.9 274 272.2 271.1 272.6 277.7 272.9 272.9 272.9 272.9 272.9 271.8 262.3 262 275.2 277.1 278.7 277.6 278.5 280.9 280.7 283.4 283.5 292.8 296 296.2 295.5 297.6 299.2 302.8 306.7 309 310.4 309 304.6 300.8 296.2 293.3 292.1 291.8 291.8 291.8 289.9 285.1 283.7 284.9 287.7 286.8 287.9 286.6 285.1 285 285 282.3 285.9 286.5 289.6 287.9 285.2 286 286.2 287.3 286.5 281.6 278.7 276.1 274.5 273.2 274.7 274.2 271.6 265.6 260.6
289.6 283.7 281.3 280.2 281.2 286.1 287.5 282.7 278.6 277.2 272.9 272.9 272.9 272.9 272.9 272.9 272.9 275.1 267.9 277.1 279.5 280.9 280.2 281.1 285.6 287.2 290.7 296 299.2 300 299.6 300.3 302.3 303.3 307.3 311 311.6 307.9 305 299.7 296.6 296.1 296.6 296.5 297.4 299.9 299.7 293 291.3 291.1 292.8 296.9 298.4 300.6 300.9 300.1 299.9 297.3 290.7 292.2 291.6 291.9 294.5 298.5 298.7 298.9 298.4 297.4 296.8 293.7 292.2 290.2 289.4 287.3 287.2 282.4 277.2 271.2
286.1 284.5 288.7 290.2 292.5 291.9 287.9 283.2 277.9 272.9 272.9 272.9 272.9 272.9 272.9 272.9 272.9 272.9 277.1 279.9 281.3 282.9 282.7 285.1 288 293.4 295.4 299 301.9 302.3 302.6 305.1 306 307.7 309.3 307.3 307 303.7 300.6 298.4 298.5 299 299.6 300.1 299.2 296.8 296.4 296.4 296.9 300.4 303.8 308.3 311.8 314.3 312.7 311 309.7 305.9 297.8 302.8 302.6 304.8 307.5 308.4 307.1 306.9 307.5 306.4 303.8 303.6 302.9 303.3 302.9 301.4 297.7 294.2 288.5 281
286.5 289.6 293.4 293.4 292 288.7 282.1 272.9 272.9 272.9 272.9 272.9 272.9 272.9 272.9 272.9 272.9 272.9 268.9 282 284 286.7 286.4 288.3 291.9 296.3 299.3 303 305.6 306.7 308.9 314.2 313 314 313.2 307.2 305.3 304.7 305.2 305.5 306 304.9 304.5 304.9 304.8 303.4 302 303.5 305.9 309.9 315.1 318.4 321.5 323.4 321 318.6 311 311 309.6 310.6 317.8 323.1 326.8 326.6 323.6 321.6 319.3 315.9 310.4 307.5 306 306.8 305.7 304.4 302.3 301 298.4 295.1
287 292.7 293.8 290.9 287.3 280.6 272.9 272.9 272.9 272.9 272.9 272.9 272.9 272.9 272.9 272.9 272.9 272.9 277.7 283.5 285.9 289.4 289.6 291.4 296.2 300.2 306.4 307.9 314 317 318.1 321.1 317.7 312.3 312.8 315.1 318.9 320.2 320.3 320.8 319.4 314.4 312.9 313.3 314.8 316.2 316.5 318.7 320.5 321 323.9 327.1 327.1 326.4 324.3 320.2 317.9 317.5 315.6 316 318.9 321.9 323.5 325.2 324.4 322.6 319.8 316.3 312.3 308.2 302.4 299.2 299.8 297.9 296.7 296.5 297.6 296.9
291.2 294 291.4 284.1 274.2 272.9 272.9 272.9 272.9 272.9 272.9 272.9 272.9 272.9 272.9 272.9 272.9 272.9 282.8 285.5 289 292.2 293.6 295.6 302.4 311 316.9 321.4 324.8 324.1 325.2 324.8 325.5 326.6 329.4 330.7 330.3 332.4 332.5 330.1 323.6 325 325 323.6 327 326.7 327.3 329 329.8 330.1 331.5 331.9 332 330.7 328.6 327.2 325.9 324 321.3 319.5 320.9 322.5 322.9 322 320.7 319.2 317.1 315.1 310.3 305.8 302.7 302.7 294.9 292.8 290.9 289.8 290.8 292.6
287.5 281.7 278.1 272.9 272.9 272.9 272.9 272.9 272.9 272.9 272.9 272.9 272.9 272.9 272.9 272.9 272.9 282.9 287.4 290.8 295.2 296.6 298.6 304.3 309.6 317.3 324.4 333.9 338.5 336.1 333.6 335.8 335.7 335.8 335.6 333.6 334.8 334.3 333.2 331.4 332.5 334.5 336.1 333.2 336.2 334.3 335.1 338.5 341.8 342.6 342.3 341.7 340.3 341.1 333.6 337.6 337.2 334.7 331.5 329.5 327.5 329.5 330.3 329.5 329.1 326.8 324.1 320.9 316.2 311.3 305.9 300.7 297.8 296.2 297.2 292.6 287.9 287
272.9 272.9 272.9 272.9 272.9 272.9 272.9 272.9 272.9 272.9 272.9 272.9 272.9 272.9 277.3 279.7 285.3 288.8 295.8 299.6 302.6 301.3 304.9 307.4 313.8 324.2 334.8 343.2 346.3 343.1 341.2 339.5 339.1 339 339.5 338.4 336.4 336.4 337.7 342.6 343.7 343.7 343.4 340.7 344.9 345.1 342.9 347 348.7 350.3 350.2 348.2 345.2 340.5 346.7 352.4 353.5 351.8 346.7 341.3 337.3 337 336 334.5 331.7 327.9 322.8 319.1 317.1 310.4 309.3 311.2 303.5 298.9 296.3 293.3 297.2 288
272.9 272.9 272.9 272.9 272.9 272.9 272.9 272.9 272.9 272.9 277.8 277.3 278.6 281.2 283.5 286.9 292.3 296.5 302.3 307.9 309.1 307.3 308.2 312.7 323.3 333.8 343 348.9 349.4 350.9 347.5 343.7 346.4 347 345.5 342.5 345 348.8 349.4 348.1 347.7 347.1 346 345.1 345.7 346.8 349.3 351.2 351.5 349.8 349.3 351.3 352.6 346.4 357 357.9 358.8 355.6 352.1 346.9 337.9 333.7 332.7 328.3 326.7 329.2 329.9 330.9 330.5 326.9 323 316.2 314.9 314.7 313.3 309.1 304.9 302.3
272.9 272.9 272.9 272.9 272.9 272.9 272.9 272.9 272.9 272.9 280.7 281 282.6 286.6 289.8 293.2 297.8 303.9 310.5 315.3 314 312 313.1 322.1 335.1 345.7 350.6 354.2 356.1 356 352.9 350.4 350.8 352.3 350.8 350.4 352.2 352.1 350.8 349.5 348.2 347.5 346.9 347 348.4 350.2 351.7 351.1 353.5 357.7 358.7 357 355.6 351.5 355 354 354 350.1 345.8 344.7 341.1 333.1 334.7 327.9 333 334.1 333 331 329.4 327.2 324.5 322 317.2 313.4 311.9 312.1 310 307.7
272.9 272.9 272.9 272.9 272.9 272.9 272.9 272.9 278.1 275.8 282.6 284.9 287.5 291.2 295.1 299.8 306.5 313.5 319.4 320.4 319.9 318.6 319.8 328.5 340.1 350.6 356.6 359.5 358.5 357 355.6 355.4 354.6 355 354.7 353.7 354.4 352.8 352 350.6 349.2 348.4 348.5 349.2 351.2 353 358.7 362.2 361.8 359.1 357.1 356 355.2 356 356.3 356.3 356.6 355.4 354.1 357.8 350.5 347 344.5 342.3 341 338.1 336.5 334.3 333.2 330.1 327.8 324.6 321.2 317.1 311.4 310 309.3 307.8
272.9 272.9 272.9 279.8 280 280.5 281 282.1 285.5 284 286.4 289.2 292.4 296.2 300.6 306.6 313.5 320.4 325.7 326.7 324.9 323.5 327.2 335.4 345.5 353.6 357.8 358.1 357.8 358.2 358.7 360.5 362.1 363.9 364.3 365 363.6 357.4 355 353.5 351.5 350.3 350.6 352.8 355.5 363.2 365.4 363.9 361.8 359 358 357.3 357.5 358.2 359.9 360.8 362.5 365.4 367 365.9 365.3 364 358.4 358.4 353.7 349.5 349 346.9 344.9 342.2 338.1 333.9 331.9 324.4 317.3 311.1 307.8 306.3
276.6 280.7 283.2 285.8 289.2 289 289.8 290.2 289.6 287.4 288.8 291 296 302.2 306.8 311.5 315.9 322.7 329 330 328 328.3 333.2 342.9 352 358.3 360.8 362.5 363.5 364.6 366.1 366.7 368 370.5 369 367 363.5 359.5 356.6 355.6 355.6 356 357 360.4 363.1 361.5 360.6 359.7 359.6 358.7 360 359.9 363.9 368.4 373.2 375.3 374.7 374.6 372.8 368.9 366.5 366.2 363.2 360 357.8 356.7 356.2 355.7 354.8 351.1 348.4 343.1 333.3 332.9 327.7 322.3 315.6 309.4
283.1 285.1 287.6 292.2 294.8 294.7 293.6 292 290.9 290.5 290.5 293.7 298.8 303.8 307.4 312.9 318.7 323.8 328.8 330.7 330.5 331.9 337.5 347.8 357.3 360.9 363 365.9 366.9 366.7 368.6 369.7 369.2 368.7 368.4 368.6 371.3 373.5 368.6 365.6 363.9 363.6 362.5 362.4 361.4 361.1 360.7 360 359.7 362 363.4 369.9 373.6 376.2 378.1 377.8 377.7 376.8 374.9 372.2 370.2 367 363.8 361.6 360.2 358.9 358.6 358.4 357.3 354.7 351.7 347.8 344.9 340 334.3 329.6 324.4 319.9
284.4 288.1 292.6 295.3 295.8 295.5 295.2 293.4 293.2 293.5 293.9 295.4 299.1 305.4 309.6 314.7 317.2 325.9 330.2 332.3 332.5 334.8 342.1 350.7 355.8 360.5 364.3 369.1 370.6 370.6 370.3 369.4 369.3 370.2 372.7 376.4 384.5 386.1 383 379.8 377.8 372.6 368.3 365.3 362.8 362.1 362.5 364.5 368.7 374 378.1 379.1 377.3 377.2 376.9 376.9 377.2 377.6 377.1 376.3 373.8 371.1 368 364.8 362.7 361.5 361 359.2 358.2 356.4 353.9 351.2 347.9 343.9 339.5 334.5 329.5 324.2
282.8 288 292.2 293.3 293.2 294 295.5 297.7 298.6 299.5 300.7 304.1 308 311.7 316 319.4 323.4 324.2 328.8 331.2 333.3 337.7 343.9 347.6 354.9 361.3 367 370.4 372.4 374.2 375.7 376.4 377.4 378.3 381.6 387.1 391.2 392.3 389.4 384.6 381.3 378.2 374.9 373.7 372.2 370.7 371.7 377.1 380.4 381.9 378.8 377.5 377 377 377 377.7 378.6 378.6 377.2 376.4 374.4 372.6 370.2 368.1 366.3 364.2 362.4 360.8 359.2 357.2 355 352.5 349.9 346.3 342 337.6 332.3 327.9
290.7 286.4 290.2 291.7 294.1 297.6 300.7 303.8 306 307.2 308.8 311.2 314.2 316.5 320 323.6 327.3 330 328.1 331.6 334.2 338.5 343.5 349.8 355.5 362 367.3 369.7 373.3 377.8 382.4 383.5 385.2 387.4 389.4 394.2 395 392 387.7 383.2 380.8 379.3 378.9 378.5 376.4 375.1 376.3 379.5 381.1 379.4 377.8 377.8 376.9 376.7 377.1 377.3 377 376.6 376.3 376.1 375.3 374.4 373.5 372.1 370.3 367.9 364.7 362 359.4 357.1 354.8 352.5 350.1 346.8 342.8 338.7 334.7 330.5
293.8 291.3 291.1 294.2 298 301.7 304.8 308.8 312.4 315.7 315.7 316.7 317.5 319.3 323.4 327.8 331.5 333.6 331.2 331.1 333.8 338.2 344.5 351.3 357.9 364.3 367.9 370.4 375.3 382.6 387.7 390.4 393.6 393.8 392.3 394.6 393.9 392.2 389.3 384.9 384.1 384.1 385.2 383.2 380.4 378.7 378.2 378.2 378.5 378 377.6 377.5 376.8 376.1 376.2 375.7 375.8 376.3 376.3 376.9 377.3 377.7 375.7 374.5 372.6 371.1 367 363.1 359.8 356.8 353.5 350.5 348.8 346.2 343.8 339.8 335.9 331.5
297 294.1 294.3 295.6 300.3 303.7 308 314.1 317.7 320.1 320.6 320.1 321.7 325.8 330.2 333.5 335.1 335.9 334 332.8 336.7 340.5 346.4 354.1 360.6 364.7 368.6 374.1 379.7 385.6 391.7 394.9 393.7 392.8 393 394 395.8 397.6 396.1 395.8 394.5 392 389.7 386.7 383.5 381 379.2 378.6 378.5 378.2 377.4 377.1 376.5 375.7 375.1 374.1 373.7 373.4 373.3 374 374.9 374.6 372.5 369.8 369.8 369.5 366.8 363 359.5 357 353.5 350.4 347.9 345.8 344 340.1 334.6 330.8
299.9 299.5 297.8 299.9 301.4 304.7 311.9 317.1 320.4 322.4 323.1 324 327.8 332.1 335 337.9 337.4 335.9 334 335.4 338.2 343.7 351.5 358.1 362 365.7 371.5 379.1 384.6 391.3 394.5 394.4 394.5 394.4 394.5 396.3 399.1 402.2 402.4 399.3 396.3 393.4 391.2 388.5 386.1 384.7 383.7 382.7 381.4 379.8 379.9 378.1 376.2 375.9 375.3 373.9 372.4 372.8 371.8 370.5 370.7 370.2 368.7 367 366.1 365.2 363.5 360.6 358.2 356.2 354.1 352.2 349.7 347.8 345.5 341.3 335.7 330.5
306.4 303 300.6 303.8 305.1 309.2 311.6 318.9 323.4 327.1 330.7 333.4 335.9 337.6 339.4 341.1 337.9 336.5 336.5 337.5 340.8 345.9 353.5 359.3 363.4 368.7 376.4 385.6 392 394.2 393.8 395.5 396.8 399.4 402.8 403.2 403 402.6 401.1 401.8 400.6 398.4 395.4 391.6 388.7 387.1 385.5 384.6 383.8 382.9 381.2 379.2 376.6 374.2 373.1 372.2 370.5 371.4 369.8 368 367 365.8 364.6 364 363 361.5 360.2 358.5 356.6 355.1 353.7 352.4 350.9 348.7 346.1 342.8 337.2 330.8
305.5 305.4 305 307.4 310.3 315.4 319.9 321.8 327.6 336.6 339.7 340.5 341.8 342.2 343.9 343.8 341.7 340.4 340.5 342 344.4 350.8 355.8 360.5 367.1 376.1 385.6 389.2 391 392.5 394.4 397.8 407.6 409.7 406.5 404.1 401.7 400.3 399.4 399.5 397.6 395.3 394 392.3 390.3 388 386.4 386 386 385.9 385.6 383.8 380.7 376.9 372.2 370.3 369 368.2 367.3 366.2 365.7 364.8 363.6 362.4 360.8 358.8 357.6 356.6 355.4 353.9 352.6 351.5 349.9 347.6 345.3 341.2 336.5 331.1
310.5 310 314.5 317.6 321.1 325.3 327.9 333 330.5 337.3 342.2 344.4 346.1 348 347.6 346.9 345.3 345.2 346.4 348.6 349.8 354.5 357.8 364.6 376.1 383 384.9 386 388.1 393 401.2 409.6 410 408.9 407.5 406.1 404.5 400.9 397.7 395.6 392.8 390.8 389.9 389.2 387.6 386.6 386.3 387.1 388.2 389.1 389.7 389.2 388.1 384.9 380.3 370.2 367.5 366.8 365.4 364.2 366 367.2 364.4 362 360.6 358.4 356.2 354.1 353.3 351.6 350 348.7 346.4 344.3 342.1 339.2 335.3 330.6
319 320 324 327.6 330.8 334.5 337.3 338.2 336.9 336 344.2 346 346.6 347.4 347.2 346.8 346.7 348.4 350.7 354 356.6 363 368.7 376.8 376.2 379.6 382.3 385.6 389.5 398 406 406.3 406 405.1 404.3 405.3 404.8 401.5 400 396.2 391.9 390.6 389.9 388.8 388.2 387.5 382.5 384.6 384.8 385.5 386.1 386.7 387.9 385.9 383.9 376.4 371.1 369.1 366.4 363.9 363.5 362.9 360.6 358.8 357 355.9 353.9 351.8 348.6 348 346.3 344.2 342.3 340.6 339.2 337.7 333.1 330.8
327.6 328.4 331.2 335 337.4 338.7 341 342.2 342.2 342.7 343.1 345.5 346.8 347.9 347.8 348.3 350.6 354.4 357.6 362.7 368.8 374.1 375.3 376.3 378.4 380.7 388.2 396.3 398 398.4 399.2 402.9 404.6 405.1 402.6 401.3 399.6 397.6 395.5 393.5 392.3 391.8 391.9 392.1 389.3 386.5 383.3 378.8 380.9 381.4 383.1 384 384.9 384.5 383.9 380.5 372.9 369.9 368.7 365 361.5 359.1 357.7 355.6 353.7 351.9 350.1 347.8 345.6 344.5 342.8 341.3 339.7 338.2 336.9 334.4 331.8 330
335.3 338 336.1 341.9 342 342.5 343.6 343.7 344.5 346 347 348.3 350.2 351.5 352.9 355 357.2 360.5 364.1 367.4 369.9 371.8 372.7 374.2 378.1 388.5 394.8 403.2 403.3 403.2 400.5 404 404 401.9 400.4 399.4 397.5 395.5 394.4 394.1 394.4 394.9 395.9 394.9 390.2 384.6 378.6 375.4 376 377.8 379.6 380.2 380.9 380.8 379.4 375.7 369.7 365.2 363.7 362.6 360 358.6 356.7 354.6 350.3 350 347.8 345.6 342.7 342.1 340.6 339.1 337.5 335.5 333.6 332.3 329 326.5
343.1 345.2 344.5 347 347.1 347.2 346.7 349.4 351.4 352.5 353.5 353.6 355.4 358.8 363 365.5 367.3 368.3 369.1 370.3 371.2 372.1 374.7 380.5 386.9 390.8 393.2 401.1 400.8 400.6 397.8 399.3 398.6 398.8 400 399 397.3 395.6 394.6 392.3 391.2 392.3 393.2 392.6 388.4 382.3 377.6 373.6 373 374.6 376.6 377.5 379.1 379.1 377.3 372.3 366.4 360.1 358.9 358.1 357 355.2 353.5 351.6 348.9 346.2 344.2 342.3 339.7 339.4 337.7 335.3 333.3 331.5 329.4 328 325.1 321.9
350.6 352 353.2 355.8 356.1 357 356.7 358 359.1 359.5 361.4 363.7 365.7 373.6 374.4 374.4 374 373.7 374.3 377.4 381.5 386.9 389.5 390.1 389.4 388.7 389.7 395.3 395 395.4 393.6 394.8 396 397.6 398.6 398.7 397.3 395.3 392.7 390.6 387 385.6 384.5 383.1 382.3 379.8 376.8 373.4 370.4 372 372.7 373.5 373.9 373.5 369.4 364.9 359.4 354.4 353.7 353.1 352.6 351.1 348.8 346.4 344.6 342.2 340.8 339.4 337.2 335.2 333.4 331 328.6 326.7 324.8 323.2 321 318.2
360.3 361.8 362.9 365 366.3 367.3 367.9 368.7 370.4 371.4 375 378.8 378 379.9 380.4 381.9 384.9 387.5 388.1 388.2 388.1 388.4 388.4 387.8 387.2 387.1 389.3 389.8 391.1 392.4 390.6 392.5 394.9 396.4 397.1 398.5 397.6 394.5 390.8 388 383.9 380.3 378.6 377.4 377.3 376.2 374.3 372.3 370.1 369.4 369.7 370.8 371.4 370 365.4 358.9 352.4 349 349.1 348.1 347.5 346.8 345 342.2 340.2 338 336.2 334.4 332.4 329 328.4 326.7 324.3 322.6 320.9 318.7 315.7 314
369 369.6 369.7 372.2 373.2 374.2 375.5 376.7 378.7 381.3 381.3 381.5 382 384.5 391.4 393.8 395.2 395.2 395.3 393.5 390 388.7 388.3 387.6 387 386.5 387 387.5 392.3 391.6 389.1 389.7 392.8 393.6 395.9 395.1 395.2 394.3 391.3 387.1 382.4 379 376.5 375.1 374.2 373.6 372.3 370.8 369.3 366.8 367.6 368 369.2 369.1 363.2 355.6 350.8 346.9 345.5 344.3 342.1 341.4 339.9 337.8 336.1 334.3 331.3 329.7 327.6 324.4 324.1 322.6 320.8 319.2 316.8 314.4 311.3 309.1
372.9 373.7 374.1 375.6 377.6 380.4 381.5 383.3 385.3 386.2 386 386 386.6 389.4 392 393.7 395.9 397.7 397.6 395 391.7 389.2 388.4 387.8 387.2 386.1 385 386.6 390 389.3 387.7 386.6 388.7 392.9 394.1 392.7 392.4 391.4 390.2 386.6 382.8 378.9 375.9 373.6 372.5 371.6 369.8 368.5 367.3 364.8 365.8 366.2 366.9 366.1 361.4 355.2 349.6 345 341.1 339 337.1 335.3 334.2 333.6 334.3 332.3 329.1 326.1 324.3 321 320.8 319.2 317.9 315.9 313.7 311.2 308.4 306.1
376.2 377.1 378 379.5 381.9 385.3 389.6 394.1 395.5 394.5 393 392.3 391.3 390.6 391.3 392.8 394.6 396.2 395.8 394 391.4 389.4 388.5 388 387.3 386.7 385.8 382.7 385.5 385.3 383.8 384.3 388.2 391.6 391.7 390.3 389.9 389.3 388.4 386.9 383.8 380.1 376.7 374.1 371 369.9 367.8 365.8 364.4 362.6 363.1 363.3 363.2 362.6 357.1 351.8 345.5 340.8 336.6 334.7 333.3 331.5 330 331 331.5 328 325 321.8 320.8 319.5 317.2 316.3 315.1 313.1 310 307.8 305.7 303.2
