ny/ny91_OST50GRID_20230518/NY91.asc
ncols 200
nrows 200
xllcorner 390000
yllcorner 510000
cellsize 50
[rows 70 to 104 of 200, columns 0 to 77 of 200]
436 436.6 437.6 439.3 441.1 441.3 441.7 441.1 439.9 438.5 437 436 434.5 433.4 432.4 428.5 424.3 419.8 415.1 411.4 410.3 409 408.8 407.4 407.4 405.6 405 398.2 397.6 397.7 395.5 391.3 387 382.7 379.3 372.6 369.8 369.3 368.4 370.3 377.9 379.2 379.8 380 382.4 383.6 384.8 387.1 387.5 390.5 391.6 393.1 395.3 397 395.7 395.7 392.7 390.4 389.5 391.1 394.5 397.7 400.3 402.4 403 401.9 398.8 385.9 374.2 394.8 397.6 400.5 401.8 402.5 403.1 402.5 402.2 401.7
435.7 436.4 437.3 437.5 438.7 439.5 439.3 439.2 439.6 439.5 438.5 436.9 437 436.1 432.8 427.8 422.4 417.3 412.4 410.6 409.8 408 399.8 399 393.3 389.8 389.5 389.3 387.7 385.6 384.4 382.1 377.1 373.7 372.3 371.6 378.9 381.7 383.1 384.4 385.3 385.5 387.5 388.9 391.1 392.1 394.1 396 396.9 398.2 399.1 399.7 400.8 399.7 399.5 398.3 396.3 395.1 396.7 398.9 401.3 403.1 404.4 403.8 401.7 391.1 382.6 392.9 394.1 395.3 397.3 400.1 401.9 402.7 403.3 403.1 402.7 402.5
435.8 436.1 436.6 435.1 435.2 435.9 437.6 438.5 439.7 439.7 439.2 438.8 437.3 434 430 423.6 417.1 412.7 409.4 404 400.2 392.5 391.9 393.9 393.3 397.3 399.7 398.4 393.8 389.9 384.1 377.3 375.9 378.9 385.1 385.1 384.9 386.7 388.1 390.1 391.9 394.3 395.1 397.2 399.2 400.5 401.7 402.3 402.7 402.4 402.7 402.5 401.6 401.3 402 402.7 403 402.8 403.2 403.8 404.9 404.8 403 388.5 397.6 400.8 399.4 398.1 398.9 400.2 401 402.3 402.6 402.8 403.6 403.9 403.9 404
435.4 434.4 433.6 432.9 433.4 436 437.3 438.2 438.4 437 436.4 434.4 432 427.7 421.8 415.4 411 405.2 396.8 395.4 394.4 403 408.6 404.7 405.2 404.5 402.2 399.9 394.8 390.1 385 386.4 387.7 388.3 388.9 388.6 390 392.3 395.2 398.1 399.6 402.2 404.1 404.8 405.1 405.2 405.9 406 405.8 405.2 405.6 404.3 404.5 406.3 406.3 406.9 407.4 407.2 407.2 406.1 402.8 393.1 404 405 405.2 404.5 404.3 404 402 404.3 404.1 404.7 405.5 405.5 405.4 406.2 405.9 406.1
432.7 431.1 429.8 429.3 430.2 431.7 432.9 433.1 432.8 432.1 429.7 427.4 423.8 419.8 415.7 411.1 400 398.4 397.1 403.1 409.3 410 410.2 409.1 408.4 406.5 403.2 397.9 392.5 391.3 387.3 390.9 392.2 392.5 393.2 396.8 398.4 400.8 404.3 406.4 408.2 409.1 409.8 409.4 409.1 409.1 409.4 409.5 409.4 408.8 409.4 408.3 409.2 410.1 410.3 409.8 408.9 408.2 406.6 399.8 405.2 407.2 408.4 409.7 410.6 410 409.5 408.2 408.2 407.9 407.6 407.8 408.5 408.9 409.3 409.5 409.5 409.7
431.1 429.9 428.7 428 428.1 428.1 428.6 428.2 426.5 423.7 418.8 410.7 407.5 410.9 405.4 402.1 404.9 409.1 410.8 411.3 414.8 415.2 415.8 415.4 412.4 408.4 403.4 399.7 398.3 396.1 391.8 396.5 398.3 398.8 399.9 403.4 407.6 409.4 411 412.5 413.7 414.1 413.5 413.4 412.9 413.1 413.1 413 412.8 412.1 411.4 411.2 411.8 412.7 411.3 410.1 409.5 408.6 407.6 402.9 409.3 411.5 413.2 414.5 414 413.2 412.3 412 411 411 410.7 411 411.4 412.3 413.2 414.6 414.9 414.7
430.5 428.8 427.9 427.1 425 424.6 419.9 415.3 412.7 411.1 415.5 417.1 417.7 410.9 412.2 417.6 418.6 418 420.4 421.9 423.6 423.9 422.1 418.1 413.6 407.1 406.6 405.1 403.8 403.1 398 403.4 403.9 405.9 410.5 412.7 414.6 415.2 416 416.7 417.7 417.7 417.9 417.4 417.1 417.4 417.4 416 415.3 415.1 415.2 415.6 416.3 414 411.8 410.3 410 409.9 409.5 408.9 412.8 415.2 416.8 417.1 416.5 416 415.5 414.9 414.3 413.6 414.6 414.6 415.8 417.5 418.7 419.7 419.1 417.7
430 428.8 427.4 425.7 424.3 422.5 413 420.6 422 422.5 423.1 424.1 424.6 425.1 425.4 425.7 427.5 428.4 429.8 430.2 429.5 426.7 423.1 418.2 416.2 413.7 411.6 410.3 410.3 409.1 400.5 410.1 412 415.5 417 417.5 418.4 419.2 419.9 421.1 421.1 420.9 421.3 420.3 421 421.3 421.1 419.9 420.7 420.3 420.9 419.8 417.6 415.4 414.3 412.9 411.4 411.5 411.1 411.3 414.1 416.1 417.8 418.2 418.3 417.7 417.3 417 417 416.6 417.5 419.3 420 421.3 422.5 422.6 422.2 420.8
429.4 428.1 426.7 424.8 418.1 414.3 419.3 422.1 425.1 426.6 427.3 429.1 431.9 433.1 433.7 434.2 435.3 435.1 434.9 433.6 431.4 426 425.2 423.5 420.7 420.5 418.6 417 415.7 413.6 403.1 416 418.1 420.6 421.2 421.9 423.3 424.4 424.8 424.2 424.7 423.6 423.2 422.5 423.1 423.6 423.8 423.2 422.8 424.1 424.3 422.3 419.8 417.7 416.1 413.9 411.8 410.2 407.2 411.2 415 417.2 418.7 419.5 419.7 420.5 420.8 420.9 420.4 420.2 420.2 421.6 423.1 424.5 424.7 424.5 424.2 423.4
426.6 422.6 418 419.7 424 425 426 426.6 427.6 430.6 433.5 435.9 437.5 438.1 439.4 439.9 439.2 437.7 435.6 434.5 432.7 430.5 429.1 427.6 427 425.7 423.5 421.8 419.8 406.7 414.3 420.7 422.4 424.6 426.3 428 428.7 427.6 427.7 427.2 425.5 424.8 424.6 424.8 425.1 425.5 425.3 424.9 424.4 425.8 425.4 424.2 422.4 419.4 416.8 413.6 410.3 407.5 408.2 413.6 417.1 418.9 421.3 422.7 423.6 423.7 423.3 423.4 423 422.7 423.3 423.3 423.6 425.1 425.4 425.3 425 423.9
420.2 419 425.6 426.9 428.4 429.2 430.3 431.4 433 435.6 437.9 439.4 440.1 440.9 441.2 440.4 439.4 437 437.2 436.2 435.2 434.3 432.7 430.4 430.5 428.9 427 424.3 418.3 419.1 422.3 424.9 426.5 429.4 432.3 432.5 431.5 430.8 429.6 428.5 427.4 427 427.2 427.1 426.8 426.9 426.1 426 425.4 425.6 425.2 424.7 422.4 419.5 416.9 411.9 412.7 412.5 413.4 415.8 418.9 421.5 424 425.1 425.2 424.7 424.6 424.8 424.3 424.4 424.7 424.7 425 425.3 425.6 425.1 424.3 423.5
424.7 426.7 428 429.8 431.7 433 433.9 435.7 435.6 435.8 439.1 439.3 438.9 439.3 439.3 438.4 438.3 438.7 437.9 437.2 436.3 435.8 434.3 433.2 432.3 430.3 427.4 421.2 416.8 424.6 425.9 428 431.1 435.6 437.4 436.1 434.6 432.4 430.6 429 429.1 429.2 429.7 429.7 428.4 427.4 426.7 426.3 425.8 424.9 424.7 423.8 422.4 419.7 413.8 415.1 415.8 416.1 417.9 419.5 422.5 424.3 425.5 426.4 426.4 426.1 425.4 425.2 425.1 424.8 425 425.8 426.4 426.1 424.7 424.2 423.5 422.1
426.7 428.8 431.3 433.1 434.6 435.7 437 437.5 438.5 439.4 439.6 439.6 438.8 439.9 438.6 438.2 439.5 439 438.4 437.8 436.8 435.8 434.9 434.1 432.3 428.7 420.7 425.8 426.4 428 430.6 433.4 436.3 439 438.7 437.6 435.9 433.7 431.9 431.3 431.1 431.3 431 430.3 429.3 427.6 426.8 426 424.8 422 421.8 421.3 417.4 414.5 418.3 420.9 421.8 422.1 422.9 423.4 425.4 426.3 426.6 426.5 426 425.5 425.1 424.8 424.5 424.7 425 425 426.4 425.8 424.3 422.6 421.2 419.9
427.3 429.9 432.6 434.5 436 437 437.7 438.7 439.6 439.9 439.8 439.4 440.2 440.3 439.6 440.2 439.7 439.3 438.7 437.7 435.7 434.5 432.2 430.5 427.1 425.6 428.5 430 431.2 432.5 435.3 437.7 439.8 440.4 439.8 438.2 437.4 435.5 434.6 433.9 433.6 432.8 433.1 432.5 431.8 429 425.3 423.5 421.6 419.4 417.1 417.2 421.6 423.8 424.7 425.1 425 425.3 425.4 426.3 426.9 426.8 426.6 426.1 425.6 425.5 425.1 424.5 424 423.8 423.7 423.3 424.1 424.3 422.9 421 419.2 417.3
427.6 430.1 433 434.3 435.7 436.9 438.2 439.2 440.1 440.5 440.6 440.6 440.4 440.7 440.5 440.8 440.1 439.1 438.2 436.9 434.4 433.5 432.5 431.8 431.5 431.8 433 434.3 436 437.3 438 439.6 441 441.4 440.9 440.7 440.1 438.9 437.8 437.6 437.3 434.8 436 435.8 431.2 425.5 424.4 422.6 420.7 417.7 421.4 423.1 425 426.2 426.7 426.3 426.8 426.6 426.9 427.3 427.4 427.2 426.7 426.1 425.7 425.6 425 424.4 423.7 422.2 421.6 421.8 421.7 421.4 420.5 418.8 417.5 415.6
428.1 429 432.1 434.7 436.2 437.4 438.7 439.9 440.4 440.6 440.6 440.6 440.5 441.2 441.5 440.8 439.9 439.1 437.3 435.6 435.1 434.6 434.3 434.8 435.3 436.1 437.9 438.8 439.1 439.1 440.1 440.8 441.2 441.9 442.1 443 442.2 439.8 436.7 434.3 432.6 431.6 429.3 427 426.4 425.1 423.3 420.3 418.9 417.7 422.3 423.1 424 424.6 425 425.5 426.2 426 425.7 426.7 427.2 427.3 426.9 426.8 426 425.6 425 424.4 423.3 422.6 421.3 419.1 419.5 418.9 417.8 415.9 414.2 413
430.9 432.9 434.7 435.4 436.9 438.1 439.2 440.1 441.1 440.9 441.3 441.7 442.1 442.2 441.5 441 440.1 439.3 438.1 437.2 437.1 438.2 437.9 438.6 439 440.4 441.9 442 441.8 441.4 441.4 440.1 439.5 439.4 439.6 439.3 437.8 436.5 434.9 432.8 430.4 428.7 427.7 426.5 424.2 422.7 420.1 421.2 422 421.9 423.2 423 422.9 423 423.2 423.8 424.5 424.5 423.9 424 424.6 426.1 426.4 426.1 425.4 423.4 421.8 420.1 419.3 419 418.6 417.7 416.3 413.5 414.2 412.1 410 408.4
435 436.4 437.1 437.3 438.6 439.4 439.8 440.3 441.3 441.5 441.7 442.3 442.8 442.3 441.6 441 440.4 439.5 439.2 439.4 441 442.1 441.3 441.2 441.3 442.2 443 442.8 441.1 439.3 437.2 436.5 435.8 435.7 435.6 435.4 434.8 433.6 431.1 428.7 426 424.5 423.4 421.9 423.9 421.6 424.3 423.8 423.6 422.9 422.7 422.1 421.5 421.2 421.3 421.4 421.3 420.9 421 420.9 421 421.2 421.2 420.2 418.9 417.8 416.9 417.9 417.9 418.3 418.2 417.3 416.1 415 412.4 411.8 409.9 405.9
438.3 438.7 438.8 439.1 439.6 440.5 440.9 441.2 441.4 442.2 442.6 442.9 442.7 442.3 441.8 441.3 440.9 441.7 442.3 442.6 443 441.7 440.5 440.1 439.7 440.3 440.5 439.6 438.7 435.9 434.9 434.2 433.7 432.9 431.8 430.6 429 427.1 424.5 423.6 422.9 422.2 422.9 425.2 425.9 425.6 425.7 425 424.1 422.8 421.5 420.1 419.1 418 417.3 416.7 416.7 416.7 416.7 416.7 416.9 416.7 416.5 415.8 414.2 413.7 413.6 414 416.2 417.6 418.3 418.1 416.4 415.1 414.1 411.4 409.4 407.8
441.3 440.4 439.9 439.9 440.1 441.4 442.1 442.5 442.8 443.1 443.1 442.6 442.6 441.9 442 442.6 443.7 444.3 444.2 443.1 441.5 439.9 438.8 438.5 438.4 438.8 438.8 438.4 437.5 435.8 433 432.3 431.2 430.1 429.2 428.4 426.8 424.4 424 424.4 424.9 425.8 426.5 427 426.7 426 425.3 423.8 421.7 420.3 418.6 416.8 416.6 416 415.7 415 414.8 414.4 413.9 413.5 413.8 413.4 413.1 412.2 410.8 409.9 410.5 411.9 413.9 416.2 418 418.3 416.2 415.1 413.9 412.7 410.3 408.4
444 442.6 441.7 441.7 442.5 443 443.1 442.9 442.3 441.7 441 440.5 440.4 440.7 440.9 442.4 443.4 443.9 443.3 441.4 439.3 437.9 435.9 436.1 435.8 436.1 436.6 436.7 435 433.8 432.1 431.7 430.8 430 429.2 428.1 426.3 425.6 425.9 426.6 427.3 427.1 427 426.8 425.8 424.7 423.5 421.8 419.7 418.4 417.2 416.3 415.9 415.2 414.5 414.2 414.1 413.6 412.8 412.3 412.3 412.2 411.5 410 408.5 407 406.4 407.2 408.4 412 414.1 415.3 414.4 414.8 412.5 411 410.4 409.1
445.7 445.2 444.7 444 442.9 442.9 442.1 440.4 440.3 439.5 439.5 439.1 438.9 439.4 439.5 440.3 441 440.8 439.4 436.5 434.8 433.8 433.5 434 434.1 434 433.7 433.3 433.3 432.4 431.5 430.9 430.5 429.8 428.4 426.7 425.1 427.6 428 427.5 427.6 427.2 426.6 426.4 424.2 423.1 422.3 420.3 419.3 417.9 416.7 415.7 415.1 414.6 414.2 413.8 413.3 412.8 412.1 411.3 411.3 410.6 409.2 407.7 405.6 403.8 403.3 403.8 404.4 406.3 407 405.8 406.5 408 406.2 406 406.1 405.2
447.4 446.1 444.2 442.8 440.9 439.8 438.7 437.9 437.9 437.7 437 436.4 435.1 435.7 435.8 435.2 435.1 434.6 433.1 432.2 431.3 431.9 432.3 432.5 432.3 432.2 432 432.1 431.5 430.7 429.8 429.5 428.5 427.3 426.7 427.2 428 427.3 427.5 427.4 426.8 426.5 426.1 425.7 424.6 423.5 422.5 421.4 419.6 418.1 416.8 415.8 414.8 414.3 413.8 413.8 413.2 412.1 411.2 408.8 407.7 406.2 404.7 402.9 401.5 401.8 401.5 401.1 400.2 399.2 398.5 398.4 398.4 399 399.4 399.3 399.3 398.8
443.6 443.2 441.8 440 438.3 436.9 435.9 435.6 435.6 435.6 433.9 433 431.7 431.5 432.2 431.7 431.1 430.6 430 431.1 430.4 430.2 430.5 430.6 430.6 430.7 430.3 430.3 429.9 428.1 427.6 428.6 429.4 429.2 429 428.7 428.2 427.8 427.5 427.4 427 426.4 425.7 424.9 424.2 423.3 422.4 421.1 419.9 419.1 417.4 416 415.4 414.4 413.3 413.6 412.4 411.6 411.8 411.6 410.4 409.1 407.7 405.5 403.1 398.9 397.9 397.6 396.1 395.1 394.7 394.1 393.7 393.5 393.7 393.9 394 393.4
440.3 439.8 437.8 436.6 435.5 436.6 435.7 434.6 433.6 433.1 432.2 433.7 433.9 433.7 433 433 432.6 432 432.7 432.5 432 431.5 430.6 429.5 428.9 428.9 428.4 428.4 429.2 430.1 430.3 430.9 431.4 431.1 430.9 430.1 429.1 428.4 428 427.6 427.2 426.4 425.3 424.8 423.9 422.9 422.2 421.2 419.9 418.5 417.1 415.8 415.4 414.8 414.1 413.6 413.2 412.8 412.6 412.2 411.2 410.3 408.4 406.1 403.5 401 398.2 394.3 394.6 393.7 392.4 391.5 391 389.8 389.1 388.8 388.8 388.9
438.7 439.3 439.4 438.5 438.4 438.2 437.4 436.2 436.1 435.5 435.6 435.8 435.1 435 434.4 434.2 434.2 433.9 433.3 433.5 433.3 432.9 432.2 431.8 431 431.1 430.5 431 430.9 431.4 431.7 432.7 433.4 433.1 432.2 431.8 431.1 430.8 429.4 427.8 426.8 425.8 424.9 424.6 423.6 422.4 420.6 419.8 418.7 417.5 416.4 415.7 415.1 414.5 413.9 413 412.5 412.7 412.6 412.6 411.1 409.3 408 406.4 403.9 401.2 398.3 394.6 392.2 392.1 390.8 389.6 388.5 387.9 387.5 386.4 385.4 384.6
440.9 441.5 441.6 440.1 439.5 439 438.4 437.7 438.3 438.3 438 437.4 436.6 436.2 435.8 435.2 435.1 434.7 434.5 434.5 434.3 434.2 433.7 432.9 432.5 432.2 431.7 431.9 431.8 432.1 432.6 434 434.8 434.4 433.4 433.4 433.3 432.6 431.3 429.5 427.7 426.6 425.5 423.9 423.2 421.9 420.4 419 418.1 417.2 415.9 414.6 414.1 413.5 412.6 411.4 410.8 410.6 410.2 410 409.4 408.7 407.6 406.2 404.3 401.2 398 395.6 393.6 391.6 389.2 387.7 385.9 385 383.9 382.9 383.2 382.6
443.4 443.5 442.4 440.9 440.3 439.9 439.6 439.5 439.9 439.9 439.8 439.4 438.4 437.2 436.9 436.5 436.1 435.8 435.6 435.4 435.1 435 434.7 434.2 434 433.2 432.6 432.4 432.8 432.5 433.1 434.3 435.1 435.4 435.3 435.7 435.6 435 433.7 432.2 431 429.4 426.4 424.5 422.7 421.5 420.4 418.5 417.7 416.5 415.2 414.1 412.8 412 411.4 410.8 410.3 409.4 407.8 407.3 408.1 407.4 406.6 405 402.8 400.9 399.3 397.5 395.3 393.2 391.7 390.3 389.1 387.6 386.3 384.6 380.3 381.4
444.6 444.2 443.2 442.2 441.3 441 441.1 441.2 441.2 441 440.6 440.1 439.6 438.7 437.8 437.2 436.4 436.6 436.3 436.1 435.9 435.8 435.6 435.1 434.5 434 433.6 433.7 433.4 433 433.4 434.4 436.1 437.7 437.4 437.5 437.1 437 435.7 434.6 432.9 431.4 429.2 425.9 423.8 421.9 420.8 419.6 418.2 416.7 415 413.6 410.6 411.3 410.8 410.1 409.8 407.8 407.4 406.7 405.1 405 402.9 402 401.4 400.1 399.5 398.2 396 394.5 392.9 391.2 389.8 388.3 386.5 384.8 382.6 377.5
444.6 444 443.4 443 442.3 441.6 441.6 441.6 441.6 441.2 440.9 440.5 439.8 439.9 438.7 438.2 437.8 437.5 436.9 436.7 436.5 436.1 436.2 435.7 434.9 434.4 434.2 433.7 433.5 433.4 434.9 436.2 437 437.4 438.5 438.7 437.9 436.6 433.9 432.5 432.3 431.3 429.7 428 425.9 424.2 422.6 420.2 418.2 416.3 414.3 412.3 411.1 410.3 409.8 408.5 407.4 405.6 404.7 403.6 401.8 399.3 395.1 395.3 398.5 398.1 397.6 396.4 394.7 392.7 390.8 388.6 387.8 385.9 383.9 381.9 379.8 376.9
442.8 442.9 443.3 443 443 442.4 442.2 442.1 441.7 441.3 440.8 439.8 439.4 438.2 439.2 438.7 439 438.4 437.1 437.1 436.7 436.3 436.4 435.9 434.8 434.1 433.5 433.3 433.6 434.4 433.2 432.8 431.4 430.8 429.9 428 427.6 427 426.1 426.5 429.1 429.9 429.2 427.5 425.8 424.7 423.7 421.2 417.7 414.7 412.9 410.6 408.9 408.1 407.6 406 404.7 403.4 402 401.3 399.8 398.2 396.8 392.3 388.5 392.1 391.9 390.8 389.4 387.6 385.3 384 383.5 382 380 378.4 376.8 374.8
441.8 442.2 442.3 443.2 443.2 443.3 443.6 443 441.6 439.1 437.6 437.7 437.5 436.7 436.5 436.1 436.2 436.2 435.9 435.4 435.2 434.1 433.4 432.3 431.2 430.4 430.7 430.9 431.3 431.2 430.3 429.1 427.4 426.7 426 425.6 424.6 424.1 423.3 423.3 423.3 424.1 424.2 424.3 422.9 422.7 420.9 417.7 413.8 410.4 409.1 408.2 406.3 403.7 404.2 403.6 402.5 401.2 399.9 398.6 397.1 394.7 393.3 391.6 388.4 383.2 384.7 384.3 382.8 381.8 380.6 379.3 378.1 377.4 376.8 375.3 373.4 371.8
441.1 441.3 441.1 442 443 442.6 441.8 440.5 438.5 437.9 437.5 437.3 436.6 436.1 435.9 435.3 435.3 434.2 433 432.9 432.4 431.3 430.2 429.3 429.1 429 429.4 430.4 430.5 429.7 428.5 427.5 426.9 426.3 425.5 424.5 423.8 423.6 421.2 419.3 419.9 420.6 420.7 420.7 419.4 417.9 415.5 413.5 410.4 407.6 406.1 404.7 402.9 401.2 400.3 400.4 399.5 398.7 397.1 395.4 393.4 391.5 388.9 386.7 384.8 380.6 379.5 381.5 378.1 379.8 378.9 377.5 376.5 375.4 374 372 370.2 368.6
440.7 440.6 440.1 440.6 440.5 440.6 440.2 439.4 438.6 437.8 437.4 436.7 436.4 435.7 435.1 434.5 433.5 433.3 432.7 431.7 431.3 429.8 428.9 428.4 428.2 428 427.8 427.7 427.9 428.4 427.5 427.2 426.8 426.2 425.6 425 424.6 423.9 422.4 420.8 417.3 416.9 418 417.3 415.3 412.5 409.7 407.2 404.2 402 401.6 400.9 400.1 399.5 398 397.6 396.3 395.1 394.1 391.9 389.2 387.5 383.8 378.7 372.3 373.2 371.9 368 367.1 365.6 369.6 374.7 375.1 374.6 372.9 371 370.1 368.1
439.5 439.8 439.7 439 439.3 440 439.9 439.2 438.5 437.9 437.5 437.1 436.7 436 435.5 434.8 433.9 432.9 431.6 430.9 429.6 428.6 428 427.5 427.3 427.1 426.8 426.6 426.5 426.4 427.2 427 426.8 426.3 425.8 425.7 425.4 424.8 423.6 421.7 420.5 418.1 411.1 411.2 410.4 407.9 404.9 401.7 401 400.7 400.7 400.2 399.8 398.2 396.3 394.9 394.1 392.5 390.7 388.2 384.8 380.5 382.4 383 383.1 382.3 381 380.1 378 376.2 367.7 362.1 362.4 371.4 371.3 371 370.3 368.7
