ny/ny91_OST50GRID_20230518/NY91.asc
ncols 200
nrows 200
xllcorner 390000
yllcorner 510000
cellsize 50
[rows 140 to 174 of 200, columns 0 to 77 of 200]
446.7 445.8 445 444.5 444.1 443.6 443.2 442 440.6 438.6 435.9 433.7 432.7 430.8 430 429.1 428.1 426.8 426.7 426.2 425.1 424.2 422.8 421.7 421.3 420.7 420.1 419.1 418.2 418.9 416.2 413.3 415.2 415.5 416.1 415 412.4 410.2 409.2 408.8 408.8 408.8 408.7 408.7 408.6 408.6 408.6 408.5 408.5 408 407.4 407.3 407.1 406.6 406.1 405.8 405.7 405.1 404.5 403.8 402.7 401.6 399.8 398.9 397.7 394.9 391.6 390.6 389.1 387.9 386.9 385.7 384.6 384.2 383.7 383.1 385.6 387.9
446.6 446 445.5 445 444.4 444 443.7 442.9 441 438.8 435.8 434.5 432.9 431.8 430.6 429.5 428.8 428.6 428.6 426.8 426.8 425.3 423 422.7 422.1 421.3 420.3 419.3 418.4 416.5 416.5 413.1 414.8 414.8 416.7 415 411.1 409 408.3 408 408.4 408.2 408.2 408.2 408.2 408.2 408.2 408.1 407.8 407.7 407.2 407 406.9 406.5 406 405.7 405.7 405.1 404.5 403.9 403.1 401.9 400.3 398.1 396.3 393.4 392.1 390.4 388 386.9 385.7 385 383.7 383.3 383.1 382.8 382.5 382.2
446.2 445.5 445.3 445.1 444.2 440.4 438.9 438.4 436.4 435.4 435.3 434.2 432.9 432.1 431.6 430.8 430 429.8 429.4 428.6 427.6 426.4 424.6 422.7 422.6 421.5 420.1 418.7 417.8 416.5 414.2 412.3 413.7 414.4 417 412.4 409.7 407.8 407.4 407.6 407.9 407.8 407.7 407.8 407.9 407.8 407.8 407.7 407.1 407 406.9 406.7 406.5 406.3 406 405.7 405.7 405.2 404.5 403.9 402.8 401.7 399.6 397.2 396.3 394.2 391.8 389.4 387.8 386.9 385 383.6 383.2 383.1 382.9 382.2 381.8 381.2
446.7 445.2 445 442.1 437.7 436.7 434.9 434.3 434.8 434.7 434.3 433.4 432.7 432.2 431.9 431.9 431.3 431.1 430.8 429.2 427.1 426.2 424.9 423.2 422.5 421.2 419.3 417.1 415.7 414.3 412.9 413 413.4 413 412.9 411.6 408.5 407 406.6 407.1 407.5 407.5 407.5 407.9 407.7 407.4 407.4 407.3 407 406.6 406.5 406.3 406.1 405.9 405.7 405.6 405.5 405.1 404.5 403.8 402.7 401.6 399.9 397.3 394.4 393.5 390.7 388.7 386.8 385.8 384.7 382.8 383.1 382.8 382.6 382.2 381.7 380.7
447.1 444.7 442.1 439.1 437.8 435.9 435.6 435.6 434.1 433 432.2 431.6 431.7 431.8 431.1 431.4 432.3 433.1 432.5 429.9 428.1 426.4 424.7 422.9 422.4 420.4 417.8 414.8 412.9 411.5 411.7 413 412.3 412.4 411.4 410.3 408.4 406.8 406 406.4 406.5 406.4 407.1 407.8 407.9 407.6 407.9 407.8 407.3 406.2 406.2 405.9 405.7 405.5 405.3 405.2 405.1 404.8 404.5 403.6 402.5 401.3 399.2 396.4 394.3 392.3 389.6 386.9 386 385.1 383.2 382.1 382.2 381.8 382 381.8 381 380.5
446.3 444.3 441 440 438.7 438.2 437.2 437.4 435.8 434.8 433.3 432.6 431.9 431.9 431.2 430.7 430.9 433.5 433.1 430.7 429.1 427.4 424.1 423.2 420.5 419.3 415 413.3 411.9 411.8 411.7 411.7 410.8 410.5 410.6 409.4 406.8 405.5 405 405.3 405.3 406 406.6 407.2 407.6 407.7 407.8 407.4 406.9 405.3 405.3 405.6 405.4 405.2 404.9 404.7 404.6 404.4 404 403.1 402 400.5 397.5 394.7 392.7 390.5 388.5 386.9 385.8 384.2 383.1 382.3 380.7 382.1 381.5 379 380.5 379.4
446.7 443.8 441.5 440.7 439.8 439.4 438.9 438.6 437.7 437.6 435.4 433.4 432.9 431.9 430.9 429.6 430.5 433.2 433.3 431.8 430 427.4 424.5 423 421.1 416.2 412.8 411.8 409.7 409.4 410 409.9 409.6 409.3 408.7 407.1 405.4 404.7 404.1 404.7 404.4 404.6 405.9 406.7 407 406.8 406.6 406.4 406.2 405.8 405.4 405.3 405.1 405 404.5 404.3 404.1 403.9 403.1 402.2 401.2 399.1 395.6 392.7 391.5 390.6 388.1 386 384.7 383.8 383.5 382.7 382.8 381.9 380.6 380.3 379.6 380.2
447.1 443.9 441.9 440.9 441 441 441.5 441.2 440 436.9 435.6 433.9 432.8 431.3 431.2 428.5 429.8 432.5 433.1 431.5 429.5 426.8 423.8 422.4 418.1 415.3 410.8 408.7 408.7 407.4 408.6 408.5 408.3 408 407.5 406.2 404.3 403.6 403.7 404.1 403.4 403.9 405.3 406 406.5 406.5 405.7 405.4 405.2 405.4 405.1 405.1 404.9 404.5 404.2 404.2 403.7 403 402.7 401.5 399.5 396.7 395.3 394 390.8 388.7 388.4 386.1 384.5 384.2 384.3 383.7 382.1 381.5 380 379.8 380.1 380.4
448 446.2 443.2 441.2 442.2 442.2 442.4 441 438.4 436.4 435.1 433.9 432.6 431.1 429.7 428.6 430 430.7 430.9 431.6 428.9 426.6 423.3 420.9 416.2 413.8 410.8 408.5 407.6 406.5 407.7 407.5 407.5 406.9 406.4 405.7 403.6 402.6 402.7 402.2 402.3 402.5 403.6 404.8 405.6 405.8 405 404.6 404.3 404.4 404 404.3 404.2 404.2 403.6 403.6 403.1 402.1 400.9 400 399.1 397.8 395.1 392.1 390.2 389.7 387 385.5 384.9 384.7 384.1 383.4 382.1 381.9 381.4 381.8 381.6 382
447.8 446 443.6 441.9 442.4 442.5 442.2 440.8 437.5 436.2 434.4 432.5 431.4 430.4 429.6 428.7 428.9 430 429.4 429.9 429.5 425.8 422.5 420.7 416.3 413 411.4 408.1 407.5 406.8 406 406 406.2 405.7 404.9 404.2 402.8 401.3 401.7 401.3 400.6 401 402.6 402.6 404.8 404.4 404.3 403.7 403.6 403.1 403.5 403.5 403.3 403.1 403 402.5 401.2 400.2 400 399.7 397.7 396.7 393.3 390.9 389.4 387.3 386.2 386 384.6 384.1 383.5 382.3 380.9 381 381.3 381 382 380.7
447.4 446.3 444.3 442.7 442.1 442.6 442.1 440.8 436.3 435.1 433.4 431.6 430.6 430.1 429.4 428.1 428.9 429 429 429.5 428.8 425.6 423.1 421 416.9 413.3 413.6 408.4 407.9 406.9 406.3 405.6 404.5 404.3 403.4 402.6 400.4 400.3 399.3 399.5 399.1 399.2 401.5 400.9 401.6 402.9 402.9 402.8 402.7 401.6 402.5 402.5 402.1 402.1 402.1 400.5 399.3 398.2 398.1 396.6 395 394.4 393.2 390.9 387.5 385.1 381.2 379.1 377.7 378.8 378.3 378.3 380 380.8 380.6 380.5 381.3 379.3
447 446 444.3 442.6 441.5 441.9 441.6 440.3 435.6 435.3 433.4 431.4 430.2 429.2 428.1 428 428.5 427.8 428.4 428.8 427.7 425.1 422.4 421.5 418 415 416.4 408.7 408.3 407.9 406.8 404.8 404.1 403 400.9 400.7 398.7 398.9 398.1 397.8 397.8 398.5 399.4 399.5 399.3 399.8 401 400.7 401.1 400.2 400.5 401 399.7 399.3 397.3 396 396.6 397.7 396.1 392.3 390.1 387.9 386.9 385.3 381.7 378.4 375.8 374.5 373.9 373.7 373.8 373.7 374.8 378.2 376.5 375.7 375.8 373
445.2 445.5 444.6 442.9 442 441.4 440.8 439.4 435 434.7 433.9 431 429.7 428.5 428.1 427.2 428 428.2 428.3 427.2 426.2 424.1 422.3 420.5 418.6 416.3 416 408.6 408 406.8 405.4 403.9 402.5 400.7 398.5 397.8 396.9 397.3 397.2 396.1 396.3 396.6 396.9 396.7 397.9 398.6 398 397.5 398.7 397.9 397 395.2 395.7 396 395.4 395.4 393.3 388.2 386.8 386 384.7 383.7 381.3 378.3 376 373.6 373 371.9 371.6 371.3 370.8 370.2 369.9 370.7 371 370.9 370.3 369.4
445.2 444.7 443.4 441.9 441.3 440.6 437.9 434.4 434 433.8 431.7 430.1 429 429.1 427.7 425.7 425.4 426.5 426.1 426.9 426.1 423.8 422.1 420.8 419.4 416.5 414.1 408 407.4 405.7 404 402.9 401.5 399.1 398 396.4 395.7 396.2 395.8 395.1 394.8 395.1 394.9 394.8 395.2 395.4 395.6 395.6 395.8 394.5 393.1 392.6 391.1 388.8 386.3 385.5 384 383.1 381.8 380.9 379 376.6 373.8 372.4 372 371.4 371.5 370.3 369.9 369.2 368.8 368.3 368 368.1 367.9 368.4 368.4 368.6
442.6 442.3 441.1 440.6 439.2 438.7 437.6 436.4 434.8 432.4 430.6 428.8 428 427.8 425.8 425.1 425.1 425.1 425.3 426 425.2 423.9 422 421.1 418.9 415.6 412 406.8 407.3 404.6 402.8 401.8 400.9 397.9 395.8 395.4 394.5 394.5 394.7 395.2 395 394 392.9 392 391.5 391.3 391.1 390.5 390.1 389.2 387.9 386.8 384.5 383.9 381.7 380.8 379.4 377.2 375.6 374.1 372.5 371.9 371 371.2 370.3 369.6 368.7 368.3 368 367.8 367.8 367.5 366.4 366.8 365.7 365.5 366.2 366.2
439.6 441.3 442.1 441.2 436.3 436.3 436 434.4 431.1 429.8 429.2 427.7 428.2 427.3 426.3 426.2 425.8 425.3 424.8 424 424 421.8 419.8 418 415.9 412.3 410.1 406.3 405.3 403.4 401.5 400.7 400.5 398.6 396.2 394.5 393 392.7 393.1 392.8 391.7 390.3 390.3 389.7 389.6 389 387.9 388.3 386.9 385.7 383.7 379.9 380.7 379.4 377.8 375.6 372.3 371 368.9 368.9 368.9 368.6 369.7 369.4 367.5 367 366.4 366.8 367.1 367.3 366.7 366.7 365.2 364.9 365 364.5 363.2 362.5
430.5 429.5 429.6 432.9 433.5 434.3 434.4 431 428.7 428.4 426.3 424.4 424.8 424.6 424.9 423.9 423.3 424 422.8 423.6 421.8 420.1 417.7 414.6 414.4 412.1 409.1 405.8 404.1 403.7 402.2 399.9 397.4 395.3 393.7 393.2 392.6 390.8 391.3 391 389.2 388.5 388.9 388.1 387.1 387 386.1 385 382.8 382.2 379.8 377.9 376.4 374.1 371.5 369.1 368.6 368 366.7 365.7 366.2 365.9 366.9 366.2 365.6 365.5 365.5 365.5 365.8 366.3 365.8 365.6 364.3 363.1 362.4 362.5 361.3 359.7
417.8 419.7 416.6 415.6 417.4 420.6 421.1 417.6 418 417.5 418.2 419.7 420.5 419.8 421 421.9 421.4 421.3 420.5 421.1 419.3 418.3 415.9 414 413 411 408 406 404.6 403.1 401.1 398.6 396.4 394.8 393.6 392.2 391.8 390.1 389.1 388.8 387.9 386.9 386.8 385.8 386.1 384.5 383.4 382.3 379.3 377 375.2 373.4 370.9 368.8 368.1 366.1 365.5 365.5 365.1 364.1 363.7 364 364.1 364.9 364.3 364.7 364.4 365 365.5 365.5 365.1 363.9 362 360.5 359.2 358.6 358.2 356.6
410.3 407.9 407.6 409.6 411.1 410.2 409 406.3 408.5 411.2 413.9 414.4 414.6 414.2 415.1 414.9 417.5 417.9 416.6 417.3 416.3 414.1 412.1 411.9 411.3 409.6 407.1 405.5 404.1 402 399.4 397.2 395 393.2 392.5 391.1 391.3 390 384 387.2 386.9 385.8 384.7 383.8 383.2 382.5 380.4 378.6 374.4 372.1 371 369.2 367.9 365.9 364.6 363.5 362.6 361.9 361.7 361.9 363.1 362 362.3 363.5 363.4 363.6 363.9 364.3 363.8 363.5 364 362.3 360.5 358.9 357.6 356.7 356 356.7
403.7 402.7 400.9 400.3 401.3 401.7 400.4 398.7 399.8 400.2 401.7 402.9 405.9 409.8 410.7 410 409.3 410.5 408.6 409.7 409.2 408.9 408.5 407.5 406.6 405.6 404.5 403.6 401.3 399.9 398.3 395.6 393.8 392 390.8 389.4 388 387 382.9 385.3 385.2 383.7 382.1 378 379.6 376.4 375 372 369.8 368.4 367.5 366 364 363.2 361.3 360.9 360.5 360.1 360.6 360.9 362.1 361.3 360.3 362.3 362.5 362.9 362.9 362.2 362.5 360.6 359.5 358.4 357.1 355.7 354.5 354.1 354.8 354.6
394.9 393.6 393.9 394.5 394.1 393.8 393.8 391.5 390.5 389.3 394.1 392.8 392.5 393 393.9 399.9 401.7 404.4 402.2 399 398.4 393.9 396.7 400.5 401.4 401.5 400.3 398.5 397.3 396.4 395.3 393.6 391.6 389.4 388.1 387.6 386.7 385.5 380.6 382.2 381.9 380.1 379.1 376 373.2 373 371.6 369.3 366.8 364.9 363.8 361.8 362 361.1 360.3 359.7 359.1 359.3 358.6 359.3 359.8 359.2 358.7 358.9 359.5 360.6 360.6 360.8 359.6 357.2 355.6 354.1 354.1 353.4 351.4 349 348.5 346.7
392.6 394.7 393 392.8 392.9 390.2 386.8 384 386.9 385.2 383 382.9 385 386.2 387 385 383.7 386.4 385.8 384.8 383 385 384.5 388 394 396 395.8 395.1 393.6 391.9 390.5 389.4 388.5 387.3 386.7 385.8 385.1 383.6 382.3 373.1 377.9 374.9 373.7 371.4 370.9 368.8 367.2 366.4 363.8 361.9 360.6 359.2 358.6 357.8 358 357.3 357.4 357.8 356.3 355.1 354.7 353.8 353.3 353 352.2 351.1 351.4 351.8 354.3 352.7 351.1 351.9 351.2 348.7 347.2 345.3 342.3 341.1
397.8 397.6 397.2 395.1 395.2 393.4 390 389.4 383.8 380.3 381.7 378.2 376.8 376.5 376.3 376.8 375.1 374.9 374.3 377.8 378.9 378 377.6 378.2 380.3 385.6 389.8 390.2 389.6 388.3 386.5 385.5 384.1 384.1 384.5 384.3 384.2 380.6 377.2 369.9 370.5 372 369.9 368.4 366.9 364.9 362.9 362 360.9 360.1 358.7 358 356.9 356.5 356.1 354.8 353.4 351.1 351.9 352.3 350.4 351.8 351.6 352 354.7 350.5 349.2 351 347.9 345.9 345.2 346.4 345.9 344.1 340.9 340.7 339.4 339.3
399.1 398.3 398 397.1 396.3 394.9 392.5 389.6 388.5 386.8 385 385.2 383.4 378.4 376.1 373.3 372.6 371.7 370.8 370.1 370 368.7 368.1 370.8 373.7 373.5 380.4 383.7 384.4 384.4 383.5 382.1 380.7 379.1 378.5 378.6 376.8 375 372.6 367 367.3 367.3 366.5 365.3 363.3 362.2 360.8 360 358.8 357.7 356.3 354.9 353 352.3 351.2 350.8 349.9 348.5 347.9 351 348 348.1 351 354.4 352 349.3 346.3 346.4 344 343.6 344.5 338.6 340 332.3 331.9 331.9 330.5 330.4
402.6 400.6 399.7 397.5 396.4 395.4 393.1 390.9 389.4 388.3 387 384.2 381.5 380.3 378.1 379.6 381.3 372.5 373.8 372.6 372.6 370.6 368.5 366.8 365.5 365.9 368.8 372 377.9 378.8 377.1 378.4 377.3 375.6 374.3 373 371.3 367.4 366.7 361.7 363.4 363.6 363.6 362.5 361.2 359.7 359.3 357.2 355.6 353.8 353.2 353.5 353.1 352.7 353.6 354.2 356.3 351.8 348.2 346.8 347.3 346.3 349.3 351.5 354.5 348.4 345.2 343.9 344.3 345.1 337.1 334.3 332.7 332.4 332.2 331.5 332 334.2
416.8 410.8 404.8 402 398.1 396 394.3 392 391.4 391.6 390 389.7 389.4 388.6 388.4 388.2 388.7 386.3 384.6 379.5 375.4 372.7 370.1 368.3 368 367.2 365.3 364.3 362.2 366.4 367.7 367.6 368.2 367.6 365.3 365.9 364 363.6 363 362.3 361.1 361.1 360.4 359.8 358.1 357.4 355.9 354.8 354.8 357 356.6 356.6 356.8 356.6 355.6 356.4 356.1 350.7 347.5 346.4 345.7 345.3 346.4 345 344.4 343.5 341.7 341.4 339.3 335.7 333.5 333.2 330.9 329.5 334 334.9 335.5 333.3
425 418 416.5 407.1 404.9 401.6 398.7 397 395.2 395.9 401 401.7 399.8 395.9 395 393.1 392 389.4 385.5 382 379.7 377.5 377.1 373.7 369.3 367.7 364.9 363.4 362.2 361.6 360.3 361.4 362.1 361.6 361.4 361.7 361 359.6 359 359.1 359 358.1 357.1 356.7 355.7 354.1 353.6 354 357 356.6 355.8 356.7 356.5 356.9 358.1 355.1 347.5 345.8 348.4 343.9 342.9 343.1 342.4 340.7 339.6 339.7 337.6 335.5 337 336.6 334.5 333.3 340.2 340.2 340.8 340.9 339.9 340.3
431.4 426.5 420.8 419.1 415.1 412.5 411.4 411.1 407.9 402.4 409.6 408.5 406.6 403.3 401.4 397.5 395.2 392.8 391.3 389.8 388.4 382.8 380.8 371.9 373.1 366.3 364.3 364.8 364.3 363.5 361.2 359.9 359.1 358.4 358.4 357.6 357.3 357 356.3 356.1 355.3 356.5 353 352.7 353.2 351.6 351.8 350.9 351.1 354 354.4 356.4 356.3 356.9 356.4 350.7 346 349.2 349.8 345.1 343.7 346.5 341.8 341.6 343.5 341.2 342.2 340.1 336.1 334.9 331.7 343.1 344.4 343.6 344.6 344.3 344.5 344.3
436.6 432.7 428.8 426.2 423.4 421 419.5 414 416.2 419 417.7 415.3 411.2 408.7 405.7 402.3 399.3 396.7 395.9 394 391.5 388.6 385.3 368.9 370.8 373.1 370.1 368.8 366.7 366.6 364.8 360.7 359.3 359.1 357.6 356.7 354.4 354.9 355 353.8 353.3 353.4 352.9 352.9 352.7 351.2 353.1 349.8 349.8 349.9 352 352 348.6 352.2 347.8 346.5 346.2 354.5 356.4 357.7 357.4 355.4 349.7 352.4 350.4 343.9 348.1 347.8 346.7 347.5 347.6 347.6 348 349.3 348.8 349.3 347.9 348.3
439 435.5 432.8 430.9 428.7 425.9 419.8 423.1 424.1 422.9 420.9 418.9 416.9 413 409.3 406.4 404.2 401.5 399 396.2 393.7 391.8 385.7 370.3 382.3 381.9 378.4 373.4 371.4 369.5 367.8 363.8 359.5 358.5 357.1 356.7 355.3 355.1 355.2 355.1 353.6 352.4 352.5 351.7 351.2 351.1 352.5 351.5 350.6 350.1 348.8 353.1 348.4 347.2 346.2 354.2 358.2 358.1 359.9 359.8 358.5 355.2 355.2 355.2 352.5 352.6 353.1 353 352.5 353.2 353.5 352.5 354 353.8 353 352.8 351.6 352.5
437.9 436.1 433.6 429.9 426.8 427.7 428 427.9 426.8 424.8 421.7 421.5 419.3 416.2 414.4 411.7 407.8 405.7 402.3 400 390.9 375.9 379.3 392.3 390.6 387.8 385.9 381.3 378.8 371.6 367.6 367.5 368.6 363.1 360.8 356.3 356 355.5 355.8 356.9 353.6 352.8 354.5 353.7 353.5 353.6 353.2 353 352.6 352.3 351.9 349.4 347.7 352.4 360.2 361.6 362 360.4 360.3 359.5 358.1 358.4 358.1 356.6 347.8 356.8 357.3 357.5 357.6 358 357.2 357.3 358 357.4 357.5 357.1 356.3 356.7
436.8 435.5 433.6 433 431.7 431.4 430.1 429.1 426.7 425.4 423.9 422 419.8 417.9 415.9 413.5 410.9 408.5 405.5 395.8 380.8 376.2 400 398.8 396.8 394.2 392.3 388.9 384.4 373.8 375.2 371.2 371 369.1 366.5 364.6 363.3 361.5 359.5 358.5 360.2 359.8 359 354.8 355.8 354.7 355.1 357.3 354.8 353.8 353.1 350.7 355.3 354.4 357.6 358.5 360.2 361.1 360.9 360.6 360.4 360.3 358.9 351.7 359.3 360.3 360.6 360.9 361.1 360.3 360.2 360.7 360.4 361.2 361.2 361.4 360.7 360.8
435.6 435.7 435.1 433.9 433.2 431.9 431 429.7 428.3 426.1 424.2 422.4 420.1 418.3 416.4 414.1 412.1 410.7 408.1 391.7 378.9 393.9 404.3 402.4 400.9 399.4 397.1 393.2 384.4 380.6 381.9 378.9 377.7 377.8 374.4 371.5 368.1 365.4 363 364.5 362.8 361.8 360.3 360.2 359.6 360.1 358.3 356.6 355.8 356 355 356.6 352.9 354.3 357.1 359.5 361.9 364.8 363.8 362.9 361.2 360.4 353.8 360 361.3 362 362.5 362.9 363.3 363.5 363.6 363.3 364.7 364.7 365.4 365.7 366 366.4
432 433.9 435.3 434.7 433.8 432.3 431.3 429.6 428.4 426.4 424.4 422 419.9 417.7 416.3 413.1 403.3 394.1 385.4 385.3 390.3 408.2 407.6 406.3 404.2 402.4 394.8 389.3 392.8 391.7 388 385.7 385.7 386.3 383.9 378.6 369.9 364.8 369.2 367.7 365.7 364.1 363.5 362.1 363.1 363.7 362.8 361.9 361.6 359.3 357.7 360.9 358.5 355.3 358.5 360.3 363.8 363.6 364.5 362.2 361.2 358.3 358.8 360.7 361.5 361.9 362.7 363.5 364.2 364.8 365.6 366.1 366.7 368.2 369.5 369.8 369.1 368.4
432.9 430.4 434.4 434.1 433.3 432.4 430.8 429.4 427.4 425.2 423.2 420.4 417.7 414.7 410.1 395.1 389 388.8 394.2 399.6 410.9 410.1 407.7 404 396.2 391 398 399.9 398.5 396.1 394.8 392.5 391.5 391.7 377.6 373.4 380.6 378 374.4 373.8 370.4 368.1 368.2 368.2 366.6 366.5 364.9 364.4 362.9 360.5 360 359.1 358.1 356 356.2 357.1 362.9 362.9 362.2 362.6 361.8 360.8 359 360.3 361 361.4 362.2 363.2 364.8 365.9 366.7 368 368.6 370.8 371.2 371.4 371.2 369.9
