ny/ny91_OST50GRID_20230518/NY91.asc
ncols 200
nrows 200
xllcorner 390000
yllcorner 510000
cellsize 50
[rows 0 to 34 of 200, columns 78 to 155 of 200]
344.8 346.1 347.1 349.8 348.1 347.8 348 345 345.4 345.8 347.3 350 352.9 355.3 356.3 356.5 356.2 355.4 354.6 351.9 346.1 342.5 340.1 335.5 332.5 330 326.9 325.1 325 323.5 321.7 319.5 318.2 317.9 310.6 303.7 318.5 318.9 320.3 320.9 320.3 319.7 317.1 315.9 315.8 313.8 311.1 308.3 306.2 305 302.5 300.9 298.9 297.1 294.9 292.6 289 284.8 280.8 277.2 273.1 269.7 266.5 263.8 258.8 258 250.4 255.8 254.4 252.2 250.7 248.1 245.3 245.6 244.6 243.7 243.5 243.3
334.7 336.9 339.6 341.4 342.9 344.6 348.9 343.6 344.8 345.8 346.1 346.1 347.1 348 349.7 352 353.2 354 354.8 352 347.2 341.9 337.7 332.5 327.8 325.7 322.9 322.1 321.3 319.7 319 318.5 317.8 317.8 304.2 313.8 316.5 317.1 318 318.2 316.6 314.9 313.1 311.5 308.9 305.6 303.4 300 297.1 296 293.6 292.6 289.3 288 285.5 282.2 279.1 275.6 272.6 269.8 266.5 264.3 260.8 256.9 254.4 252.2 246.1 247 248.7 247.3 248.3 245.3 242.9 241.7 238.7 241.5 241.2 241
331.4 333.5 335 337.5 338.5 339.8 340.8 346 346.6 347 346.8 346.2 346.5 347 349 351.5 353.1 354.6 355.5 352.9 347.1 340.3 334.3 327 323.2 319.9 318.1 316.3 316.1 316.2 315.9 315.5 315.2 316.3 304.5 299.4 314.7 313 311.8 309.6 308.1 305.2 303.1 301.4 297.9 296.5 295.4 294.1 291.9 289.7 288.2 285.7 283.6 281.8 278.2 276.9 274 270.7 266.5 264.7 261.2 259.3 254.9 251.6 250.7 250 249.4 244.6 227.6 225.8 225.5 223.8 223.5 223.1 220.2 219.5 218.3 225.3
332 334 336.2 337.7 340.2 342.5 344.4 346.4 346.5 345.4 345.2 345.8 346.8 345.9 347.3 349 350.3 351.5 352 347.2 340.6 334.7 326.1 322 317.8 314.7 312.6 310.9 311.8 311.6 312.5 312 309.6 311.1 308.2 291.3 306.3 304.9 303.9 301.6 297.1 295.9 294.7 292.9 291.3 289.6 288 287.5 286.6 282.5 282.7 281.4 278.3 276.5 274.8 269.6 268.3 264.7 263.4 258.7 254.7 251.2 249.3 248.9 247.9 246.8 245.8 240.8 229.1 225.1 236.7 232.4 230.5 237.1 232.5 222.1 220 221.8
327.9 332.6 335.7 336.7 337.5 340.6 343.5 345 345.1 345.1 344.7 344.6 344.6 344.9 346.1 346.6 346.5 346.2 344.8 340.2 333 324 320.7 316.6 313.1 309.9 307.8 304.5 304.9 305.7 305.8 305.5 304.8 305.7 304 301.8 291.5 298.8 297.7 296.8 295.4 291.9 288.4 287.1 288.8 287.6 286.8 284.4 282 276.5 275.8 276 274.5 272.9 270.8 268.6 266.4 264.1 260.8 254.4 251.1 249.5 247.3 251 245.5 244.1 243.4 241.2 228.3 242.4 244.2 242 240.6 238 235.6 233.9 234 233.2
327.2 328 333.9 334.4 334.2 335.9 338.5 341.1 342.4 342.3 343.9 344.8 344.4 344.2 343.9 343.6 343.5 342.7 338.9 335.1 324.2 319.4 315.1 311.5 307.5 305 303.8 301 300.6 300.2 301 300.5 299.7 298.5 298.7 296.8 279.6 293 293 292.1 291.2 287.5 286.2 282.1 282.9 281.9 280 278.3 277 275.5 273.6 269.8 267.3 267.9 267.4 263.5 262.7 260.4 256.6 252 249.8 242.7 232.7 241.9 246.3 247.4 247.4 243.6 224.5 244.4 243.1 243.6 244.8 242.9 239.8 235.4 235.6 237.4
327.8 326.2 328.2 329.9 331.7 333.1 335.5 337.3 337.5 338.7 339.9 340.8 341.5 341.6 342.2 342.4 342.1 341.4 339.1 332.4 323.7 316.8 311.6 308.5 305.2 302.6 300.2 299.4 297.3 296.5 295.7 294.8 294.2 293 292.3 291.8 275.6 289.7 287.7 285 284.1 281.4 279.7 276.8 276.1 273.6 272.3 272.2 271.1 269.3 267.4 264.3 261.3 261.3 262.8 257.7 255.1 253.3 251 249.7 247.8 241.1 236.2 241.3 248.9 249.6 243.9 223.6 244.3 247.2 248.5 249.2 248.6 246.8 241.3 239.8 238.7 237.3
329.1 324.7 325.1 325.6 326.8 329.5 331.4 333.3 333.5 335.2 337.2 338.8 339.9 340.7 342.1 342.4 342.7 341.4 338.5 332.1 323.9 317.1 311.5 307.4 301.8 300.6 298.9 295.4 293.6 291.8 290.8 289.7 288 287.7 286.3 284.8 279.5 282.6 281.1 279 275.7 274.5 272.1 269.5 269.3 268.2 266.9 265.7 263.8 261.7 261.3 261.3 261.3 261.3 264 254.5 251.4 250.7 248.7 242.4 239.8 242.2 243 244.3 242.5 238.1 229.6 236.6 249.2 251.3 251.4 249.8 246.7 245.3 246.7 245.9 244 241.7
330.7 327.2 325.8 325.1 323.5 324.6 328 330.2 332.6 334.6 335.8 337 338.7 339.6 340.1 340.2 341 339.6 336.1 327.2 320.6 314.3 306.9 301.3 297.7 295.8 293.1 289.4 288.6 287.2 286.5 285.1 283.6 282.1 279.8 277.8 274.9 274.4 272.9 271.3 268.9 268.1 266 265.1 263.7 262.7 261.3 261.3 261.3 261.3 261.3 261.3 261.3 261.3 261.3 252.2 250 243.2 234.1 234.6 235.8 235.2 232.8 233.3 232.8 231.4 225.7 246.5 252.3 251.9 249.2 249 248.7 251 251.1 250.2 248.8 247.1
339.4 332.3 328.6 327.3 327.6 328.4 323.8 330.6 333 334.7 336.1 335.3 335.4 335.6 336 336.7 335.9 331.4 323.9 316.6 308.9 301.3 297.3 294.6 292.2 291.2 288 284.9 283.9 283.2 281.1 279.8 277.4 275.7 274.3 271.7 268.4 261.6 266.5 265 263.6 261.4 261.3 261.3 261.3 261.3 261.3 261.3 261.3 261.3 261.3 261.3 261.3 261.3 261.3 251.2 241 233.7 234.1 247.6 247.2 247.4 241.9 227.1 232 230.3 233.4 250 252 251.9 249.8 251.1 251.1 253 252.6 251.9 251.7 250.5
346.1 338 332.4 330.2 329.4 328.9 323.4 329 331.9 333.9 334.9 334.1 333.3 331.4 330.4 326.6 321.6 316.3 310.4 302.7 296.7 293.6 290.6 288.6 287.1 286.5 285.1 282.9 280 279.1 277.7 275.6 273.6 271.9 269.8 267.4 265.9 261.3 263.6 262.3 261.3 261.3 261.3 261.3 261.3 261.3 261.3 261.3 261.3 261.3 261.3 261.3 261.3 261.3 261.3 252.6 239.1 235.3 245.4 252.2 255 255.8 254 245.4 235.2 236.6 246.5 253.7 253.4 252.3 253.1 254.6 255.5 255.4 254.5 252.5 248.4 244.5
351.1 342.9 334 329.4 326.9 325.1 323.7 323.3 329.3 331 330.9 330.1 326.8 321.2 317.1 314.3 311.3 305.9 299.4 294.6 289.2 286 284 283.3 281.4 280 279.3 277 276 275 273.7 272.1 270.6 269.2 267.3 266 264.5 261.3 261.3 261.3 261.3 261.3 261.3 261.3 261.3 261.3 261.3 261.3 261.3 261.3 261.3 261.3 261.3 261.3 261.3 254.8 242.1 249.3 253.2 254.1 255.2 256.1 254 251.4 252.6 254.1 255.1 254.7 254.2 255.3 256.8 257.2 256.9 256.2 254.2 252.3 245.6 246.2
352.3 343.6 333.7 325.5 321.6 321.8 320 312.3 318.6 319.6 318.3 316.3 315 313 310.8 306.8 302 297.3 292.3 287.4 283 280.4 278.7 277 275.6 274 272.7 271.6 271.2 271.1 271 270.1 268.9 267.6 265.9 264.7 264.3 261.3 261.3 261.3 261.3 261.3 261.3 261.3 261.3 261.3 261.3 261.3 261.3 261.3 261.3 261.3 261.3 261.3 261.3 255.3 258 256.4 257 256.3 255.7 255.3 254.2 254.5 254.8 255.7 255.6 257.3 258.3 259.1 259.7 259.3 258.4 257.6 248.3 245.3 242.4 240.9
349.1 341.1 330.4 323.3 318.4 316.9 316.8 296.2 300.8 308.6 310.4 309.1 308 304.1 300 297.1 293.2 287.1 282.7 279.9 277.1 277.1 274.2 271.5 261.4 263.4 261.3 261.3 267 263.2 268 267.5 267.3 261.3 261.3 261.3 261.3 261.3 261.3 261.3 261.3 261.3 261.3 261.3 261.3 261.3 261.3 261.3 261.3 261.3 261.3 261.3 261.3 261.3 261.1 260.8 260 251.2 258.3 257.7 258.9 257.6 258.4 258.1 258.3 259.4 260.5 261.9 262.5 262.4 262 258.9 254.9 250.2 251.9 250.7 244.6 249.9
343.1 337 328.2 320.9 316.4 312.5 306.9 300.9 295.9 292.8 298.3 300.8 299 296.6 293.3 288.6 282.7 277.2 276.1 274.7 272.7 268.6 271.8 272.4 272.4 270.6 269.5 270.1 261.3 261.3 261.3 261.3 261.3 261.3 261.3 261.3 261.3 261.3 261.3 261.3 261.3 261.3 261.3 261.3 261.3 261.3 261.3 261.3 261.3 261.3 261.3 261.3 261.3 261.3 260.8 262.7 261.5 258.6 259.2 260.8 262.2 262.4 262.9 263 263.7 264.1 264.7 265.1 264.6 262 258.5 255.2 252.9 257 252.5 245.9 255.5 257.2
343.1 337.7 330.3 323.4 318.7 313.9 311.8 308.9 303.3 300.2 296.9 290.1 291.8 287.9 283.8 280.1 277.2 276 273.9 272.1 275.2 277.3 278.7 279.4 278.9 275.9 272.6 270 268.3 264.2 263.9 261.3 261.3 261.3 261.3 261.3 261.3 261.3 261.3 261.3 261.3 261.3 261.3 261.3 261.3 261.3 261.3 261.3 261.3 261.3 261.3 264.2 260.9 266.7 265.7 265.1 263.2 261.7 263.9 265.8 266.7 267.5 267.7 268.7 268.2 266.2 264.5 262.5 259.4 257.2 256.7 257.5 260.9 255.8 247.8 251.1 261.4 262.1
341.1 334.4 328.1 323.9 319.2 316.4 312.7 306.5 301.8 297.9 294.4 290.7 283.9 282.2 280.5 279.3 277.7 275.3 275.4 278 277.9 281.1 282.2 282.1 281.5 280.1 275.5 270.9 267.9 265.4 261.3 261.3 261.3 261.3 261.3 261.3 261.3 263 262 261.3 261.3 261.3 261.3 261.3 261.3 261.3 261.3 262.9 264.4 261.6 266.8 268.3 270.1 271.3 269.5 267.5 264.2 264.5 268.9 269.1 270.1 270.8 270.3 268.6 265.9 261.9 260.9 260.7 263.6 262.2 262.2 264.9 262.9 249.6 259 264.4 266 266.3
331.1 327.4 324.9 322.3 320 316.7 310.2 304.1 299.3 294.9 291.4 287.8 285.2 283.8 281.5 279.3 277.6 277.3 276.4 278.2 278.6 281.3 281.9 281.7 281.7 280.1 277.7 273.3 268.7 261.3 261.3 261.3 261.3 261.3 265.9 267.4 266.4 265.1 263.3 261.3 261.3 261.3 261.9 264.3 263.5 266.4 266.3 266.3 268.6 271.3 271.7 272.3 274.5 273.8 271.9 270 266.2 268.9 269.6 269.8 267.9 266.9 266 265 266.5 266.6 266 267.7 266.8 256.6 264.1 258.5 250.4 262.8 269.7 269.5 269.3 268.5
325.7 325.1 323.9 323.1 321.4 316.7 312 304.4 296.1 292.9 290.4 288 285.4 282.6 279.9 278.7 278 277.3 276.9 277.8 279.6 281.4 282.1 282.6 281.5 279.6 276.3 272.8 261.3 261.3 261.3 261.3 261.3 267.7 269.2 268.5 266.9 264.8 261.3 261.3 263.1 262.2 267.3 268.3 269.1 269.7 272 273.8 274.1 275.7 274.9 277.4 277.4 274.9 271.3 267.8 271.2 272.4 271.3 270 269 269 269.6 269.6 268.2 269.9 267.4 263 258.6 256.6 258.3 262.6 273.5 273.4 273.1 272.3 271.8 270.6
325.2 325.6 324.3 322.3 320 314.4 306.8 300.1 294.8 292.1 288.3 284.9 282.8 280.8 279.1 277.8 277.5 276.8 276.8 278.7 280.1 281.8 282.4 281.9 280.5 277.7 274.2 270.7 261.3 261.3 261.3 261.3 261.3 269 269.5 267.8 266.1 264.3 263.5 265 266.8 268.7 270.5 271.5 272.3 275.5 278.2 278.4 277.8 277.3 278.9 278.6 277.6 273.1 271.2 273.8 273.7 273 271.9 271.8 272.3 272.6 273.3 272.3 273.9 273.8 270.8 262 264 274.9 276.5 277 276.8 275.9 274.8 274.1 272.9 271
320.4 321.9 320.1 315.5 310.6 305.7 299.3 293.3 288.8 285.8 283.4 282.2 280.6 280.5 278.9 278.2 278 277.4 277.9 279.4 281 282.3 282 280.3 278.4 275.8 272 266.4 261.3 261.3 261.3 262.3 265.5 266 264.9 263.2 263 264.7 267.4 268.7 270.7 273.4 275.6 275.8 275.7 279.6 280.5 279.3 279 278.3 278.4 278.3 277.1 274.5 276.8 276.5 275 274.9 275.2 275.8 276.3 277.2 276.1 277.9 278.1 277.5 278.1 259.2 279.5 280 279.6 278.6 278 277.7 276 274.1 273.9 273.7
319 314.7 311.6 308.1 303.4 294.9 289 285.4 282.8 282.2 281.6 280.9 281.6 281.2 280 279.8 280.4 280.2 279.4 280.7 280.6 280 279.3 277.6 274.9 262.3 261.3 261.3 261.3 261.3 263.3 271.3 271.6 269.4 269.6 268.5 268 269 270.4 273.3 275.4 276.7 276.3 277 278.9 281.5 281.7 281.2 281.1 281.4 281 281.3 277.9 279 278.8 279.3 277.1 278.7 277.8 279.3 279.7 280.7 280.2 280.9 279.5 279.9 280.2 264.4 280.8 281.9 281.6 280.7 279.4 277.6 276.1 275.9 274.5 273.2
311.8 309.5 304.7 298.3 292.6 287.8 285.5 283.7 283 283.2 282.8 283.5 283.9 281.6 280.5 281.8 281.7 281.7 280.6 279.6 279.1 276.2 269.4 268.8 268.3 261.3 261.3 261.3 261.3 268.5 275.1 275.1 273.5 271.6 270.9 270.6 271.7 272.5 273.4 275 275.9 277.5 278.5 280.5 282.2 283.5 285.4 285.5 284.6 284.8 284.6 282 281.3 282.2 283.7 282.5 280.7 281.9 281.9 282.6 282.8 282.6 281.9 281.8 281.9 281.6 281.3 265 283 283.2 281.5 280.8 279.6 278.4 277.2 276.7 275.3 274
299.2 302.5 297.3 294 290.6 287.8 286.1 284.7 284.2 284.1 285.8 286.7 284 282 283.7 283.8 282.9 281.1 279.6 274.6 271.5 267.1 268.8 268.8 268.8 264.2 261.3 266.8 271.2 278.7 279.1 278.1 273.7 273.7 273.7 273.9 274.8 275.9 276.2 278 279.6 281.3 283.3 284.7 286.2 288.2 288.1 287.6 287.2 287.7 283.6 282.3 284.3 285.7 285.2 284.8 284.9 285.6 285.1 284.9 284.8 285.7 284.7 285.3 284.2 284.3 283.1 267.1 284.3 283.1 283 281.9 281.1 280.1 279.4 278.1 277.3 277.9
298 290.2 291.8 290.6 289.3 287.5 285.5 284.8 284.7 283.4 286.9 286.5 283.1 282.4 283.7 280.1 280.1 275.9 267.4 268.2 268.8 268.8 268.8 268.8 268.1 268.8 269.6 278.1 281.4 281.9 281.8 279.6 277.6 277.3 277.8 278.5 278.7 280.6 280.9 282.5 283.1 286.2 287.2 289.5 290.5 290.2 289.7 290.2 290.3 288.7 286.9 285.7 287.3 286.9 287.9 286.8 287.7 287.7 287.3 287.9 288 288.3 287 287.1 287 285.7 285.7 269.2 284.8 285.6 284.2 283.9 283.2 282.5 282.3 282.4 282.3 281.5
297.1 290.6 286.2 288.3 287.9 285.5 282.5 282 280.1 280.1 280.1 280.1 280.1 280.1 280.1 280.1 280.1 279.7 268.8 268.8 268.8 268.8 268.8 269.7 278.7 279.9 281.2 283.3 284 284.3 283.1 281.1 280.6 281.8 283.1 282.4 282 284 285.8 287 288.2 289.7 291.6 292.3 291.6 291.9 290.9 290.3 291.5 290.4 289 288.1 289.3 289.5 290.5 289.6 289.8 289.3 289.2 289.4 290 290.4 290.1 290.1 289.9 288 277.7 285.2 287.4 287.6 287.2 285.9 285.7 287.3 287.1 286.9 286.6 286.8
293.8 289.7 284.1 283.3 282 280.1 280.1 280.1 280.1 280.1 280.1 280.1 280.1 280.1 280.1 280.1 280.1 283.5 269.2 272.3 267.9 272.5 280.1 281.7 283.5 285 286.3 287 286.9 285.1 282.5 286.1 284.3 285.1 286.3 286.1 287.2 289.6 289.3 291.5 291.8 293.1 293.8 293.7 293.5 293 293.4 294.4 294.3 293.1 291.1 290.5 291.9 292.6 292.1 291 290.8 290.9 291.9 293.1 292.2 292.9 292.5 292.8 290.7 282.3 289.9 289.7 290.6 291.1 289.7 290.3 290.9 291 291.3 291.5 290.8 289.7
294.4 290.4 283.9 280.1 280.1 280.1 280.1 280.1 280.1 280.1 280.1 280.1 280.1 280.1 280.1 280.1 280.1 282.8 283.1 278.5 276.8 282.9 286.1 288.4 290.5 291.4 292 289.8 286.7 287.5 285.8 288.6 287.5 288 288.9 290.1 291.2 292.2 293 293.3 294.4 295.7 295.5 295.3 296 295.8 296.7 296.1 295.2 293.5 292.7 293.1 294.1 294 293 292.7 293.6 293.7 294.7 294.3 295.2 295.2 295 294.4 282.3 291.2 292.6 293.7 293.2 291.7 292.7 294.3 295.2 295.5 295.8 295.2 293 294.1
294.5 290.1 282.2 280.1 280.1 280.1 280.1 280.1 280.1 280.1 280.1 280.1 280.1 282.9 288.1 288.9 287.6 286.3 283 281.9 287.4 290.6 293 294.1 295.1 294.3 291.2 289.9 290.8 289.5 288.9 289.9 290.6 290.8 292.3 293.2 293.6 294.1 294.6 295.8 296.8 297 297.5 298.6 299.1 298.6 298.5 297 295.5 295 295.6 296 296.5 295.7 295.8 296.6 296.4 296.3 297.2 297.5 297.1 297.1 296.2 292.4 292.1 294.1 295.3 296.4 295 294.7 297.4 301.1 300.2 300 299.6 298.6 298.9 297.7
290.8 285.3 280.1 280.1 280.1 280.1 280.1 280.1 280.1 281.3 284 290.9 291.9 292.8 292.9 291.4 289.2 288.7 286.1 286.7 295 296.2 296 295.2 293.2 291.7 292.1 293.4 293 290.1 291.9 290.6 293.1 293.8 294.9 294.8 295.3 296.1 297.4 297.9 298.9 299.8 300.5 300.4 301.2 300 299.5 297.7 298.4 298.6 298.8 299 299.5 299.2 298.7 298.4 298.9 299.1 299.1 299 299.5 297.3 294.5 288.3 295.4 297.8 299.4 301.4 298.6 300.7 305 304.8 304.8 304.4 304.1 302.3 301.9 298.9
285.6 280.1 280.1 280.1 280.1 280.1 280.1 283.6 288.1 292.5 295.1 296.5 296.9 296.3 295 292.8 292.1 292.5 290.3 290.8 296.9 297.1 295.6 294.2 295.9 296.1 295.9 295.1 294.4 293.4 293.5 294.5 295.8 295.9 297 297.6 299.5 299.8 300.1 300.1 301.3 302 303.6 303.7 302.8 302 301.5 301.9 302 302 301.6 302.6 303 302.2 300.5 300.9 301.1 301.5 301.7 301 300.9 302.2 299.9 288.8 299.8 304.9 307.8 305.8 300 305.2 307 307.5 306.6 306.3 305.6 305.1 303 302.4
280.1 280.1 280.1 280.1 280.1 280.1 286 289.9 294.9 297.9 299.1 299.7 299.1 298.5 297.2 295.5 296.3 293.1 294.1 297.5 297.7 296.9 295.4 297.7 298 297.3 297.6 296.8 295 296.1 297 297.2 298.3 299.2 300.7 302.2 303 303.1 303.8 304.5 305.2 306.1 307.7 307.2 305.2 306 305.8 306.1 306.4 306.5 306.3 305.9 303.8 302.3 304.3 304 303.6 303.4 303 302.8 306 306.2 291.9 300.2 308.9 310.4 309.3 306.4 305.6 306 306.7 307.3 308.5 307.7 307.5 306.8 306.5 307.2
280.1 280.1 280.1 280.1 281.6 289.2 291.8 295 299.7 301.2 302.2 301.9 300.7 298.7 297.2 295.6 292.9 292.5 296.8 297.4 297.4 298.2 296.8 299.8 299.1 300.1 299.2 300.3 299.3 300.6 300.2 301.3 302 303.5 305 305.6 306.9 307.1 308.2 308.9 310 311 311.4 310.1 308.9 309.2 308.8 309.9 310 309.5 307.9 306.7 307.9 307.8 307.8 307.1 306.7 306.2 305.3 308.4 309.2 306.1 300 310.9 312.8 312.2 312.1 309.7 307.9 307.4 307.8 309.4 309.9 309.8 308.9 308.7 309.6 310.2
280.1 280.1 280.1 281.5 290.9 292.7 295.4 299.5 301.7 302.4 301.4 300.2 298.5 296.8 295 294.8 295.9 296.6 297.9 298 298.8 299.1 302.1 302.1 301.7 302.5 303.5 304.4 303.5 303.9 304.4 305.2 306.2 308 308.3 309.2 310.6 311 312.2 312.8 313.5 314.4 314.1 312.8 312.1 312.3 313.2 313.3 312 311.6 312 311.4 311.4 311 310.6 310.7 310.6 309.2 310.6 311.9 312.6 301.7 305.9 314.5 314.9 315.6 314.2 311.8 310.4 309.5 310.3 310.4 310.3 310.3 310.3 310 310.8 311.4
280.1 286.2 290.3 292.6 294.5 299.1 301.3 302 302.6 301.9 299.7 298.3 296.9 296.4 297.5 298.4 299 299.7 300 299.9 300.4 303.9 303.9 305.9 307 307.3 307.7 307.4 307.6 308.3 308.9 310.2 311.1 311.9 312.2 312.8 313.3 314.1 315 315.6 316.4 316.8 315.6 315.2 316.5 317 316.6 315.9 316.2 316.1 315.8 315.6 314.7 316.1 316.8 315.9 316.1 314.1 314.3 314.5 309.7 296.9 314.3 316.6 318 317.7 316.7 314.7 313.7 312.8 312.1 311.1 311 310.5 310.7 310.4 310.6 311.2
