ny/ny91_OST50GRID_20230518/NY91.asc
ncols 200
nrows 200
xllcorner 390000
yllcorner 510000
cellsize 50
[rows 35 to 69 of 200, columns 0 to 77 of 200]
346.7 340.1 327 326.9 332.8 341.6 349.5 361.5 361.7 361.8 360.5 361 360.9 360.1 358.9 358.7 359.1 359 358.1 353.7 354 354.9 354.2 353.8 353.1 351.8 350.8 349.8 348.2 346.8 344.8 343.1 340.6 337.9 327 327 327 326.9 327 327 326.9 327 327 326.9 327 327 327 327 327 327 327 326.9 327 327 326.9 335.1 315.3 304.9 299.8 292.6 288.5 286.6 285.3 282.4 281.3 281.3 282.3 281.7 281.2 280.1 280.1 280.1 280.1 280.1 280.1 280.1 280.1 288.1
327 327 327 339.8 346 357.8 366.2 368.1 368.6 367.4 366.5 366.7 365.8 364.6 363.3 362.6 362.2 362.1 361.5 358.3 357.7 359.9 359 358 357.8 357.8 356.8 355.2 353.8 352.9 350.5 349.9 348.2 347.2 347.2 346.1 344.7 340.4 336.1 327 326.9 326.9 327 327 327 327 327 327 327 327 327 327 327 327 327 330 313.7 310 306.8 303.8 298.9 291.7 286.7 284 282.3 283.8 282.8 282.3 284.6 287.3 289.6 281.1 280.1 280.1 280.1 280.1 289.9 289.5
333.4 335.1 345.1 363.8 367.7 369.7 371.7 372.3 372.7 372.5 371.3 370 368.7 367.8 366.7 365.9 366.7 366.1 365.6 362 363.8 363.8 363.9 363.5 364.5 363.8 362.5 362.1 360.8 360.2 358.9 357 356.6 356.7 355.5 354.4 354.1 352.7 351.5 348.6 342.5 336.7 332 327 327 327 327 327 327 327 326.9 327 327 327 327 324.3 317.7 311.4 308.8 305 301.8 297 288.9 290.4 289.9 285.5 283.7 286.8 291.7 294.2 293 291.5 289.9 280.1 280.1 290 292.2 293.4
352.5 361.3 366.3 370.6 372.9 374.8 375.2 376.2 376.2 376 375.5 373.3 371.7 371.2 371.2 371.4 370.4 370.6 370.8 356.6 369.7 370.6 370.7 370.3 371 370.8 369.8 368.9 367.8 366.1 365.2 364.5 364.1 363.9 363.2 362.6 360.7 359.2 356.1 352.5 349.3 344.9 339.1 334.9 327 327 327 327 327 327 326.9 327 327 327 332.3 320.9 318.6 311.7 306.8 299.6 294.9 293.4 296.2 289.8 287.8 286.7 285.8 292.6 294.4 294.7 294.6 293.5 292.5 291.7 287 294.1 296 297.7
369.8 366.4 373.4 376.2 377.2 377.6 378.9 379 378.6 378.6 377.9 377.3 376.7 376.3 376.4 376.1 375.9 375.5 376.4 364.6 374.4 377.2 376.7 376.9 376.9 376.1 375 373.3 371.6 370.4 369.2 368.3 368 367 366.2 364.7 362.7 360.7 358.2 355.1 349.4 337 329.2 327 327 327 327 327 327 327 327 327 327 326.9 333.9 319.5 317.7 310.4 308.6 307.3 301.1 299.4 298.3 290.8 289.7 287.5 293.8 297.1 298.7 299 297.6 296.7 295.8 294.6 288.9 297.7 299.7 301
375.7 375.6 377.9 379.2 380.6 382.4 382.1 382.6 381.8 381.4 381.1 380.6 380.4 380.6 380.9 380.3 380.5 381.6 381.7 370.6 381.6 381.3 382 381.2 380.6 380.2 378.5 375.8 373.3 371.7 369.8 368.7 367.8 366.8 365.2 362.8 356.6 354.7 355.3 355.4 351.9 351.6 348.8 342.5 336.1 333.3 327 327 327 327 327 326.9 326.9 326.9 328.3 319.7 314.7 313.3 310.6 308.5 304.1 301.1 292.9 291.2 289 297.8 299.6 302.1 302.6 302 301.1 301.7 302 298.4 299.3 301.3 303.8 306.3
379.9 380.1 379.8 384.2 385.1 386.2 385.7 385.6 384.5 383.9 384.2 384.3 384.2 384.1 385.3 386.3 387 386.9 384.7 383.8 384.6 383.4 384.1 385 384 381.6 379.2 376.7 373.5 371.9 369 367 365.9 364.4 363.4 364.9 364.5 363.7 362.9 361.7 360.7 358.2 354.7 351.5 347.3 342.1 337.7 331.5 327 326.9 327 326.9 326.9 326.9 323.1 319.6 316.5 317.2 314.7 311.5 308 295.6 293.9 289.1 298.2 304.6 303.6 308.2 307 307.5 309.7 309.8 309.8 308.2 306.8 308.4 312.3 315.5
384.7 384.1 387.4 389 389.8 389.4 389.3 388.5 388 387.3 387.5 387 388 390.2 391.1 391.9 391.7 390.5 381.7 387.4 387.9 386.7 386.5 385.1 383.1 381.1 379.2 376.7 373.5 371.3 370.3 370.5 369.9 368.9 368.1 367.4 366.8 365.3 365.1 365.2 365.1 364 362.1 358.9 355.5 351.6 347.9 344.8 338.7 338 327 327 327 334.5 322.9 320.7 318.7 319.2 317.9 314.7 312.2 296.3 293.8 299.8 309.5 311.8 309.4 314.1 314.9 317.7 318.4 319.9 318.7 314.9 314.1 317.7 320.2 321
388.8 390.4 392.3 391.6 393.7 393.5 393 392.5 392.5 391 391 391.3 393.7 395.4 395.5 395.9 394.7 391 388.1 390.2 389.4 387.9 387.4 385.9 384.2 381.3 379.4 376.8 375.4 374.5 373.4 373 372.2 371.2 370.5 369.1 368.2 367.3 367.9 368.3 368.9 368.3 367.8 365.5 362.6 359.7 354.6 348.9 330.8 327 335.6 336.9 332 331.5 326 324.5 324 323.8 321.9 320.2 304.9 297.3 296.2 317 316 317.7 315.7 320 323.8 325.8 326.1 324.9 317.8 316.4 321.7 322 325.4 325.8
394.4 395.5 396.2 396.9 397.1 397 397.1 396.6 395.9 395.2 396.7 398.4 399.8 400.2 399.2 397.5 393.9 392.6 393.3 391.5 390.3 390.2 389 387.9 385.6 382.6 380.7 379.2 378.2 377.4 376.6 375.8 374.9 373.6 373 371.3 369.8 369.2 368.3 366.9 367.2 367.1 366.1 364.2 360.9 356.9 348.4 353.3 353.4 351.1 347.7 344 339.8 334.6 329.3 330 329.1 327.4 328 327.1 308.1 295.4 308.8 323 320 320.1 323.5 327.2 327.6 326.8 325.7 323 313.8 323.4 324.6 324.8 327.7 329.6
398.6 399.7 400 400.6 400.6 401.2 400.6 400.6 399.7 400 402.5 404 403.6 402.3 400.7 398.3 393.4 396.6 395.6 394.2 392.5 391.7 390.8 389.5 387.2 384.5 382.3 381.7 380.7 380.4 380.6 380.7 380 378.5 376.1 373.7 372.2 370.5 368.9 367.5 365 363.2 362 360.1 357.1 355.2 362.3 363.4 361.9 355.4 350.7 347.5 345 338.6 337.2 335.3 333.4 334.2 335 329.4 308.6 305.5 325.9 330 328.2 326.5 329.4 328.5 327.2 326.5 319.7 323.7 325.1 324.8 326.4 326.5 327.8 329.9
401.5 403.5 404.2 404.5 404 403.9 404.2 403.7 405.8 407.3 407.4 406 405.1 403.8 401.7 397.5 400.1 399.2 397.6 395.8 394.2 393 392.1 390.8 389 386.9 385.3 384.1 383.2 385.4 387.8 387 385.5 383.7 380.4 376 373.2 371 369.4 367.9 365.2 362.7 362.9 361.8 361.1 363 365.9 367.6 364.2 358.8 354.9 352 338.7 343.8 341.3 340.5 339.3 338.5 339.1 333.4 315.3 303.1 327.3 333.4 332.2 332.1 331.2 330.4 329.4 327.8 325.8 327.6 326.7 326.3 326.9 328.7 330 331.4
405.5 406.7 407.2 407.5 407.6 407.5 408 409 409.8 409.9 409.1 407.8 406.4 403.3 399.9 403.1 402.9 401.4 399.8 398 396.5 396 394.9 392.6 391 389.2 387.7 386.4 388.4 389.9 390.4 390.1 389.6 387.9 385.1 380.7 376.7 374.1 371.9 371 367.7 368.6 367.9 367.7 367.5 365.4 368.7 369.1 365.2 360.2 355.6 348.7 353.7 353.4 348.7 348.6 346.4 345.1 342.6 331.7 318.8 301.5 329.2 336.2 334.5 334.2 333.8 332.5 331.7 329.7 329.4 330.3 330.3 330.9 331.3 333 335.2 335.7
408.4 409.8 410 411.1 411.5 411.4 411.5 411.8 411.7 411.1 409.8 408.7 405.4 401.6 403.5 405.6 404.9 403.8 401.6 400.6 400.1 399 396.8 394.2 392.9 392 390.3 389.9 390.6 391.3 391.6 391.5 391.3 391.9 389.3 386.3 382 380.4 377.9 371.1 375.6 376.3 376 376.3 376.2 374.7 372.4 370.4 367.1 361.8 357.5 358.2 360.1 360.1 357.8 354.7 351.5 346.4 342.6 333.2 315 302.1 336.3 338.9 337.9 337.8 337.2 335.4 334.7 335.6 334 335.1 336.5 336.6 339.3 342 343 346.6
411.5 411.7 412.7 413.8 413.7 414.3 413.6 413.8 413.3 411.9 410.6 408.3 404 405 408.1 407.6 406.8 406.1 405.8 404.1 402.8 401.2 398.3 395.7 394.3 393.3 391.5 390.8 392 393 393.2 394.1 394.6 394.9 393.9 393 391.4 389.7 388.5 375.2 382.8 386.6 386.1 386.5 384.8 382.8 380.1 375.3 368.1 363.7 360 362.3 364 364.2 360.9 357.7 354.7 347.5 342.8 325.5 306.6 319.7 341.7 343.3 342.9 343.1 342.4 342.8 342.3 339.9 339.4 342.1 345.3 343.9 344.8 348.3 349.9 351.3
413.6 414.9 416.2 416.7 417 416.5 416.1 415.5 414.2 412.5 409.2 404.5 407.1 410 410.3 410.7 409.6 409.6 408.4 407.3 405.5 403.5 399.5 396.9 395.8 394.4 393.6 393.4 393 393.6 395.9 397.5 398.6 400.2 400.2 400.1 399.2 394.6 392.7 385.8 382.2 392 391.6 391 389.6 385.1 381.3 375.1 367.3 363.1 362.4 363.9 365.4 365.1 363.3 361.3 358.3 352 344.9 318.2 308.7 334.5 344.2 348.4 348.3 349.7 348.2 348 345.6 345.6 344.2 347.6 349.8 350.4 350.3 352.7 354.8 354.2
415.2 417.3 418.6 418.6 418.8 418.5 417.4 416 414.4 409 407.7 411.4 412.8 412.4 412.7 413 412.8 412.6 411.9 410.8 408.6 405.3 401.5 398.8 397.5 397.4 396.5 396.3 395.8 396.4 397.3 397.9 399.6 401.6 402.2 401.8 400.7 398 395.3 385.8 380.6 394.3 393.1 391.8 388.9 384.8 379.4 370.5 365.9 364.4 364.7 366.3 367.4 368.1 367.6 365.6 362.2 353.2 331.9 310.5 326.4 341.3 349.4 356.2 355.8 355.7 353.6 353.6 351.6 351 348 351.3 352.7 354.1 354.8 355.9 358.2 356.3
418.2 419.9 420.7 420.8 420 419.1 417.8 415.7 409.4 412.4 414.7 414.9 415.5 414.9 415 415.4 415.4 415.6 414.4 412.5 410 407.6 406.1 405 404.3 403.7 402.5 400.9 400.1 400.1 400.3 400.6 401.1 402.7 403.1 402 400.5 399.1 395.8 386.6 382.4 391.7 390.5 388.7 385.7 380.7 373.8 369 366.6 366 367.6 369.9 371.1 373.7 373.6 370.1 363 350.4 321.1 322.5 340.3 350.5 358.7 361.9 360.3 358.5 359.3 358.8 358.2 354.4 351 354.2 356 357.3 358.5 359.3 360.8 359
421.2 421.8 422.4 422 421 419.4 417 413.8 416 417.1 417.5 418 418.4 418.5 418.3 419.1 419.2 419.1 418.1 415.8 413.5 413.7 412.8 411.6 410.8 408.8 407 404.9 404.5 404.4 404.5 404.3 404.5 404.4 404.4 402.7 401.4 399.6 397.6 394.4 385.7 387.3 391 388.8 386.5 382.3 377.1 371.8 368.5 369.3 371.6 376 379 378.8 374.4 367.1 351.9 326.6 314.8 334.6 348.2 354.9 362.7 362.2 360.1 364 364.9 365.3 364.3 359.2 355.8 358.6 360.4 362.3 363.9 364.7 365.2 363
423.5 423 422.9 422.5 421.3 418.4 418.4 418.9 419.2 419.2 420.3 420.3 421.1 421.7 423 423.2 422.9 422.8 421.5 420.2 421.2 420.7 418.3 416.4 414.5 412 410.1 408.9 408.1 406.9 406.3 406.2 406.4 405.5 404.1 401.9 399.7 397.5 395.1 396.5 394.1 387 391.7 391.3 388.9 385.8 381.4 374.8 372.8 374.6 377.2 379.3 379 375.4 370.7 364.2 335.3 319.9 331.3 343.5 353.6 361.1 365.1 362 363.6 369.1 373.6 374.4 369 362.9 361.7 363.5 366.4 368.4 369 369.1 367.9 364.6
424.2 424 422.9 422.5 422.2 419.8 421.1 421.3 421.2 421.6 422.2 423.7 424.7 425.4 426.3 426.5 426 425.9 427.1 426.5 425.1 421.6 418.7 417 415.8 414 413.1 411.9 409.8 408 407 406.8 405.8 404.6 402.1 402 400.6 399.4 399.6 398.8 398.4 392.1 388.6 394.8 392.1 388.2 384.1 379.2 377.2 376.6 377.6 376.5 374.1 371.4 366.8 357.9 329.6 316.9 338.3 348.9 360 364.5 362.8 362.3 365.2 373.3 380.3 374 367.4 365 367 369.9 370.9 372.2 371.4 371.1 370.2 367.8
424.3 424.1 424.1 423.3 422.5 422.8 422.3 422.4 423.1 425 425.9 427.2 427.8 427.8 428.8 428.7 430.2 432.8 432.3 429.1 425.5 421.6 417.9 417.3 416.9 415.4 413.4 410.8 409.3 408.1 407.4 406.9 405.8 405.7 404 403.4 402.5 401.4 401.7 401.8 401.2 400 390.1 394.4 391.3 387.6 384.1 379.8 377 375.1 374.5 372.8 371.4 369.3 366.5 342 319.8 330.8 345 354.3 361.8 364.8 363.9 363.8 368.3 374.9 379.5 374.3 369.8 369 370.4 372.7 373.8 374 373.2 372.8 372.7 372.9
425.1 424.4 424.4 424 424.1 424.2 423.9 424.5 425.9 428.1 429.1 429.9 430.3 430.6 430.8 432 435.7 438.9 437.4 431.7 423 418.2 416.8 415.4 413.8 412.9 412.3 410.9 409.6 408.6 408.3 408.4 408.4 407.8 406.9 406.9 405.7 405.6 404.5 403 400.8 397.2 393.7 390.9 387.5 384.3 380.7 377.7 375.3 373.6 372.6 372 371.1 366.3 353.2 332 324.2 342.6 353.2 359.1 362.9 363.8 364.2 366.4 372.8 377.8 381.1 375.8 372.8 371.7 374.2 375.7 375.9 376.6 376 375.5 374.9 375.4
425.6 425.5 425.1 425 425.2 425.6 425.6 426.7 428.7 430.3 431.1 431.3 431.4 431.7 433 438 450.9 452.8 446.8 436.5 426.2 418.1 416.7 415.7 414.3 414 413.1 411.5 410.4 409.8 409.6 410.7 411.2 411.4 410.9 409.5 407.6 405.1 402.5 400.1 396.4 393.4 390 386.7 383.9 380.8 378.2 376 374.5 372.8 371.9 371.1 356.8 336.7 331.1 338.2 325.3 341.8 357.6 358.8 360.9 363.5 366.6 371.9 377.4 381.1 380.2 374.9 374.3 374 375.8 376.5 377.3 378.7 378.7 379.2 379.1 378.7
426.5 426.2 426.4 426 426.4 426.8 427.2 428.9 430.8 431.7 432 432 432 431.8 433.7 445 451.7 454 449.9 436.1 425.6 422.2 418.9 416.1 415.3 414.7 413.8 412.9 413.1 414.4 415.4 417.1 416.2 413.7 410.3 407.3 403.7 400.8 398.3 395.6 392.5 389.7 387.3 385 382.8 379.9 377.7 375.6 373.9 372.3 360.4 350.2 344.6 350.2 357.1 354.1 333.3 333.5 353.4 360.4 361.7 365.4 370.8 374.3 378.1 381.2 379.3 375.8 375.7 375.4 376.8 377.4 378.2 380.2 381.4 381.9 381.3 380.8
427.5 427.1 426.9 427.1 427.6 428 429.3 431 431.8 432.2 432.6 432.6 432.5 432.1 433.3 436.3 443.1 445.8 437.3 433 429.1 425.3 422 418.9 417.6 417.2 418.1 419.9 420.7 421.7 419.4 416.9 412.5 409.1 405.3 402.2 400.2 397.1 394.4 392.1 389.9 388 386.2 384.5 382.5 379.8 377.3 374.9 368.2 364.1 368.9 368.1 361.8 368.3 369.1 366.6 349 330 343.4 361.1 364 368.3 372.8 374.1 376.4 380.7 379.8 376.5 376.3 376.2 377.7 378.4 379.3 381.7 382.6 382.9 382.4 382
429.1 428.9 428.6 428.4 429.8 431 431.9 432.1 432.4 432.8 433 432.8 432.4 431.7 431.1 431.4 431.9 431.3 431 430 428.4 425.3 422.7 422.4 423 424.3 425.2 422.2 420.9 418 414.1 410.3 407.7 404.9 402.5 400.2 397.9 395.4 392.8 389.7 387.7 386.3 384.6 382.6 380.5 376.3 370.4 374.2 374.3 374.1 373.6 373.3 372.8 373.1 371.4 368.2 355.3 336.1 341.2 361 366.1 369.8 372.7 373.8 376.1 378.5 377.4 375.6 376.8 377 378.3 378.6 380.6 383.3 383.9 383.9 382.9 382.4
430.7 430.1 430.6 432.5 433 433.5 433.1 433 433.1 433.1 432.6 432.2 431.7 430.9 430.5 430.2 430 429.3 428.7 427 424.8 423.3 422.7 423.2 424.1 424.1 422.3 419.3 416.5 413.1 410.3 407.9 405.9 403.9 401.8 399.3 396.4 393.1 390.2 388.4 387 384.2 379.9 380.9 380.7 379.9 378.8 377.4 376.6 376.7 377 376.5 375.3 373.3 370.8 366.2 353.4 334 346 355.2 362.4 367 371.1 372.7 374.5 374.1 374.9 375.3 376.4 377.8 378.6 380.1 382.7 385.3 385.4 385 384 382.9
432.4 433.1 434.8 435 434.8 434.4 434 433.9 433.4 432.7 432 431.4 430.9 430.5 429.9 429.5 428.7 427.4 426.1 423.8 422.3 421.4 420.7 420.5 420.2 419.5 418.5 415.9 413.3 411.4 408.9 407.5 405.5 403 400.3 396.9 394.2 390.6 388.5 386.3 383.8 383.8 383.8 383.6 383 381.8 380.6 379.7 378.7 379.2 378.8 377.2 374.8 372.1 366.9 360.6 345.9 344.1 349 359.1 365.9 369.4 368.5 360.9 358.2 358.7 359.5 376.2 377.8 379.3 381.3 383.5 386.7 386.7 386.4 386.1 385 383.5
434.9 435.9 436.1 435.9 435.3 434.9 434.7 434 433.2 432.2 431.3 430.5 430.2 429.1 428.7 428.6 426.9 424.6 422.6 419.7 418.5 418.3 417.8 417.6 416.9 416.2 415.3 413.4 411.5 409.5 407.7 405.3 402.3 399.7 395.9 392.3 390.3 388.1 384.6 386.1 386 385.8 385.5 385 383.7 382.5 381.1 380.3 379.5 378.2 376.5 374.3 370.8 360.8 355.3 344.6 349.3 355 352.7 344.9 348.1 350.9 351.9 359.8 373.4 378.8 375.4 369.4 384.5 385.8 387.7 388.6 390.6 389.3 388.5 387.9 386.9 386.2
435.5 436.1 436.2 436.1 435.8 435.3 434.4 433.7 433 432.2 431 428.5 428.3 425.8 425.3 422.8 420.2 418.1 417.2 416.1 415.8 416.4 416.8 415.8 414.5 413.2 411.8 409.5 407.2 405.4 403 400.1 397.1 393.3 390.5 388.6 386.5 387.1 388.2 387.4 386.8 386.1 385.2 383.4 381.8 379.8 377.3 375.5 373.8 372.1 369.9 366.9 359.4 345.9 357.5 361.6 361.2 361.7 360.9 363.1 365.3 369.1 373.2 379.8 382.6 385.7 386.7 363.7 388.5 391.1 391.8 392 392.4 392.1 390.8 390.2 389.8 391.1
435.1 435.8 435.8 435.5 435.2 434.8 434 433 432.8 432 431.3 430.5 427.7 424.4 421.6 417.9 416.3 414.9 413.4 413.6 413.7 415.7 415.5 414.3 412.3 409.4 406.6 404 402.5 400.1 397.4 394.9 393.1 390.9 388.6 388.1 389 389.2 387.8 387 386 384.5 381.8 377.8 375.3 373.2 370.9 367.8 361.6 359.5 352.8 349.9 358.9 364.7 366.7 367.2 366.5 365.6 364.1 371 374.7 377.4 382 385.8 387.9 389.5 384.6 375.5 392 392.8 393.2 393.6 394 393.8 396 397.2 396.4 395.5
436.1 436.2 435.5 435.3 435.2 435 434.6 433.8 432.3 432.4 432 430.7 427.4 424.8 423.2 420.3 418.8 416.7 414.8 411.6 409 411.8 411.9 409.9 408.5 405.9 403.2 400.7 398.4 395.7 394.4 392.6 391.1 390.2 389.7 388.4 387.9 387 386.4 383.6 380.1 376.3 373.6 371.4 368.4 361.9 359.3 356 361.4 363.2 368.1 368.2 369.7 371.9 373.1 374.6 375.1 374.1 375.1 378.3 381.7 385 387.6 389.5 390.7 391.9 390.9 366 394.9 395.5 396.1 397 398.5 400.5 401.8 401.3 400.1 397.9
436.5 435.9 435.4 435.8 436.6 435.3 435 435.6 435.8 435.5 433.5 431.3 429.2 427.7 425.4 422.8 419.9 417.2 414.5 412.5 409.6 407.8 407.9 407.5 406 404 401 401.8 401.6 398.9 396.7 394.6 393.7 391.9 389.5 387 383.4 383.1 381.3 378.7 373.2 367.8 364.1 361.4 360 367.4 371.6 374.2 374.4 375.3 375.7 375.6 376.9 379.4 381.7 384.1 383.8 383.4 382.7 382.8 385.6 388.9 390.9 392.6 394 394.2 395.6 373.1 394 399.3 399.6 400.6 401.2 402.5 402.6 402.3 401.3 398.9
436.6 435.7 437.2 437.4 438.1 438.2 438.8 440 439.4 437.7 435.9 433.6 432.1 429.9 427.9 425.4 422.7 419.4 416.1 412.6 409.5 408.1 405.9 405.9 404.4 405.3 405.4 404.3 402.6 399.8 397.9 395.6 392 388.1 385.6 382.8 379.6 376.6 372.2 366.4 365.9 370.6 374.5 373.7 375.4 376.5 379.3 380.7 380.9 381.5 382.5 383.2 385.6 389.4 389.3 390.6 389.5 387.4 386.3 386 389.7 392.9 395 396.7 399.1 399.9 400.1 377.5 391.1 400 400.3 401.1 402.1 402.6 403 401.9 400.8 400.5
