ny/ny22_OST50GRID_20230518/NY22.asc
ncols 200
nrows 200
xllcorner 320000
yllcorner 520000
cellsize 50
[rows 72 to 107 of 200, columns 81 to 161 of 200]
70 70.2 70.5 71.2 71.2 71.7 73 74.5 77.6 81.6 85.9 90.9 95.9 100 104 111.6 123.4 132.4 134.4 138.5 145.9 155 159.1 160.2 158.6 160.4 161.6 162.2 162.6 165 165.8 164.7 148.9 156.4 168.1 181.1 193.6 206 212.7 219.7 227.6 232.2 245.1 259.9 273 282.8 291.3 300.3 309 316.9 318.7 314.9 290.7 275.6 286.7 286.9 281 274.5 265.5 274.9 307.5 341 371.4 385.4 394.2 402.6 405.7 396 376 363.5 391.9 416.6 435 447.3 456.3 461.2 464.7 466.4 465.9 452.7 421.3
70.5 70.4 70.4 70.5 70.7 71.1 71.4 72.5 75 79.4 83.4 87.3 91.1 92.3 94.6 100 104.1 108.7 115.5 121.8 129.6 134.9 137 137.7 139 143.2 144.6 146.5 148.1 149.7 152.8 160.3 146.1 157.6 168.6 179.2 188.6 198.4 204.4 212.4 216.6 229.4 245.2 260 269.8 277 282.3 288.9 295.9 302.7 306.3 305.9 281.6 255.1 264 261.8 255.3 248.4 255.8 286.2 316.9 345.8 362.1 370.9 378.1 383.5 385.3 372.4 349.8 346.9 380.4 407.8 424.1 435.4 441.5 444.8 449.6 451.8 449.3 443.1 413.1
71 70.9 70.7 70.5 70.4 70.5 70.6 71.1 73.1 76.4 80.3 83.2 86 86.7 89.2 93.2 95.2 96.5 103.2 107.3 113.1 113 113 119.8 124.6 126.7 129.6 133.1 135.6 138.4 144.5 146.3 137.8 147.2 158.2 173 183.3 190 187.9 204.3 217.8 233.4 248.2 260.2 265.9 270.5 274.4 279.2 285.1 294.2 295.6 296.4 276.9 241.7 240 235.3 223.7 246.9 272.8 300.7 322.1 336.8 347.4 355.2 361.5 363.4 362.8 349.2 322.6 335.8 370.8 399 413.7 423.7 427 431.3 433.3 434.7 434.5 430.8 405.5
71.4 69.1 70.9 70.7 70.7 70.6 70.4 70.9 72.2 73.7 76.6 79.8 81.7 82.5 82.7 87.3 86.8 91.2 95.2 98.1 100.8 103.1 110 109.2 112.2 115.2 118.4 122.1 124.7 126.4 129.5 129.3 131 138.2 152.3 163.5 170.1 177.4 196.3 207.9 219.7 234.1 245.9 252 254.8 267.3 275.5 276.7 280.2 281 279.6 278.5 271.4 235.3 220.4 214.3 235.3 258.6 282.1 300.1 313.4 323.6 330.9 338.6 344.2 347.4 339.6 324.2 297.7 330.8 365.7 386.5 399.7 408.6 412.5 416.3 418.8 419.1 420.1 417.2 397.9
71.4 71.3 69 70.9 70.8 70.8 70.5 70.6 71.6 73.6 75.8 77.2 78 78.5 78.4 78.9 81.3 87.4 90.6 93.4 96.2 98.6 100.7 103.6 105.4 108.1 110.4 112.3 115.6 118.3 120.9 120.3 127.4 137.2 147.8 158.5 169.4 182.6 194.5 205.4 216.1 225.8 239.4 250.2 260.3 267.7 268.6 266.9 264.8 264.7 263.2 262.6 251.8 221.5 204.2 220 239.7 258.2 274.1 288.4 299.8 309.2 317.4 323.9 329.1 327.6 310.9 297.9 295.9 332.1 360.3 371.2 381 390.1 395.9 400.1 403.3 402.3 401.2 399.5 396.5
71.3 71.2 72.5 72 69 70.9 70.7 70.7 71.1 71.9 75.4 78.5 76.9 75.6 75.5 76.1 78.1 82.6 87.5 90.2 92.3 94.6 97.3 100 101.6 103.2 104 105.8 109.7 114 115.1 118.8 127.8 138.2 148 158.8 169.9 180.3 191.2 202.5 208.9 223 235.2 243.4 250.3 254 254.3 252.7 250.7 251.6 248.2 247.6 230.2 206.6 201.1 216.7 236 253.9 267.6 279.2 286.4 294.2 303.7 312 314.4 303.2 281.9 265.9 295.5 328.7 342.6 354.6 362.5 369.8 374.8 379.2 381 382.1 383.9 383 382.9
71.3 71.6 74.5 76.5 73.8 69 71.3 71.1 71.1 71.3 71.6 74.8 75.2 73.7 74.4 75.6 77.5 78.8 81.6 82.2 84.9 90.9 94.6 96.2 97.9 98.9 100.1 102.9 104.1 110.1 112.5 114.4 122.5 132.6 144.7 155.5 165.8 175.7 185.6 195.2 206.6 217.3 222.5 229.5 235.4 238.6 240.1 238.9 237 241.2 237.6 232 211.5 193.2 199.9 218.3 234.7 249.5 261.6 269.6 276.6 279.1 291.2 298.3 295.1 275 258.6 263.9 291 313.6 324.8 335.2 344.3 351.1 355.5 358.6 360.5 361.1 362.7 365.2 366.5
71.2 71.5 71.6 73.9 74.7 71.7 71.4 71.5 71.2 71.2 71.1 71.9 72.6 73.4 74.3 75.9 77.2 78.9 80.7 82.3 84 87.5 90.5 91.6 93.5 96.1 98.8 101.2 104.6 107.2 109.2 109.7 114.1 122.3 131.6 143.7 154.4 159.5 177.3 186.4 195 201.6 209 213.1 220.3 227.7 226.7 225.9 227.9 230.6 226.8 218.5 196.1 185.6 201.5 218.4 231.6 241.7 247.6 254.7 265.9 282.3 284 280.9 270.1 252.1 247.3 261.4 285.5 301.4 312.5 323.2 331.7 335.2 334.9 336.9 337.8 339.3 346 350.6 351.7
71.2 71.4 71.5 71.6 72 69 71.6 71.7 72 71.4 71.7 71.9 72.1 73 74.3 75.8 77 78.9 80.4 82.3 84 86 88.2 90.4 92.5 94.7 97.4 99.5 101.6 104 105 105.5 106.9 112.1 119.1 129.4 140.9 156.4 167.9 176 184 192.2 199.9 200.6 203.5 206.6 209.8 214.7 219.8 219.7 212.3 202.1 175 187.9 201.1 213.8 223.1 235.2 249.3 263.2 272.6 281.5 287.8 279.5 253.4 239.3 243.2 260.9 280.5 290.6 300.4 310.6 316.9 318.8 317.9 315.1 316 320.5 329.6 335.1 335.9
71.3 71.5 71.6 71.7 71.7 71.7 71.5 71.4 71.8 72.1 72.2 72.1 72.3 73 74.1 74.9 76 80 81.6 82.2 83.6 85.5 87.4 89.6 91.7 93.9 94.8 97.2 99 100.4 101.6 102 102.4 105.5 109.4 112.1 125.4 137.9 147.5 157.8 166.2 174.1 183.7 189 194.4 200.3 204.3 202.4 201.6 203.3 198.6 187.1 165.4 184.1 195.9 204.6 213.9 234.2 250.6 260.6 266.5 270.3 273 260.7 241.1 228 240.6 259.2 271.2 279.3 288.1 295.5 299.7 300.7 298.9 295.4 295 305.7 312.8 313.8 318
71.4 71.6 71.6 71.7 71.7 71.6 69 71.3 71.5 71.8 72.1 72.5 72.7 74.1 75.2 74.3 74.6 76.5 80.2 82.8 84 85.2 86.2 88.3 90.6 92.2 93.1 94.6 96.1 97.5 98.5 98.8 99.3 101.6 103.3 104.7 110.7 121.2 130.5 138.5 147.4 159 171.8 172.3 176.6 186 186.7 187.1 186.1 185.9 181 167.9 160.4 175.3 185.3 195.4 211.6 229.8 241.3 247.8 252 253.7 248.9 240.1 229.7 227.6 238.1 247.7 257.2 265.3 272.4 277.9 281.4 281.7 279.8 276 280.3 285 290.8 296.2 313.3
71.4 71.4 71.4 71.6 71.8 71.9 69 71.4 71.1 72 71.9 71.8 72.3 74.7 78.2 78.8 77.3 75.9 76.3 79.5 82.6 84.8 85.7 87.7 89.6 90.9 90.9 92.1 93.4 94.7 95.5 96.1 96.2 97.5 98.9 99.6 100.7 105.6 113.5 120.8 126.9 136.2 147 155.1 157.7 166.4 171.7 173 171.8 166.4 154.3 142.4 156 165.2 175.5 189.7 204.5 217.5 223.4 227.6 229.4 228.5 225.9 221 208.6 222.9 229.7 236.7 244.2 250.2 256.5 260.7 263.3 264.1 262.3 262.1 266.1 271.9 283.6 302.1 322.3
71.4 71.1 71.3 71.6 71.8 71.9 71.7 71.8 71.8 72 72.3 71.9 72.4 72.7 74.8 77.5 79.8 78.6 77.5 78.8 81.1 83.5 84.2 86.1 86.8 87.8 89.3 90.4 91.4 92.1 92.5 93.3 93.5 94.5 96 95.7 96.8 100.1 103.3 107.1 111.8 117.6 124.8 135.6 138.5 145.1 150 147.4 148.8 145.3 136.5 144.8 152.4 160.1 168.2 179.9 192.1 197.1 200.2 203.1 204.2 204.9 204.1 200.1 205.6 213.8 220.2 227 231.9 236.9 242.4 247.3 250.4 250.3 251.4 254.3 261.4 275.7 292.8 310.4 321.3
71.3 71.2 71.4 71.7 71.8 71.8 71.5 71.1 71.7 72 72.3 72 72.5 72.6 73.2 74.5 77.9 77.4 77.7 79.8 81.2 82 82.3 83.5 84.9 86 87.1 88.3 89.4 90.2 90.6 90.9 91.2 92.1 93.1 92.7 94.4 95.8 97.1 98.8 101 105.1 109.9 115.2 119.5 124 127.3 129.4 127.8 125.6 136.6 144.4 149.6 157 164.2 172.5 174.7 176.7 176.8 179.4 183.1 186.3 190 193.4 199 203.4 212.4 217.1 221.4 225.8 229.6 232.8 234 238.3 244.3 251 263.2 282.5 300.4 311.6 320.4
71.1 71.3 71.4 71.7 71.7 71.5 71.3 70.1 72 71.8 70.7 71.4 72.7 73.3 73.7 75.1 75.7 76.6 77.7 78.2 79.3 79.1 80.2 81.9 83.2 84 85 86 87.1 87.8 88.1 88.6 89.3 90 90.8 89.8 89.4 90.7 92 93.4 96 99.1 102.3 105.6 107.8 112.2 115.4 119.1 120.5 124.1 133.9 138.1 145.9 151.3 158.5 158.3 158.5 160.7 163.8 168.4 173.6 180.1 183.5 190.3 195.1 198.2 203 209.4 213.6 216.6 219.1 226.5 232 237.7 244.7 254.7 270.7 291.4 305.7 314.8 319.2
71.3 71.4 71.5 71.6 71.6 71.8 71.8 69 71.6 72.4 71.3 72.4 72.3 72.5 74.9 76.1 74.7 74.6 75.5 76.4 77.1 78.3 79.5 80.5 81.6 82.4 83.3 84.3 85.1 85.7 86.2 86.5 87.4 89.5 89.8 89 88.2 88.9 90.4 92.1 94.4 97 99.7 102.2 105.2 108.2 111.4 114.2 118 123.9 128.6 132.2 137.4 142.4 146 147.8 147.4 151.4 159.1 163.6 169.4 174.3 179.6 186.8 189.7 193.3 198.4 202 207 213.5 220 225.3 231.1 238.2 247.1 267.3 285.2 297.1 306.6 312.4 315.4
71.4 71.5 71.6 71.6 71.6 71.8 72.1 69 71.5 72.2 71.4 72.3 72.5 72.7 74.7 76.5 78 79.2 77.5 75.3 76.4 77.2 78.2 79.3 80 80.8 81.6 82.4 83.2 83.6 84.4 84.8 85.8 88.5 90.5 89.8 88 88.4 89.7 91.8 94.1 96.5 99.5 102.1 104.6 107.4 109.9 111.5 115.6 119.9 121.7 125 128.4 130.3 133.7 136.4 140 146.2 154 159 163.5 163.6 173.8 179.8 186 190.5 195.2 197.3 206.1 212.1 218.2 227.3 240.3 252.8 265 275.9 288.9 298 305.5 309.3 311.1
71.5 71.5 71.5 71.5 71.6 71.8 71.8 71.6 69 72.2 72.7 72.4 72.2 72.3 73.5 75.4 76.7 78.2 81.2 82.8 79.2 77.5 77.2 78 78.6 79.2 80.2 81 81.4 81.6 81.9 83.1 83.4 86.9 89 88.7 86.9 87.6 88.8 90.9 93.1 95.7 98.2 100.3 102.8 104.8 106.9 109.8 112.8 115.5 117.8 120.2 122.6 125.5 128.6 132.1 136.5 142.7 147.4 150.8 151.2 161.9 169.4 176.2 180.5 185 194.4 199.8 206.2 216.2 226.3 239.3 248.9 257.3 268.1 274.7 284.1 292.6 301 305.2 307.5
71.5 71.5 71.5 71.5 71.6 71.7 71.7 71.8 71.9 69 72.6 72.6 72.5 72.3 72.4 72.3 73.5 74.5 77.1 81 84.3 82.3 79.2 76.7 77.4 77.7 78.7 79.6 79.9 80.1 80.1 81.1 82 83.3 86.8 87.7 85.7 86 88.1 90.4 92.1 94.8 96.7 98.6 100.7 102.5 104.4 106.6 109.5 111.8 114.8 118.3 120.9 122.9 125.8 128.8 131.6 135.3 137.5 141.2 150.4 158.3 164.8 170.6 176.7 184.9 191.7 199.8 206 214.5 222.6 231.2 237.6 242.2 248.2 262 270.8 279.4 290.7 298.5 304.2
71.4 71.4 71.5 71.5 71.6 71.7 71.8 71.9 72 72.3 69.6 72.7 72.7 72.6 72.1 72.2 72.3 72.2 72.7 75.8 79.5 86.5 85.2 80.4 76.2 76.2 76.7 77.3 77.1 77.5 78.4 79.1 80.4 83.2 84.8 84.3 83.7 85.2 87.4 89.5 91.4 93.2 95 96.7 98.1 99.6 100.8 102.1 102.9 108.5 111.5 115.2 118.6 120.5 121.2 124.3 126.5 129.4 134.9 142.8 148.5 155.2 160.4 165.9 172.6 180.6 187.6 194.5 200.1 204.2 212.5 216.5 224.3 230.1 240.4 247.7 252.7 263.9 274.6 290.5 296.3
71.3 71.4 71.4 71.6 71.6 71.8 71.9 72 72.1 72.3 72.4 69.6 73.1 72.9 72.5 72.6 72.5 72.3 72.2 72.3 75.8 79.6 84.4 84.8 80.1 75.2 75.1 75.6 75.9 76.3 77 77.7 78.6 80.7 82.4 82.4 83.5 84.8 86.3 88.2 89.8 91.3 93 94.4 95.8 97.4 98.9 98.4 99 104.6 108 112.1 115.5 115.1 116.2 118.5 122.4 128.8 136.3 141 146.4 151.8 156.5 161.5 165.6 172 180.2 189.1 198.3 207.7 217.1 227.6 238.6 251 262.6 269.1 270.5 270.6 270.2 288.2 295.9
71.1 71.3 71.6 71.6 71.7 71.8 71.9 72 72.1 72.1 72.1 69.6 71.5 72.5 72.9 72.7 72.5 72.2 72.3 72.4 72.5 74.9 78.7 80.4 78.7 74.7 74.3 74.8 74.9 75.2 76.4 77.3 78.4 79.7 81.2 81.6 82.7 83.9 85.1 86.7 88.2 89.5 91 92.7 93.9 97 96 97.1 97.7 99.9 103.4 107.8 111.1 111 112.4 116 123.2 127.5 131.9 136.3 143.1 148.8 153.1 156.6 165.1 176.7 187.1 195.2 204.5 216.3 226.8 241.7 255.7 269.4 284.7 294.5 298.8 298 288.1 285 297.3
71 71.3 71.7 71.7 71.8 71.8 71.9 72 72.2 72.5 69.6 72.6 72.6 72.7 72.8 72.7 72.3 72.2 72.3 72.4 72.5 72.6 73.6 74.9 74.7 73.8 74 74.3 74.4 74.6 77.3 78.1 78.2 79.1 79.9 80.4 81.5 82.7 84.2 85.2 86.6 87.9 89.2 91.2 92.6 94.3 94 95 96.6 98.8 101.1 103.4 106 108.8 111.9 114.3 120 123 125.8 133.9 142.7 150 159.3 167.4 177 187.3 197.1 206.2 215.3 228.1 243.3 258.6 273.7 290.2 302.8 309.8 311.9 309.1 300.4 295 297.4
71 71.6 71.7 71.8 71.9 71.9 71.9 72 72.2 72.5 69.6 72.4 72.9 73 73 72.8 72.2 72.5 72.4 72.4 72.3 72.4 72.4 72.2 72.9 73.4 73.8 74.1 74.3 74.2 76.7 80.3 79.3 78.9 79.1 79.6 80.7 82.2 83.3 84.2 85.6 86.7 87.9 90.2 92.3 92.8 93.1 94.7 96.4 98.5 100.4 102.7 104.9 107.6 109.8 112.4 116.3 117.8 122.4 131.5 142.1 154.6 167.3 175.8 185 196.4 208.6 219.4 231.1 244.8 260.3 276 290.3 303.9 314.8 320.4 318.3 314.3 307.9 306.9 306.3
71.6 71.7 71.8 71.9 72 72 72 72 72.2 72.4 72.4 69.6 72.9 73.1 72.9 72.8 72.9 72.5 72.5 72.4 71.9 72 72.5 72.7 73.2 73.5 73.9 74.3 74.5 74 74.2 80.9 83.3 81.3 79.8 79.7 80.5 81.9 82.7 84.2 85.2 86.7 89.1 89.8 90.6 91.3 92.5 94.2 95.9 97.7 99.4 101.3 103.7 105.1 107.3 109.8 111.3 112.3 120.2 127.4 143 160 173.6 183.8 192 202.7 215.2 227.5 240.7 256.7 272.2 288.5 301.9 311.8 319 324.1 323.9 320.8 318.8 316.9 317.5
71.5 71.6 71.8 72 72.1 72.2 72.2 72.2 72.3 72.3 72.6 72.9 72.7 69.6 72.9 73 73.3 71.8 72.5 72.2 71.7 71.8 72.4 73 73.5 73.7 74 75.5 76.1 75 74.3 76.8 80.9 84.4 81.7 80.3 80.5 82 82.6 83.6 84.5 85.9 86.8 87.1 89.3 90.1 91.3 92.9 94.6 96.4 97.9 99.6 101.2 102.6 103.9 105.4 107.1 110.2 115 126.3 143.4 161.1 177 192.5 204.4 210.1 218.4 231.3 246.1 263.1 278.9 293.5 305.1 314.1 321.7 325.9 327 326.7 326.2 326.9 327.4
71.6 71.9 72 72 72.1 72.2 72.2 72.3 72.3 72.3 72.6 72.9 73.3 72.4 69.6 73.3 73.7 77.1 76.3 71.4 72.7 72.2 72.7 73.3 73.6 73.9 76.8 80.7 84.5 82.1 75.4 75.1 76.8 79.4 80.5 79.7 80.7 82 82.2 83.5 84.7 85.7 85.8 86.6 88 89.5 90.5 91.7 93.3 94.7 96.1 97.6 99 100.2 101.7 103.2 105.6 110.1 115.1 126.2 146.6 164.1 181.3 196.5 209.9 212.4 218 229.6 241 256.5 273 288.7 302.7 314.2 320.1 327.4 330 332.4 334.6 335.9 337.3
71.7 71.8 71.8 72.1 72.2 72.2 72.3 72.3 72.3 72.4 72.6 72.9 73.3 73.4 73.1 72.9 76.7 80 82.7 78.9 73.9 73 73.1 73.3 73.6 76.3 81.9 86.3 88.9 88.5 81.1 75.6 75.3 75.9 76.4 77.7 80.2 83.5 84.7 85.8 84 84.2 85 86.1 87.4 88.6 89.7 90.7 91.8 93.2 94.5 95.9 96.9 98.5 100.1 101.5 108.9 113 117.2 125.7 139.6 159.4 178.3 194.2 204.6 206.5 212.4 222.4 230.7 238.3 252.5 268.9 291.7 304.8 315.6 326.2 332.8 338.5 341.8 344 346.5
71.6 71.7 71.9 72.1 72.2 72.2 72.3 72.3 72.3 72.5 72.7 72.8 73.1 73.3 73.2 72.4 73.6 77.4 80.7 81.5 78 73.6 73.1 73.3 74.1 76.4 81.5 86 89.9 92.1 85 79.6 76 75.7 76.5 77.3 77.3 80.5 86.4 90.3 89.4 84.7 84.4 85.5 87 87.7 88.4 89.4 90.6 91.9 93.2 94.6 96.1 97.3 98.6 104.6 109.6 113.6 118.5 126.1 134.4 146.3 165.9 181.9 191.7 196.4 204.4 212.5 218.9 234.7 243.3 265.8 287.2 309 321.5 329.6 337.6 343.3 348.2 351.8 354.2
71.5 71.6 71.9 72.2 72.3 72.3 72.3 72.3 72.3 72.5 72.8 72.8 72.9 73.1 73.1 72.9 70.7 73.6 76.6 79 77.2 73.8 73.4 73.3 73.7 74.3 78.9 82.2 86 90.9 89.9 83.6 77.6 75.5 75.1 75.7 76 76.3 81.5 86.2 90.7 88.3 84.8 84.9 85.9 86.8 87.3 88.2 89.6 91 92.4 93.9 95.3 96.4 97.2 103.9 108.2 111.9 117.8 125.7 137.6 142.4 157.6 174.6 185 192.1 203 216.5 230.6 247.3 265.7 275.6 296.6 318.8 329.7 335.7 343 348.5 353.1 356.9 358.7
72.1 71.7 72 72.2 72.4 72.3 72.3 72.3 72.4 72.6 72.8 72.8 72.9 73 73.1 72.3 73.1 72.7 73 74.7 74.7 73.6 73.6 73.6 73.7 73.7 75.6 79.7 82.7 87.9 91 86.1 79.7 75.5 74.9 74.9 75.2 76.5 78.5 84.3 84.8 85.4 85.3 85.8 84.8 85.7 86.6 87.9 89.2 90.4 91.7 93.2 93.8 94.8 97.3 101.3 105.2 109.9 115.9 127.2 147 163.3 165.6 167.6 182.1 198.6 214.4 229.6 243.8 260.3 277.6 296.9 312.2 324.3 334.7 342.4 348.1 353.4 358.2 362 361.3
72.2 72.1 72 72.3 72.2 72.2 72.4 72.3 72.5 72.8 72.9 72.9 72.9 73 73.1 72.2 72.8 72.8 72.9 72.7 73.2 73.5 73.7 73.8 73.9 74.3 74.7 76.9 80.7 83.4 85.8 85 79.9 75.4 74.9 74.9 75 76.8 78.5 81.2 86.3 82.8 82.4 82.9 84.1 84.6 85.5 87.2 88.7 90.2 91.3 92.1 92.5 94.5 96.3 98.6 104.8 107.7 112.4 128.9 151.4 169.5 179.3 183.4 194 203 217.4 235 254.3 272.8 290.3 307.5 322.5 333.4 341.5 347 352.8 359.2 364.1 364.4 362.7
72.2 72.4 72.2 72.5 72.5 72.5 72.4 72.3 72.5 72.8 73 73 73.1 73.2 73.3 72.8 72.7 72.8 73.3 72.9 73.1 73.4 73.6 73.9 74.4 74.6 74.5 75.3 77.7 79.3 80.5 80.6 77.3 75.6 75.2 75.3 75.3 75.6 77.9 81.1 87.7 88 82.7 82.8 83.4 84.2 85.2 86.6 88.3 89.4 90.5 91.3 91.7 93.5 95.3 97.4 100.6 104.2 108.5 119.9 140.2 155.5 171.6 182 190.5 201.7 215.7 232.7 255.9 279.7 300.8 316.6 329.3 340.1 348.6 353.1 359.1 364.7 366.5 365.1 358.7
72.7 72.8 71.6 72.5 72.5 72.6 72.5 72.3 72.6 72.9 73 73.2 73.4 73.5 73.6 72.7 72.9 72.8 72.8 73.2 73.4 73.4 73.6 73.9 73.9 74.1 74.6 74.2 76.8 78.4 80 79.8 80.6 80.2 78.4 76.4 75.8 75.3 76.1 77.9 81.6 86.2 87.5 82.6 83.3 84.2 85.4 86.6 88.4 89 90.3 90.9 91.3 93 94.7 97 100.2 105.6 111 117 126.3 140.5 156.9 174.4 194.1 214.7 230.4 244 257.2 273.9 300.5 317.7 332.9 346 353.9 360.9 366.1 368.3 364.6 352.5 341
72.8 72.7 72.3 72.5 72.7 72.7 72.5 72.5 72.6 72.9 73.1 73.3 73.5 73.7 73.6 72.8 72.9 73.5 73.5 73.3 73.4 73.5 73.6 73.7 74 74.2 74.6 74.6 75 76.6 78.8 80.5 79.5 80.2 80.3 79.2 77 76.2 76.6 77 79.3 82.2 84.4 84.6 82.7 83.8 89.4 88.4 87.9 87.5 91.2 92.4 91.3 92.4 94.2 96.1 100.6 107.7 113.8 120 127.1 137.3 154.3 173.8 194.6 218.3 242.7 259.1 274.3 290.6 308.4 325.6 340.8 352.3 360.9 365.4 366.8 362.5 346.3 329.4 320.7
72.8 72.9 72.5 72.9 72.7 72.7 72.5 72.6 72.7 72.9 73.1 73.3 73.5 73.8 73.9 72.6 72.6 73.8 73.5 73.4 73.4 73.5 73.6 73.9 74.1 74.3 74.7 74.8 75.1 75.3 75.5 75.6 75.8 76.1 77.1 78.2 76.9 76.2 76.6 77.4 78.7 82.6 81.4 81.5 82.3 82.4 87.3 90.6 87.4 85.9 89.1 92.4 91.3 91.9 93.5 97.8 103.5 109.1 118.4 124.3 130.6 140.2 153.1 171.5 194.6 219 246.6 272.5 287.3 299.2 320.9 337.6 347.9 355 358.3 357.4 352.9 341.5 324 305.8 301.1
