ny/ny22_OST50GRID_20230518/NY22.asc
ncols 200
nrows 200
xllcorner 320000
yllcorner 520000
cellsize 50
[rows 0 to 35 of 200, columns 81 to 161 of 200]
360.7 366 349.3 336 320.1 312.6 324.4 341.5 357 372.6 391.5 404.4 415.8 431.4 439.2 434.9 425.9 419.1 413.9 409.3 403.7 399.3 398.2 400.3 416.7 435.2 456.5 478.9 505.2 529 554.3 585 619.3 654.4 688.5 721 754.7 784.7 803.4 815.9 823 824.8 820 810.8 796.7 777.6 756.7 732.4 706.7 680.4 653.6 624.4 614.5 606 599.3 594.9 592.2 592 591 587.6 582.5 574.6 564 554.1 547.7 541.4 536.3 531.8 527.5 523.9 519.9 520.7 523.1 523.8 523.4 524.3 516.4 501.8 489.9 478.8 470.9
368.7 375.2 355.6 340.4 329.4 329.3 324.7 342.1 358.2 374.8 384.9 393.4 404.1 419.8 436.6 443.4 437.9 430.3 425.8 420 412.8 411.5 409.6 411 416 435.5 456.4 478.6 501.6 526 549.3 577.7 612.2 644 675.9 709.6 745.3 780.5 805.1 818.4 827.7 827.7 824 815.5 801.3 781.2 759.2 733.2 707.4 681.8 657.8 648.5 636.5 626 619.3 615 612.2 610.2 605.5 599.6 593.4 583.8 571.8 559.6 551.2 544.2 538.2 534 530.6 526.9 524.3 527.2 530.5 533.7 532.8 532.6 522.7 508.1 493.3 480.1 472.5
370.5 380.7 363.4 348.7 337.9 338.2 338.9 340.2 353.9 363.8 373.6 384.7 394.7 406.9 418.1 431.4 439.8 443.2 438.6 434.5 430.3 425.5 425.8 426 423 433.6 452.4 474.4 498.5 526.2 554.2 587.9 621.5 655.3 687.8 719.5 753.9 786.2 813.4 826.5 830.5 829.3 825.9 816.4 802.6 784.3 763.9 739.3 715.3 694.9 681.3 671.7 660.6 650.2 643.3 638.5 630.5 623.6 617.9 611.1 601.3 588.9 575.7 562.9 551.9 544.8 538.9 534.3 531.5 529.2 528 530.6 533.2 537.4 534.7 530.1 520 506.9 492.3 479 471.7
380.5 393.2 374.4 355.5 345.9 344.2 347.8 351.7 354.9 353.7 363.5 375.1 384.7 394.7 405.6 419.4 433.9 456.7 453.6 449 445.9 443.3 446.6 447.5 445.3 441.8 448.7 468.2 493.5 522.4 553.8 587.3 622.7 655.7 685.6 716.1 747.5 777.4 808.1 827.4 831.7 831.5 826.5 819.5 804.4 787.2 769.5 751 733 715.8 703 692.4 682.2 672.6 662.6 652.8 641.7 633 625.8 618.3 607.3 592.3 577.5 564.5 553.6 545 538.9 532.7 530.4 528.3 528.2 529.6 532.6 532.6 530 524.4 514.2 500.4 485.8 476.7 470.1
387.3 407.2 387.6 368 354.2 351.4 355.9 357.6 359.6 361.5 360.8 366.3 374.6 383.5 396 411 429.5 447.8 464 468.4 463.8 462.8 467.8 466 463.8 463.8 466.6 471.3 488.2 515 546.8 579.7 612.3 642.2 672.9 704.5 729.5 754.6 781 814.8 830.3 829.2 825.6 819.2 805.5 790.9 775.4 757.9 740.2 724.5 711.2 700.6 691.8 683.1 672.8 661.3 649 638.6 630.7 622.4 611.2 596.6 580.1 566.5 555.5 545.1 537.8 531.3 527.4 523.8 523.8 525.2 526.5 528.4 524.5 516.4 504.5 492.2 481 472.8 466
400.2 413.5 398.1 378.6 366.3 361.4 364.1 363.6 364.4 365.3 363.5 365.7 368.9 376 389.1 403.9 422.6 444.8 465 487.2 485 483.3 485.6 486.2 486.7 489 489.4 494.2 499 514.8 538.3 564.8 594.2 624.4 655 681.2 705.8 735.3 771.1 808.4 824.7 828.5 828.7 821.5 808.9 794.3 777.6 759.9 742.7 727.7 715.1 704.5 695.1 686.4 677.4 664.8 652.4 642.5 633.8 623.6 610.8 596.7 578.8 566.6 554.8 543.7 533.7 526.4 521 515.8 515.3 515.6 517.8 517.9 512 504 494.2 483.9 475.7 467.4 459.9
408.5 415.8 408.5 392.2 379.5 372.2 371.8 370 370.7 369 368.6 366.9 368.9 373.7 383.1 399.2 418.7 438.3 458.2 487.8 502.7 505.7 503.8 505.7 509.9 512.6 520.6 523.6 525.7 529.6 541.8 561.9 583.4 607 635.5 663.7 698.4 730.5 763.2 790.6 817.2 829.2 830.6 824.6 811.4 795.6 777.7 759.3 742.6 727.9 716.3 704.5 694.8 684.8 674.6 662.1 650 640.9 632.2 620.6 607.6 592.1 575.9 565.2 552 539.9 528.7 518.9 510.7 504.8 503 502.1 502.4 500.7 496.7 489.7 483.6 476.3 468.9 461 454.9
418.9 436.4 426.6 407.1 391.5 382.7 379.1 377.5 376.2 374.1 371.2 369.9 370.4 373.4 380.4 395.5 412.5 431.6 453 478.9 504 519.9 522.5 525.3 532 540.7 548.8 554.1 555.8 555.8 561.9 575.6 593.1 613.1 635.4 661.7 691.5 720.2 749 778.9 809.6 834 836.5 828.8 814.7 795.3 775.7 756.8 740.7 726.4 714 702.4 690.2 678.6 666.8 655.3 643.7 633.9 625 612 599.4 584.6 571.1 559 545.9 530.7 519 508.8 501.4 494.1 491 488.3 487.4 485.7 482.1 479.7 474.8 468.1 461.9 455.4 451.6
432.9 452 437.7 416.7 402.3 394.6 389.5 387.1 384.4 379.9 374.7 373.1 371.2 375 377.8 391 408.2 426.3 448.5 472.2 498.3 523 534.5 543.8 552.7 569.4 578.1 584.8 588.3 586.9 589.2 598.3 613.5 632.6 653.7 673.3 694.8 719.4 746.8 776.3 807.4 840.6 840 831.7 815.1 793.6 772.7 754.6 738.4 724 710.5 697.7 683.9 670.7 657.3 645.8 635.1 624.4 614.2 602.3 588.7 573.8 561 547.5 533.8 519 507.6 500.2 492.5 486.4 482.1 479 477 475.1 473.2 469.9 465.6 460.1 456 452.2 448.2
438.6 454.1 442.5 427.7 415.1 407.3 400.3 396.7 392.9 385.8 378.8 375.9 374.4 377.3 379.8 389.2 405 423.4 445.8 468.5 493.5 516.9 537.1 554.3 571.1 598.9 609.8 616.1 620.3 619.3 620.9 624.6 640.6 656.9 679.5 699.4 717.3 736.8 760.4 789.3 824.8 849.2 842.9 829.8 810.9 789.6 770.2 752.5 736 721.5 707.3 692.7 677.5 663 648.3 635.2 623 613.8 602.2 590.6 576.8 561.2 546.8 530.6 517.3 507.1 498.5 491.7 487.2 483.9 482.5 478.7 477.2 472.3 467.6 464.3 457.6 457.1 456.4 460.7 461.8
446.1 461.2 456 444.7 430.6 420.1 410.6 406.8 402 393.2 383.9 379.3 378.1 379.9 382.6 392.1 404.6 421.7 442.2 463.6 486 510.5 533.8 556 582.3 615 641.4 649.7 654.5 655.5 656.5 654.4 667.4 683.4 705.9 727.9 749.4 766.8 790.9 815.1 843.8 860.1 845.2 826.4 806.3 786.7 767.9 749.8 733 717.5 702.8 687.4 671.6 655.8 639.6 624.5 611.6 600.8 589.2 576 560.2 544.4 527.4 514.4 506.9 500.5 494.5 494 494.2 491 485.7 485.8 484.3 482.2 479.1 474 469.3 465 467.8 469.9 469.6
460.2 479.6 475.1 460.8 446.6 435.6 428 419.4 412.8 403.5 393.1 385.8 384.5 382.6 385.4 393.4 405.3 419.6 437.1 459.1 481.8 506.9 531.8 555.1 582.8 612.8 640.5 666.4 687.1 689.3 689.8 684.4 692 712 734 757.4 781.7 807.2 829.2 856.6 875.4 872.1 848.2 825.4 804.9 785.1 766.2 747.3 730.7 714.2 698.4 680.8 663.8 646.3 630.2 613.8 599 586.5 573.4 559.1 543.3 527 517.8 511 504.3 501.7 503.1 503 500.8 495.9 492 493.1 492.6 491.6 488.7 484.3 477.3 475.7 477.8 478.6 475.7
471.7 495 496.9 479.4 464.3 451.9 444.6 436.3 425.7 414.4 403.9 395.3 390.2 383.6 389.4 395.3 407.8 420.5 437.2 456.7 479.5 503.9 528 552.9 579.9 607.4 636.4 664.1 686.5 698.2 700.3 703.8 715.9 736.2 758.1 781.7 809.6 834.7 862 882.8 891 879.5 852.5 828 805.9 785.3 766.2 747.6 729.4 711.6 693.5 675 655.5 637.8 620.3 603.8 587.1 571 556.8 542.5 531.5 523.8 513.6 513.2 512.4 512.7 512.4 510 506.7 497.4 501 501.3 502.6 502.3 500.4 495.8 482.4 488 489.2 487.5 483.5
481 505.6 514.6 496.9 482.5 470.4 462.6 457.1 447 432.2 415.7 404.7 395.4 387.3 391.9 398.7 409.9 422.9 437.4 454.1 476.1 502.4 526.8 553.1 580 607 634.6 660.3 684.4 697.8 703.4 713.1 730.2 753.9 778 803.3 829.3 857.3 880.6 896.5 903.1 885.5 856.5 830.2 807.7 786.8 766.3 747.5 728.8 710.2 690.9 671 651 630.9 611.1 590.1 570.6 554.9 543.8 533.8 529.8 524.5 525.9 523.8 524.2 522.4 520.6 517.9 512.6 507.2 510.5 513 513.7 513.1 510.8 503.9 496.5 500.3 499.9 497 492.4
478.5 508.4 516.3 510.4 499.4 489.1 479.4 470.7 461.7 447.7 428.6 412.7 403 393 395.3 402.8 412.2 425.6 440 458.2 480.3 504.8 527.4 553.9 581.4 607.3 633.4 660.1 682.8 698.1 708.5 722.4 742.2 767.3 794.8 823.3 848.9 870.9 892 909.4 915.9 892 862.8 834.4 810.7 789 768.3 747.3 728.4 708.5 688.5 668 647.4 627.5 607 583.2 571.4 572.1 565.1 557 549.5 544.9 541.5 538.9 537.6 532.2 529.8 525.3 516.3 518.9 522.1 524 524.7 522.4 518.8 510.7 511.1 512.3 511.1 507.8 503
473.9 501.9 523.7 532.4 522.6 508.8 498.3 485.6 474.5 460.4 442.6 427.2 412.8 398.6 398 404.1 413.8 426.2 442.5 462.2 484.5 508.6 529 556.6 583.9 612 640.3 664.8 686.4 701.5 713.4 728.5 751.6 778.9 807.2 835.1 860.9 883.4 901.9 917.7 918.1 893.9 866.6 839.1 813.7 791.7 770.3 749.5 728.9 708.3 687.8 666.7 645.6 624.8 604.4 593.6 593.8 590.7 585.3 576.2 568.6 563.8 560.6 555.9 548.4 542.9 539.1 532.1 522.9 530.8 533.8 535.3 535.6 534 529.6 520.2 523.6 523.5 521.1 516.9 510.9
475 509.8 536.9 544.9 540.8 532 522.8 509.2 490.4 474.2 455.6 439.5 424 408.4 400.3 404.9 413.8 427.9 443.9 465.2 488.3 510.4 529.2 558.3 591.1 621.7 648.9 673.3 693 705 717.6 732.8 757.7 785.4 814.3 842.3 867.4 890.1 909.8 924 919.9 894.7 867.6 841.4 816.9 794.2 772.3 751.1 730 709 688.1 666.3 643.4 622.1 610.3 612.9 613.4 611.7 606.8 597.2 590.1 583.9 576.2 567.9 558.6 553.8 547.4 533.8 536.4 542.6 546.2 547.8 547.8 544.8 541.4 534.5 536.2 534.7 529.9 525 518.2
484.5 520.7 533.8 545.9 553.8 556.8 540.8 525.6 507.1 487.3 468.9 451.7 435.7 419.7 403 408 414.3 428.2 445.9 468.9 493.6 511.7 530.9 558.2 592 625.1 657.9 684.6 698.9 708.8 720.4 735.8 759.7 787.5 816.5 844.7 870 892.4 912 926.9 919.6 895.1 867.5 842.6 818.5 795.6 773.3 752.2 731.4 710.4 689.2 666.4 643.3 622.3 625 631 635 635.2 631.4 621.9 609.1 598.2 587.7 578.1 571.7 564.5 553.9 536.7 548.5 554.8 558.6 559.7 558.3 555.7 552.4 548.7 548 545 540.5 534.2 526.7
485.6 504.9 522.4 545.6 563.3 575.9 561.2 543.5 525.8 505 484.9 466.1 447.9 432.8 416 411.2 416.7 429.9 450.8 475.8 497 513.4 530.6 555.3 587.5 622.9 654.7 681.1 697.7 708.8 720.8 736.6 759.9 788.1 817.5 844.4 868.5 891.4 911.6 927.1 920.1 894.1 867.4 843.3 820 797.1 775.2 753.8 732.9 712.3 692.1 670.5 647.8 629.8 639.7 645.6 650.5 650.9 646.9 637.7 623.3 610.2 599.5 590.6 582.9 574.2 558.2 546.2 561.3 567.8 570.5 570.8 568.3 565.6 563.1 560.9 558.8 555.5 551 544.1 534.9
475.6 499.7 526.6 551.3 572.1 594.4 586.3 566.1 547.7 525.7 503.2 482.7 464.2 447.2 431.7 420.4 420.1 431.7 450.8 474.6 490.4 505.8 525.1 547.7 579.1 612.8 640.9 667 687.4 703.3 718.1 735.8 759.2 787.5 816.4 843 866.4 888.8 908 920.8 918.5 894 868.1 845 821.8 798.4 776.7 755.9 736.1 715.9 695.9 674.2 652.1 642.4 653.2 659.6 664.3 664.5 659.8 651.2 636.5 622.9 613.5 604.5 594.1 581.9 565 557.4 574.5 579.5 581.6 581.1 578.5 576.4 573.4 572.3 569.8 565.9 560.1 553.5 545.7
479 506.5 534 560 585.9 609.7 610 596.5 573 547.5 523.5 501.5 481.8 463.7 447.5 437.1 426.9 430.4 446.2 462.1 477.3 494.6 515.2 538.2 566.2 593.9 623.8 650.9 673.9 694.1 713.3 733.5 755.9 785.4 814.4 839.9 862.8 884.3 903 915.5 918.5 894.9 869.3 846.6 823.3 799.5 778.8 758.7 739 718.8 698.6 677.7 655.5 658 667.4 674.1 677.3 676.2 670.9 662.8 650.8 637.9 628.2 617.7 603.7 588.9 572.2 576 586.8 590.5 592.4 592.2 589.4 587.7 585.1 583.7 580.7 575 568.4 562.1 555.4
488.6 516.9 547.6 574.6 597.5 621.5 646.9 637.2 604.5 571.3 543 519.6 498.9 480.6 466.9 454.3 446.6 436.7 438.8 453.2 468.6 486.5 505.3 527.8 551.8 577 606.3 633.6 657.7 683.3 705.7 728.3 753 782.2 809.8 835.8 858.9 880.1 900.6 915.9 919 895.3 869.8 846.6 823.2 800.3 780.2 760.9 741.3 719.9 698.1 676.3 664.3 673.5 682.7 688.7 690 687.4 682.3 674.2 664 653.5 643.6 631.8 615.6 598.6 584.1 592 599.5 603.5 604.3 603.8 602.4 600.2 596.7 594.5 590.4 583.8 575.8 569 562.5
501.7 532.4 561.8 586.3 608.1 634.7 661 656.2 623.5 591 564 541.1 519.6 500.7 486.8 474.4 465.9 458.2 449.8 445.8 458.3 476.8 491.8 513.2 534.7 561 587.8 614.3 642.1 669.4 696.1 721.5 747.3 775.3 803.4 831.2 857.8 881.1 903.2 919.8 924.5 898.5 872.4 848.6 825.1 803.2 783.5 764.1 743.9 722.1 697.1 675.9 681.3 690 698.2 702.8 702.8 699.7 693.6 685.5 677.4 668.4 658.1 645.2 629.4 608.7 597.7 608 613.8 617.3 618.8 618.7 617.1 614.4 610.4 606.1 599.8 592.5 583 575.9 568.7
510.7 544.9 576.2 596.4 617.6 638.9 661.6 671.3 647.4 614.6 586.7 561.2 539.1 521.9 508.1 497.3 488 479.6 472.5 463.8 455.2 465.1 479.7 498 519.9 542.5 569.7 598.1 627.2 658.7 689 715.5 741.2 769.2 799.1 829 858.3 882.8 904.7 921.2 926.1 900.1 874.4 851.3 828.1 806.9 787.5 768 747.8 724.5 699 694.4 701.4 708.6 715.4 715.2 712.8 709.5 703.9 696.3 688.2 679.5 669.5 658.4 643.4 622.2 617 622.2 626.2 629.4 633.6 633.1 631.7 628.9 623.8 617.9 610 600.1 589.2 581.6 572.1
513 551.6 584.3 602.2 619.7 639.5 659.7 686.8 667.8 635.7 606.5 581.2 561.2 544.9 531.5 520.5 512 504.4 497.3 488.4 478.2 467.3 472.6 488.5 507.6 529.8 554.7 586.8 619.4 652 682.6 710.6 735.6 764.8 796.5 828 857.7 882.1 904.7 921.3 923.6 900.3 875.6 853.2 832 811.5 791.8 773.2 752.1 728.2 711.4 715.3 721.7 727.9 729.4 726.9 722.4 717 711.9 704.4 696.5 687.3 677.9 666.8 653.7 636.5 632.9 634.3 638 642.1 645.6 648.2 645.2 641.5 633.7 626.6 617 605.1 593.3 585.3 575.2
539.1 566.3 582.6 597.2 615.3 635.4 655.5 672.9 683.7 656.6 627.5 605.4 587 571.4 557.2 546.9 538.7 531.8 523.5 516.8 503.6 488.1 480.8 484.2 500.7 521.4 548.2 578.3 610.2 641.9 672.2 702.4 730.4 760.8 792.4 823.5 854.7 882 904.8 921 920.7 899.6 875.7 855 835.5 816.3 798.2 779.6 757.5 737.8 735.4 737.2 742.4 743 739.7 734.7 728.7 721.7 715.5 708.6 700.2 691.4 682.1 671.5 658.7 645.7 642 642.9 646.6 651.1 655.9 656.8 654.8 650.4 642.6 632.6 621.1 608.3 596.2 587.2 576.7
534.1 549.6 563.8 587.1 607.9 625 643.7 659.7 669.4 676.2 654.5 632.6 615 599.6 586.4 576 568.2 560.1 553.1 546.6 531.6 512.8 500.6 499 503.2 520.4 543 570.8 601.5 631.3 663 694.4 724.4 755.3 787.4 816.6 848.6 879.4 906.3 922.8 917.5 898.6 878 859.3 840.8 822.8 806.6 789.8 772.2 760.2 757.6 758.5 757.3 752.8 748.1 741.7 733.5 726.2 718.7 710.5 701.4 692.2 682.5 673.2 660.9 649.8 647.7 649.3 652.8 656.2 660.7 662.3 661.1 654.6 646.9 636.1 623.6 609.8 597.3 587.3 575.8
507.6 528.4 549.1 571.8 590.8 609.7 628.5 642 655.7 670.3 681.7 664.4 645.8 630.7 618.8 609.2 599.1 590.7 587.1 585.5 562 538 523.5 515.7 516.5 527.9 545.4 567.9 595.6 627.9 660.1 690.7 722.5 753.1 782.5 812.8 843.3 879.3 905.8 923.5 918.5 900.9 883.3 866.4 848.4 830.5 816.3 801.8 788.9 781.8 778.1 773.5 768.7 761.5 752.9 745.9 738.2 729.1 720.2 711.2 700.5 690.5 681.1 670.7 658.8 649.7 647.6 650 655.2 660.6 663.2 665.3 663.6 656.2 646.6 635.8 623.2 610.3 597.7 586 574
485.4 509.1 532.3 549.8 568.2 588.5 608 627.1 645.8 662.9 675.7 692.5 678.5 663 652.1 644.3 632.7 625.8 630.1 622 587.8 562 546.2 535.4 535.1 542.3 554.8 575.2 600.9 632.8 663.8 694.5 726.8 756 786.1 814.1 844.9 877 903.4 922.1 921.3 905.2 890.3 874.1 855.6 840.4 827.2 813 804.7 796.8 790 782.2 775.1 766.9 757.7 748.1 738.7 729.5 718.9 708.3 697.3 686.7 676 665.5 652.1 643 642.4 646 651.6 657.1 661.8 662.9 660.3 653.5 642.7 633.1 621.2 608.7 596.6 584.9 572.3
466.7 491.9 508.7 526.6 545.6 566.5 589.7 611.5 627.8 644.6 660.1 677.8 695.8 701.6 690.6 682.4 670.8 660.8 660.4 647.1 614.1 588.2 571.5 563.9 561.8 567.4 577.6 588.6 610.6 638.2 668.9 700.1 730.4 759.2 788.1 813.4 841.6 871.7 895.6 914 918.4 907.8 895.2 881.4 867.7 853.7 841.1 828.7 816 805.6 795.9 788.1 778.3 770 760.5 749.6 738.7 727.6 715.8 702.9 690.4 677.1 662.6 647.4 633.2 622.3 622.6 634 641.7 648.8 653.6 653.6 650.2 645 638.4 629.8 618.8 607.9 595.1 583 568.1
449.1 469.3 486.7 504.9 522.9 546.3 569.6 586.1 604.5 622.1 640.1 662.3 683.9 703.8 718.3 720.1 712.5 699.5 691.3 665.4 644.1 617.1 603.1 599.4 593.7 598.1 604.7 611.1 623.1 649.9 679.2 706.4 734.2 760.2 783.8 807.5 832.3 858.3 879.3 896.4 906.3 903.5 894.4 884 872.9 861.5 848.9 836.5 822.4 809 798.4 789.5 780.8 771.1 761.8 750.4 737.2 724.3 711.2 691 671 655.8 643.4 638.8 632.4 627.1 613.7 616.1 629.8 636.3 641.1 642 641.2 638.9 634.5 626.6 617.3 606 592.5 578.3 563.4
430.1 447.5 465.2 482.6 502.9 525.7 545.9 563.7 581.7 599.4 620.9 645.2 668.5 685.9 706.3 721.8 729.7 724.8 715.6 699.4 676.5 651.7 640.9 650.1 645.1 649.8 638.1 640.1 649.3 663.2 689.7 715.4 738.4 758.7 778.7 799.1 819.4 840.2 860.2 876.3 887.7 893.1 890.3 882.4 874.1 863.6 851.6 839.4 824.7 811 799.6 790.2 781.5 772.1 761.4 749.6 735.9 721.5 702.2 677.5 675.9 671.5 665.9 658.2 650.5 641.7 623.6 600.4 614.4 623 627.8 632.1 633.6 632.9 629.9 623 613.4 601.2 588 572.6 556.2
410.1 427.3 444.1 460.3 484.3 505.4 524 540.9 560 578.8 602.3 625.8 646.3 666.2 689.1 703.2 709.9 719.1 721.8 715.8 704.9 685 682 692.5 692.9 690.8 680.3 681.3 689.5 692 700.4 722 738.8 756.4 773.7 788.2 805.1 825.9 844.6 860 870.9 875.6 878 875.9 870.1 862 850.7 838.7 825.5 811.1 799.8 790.1 780.9 771 760.2 748.1 729.9 712.1 697.9 702.2 696.6 689.3 679.8 669 657.3 646.4 630.5 606.8 597 608.1 616.4 621 624.9 626.6 623 616.2 606 593.8 581.1 565 549.6
392.6 408.5 424 441.2 462.7 484.8 501.6 518.9 537.6 558.2 581.7 605.7 625.7 648.2 667.8 684.8 692.5 704.9 715.9 712.5 703.8 695.6 698.3 703.1 712.9 719.2 718.5 716.9 716.8 715 711.7 724.3 736.9 752.9 766.3 775.7 792.6 811.4 828.6 844.2 852.2 856.3 860 862 860.1 854.4 845.6 833.4 821.6 809.8 799.9 790 780.4 770.5 759.8 748.5 734.8 718.8 717.5 711.7 703.8 694.5 684 671.8 659.8 647.5 635.7 616.6 595.1 591.2 604.7 610.1 614.3 615.6 611.3 605.1 596.5 583.7 572 554 538.9
369.4 388.8 404.8 424 442.2 462 477.3 496.8 516.5 538.2 561.2 584.2 605.8 626.5 649.3 664.4 674.1 686 696.9 695.5 692.9 692.5 701.4 711.6 720 724.9 726.1 726.3 724.5 722.8 718.8 724.5 734.5 745.8 754.6 764 779 796.3 811.2 823.2 830.3 837.3 842.5 843.8 842.8 841.2 834.3 825.8 816.2 808 799 789.4 780.7 770.4 759.2 747.3 738.5 732.4 724.8 716.8 708.1 697.7 686.5 672.6 659.3 647.6 635.3 623.8 599.8 573.3 587.3 597 600.6 599.4 595.1 589.3 578.8 567 553.4 539.2 525.4
347.4 368.9 387.5 403.4 419.4 437.4 456.8 477 496.7 518.4 539.9 564.4 586.1 609.5 628.2 644 649.3 657.5 663.7 664.5 668.3 687.7 703 715.5 723.5 727.9 730.2 731.8 733.2 728.1 720.6 719.9 729 737.2 743.7 753 763.8 775.8 787.7 798.6 806.1 814.5 820.4 817.9 812.4 814.7 817.8 816.9 811.3 805.4 798.5 789.6 781.3 772.9 764.1 755.2 747.2 739.8 731.4 722 711.8 699.6 686.3 670 656.3 645.2 633.6 622.6 606.8 578.5 571.2 580.8 583.3 580.5 575.6 567.6 558 547.9 536.9 526.1 515.8
