ny/ny22_OST50GRID_20230518/NY22.asc
ncols 200
nrows 200
xllcorner 320000
yllcorner 520000
cellsize 50
[rows 0 to 35 of 200, columns 0 to 80 of 200]
311.7 324.3 326.6 331.7 328.7 322.8 317.2 307.1 291 264.3 244.8 221.5 196 165.2 134.3 111.8 89.7 74.1 68.7 68.7 68.7 68.7 68.7 68.7 68.7 68.7 68.7 68.7 68.7 68.7 68.7 68.7 68.7 68.7 71.8 71.7 71.6 71.6 70.6 70.6 70.9 71.1 71.3 71 71 72 75.1 77.1 78.7 78.6 78.1 75.6 72.7 70.3 70.3 70 70.2 70.4 70.6 70.3 70.4 70.6 70.7 71.4 72 74.7 81.2 85.6 90.8 100.4 115.4 134.8 155.2 176.8 201.7 226.9 248.4 266.8 293.8 322.7 341.1
316.9 324.8 332.7 334.7 331.7 323.7 319.1 315.1 299.6 273.6 258.1 234.1 201.1 170.2 138.8 114.8 95 76.8 68.7 68.7 68.7 68.7 68.7 68.7 68.7 68.7 68.7 68.7 68.7 68.7 68.7 68.7 68.7 68.7 71.7 71.7 71.8 72.4 72.3 70.8 70.7 70.9 71.3 70.8 70.9 71.7 71.6 74.5 75.3 74.5 73.7 72.4 70.9 70.7 70.4 69.9 70.3 70.5 70.8 70.6 70.7 70.8 70.9 70.9 71.5 72.5 77.1 82.5 87.5 96.2 110.7 129.5 149.4 170 192 215.9 238.9 266.5 292.7 316.3 338.1
309.7 316.8 320.1 320 319.2 316.2 320.9 327.1 315.8 282.4 266.5 243.8 209.6 178.5 146 118.1 98.3 77.4 68.7 68.7 68.7 68.7 68.7 68.7 68.7 68.7 68.7 68.7 68.7 68.7 68.7 68.7 68.7 68.7 69.4 71.6 72.2 74.5 76.5 76 75.4 74.4 72.4 70.8 70.9 70.3 70.7 71.4 72 71.1 68.9 70.7 70.8 70.6 70.8 70.5 70.4 70.7 71 71.1 71.1 71.2 71.3 71.2 71.2 72.2 75.1 80 85.9 93.8 106.5 124.7 143.8 163.9 186.5 209.4 233.4 259.7 285.8 315.7 342.2
299.5 302.1 303.1 308.8 314.6 319.8 327.8 325.1 308.2 286.2 272.1 251.7 215.5 185.9 153.1 124.5 103.2 85.1 74.1 68.7 68.7 68.7 68.7 68.7 68.7 68.7 68.7 68.7 68.7 68.7 68.7 68.7 68.7 68.7 68.7 70.4 74.9 77.7 79.4 79.7 80 79.6 79.2 75.5 71.1 70.4 70.2 70.1 70.4 70.4 71.7 72.8 71.4 71.5 72.6 71.3 70.6 70.5 73.3 74.2 73.8 72.9 71.7 71.7 72.1 73.2 74.6 78.4 84.5 92.1 103 120.2 139.6 160.4 184.7 208.9 233 258.9 287.5 323.2 349.3
291.1 293.7 300.8 309.7 318.9 326 334 327.4 305.8 290.6 275.6 258.3 222 193.2 161.9 133 110 90.5 77.1 69.5 68.7 68.7 68.7 68.7 68.7 68.7 68.7 68.7 68.7 68.7 68.7 68.7 68.7 68.7 68.7 69 75.9 80 82.5 83.3 83.5 83.2 82.7 80.8 75.5 70.8 70.1 70.2 70.2 70.6 71.3 73.3 72.7 72.7 73.5 71.8 71 71 75.4 76.8 76.8 75.8 72.4 72.3 73 73.7 75.2 77.8 83.6 89.9 99.7 116 136.4 158.9 185 209.9 235.9 265.6 300.1 336.8 363.2
292.5 298.5 307.3 316.1 325.7 333.3 337.4 324.2 306.2 290.7 275.5 253.7 228.9 204.2 174.3 145.4 119.2 99.7 82.1 72.7 68.7 68.7 68.7 68.7 68.7 68.7 68.7 68.7 68.7 68.7 68.7 68.7 68.7 68.7 68.7 69.5 75.2 79.2 83.2 86.2 86.6 86.9 86.4 82.9 79.2 71.8 70.4 70.3 70.2 70.6 71.1 72.2 71.9 72.9 73 71.7 71.7 74.8 77.3 79.2 80.2 78.1 74.7 73.5 74.6 76 76.7 79.7 85.3 90.1 98.2 114.2 136.7 161.3 187.4 214.9 242.7 276 314.7 351.3 373.3
295.9 304.1 313.4 322.7 331.4 342 338.5 316.8 302.6 284.9 267.1 250.4 242.4 224.5 192.2 157.6 130.4 110.2 91.1 77.2 68.7 68.7 68.7 68.7 68.7 68.7 68.7 68.7 68.7 68.7 68.7 68.7 68.7 68.7 68.7 68.7 73.4 77.7 82.4 86.7 89.1 88 84.6 81.3 76.5 72.3 70 70.4 70.3 70.3 70.5 71.3 72.5 72.7 72.2 72 74.3 76.7 79 81 82.4 81.3 78.8 75.8 79.3 81.1 80.9 84 88.7 92.5 99.4 113.8 137 162.2 189.6 220.9 256 287 324.1 359.4 384.2
303.1 310.9 319.5 328.5 337.1 339.5 324.4 306.8 290.8 279.9 262.1 257.2 253.9 235.1 205.8 170.9 141.6 121 100.2 82.6 72.1 68.7 68.7 68.7 68.7 68.7 68.7 68.7 68.7 68.7 68.7 68.7 68.7 68.7 68.7 68.7 69.9 75.6 79.6 83.3 85.5 84.2 82.1 78.9 74.9 71.7 69.7 70.1 70.2 69.5 70.2 72.6 74.5 74.5 75 75.5 76.1 78.4 81.4 83.9 85.2 83.7 82.2 79.6 84 87.3 89.1 91.6 93.8 96.2 101.5 118.1 139.5 163.6 192.7 231.2 263.9 297.9 330.4 373.1 398.1
312 317.2 326 333.4 334.3 325.5 310.4 297.9 281.6 272.5 262.9 263.3 258.3 236.6 211.8 181.9 154 129.7 109.5 91 74.4 68.7 68.7 68.7 68.7 68.7 68.7 68.7 68.7 68.7 68.7 68.7 68.7 68.7 68.7 68.7 68.7 72.4 76.7 80.2 82 81 79.2 76.2 73 69.9 70.2 70.2 69.7 69.7 70 71.4 74.4 75.4 76.5 76.6 77.4 80.2 84 86.7 87.9 86.7 84.6 84.5 86.7 88.7 90.6 93 95.9 100 105.6 123.7 144.6 166.3 197.8 238.4 269.1 297.9 337.4 385.2 410.5
318.4 323.9 331.4 329.9 321.3 308.5 298.6 283.6 272.2 265.2 265.4 262.3 254.6 237.2 217.3 197 167 136.6 117.7 98.6 78.9 74.3 68.7 68.7 68.7 68.7 68.7 68.7 68.7 68.7 68.7 68.7 68.7 68.7 68.7 68.7 68.7 68.8 74.2 77.5 78.3 78 76 73.7 69.8 68.7 69.5 70 69.6 69.7 70 70 72.7 76.6 78 78.3 80.5 83.1 85.9 88.8 90.4 89.5 87.6 87 89.3 91.3 93.3 95.9 97.7 102.1 109.5 126.7 148.2 173.5 202.2 232.5 263.6 298.7 352.5 388.4 419.7
317.2 317 317.6 311.8 305.2 295.1 283.7 270.8 266.1 267.7 263.6 261.5 256.5 240.6 234.4 213.4 180.6 145.6 124.5 106.3 84.8 73.6 68.7 68.7 68.7 68.7 68.7 68.7 68.7 68.7 68.7 68.7 68.7 68.7 68.7 68.7 68.7 68.7 68.7 74.6 74 73.4 72.1 69.7 68.7 68.7 69.2 69.5 69.7 69.9 69.9 69.7 71.9 76.7 78.7 79.2 81.4 84.3 87 90.3 92.3 92 90 89.3 90.6 93.1 95.7 98.9 100.9 104.4 115.2 131.5 153.1 179 207.7 239.5 273.6 312.5 352.6 391.7 426.5
307.7 304.1 300 293.9 284.7 273.6 266.3 262 262.3 261.5 259.4 251.1 249.2 250.9 237.2 214.6 188.8 156.1 131.8 108.7 89.4 74.5 74.2 68.7 68.7 68.7 68.7 68.7 68.7 68.7 68.7 68.7 68.7 68.7 68.7 68.7 68.7 68.7 68.7 68.7 68.7 68.7 68.7 68.7 68.7 68.7 68.7 68.7 69 69.3 69.5 69.5 70.6 76.8 78.6 79.4 82.5 84.9 87.2 91.2 93.7 93.6 91.1 90.8 91.4 94.4 98.7 102.7 106.3 110.3 121.6 139.3 161 185.7 214 255.5 289.9 330.4 366.7 396 433.3
285.8 284.2 282.9 270.8 260.2 257.2 259.9 261 257.7 255.5 248 246 249.5 248.3 237.4 222.9 202.8 168.6 140.7 115.2 95.5 80.3 71.9 68.7 68.7 68.7 68.7 68.7 68.7 68.7 68.7 68.7 68.7 68.7 68.7 68.7 68.7 68.7 68.7 68.7 68.7 68.7 68.7 68.7 68.7 68.7 68.7 68.7 68.7 69.4 69.4 69.3 70.8 76.3 79.2 79.8 85 85.1 87 91.1 94 93 91.1 91.7 94.7 98.1 101.7 105.6 109.1 113.8 129.2 147.1 172.1 194.9 228.4 267 300.3 341.1 389.1 417.4 448.2
270 265.7 257.3 247.1 246 251.1 256.3 256.6 251.5 246.1 240.9 241.4 242.5 246 245.2 233.9 207.4 178.9 151.8 125.9 104.7 88.5 77.8 74 68.7 68.7 68.7 68.7 68.7 68.7 68.7 68.7 68.7 68.7 68.7 68.7 68.7 68.7 68.7 68.7 68.7 68.7 68.7 68.7 68.7 68.7 68.7 69 69.6 69.7 69.5 69.4 70.8 75.7 79.2 81 87 86.9 87.2 89.3 91.6 91.4 90.9 95.6 97.9 100.1 103.6 107.1 109.9 117.8 134.8 157.8 180.8 204.6 237.9 275.4 307.4 338.8 376.1 423 449.4
248.8 241.3 236.8 231.2 234.9 243.8 249.4 248.7 246.2 239.5 238.3 237.7 238.9 242 239.6 229.2 214.2 188.5 161.5 137.5 114.9 96.6 85.3 76.2 69.5 68.7 68.7 68.7 68.7 68.7 68.7 68.7 68.7 68.7 68.7 68.7 68.7 68.7 68.7 68.7 68.7 68.7 68.7 68.7 68.7 68.7 68.7 69 70.1 69.8 69.7 69.7 70.9 74.7 78.5 82.6 87.4 89.5 88.7 88.5 89.2 89.7 92.4 94.2 98.1 101.2 104.2 107 110.1 123.7 142.5 168.4 189.4 213.1 252.1 285.4 320.9 360.7 388 415.6 445.1
226.5 224.5 221.6 220.5 224.7 227.6 233.4 234.9 236.4 238 238.6 236.9 236.2 237.4 235.1 227.3 216.1 196.4 170.8 147.5 125.1 108.1 96.4 87.8 74.8 68.7 68.7 68.7 68.7 68.7 68.7 68.7 68.7 68.7 68.7 68.7 68.7 68.7 68.7 68.7 68.7 68.7 68.7 68.7 68.7 68.7 68.7 70 70.8 70.7 70.6 70.2 70.6 73.3 78 83.3 88.1 90.7 92 91.2 89.6 90 90.9 94.4 98.1 101.3 104.4 107.6 113 125.3 150.5 177.5 195.8 221 254.6 286.5 319.4 361.6 400.5 420.1 443.6
214.5 213.4 213.6 215.3 217.9 223.1 227.8 233 237.5 235.5 234.6 235.2 236.3 237.2 234.8 226.9 216.2 201.8 181.3 159.2 136.2 120.2 106.3 98.3 82.9 69.7 68.7 68.7 68.7 68.7 68.7 68.7 68.7 68.7 68.7 68.7 68.7 68.7 68.7 68.7 68.7 68.7 68.7 68.7 69.1 77 80.3 79 76.2 73.8 72.5 70.1 70.7 72.9 78.1 82.9 88.3 93.1 93.8 92.3 89.3 89.1 90.3 93 96.4 100.7 104.5 111 120 134 161 184.1 201.4 224.9 257.6 293.7 323.6 351.4 381.4 410.8 443
206.9 208.3 210.3 212.4 216.3 221.4 227.3 233.2 231.6 229.2 229.3 231.3 234.8 239.9 232 220.8 208.8 199.2 186.7 169.2 151 134.5 119.8 108.7 90.1 73.5 68.7 68.7 68.7 68.7 68.7 68.7 68.7 68.7 68.7 68.7 68.7 68.7 68.7 68.7 68.7 68.7 68.7 74.7 79.6 82.2 84.1 83.3 79.3 76.4 74.4 71 70.6 73.3 77.1 81.9 89 93.9 94.3 92.2 89.1 88.7 90.7 91.9 95.6 100.3 106.4 114.2 126.8 146.7 170.9 189.7 207 225.2 266.4 304.5 341.8 375 407.9 431 454.1
204.2 206.7 208.2 210 213.4 217.3 221.3 222.7 222.5 224 224.7 225.1 226.8 229.7 230.3 222.9 213 203.6 196 181.7 164.4 148 134.3 119.5 94.8 77.7 69.9 68.7 68.7 68.7 68.7 68.7 68.7 68.7 68.7 68.7 68.7 68.7 68.7 68.7 68.7 68.7 68.7 79.8 84 85.1 86 85.2 80.3 79 77.5 73.9 72.1 72.6 76.2 81.2 88.8 93.3 93.7 91.7 88.3 88.6 90.4 92.1 94.7 99.7 106.3 115.6 128.7 149.7 177.6 197.3 213.5 232.2 268.5 312.9 349.7 382.4 414.2 442.9 456.2
202.8 205.2 207 208.7 210.3 212.3 215.2 217.9 219.4 222.3 222.8 223.5 225.6 229.4 232.2 227 227.8 227.9 215.5 199.6 180.1 162.1 146.5 127.5 100.1 84 73.4 68.7 68.7 68.7 68.7 68.7 68.7 68.7 68.7 68.7 68.7 68.7 68.7 68.7 68.7 68.7 77 82.2 85.1 86 84.9 84.5 79.5 79.1 78.5 74.9 72.6 72.1 74.6 79.7 87.5 93.5 92.8 91 88 88.5 90.5 93.8 97.1 100.4 106.9 116.5 129.9 154.2 182.5 203.9 221.3 238.8 275.6 306 339.3 369.8 388.4 413 446.3
202.3 204.4 206.4 208 209.9 212.1 214.2 216.4 219 222.5 224.3 224.5 225.3 228.7 236.6 242.6 244.5 244.2 236.1 216.8 195.1 175.6 153.9 132.4 111.4 93.2 77.6 69.4 68.7 68.7 68.7 68.7 68.7 68.7 68.7 68.7 68.7 68.7 68.7 68.7 68.7 68.7 76.1 81.5 84.8 83.7 81 79 76.2 76.1 77.7 73.7 72 71.9 73.6 78 85.7 91.6 91.5 89.9 88.2 89 91.4 95.9 97.9 100.1 105.3 117.6 134.1 159.7 188.2 214 227.9 242.3 262.3 289.8 318.7 346.5 383.4 417.1 450.3
201.7 203.9 205.8 207.6 209.9 212.8 214.4 216.8 218.9 223 228.3 232.4 234.6 239.3 249.9 260.2 262.9 262 251.8 232.7 206.4 182.2 159.8 143.3 127.9 108.5 85.4 72.8 68.7 68.7 68.7 68.7 68.7 68.7 68.7 68.7 68.7 68.7 68.7 68.7 68.7 68.7 68.7 74.3 79.2 78.5 75.2 73.9 71.2 72.2 74.6 72.4 71.6 71.9 73.5 76.1 83.3 88.4 88.8 89.5 88.6 90.6 93.8 97.7 99.1 100.7 106.2 117.7 139 161.6 187.7 213.8 235.1 255.2 277.6 306.7 337.9 368.3 408.9 436 462.8
201.4 203.8 205.8 208 213 218 219.7 221.7 226 232.7 239.1 243 247.4 251.7 260.1 270.2 281.2 275.2 262.1 245.5 219 192 173.5 158.9 141.9 121.6 98.3 78.1 68.7 68.7 68.7 68.7 68.7 68.7 68.7 68.7 68.7 68.7 68.7 68.7 68.7 68.7 68.7 68.7 68.7 68.7 68.7 68.7 68.7 69.2 70.7 71.3 71.6 71.5 73 75.5 80.7 85.7 86.4 87.3 88.2 91.9 94.9 97.1 99.7 100.3 105.3 118.2 140.3 163.1 186.2 210.8 235.9 262 287.9 314.2 343.3 373.4 407.3 443.8 474.3
201.7 204.3 206.8 211.6 216.9 220.2 227 232.5 236.9 244.8 252.4 258.5 263.7 262.6 267.1 275.6 282.6 287.4 273.7 254.6 229.7 208.5 195.5 183.4 160.8 137.6 114.7 86.7 72.2 68.7 68.7 68.7 68.7 68.7 68.7 68.7 68.7 68.7 68.7 68.7 68.7 68.7 68.7 68.7 68.7 68.7 68.7 68.7 68.7 69.6 70.6 71.3 72.1 72.6 73.1 75.5 80.4 84.3 84.7 85.9 87.1 91.9 94.6 97 99.2 100.4 104.4 115.2 139.5 163.5 186.2 214.5 245.8 278.4 302.1 325.5 352 379.4 406.7 442.1 473.7
202.3 207 212.5 222.2 225.2 229.4 237.1 242.4 251.3 260.3 268.8 275.1 268.7 266.3 269.2 274.5 281 285.2 278.1 261.9 243.2 230.8 219 201.1 177.8 152.2 124.6 93.8 73 68.7 68.7 68.7 68.7 68.7 68.7 68.7 68.7 68.7 68.7 68.7 68.7 68.7 68.7 68.7 68.7 68.7 68.7 68.7 68.7 70.3 71.3 72 72.8 74.2 74.2 75 79.8 83.2 84 83.9 85 90.3 93.6 95.5 98.6 100.5 104.1 112.3 139.8 164.1 187.5 220.9 263.4 302.2 330.2 345.9 370 398.9 425.8 451.6 480.8
204.5 209.7 219.5 223.5 230.8 240 247.7 254.5 265.3 276.9 277.9 272.5 265.6 262.7 263 266.7 275.1 275.7 274.5 269.1 259.9 251.6 233.5 209.5 184.9 160 130.7 99 75 68.7 68.7 68.7 68.7 68.7 68.7 68.7 68.7 68.7 68.7 68.7 68.7 68.7 68.7 68.7 68.7 68.7 68.7 68.7 68.7 68.9 71.5 71.7 72.6 73.6 74.4 75.7 78.7 82.3 83.2 83.2 83.8 88.8 92.9 95.2 99.2 101.9 103.9 110.5 135.1 159.9 187 224.3 269.6 300.1 330.7 360.9 402.7 427.5 449.9 481.4 502.3
205.5 208 212.9 222.1 233.3 243.9 255.7 267.3 276 277.3 268.9 261.7 253 249.1 250.9 255.1 263.5 273.3 278.9 278.9 272.4 257.1 235.8 209.4 184 155.3 125.1 94.5 75.5 70.2 68.7 68.7 68.7 68.7 68.7 68.7 68.7 68.7 68.7 68.7 68.7 68.7 68.7 68.7 68.7 68.7 68.7 68.7 68.7 68.7 69.5 70.4 71.7 72.7 74.1 76.6 77.9 81.3 82.4 82.4 82.8 87.4 91.6 94.9 99.7 102.6 103.8 109.8 128.7 155.3 182.6 214.6 251 291 320.4 356.3 395 431.4 460.5 486.8 513.7
204.4 207.8 214.1 220.5 239 256.9 269.2 280.3 272.7 263.9 254.6 244.8 237.9 236.9 242.3 253 263.3 276.2 284.2 284 270.3 250.5 227.3 203.4 178.1 147.4 115.9 89.7 74.9 71.5 67.5 68.7 68.7 68.7 68.7 68.7 68.7 68.7 68.7 68.7 68.7 68.7 68.7 68.7 68.7 68.7 68.7 68.7 68.7 68.7 68.7 70.1 70.9 72.2 74.7 77.4 78.8 80.4 81.5 82.1 83 86.3 91 95.1 99.6 103.1 104.4 109.5 124.2 151.7 179.3 209.9 242.5 274.7 307.8 338.4 375 410.2 441 468.8 490.7
201.9 203.9 210.9 217.8 234.2 240.4 248.4 250.2 245.9 242.9 236.9 230.1 232.4 234.2 243.1 252 265 276.8 284.9 275.4 261.6 241.1 218.1 194.4 169.6 137.6 108.7 87.3 74.9 71.8 70.2 68.7 68.7 68.7 68.7 68.7 68.7 68.7 68.7 68.7 68.7 68.7 68.7 68.7 68.7 68.7 68.7 68.7 68.7 68.7 68.7 68.7 70.2 72.6 75.7 78.6 80.1 81.3 82 82.7 83.8 86.1 91.3 95.3 99.2 103 105.2 109.9 118.9 147.6 172.6 200.3 233.3 268.1 295.5 322.3 354.9 389.8 419.3 446.7 465.9
199.6 200.8 202.2 205 209.9 216 223.3 223.8 222.9 221.9 221.7 223.1 227.6 232.5 240.5 248.8 262.7 271.2 273.8 274.2 263.3 244.9 214.7 188 158.3 129.7 104.7 85.8 75.2 73.6 71.9 68.7 68.7 68.7 68.7 68.7 68.7 68.7 68.7 68.7 68.7 68.7 68.7 68.7 68.7 68.7 68.7 68.7 68.7 68.7 68.7 68.7 70.8 73.6 76.5 78.4 80.4 82.1 83 84.3 85.5 87.4 92.4 95.5 98.1 102.3 105.3 108.3 114.8 138.4 161.4 189.4 221.2 255 277.8 307.2 338.3 365.7 399.5 423 444.9
201.9 203 202.9 202.8 203 204.5 206.1 207.4 210.2 214 217.5 220.5 224 230 237.6 244 252.8 258 265.9 272.4 263.9 249.6 218 185.9 156.3 128.3 103.3 84.5 76.9 74.9 72.2 68.7 68.7 68.7 68.7 68.7 68.7 68.7 68.7 68.7 68.7 68.7 68.7 68.7 68.7 68.7 68.7 68.7 68.7 68.7 68.7 68.7 71.3 74.3 76.5 78.5 80.6 83.4 84.9 85.9 86.3 87.9 93.5 95.4 98.4 101.1 104 106.5 111.8 126.2 152.6 178.7 209.9 238.9 266 293.9 328.6 354.7 379.1 404.5 429.4
205 204.6 204.6 204.1 204.1 204.3 205.5 207.7 210.9 214.6 218 221.2 224.8 231.9 237.6 238.1 242.8 253 261.5 261.2 259.3 243.7 218.2 182.9 154.3 126.4 101.3 83.2 78.6 74.4 72.3 68.7 68.7 68.7 68.7 68.7 68.7 68.7 68.7 68.7 68.7 68.7 68.7 68.7 68.7 68.7 68.7 68.7 68.7 68.7 68.7 68.7 70.9 74 76.3 78.8 80.9 84.4 86.7 86.1 88 90.2 93.7 95.6 97.6 100.4 103.1 105.7 108.5 118.7 144.9 169.7 193.4 225.6 254.7 284.4 309.4 331.2 358.8 390.6 413
207.3 207.1 207 205.9 204.8 205.9 207.7 209.8 212.5 215.1 218.3 222 228.1 236.9 236.3 233.6 241.2 249.5 253.3 257.1 251.6 234.6 205.9 178.7 148.4 117.8 91.2 86.7 78.6 74.1 71.4 68.7 68.7 68.7 68.7 68.7 68.7 68.7 68.7 68.7 68.7 68.7 68.7 68.7 68.7 68.7 68.7 68.7 68.7 68.7 68.7 68.7 69.6 73.1 75.4 78.9 82.4 85.7 89.1 87.4 88.5 90.3 92.9 95.9 97.3 100.5 102.9 105.7 108.6 115 136.6 157 180.7 211.2 240.2 264.6 285.4 314.1 342.2 371.2 392.6
210.8 209.8 209.3 208 207 208 209.4 211.3 212.4 215.1 221.1 227.3 234.8 233.2 227.9 232.7 239.9 243.6 246.7 245.9 239.1 223.3 198.1 168.9 134.8 110.3 111.4 100.6 81.8 73.4 69.8 68.7 68.7 68.7 68.7 68.7 68.7 68.7 68.7 68.7 68.7 68.7 68.7 68.7 68.7 68.7 68.7 68.7 68.7 68.7 68.7 68.7 68.7 71.6 74.2 78.8 83.9 87.7 90.4 88.6 89 90.6 92.7 94.8 97.1 99.6 102.4 105.4 108.2 112.9 128.6 148.5 173 198.6 225.4 249.9 274.1 297.8 324 351.6 374
214 212.8 212.3 210.8 209.5 210.1 211.2 212.3 213.4 217.4 228.7 232.8 230 223.6 223.4 230.3 235.3 236.1 235.2 229.6 218.7 204.9 191 158.3 132.2 136.3 128.7 106.7 84.8 74.7 74.4 68.7 68.7 68.7 68.7 68.7 68.7 68.7 68.7 68.7 68.7 68.7 68.7 68.7 68.7 68.7 68.7 68.7 68.7 68.7 68.7 68.7 68.7 68.7 73.1 77.1 83.1 86.6 90.1 89.3 89.6 90.9 92.9 94.7 96.3 98.8 101.3 104.5 108 112.4 123.6 142.6 162.9 187.4 212.2 237.5 261 281.8 304.9 329.6 350.1
217.4 217.3 215.4 213.8 212.3 212.5 213.7 214.2 215.6 219.7 225.7 223.6 218.9 218.1 219.7 227.1 231.4 228.3 219.9 211.8 203.9 202.6 185.9 154.2 151.2 147.6 141 113.6 89.8 77.7 74.7 68.7 68.7 68.7 68.7 68.7 68.7 68.7 68.7 68.7 68.7 68.7 68.7 68.7 68.7 68.7 68.7 68.7 68.7 68.7 68.7 68.7 68.7 68.7 71.2 75.2 80.5 85.1 89 89.4 90 90.9 92.5 94.1 95.9 99.2 102.4 104.9 108.2 111.8 120.8 135.5 154.5 178.1 203.6 224.5 247.8 269.3 288.8 306.5 326.9
