ny/ny22_OST50GRID_20230518/NY22.asc
ncols 200
nrows 200
xllcorner 320000
yllcorner 520000
cellsize 50
[rows 108 to 143 of 200, columns 81 to 161 of 200]
73 72.5 72.7 72.6 72.6 72.6 72.6 72.7 72.8 72.9 73.1 73.3 73.5 73.8 73.1 73.5 73.6 73.8 73.7 73.6 73.6 73.6 73.6 74.6 74.2 74.9 74.6 74.8 75 75.2 75.4 75.6 76.1 76.5 76.4 76.6 76.8 76.4 77 77.9 78.8 79.5 80.2 80.5 80.7 80.9 82.8 87.7 86.7 84.8 85.9 88.7 90.2 91.4 93.9 100.1 104.9 111.1 119.7 128.5 135.1 142.2 152.3 169.4 192.4 216.3 241.2 260.2 281.3 297.5 314.2 332.8 339 345.2 342.4 337.1 327.6 316 300.9 285.8 284.2
72.8 72.7 72.9 72.7 72.5 72.4 73.1 73.1 73.1 73.1 73.2 73.2 73.4 73.6 73.7 73.9 73 73.6 73.8 73.8 73.8 73.8 74.2 74.6 74.3 75.8 75.2 74.7 74.9 75.1 75.3 75.6 76.1 76.9 77.8 78 78.1 78.6 79.1 79.7 79.4 79.5 79.6 80.1 80.3 80.7 81.5 83 83.9 83.4 84.4 88 90.6 91.5 92.8 97.9 103.1 111.3 119.4 127.9 133.5 140.1 151.1 167.4 190.6 214.8 235.9 248.4 261.6 276.2 293 310 323 329.2 321.6 310.9 300 290.9 280.8 270 269.8
72.9 73.1 73.3 73.1 72.9 72.7 72.4 73.1 73.1 73.1 73.2 73.4 73.7 73.5 73.5 74 70.9 73.5 73.9 73.9 73.8 73.8 74.2 74.3 74.2 74.5 74.5 75 75.2 75.3 77.4 76.6 77.5 76.9 77.1 79.1 81.1 80.8 78.6 78.6 78.4 78.7 79.9 82.9 83.6 82.4 85.7 83.4 83.7 83.1 84.2 87.5 90.8 92.3 92.3 97 102.3 108.4 114.3 122.6 128.9 134.8 147.6 166.1 188.5 213.3 225 230.7 239.2 252.1 270 291.7 307.9 304.9 297.6 288.8 278.3 268.6 259.9 252.3 257.9
73.2 73.3 73.4 73.3 73.2 73 72.8 73.2 73.2 73.2 73.2 74.8 77.1 74.5 74.2 73.8 73.6 74 74.1 74 73.9 73.9 74 74.1 74.1 74.3 74.7 75.4 76.8 74.9 76 80.7 84.2 77.4 77 78.3 84.3 88.7 87.7 81.1 78.9 78.8 79.9 81.4 82.5 86 88.9 87.1 87.9 90.1 90.6 86.5 89.6 92.2 92.9 96.5 101.4 105.3 110.1 114.9 121.4 127.5 140 160.1 185.3 203.1 203.4 205.2 216 230.2 248.4 274.9 287.8 280.6 275.1 268.2 257.5 247.6 243.1 236.4 248.5
73.3 73.3 73.3 73.4 73.3 73.2 72.9 72.7 73.2 73.2 73.7 76.6 81.4 83.5 79.5 73.7 74.2 74.2 74.2 74.1 74 74 74.2 74.1 74.5 75.2 76.4 74.5 74.7 74.8 75.1 78 82.5 80.1 76.3 76.2 81.2 88.3 90.6 87.1 82.7 81.3 83.4 85.9 88.2 86.6 88.7 93.1 97.6 92.9 89.4 90.7 90.3 90.9 91.4 94.6 97.8 103.3 108 111 114.1 119.3 131.8 150 174.1 181.7 177.7 180.9 188.9 206.1 224.9 248.4 247.9 249.3 251.8 247.6 240.4 231.2 226.4 224.6 237.6
73.6 73.5 73.6 73.6 73.6 73.4 73.3 73.1 72.3 73.3 73.2 75.5 80.3 85.3 93.1 76.1 74.3 74.3 74.2 74.2 74.1 74.2 74.3 74.6 75.2 74.7 74.7 74.4 74.7 75 75.3 75.6 78.9 81.6 77 76.9 78.8 86.2 89.3 90.9 88.6 85.9 89.1 92.2 95.7 93.1 89.2 93 100 100.2 97.6 95.2 93.2 93.7 95.7 96.1 100.5 104.4 104.9 107.1 108.1 110.6 121.9 139.2 155.6 159 156.5 161.3 167.5 179.8 197.8 213.2 216.8 221.5 227.9 227.5 220.4 211.4 208.5 213.7 221
73.7 73.8 73.8 73.9 73.9 73.5 73.4 73.2 73 73.2 73.3 73.7 77.7 86.3 86.3 79.9 71.4 74.3 74.3 74.3 74.2 74.2 74.5 76.5 74.8 74.8 74.9 74.6 74.8 75.1 75.5 75.9 76.3 79.6 78.8 76.8 77.7 81.8 87.6 91 92.1 90.1 91.8 97.3 101.3 100.5 91.1 90.3 89.6 99.1 97.7 94.2 92.5 93 93.8 95.7 100.1 101.6 103.3 103.5 103.9 105.8 110.1 124.6 138.9 140.5 139.3 147.1 152.8 159.8 169.7 180.3 187.7 193.2 196.3 198.7 194.7 191 187.6 193.9 197
74 74 74.1 74.1 74 73.5 73.3 73.1 73.1 73.1 73.2 73.7 77.8 84.3 84.6 81.6 75.6 71.4 74.4 74.5 74.4 74.2 77.1 75.2 74.7 74.8 74.9 75 75 75.3 75.6 75.8 75.9 76.6 77 77 77.1 78.3 83.5 86.8 89.3 91.6 92.6 96.6 99.6 101.5 96.5 86.8 87.9 90.1 94.3 93.7 93.4 91.5 91.7 93.2 100.3 106.3 106.1 102.4 105.9 108 108.8 112.7 120.6 124 129.1 138.6 140.8 143.2 148.3 155.3 160 166.5 169.1 171.5 172.7 170.9 170.6 175.2 177.1
74.4 74.2 74.3 74.2 74 73.6 73.5 73.3 73.2 73.1 73.1 73.5 75.9 80.3 83.7 83.7 81.4 77.2 71.4 74.9 73.8 77.1 74.9 74.8 74.7 74.8 74.9 75 75.1 75.3 75.5 75.7 75.9 76.4 76.6 76.8 76.9 77.7 78.2 80.6 82.9 86.5 88.6 91.8 93.6 94.4 92.9 83.9 83.6 85 87.4 88.4 89.4 88.7 89.3 92.4 98.5 104.6 105.6 104 102.4 99.9 103.9 106.8 113.2 115.3 116.7 120.5 125.1 126.9 128.9 134.6 139.8 144.1 147.2 150.9 153.6 153.6 156.1 160 157.8
74.9 74.5 74.3 74.1 74 73.7 73.5 73.4 73.2 73 73.1 73.2 73.5 78.1 82.5 85.5 85.4 82.3 76.6 74.5 71.4 74.3 74.4 74.5 74.7 74.9 75 75.1 75.4 75.6 75.6 75.8 76.1 76.5 76.5 76.6 76.9 77.5 78.1 77.8 78.1 80.3 82.6 85.7 87.7 87.8 86.5 82.3 81.5 81.6 81.1 82.4 84.6 87.3 89.8 91.1 95.5 99.2 99.7 99 100.7 99.3 100.3 104.2 108.8 112.2 114.5 115.6 115.9 117.6 121 126.1 128.1 129.2 130.9 133.5 137 138 141 143.9 137.4
74.8 74.7 74.6 74.3 74 73.7 73.5 73.3 73.2 73.1 73.2 73.3 73.4 75.3 79.7 83.6 85.8 84.8 80.5 76.9 74.6 73.2 74.4 74.6 74.6 74.9 75.1 75.2 75.6 75.9 75.9 75.9 76.3 76.4 76.5 76.8 76.9 77.7 77.6 77.6 77.7 78 78.5 79.5 80.8 81.1 79.7 80.6 82.7 81.2 80.4 81 83.2 87.9 94.3 95.5 94.8 96 97.4 98.8 98.5 98.9 99.7 103.2 104.4 107.9 109.9 110.7 109.4 107.7 111.5 116.3 121.1 125.3 127.6 131.6 131.1 128.1 127.6 129.2 112.9
75 74.9 74.8 74.7 76.9 78 73.8 73.4 73.3 73.3 73.4 73.5 73.9 72.9 76.3 79.2 81.9 84 79.6 75.3 74.4 72.9 74.4 74.3 74.5 74.9 75.1 75.1 75.7 76.2 76.3 76.6 76.7 76.2 76.5 76.7 77.1 77.4 77.5 77.8 77.9 78.7 78.5 79.1 78.7 78.9 79.2 79.9 79.9 80 80.6 82.4 83.9 87.1 94.3 97.2 97.8 97.3 99.8 102.1 103 104.1 103.7 103.7 107.1 107.4 106 106.1 105.1 105.1 107.8 113.4 116.4 117.9 119.7 123.6 122.6 117.3 114.5 105.4 91.4
75.2 75.2 75.1 74.9 81 87.9 77.9 73.8 73.4 73.5 73.9 73.9 74.2 73.6 74.7 76.1 76.7 77.7 78.2 76.9 75 73.6 75.3 75.5 75.3 75.3 75.4 75.5 75.6 76.2 75.6 76.2 76.4 76.6 76.5 76.7 77 77.3 77.6 77.8 78 78.6 78.6 79.3 78.5 75.9 75.9 76.4 80 80.1 80.1 83.4 85.7 87.3 92.4 98.1 100.2 100.4 99.6 102.3 104 106.4 107.7 107.8 108.4 108.4 108.1 105.7 103 104.1 104.1 102.4 100.9 89.3 98.2 107 108.9 104.5 97.8 91.7 97.8
75.5 75.5 75.4 75.3 82.3 86.4 79.2 78.4 76.4 75 76.1 76.4 74.4 73.9 73.9 74.4 76.4 77.3 77.8 76.5 75.2 72.2 75.3 75.7 75.6 75.2 75.4 75.8 76.2 76 75.6 75.9 76.1 76.3 76.5 76.6 76.9 77.4 77.4 77.6 77.9 78.2 78.3 75.5 78.5 80.2 80.5 80.4 76.6 80.1 79.9 80.1 83.9 90.2 90 98.2 101.4 101.5 98.9 99.5 100.7 103.7 104.2 102.6 105.8 107.8 105.9 103 97.7 85.1 85.7 85.7 90.2 93.7 92.6 89.3 93.4 91.9 92.1 100.7 107.4
76.1 76.1 75.9 77.4 86.4 82.1 83.6 83.1 80.3 79.4 79 77.7 74 73.7 74.1 74.2 76.1 76.6 77.5 78 76.3 76 72.2 75 75.2 75.4 75.5 76.1 75.1 75.9 75.9 75.8 76 76.2 76.2 76.4 76.9 77.4 77.4 77.6 77.9 78.3 78.3 76.1 80.4 79.7 80.1 82.4 85 77.1 80.1 80.3 80.4 87 88.9 91.2 95.5 98 95.6 94.9 96 94.4 97.8 95.9 98.8 101 101.5 92.5 84.8 90.3 90.6 92.3 93.3 95.1 96.1 97.1 100.2 103.1 108.3 114.6 119.8
76.3 76 76 79.6 85.4 84.1 85.8 86.6 83.8 83.1 81.3 77.3 74 73.8 74.1 75.3 75.2 75.5 78.5 81.9 84 82.3 79.8 74.9 74.7 75.7 75.7 73.5 75.8 73.5 73.5 75.8 76 76.1 76.3 76.4 76.9 77.3 77.4 77.6 77.9 78.1 78.4 75.5 78.7 79.2 80 83.8 88.9 90 77.2 80.6 80.6 80.8 83.2 84.2 88.8 91.7 91.4 91.7 92.8 91.1 92.9 91.8 92 92.5 91.3 83.7 89.6 91 91.9 93.1 94.3 95.7 96.1 101.3 104.7 111.6 115.7 118.7 121.8
76.5 76.1 76.2 77.7 78.2 81.6 84.3 87.6 88.5 88.7 84.6 77.5 74.3 73.8 74.5 75.4 75.5 76.5 83.5 89.9 90.7 87.1 83.9 79.9 72.6 72.5 72.5 75.5 75.4 75.9 73.5 75.7 76 76.1 76.3 76.4 76.9 77.1 77.3 77.6 77.6 77.8 78.1 78.3 78.6 78.7 79.3 82.3 87.3 91.8 89.8 77.4 81.5 81 81.4 81.5 82 87.4 92.4 92.2 93.4 89.8 88.4 88.6 88.6 88.2 83.7 90.4 90.8 91.1 92.2 92.7 93.7 95.1 96.8 100.9 106 110.7 114.6 117.9 121.6
76.6 77.2 76.8 75.9 75.9 78.5 84 90.1 96.6 94.9 87 78.6 74.3 72.2 75.1 77.6 80.3 80.7 86.6 92.4 95.9 91.7 87.9 83 77.9 77.4 79 82.3 81.7 76.7 76.2 73.6 75.8 76 76.2 76.4 76.7 77 77.3 77.6 77.6 77.7 77.7 78.1 75.5 78.8 79 80.3 83.7 90.2 91.9 88.1 78 81.1 81.8 81.9 81.9 83.6 90.6 92.8 93.4 89.5 87.4 87.8 87.4 83.4 89.3 89.9 90.5 90.8 91.2 93.2 96.1 97 101.1 107.9 110.7 112.6 116 120.2 125.6
76 76.6 76.2 75.9 76 78.2 88.2 95.4 94.5 93.6 84.2 77.7 74.7 74.1 76.7 80.8 86.6 88.3 86 93.2 98 94.4 90.7 85.8 81.1 81.1 85.7 90.6 87.9 82.5 77.8 73.7 76.2 76.2 76.4 76.6 76.9 77.2 77.5 76.1 74.1 74.1 78.4 78.2 78.6 78.7 78.7 78.8 82 85.8 89.1 90 83.2 79.7 81.7 81.6 82.4 84.3 84 89.9 92.6 92.9 86.5 82.2 83.1 89.4 89.7 90.2 90.7 91.5 94.5 98.2 104.3 107.8 109.5 112.3 115.1 117 119 123.6 128.7
76.6 77.2 76.2 76.1 75.9 76.6 78.4 89 84.1 79.9 77.8 76.4 74.5 74.1 76.7 81.5 87.2 90 89.7 88.4 94.5 90.9 89 86.3 81.5 82.4 86.6 91.4 91.6 85.2 80.4 73.7 76.7 76.7 76.7 76.9 77.1 77.4 74.1 77.6 77.7 77.6 77.8 78.1 78.4 78.6 78.7 78.8 80 81.7 84.3 86.9 83.6 83.3 79.3 82 83.2 83.4 83.7 84.5 85.7 85 82.2 87.2 89.5 89.5 90.3 91.4 91.8 92.7 97.5 101.4 104.5 106.3 107.3 109.7 113.9 118.7 122.8 128.1 132.8
77.5 76.9 76.4 76 75.8 75.7 76.4 77.2 75.5 76.1 74.9 74.5 74.4 74.3 75.6 80.1 85.4 89.7 90.9 90.1 88.4 85.2 84.4 83.8 82 81 84.3 88 90 86.6 81.8 77.5 75.7 76.9 76.9 77.1 77.3 76.8 77.4 77.2 77.2 77.3 77.3 78.1 78.1 78.6 78.6 79.1 79.8 80.3 80.9 81.7 82.5 83.5 83.5 79.1 82.7 83.1 83.6 83.1 81.5 85.5 86.5 88.1 89 89.8 90.7 91.5 92.4 94.2 96.9 99.3 101.7 105.5 110.3 112.1 116.2 119.5 123.6 131 136.7
77 76.8 76.6 76.4 76 76 75.8 75.6 76.8 75.9 75.3 74.5 74.4 74.3 75.2 80.1 84.3 88.8 92.9 93.4 90.3 85.5 82.6 81.8 80.6 79 81.4 83.8 84.8 84.7 80.6 75.3 76.2 73.7 75.7 75.7 74.1 77.1 77 77.3 76.9 76.9 77 77.2 78.3 78.4 78.7 79 79.8 80.2 80.7 82.3 82.4 83.8 85.7 87.1 84.2 82.1 83.5 83.7 84.8 85.9 87.3 88.7 89.4 89.9 90.7 91.6 92.6 94.8 96.7 98.7 102.6 109.3 114.9 119.7 123.1 126.5 128.8 133.9 139.4
76.7 76.6 77.4 77.6 77.4 77.2 75.1 76 75.7 75.9 75.6 75.2 74.7 74.5 74.5 78.8 83.8 88.1 94 96.3 95 90 84.3 81.3 80.1 78.6 78.5 80.8 81.5 81.3 79.1 73.7 76.3 76.9 76.6 77 76.9 76.8 76.8 77.4 77.1 76.6 77 77.4 79.8 83.5 83.6 82.4 80.6 80.7 81.6 82.7 83.3 85.8 88.3 88.2 86.4 85.1 84.9 84.9 85 86.1 87.4 89 90.5 90.7 90.7 92.3 93 95.6 98.2 101.1 106.1 114.5 119.7 124.4 130.5 134.2 136.2 138.2 144
77.1 77 76.8 76.6 76.6 76.5 76.6 76.2 75.9 75.9 75.7 75.5 75.1 74.8 74.6 76.4 81.5 86.6 90.7 94.9 100 96.5 86.6 82.1 80.2 78.4 77.1 77.4 78.4 78.3 77.3 73.9 75.1 75.8 76 76.5 78.1 78.6 78.8 78.6 78.1 77.5 77.5 77.7 82.1 86.9 88.2 86.7 84.5 81.1 81.3 83.2 85.1 87.4 88.9 88.4 87.8 86.9 85.6 85.7 85.9 86.3 87.9 90.6 94 94.8 92.2 92.3 93.5 96.3 100 103.9 109.5 119.7 124.6 130.2 136.2 140.8 144.2 146.3 149.6
77.4 77.2 77 76.9 76.8 76.7 76.9 76.4 76 76 75.7 75.5 75.3 75 74.8 74.9 78.4 83.3 89.3 92.5 98.1 101.7 96.7 82.8 79.1 77 76.7 76.5 76.3 76.1 76 75.3 74.6 75.9 75.1 75.2 77.7 79 78.6 78.9 78.5 78.1 78.2 77.5 82.2 88.1 91.7 89.5 85.3 80.5 80.6 82.3 85.2 88.8 89.8 88.9 88.4 87.7 86.5 86.5 86.7 87 87.4 92.6 97.2 97.5 93.6 93.1 94.4 96.1 100.5 106.6 114.8 122.2 127.4 133.8 139.5 144.6 150 153.2 153.9
77.7 77.4 77.2 77.1 77 77 77.1 76.6 76.2 76 75.8 75.6 75.3 75 74.8 74.7 76 79.4 85.9 91.3 94.2 100.5 100.7 93.3 79.3 76.8 76.3 76.2 76.4 76 75.2 75.7 74.6 74.3 74.3 74.3 75.7 77.8 78.7 78.8 78.8 79 77.9 77.6 80 84.7 88.9 91.1 88 81.9 80.5 81.1 84.8 88.7 91.3 90.2 89 88.3 87.4 87.3 87.6 87.8 88.1 94.8 99.9 101.4 96.3 95 96.3 99.7 104.2 112.4 120.2 125.9 131.2 136.9 142.5 148.3 155 160.2 158.7
78 77.6 77.4 77.3 77.2 77.4 77.1 76.5 76.3 76.1 75.9 75.6 75.4 75 74.7 74.6 74.8 75.8 82.2 88.7 91 95.7 98 92.7 81 77.3 76.6 76.6 76.3 73.7 75.2 75.7 75.9 75.7 74.3 74.3 74.3 74.6 77.5 77.3 77.4 77.4 77.5 77.4 77.3 80.2 83.9 85.7 86 82.4 79.8 80.5 85 90.1 92.3 92 90.1 88.7 88 88 88.4 88.6 91.8 97.2 102.9 105.7 101.7 99.2 98.9 105 108.9 115.9 122.9 128.4 134.3 141.1 147 153.2 161.5 167.3 169
78 77.7 78 77.9 77.8 77.2 77.1 76.9 76.5 76.1 75.9 75.7 75.5 75 74.5 74.5 74.5 75.3 77 82.1 88 90.2 90.6 87.1 81.8 76.7 74.3 76.2 76.2 74.4 74.6 74.6 74 74.3 74.3 74.3 74.3 75.4 77.6 77.1 77.2 77.1 77.1 77.9 77.2 77.1 77.1 79.8 81.5 80.1 79.7 80.5 84 90.8 93.9 92.8 91 89 88.8 89.2 89.5 89.7 94.9 101.6 106.5 109.4 106.7 104 102.5 104.6 112.4 118.6 125.8 132.2 138.5 146.3 153.5 160.6 166.4 174.6 177.3
78.1 78 78.4 78.6 78 77.4 77.3 77 76.8 76.4 76 75.8 75.5 74.9 74.6 74.7 74.5 74.9 75.5 80.4 84.2 85.8 86.7 84.7 81.5 76 76.4 74.3 74.3 74.3 74.3 74.2 74.3 74.3 74.3 74.3 74.3 74.3 76.7 77.1 77.1 77 77.1 79.5 80.9 78.7 76.9 76.8 77.1 77.7 79.3 82.6 84.1 90.5 95.4 95.9 92.9 89.8 89.8 90.2 90.6 91.4 99.4 106.8 111.3 113.1 111.4 108.5 108.3 105.9 115.8 120.9 129.1 135.6 140.9 147.1 155.4 162.8 169.9 178.5 182.5
78.2 78.4 78.7 78.3 77.9 78.1 78 77.3 77 76.6 76.3 75.9 75.4 74.5 74.6 74.8 74.5 74.3 75.1 76.5 78 80.2 81.7 80.5 77.9 76.4 75.1 74.3 74.3 74.3 74.3 74.3 74.3 74.3 74.3 74.3 74.3 74.1 75.1 75.6 77.3 77.2 77.4 82.1 87.5 87.2 82.7 77.5 77.3 78 83.1 85.8 85.9 88.9 94.1 95.9 93.6 90.7 90.8 91.1 91.4 93.5 100.7 108 116.2 120.8 119.3 117.4 116 114.9 114.9 124.3 130.3 135.7 141.4 147.9 155.9 163.5 171.6 178.8 185.3
78.4 78.8 78.7 78.4 78 77.6 77.7 77.3 77.4 77.6 76.8 76.4 75 75.3 75.4 75.2 74.5 74.3 74.7 75.7 74.8 75 78.6 78.5 77.3 76.7 74.4 74.3 74.3 74.3 74.3 74.3 74.3 74.3 74.3 74.3 74.3 74.3 74.3 74.3 75.9 77.5 77.5 81 86.6 90.5 87.4 82 77.5 78.5 85.7 89.3 88.6 87.9 90.3 92.8 92.5 91.8 91.5 91.9 92.6 93.6 100.4 108.4 116 123.4 124.9 124.8 121.9 119.5 116.1 123.5 130.9 136.3 140.7 147.8 156.1 164.7 173.1 178.9 184.7
78.8 78.8 78.6 78.4 78.1 77.8 77.5 83.4 91.9 85.8 79.2 81.2 79.7 75.9 75.4 75.5 74.8 74.6 75 75.2 74.7 74.5 73.8 79.4 79.6 77.4 74.3 74.3 74.3 74.3 74.3 74.3 74.3 74.3 74.3 74.3 74.3 74.3 74.3 77.3 78.8 78.7 78.1 78.8 84 88.2 89.6 85.5 78.2 78.6 84.9 89.2 92.3 93.4 93.1 94.6 94.8 93.7 92.7 92.9 93.4 94.1 98.5 105.5 111 116.8 123.2 125.3 124.5 122.5 118.3 122 129.8 137.4 142.6 149.4 157.5 165.4 173.6 178.2 181.2
79 78.8 78.8 78.6 78.2 78.4 84.9 102.7 127.2 112.6 102.9 102.4 94.7 82.1 75.8 75.6 75.2 75.2 75.3 75.5 75.6 75.8 77.1 79.8 84.9 77.8 74.3 74.3 74.3 74.3 74.3 74.3 74.3 74.3 74.3 74.3 74.3 74.9 76.4 79.5 82.2 79.1 78.1 77.8 81.1 85 87.2 86.6 80.5 78.7 80.6 85.1 89.6 94.6 98.3 100.1 99.5 99.1 96.1 95.2 95.9 95.1 96.6 102.2 106.2 113.5 119.4 122.6 121.8 118.6 118.9 122 129.8 138.1 144.2 149.7 158.4 167.2 174.7 177.7 181.6
79.1 78.8 78.9 78.9 79 85.4 100.3 117.3 133.3 135.3 128.5 121.3 109.6 98.4 83.6 76.1 75.7 75.3 75.6 75.8 75.8 75.4 75.7 78.7 81.9 77.8 74.3 74.3 74.3 74.3 74.3 74.3 74.3 74.3 74.3 74.3 75.2 77.7 77.7 80.9 82.4 78.8 77.4 75.9 77.8 81 83.5 85.2 81.8 79.1 78.7 80.8 86.3 92.5 98.9 103.1 106.4 108.5 106.2 105.3 101.9 97.2 97.1 98.9 101.9 108.8 115.7 119.2 119 119 119.9 123.2 130.1 138.1 144.3 150.9 159.6 168.6 177.2 182 185.9
79.2 78.9 79.1 81.2 82.7 93.4 112.7 134.9 155 163.4 150.5 133.6 117.1 104.9 90.3 80.1 76.9 75.8 75.6 76.3 75.1 74.6 75.5 78.5 79.9 79.1 78.6 74.3 74.3 74.3 74.3 74.3 74.3 74.3 74.3 74.3 76.8 81.6 80 78.8 79.9 79.4 76.2 75.2 76 77.2 79.5 82.6 82.8 81.1 79.4 79.1 82.9 91 96.1 101.6 108 114.4 115.4 115.8 111.8 104.8 98.5 99.2 100.8 104.6 110.1 115.8 118.2 120.3 121.2 122.4 131.6 138.8 145.7 153.3 161.4 169.4 177.2 182.7 188.7
81.4 81.1 83.5 88.7 99.3 111.7 132.9 162.4 186 169.9 156 136.5 123.8 116.4 104.1 87.9 78.4 76.6 77.2 76.7 75.9 75.8 77.2 80.1 89.1 95.5 93.9 80.8 74.3 74.3 74.3 74.3 74.3 74.3 74.3 74.3 75.9 82.1 81.3 78 77.7 77.2 74.7 74.3 74.3 74.3 74.4 79.2 82.8 82.1 80.1 78.8 83.9 90 93.6 100.8 107.7 113.7 120.5 123 121.7 109.7 99.5 100.2 102.5 104.1 106.7 112.4 117.9 123.1 125.5 123.7 133.7 141.9 148.6 157.8 166 174 180.3 184.2 189.2
