ny/ny88_OST50GRID_20230518/NY88.asc
ncols 200
nrows 200
xllcorner 380000
yllcorner 580000
cellsize 50
[rows 0 to 34 of 200, columns 78 to 155 of 200]
337.2 344.6 348 350.1 351.9 350.4 347.3 346 345 345.7 344.7 343 340.9 338.9 337.2 335.7 334.7 334.8 334.9 334.2 334.4 334.7 338.9 339.6 340.5 339.8 339.9 339.3 339 338.2 337.2 335.3 333.2 330.2 327.6 325.4 322.4 317.9 312.2 308.5 304.6 301.1 297.1 293 289.4 285.3 280.7 276.2 270.9 264.5 258.2 255.6 251.8 249 246.2 243.4 239.6 237.1 233.2 229.2 225.8 222.8 221.2 219.5 219.2 218.3 216.8 216.3 216.7 216 214.4 214.1 213.6 212.1 213.5 218.2 218.2 217.8
338.3 342.9 346.1 348.2 349 346.2 344 343 343.4 343.5 342.8 341.5 339.4 338.2 337 336.1 335.2 334.5 334.6 333.9 333.4 333.6 334 336.4 337.3 337.8 338 337.4 336.6 335.2 333.4 331.3 328.9 326.4 324.3 322.2 319.9 316.6 312.3 307.1 302 298.6 295.4 291.7 287.9 284.3 279.8 275.3 270.2 263.4 259.8 256.4 252.7 248.7 245.6 242.6 239.1 235.7 233 229.1 226.1 223.8 220.9 220 219.6 217.7 217.4 218 219.1 219.9 218.5 217.6 217.5 217.4 216 210 210.3 216
334.5 340.9 344.5 346.1 345 342.2 341.2 341.5 341.9 341.6 340.7 339.6 338.9 337.8 337.5 336.6 335.7 334.8 334.1 333.4 332.9 332.2 331.2 332.2 333.1 333.8 334.2 334.1 332.8 330.8 329 326.3 324.1 322.1 320.4 318.9 316.7 313.8 310 305.8 300.8 296.3 293.7 290.1 286.7 282.8 278.2 273 268.6 264 260.2 257 252.6 248.4 244.9 241.8 238.6 235.4 228.4 227.2 225.1 223.1 222.1 221.7 221 219.7 220.1 221.2 222.2 222.8 222.2 220.7 219.3 220.2 220.9 219.2 216.3 208.5
334.9 338.3 341.3 341.6 339.3 338.9 339.4 339.7 339.4 339.3 338.7 338.2 337.5 337.7 337.8 337 336.1 335.1 333 331.6 330.8 329.1 328.3 328 328.7 329.1 329.6 330 329.3 327.1 325.3 322.6 319.9 317.6 315.8 314 311.9 309.4 306.4 302.8 298.6 294.7 291.3 288.3 284 279.4 275.5 271.4 267.9 264.2 260.4 257.1 252.6 248.1 244.5 240.9 233.7 231.3 229.8 227.4 225.2 226 225.1 225.7 225 224.1 223.4 224.5 225.1 225 224.6 223.3 222.1 221.5 221.6 221.3 219.5 216.2
333 335.4 335.5 334.6 335 335.6 336.2 336.6 336.8 336.7 336.8 337.3 337.6 337.3 337.8 337.4 336.5 334.9 332.8 329.7 328.1 326.5 324.4 323.8 323.2 323 323 323.3 323.2 323.1 321.5 319.2 316.5 313.6 311.1 309.1 307 304.7 302 299.3 295.8 291.9 288.7 285.4 281.4 277.9 273.9 270.2 266.6 263.1 260.6 255.8 252.4 247.9 243.2 236.2 236.8 234.3 230.9 229 231.1 231.4 231.4 231.3 230.5 229.5 228.4 228.8 228.8 228.1 226.5 225.7 224.8 224 222.6 220.8 219.6 217.9
329.5 329.5 330 330.4 330.8 331.5 332.5 333.1 333.7 334.2 336 335.9 336.3 336.9 337.5 337.8 336.7 335.6 334 330.2 327.5 325.1 322.4 320.3 320 319.3 318.3 317.3 316.5 316.7 317 315.6 313.1 309.3 307.2 305.2 303.1 300.9 298.1 295.5 292.1 289.1 286.4 284.1 280.3 277.1 274.5 270.3 267.3 264 260.8 256.1 249.1 247.2 243.7 242.3 237.7 232.1 232.7 236.2 236.8 236.7 236.9 236.8 235.9 234.2 232.9 232.6 232.2 231.7 230.9 228.5 227.7 227 225.7 223.8 220.3 217.6
324.2 323.8 325.2 326.2 326.6 326.8 327.7 329.5 331 333.3 334.5 335.3 335.7 336.2 336.7 337.5 338.3 337.6 336.5 332.5 327 324 320.9 318.9 316.8 315.4 314.1 312.7 311.6 310.7 310.7 309.8 307.3 304.7 303.5 301.5 299.5 297.3 294.5 292.2 290.1 288.2 285.8 283.8 280.8 278.9 276.1 273.3 269.8 265.9 258.9 255.8 254 249.8 244.6 240.1 235.4 239.3 240.6 242.3 242.8 242.4 241.7 240.8 239.4 237.3 235.7 235.3 234.9 234.7 233.6 232.1 230.4 229.8 228.1 225.5 223.2 220.1
316 318.9 319.7 321.1 321.6 322.5 324 325.8 329.7 331 332.4 333.6 334.1 334.2 334.8 335.8 337.2 338.4 338.1 335.8 329.4 324.7 321.5 317.1 313.6 312.1 310.9 309.3 307 305.7 304.2 303 301.9 300.5 298.2 296.9 295.4 293.6 291.3 290.1 289.3 287.3 286.1 283.6 282.1 279.6 277.7 274.3 269.7 260.3 260 263.3 259 250 241.6 245.6 246.9 246.1 246.2 247.3 247 246.5 245 243.8 241.7 238.9 237.8 237.4 237.4 236.8 236.1 234.7 233.1 231.6 228.6 225.9 224.3 222.6
302.6 311.8 312.6 314.7 316.4 318.2 320.7 323.6 325.6 327.7 330.3 331.9 333.2 333.7 334 334.2 335.2 336.9 337.6 335.6 329.2 325.4 322.5 318.4 314.2 310 307.1 305.4 302.5 301.1 299.8 298.7 297.6 295.9 293.7 291.7 290 288.5 287 286 286.3 285.3 283.1 281.8 281 276.5 274.1 269 261.2 267.5 267.8 263.7 258.6 246.6 252.6 255.3 254.4 252.4 249.9 249.5 249.4 250 248.1 245.1 243.1 240.7 238.8 238 237.4 236.9 236.2 234.8 233.8 232.5 231.5 230.1 228.4 227.5
291.2 299.6 303.7 306.5 309.8 313.7 317 321.2 324.4 328.2 330.7 332.3 333.2 333.6 334 334.3 334.7 334.7 335.7 335.6 327.9 326.1 323.4 319.4 314.8 310.2 305.7 301.4 299 297.4 296.3 295.1 293.8 292.3 290.7 289.1 286.9 285.2 283.8 283.4 283.4 281.4 279.1 277.1 274.3 278.5 275.4 274.2 274 272 269.7 259.5 258.2 260.1 262.4 260.2 258.7 257.1 255.5 254.8 253.9 253.7 251.8 248.4 244.2 241 239.2 238.8 237.9 238.6 237.7 237.8 236.2 234.5 234.1 233 232.7 233.9
287.9 291.1 295.2 299.2 304 310.6 315.7 320.7 324.6 328.7 330.8 332.6 333.2 333.6 334 334 334 334 334.1 334.1 327.6 326.2 324.6 320.7 315.2 310.1 305.7 301.6 298.3 295.5 295.1 293.9 292.3 291.5 289.4 287.2 286.3 286 284.7 282.8 280.9 281.6 281.4 281 279.9 278.7 277.7 276.8 275.5 273.8 270.3 259.6 268.6 269 268.8 265.8 264.5 263 261 259.5 259.1 257.8 255.6 252.4 248.6 244.3 240.8 240.9 242.5 243.1 242.6 241.7 239.7 238.4 236.9 235.8 235.1 234.3
286.3 288.9 292.1 296.4 304.9 310.5 315.4 320 324.3 327.7 330.5 332.8 333.2 333.5 333.6 333.6 333.7 333.9 334 333.8 331.4 326.6 324.8 321 315.5 310.2 306 301.9 297.7 294.9 294.6 293.7 291.8 290.7 289.8 289.1 288.8 287.9 286.8 284.9 283.1 282.8 283.4 282.1 280.7 280 279.1 278 276 274.1 267.9 262.3 272.1 273.3 275.3 274.2 270.5 268.6 266.6 264.6 263.7 261.9 260.4 257.3 254.2 251.2 248.6 248 247 246 245.2 245.9 245.2 243.8 240.9 238.2 236.2 234.2
283.9 286.8 289.7 293.2 298.8 306.9 311.6 318.1 324.1 329 331.8 332.8 333.1 333.2 333.2 332.9 333.4 333.8 334.1 335.3 335.5 330.3 326.7 322.4 318.4 313.4 309.2 304.2 299.8 295.1 294.5 293.9 292.6 292 291.6 291.1 290.2 289.5 288.6 286.9 285.4 284.9 284.2 282.7 281.8 281.2 280.5 278.6 276.7 270.9 272.7 275.3 275.6 276.6 280.3 281.5 281.3 279.2 273.3 270.8 268.8 267.3 264.9 261.7 258.8 255.9 253.3 251.7 251.2 249.7 247.5 248.8 249.1 248.3 246.7 243.3 238.6 236.5
282.9 285.1 288.4 291.1 294.3 303 307.4 313.2 321.4 328.7 334.6 335.7 333.1 332.5 332.1 331.5 330.8 331 332.8 335.4 336 335.7 331.9 327.4 324.2 320 316.2 311.1 306.2 301.1 297.2 295.6 295 295 294.8 293 291.1 290.5 289.9 288.5 286.5 285.6 284.6 283.6 282.7 281.7 280.9 279.3 277.7 268.8 278.2 278.9 278.4 279.1 283.1 286.4 288.2 288.1 286.2 277.8 275.1 272.7 270 267 264.1 261.3 260.6 257.5 254.2 252.2 250.1 249.6 250 250.3 251.2 249.7 245.3 239.9
283 285.2 286.6 289.8 292.8 298.1 303.2 309.1 318.4 327.8 333 334.2 331.8 330.5 328.8 327.8 326.4 326.1 328.1 331.1 332.6 333.4 334.5 332.5 329.9 326.3 322.6 319.2 314.5 309.9 305.3 303.2 300.9 299.1 299.7 297.8 297 295.1 293.8 292.3 290.4 288.1 286.1 284.6 283 282 281.1 279.5 273.5 273.6 278.8 280.7 280.6 281.8 285.4 288.9 292.5 294.3 292.7 289.2 283.6 279.3 276.7 274.1 270.4 268.6 266.3 264.2 261.9 259.1 255.3 251.5 251 253.5 257.8 257.1 250.9 244.4
285.8 285.4 287 288.8 291.8 294.7 297.2 303.2 316.9 325.1 328.8 328.1 327.2 325.2 324.3 323.1 322.7 323 323.3 324.7 327.9 330.5 332 333.1 334.1 331.8 327.4 323.4 319.9 316.6 313.1 310 308.5 306.1 304.3 303.1 301.7 300.7 299.2 297.2 294.8 292.3 290.2 288.1 285.9 283.7 281.7 277.9 277.3 277.3 278.7 281 283.6 285.1 288.2 292.8 297.8 300.5 302.2 300 291.2 287.2 282.9 279.6 276.4 272.9 269.7 266.3 264.3 261.1 258.1 255.7 253.7 254.3 255.7 255.7 252.7 245.7
285.5 285.5 286.2 286.7 289.2 291 292.4 295.7 305.6 320 323.8 325.2 324 322.2 321.2 322.2 322 322.5 322.8 323.1 324.7 327.4 329.9 331.7 333.5 332.9 329.1 325.1 321.8 318.3 316 313.1 310.4 307.9 305.9 304.7 303.9 302.9 301.8 299.8 297.2 295 292.3 290 287.4 283.5 278.6 279.6 281.4 278.8 280.2 281.9 284.6 286.8 289.9 295.2 301 304.9 308.3 308.8 304.4 296.1 288.8 283.4 278.7 274.1 270.8 267.9 265.8 263.7 261.1 258.4 255.9 252.8 250.6 248.8 246.8 243.2
281.6 281.5 281.9 282.3 285.8 287.9 290.6 292.7 299.8 311.7 318.7 320.6 320.4 319.6 321.1 321.3 321.3 321.8 322.3 322.6 323.1 323.6 326.2 329.3 332.4 332.1 329.4 326.2 322.4 318.7 316.5 314.5 311.8 309.6 307.5 305.5 304.5 303 301.4 298.8 296.1 293.7 291.5 288.7 284.9 281.9 280.4 276.3 280 280.4 281.7 282.4 285.4 290 292.9 297.9 303.2 308.7 311.9 314.2 314.8 311.1 301 292 284.1 278.3 273.7 270.1 269 266.4 262.9 260 257.3 254.3 251.1 247.2 244.4 241.8
278.4 278.2 278.6 279.1 281.7 286.1 288.3 290.4 293.5 300.2 307.4 313.8 315.9 318.3 320.1 320.1 320.6 321 321.5 322.1 322.4 322.8 323.2 326.1 330.7 330.6 328.1 325.4 322.2 319 316.8 315 313.1 310.8 308.6 306.6 305.2 303.2 300.9 298.3 295.8 293 290.3 286.5 283.4 281.8 279.8 278.3 279.4 280.7 282.4 283.8 289 292.3 296.3 301.4 307 310.7 314.1 316.2 317.7 317.5 308.4 300.3 293.3 286.4 279.7 275.4 270.5 266.6 263.3 259.1 256.7 254.1 251.4 246.9 243.4 240.8
276.5 277.3 277.5 278.3 280.4 284 286.2 288.4 290.6 295 301.9 306.7 309.8 313.7 317.1 318.5 319.7 321 321.9 321.9 322.1 322.4 322.8 323.6 327.9 329 326.8 324.2 321.2 319.3 317.1 315 313.2 311.6 309.4 307.7 306 303.8 301.4 299.2 296.8 294.2 291.1 287.8 282.8 281.9 279.9 279.2 279.6 281.3 282.7 286 288.7 294.2 299.7 305.6 308.5 311.2 313 314.3 315.4 314.7 309.5 300.9 293.1 286.9 282.2 277.9 273.2 268.8 264.5 261.2 257 253.4 250.3 246.6 243 239.8
275.1 276.1 276.6 278.5 279.8 281 284.8 286.6 288.6 291.4 296.4 298.7 302.8 313.1 317.3 318.9 320.9 321.7 321.7 321.7 321.9 322 322.5 321.6 325.3 326.5 324.2 322.2 319.2 317.4 316.1 314.8 313.1 311.8 310.3 308.3 306.7 304.9 302.8 300.5 298.1 295.5 291.9 285 284.9 284.1 281.7 281.2 280.9 282.4 284.1 286.3 289.4 295.4 302.8 307.9 309.6 309.7 309.7 307.4 305.9 306.7 304.7 298.9 289.2 284.4 278.6 274.3 272.1 268.2 264.1 260.5 257.2 253.6 249.6 246.4 242.8 239.2
273.7 276.2 277.6 278.7 279.9 281 283.4 285.2 287 289.8 292.8 296.4 303.9 310.9 315.6 319 320.6 321.2 321.5 321.5 321.6 321.7 320.7 319.9 321.9 323.4 321 318.6 317.2 315.4 314 312.9 312.1 311 309.4 307.5 306.4 304.9 302.8 300.8 298.7 295.1 288.3 286.6 288.5 286.3 283.7 284 287 289.1 291.6 294.8 296.8 301.8 306.7 309.6 310.4 310.6 309.9 308.4 305.3 304.5 300.7 295.8 287 281.6 276.1 271.8 267.9 265.7 263.2 259.6 256.1 252.7 248.9 245.8 242.5 239
276.2 277.2 278.1 278.8 279.9 281 282.4 284.8 286.6 289 291.6 293.7 298.9 304.6 310.9 314.6 317.2 319.8 320.5 321.1 321 320.1 319.1 318.3 318 318.7 317.3 315.2 313.6 312.5 312 310.9 309.3 308.2 307 305.6 304.8 303.8 302.2 300.2 297.4 291.6 290.3 293.3 292.1 290 289.8 293 295.6 298.3 300.8 301.7 299.5 304.9 309.6 311.4 312.1 313 313.2 312.3 310.3 308 303 298.8 292.5 285.1 279.5 273.1 267.4 263.6 260.2 257.7 254.9 251.6 248.3 244.5 241.1 238.1
277.9 278 279 279.7 280.4 281.2 282 284.7 285.7 288.1 291 293.1 295.2 298.7 305.6 311.1 314.5 317.1 318 318.6 318 317.5 316 312.7 311.4 312.9 310.1 310 309.4 308.8 308 307.1 305.8 305.7 304.5 303.4 302.2 301 299.2 296.3 291.4 293.9 297.1 297.7 298 297.3 300.4 302.3 305.6 306.9 308 308.8 309.4 306.4 309.1 313 314.3 314.3 313.8 312.3 313.2 309.7 304.9 300.2 296.3 291.8 286 279 271.8 267 261.9 257.7 251.5 249.1 245.7 241.3 238.4 236
279.3 279.7 279.8 280.6 280.8 281.1 281.7 283.9 284.9 287.2 290.1 292.5 294.1 296.4 302.4 308.5 312.6 314.5 316.1 316.7 316.3 316.1 314 312 309 308.6 307.5 307.1 306.5 306 305.9 305 304.6 302.9 301.5 300.1 298.8 297.5 297.1 298.1 299.7 301.2 303.5 304.8 308.9 310.3 312.4 312.3 313.2 313.8 315.5 315.1 315.4 314.6 314.6 314.9 315.4 316.2 314.9 313.4 312.9 309.7 305.6 300.7 296.4 293.3 288.1 282 276.3 270.8 266.3 262.1 259.4 253 249.1 245.1 242 237.3
279.2 279.5 279.8 280.3 280.5 281 281.6 282.8 283.8 285.8 289.6 291.6 293.2 295.2 300.3 303.4 308.3 310.3 312.2 312.6 313 313 312.2 309.9 308.7 307.5 307.3 307 306.4 306 305.5 305 304.8 303.2 302 301.3 301.3 303.8 305.1 306.2 307.8 309.2 311.2 314.5 317.6 320 321.4 322.8 320.8 320.4 319.6 318.7 318.6 317.4 318 317.1 318.2 318.1 317.5 316.2 311.7 311.1 307.2 303.5 299.5 293.9 289 284.7 279.3 273.9 269.4 266.5 263.6 260.5 255.9 253.5 250.7 242.8
278.5 278.8 279.2 279.7 280.2 280.8 281.3 282.3 283.2 284.9 288 290.5 292.8 294.7 297.7 299.4 301.7 304.6 307.1 307.5 307.9 308.3 309 307.6 307.4 307.1 307.1 306.8 306.4 306.1 305.4 304.9 305 303.8 303.1 303.6 304 306.6 309.3 311.3 313.3 315.5 317.8 320.4 323.5 325.9 326.7 328.5 327.3 324.6 322.8 320.9 320.2 318.9 319.5 320.3 319.9 319.4 318.1 317.4 315.1 315.5 310.7 306.9 301.7 296.5 291.8 287.4 282.4 277.3 273.6 269.9 267.6 264.2 260.6 257.2 253.2 250.2
277.8 278.2 278.7 279.1 279.6 280.1 280 281.5 282.4 283.3 285.9 288.4 290.6 292.4 294.8 296.7 298.8 300.6 302 302.7 303.9 304.5 305.1 309 308.1 307 307.1 306.7 306.4 306.1 305.5 305.6 304.9 304.3 304.9 305.8 306.8 308.8 310.6 313.2 315.9 318.4 321.1 324.2 326.7 328.9 330.4 331.4 329.3 327 325.1 323.3 321.8 320.7 319.7 322.4 324.1 323.6 321.6 321.1 319.7 319 314 310.3 305.1 300 295.3 290.6 286.3 282.2 278.3 275.5 272.1 268.3 264.7 260.4 257.7 254.6
275.7 276.5 276.6 277.2 277.8 278.6 278.7 280.1 281.4 282.2 283.4 285.8 287.5 289.5 291.8 294.1 296.7 298.2 299.9 301.2 302.5 304.1 305 309.7 310.2 308.6 307.9 308.2 308.2 307.9 307.9 308.9 309.6 309.9 309.8 311.3 311.4 312.4 313.8 314.7 317.1 319.9 322.9 326.1 329.3 331.5 333.1 333.3 331.4 329.5 327.7 325.8 324.7 323.5 323.5 325.1 326.2 326.5 325.7 323.9 322.8 322.1 317.9 313.1 308.9 304.4 299.6 294.7 290.1 286.6 282.2 280.4 276.2 273.7 270.2 265.7 262.4 259.5
273.3 275.2 275.1 275 275.1 276.2 277.5 279 279.7 280.3 281 283 284.2 287 288.5 291.2 293.5 297.3 299.1 300.7 303 305.4 306.5 311.8 314.1 314.1 314.8 315.3 315 313.6 313.5 314.9 316.3 317.3 317.1 317 318 318.4 319.6 319.6 321.2 323.4 326.1 328.2 331.9 333.9 335.2 334.9 334.6 333.4 331.7 330 328.7 329.8 329.5 330.1 331.6 332.1 330.8 329.3 327.1 324.1 318.5 314.7 310.4 307 303.3 298.8 294.3 290.6 286.6 284.7 282 278.7 275.3 271.4 268.2 264.3
271.1 272.8 273.7 273.8 274 274.8 276.1 277.3 278.1 278.5 280.1 281.1 282.5 283.7 286.4 291 295.6 299.2 302.3 304.3 306.7 309.1 310.9 314 316.9 319.4 317.5 322.8 322.4 322.4 322.2 321.5 322.6 323.9 324.2 324.2 323.5 324.3 325.9 326 327.1 329.3 331 331.7 334.5 336.2 337.2 337.1 337 336.9 335.5 334.6 334.9 333.6 334.6 333.9 334.3 334.8 335 333.9 331.2 328.2 322.2 315.5 312.7 309.5 306.2 302.4 298 294 291.3 288.5 286.4 282.5 279.7 276.1 272.7 269.6
269.4 271.1 272.3 272.5 272.7 273.2 274.1 275.7 276.8 277.6 277.2 279.1 280.1 284.4 288.5 293.8 300.5 303.8 306.8 309.5 312.9 316.3 318.9 321.3 323.5 325.8 324.4 326.9 327.9 328.5 328.4 328 329.1 330.1 330.7 331.3 331.6 331.2 332.2 331.1 334 335.2 336 336.2 335.7 337.7 338.8 339.5 339.8 339.6 339 339.2 338.5 337.8 337.9 337.8 337.3 337.5 337.7 336.9 335.1 330.8 324.2 316.9 314.7 312.3 308.6 305.5 301 297.7 295 292.4 289.7 287.4 285 281.4 278 274.7
267.7 269.8 271.1 271.1 271.2 272 272.4 273.4 274.9 274.6 276.7 278.9 281.1 287.4 293.5 299.2 302.3 306.1 308.1 310.4 313.9 317.2 321.6 325.4 327.5 329.6 329.3 328.3 330.5 331 331.2 331.8 332.9 333.6 334.7 336.1 337.3 338.4 338.5 339.6 340 340.3 339.8 339.2 338.6 338.8 340 341.2 342.6 343.1 343.3 342.9 342.1 341.4 340.9 340.8 340.6 340.4 340 339.3 337.6 333.8 326.2 319.3 316.8 315 312.7 308.6 304.4 301.3 299 297.5 295.2 293 290.8 288 284.9 281.6
264.9 267.3 269.3 269.2 270 269.7 269.8 270.2 271.9 276.5 281.6 282.8 286.4 287.5 296.8 300.5 303.2 307.7 309.4 310.5 313.8 317 320.7 324.1 328 330.7 331.4 331.3 332.3 333.3 334 334.5 335.1 336 336.9 338.3 342.4 343.1 344.3 344.4 344 345 344 342.5 341.6 340.9 341.7 344 345.9 346.3 346.6 347.4 347.1 346.6 345.9 345.1 344.4 343.9 343.5 342.7 340.2 336.4 328.4 321.8 318.9 317.9 316.7 311.9 308.3 305.8 304.2 302.6 301.4 299.1 297.1 295.3 292.2 289.4
262.9 266.8 268.3 268.3 267.1 268.7 269.4 271.6 276.4 281.1 286.3 290.6 294.9 297.7 299 300.5 304.2 306.9 308.7 309.7 312.3 315.6 318.6 322.1 326.7 329.9 333.6 335.7 334 335 334.3 335.9 337.1 337.3 339.9 343.5 346.4 347.7 348.6 349 349.4 349.4 348.7 347.6 346 344.2 343.8 346.5 349 350.5 351.3 352.1 352.5 351.8 350.9 350.1 349.3 348.4 347.8 346.3 343.3 339.3 331 324 321.9 323.5 320.2 316.1 313.2 311.2 309.6 308 306.8 305.1 303.2 301 298.5 296.1
