ny/ny88_OST50GRID_20230518/NY88.asc
ncols 200
nrows 200
xllcorner 380000
yllcorner 580000
cellsize 50
[rows 70 to 104 of 200, columns 0 to 77 of 200]
195.2 196.8 197.8 204 204.4 208.3 216.5 225.1 227.8 228.7 230.9 229.7 227 223.2 222.5 224.4 229.6 234.5 240.4 247.9 258.2 265 271.8 277.3 280 280.1 279.8 280.8 280.6 280.8 281.2 281.7 282.9 283.9 282.6 282.9 282.1 284.5 288.1 290.8 293.5 296.4 299 299 298.1 296.7 295.1 293.3 291.4 288 290.3 292.8 293 293 291.9 289.7 288 286.7 285.2 283.5 281.2 278.6 274.6 270 269.9 270.6 270.8 269 267.1 265.1 263.4 261.8 258.6 254 248.6 243.5 240.2 243.5
196.2 196.4 198.3 203.3 209.6 212.2 216.5 224.3 229 225.3 229 228.9 227.3 223.3 222.6 223.2 228 232.9 240.2 245.7 252.7 260.5 268.2 273.8 277.6 279.3 279.5 279.4 279 279.4 279.7 279.5 279.8 280.9 280.6 281.2 282 281.1 284.4 287.3 290.4 293 294.7 295.1 294.8 293.4 291.8 290.1 289 286 285.6 288.2 290.4 291.8 291 290 288 286.6 285 283.2 281.6 279.3 275.6 271.6 266.9 266 266.5 266.5 264.5 262.7 261.2 260.5 258.2 254.1 249.1 244.8 240.3 238
193.3 196.2 200.1 199.4 208.6 213.9 216.9 224.9 228.2 222.7 226.7 225.3 224.9 221.4 220.3 220.8 223.6 231.6 239.3 244.9 251.4 259.1 263.4 266.2 268.1 274.1 277.5 276.3 277.1 277.8 277.5 277.6 278 278 278.8 279.5 280.5 279.1 282.4 285.2 288.8 290.7 291.8 292 291.2 290.3 288.6 286.9 286 284.1 281.4 283.5 285.5 288.4 290.4 289.6 288.1 286.5 284.8 282.8 280.9 279.3 276.9 273.7 268.9 263.9 262.9 263 262.1 260.3 259 258.4 257.3 254.5 250.9 245.7 241.6 238.3
190 192.7 197.2 196.5 205.4 203.6 216 221.7 224.4 218.2 222 222 221.2 219.2 217.9 217.8 222.7 228.6 236.9 243.6 250.6 257.4 260.4 260.7 260.9 263.1 267 270.9 272.1 273.7 275.1 275.7 275.5 275.6 277.1 277.9 278.5 279 281.5 283.3 287 289.4 292.6 292 289.8 287.5 285.8 283.2 282 281.1 277.9 279.6 281 284.1 286.9 288.5 286.9 285.5 283.9 281.9 280.2 278.5 276.7 274.2 270.2 266 261.4 260 259.4 258.5 257.6 256.4 255.4 253.1 251.2 247.3 243.9 241.5
186.5 189.5 191.9 191 198.5 197.2 208.4 212.6 217.5 203.9 207.9 218.4 216.6 213.9 209.4 214.7 223.2 234.2 239.2 244 249.7 254.2 258 258.3 256.9 256.5 258.3 262.1 267.2 269.4 270.4 272.2 272.9 273.1 274.3 275.5 275.2 278.1 279.6 281.4 284.8 288.5 292.5 293.7 292 289.2 285.1 281.2 278 277.5 274.4 275.9 277.1 279.1 282.1 285.2 285.6 284.3 282.6 280.1 278.6 276.9 274.7 272.8 271.2 267.8 263.8 261.1 257.9 255.7 254.6 253.9 252.8 250.7 250.3 248.8 246.1 243.9
182 185.1 186.9 189.8 188.7 194.1 197.3 203.2 207.4 203.1 204.6 213.1 213.4 210.5 202.5 208.7 217.3 227.4 236.6 241.8 246.8 250.8 253.9 256.4 255.1 252.7 252 254.6 257.2 261.6 265.7 267.5 268.8 270.8 272 272.4 273.7 276.3 277.8 279.5 282.5 285.1 288.8 290.9 292.3 291.3 288.4 284.2 278.9 274.5 271.3 272.2 273.5 275.2 277.5 280.6 283 283 279.7 276.7 275.5 274.1 271.9 269.4 269.5 268 266 263.5 260.7 257.1 254.3 249.7 250.3 249 248.8 248.4 247.3 245.8
184.8 179.3 182.1 184.5 180.6 188 190.9 196.1 199.6 202 198.3 204.2 207.7 205.7 193.8 202.5 210.3 218.6 227.7 236.7 241.7 247.3 250.7 252.9 253.3 251.5 249 249.1 252 255.2 259.5 262.8 264.6 266.8 268.7 268.8 272.4 274.5 276.2 277.6 279 281.4 284.3 286.2 287.8 288.8 288.1 285.7 281.1 276.7 271.6 268.5 268.5 270.4 271.8 275.6 278.2 280.6 278.7 274.8 270.6 269.5 268.1 265.3 265.9 266 266.3 265.3 262.6 258.7 255 251.7 248.2 245.3 247.1 246.9 246.3 246.2
184.4 180.3 177.3 180.7 178.6 179.5 184.3 190.3 192.8 195.8 192.5 195.9 199.7 199.8 189.4 193 204.8 212.2 219.8 227.3 234.4 243.8 247.3 249.2 250.2 250.4 249.1 247.5 248.1 251.1 254.4 258.1 261.2 263.2 264.6 266.7 269.8 271.6 273.5 275.1 276.4 277.7 279.6 281.5 282.5 283.3 283.5 283.2 281.7 278.9 274.3 269.1 265.6 265.6 267.1 269.9 274.2 277.2 277.5 274.3 269.5 265.4 264.2 261.8 262.3 262.7 263.5 265.3 264.4 261 256.4 252.5 248.8 244.8 243.2 244.9 245.4 245.3
182.2 176.5 177.2 174.9 176.4 173.1 178.4 185.1 189 190.5 189.9 184.8 192 193.4 182.9 188.1 200.2 209 214.1 219.4 225.2 233.2 239.8 243.8 246.1 247.3 247.7 246.7 247.2 248.8 251.2 254.8 260.2 262.9 261.5 265.3 266.5 267.9 269.7 271.8 272.5 273.8 274.7 276.2 277.2 277.6 277.6 277.7 277.9 277.6 274.8 271.2 266.9 262.3 263.9 266.8 270.1 273.2 274.9 273.8 269.7 264.4 259.8 258.2 258.4 259.1 261 263 264 261.8 257.8 252.8 248.6 244.4 240.7 242.7 243.4 243.5
177.2 172.3 176.4 170.2 165.5 166.3 174.4 179.8 185.2 188.2 186.5 180.2 186.3 186.6 178 182.4 194.4 204 210.1 215.7 221 226.7 231.8 236.8 241.7 244.7 246.2 245.9 246.3 246.9 249.1 251.5 254.2 261.7 259.6 262.3 263.5 264.4 265.9 268.1 268.3 268.8 269.7 270.8 271.6 272.7 272.8 273.1 273.3 273.4 273 271 268.7 266.1 260.6 261.5 264.5 268.3 270.1 271.2 268.7 264.5 259.4 255.2 254.8 255.5 258 260.1 261.2 260 256.8 252.5 248.2 244.2 238.7 240.2 241.3 241.7
175.3 170.2 168.5 166.9 166.9 157.7 166 173.4 178.6 182.1 184.7 176.6 178.8 181.7 171.3 175.3 187.4 198.8 203.9 210.8 215.9 220.2 225.8 230.6 234.7 239.9 243.5 244.9 245.2 245.8 246.1 247.4 248.8 249.3 257.9 259.2 260.5 261.7 262.3 263.8 264.4 264.5 264.6 265.4 266.2 267.6 268.1 268.3 268.6 269.2 268.9 268.8 268.1 264.9 261.8 256.7 259.5 262.9 265.1 266.1 266.2 263.7 259.7 255 251.4 252.2 254.2 255.7 256.7 256.2 253.6 249.7 246.5 244.2 241 236.8 238.1 239.6
175 170.7 163 163.8 166.5 157.7 157.5 166.9 172.2 174.5 177.8 177.6 172.6 176.9 167.3 165.4 177.8 192.8 198.9 203.3 210.8 217.2 222.2 224.7 229 232.8 237.4 241.4 243.7 244.6 244.9 244.2 242.8 247.5 250.2 255.5 256.7 258.2 259.6 260.4 261 261.5 261.8 260.9 261.5 263.1 263.5 263.8 264.4 265 264.9 265.1 264.8 263.6 261.2 260.7 253.9 257.2 259.9 260.6 260.8 260.4 258.7 255.2 250.9 248.6 250.2 251.3 252.7 251.5 249.5 246.7 243.5 242.3 239.5 238.2 234.5 238.6
174.3 169.1 162.7 159.7 165.6 161.6 153.4 163.3 167.5 169.3 171.4 171.9 168.6 169.7 165.4 157.6 166.5 179.5 189.1 197.5 204.2 211.7 220 222.9 224.1 228 230.7 235.5 239.7 241.7 243 242.2 239.4 242.1 243.9 246.5 250.1 253.6 255.2 256.9 258.3 258.3 259 258.4 257.7 258.7 259 259.6 260.2 260.9 260.9 261.3 261.4 260.9 259.7 257.9 256 251.2 254.8 255.1 255.3 255.5 255.1 253.9 250.6 245.9 247.3 247.4 247.8 248.2 245.7 243.3 240.5 239.3 238.2 237 231.3 237.5
170 167.1 162.3 158 164.2 161.8 151.8 159.5 165.9 171.4 168.6 167.3 166.9 165.5 162.2 156.7 162.1 174.1 183.3 192 198.5 206.4 215.3 223 220.6 223.9 225.1 227.6 231.9 235.3 237.2 237.7 232 238.1 239.3 241.1 243.7 247.1 250.4 252.5 254.8 256.4 257.2 257.1 256.3 255 255.1 255.6 256.1 256.7 257.1 257.5 257.7 257.3 256.6 255.2 253.2 248.3 250.4 250.8 250.5 249.9 250 250.2 249.5 246.2 243.2 244.4 244.6 244 242.5 240.7 237.6 235.1 234.5 234.3 230.1 236.1
163.9 162.8 158.2 150.4 158.2 162.1 153 154.7 162.4 171.7 172 168.3 163.3 161.2 158.5 153.2 163.3 170.5 178.5 187.4 192.6 201.7 208.6 216.6 220.3 217.2 219 219.9 223.5 226.9 228.9 229.6 229.3 231.8 233.1 235.2 237.2 240.5 243.7 247.9 250.5 253 255 255.6 255.3 254.2 253 253 253.4 254 254.4 253.8 253.7 253.5 253 252.1 250.9 249.3 245.1 247.1 245.8 245.2 245.2 245.3 245.2 245.1 243.6 240.9 241.4 240.5 239.3 238.2 234.8 230.9 230.9 229.6 232 234
156.8 157.2 155.4 148.6 149.1 156 157.9 149.7 158.4 167.1 172 171.6 165.4 155.8 153.2 150.3 159.6 168.9 176.8 184.6 190.6 198 204.7 209.2 213.3 210.1 211.7 214.8 216.2 219.2 221.8 223.7 224.8 225.6 226.5 228.7 230.4 233 236.6 240.5 245 248.9 251.3 253 254.6 254.8 253.3 252.1 251.3 251.8 252.1 251.7 251 250.3 249.9 248.6 248 246.6 242.7 242.7 242.3 241.4 240.6 240 240.3 241.4 242 240.3 236.5 237.2 236 235.1 233.8 230.7 225 225.9 229.6 231.3
149.7 143.5 148.6 148.4 144.3 149.5 155.9 150.6 152.6 161.3 166.8 168.3 165.8 156.8 147.7 146.5 158.3 165.8 174.9 183.3 189 193.6 198.8 202.8 206.5 209.3 202.8 207.7 214.9 221 221 220.8 222.1 223.2 223.9 224.8 226.3 228.4 230.6 233.1 238.1 243.8 247.4 249.9 251.9 253 253.3 252.8 251.7 250.2 249.5 249.7 248.9 248.5 248 247.4 246.4 244.5 242.2 239 239 238.4 237.7 236.7 236.3 236.7 237.7 238 236.3 232.6 232.4 232.1 231.5 229.8 226.8 224 226.9 229.1
153.2 144.8 142.9 144.6 143.2 144.1 147.3 149.8 146.8 154.2 159.5 163.2 159.7 152.6 144.7 148.4 159.8 168.2 176.9 185.4 191.6 194.7 196.2 195.6 198.7 201.7 202.4 195.3 201.1 210.8 221.8 224.1 223.6 222.8 223.5 227.1 227.3 227.5 227.8 229 231.7 236.7 241.6 245.2 247.8 249.2 250.7 251.4 251.4 250.5 249.1 247.3 246.5 246.1 245.5 244.9 244.2 243.3 242 237.6 235.2 236 235.5 234.7 234.2 233.2 234 235.3 234.4 233 227 228.2 228.3 227.9 226.8 218.3 224 227
159.2 155 149.6 145.3 138.6 139.3 140 141.8 141.2 147.7 154.5 156.8 152.5 147.2 139.9 147.6 157.8 164.7 171.9 181.4 189.2 194.4 196.7 196.2 191.8 193.7 195.8 189.8 194.1 203.3 209.2 218.7 225.7 226.2 225.8 224.6 228.1 229.7 232.1 232.2 231.5 232.4 237.4 241.5 243.6 245.2 246.7 248 248.4 249.5 249.2 247.9 246.9 243.3 242.2 242 241.8 241 240.3 238.8 236 232.1 232.3 232.9 231.6 231.6 232 232.5 232.3 231.6 229 223.3 224.5 224.7 224.9 224.1 216.7 224.7
161.5 159 155.5 150.9 144.6 136.8 135.7 135.3 137.3 142.2 147.3 148.4 146.4 141.3 137.4 146.8 153 160.1 167.3 176.5 184 188.7 192.3 194.9 194 186.7 187.1 183.5 190.1 198 202.8 210.5 216.5 222.7 228.5 228.9 227.6 228.1 232 235.5 235.7 234.3 235.8 237.7 239.6 241.2 242.6 244 244.7 245.7 247 247.2 246.9 244.6 241.8 239.4 238.2 238.6 238.2 237.9 236.4 233.4 230 229.2 228.3 229.2 229.9 230.3 230.3 229.5 227.3 224 221.4 221.6 222.3 221.4 216.9 223.3
160 158.4 157.1 153.3 148.7 143.1 137.1 132.5 134.3 136.4 139.6 141.4 140.6 136.3 134.1 141.8 148.8 153.8 162.6 170.5 176 183.4 185.5 187.9 189.3 188.3 184.1 174.2 182.1 191.5 197.6 201.7 209.2 215.7 219.5 225.6 228.9 230.7 230.5 233.3 237 236.9 235.2 234.6 236.3 238 238.5 238.2 239.5 240.8 242.1 243.6 244.8 243.7 242.8 240.3 237.8 236 234.5 235.4 234.5 233.5 231.6 229.2 227.3 222 224.9 227.8 227.9 226.8 225.3 222.7 219.9 215.6 219.2 215.3 219.5 222
158 156.6 154.5 152.7 149.7 145.5 140.6 135.6 132 132.1 133.1 135.3 134.7 132.8 131.6 136.6 142.9 150.4 158 164.3 171 176.6 179.8 180.1 181.5 181.6 180.4 174.4 170.5 177.7 189.5 198.8 203.2 208.8 213.9 219.5 223.8 227.3 231.3 231.1 233.3 235.6 235.9 233.9 231.7 233.3 234.1 233.9 234.5 235.8 237.2 238.3 239.3 240.4 240.7 240.1 238.5 236.5 234.7 232 232.3 231.7 231 229.8 227.8 226.9 217.7 224.8 224.9 224.2 223.1 221.5 219 210.2 216.9 205.8 218 219.6
152.8 153.3 151.3 149.9 147.4 145.1 140.3 138.1 133.7 129.8 129.6 130.5 130.2 129.5 129.6 132 138.4 146.7 152.9 159.2 164.8 169.4 173.5 176.3 175 174.1 173.7 172.9 166.8 169.8 179.3 187.8 199.2 205.4 211.8 216.1 219.9 221.7 224.8 229.6 229.9 230.3 231.6 233 231.2 228.9 229.2 229.6 230 230.9 231 231.4 232.4 234.8 236.2 237.7 237.6 236.2 235.2 233.3 230 229 228.8 228.1 227.2 226.3 220.6 215 218.1 220.6 220.8 219 217.8 212.8 209.4 208.1 216.1 217.2
149.7 147 148.2 145.5 142.7 140.9 139.2 137.3 134.2 130.4 128.7 126.6 127.6 127.1 127 129.1 134.3 141.1 147 152.3 157.2 162.3 166.7 171.4 170.2 168.9 167.9 167.8 163.7 164.6 173.3 182.5 190 198.4 205.4 212 218.6 220.3 220.4 222.8 225.1 226.5 227.6 228.6 229.1 227.3 225 224.2 225 225.6 225 225.1 225.7 228 230.5 232.4 233.6 235.3 235.1 234.1 231.9 229.7 227.2 225.2 224.8 224.3 223.6 221.8 211.1 212.3 216.9 216.8 216.1 214.4 207 210.4 213.2 214.7
152.4 146.8 143.6 142.5 140.7 137 135.3 133.6 131 129.8 128.5 126.5 125.5 124.9 124.8 125.7 129.7 135.4 141.1 145.8 150.7 156 161.3 165.9 165.3 163.9 163 161.6 158.2 160 168.3 177.5 184.6 193.5 200.4 207.9 214.4 220.4 221.1 220.5 221.6 222.1 223.2 224.2 224.4 223.7 222.5 221.1 219.5 219.1 219.1 219.3 219.7 221.2 223.1 225.7 228.3 230.9 232.3 233.3 232.6 230.6 228 225.2 221.5 222 221.3 220.6 218.9 209.6 209.6 212.9 213 212.9 211.4 200.5 210.1 212.4
152.8 148.8 143.9 139.4 136.8 134.6 132 129.7 128.2 127.2 127.4 125.9 123.6 122.8 123 123.7 124.6 128.3 134.8 140.9 146.5 150.2 153.5 158.9 158.9 159 157.4 155.8 155.5 156.5 161 170.4 179.4 189.2 196.7 203 208.8 213.5 218.8 220.6 218.9 219.8 219.1 219.1 220 218.8 218.5 218.3 216.9 214.6 214.3 213.7 214.9 215.7 217.3 221 223.8 226.6 228.1 229.4 230.4 230.1 228.5 225 222.6 219.7 218.8 217.6 216.4 213.2 202.8 205.3 209.6 210.1 210.1 196.5 207.9 210
151.1 151 143.4 137.8 135.5 132.1 130.5 128.4 125.8 124.6 124.6 123.9 122.2 121.7 121.5 124 126.1 125.4 128.9 135.3 140.3 143.9 145.8 152.1 151.7 151.9 151.8 149.1 151 152.8 156.4 161.9 171.6 181.2 190.2 197.7 203.6 207.4 210.7 212.3 214.6 215.9 215.2 216.3 216.5 215.5 214.1 213.8 213.8 212.8 211.1 210 210.7 212.3 212.7 215.7 219.2 222.1 223.7 224.4 226.3 226.6 226.9 224.8 222.2 220.1 214.6 212.4 212.8 211.6 208 194.1 203.7 205.9 206.2 196.3 207.3 208.8
144.4 140.4 138.5 138.6 137 132.8 130.1 127.9 124.2 122.3 121.4 120 120.5 120.6 120.6 120.8 123.4 126.5 126.3 130.3 135.8 139.4 140.3 145.3 145.2 145.2 145.4 141.7 144 148.2 152.5 156 162.4 171.2 181.4 187.1 194.6 199.7 203.3 203.8 206.1 209.3 210.8 210.8 212.4 212 210.3 209.6 209.4 209.9 210.5 210.1 208.6 209.1 210.5 212.8 216.2 219 220.6 221.6 222.6 222.2 222.6 222.3 221.4 219 215.9 209.6 207.4 207.6 206 198.5 194.4 199.2 199.5 199.7 205.6 207.2
143 140.4 141.9 133.6 131.1 130.1 129.1 126.9 122.2 120.4 118.9 118 117.8 118.3 119.5 119.4 119.6 122.8 126.1 129.3 135.3 139.3 140.1 140.7 142.5 140.7 140.1 137.3 137.5 143.4 146.3 152.3 156.5 162.5 170.6 176.3 182.7 189.4 193.4 195.5 197.6 199.6 202.3 204.4 206.3 206.8 207.1 206.7 205.9 207.3 207.4 207.6 209.4 209.4 210.2 212.2 215.1 216.7 218.2 219.3 220.5 219.6 218 217.4 217.4 216.2 213.7 210.8 201.9 203.2 202.9 201 191.5 188.9 194 202.1 203.4 205.4
152.1 148.3 144.5 141 134.9 130.3 128.9 126.1 123 118.9 117.7 117 117.4 118.1 118.2 119.8 121.1 124.4 124.7 127.3 131.7 136.3 138.7 136.9 138.8 138.4 135.1 132.7 135 139.6 142.4 147 152.7 155.3 161.2 167.9 173.5 178.5 183.3 185.6 185.1 198.8 203.4 200.4 201.7 201.6 202.7 203.5 202.9 204 204.7 205.9 206.8 208.2 210.5 212.8 214.7 216.2 216.2 216.9 218.7 219.4 217.7 214.4 213.3 211.4 209.7 207.4 205.3 195.5 192.7 195.7 181.1 196.2 204.6 203.6 201.7 203.3
151.1 148.1 144.6 141 137.5 133.5 130 128.5 126 120.8 117 116.3 117 117.4 117.2 116.9 118.3 124.4 126.8 126.8 129.1 132.1 134.5 135.6 138.2 136.7 132.9 129.6 130.7 134.9 140.2 143.9 147.3 151.2 155.4 160.9 165.6 170.5 175.4 177.4 179.4 194.9 207.4 205.8 204 201.4 200.6 200.7 200.8 202.3 204.4 203.9 203.4 205 208.1 211.2 214 215.7 216.1 217.3 218.8 219.6 218.3 216 212.6 209.7 207.9 205.3 203.6 201.6 198.2 185.2 183.2 193.8 199.5 204.5 202.7 200
147.4 145.8 144.4 141.9 139.3 135.7 131.1 128.1 125.3 121.9 118.9 116 116.6 116.6 116.9 116.4 116 117.2 123.9 127.1 128.3 129.5 131 133.7 134.4 135.7 132.7 128 126.7 132.1 138.1 141.9 145.8 148.9 151.7 154 159.6 163.5 166.4 169.4 174.5 190.7 206.4 209.1 208.3 205 203.2 201.6 201.6 201.1 204.1 204.1 202.6 203 204.3 207.7 210.9 213.5 215 216.1 219.8 222 220.5 217 213.9 210.6 207.1 204.1 202.7 199 197.7 187 179.4 182.4 189.7 196.4 201.2 202.2
144.2 143.3 142.4 141.2 139.1 137.2 133.2 128.3 125.1 122.7 119.9 117.5 116 116.3 116.6 116.4 116.2 116 119.2 125.7 126.6 128 129.1 130 130.3 131.6 130.8 127.7 124.3 128 134.7 139.8 142.7 146.3 149.6 150.8 152.3 155.4 160.6 168.4 171.8 182.3 200.8 211.2 210 206.5 203.4 201.3 201.7 200.4 202.2 203.9 202.5 204.5 203.9 204.4 208.6 212 214.2 214 216.4 220.5 223 220.9 217.4 212.3 207.5 204.1 201.9 200.4 197.3 195.4 191.2 179.4 180.4 187.5 192.4 197.4
141.1 139.8 140.1 140.1 138.9 137 133 129.8 126.1 121.7 118.8 117.5 115.8 114.8 115.7 115.5 115.8 116.2 118.2 121.3 125 126.4 126.7 127.1 127.7 128.8 127.3 126.4 122 125.1 127.1 132.7 137.6 142.1 147.1 148 152.4 153.5 158.4 166.1 168.4 176.3 193.6 204.6 210.2 207.9 203.1 200.6 204.9 200.2 202.4 203.1 202 202 204 203.2 205.2 209.5 211.5 212.2 212 214.3 217.1 218.4 216.3 214.1 208.4 204 201.5 199.3 197.3 195 191.6 185.7 177.9 176.1 186.4 191.3
137.9 137.6 137.2 136.8 137 136.5 133.9 130.3 127.1 124.2 120.7 117.6 115.9 114.9 114.5 116.7 117.5 116 117.2 117.9 118.4 122 123 123.9 125.4 127.6 126 123.8 121.3 123.6 121.6 123.9 132.5 137.9 140.8 146.2 152 153.8 155.3 160.5 165.5 169.9 182.8 196.4 204.4 206.4 201.9 202.6 203.8 199.1 198.5 200.4 201.5 200.4 201.3 200.3 200.7 203.7 206.2 206.4 208.1 208.5 209.1 209.7 207.6 207.4 206.3 203.8 200.7 197 194.4 194.8 194.8 192.3 187.7 174.8 173.9 183.3
