ny/ny88_OST50GRID_20230518/NY88.asc
ncols 200
nrows 200
xllcorner 380000
yllcorner 580000
cellsize 50
[rows 35 to 69 of 200, columns 78 to 155 of 200]
263 266.1 267.3 263.2 268.1 270.4 272.6 275.4 280.8 286.4 291.4 296.4 299.3 301.9 302.8 301.9 303.8 306.2 308 308.9 310.9 313.3 316.4 320.6 325.3 328.8 333.1 335.5 337.5 336.7 335.4 335.8 337.2 339 343.1 347.4 351 352.3 352.8 352.7 351.8 351.9 351.2 349.8 349.7 348.7 348.2 349.4 351.9 354 355.7 356.7 357.3 357.7 356.5 354.7 353.7 352.7 352.1 350.5 347.2 342.7 333.6 325.7 324.2 326.8 324.2 321.6 319.1 316.9 315 313.6 312.1 309.8 308 305.4 302.7 299.5
264.3 265.4 263.6 261.2 269 272.5 275.3 279 284.6 290.8 295.8 300.5 303.7 305 305.7 305.4 305.3 305.6 307.2 308.6 310.6 313 315.8 320 324.2 328.1 332 334.7 338.1 341.1 338.1 336.8 337.4 338.1 341.6 347.6 354.8 358.4 355.9 355.3 354.3 354.3 353 353.7 353 352.2 351.8 352.8 355 357.1 359.2 360.6 361.6 361.4 359.9 358 357.4 356.6 355.6 355.1 352.8 347 336.7 328.2 328.9 330.6 328.8 325 322.7 321 319.8 317.8 315.5 313.1 310.6 307.5 304.3 300.4
264.1 262.9 258.2 266.4 269.7 273.1 279.2 284.3 290.1 295.3 300.4 305.4 308.3 308.3 308.4 307.9 307 308.1 308.9 309.2 310.9 313.7 316.6 320.7 324.2 327.9 330.6 333.5 337.1 340 342.8 339.6 338.9 341 344.2 347.3 352.5 354.8 356.8 358 358.2 358.3 357.8 355.8 355.8 355.9 355.5 356.2 358 360.1 362.2 363.4 364.2 363.7 361.3 359 358.6 358.1 357.9 357.5 355.7 351.1 338.6 329.9 331.6 336.2 333.7 328.6 325 322 321 319 316.9 314.9 311.3 307.9 304.4 300.5
258.1 256.2 262.1 266.9 271.1 276.6 285.5 290.7 295.2 300.8 306.4 311 313.4 314.8 315.6 313.8 312.2 312.1 312.1 313.2 314 315.5 318.1 320.9 324.7 327.6 330.7 333.6 335.9 338.9 341.7 339.9 339.8 340.3 345 350.3 355.6 354.2 356.2 357.5 359.1 359.7 359.3 357.5 356.9 357 357.1 357.7 358.8 361 364.1 363.8 363.8 363.4 361.4 358.1 357.9 357.4 357.2 355.8 352.6 350.8 340.1 332.1 333.4 338.4 335.2 330.4 325.2 320.9 319.1 317.6 315.9 313.9 310.8 307.7 304 300
256.7 261.8 264 269.2 275.8 283.2 289.8 295.2 300.1 306.1 311.5 315.1 317.3 318.9 320.7 318.7 316.4 315 314.7 315.2 316.5 318.1 320.5 322.9 325.4 328.5 331 333.6 335.9 338 340.1 340.2 340.2 340.5 343.9 349.6 353.8 355.1 355.9 357.8 359.6 360.5 359.2 357.2 356 356.1 356.2 356.5 359 363 365 364.6 363.9 362.4 361.4 357.3 355.5 352.7 352 350.3 347.8 346.9 339.1 332.3 333 337.8 334.4 329.4 323 319 316.8 314.8 312.8 310.6 307.9 305 301.3 296.9
265.9 268.7 270.4 274.4 280.6 286.8 293.7 294.7 305.4 311 315 318.5 320.4 322.5 323.1 321.2 318.9 317.6 317 317.2 318.1 319.3 321.2 323.4 326.1 329.3 332.6 335.4 337 338.4 339.9 340.1 340.5 341.4 343.9 349.1 351.4 355.5 357.9 360.3 359.9 359.7 358.2 356.1 354.9 353.9 353.9 354.9 358.7 362.7 364 361.9 358.4 358.8 356.1 354 351 347.2 347.5 345.8 342.7 341.4 335.8 330.3 330.7 332.6 330.8 325.3 319 315.3 312.8 309.9 307.3 305 302.3 299.5 295.9 292.5
271.3 274.1 277 280.7 283.6 292.3 290.6 303.1 309.3 314 317.6 320.8 322.6 324.7 323.7 321.2 320.3 319.3 319.6 321.3 322 322.6 323.6 325.6 327.8 331.7 334.7 336.1 337.2 338.8 340.5 340.3 340.7 342.3 344.8 347.8 350.4 354.5 357.7 358.6 358.4 357.6 355.7 354.8 352.9 352.3 353.1 354.7 357.6 360.9 361.4 354 351.2 350 348.7 346.2 344.6 342.7 341.2 339.7 338.2 336.1 332.4 326.4 327.3 327.1 325.1 320.2 315.3 311.4 308.6 305.6 302.7 299.9 296.8 293.9 290.6 286.7
273.4 276 278.9 284.5 287.8 291.6 298.4 306.9 311.6 315.4 317.7 320.1 323.7 326.7 324.3 321.7 321.5 321.1 321.4 321.7 322.8 324.9 327.2 328.7 331 334.5 336.3 337.9 339.6 341.4 341.7 340.2 340.2 342.1 343.5 344.9 348.1 350.2 352.3 353.6 354.1 354.2 353.5 351.9 351.3 351.1 352.1 353.1 355.7 357.7 356 349.6 344.6 344.5 347.8 341.6 337.2 335.5 335.3 335 333 330.9 327.6 323.9 324.2 322.9 320.4 316.4 312.4 309.4 305.4 301.9 298.9 295.3 291.7 288.4 284.7 280.9
273.5 277.3 280 285.6 289.4 294.6 301.3 307.6 311.5 314.2 316.2 318.2 322.8 325.3 323.1 322 321.5 321.7 322.1 322 323.5 326.1 328.5 331.4 334.3 337.7 339.7 341 342.2 343.1 342.1 339.2 339.5 341.2 341.9 341.5 343.6 344.7 346.1 347 348.4 349.8 349.8 349.5 349.8 349.9 350.4 350.3 350.2 351 347.7 343.3 338.8 338.2 342.7 335.2 332.5 330.8 329.9 329.7 328.3 325.7 323.4 321.5 320.4 319.2 316.1 313.1 310.6 307.5 303.7 301.2 298.2 294.8 290.9 285.6 283.3 279.6
270 276.4 282.2 286.5 290.1 294.5 300.5 306.2 309.5 312.6 315.1 317.1 318.9 321.7 321.5 321.4 321.7 322 322.1 322.8 324.9 327.4 329.7 331.8 333.9 337.5 340.1 342.2 343 341.9 338.9 338.1 338.8 339 339.1 339.9 339.3 339.7 339.7 340.2 342.7 344.1 345 346.5 346.7 347.1 346.5 345.2 344.8 343.1 337.5 334.1 330.4 326.3 329.1 329.5 326.4 325.4 324.4 325.4 323.6 322.5 319.8 317.9 316.6 315.4 312.5 310.4 308.7 305.7 302.1 299.6 295.8 292.5 288.4 285.6 283.1 280.2
266.8 272.7 280.2 286.5 290.5 294.4 300.4 305.2 308.5 312.1 314.3 316 318.4 319.5 320.6 319.8 320.2 321.3 322 323.5 325.1 326.9 329.1 331.3 333.6 336.8 339.2 341.5 342.9 340.4 338.9 336.8 336.6 337.1 338.8 340.3 336.6 335.9 335.6 335.8 337.2 339.3 340.4 341.3 342.1 342.5 342.2 341.2 338.9 336.4 329.5 327.6 323.5 321.3 323.1 322.4 320 319 318.7 320.2 321.2 320.8 319.2 314.7 313.1 311.3 309.8 307.7 305.3 302.9 299.8 296.2 292.3 289.4 286.2 283.7 281.7 279.5
263.6 268.6 276.3 282.6 289.3 294 299.5 303.7 307.8 310.7 313 316.8 319.3 319.5 319.5 317.9 319.5 321.1 322.9 323.9 324.9 326.9 328.8 330.8 333.1 335.9 338.3 340.7 341.8 339.5 335.3 335 335.5 340 341.4 336.4 333.3 332.2 331.8 332.2 332.7 334.2 334.7 335 335.4 335.6 335 333.6 332.4 329.2 323.8 321.5 317.1 317.4 318.3 316.3 313.7 312.4 312 312.4 313.5 313.7 312.3 310 308.1 305.9 304.4 302.6 300.4 297.4 294.6 291.5 288.2 284.8 283.3 281.8 279.5 277.1
261.3 266.4 272.5 279.7 288.4 293.5 297.8 301.8 305.2 308.4 312 314.7 317.1 315.6 315 316.5 318.1 320.8 322.9 323.4 324.4 326.6 328.7 330.5 333.2 335.3 337.8 339.4 339.8 335.6 333.1 333.4 333.3 338.5 335.7 332.6 330.9 329.9 329.4 329.3 329.5 329.8 330.9 331.2 331.4 330 329.2 328.5 327.7 322.2 317 315 312.9 313.2 313.2 311.4 309 308.1 306.9 306.6 305.3 304 303.9 304.5 303.6 300 297.3 295.1 292.7 290.4 287.3 284.2 280.8 278.4 277.1 275.9 275 272
259.1 264 270.4 279 285.1 290.7 295.4 299.2 302.2 305.3 307 309.7 309.5 309.7 310.6 313 315.6 318.3 320.3 322.1 323.9 326.3 328.6 330.8 334.3 336.4 336.9 337.6 336.5 331.9 331 332 331.2 332 331.9 329.5 328.9 328.9 328.8 328.6 328.1 327.2 326.7 327.7 327.9 326 324.2 323.5 322.5 316.8 313.4 311.2 309.2 308.4 307.4 307.1 305.8 304.6 304.8 303 301.1 298.8 296.3 296.2 295.7 293.8 290.7 287.6 284 281.8 279.6 276.1 272.9 269.8 268.5 267.8 267.1 264.9
257.3 261.5 268.7 274.3 281 286 289.9 294.3 297.7 301.5 302.2 303.5 303.6 304.3 306 307.9 310.7 313.3 316.4 319.7 322.5 325.2 327.4 331.9 333.9 334.4 334.9 335.4 333.2 329.4 330 330.3 328.8 329.2 328.6 326.9 327.5 327.9 328.3 327.8 327.1 326.4 325.7 326 324.5 323.1 321.3 319.4 315.6 312.5 309.9 307.9 306 304.2 303.5 303.4 302 300.1 299.3 297.5 295.4 292.6 290.2 289.1 287.7 286 283.2 280.8 278.2 275.7 273.3 270.2 267.3 264.8 262 260.1 259 256.7
255.6 258.6 267.1 270.9 275.2 279.7 283 289 293.5 296.1 296.8 297.5 297.7 298.6 300.8 304 306.9 310.4 314 317.5 320.4 322.6 325.6 330.3 331.5 331.7 332.3 330.3 328.3 327.2 327.9 328.7 327.4 326.5 325.8 324.3 325.1 326.4 328.8 327.3 326.1 325.1 324.5 323.6 321.4 319.2 317.7 314.5 310.6 307.8 305.8 304.6 303 301.3 300.2 299.5 297.4 294.4 291.7 289.8 287.9 285.7 282.7 280.8 279.9 278.7 278 274.7 273.2 270.3 268 265.7 263.1 260.4 257.6 254.7 252 250.2
253.9 256.7 261.2 267.2 271.4 275 279.3 282.9 286 288.6 289.4 290.2 291.3 293.1 296 299.9 303.8 307.3 311 313.5 316.1 319.3 323.6 327.2 328.1 329 328.7 326.8 325.5 325.5 326.7 326.6 326 325.2 323.9 322.4 322.4 324.1 323.6 323.9 323.8 321.4 321.7 320.8 318.7 316.2 313.5 310.4 307.7 304.4 301.8 300.7 299.3 297 295.3 292.5 290.2 286.7 284.6 283.1 282.7 280.1 277 274.8 272.3 269.8 268.6 268.2 267.5 264.8 263.4 261.7 259.1 256.3 253.7 251 247.8 246.2
252.9 254.8 258.8 262.7 267.6 270.6 274.4 278.6 280.9 283.4 284.4 285.3 286.4 289 291.2 294 297.9 302 305.6 308.8 311.6 316.3 320 323.7 324.6 324.8 324.6 323.6 321.8 323.9 323.6 324.6 324.5 324.5 323.1 321.7 320.9 321.7 320.9 320.5 320.5 319.7 319.7 318.7 316.2 313.7 309.9 307 304.6 301.8 298.7 297 296.2 293.8 291 287.9 285.9 282.9 281 279.7 279.2 278.1 275.1 273.7 270.6 266.5 265.1 263.7 261.4 259.2 258.9 258.2 256.3 254.2 251.9 248.3 245.6 243.4
252.2 252.8 254.3 258.2 262.7 267.6 271.6 275.1 277.8 280 280.4 281.5 282.2 283.7 285.4 288.3 291.5 295.9 300 303.4 308.1 312.4 316.2 317.9 319.1 319.8 319 317.4 315.7 319.3 321.5 322.4 323.3 323.4 322.5 321.1 320.2 319.4 319.2 318.6 318.2 318 317 315.5 313.5 311.4 308.6 305.7 302.5 299.4 296.7 294.2 293.2 291 287.4 285.3 283.8 283.4 279.9 279.1 278.4 275.8 272.1 273.3 270.4 267.6 264.5 262.2 259.7 257.9 255.3 255.4 254.3 252.3 250.1 247.1 244 241.4
249.8 250.6 251.4 254 259.2 264.5 268.8 272.7 275.2 277.8 278.3 279.4 279.9 280 280.7 283.5 286.6 290.4 294.4 301 304.3 307.8 310.5 311.3 312.3 313 313 310.8 312 318.4 320.1 320.7 321.9 322.1 321.4 321 320.1 319.3 319.1 317.7 317.4 316.1 314.8 313.3 311.7 310.2 308.2 304.7 301.7 298.7 295.9 294.4 292.8 290.6 286 284 283.2 282.4 281 279.7 278.9 276.6 274.6 269.3 266.2 266.5 264.3 261.8 259.4 257 254.9 250.3 251.4 249 246.7 244 241.1 238
247 248 249.4 251 254.9 259.3 264.5 269 272.5 274.9 277.5 278.7 277.9 277.9 277.6 279.4 282.3 287.3 293.5 298 300.8 303.7 305.2 306.1 306.9 306.8 307.1 307 310.4 315.5 317.4 319.6 321.2 320.9 320.5 321.5 320.1 319.3 318.9 318.2 316.3 315.1 313.8 312.6 311.2 309.2 307.2 304.6 301.8 298.4 295.9 294.1 292.7 289.8 286.6 285 284.7 283.5 282.1 280.1 277.3 274.5 272 270.2 267.9 257.6 261.6 259.9 257.8 255.8 253.3 251.5 245.6 244.6 241.6 239 235.8 232.3
243.5 244.8 246.3 248 252.1 255.8 260.8 265.6 269.3 273.6 276.4 278.6 275.7 274.8 275.7 277.7 280.8 283.7 290.3 292.6 296.1 299.6 301.5 302.7 304.1 304.6 305.4 305.9 307.4 313.1 316.1 319.2 320.4 319.5 319.6 320.5 321.1 319.7 318.9 317.7 315.8 314.6 313.4 311.7 310.4 308.5 306 303.8 301.4 298 296 293.7 291.8 289.6 285.9 285.7 284.7 282.7 280.9 277.6 274.8 271.6 268.6 265.7 263.5 261 249.7 256.7 253.8 253.1 251.8 248.2 244.5 235.8 235 233.8 230.4 226.9
241.5 242.7 244.2 246.1 249.3 252.7 256.8 260.6 266.6 271.4 272.6 271.9 271 276.7 279.8 282.9 287 290.6 294.3 296.8 300.1 300.8 300.9 301.5 304 304.5 305.1 305.8 307.2 311.4 315.7 318 319.3 318.2 318.4 319.1 319.7 318.4 317.3 316.3 315.2 313.4 311.5 310 308.7 306.9 304.8 302.4 300.2 298.1 296.1 293.9 291.3 288.6 285.6 283.7 282.2 280.2 277.4 274.7 271.3 268.1 264.7 261.1 258.9 257.3 254.4 247.2 248.7 245.3 243.9 239.6 236.7 233.2 229.6 228.5 225.6 222
239.9 241.2 242.2 244.3 247.1 248.8 250.4 253.6 255.5 258.1 267 275.6 278 279.8 283.7 288.7 294.6 298.1 301.9 303.4 306.7 308.3 309.2 307.6 306.2 306.8 307 309.1 312.2 315 317.6 318.3 318.9 318.9 317.3 316.4 316.9 316.4 315.1 314 312.7 311.1 309.3 307.6 305.6 304.6 302.9 301.1 299.4 297.5 295.4 293 290.6 287.2 283.9 281.8 279.1 276.7 273.7 270.7 267 263 259.3 257 254.8 252.6 249.9 245.5 241.6 238.2 236.5 232.5 229.1 228.7 225.1 221.8 220.9 217.5
238.9 239.9 241.6 242.3 244.1 248.3 251.6 256 260.7 268.6 274.5 277 279.2 283.2 287.6 294.5 307.7 313 315.6 318.7 321.5 326.5 330.5 328.6 326 323.3 323.7 325.1 323.8 323 323.3 322.6 320.9 320 318.2 316.2 314.8 313.4 312.8 311.4 310.2 308.6 305.7 303.6 302.1 300.4 299.3 297.4 295.9 294.5 292.3 289.9 287.5 284.7 281.2 277.6 274.9 271.7 267.1 263.1 260.7 257.7 255 252.9 250.3 247.8 245.3 241.8 230.9 234.1 229.3 227.4 223.8 221.8 219.5 213.8 214.7 212.4
238.1 239.2 241.1 243.5 246.6 250.5 254.3 258.5 263.2 270.1 274.5 276.7 280.4 285.4 291.1 296.7 307.6 318.2 323.9 326.6 331.9 335.9 337.9 337.1 334.1 331.5 334.5 338.3 335.7 331.4 329.9 327.8 325.1 322.7 320.8 319.1 316.7 314.5 310.8 306.8 306.7 305.5 303.5 301.6 299.3 297.7 296.1 294.3 292.5 290.2 287.9 285.9 283.2 280 276.2 272.2 268.7 264.1 262 258.8 256.6 254.4 250.6 248.3 246.1 242.6 239.2 235.7 231.3 226.7 223.9 220.9 217.6 214.4 212.7 209 206.9 206
238.7 241.2 241 243.5 247.4 252 255.1 257.9 264.1 271.1 273.3 275.8 279.8 286.2 292.6 299 310.1 318.4 325.6 331.1 334.3 336.6 338.3 336.5 334.6 336.4 341.8 343.2 342.2 340.1 335.6 333.4 330.3 326.4 324.1 321.6 317.7 314.2 311.7 308.4 304.4 302.2 302.3 302.3 299.3 296.5 294 292.7 286.9 285.2 282.4 280.1 276.9 273.5 272.3 268.9 266.1 259.3 254.9 253.3 251.5 249.9 246.1 242.8 241.3 238.4 235.1 231 226.8 223.1 215.3 214.7 211.6 206.9 204.3 201.7 200 199.2
237.6 242.6 242.9 244.1 248.9 252.8 256.4 258.7 264.2 270.1 271.7 275.2 279.4 286.2 293.1 299.9 309.1 316.9 323.2 330.9 332.9 334.2 336.3 336.2 335 338.4 342.5 343.8 342.8 339.7 337.5 334.9 331.5 327.7 324.9 321.6 317.2 313.8 310 307.9 305.7 303.3 300.6 298.4 296 293.8 293.3 291 289.6 286.7 284.3 281.7 279.3 276.8 273.7 270.3 266.9 262.3 257.8 253.2 247.4 243.3 243.7 242.5 235.9 234.5 230.5 226.2 222.3 219.1 213.1 208.9 204.8 201.3 198.3 195.4 193.6 192.4
235.8 240.2 244.7 245.8 248.4 253 256.8 260.5 264.9 268.7 270.8 274.7 278.7 284.8 291.3 298.4 306.2 312.1 319.2 326.9 329.5 329.5 330.4 331.2 334.6 339.1 340.7 340.8 339.5 338 335.2 332.9 330.4 326.3 322.9 319.4 315.7 312.2 309.5 306.7 303.5 301.1 299.4 296.8 294.3 292.1 290.6 289.3 287.3 284.9 282.6 280.7 277.9 274.1 270.8 267.3 264.2 260.6 257.2 253.1 248 240.8 236 238.2 233.9 228.9 225.8 220.7 217.3 214.7 209.8 203.8 199 196.1 192.2 189.7 185.4 186.9
235.9 239.3 244.9 247.4 249.8 251.8 256 259.6 264.6 268.7 270.7 274.6 278.8 283.7 289.3 296.7 303.5 308.9 315.5 324 326.5 325.8 325.1 324.8 329.5 337.6 338.9 337.9 337 335.7 334 332.2 331.5 327.8 324 319.4 315.4 311.9 309.1 305.7 301.7 299 296.4 293.9 291.5 289.5 287.6 286.1 284.5 282.1 280.6 278.9 275.9 271.7 268 264.2 260.7 257.2 254.3 250.1 245.7 241.6 233.4 228.5 226.4 226 219.4 216.7 211.2 209.8 206.2 201.7 196.4 188.6 187.7 184.1 181.8 179.3
240.7 234.2 241 246.9 250.6 254.3 255.9 259.2 264.5 268.9 271.1 274.7 278.9 283.3 288.6 295.5 301.9 306.5 313.1 321.9 321.9 320.9 322.3 324.1 330.2 335.1 336.4 336.7 337.4 335.6 333.9 332.1 330.1 326.5 322.9 319.2 315.5 311.8 308.8 304.9 301 298.3 295.5 292.9 290.7 288.4 286 284.6 282.9 280.3 278.8 276.7 273.7 269.2 265.9 262.3 258.6 255.1 251.9 246.6 242.3 238.1 233 225.7 220.4 216.4 211.6 209.7 207.3 204.5 201.7 197.3 193.9 187.8 179.5 177.4 176.6 172.6
248.9 239.8 234 243.2 249 252.7 256.7 259.8 263.6 269.4 271.4 274.1 278.9 284 289.1 294.7 300.4 307.2 314.9 319.2 319.2 319.8 324.6 331.9 335.8 340.6 339.7 337.8 337.2 335.7 333.8 332 329.8 326.6 323.2 319.3 315.5 312 308.2 304.7 301.5 298.8 295.3 292 290 288.1 286.7 284.6 283.1 281.2 276.9 273.2 270.9 266.9 263.1 259.2 256.4 253.1 249.4 243.2 238.6 234 229.4 224.8 216.7 212.1 210.6 206.5 203.1 198.4 195.6 192.3 190 186.1 180.8 171.2 166.4 167.9
249.3 246.7 237.4 235.1 246.3 252.1 255.6 258.8 264 270.9 273.1 275 280.3 285.7 290.7 294.9 299.1 304.9 310.8 317.7 320.3 332 337.6 338 335 337.5 339 336.8 336.6 335.9 334.5 332.5 330.2 327.2 324 320.6 316.5 312.2 307.8 304.7 301.7 298.1 294.5 291.3 289.1 287.6 285.5 283.2 281.5 279.2 275.4 271.2 265.8 263.2 259.4 255.8 252.8 249.9 245.7 239 233.4 228.6 224.3 220.3 215.3 202.1 205.8 203.7 201.2 197.4 189.4 187.5 186.1 182.6 178.1 172 164.6 160.2
247.9 245.6 237.4 232.8 243.3 248.3 254 257.9 265.3 272.9 274.6 277.1 281.2 286.3 290.2 294.7 299.2 304.1 310.9 319.1 338.5 340.6 339.4 338.9 335.4 335.3 336.9 337.6 337.5 336.8 335.4 333.5 331 328.1 325 321.6 317.2 312.8 308.4 305.1 301.1 297.7 294.2 290.5 287.6 286 284 281.9 279.7 276.9 272.7 268.8 265.2 258.9 251.9 249.5 247.1 243.8 240.1 234.9 229.4 223.6 219.6 215.6 211.2 205 198.3 198.7 196.6 193.2 189.5 185 179 178.8 174.3 169.1 162.6 153.8
246.9 237.5 231.3 232.1 243 248.9 252.9 257.9 265.5 274.3 276.1 278.9 281.8 286.6 291.2 295.1 298.4 303.1 311.6 323.7 336.9 339.9 337.5 336.5 335.9 336.8 337.5 337.8 337.9 337.4 336.2 334.4 331.8 328.9 325.8 322.4 317.9 313.2 309.2 304.5 300.6 297.2 293.9 291 288 285 281.9 278.8 276.8 274.2 270.6 267 263.4 257.9 251.3 243.6 234.3 237.1 234.7 230.3 225.4 219.9 216.1 212.1 207.1 203.3 198.1 187.6 190.3 189.4 186.5 182.4 174.9 172 170 164.6 159.3 152.7
