ny/ny88_OST50GRID_20230518/NY88.asc
ncols 200
nrows 200
xllcorner 380000
yllcorner 580000
cellsize 50
[rows 105 to 139 of 200, columns 78 to 155 of 200]
177.8 185.5 186.9 181.3 168 173.8 186 195.9 200.6 207.7 213.3 218.2 226.1 234.5 234.3 234.7 234.5 235.3 234.5 231.6 227.5 223.8 221.6 219.4 216.3 218.6 221.8 220.8 220.8 219.7 217.8 218.4 219 218.7 219.8 220 220 217.9 217.7 218.5 216.3 214 212.9 212.3 208.5 204.2 198.9 193 187 179.2 173.8 169.2 159.6 156.1 153.1 148.4 144.8 141.6 138.3 135.8 133.9 132 131.2 129.7 128.4 127.1 122.5 123.3 121.8 117.9 116.1 116.1 116.4 116.3 121.3 125.7 127.6 129.1
168.7 175.2 183.4 182.2 167 166.1 178.9 189.1 195.6 200.7 208.3 211.2 220.9 230.9 235.5 232.2 232.8 232.6 231.9 230.4 228.3 225.8 223.1 220.9 218.7 216.4 221.2 224.5 225.9 225.1 222 219.1 216.6 213.6 212.8 213.7 213.1 212 210.4 211.5 211.5 210 207.6 205.4 202.3 199.1 194.2 190.2 187.2 182.4 176.3 170 165.2 159.8 154.8 151 149 144.2 139.5 136.5 134.1 131.6 130.7 129.2 127.4 125.8 125.1 122 118 115.9 116 115.9 114.9 115.9 121.8 124.2 126.5 128.7
165.3 166.3 177 178.5 167.6 160.9 170.5 181.7 191.3 197.4 203.6 206 211.4 222.5 230.7 233.4 231 229.7 229 228.3 226.8 224.9 222.6 220.6 219.5 214.8 218.3 222 223.5 223.8 223.4 220.9 219.1 215.8 212.7 209.4 209 208.1 206.2 205.2 204.3 203.4 201.1 198.5 197.4 192.7 185.8 181 182.2 177.5 172.6 166.9 164.5 160 157.4 152.7 149.1 145.8 141.2 136.7 133.3 130.7 128.5 127.6 126.3 124.5 123.9 123.2 116.9 113.4 115.7 115.8 116.1 116.2 121.9 123.1 125.1 126.5
172.7 161.1 170.3 180.8 172.4 160.4 163.1 175.5 185.8 192.7 198.4 200.9 204.3 214.1 223.3 225.7 227.8 227.6 225.5 225.3 224.4 222.2 220.5 218.7 217.4 212.7 212.6 218.3 218.6 218.9 218.3 216.2 214.2 211.6 209.1 206.2 203 201.6 200.9 199.2 198.3 197.1 195.8 193.6 191.3 188.7 185.6 181.4 177.2 173.1 169.9 165.2 159.2 158.2 155.1 151.5 148.6 145.6 140.1 135.8 132.2 130 127.7 125.8 123.2 123.1 122.9 121.2 113.1 115.4 113.7 114.1 115.2 117 122 122.9 124 126.4
168 159.1 168.8 178.4 179.9 168.1 159.4 166.8 178.3 186.6 193.5 196.9 199.4 205.2 215.9 220.3 221.7 221.7 221.8 221.5 220.2 218.8 217.3 215.7 214.7 212.5 208.4 212.1 213.2 213.1 211.5 209.7 208 205.4 202.8 200.2 196.7 195.4 193.7 192.3 191.4 190.6 188.4 186 184.2 182.2 180.3 176.9 173.5 170.1 167.1 163.2 156.3 154.6 151.4 148.7 147.8 144.5 139.3 134.6 131.4 129.1 126.9 123.9 120.3 119 118.7 116.3 115.2 115.3 115.7 119.2 120.6 121.2 121.8 122.8 124.2 127.2
161 157.5 166.4 174.6 180 180.1 162.9 159.7 169.2 180.3 186.8 190.2 192.7 196.1 207.7 214.1 215.6 216.7 216.7 216.7 217 215.9 214.4 212.9 211.9 209.6 207 207.9 207.7 206.6 204.9 202.8 201.4 199.1 196.5 194 192.3 190.6 189.5 188.5 186.5 184.3 182.5 179.9 178 176.4 174.9 171.2 167.7 164.9 162 159.8 156.5 151.5 149.5 147.6 145.3 142.9 136.2 129.1 127.9 126 124 121 122.3 119.6 116.3 113.1 115.1 115.2 115.2 117.2 120.6 121.1 122 122.6 124.2 128.6
158 154 161.3 168.2 173.3 178.5 174.2 159.4 161.2 172.8 179.5 184.8 187.4 190.4 199.3 207.5 211.2 211.6 212.2 211.4 211.5 211.4 211 210.1 208.1 205.9 203.8 203.2 202.2 200.2 198.4 196.5 195.1 192.7 190.3 188.6 187.9 185.8 185.7 184.7 181 179.1 176.3 175.4 173.4 171.6 169.5 166.4 162.9 159.1 156.5 154.6 151.7 149.2 146.9 144.9 142.6 134 132.3 133.1 129.3 128.4 127.1 125.6 124.2 122.6 121.1 112.8 115 115 115 115 121 122.2 122.4 122.6 124.3 129.7
161.2 152.4 155.5 161.7 168 172.9 175 162.7 157.3 165.5 175 180.8 183.3 184.9 191.2 200 205.6 207.3 207.4 206.7 205.6 205.2 204.8 204.3 204.1 202.7 197.5 196 198.1 195.8 194.3 192 189.4 187.2 185.1 183.6 182.9 181 180.2 177.7 173.1 168.9 165.2 164.6 165.5 160.9 162.3 159.7 157.6 154.4 151.3 148.2 147.4 146.2 144 142.3 137.5 135.5 142.4 135.6 133.5 131.1 128.1 126.8 125.3 123.5 121.9 113.9 114.8 114.8 114.8 114.7 115.1 121.7 121.7 122.7 127 131
156.2 153 150.8 152 160.8 167.5 170.2 161.6 153.9 161.1 169.8 178.1 180.1 181.1 183.2 191.5 199.2 203.2 203.5 202.8 201.6 200.6 199 198.2 197.4 196.6 195.9 191 189.3 191.4 189.4 187.2 185.3 182.9 180.8 179.4 177.8 175.5 175.5 178.7 174.4 176.2 173.7 170.2 167.9 164.4 161.6 159.3 157.1 157.2 154.5 152.7 151.4 149.6 148 145.4 143.6 142.5 141 139.5 139.6 135.4 130.5 127.9 126.5 125 124.2 117.8 114.1 114.5 114.4 114.3 114.3 116.4 120.3 123.5 127.9 132
153.2 152 148.8 148.9 155.1 161.1 164.9 160.8 151.8 158.5 167.9 174.9 178 178.8 179.7 183.9 191.6 197.4 199.6 200 199 198.4 197.1 196.1 194.1 192.3 190.1 189.4 187.9 186.8 185.7 183.6 181 180.4 180 178.5 176.5 180 181.1 181.1 179.4 176.5 173.5 170.8 168.3 165.4 162.8 160.7 160.2 159.2 157.4 155.3 153.5 151.9 150 147.4 145.4 143.3 143.1 143.1 140.1 135.6 132.5 129.8 128.1 127.4 126.7 124.5 113.8 114 113.9 114 113.9 113.9 119.5 124.2 127.8 133.5
150.7 149.7 147.4 145.9 151.9 156.6 159.4 158.8 149.6 154.5 165 170.8 176.1 177.8 178.8 180.2 185.1 192 195.6 197.1 196.5 196 195.8 195.6 194.8 194 192.1 189.8 189.3 186.1 183.8 182.4 180.8 179.7 178.9 178.1 178.7 180.9 181.7 180.9 178 174.6 172.1 169 166.6 164.2 161.7 160.9 161 160.5 160 158.2 155.4 154.3 152.6 149.5 147.7 145.8 144.7 144.3 142.6 138.5 135.2 132 131.1 129.1 127.6 126.1 124.1 113.1 113.9 113 113.4 114 119.5 126 129 135.1
148.6 148.6 147.3 145.2 143.2 150.9 155.2 157.7 147.3 153.2 162 168.4 173.5 176 178.1 178.4 180 185.8 192.2 197.1 195.8 195 194 193.7 194.9 196.8 196.8 195.2 192.8 189.6 185.8 183.1 181.9 180.9 179.3 179.2 179.3 180.5 181.2 181 178.7 176.2 173.3 170.8 168.2 164.6 161.9 160.7 160.9 160.3 160.1 158.9 156.8 155 152.7 151.4 149.4 146.2 146 144.8 142.5 139.1 136.2 133.4 130.3 128.1 127.5 126.6 124.8 124.5 116.7 113 112.6 113.4 122.6 126.9 131.8 136.7
148.3 148.1 149.4 148.6 143.4 143.1 147.3 146.4 139.7 149.2 160.9 168.8 173.5 175.9 177.7 178.5 177.4 178.4 184 188.6 191.5 193.2 193.4 192 191.2 191.8 193.2 194 193.7 192.5 189.3 186.7 184.5 185.2 184.6 184.2 183.4 184 184.4 183.8 181.7 179.4 176.4 173.2 168.9 165.5 162 160 158.9 158 157.1 155.6 154.5 154.4 153.2 150.6 148.9 148.7 147 144.5 141.4 137.9 134.6 131.8 128.1 125.4 124.8 124.2 123 122.8 120.9 115.5 112.7 115.2 125 128.1 132.5 138.1
150.1 147.8 146.8 149.4 148.9 143.5 138.6 137 137.7 145.4 159.3 167.7 173 177.3 180.5 183.1 182.5 179.7 178.4 179.4 180.8 184 187.1 190.9 192.2 191 191.1 188 186.3 185.8 185.1 182 183 180.6 180.8 180.9 181.2 182.8 183.6 183.9 181.8 179.1 176.1 173.4 169.6 166.1 163 161 159.3 157.8 156 155.3 153.3 152.2 151 152.2 150.2 148.6 146 143 139.7 136.5 133.3 129.5 126.7 123.9 122.4 121.7 119.3 117 114.8 113.3 111.8 122.4 127.6 129.8 132.9 140.6
152.5 150 147.4 147.3 147 145.3 138.4 135.5 136.2 144 160.2 169 173.4 177.9 182.9 185.6 185.5 183.5 181.6 178 176.3 178.3 181.1 185.6 189.2 189.8 190.1 188.9 188.2 186.2 184.1 181.6 180.8 177.9 175.1 174.5 176.4 177.7 178.8 178.2 176.7 174.3 173 171.1 168.8 167 164.2 161.5 158.7 156.2 154.7 154.1 153.1 152.7 151.8 151.1 149.4 146.5 143.8 140.7 137.1 133.8 130.2 124.3 121 116.7 113.6 112.6 112.9 113.4 112.2 111.3 120.6 126.4 127.5 129.2 133.1 138
151.2 149.9 148 145.8 143.4 144.9 136.1 133.3 139.2 142.7 160.8 171.7 177.7 177.9 180.6 183.9 185.9 184.8 183.4 180.4 176.5 175.4 175.4 179 182.4 185.6 185.6 186.3 187 185.9 183.9 181.2 179 177 173.8 171.9 173.7 173 172.6 172 169.7 168.2 168.2 166.4 162.8 160.7 159.7 157.4 157.1 155.5 154.2 153.2 151.9 150.6 149.4 147.5 146.1 144 141.8 138.8 135 129.5 124.9 120.4 114.6 112.3 112.1 112.4 112.6 111.9 111.3 113.6 123.3 120.5 122.1 126.5 130.6 135.5
150.5 149.1 147.3 145.3 143.6 140.2 135.8 140 148.6 156.3 163.2 173.5 177.5 177.2 178.2 179.8 182 184.3 183.8 181.3 178.3 175 173.4 172.5 173.9 176.7 178.1 180 183 183.8 182.3 180.1 177.6 175.6 172.6 170.9 171 168.8 168.7 169.4 170.2 169.7 167.2 165.8 164.8 162.6 160.5 159.2 158 156.4 154.1 152.2 151 148.8 146.4 145.4 143 141.4 139.3 136.1 132.4 125.5 119.3 115.2 112.1 112 111.9 112.1 112.2 110.2 117.5 117.4 116.1 123.6 122.7 119.4 127.5 135.1
147.9 147.4 145.3 143.2 141.3 135.5 134.1 141.8 148.4 153.9 162.9 169.1 174 176.1 176.1 178.8 178.8 180 181.9 180.4 177.7 175.1 173.7 174.2 172 170.3 171.6 173.8 176.6 179.4 178.4 177.4 175.6 174.3 173.2 171.9 171.8 172.9 173.2 173.4 173.6 171.6 169.5 166 162.8 161.8 160.1 159.4 158.6 157.1 154.9 152.4 150.1 147.5 145.1 143.4 141.9 139.5 136 132.7 129.5 122.4 114.8 111.4 111.5 111.6 111.6 111.7 110.2 113.4 124.3 125.4 126.6 128.1 129 122.4 122.9 130.3
143.8 143.8 143.6 141.7 136.4 132.5 131.2 139.6 147.5 155.1 157.9 162.9 169.1 173.1 174.1 186.5 185.9 178.2 178.8 178.6 176.3 174 172.9 172.7 172.5 174.2 173 169.7 169.8 171.7 170.3 172.1 174.7 174.8 174.6 175.9 177.1 177.5 176.6 175.3 173.2 167.6 165.3 162.6 160.1 159.3 160.1 159.5 158.6 157.6 156 153.9 151.4 148.6 145.3 143.1 141.1 139.3 136.9 133.6 122.5 115.6 109.8 110.1 110.3 110.4 110.4 110.1 115.8 123.3 125.6 126.6 128.5 131.2 132.5 133.7 134.1 132.8
137.3 135.7 136.2 137.2 131.1 129.3 128.3 139.3 145.9 151.9 156.1 162.1 168 168.9 170.9 182.9 182.7 179.3 177.2 177.2 176.5 175.4 174.4 174.7 176.5 174.4 173 171.8 168.6 163.2 161.6 167 171.5 174.3 177.2 179.9 181.3 181.3 180.1 177 171 165.2 160.9 158.8 157.3 156.7 159.6 160.8 159.9 159.5 158.3 155.6 152.9 150.2 147.6 146 144.2 141.3 138.6 128.8 114.1 110 111.8 112.4 114 114.7 116.1 117.8 125.9 125.7 126.5 128.1 130.2 132.9 135.6 136.5 137.2 136.6
136.5 136.8 135.9 131.1 128.3 128.7 133.6 138.6 144.7 150 153.3 158.4 164.8 168.9 172.6 175.6 177.6 178.4 179.3 181.1 180.2 180.2 180.1 178.9 178.2 176.7 174.7 172 169.9 167.4 160.8 160.2 165.4 173 179 181.9 183.8 183 179.5 174.2 167.9 162.4 157.7 155 154.5 155.5 159 161.3 161.6 160.8 160 158.5 156.2 153.5 151.3 149.5 147.3 143.7 131.2 119.5 109 111.5 111.5 113 118 126.4 127.4 128.7 128.7 128.5 128.8 130.8 133.3 135.9 137.5 138.8 138.1 137.2
131.3 131.5 132.1 127.6 124.8 124.7 131.9 137.1 141.7 148.4 153.1 152.1 159.6 164.6 168.4 172.9 177.2 180.4 182 182.6 183.3 184.9 184.9 183.6 181.6 178.9 176.6 174.1 171.8 168.5 165.7 159.9 161.7 169.7 173.3 175 176.5 177.4 175.9 171.5 166.9 161.7 156.9 154.3 153.2 153.7 157.6 160.3 161.2 161.9 161.7 161.1 158.9 155.8 153.4 150.3 146.7 141.3 126.4 114.5 110.6 111.3 111.7 114.4 122 129.3 130.8 130.9 131.7 131.4 131.7 133.8 136.7 138 139.2 139.3 139.3 138.3
127 127.2 127.9 123 121.8 124.3 132.8 137.2 139.8 144.2 151 153.3 156.3 163.3 165 167.9 171.5 174.3 177.8 180.7 182.3 183.5 183.8 183.9 183.3 182.1 179.6 176.8 173.4 169.5 166.3 160.8 159.7 164.9 168.4 170.5 170.9 170.1 168.7 167.3 164.9 160 156.6 154.2 152.9 152.7 154.3 157.2 159.1 160 160.8 159.5 158.1 155.2 153.3 150.1 147.5 144.4 128.3 116.7 109.4 111.3 111.8 114.5 125 132.6 133.6 133.6 134.2 134.6 134.6 136.4 138 139.2 140 141.4 141.8 141.1
123.6 122.7 121.8 119.4 122.6 130.1 135.4 139.8 141.2 141.8 146.4 151.2 152.5 159.7 162.6 164.8 166.5 168.3 170.9 173.7 178.7 181.2 181.2 180.4 179.7 178.9 177.6 175.9 173.4 169.7 165.3 162.3 161.1 159.2 162.9 164.7 164.7 164 162.7 159.9 159.1 158.9 156.3 154.2 152.9 152.3 154.2 155.3 156.9 158.5 160.2 159.1 157.7 156.2 154 151.6 148.7 145 132.5 119.7 109.5 110.2 111 114.4 125.9 135.8 136.2 136.4 136.5 136.6 137.5 138.4 139.6 142 143.6 144.6 145.9 147.8
122.7 122.2 118.1 118.1 122.6 129.6 134.8 139.2 141.4 139.9 143.2 146.4 147.6 153.3 156.3 160.8 163.8 164.3 166.1 168.1 172 176.7 177.6 177.6 177.4 175.8 174.9 172.6 169.8 166.8 162.9 160.3 159.6 158.9 157.4 158.3 159.4 158.2 155.5 153.4 151.9 152 152.1 151.6 151.3 152.2 154.1 155.5 156.8 157.5 159.1 159.2 158.7 157.4 155.2 152 148.4 144.5 141.2 127.6 110.4 109.9 111.2 113.7 125.9 138 139.3 138.4 137.7 138.3 139.2 140.7 143 147.1 148.4 149.6 153.1 156.4
121.4 120 116.3 117.6 120.5 128.4 133 137.1 140.3 140.2 140.4 144.1 145.8 146.6 148.8 153.9 159.3 160.3 164.9 170.5 173 173.1 171.7 172 171.7 170.9 170.3 168.7 166.7 164.4 161.7 158.4 156.3 155.8 155.1 153.7 153.7 153.3 153.2 151.9 149.7 146.6 144.7 146.2 149.8 151.3 152.6 154.1 155.4 156.8 158 158.7 158.4 156.4 154.2 151.9 148.4 145.1 141.8 131.7 116.8 108.8 109.8 114.3 129.8 140.7 139.5 139.5 140.7 141.2 142.2 144.2 147.7 151.1 151.9 156.1 161.5 162.5
118.6 116.6 114.4 116.4 119.5 128.7 129.9 133.6 136.6 138.8 136.5 141.9 144.8 146 142.8 145 150.5 155.5 160 163.2 169.3 175.4 175.5 172.3 170.4 168.1 164.5 162.4 159.5 158.1 156.9 154.7 152.3 151.6 151.1 150.5 149.9 150 150.3 150 148.8 147.5 145.7 144 145.3 149 151 152.1 153.2 154.6 155.5 156.7 156.1 154.9 152.8 150.2 148 144.8 142.2 133.8 122 108.1 110.3 119.2 133.1 141.3 142.5 141.9 143.1 144.1 146.1 148.6 151.4 155.1 157.5 162.6 167.3 165.2
116.4 112.8 115.3 115.5 117.1 124.3 126.5 130.5 133.5 136.3 135.1 137.6 142.5 143.5 144.4 139.7 141.4 148.5 154.4 158.1 161.9 168.7 174.4 175.4 172.5 168.2 164.6 160.6 156.6 153.2 150.9 149.4 148.3 147.3 147.3 147.4 147 146.8 147.2 147.5 147.2 146.8 147.4 145.6 143.4 144.1 148.4 148.9 148.2 147.9 148.7 150 150 149.3 149.8 147.7 146.2 144 139.2 130.1 121.3 108.1 110.1 125.8 138 145.6 145 144.6 145.7 147.9 151.3 154.9 157.4 161.1 164.9 169.1 172.6 169.2
113.9 113.9 114.8 118.1 118.9 120.5 121.1 125.8 129.7 132 132.9 132.4 137.3 140 140.8 141.3 137.5 141.6 148.8 152.8 156.7 161.7 166.4 171.4 173.5 170.5 166.6 161.3 156.1 152.1 148.9 146.7 145.6 144.6 144.4 144.4 144.2 144 144.2 144.4 144.2 144.2 144.7 144.4 142.9 141.5 142.8 141.6 139.7 138 137.7 139.9 143.5 144.5 144.9 144 142.6 137.3 131.5 123.7 112.1 107.4 119.3 132.5 144.2 149 146.7 145.3 149.2 152.7 156.5 159.6 162.2 166.4 171.4 176.4 176.3 171.1
112.5 113.9 114.6 121.6 118.5 118.9 119.2 119.4 123.1 126.9 129.1 129.5 131.9 134.5 136.3 137.1 136.9 133.7 141.8 146.5 150.4 155.3 160.8 165.5 170.3 169.8 166.8 162.4 157.1 153.8 150.4 148.3 146.1 144.8 143.8 143.6 143.2 143.1 143 143.5 144 143.5 143.2 142.7 143.2 142.7 141.8 142 146.1 146.7 145.2 139.3 127.4 138.1 139.3 138.6 134.6 129 120.4 112.1 107.7 115.6 128.9 138.7 146.9 148.1 146.3 149.5 153.5 156.6 160.5 164.6 168.7 173.6 179.1 180.2 176.8 171.4
112.1 112.9 115.8 117.2 117.2 117.1 117.2 118 119.5 121.5 122.9 127.1 128.8 130.2 131 131.9 132.5 131.4 133.5 141.2 145.6 150.6 156.2 161.3 165.6 165.6 163 160.4 156.6 153.7 151 148.9 147.4 145.3 145.1 144.5 144.1 143.1 143.1 143.7 144.3 143.7 143.6 144.1 144.8 144.1 144.8 145.7 145.9 145.8 144.3 142.7 137.8 122.4 131.5 132.4 126.9 117.8 109.7 106.7 116 125.4 135.6 144.5 147.7 146.6 146.9 152.4 155.9 160.1 164 168.6 174.7 179.9 185.7 182.1 177.5 171.5
110.2 111.5 114.2 116.2 116.8 116.6 116.2 115.4 116.2 116.2 118.3 120.6 121 123.5 124.1 126.2 127.2 128.2 128.1 136.7 141 146.1 151.8 156.7 160.8 161.5 161.5 158.6 155.3 152.1 149.6 147.9 147.7 148.5 148.2 146.9 146.1 144.8 144.2 143.1 144.2 144.1 143.7 143.4 143.3 142.9 144.3 146.7 146.4 144.9 143.6 142.1 139.2 133.2 120.1 118 114.9 108.3 107.2 116.9 125.3 134.4 140.5 147.2 145.3 147.6 149.5 154.7 158 162.6 168 174.8 180.1 186.8 187.4 183.7 178.7 173.5
110.6 111.2 114.4 115.1 115.5 115.5 115.4 115.1 114.9 114.3 114.1 113.3 113.4 114.8 114.9 118 121.7 124.4 123.7 128.6 133.9 137.2 144.6 148.9 153.4 157.8 162.5 164.3 161.4 158.5 155.3 152.8 150.3 151.3 151 149.3 147.5 145.5 143.6 142.2 141.4 141.7 141.1 140.5 142.2 144.4 146.2 147.8 147.1 145.4 143.2 141.5 138.8 137.1 123.8 112.9 106.9 108.5 116 123.7 130.8 140.1 144 144.3 146.1 150.4 154.1 159 160.7 166.7 173.5 178.9 183.4 190.1 187.4 183.2 178.7 174.7
113.5 114.3 114.3 114.4 114.8 114.9 114.6 114.2 113.9 113.7 114.2 113 112.8 112.8 112.3 112.5 113.7 118.9 121.3 124.5 126.6 131.1 135.5 141.8 146.4 151.2 156.2 160.5 163.3 165.3 164.1 161.7 158.7 156 153.8 150.7 147.1 144.9 141.7 140.4 139 138 139 139.2 142.7 145.5 147.6 147.8 146.6 145.1 143.2 140.5 138.2 128.6 115.2 106.1 108.5 110.9 119.3 126.2 135 145.2 143.6 147.1 154.9 160 161.4 163.9 166 171.2 178.3 182.1 187.7 189.4 186.4 182.4 178.1 174.4
113.9 114.2 113.9 113.8 114.1 114.1 113.7 113.5 113.6 113.4 113.8 113.2 112.8 112.5 111.6 111.4 112.9 115.2 117.2 121.2 123 125.8 130.4 136.5 141.4 145.3 150.3 153.3 154.8 158.9 164.5 164.5 161.5 158.2 154.8 150.9 147.1 143 139.6 139.1 137.4 134.2 136.2 137.5 141.1 145.7 146.9 146 144.9 143.2 141.3 138.9 135.3 121.1 108.7 107.4 109.8 110.4 122.4 130.2 138 144.6 146 153.8 161.2 162.2 165 166.5 169.9 174.6 182.1 186.9 188 187.9 184.8 181.5 177.3 174.1
