ny/ny48_OST50GRID_20230518/NY48.asc
ncols 200
nrows 200
xllcorner 340000
yllcorner 580000
cellsize 50
[rows 35 to 69 of 200, columns 78 to 155 of 200]
379.4 375.9 374.2 372.3 370.4 368.6 368.8 370 369.9 369.7 370 370.4 370.5 368.6 366.3 363 357.9 352.8 349.1 345.2 341.9 340 339.7 340.8 341.9 342.2 342.5 337.2 323.2 310.4 300 290 284.3 280.6 278.5 275.6 272.2 269 266.6 265 263.7 261.2 257.6 254.3 252.8 250.7 245 243.2 241.1 238 235 230.3 226.3 223.6 223.6 224.4 222.7 219.7 219.5 218.1 217.4 218.7 217.8 217.7 216.1 212.7 208.9 204.3 198 193.2 186.4 180.5 175.5 168 162.1 153.8 148.4 145.4
378.1 375.9 374.2 372.1 369.5 369.2 371.5 371.6 371.3 371 371.3 370.6 369.6 367.9 365.1 360.4 354.7 350.4 346.5 342.6 338.4 336.7 336 338.8 341 341.5 342 336.5 323.1 310.5 299.8 289.3 283.8 281 278.4 275.4 272.1 268.4 266.1 265.2 261.9 259.3 256.2 254.2 251.3 248.9 244.3 241.6 239.9 237.4 233.5 229.3 226.3 226.9 227.7 228.3 227.1 225.5 224.3 222.1 222 222.8 222.3 219.7 217.1 214 209.7 204.9 198.3 194 188 181.7 174.9 169.7 161.3 154.5 149 146.3
377.4 375.1 373.3 371.9 370.4 371.4 372.8 373 372.7 372 371.8 370.8 368.3 366.5 362.6 358 351.8 347.2 343.2 339.2 335.1 333.7 333 336.9 339 340.4 341.4 334.4 320 308 298.1 288.7 283.7 280.7 277.3 273.3 270.2 267.7 264.8 263.5 260 257.3 254.7 253 249.9 247.1 243.3 241.2 239.2 236.3 232.9 229.5 228.6 230.2 233.1 233.3 232.3 230 227.7 224.9 225.1 226.5 225.7 223.3 219.3 216 212 206.8 200.1 193.4 187.7 182.9 178.4 171.2 163.7 156.1 151.4 148.2
377.5 375 373.8 371.5 372.5 372.6 374.3 374.3 373.7 373.1 371.6 369.7 366.6 363.9 360.1 355.3 349.4 343.8 340 335.1 332 330.8 330.8 333.5 335.7 338.7 339.7 331.8 317.2 305.4 296.5 287.9 283.8 281 277.5 273.5 270 265.8 263.3 262.2 259.1 256 253.9 251.4 248 245.5 242.9 241 239.2 236 232.4 232 232.3 235.4 238.6 238 236.5 233.8 231.1 228.3 229.4 229.6 228.8 226 221.1 216.8 213.5 208.2 202 196.2 190.5 186.5 181.7 172.5 165 160.5 155.1 150.2
376.8 376.6 375.2 374.4 375 375.6 375.5 375.1 374.6 372.8 371.4 369.1 365.1 360.9 356.6 350.6 345.5 340.1 335 330.9 328.5 327.6 328 330.9 334.3 336.2 335.4 329 315.6 303.8 295.6 288.9 282.9 279.8 276.7 272.7 269 265.1 261.4 260.1 258.7 255.9 252.8 250.4 246.9 244.5 242.7 241.2 238.9 235.6 235.5 236.9 242.1 244.1 245.1 242.7 240.1 237.2 235.1 231.8 233.5 234.4 235 229.3 221.6 218.2 214.1 208.9 202.9 197.4 193.5 189.3 183 176.3 169.5 163.6 157.1 151.9
377.9 377.9 377.3 376.9 376.9 376.9 377.1 376.7 375.2 373.3 370.5 366.7 362.2 357.4 351.6 345.7 341 335.4 330.4 326.3 325 323.9 325.9 329.5 332.5 333.1 331.2 326.8 315.5 303.8 294.3 287.7 281.3 277.9 275.2 272.7 269 266.3 263 258.6 259.1 256.4 253 249.5 246.9 244.2 242.4 241 238.7 236.7 239 244.9 252.8 256.4 251.9 246.6 243.1 240.6 237 237.4 238.9 240.5 237.6 232.2 221.4 217.7 214.9 209.2 204.8 200.1 196.3 191.1 185.9 179.1 172.2 165.4 159 153.6
379.7 379.4 379.2 378.9 378.4 378.4 378.5 377.1 375.1 372.2 368.8 364.6 360.2 354.1 347.7 342.3 337.5 331 325.3 322.4 321.4 321.9 324.3 327.4 329.4 328.7 326.6 321.9 314.3 302.8 293.7 287.5 280.3 276.6 275.1 272.7 268.6 265.7 264 257.9 258.6 256.3 252.7 249.3 246.2 243.7 241.9 240.3 238.5 238.1 241.2 246.5 254.9 259.4 255.8 248.6 245.5 243.2 239.6 241.8 243.5 244.5 241.4 236.9 229.9 219 215.1 211.3 207.9 203.6 198.6 193.4 186.7 179.7 172.4 165.6 159.8 155.1
380.5 380.5 380.1 380.3 379.9 380.5 380.3 378.3 375.2 371 366.5 362.1 357.9 352.5 345.6 339.9 333.5 326.6 320.7 318.5 317.3 319.3 322.8 325.1 324.7 323.1 320.8 315.7 309.1 301.1 292.4 285.5 278.9 275.5 274.5 270.7 267.9 264.6 263.1 260.1 256.3 256 251.6 249.1 246.3 242.8 241.2 239.6 239.4 240.1 243.1 248.4 256.5 259.2 256.6 250.1 248 245.5 243 245.4 247.2 247.6 244.2 239.4 232.4 225.4 218.9 214.1 208.9 204.2 199.5 194.8 188.2 180.8 173 165.8 160.7 155.3
380.8 380.9 381 381.5 382.1 382.3 381.1 378.6 374.8 369.8 365.3 361.2 356.2 350.5 343.7 338.1 330.7 323 318.2 315.3 313.9 318 320.5 321 319.3 317.2 314.4 309.6 303.5 296.6 289.9 282.7 278 274.5 272.9 269.2 266.6 263.5 261.6 259.7 254.5 255.6 250.8 248 245.3 242.1 241.1 241.3 241.3 242.3 245.2 250.3 255.7 257.9 254.3 249.7 249.3 247.9 247 249 250.4 250 246.1 241.1 234.4 227.7 221.4 214.7 209.9 206.3 201.6 196 189.5 181.4 173.2 165 158.4 153.5
381 381.1 381.4 382.7 383.4 383 381.3 377.4 373.1 368.2 363.6 359.4 354.6 348.1 341.9 335 326.7 320 316.1 313.2 311.3 315.6 317.7 316.2 313.3 310.5 308.1 303.5 297.9 292.6 286.8 280.6 276.5 273.1 271.3 268.6 265.4 262.8 261 256.7 253.1 253.5 250.4 248.1 245.9 241.9 241.9 242.7 242.8 243.5 246.7 251 254.8 255.1 251.8 251.1 250.6 250.1 250 252.1 252.5 251.6 248.3 243.1 236.6 229.8 222.8 215.8 210.6 207.3 202.5 196.8 190.4 182.9 173.1 164.1 157.4 153.3
380.8 381.3 381.9 382.9 383.2 381.5 377.9 375 371.3 367.1 363 358.1 352.7 346.3 340 332.2 323.8 317.2 314 310.6 309.9 314 313.9 310.5 307.6 304.6 301.6 297.4 293.2 288.6 282.4 277.9 275.1 272.7 270.4 267.5 264.3 261.9 259.9 258 254.6 251.4 248.9 246.9 245.7 240.5 241.9 244.2 244.4 245.2 247.7 251.5 253.7 252.9 251.9 252.2 251.8 251.5 253.1 254.2 253.9 253.4 250.7 245.3 238.7 231.4 224 217 211 207.3 202.5 196.3 190 182.6 172 160.6 154.5 151.6
379.9 380.6 382 381.8 380.9 378.5 374.7 371.8 368.8 364.9 361 356.4 350.8 344.9 337.5 328.6 320 315 311.2 306.2 308.6 311.2 309.8 306.1 301.9 299 296.1 292.4 288.4 284.8 278.6 276.4 274.1 272.1 270.3 267.1 263.8 261.1 258.8 256.9 254.5 249.3 248.4 244.6 242.3 239.5 242.9 245.6 246.2 245.4 248 251.3 252.6 251.9 252.5 252.1 252 253.1 255.7 255.5 255.9 255.6 252.9 247.5 240.4 231.5 223.9 216.7 210.4 207 202.2 195.4 189.1 182.3 173.3 162.5 152.2 147.8
378.7 379.9 380.4 377.7 376.3 373.7 371.1 368.1 365.6 362.4 358.2 353.6 348.5 343.2 334.7 325.3 317.1 312 307.8 303.7 308.1 308.8 305.9 301.4 296.9 293.4 290.6 287.2 284.2 280.8 276.7 275.1 272.8 271 269.9 266.4 262.8 260.1 257.3 255.7 252.8 244.9 248.4 246.3 239.7 239 244.4 245.4 245.8 245.4 248.2 250.7 250.8 250.9 252.2 252.2 252.8 254.9 257.5 257.7 258.3 257.6 253.7 247.5 239.2 230.5 222.2 215.1 209.3 205.1 200.9 195.7 189.9 183.6 173.4 162.2 151.5 144.7
376.8 377.9 375.7 372.8 371.9 368.7 366.2 364.5 362.3 359.5 355.1 350.2 345.4 339.5 331.6 322.8 314.1 309 304 303.1 306 305.4 302.2 297.6 292.4 287.9 284.9 283.3 280.7 277.1 275.1 274.2 272 269.8 268.2 265.2 261.7 258.6 255.8 253.5 250.3 244.5 246.8 244.8 238.1 240.7 245.5 245.4 244.9 244.7 247.3 249.5 249.5 250.3 251.4 252.3 253.6 256.2 258.6 259.3 259 256.5 252.1 245.5 236.9 228.3 220 213.3 208.1 204.2 200 195.1 189.3 181.7 170.9 161.8 150.5 145.9
373.8 373 370.5 367.8 366.4 363.9 361.9 360 358.6 356.1 351.5 346.6 341.9 335.7 328 319.2 311.5 306.7 302.1 301.7 303.8 301.5 298.3 294.2 288.4 283.5 281.1 279.6 277.3 274.7 274 273.4 271.3 268.1 266 262.9 260.5 257.2 254.3 251.7 248.8 241.4 244.9 241.4 237.4 244.1 244.5 243.8 243.6 243.9 246.3 247.9 248.6 250.4 251.8 253 254.4 257.3 259 259.2 257.1 254.3 249 242.3 233.9 225.4 218.4 211.6 206.6 203.2 199.2 192.6 185.3 179.7 170.8 160.2 150.9 145.4
369 368.9 366.7 363.4 362.1 359.8 358 355.7 354 351.9 347.9 343.2 337.5 331.4 324.5 315.7 308.5 302.9 298.4 300.6 300.1 297.3 294.3 289.7 284.1 280.1 278.2 276.9 274.9 273.2 272.7 272.5 269.7 265.7 263.5 260.6 258 255.5 252.4 251.2 247.2 241.1 243.7 241.1 236.3 242.8 243.1 241.9 241.6 242.7 244.6 246.2 248.3 250.5 252.3 253.5 255 257.6 258.4 257.5 254.7 250.9 245.1 238.5 230.7 223.6 216.6 210.3 204.3 202.5 197.4 189.2 183.3 177.4 169.9 160.5 153.2 145.7
364.9 364.6 362.2 360.4 360 357.8 355.1 352.7 350.2 347.4 344.1 338.8 333.1 326.9 319.3 311.8 305.6 300.4 296.2 298.1 296.4 293.7 290.7 285.7 281 278.2 276.8 275.5 273.1 271.4 271.9 271.6 269.2 264.3 261.2 258.9 256.2 253.8 250.8 248.8 244.7 238.4 241.9 242.2 235.3 240.7 241.2 239.4 239.5 241 243.9 246.6 248.8 250.8 252.8 253.7 255.5 257.1 256.9 255.3 251.5 247.6 241.9 235.3 228.6 221.9 215.2 209.7 204.2 200 195.7 187.8 181.5 175.2 167.7 159.5 153.4 145.3
360.5 359.4 358.6 358.3 356.8 354.4 351.6 348.7 345.6 342.5 338.6 334.1 328.7 322.3 315.3 308.6 302.6 298.3 293.4 294.8 292.5 290 287.2 282.9 279.3 277.4 275.8 273.9 271.4 269.6 271.3 270.6 268.5 264.3 259 256.9 254.6 252.3 250.5 246.2 241.6 236.7 240.7 241 232.5 237.9 238.9 236.8 238 241 243.9 246.3 248.5 250.7 252.5 254.6 256.2 256.1 254.9 252.5 249.4 245.2 239.3 232.9 226.4 219.8 213.7 208.6 202.9 196.4 192.8 185.6 179.4 172.8 164.3 157.8 152.4 144.4
354.8 355.4 355.1 354.4 353.4 350.5 347.3 343.8 340.2 337.1 333 328.5 324.2 317.4 310.7 304.3 299.5 296.6 291.7 289.5 288.6 286.2 284.3 281.1 278.8 276.9 275.2 273.1 269.8 268.6 270.3 269.7 267.5 263.6 259.2 255.6 253.3 251.2 248.3 244.8 238.3 235.9 239.6 238.6 229.4 235.1 236.1 232 237.6 240.6 243.4 245.9 248.2 250.5 252.8 255.3 255.9 255.1 253.5 250.8 247.2 242.4 236.7 229.7 222.9 217.2 211.5 205.3 199.1 191.9 188.8 182.1 175.9 169.6 161.1 156 150.6 144.1
351.5 352.2 351.2 349.8 348.4 346.2 342.8 339.3 334.9 331.7 327.9 323.9 319.2 313.2 307.2 301.1 296.5 293.9 291.2 286.3 284.2 282.7 281.4 279.6 277.5 276.1 274.5 272.9 268.6 268.2 269.5 268.4 266.3 262.9 259 254.3 252.1 249.7 245.7 243.1 237.9 235.1 238.4 237.8 228.9 228.8 232.9 233.1 237.1 240.2 242.8 245.1 247.9 250.2 253.5 255.5 255.4 254 251.8 248.8 243.8 239.9 233.4 226.2 220.5 215.2 209.2 201.6 195.1 188.5 181.6 180 173.7 168.2 160.6 154.8 148.7 142.2
348.5 349.1 348.8 346.6 343.8 342.2 339.2 335.3 331.1 327.4 323.5 319.5 314.7 308.7 303.6 297.9 294.1 291.6 289.2 286.2 283.3 280.3 276.9 276.7 276.4 275.2 273.8 272.2 267.5 267.2 268.3 266.7 264.5 261.8 257.9 252.9 250.4 247.2 243 240.5 237 232 236.7 236.7 232.6 222.8 227.1 232.6 236.3 238.6 241.4 244.5 247.5 250.6 254.1 255.5 253.9 252 249.9 246.5 242.8 235.5 229.4 223.5 216.7 212.4 206.1 199.2 191.2 186.1 179.6 174.3 168.7 165.6 158.8 153.3 148.2 140.9
345.2 346.2 346.1 344.3 342 338.5 335.5 332.4 328.6 324.1 319.9 314.9 310.1 304.3 299.3 294.7 292.3 289.7 287.2 284.3 281.7 280.1 278 274.8 271.6 271.8 272.7 271.2 265.9 266.3 266 264.8 262.2 259.5 256.1 252.2 248.1 244.8 239.6 237.4 235.3 230.1 235 235.3 233.8 222.3 226.5 231.4 234.5 238.4 241.5 244.3 247.2 251.6 254.7 254.8 252.5 250.3 247.8 244.4 241.2 236.4 230 224.2 217.7 211 205 199.4 192.9 187.7 182.7 175.9 168.8 163.7 154 150.6 146.9 139.3
341.7 343.2 343.1 341.9 339.9 336.8 333.5 330.3 327 322.5 318 312.6 306 300.3 295.8 292 290.1 287.7 285.4 282.5 279.9 277.7 276.1 274.1 271.9 265.5 269.3 268.9 262.3 264.7 264.4 262.4 260 257.5 253.5 250.2 246.4 241.7 236.3 234 232 228.8 233.3 233.5 232.2 223.3 224.5 230.7 235.3 238.3 241 243.9 246.8 252.4 254.3 253.3 251.1 248.8 246.2 243.3 240.3 236 230.2 224.6 217.8 211 205.2 199 193 186.2 181.2 174.2 167.5 161.4 153.5 149.6 145.3 137.7
339.5 339.9 340.5 339.2 337.5 334.3 331.3 328.2 325.4 320.9 316.2 310.7 305.1 298.9 293.6 289.1 286.9 285.4 283.6 280.9 278.3 275.7 273.5 271.7 270.3 267.7 265 266 259.3 263.3 262.1 260 257.7 254.8 251.7 248.4 244.8 238.7 233.1 230 227.4 229 231.3 231 229.7 221.4 224.8 231.1 234.9 237.6 240.1 243 247.2 252.2 253 251.9 250 247.3 245.8 243.1 239.6 235.1 230.8 225.2 218.2 210.8 204.4 198.3 192.6 185.6 180.3 173.2 165.9 157.8 153 149.3 146 138.1
336.9 337.4 337.2 336.3 334.5 331.3 328.3 325.6 323.5 318.7 313.3 307.9 302.4 297.2 292.9 287.7 283.1 281.7 281 279.2 276.8 274.1 271.3 269.1 268.3 266.6 262 263.8 257.6 261.2 259.8 257.5 255.3 252 249.9 246.2 242.2 236.8 231.3 225.7 222.7 227.9 229.3 228.7 226.1 216.6 226.3 231.1 234.4 236.9 239.3 242.2 247.1 250.1 250.4 249.7 247 246.6 245.2 242.7 238.8 235.1 231.2 226.2 218.7 211.1 203.7 198.1 192.5 184.7 180.5 173.6 164.4 157.8 152.3 148.1 143 135
334 334.7 334.8 333.4 331.1 329.1 326.7 323.4 319 315.3 310.5 305.1 299.7 295.7 292.3 288.6 283.9 279.8 276.3 276.4 274.7 272.4 269.1 265.5 264.5 263.1 255 260.1 256.1 259.1 257.2 255 252.8 249.3 247.1 243.9 239.7 235.1 229.6 223.4 218.9 224.5 227.2 226.2 220.3 218.7 226.4 230.6 233.8 236.2 238.8 241.7 245.8 247.7 247.5 246.6 245.3 244.9 243.7 241.7 238.1 235 231 226.3 219.2 210.9 203 198 192.5 185 176.7 170.2 162.7 156.2 151.9 147.7 140.6 129.6
331.4 332.4 331.8 330.6 328.9 327.1 324.4 321.1 315.9 311.5 307.4 302.2 297.4 293.4 289.8 286.2 282.3 278.8 276.9 272.9 270.6 269.3 267.2 263.9 261.4 260.7 254.4 254.3 255.7 256.5 254.5 252.4 250.2 246.8 244.6 241 237.7 233.2 227.2 220.7 216.3 222.9 224.5 222 211.2 220 226.8 230.1 233.2 235.7 238.7 241.4 244.3 244.9 244.6 243.9 243.1 243 241.9 240 237.3 233.5 229.8 224.2 217.2 209.1 201.9 197.3 190.8 183.4 175.1 166.4 161.2 156.1 151.9 147.6 140.5 131.2
328.6 329.7 329.9 328.6 326.7 324.2 321.1 318.2 313.1 308 303.3 299.1 294.6 291.1 287.4 284.3 279.6 276.8 275.3 272.8 269.7 264.9 263 261.5 258 257 255.3 247 254.7 253.8 251.7 249.6 247.6 244.9 242 239 235.6 231.5 225.9 219 214.8 219.5 221.1 216.8 211.5 221.2 226.2 229.4 232.3 235.6 238.5 241.5 243.7 243.3 242.5 241.4 240.6 240.4 239 237 235 232 227.2 221.1 212.8 205.1 199.3 194.1 187.7 180.4 173.5 164.7 158.8 154.5 150.6 146 138.2 128.9
325.7 326.7 327.4 326 323.3 320.9 318.2 313.4 308.8 304.1 299.6 295.6 292.2 288.9 285.8 282.7 278.2 273.7 272.5 270.7 268.2 264.2 260.6 258.8 257.4 253.6 253.3 241.9 252.4 251.1 248.9 246.8 244.6 243 239.4 236.8 233.2 229.3 223.4 215.6 212.1 216.5 216.9 209.9 214.3 221 223 227.8 232.3 236 239.4 241.5 242.7 241.9 241.1 239.8 238.4 237.2 235.7 234 231.6 228.2 223 215.1 206.6 199.9 194.9 190 184.1 177.3 170.3 161.3 155.1 152.5 148.8 143.8 135.9 126.3
322.7 323.8 323.8 322 320.2 318 313.5 309.3 304.9 300.3 296.2 292.5 289.6 286.5 283.3 279.9 276 271.4 269.3 268 266 263.2 259 256.2 254.5 252 248.6 240.1 249.7 248.4 246.4 244.6 242.6 241 237.4 234.5 230.4 226.7 220.9 212.3 211.6 212.5 210.4 203.9 213 217.1 223.4 230 235.7 239.3 241.2 242.4 241.9 240.7 239.7 238.2 236.5 234.2 232.7 230.5 227.7 223 216.6 209.1 201.2 195.1 190.3 185 179.5 173.4 164.3 160 154 149.7 146.2 140.9 134.1 123.9
320.4 320.6 319.5 318.6 316.7 313.1 309.2 305 301.1 297 293 289.7 286.9 283.8 280.4 277 273.4 269.6 266.3 265.2 263.5 260.2 256.8 253 251.3 249.2 245.3 243.1 247.1 245.7 244.3 242.9 240.5 238.6 235.5 232.1 227.4 223.3 216.1 207.6 207.8 206.2 202.8 206.4 211.8 218.7 227.5 238.1 244.1 245.4 245.3 244.2 242.9 240.9 239.7 236.3 233 230.7 228.4 226.6 223.4 217.7 210.5 204 196.7 190.3 185.5 180.5 174.9 169.2 161.2 157.4 152.5 147.2 142.7 137 131.4 121.1
317.2 316.8 315.7 315.6 312.1 308.7 304.6 300.9 297.5 293.8 290.1 287 283.9 280.8 277.5 274.3 271.2 268.7 264.9 262.2 260.3 257.2 253.8 251.7 249.1 246.7 238.3 242.5 243.9 242.5 241.1 240.2 237.4 235 232.7 230.9 224.8 220.6 212.2 206.1 205.6 202.9 202.5 207 214.3 225.4 238.4 248.6 253.4 253.9 250.9 248.9 246.4 243.2 240 236.3 231.3 224.8 219.8 221.7 217.9 212.1 205.5 199 191 184.8 180.6 176.1 170.7 165.1 158.2 154.3 150.2 146 141.2 135.2 127.2 118.9
313.4 312.6 311.3 310.3 307.5 304.1 300.7 297.1 294 290.8 287.4 284.7 282.4 279.1 275.4 271.8 268.7 266.4 263.7 259.4 256.4 253.2 250.8 249 246.3 243.7 235 237.5 240.5 239.3 238.4 237.5 234.4 232.5 230.8 228.7 222.4 216.3 208 206.7 204.1 201 203.3 210.5 222.2 238.5 249.6 257.7 261.5 260 256.5 252.9 249.5 244.7 240.2 234.1 226.9 220.1 211.9 213 212 206.9 201.7 195.2 185 179.6 175.4 171.1 166.3 160.3 155.8 151.9 148.2 143.9 139.2 133.7 127.4 117.9
310.1 308.7 306.6 305.1 302.5 300 297.1 294 291 287.5 284 282.1 280.2 277.2 273.4 270.2 267 264.4 261.1 256.4 251.6 248 247.3 246.2 242 241 236.3 230.6 237 236 235.1 234 230.8 228.9 227.7 224.6 219.6 213 203.4 203.1 201.1 200.5 207.9 217.4 233.9 246.6 254.7 264.7 267.6 264.9 260.8 255.8 251.1 245.4 238.7 230.1 224.4 218.5 210.8 199.8 204.9 201.8 196.5 190 179.6 174.4 170 166.5 162.2 155.6 152.1 149.4 145.4 140.3 135.3 130.8 124.5 116.2
306.7 305 302.1 300.2 299 296.2 292.5 289.2 286.6 283.9 281.1 279 277.6 275.1 271.6 268.9 266 263.5 259.7 253.4 248.4 244.9 244.5 243.4 240.9 235.8 235.6 222.5 233.2 232.5 231.6 230.2 227.2 226 225.4 220.4 217.6 210 199.5 200.2 197.7 203.8 213.9 224.9 238.8 248.6 259.4 270.8 271 267.4 262.5 256.8 251.2 245.7 239.4 232.8 228.8 222.6 215.4 206 193.8 195.9 190.8 184 174.4 168.9 164.7 162 158 151.4 149.6 146.3 141.7 136.5 131.5 127.5 121.2 112.2
