ny/ny48_OST50GRID_20230518/NY48.asc
ncols 200
nrows 200
xllcorner 340000
yllcorner 580000
cellsize 50
[rows 70 to 104 of 200, columns 78 to 155 of 200]
302 300.6 297.7 295.3 292.9 290.8 288 285.8 283.9 282.1 279.2 276.3 274.6 273 270 267.1 264.2 261.4 256.8 251.9 246.8 242.3 240.1 240.3 238.7 236.4 231.7 218.3 229.3 229.1 228.5 225.6 224.2 222.2 221.4 217 213.1 205.7 196.2 196.3 198.9 211.3 221.3 229.5 241.9 252.8 267.3 274.6 272.6 267.7 262 256.2 251 245.4 240.1 235.1 229.2 222.9 216.3 207.8 197.1 185.5 184.7 179.4 171 164.4 160.5 157.4 153.8 148.9 146.6 142.5 136.8 132.6 128.5 124.3 118.5 108.4
297.4 296.3 293.7 291.7 289.9 287.6 285.2 282.7 280.9 279.1 277.4 274.5 271.4 270 267.8 265.2 262.3 258.9 254.8 249.9 245.2 241.3 238.8 235.8 235.6 233.8 230.4 211.6 225.6 225.9 224.7 221 218.5 220 218 212.7 208.9 200.8 191.1 195.2 204.7 215.8 226.2 237.3 252.8 264.3 273.2 278.5 274.3 267.9 261.2 255.7 250.1 245.4 240 234.3 227.6 222 215 206.1 195.5 188.8 180.4 173 167 161.3 155.4 153.2 150.2 146.7 142.5 138.5 132.7 128.8 125.2 120.6 114.4 103.7
293.2 292.6 290.7 288.9 287.3 285 282.7 280.6 278.1 276 274.4 272.7 269.2 266.7 265.2 262.7 260 256.3 252.3 247.9 243.3 239.6 236.7 234.5 230.6 230.7 227.9 213.7 221.7 222.1 220.6 216.3 216.9 216.6 213.4 209.8 204.1 195.2 189.2 198.9 209 221.5 235.2 247.9 259.3 265.4 275.5 279.2 273 266 259.9 254.2 248.9 243.7 238.3 231.9 225.5 220.4 212.5 202.3 192.6 186.3 179.7 171.7 164.5 156.2 152 146.4 147.2 144.1 139 133.3 128.8 123.3 120.5 118.1 110.2 100.9
288.5 289.2 287.3 285.8 284.5 282.7 280.8 278.6 276.1 273.5 271.2 269.8 267.3 263.7 261.4 259.1 257 253.8 249.6 245.2 241.4 238.2 235.5 232.8 225.2 225.8 225.5 213 219.2 219.5 217.5 213.1 213.7 211.4 209.4 206 199.3 187.9 194 203.5 215 227.8 239.9 252.8 257.9 268.2 278.7 275.4 269.5 263.4 257.8 251.9 246.4 241.7 236 229.6 223.1 217.4 208.7 198.4 190.4 183.7 177.3 171 164.1 158.1 152.5 147.3 137.2 139.5 136.6 132.6 126.6 121 114.6 114.6 107.9 98.7
283.8 284.6 284.3 283.9 282.5 280.7 278.9 276.6 274 271.5 268.9 266.5 264.9 262.4 257.9 255.9 254.6 251 247.4 243.3 239.5 236.5 234.1 231.4 228.6 224.7 217.4 209.2 212.9 214.1 213.6 208 209.7 206.6 206.2 202 193.2 189.4 198.6 210.1 221.1 234.5 243.3 252.2 258.5 272.6 275.1 270.5 265.3 260.2 255.3 249.2 243.6 238.2 232.5 226.5 219.8 213.3 204 195 188.3 182 174.8 168.4 162 156.7 150.3 144.5 140.3 133.7 134.5 131.8 126.1 120.3 114.4 107.5 99.9 97.3
279.6 280.5 281 281.7 280.6 278.8 276.7 274.7 272.1 269.4 266.7 264.2 261.7 259.9 255.3 253.3 251.7 248.1 244.9 241.5 237.7 234.9 232.3 229.8 227.1 224.9 220.3 204.7 197.5 203.1 208.8 204.9 205.1 203.4 201.6 195.5 186.8 191.7 203.8 215.5 226.7 238.2 247 254.7 262.6 270.7 269.6 265.6 261.2 256.3 250.6 244.5 238.6 233.5 228.1 222.4 216.7 210.4 199.9 192.8 186.8 180.2 171.8 165.7 160.4 155 148.7 143.7 135.1 127.8 132 130.3 124.5 118.7 112.6 107.2 98.7 97
275 276.3 276.8 278.7 278.3 276.2 274.2 272.6 270.4 267.7 264.8 262.5 260 257.3 253.7 250.2 248 244.7 241.9 238.6 235.8 233.1 230.3 227.7 225.7 223.4 220.2 215.7 198.7 197.3 204.5 201.6 199.7 200.8 196.4 185.3 185.3 198.8 209.3 219.8 230.7 238.7 247.2 256.7 263 265.5 264.6 261.1 257 251.4 245.8 239.6 233.6 228.3 223.1 217.5 212.2 205.4 197.2 191.4 185.7 178.2 170.1 163.9 159.2 153.6 148.4 143.3 139.1 133.9 122.2 125.7 122.2 116.7 110.4 99.4 96.9 96.5
270.2 272.3 272.8 273.3 274.5 273.1 271 269.1 268.2 265.6 261.7 260.6 257.8 254.7 251 248.4 245.1 242.2 238.8 235.4 233.7 231.2 228.4 225.7 224 221.5 218.1 213.6 205.1 192.2 196.4 194 199.1 196.8 191.4 179.7 191.6 202.7 213 223.1 231.3 238.9 246.9 254.1 258.9 260 258.8 256.5 251.2 244.8 239.5 234 228.5 223.4 218.1 212.6 206.9 200.8 194.4 189.3 183.3 175.5 167.5 161.9 157.4 152.4 147.5 143.1 139.2 134.3 127.7 118.2 117.4 113.4 106.2 98.1 96.9 95.9
264.4 267.2 268.3 267.4 266.2 267.7 267 265.3 263.5 262.3 259.6 256.6 255.2 252.1 248.9 246.3 242.9 238.3 235.4 233.2 231.5 228.5 226 224 222 219.3 215.7 211 207.9 202.6 183.3 195.9 195.7 192.6 184.6 181.6 194.9 205.4 215.3 224.6 231.3 238.1 244.6 250.4 254 253.6 252.2 250.1 244.3 238.3 233.1 227.6 223.2 218.1 212.2 207 201.3 196.4 191.3 186.7 180.6 172.4 165.3 160.2 155.7 151.2 146.9 142.4 138.3 134.4 128.3 121.9 115.1 104.9 100 96.9 96 95.2
255.3 259.4 261.1 262.9 262 259.9 260.7 261.1 259.8 257.9 256.6 253.4 251.2 249.5 246.7 243.9 240.2 237.9 233.6 229.4 227.9 223.6 222.6 221.6 219.8 217.2 213.1 207.9 205.2 200.9 179.3 194.4 192.2 186.4 176.3 186.9 197.7 208 217.4 224.7 230.6 236.8 242.2 246.3 248.2 246.9 244.9 242.7 236.9 232.4 226.7 222 217.6 212 205.8 200.8 196 191.4 187.7 183.9 177.3 169.2 163.1 158.5 154.2 150.1 146.5 141.8 137.3 132.7 126.7 120.3 114.2 104.1 98.3 95.7 95 94.3
243.2 248.8 253.5 255.3 256.8 253.1 253.3 255.3 255.4 253.3 251.7 250.3 247.4 245.6 244.2 241.6 239.2 235.9 231.8 228.1 222.4 220.2 219.9 219.6 217.2 213.5 209.2 205.1 201.8 197.3 183.2 190.4 188.2 179.9 178.3 189.5 199.4 209.8 218 224.3 229.4 234.4 238.7 241.1 241.6 240.1 238 235.2 230.7 226 220.9 215.7 211 205.9 200.5 195.3 190.8 187.1 184.1 179.9 173.5 166.8 161.1 156.6 152.8 149.1 145.4 140.6 135.8 130.9 124.5 117.6 110.5 100.6 95 94.9 94.3 93.8
236.4 239.4 243.7 247.1 249.7 250.2 246.7 249.5 250.2 249 247.2 245.8 243.6 241.8 241.1 239.3 237.5 235.8 232.2 227.4 223.1 215.5 216.8 216.6 214.5 209.5 204.7 201.1 196.2 190.6 180.5 177.7 184.7 176.2 180.1 191 201.2 210.6 217.4 223.3 227.8 231.7 234.1 235.8 235.6 233.6 231.3 228.4 224.4 220.1 215.1 209.8 205 200.1 195.1 190.5 185.2 182.8 180 175.7 170.7 164.2 159.2 154.8 151.1 147.8 143.7 138.7 133.2 127.7 121.5 114.7 106.1 97.9 94.8 94.3 93.7 93.2
224.7 230.4 233.6 236.6 241 243.7 244.2 241.9 244.2 244 242.5 241.1 239.9 238.2 237.3 236.9 235.8 234.2 231.2 227.4 223.1 218.8 210.6 211.5 210.6 206.2 201.2 194.7 190.4 185.6 181.6 170.8 176.9 170.6 183.1 192.8 202.9 210.5 216.6 221.7 225.1 228.5 229.9 230.1 229.3 227.3 224.9 221.8 217.9 213.4 209.1 204.4 199.6 194.7 190.1 184.7 180.7 178.5 176 172.1 167.6 162.2 157.4 153.1 149.5 146.1 141.7 136.5 131 124.4 118.6 112.9 101.3 95 94.4 93 93.3 93.1
217 218.2 225.7 231.2 233.3 235.5 238.4 235.8 237.5 239.2 238.4 236.3 236.1 234.8 233.5 233.6 232.9 231.8 229.9 226.3 222.2 218.4 214.5 207.9 201.9 198.3 191.6 187.5 183.7 180.3 176.2 172.5 171.1 171.8 184.8 194.6 203.7 210.2 215.1 219.9 221.9 224.1 225 224.1 223 221.1 219.3 215.6 212.1 208.1 204.8 200.4 195.8 191 186.3 181.3 175.8 174 171.9 168.9 164.6 160.3 155.4 151 147.6 144.2 139.2 134.3 128.5 123.3 119.7 112.7 96.9 94.8 94 93.3 91.3 92.6
224.2 213.6 211.6 223.8 229.1 229.1 230.9 232.9 230.1 233.1 234 231.3 231.6 231.2 229.9 229.5 229.7 229 227.5 225.3 221.5 218 214.4 210.4 206.3 202.2 198.8 198 193.4 183.8 177.1 171.1 164.4 177.1 186 195.2 203.3 209.2 213.7 217.2 218.6 220 219.4 218.3 217.2 215.4 213.6 210.2 206.7 203.1 200 195.6 191.2 186.6 182 177.4 172.4 169.3 167.7 165.7 162.1 158.6 153.4 148.4 144.7 141.4 136.6 131.8 127 123.5 120.1 108.6 95.2 93.9 93.2 92.6 91.7 90.8
230.2 222.3 213.6 213.6 223.1 225.4 226.1 227 224.3 228.1 229.3 227.6 227.3 227.2 226.1 225 225.6 225.3 225 223 220.5 217.5 214.3 210.7 206.9 204 202.2 199.9 194.9 185.4 177.7 169.2 161.8 177.2 186.3 195.1 202.5 207.9 211.6 214.6 215.6 215.3 214 212.9 211.8 209.7 207.7 204.6 201.3 198.3 195.1 190.7 186.4 182 177.4 173.1 168.6 164.6 163.2 161.9 159.4 156.8 151.7 146.4 141.5 139.1 135.5 130.6 126.3 122.8 119.6 106.8 95 93.5 92.1 90.6 89 91.1
233.8 226.3 218.3 206.1 214.8 220.7 223.6 222.2 221 224.7 224.6 223 222.4 222.6 221.5 220.2 221.2 221.6 221.6 220.6 218.8 216.7 214.4 210.9 207.3 205.4 203.2 199.4 194.9 186.3 176.9 169.1 161.5 176.8 185.9 194.2 201.2 206.4 209.6 210.7 211.3 210 208.9 207.9 206.4 204.4 202.5 199.5 196.7 193.7 190.1 186.2 181.6 177.2 172.7 168.7 165 161.2 159.8 158.8 157 154.3 149.4 144.2 137 133.6 132.4 128.7 124.9 122 118.8 106.9 96.3 93 89.5 90.3 90.8 91.1
234.1 226.8 219.7 208.9 203.5 212.8 218.5 216.9 214.4 220.6 220.2 218.8 217.4 217.8 216.7 215.5 216.7 217.3 218.2 218.2 216.7 215.4 213.1 210.6 207.2 205.9 203.8 198.8 194 184.9 175.3 166.3 160.2 172.8 184.7 192.8 200.6 205.1 207.4 208.1 207 205.9 204.8 203.8 202.2 199.9 197.7 194.8 192 188.9 185.1 181.4 177.3 172.7 169 165.5 162 159.2 156.7 156 154.1 151.5 147 142.6 137.6 131.1 128.3 126.2 123.8 121.1 117.4 106.2 98.8 92.9 88 90.2 90.7 91.1
233.9 225.8 218.5 211.5 200.5 206.2 214.1 214.9 213.1 211.8 215.4 213.5 211.6 212.6 211.9 211.8 212.3 213.1 214.3 214.5 214.3 214 211.8 209.3 206.8 205.3 202.4 197.5 192.3 182.6 172.2 158.5 161.7 173.4 183 192.4 200.6 205.9 207.8 206.8 203.8 202.1 200.7 199.6 198.1 195.5 192.9 190.1 187.3 184.1 180.2 176.4 172.7 168.8 165.6 162.3 159 155.9 153.8 153.1 151.8 148.9 145.5 140.9 136.3 132.1 128.1 125.2 122.6 118 117.3 117.1 111.3 95.1 90.1 90.5 90.4 91.2
233.3 225.9 218.7 213.1 205.1 200.8 207.4 210.5 211.1 209.7 205.4 209.1 205.6 206.9 205.7 204.5 207.4 209 210.5 210.8 210.6 210.6 209.7 207 205.1 203.5 199.7 195.4 189.2 178.9 170 154.3 164.2 173.9 180.7 190.7 201.4 207 208.6 206.7 204.2 200 196.7 195.6 193.6 190.9 188 185.4 182.2 179 175.6 172 168.6 165.8 162.8 159.4 155.3 153.2 150.9 149.8 149.9 147.3 143.7 139.5 135 130.8 128.1 126 124.4 122.1 120 117.8 113.7 105.5 87.7 90.1 90.3 91.1
233.7 227.5 219.3 211.4 203.8 190.4 200.2 205.2 206 206.3 204.3 203.5 201.1 201.1 201.3 199.1 202.3 204.3 206.2 207.1 207.2 207.2 206.4 204.4 202.8 200.8 196.5 191.7 184.6 173.3 166.6 155.1 162.6 170.8 179.1 192.5 203.2 207.6 208.3 207.1 203.6 199.9 195.3 191.8 189.3 186.2 183.3 180.4 177.2 174 170.6 168.3 165.8 162.9 160 156.6 152.2 149.4 147.2 147.9 147 143.9 140.3 136.5 132.7 128.8 126.4 125 124 122.5 120.1 117.7 114.2 109.5 95.1 89.1 90.6 90.8
232.1 227.6 221.6 212.7 201 193.6 181.9 198.4 200.6 200.9 200 195.2 195.7 192.8 194.6 189.9 197 199.5 201.4 201 203.1 203.5 202.7 201 199.6 197.2 192.6 186.9 179.3 170.3 163.9 151.5 159.2 170.6 182.4 196.4 203.7 207 207.5 205.6 202.4 198.3 194.3 188.8 185.3 181.4 178.5 175.4 172.3 169.3 167.8 165.4 163 160 156.9 153.4 149.6 146 143.6 146.2 145.5 142.2 138.7 134.5 130.2 124.9 122.2 121.3 120.5 120.3 119.7 116.8 113.2 110.4 102.7 87.9 90.4 90.6
231.5 226 219.5 214.9 207 195.9 178.9 188.3 195.2 194.6 192.8 188.9 188.7 185.7 186.4 187.3 191.4 193.7 195 195.2 197.2 197.8 198.6 197.1 195.7 193.4 187.8 181.7 173.3 166.2 160.2 153 161.7 173.3 187.9 197.3 203.3 205.8 206 204.2 200.7 196.6 192.8 187.2 181.9 178 174.2 170.7 167.3 166.1 165.2 162.8 160.2 157.5 154.7 152.3 147.4 143.6 141 143.3 143.3 139.6 135.5 131.7 126.8 124.2 120.9 119.3 118.6 118.9 118.6 115.9 113 110.6 105.8 95.2 86.8 90.3
231.5 226.1 221 215.4 208.1 199 182.9 180.5 190 189.1 185.8 185.8 183.1 175.7 179.1 181.8 184.9 186.9 187.9 188.9 190.6 192.3 193.3 192.4 191.8 189.1 183.6 176.3 167.9 161.1 152.5 153.5 165.6 178.7 191.9 198 202.6 204.7 204.6 202.7 198.9 194.9 191 185.7 179.7 174.6 168.9 167.2 162.9 160.1 161.4 159.8 157.4 155.5 152.7 149.9 146 141.3 138.1 139.9 140.1 137.4 133.3 129.5 127.4 125.3 122.1 118.8 117.1 117 116.7 114.7 112.2 110 108.2 102.2 86.4 89.8
231.8 226.1 220.9 212.5 202 194.9 185.8 173.4 182 182.8 176 178.4 175.1 171.1 170.4 173.6 178.3 180.6 180.7 182.9 185.7 187.1 189.1 188.9 187.6 184.8 179 171.5 164.4 159.5 149.7 158 172.2 184.7 193.2 198.2 201.9 203.2 203 200.9 197 192.9 188.9 184.2 178.5 173.7 170.3 166.8 162.9 156 157.4 156.1 154.7 152.7 149.7 146.2 142.6 138.7 135.1 136.5 136.7 135 131.1 128.9 128.1 125.9 123 119.4 116.4 114.9 114.6 113.2 111.2 109.4 108.2 104.6 91.5 89.8
231.8 225.7 220.4 214.6 207.2 197.8 189.9 174.6 169.9 168.9 170.6 166.3 163.8 161.3 160.7 165.2 171.2 173.5 173.2 177.6 180.7 181.9 182.8 183.8 181.7 180.2 173.7 166.9 158.5 151.5 146.3 160.4 174.8 186.5 193.7 198 200.9 201.5 201.6 198.7 194.8 191 186.8 182.4 178 173.3 169.2 164.8 160.7 155.7 153.1 152.7 151.7 149.8 146.3 142.5 138.9 135.4 132.1 133.2 134 131.6 129.7 128.6 128.2 126.1 123.1 119.9 116.2 112.2 112.3 110.5 109.7 108.4 106.9 104.1 94.1 86.2
232.8 227.1 221.7 214.3 208.9 201.2 194.4 184.1 171.9 170 164.3 166.2 171.1 165.2 156.4 154.8 158 162.1 166.4 172.6 175.8 177 178.1 179.1 177.6 175.2 168.7 162 152 145.6 151.2 166.2 177 187.1 193.5 197.3 200 200.5 200.3 196.6 192.1 188.6 184.6 180.5 177 173.3 168.8 163.9 158.7 153.1 148.8 149.3 148.4 146.7 142.7 139.1 136.2 133.3 130.1 130.9 131.5 129.7 128.3 128.5 128 125.8 123.4 120.6 116.7 113.2 110.6 107.4 107.2 106.6 105.3 102.8 95.2 86.2
232.3 227.1 221.8 216.5 210.7 203.7 200.2 192 186.3 172.4 176.3 178.4 177.7 173.8 168.3 160.1 152.1 152 156.7 158.8 167.5 172.4 173.5 174.6 173 169.7 165.1 159.1 149 144.9 161.5 168.5 177.9 186.5 192.9 197.2 199.1 200 199.1 194.7 189.5 186.4 182.6 178.6 175.1 171.5 167.5 162.7 157.7 152.2 147.4 145 142.5 142.7 139.2 136.4 134 131.4 128.5 127.6 128.9 128.6 127.6 127.8 127.4 125.5 123.4 121.3 118.4 115.4 113.8 111 107.5 103.6 97.1 99.1 94.2 89.4
231.3 226.5 221.8 217.2 212.7 207.7 203.3 193.2 190.1 183.4 189.9 188.3 186.5 182.9 178.8 173.7 162.9 154.3 148.3 150.5 154.6 164.5 167.6 169.9 168.8 165.2 160.9 155.8 141.6 149.4 162 168.4 177.3 185.9 192.2 196.2 197.6 197.6 196.1 191.5 186.9 183.9 180.6 176.7 173.2 169.4 165.4 161.3 156.6 152.1 147.8 142.7 142.2 135.3 135 133.2 131.6 129.1 126.9 125.1 125.7 127.1 126.5 127.6 126.3 124.7 123.5 122.3 119.9 117.1 114.7 112.1 108.9 105.5 103 96.8 91.4 89.3
230.2 225.9 221.2 216.7 212.5 208.7 204 200.3 199.4 196.3 198.6 195.9 191.6 188.6 185.8 180.7 174.3 164.1 152.9 146.1 147.3 153.6 160.9 163.9 164.8 161.1 156.5 147.4 139.1 157.2 161.5 167.2 176 183.8 189.1 192.5 193.4 193.2 191.1 187 184.2 181.3 177.9 174.7 171.1 167 163 159.1 155.2 151 148 144.4 141.5 137.8 133.8 132.2 130.2 128.2 126.8 124.4 122.6 124.6 125.7 126.9 125.5 124.2 123.1 122.4 120.8 117.7 115.1 112.4 109.7 106.1 100.3 93.4 91.1 89.2
228.6 224.4 220.3 215.9 212 208.4 205.3 202.8 196 201.5 199.9 197.2 193 190.7 188 183.4 178.5 172.4 162.2 153.7 145.9 145.5 150.8 157.6 159.5 156.4 150.4 139.8 143.6 157 160.1 165.7 173.5 180.8 185.4 188.3 188.3 187.9 186.5 183.9 181.2 178.5 174.8 172.2 168.8 164.6 160.8 157.1 153.4 150.5 147.4 144.8 139.8 136.5 133.2 131.4 130.8 126.9 126 124.1 120.5 123.7 124.5 125.4 124.6 123.7 123.3 122.8 121.2 118.4 115.7 113.1 110.2 106.4 99.5 92.6 89.9 89.1
227 222.9 218.8 215 211.6 208 205.7 203.2 203.5 202.3 200.1 197.5 193.8 191 188.4 184.2 180.1 176.6 167.8 160.8 153.6 149.2 145.1 147.6 150.6 152.6 144.5 137.6 145.5 155.2 157.9 162.8 170.6 177.6 181.9 184 184.2 184 182.3 180 177.4 174.8 172.7 170.1 166.5 162.8 159.2 155.7 152.6 149.7 145.8 142.2 138.8 137.1 133.6 132.1 130 128.9 127 125.4 123.4 121.2 123.4 124 123.3 123.2 123.4 123 120.9 118.2 116.2 113.6 110.4 105.7 96.9 90.3 88.8 88.8
224.9 221.6 217.5 213.9 210.9 208.2 206.8 204.8 204.1 202.1 199.7 197.1 193.9 191.1 188 183.7 180 176.7 174.9 170.1 166.8 160.9 152.9 144.2 140.7 143 139.3 135.6 148.7 153.5 155.4 160 167.5 174.3 178.5 180.3 180.5 180.1 178.3 176.3 173.9 172 170.8 167.9 164.6 161.4 158.3 155.2 152.4 150.1 147.7 144.6 141.4 138.8 136.2 133.6 131.6 131 129 126.2 123.6 118.6 122.6 123 122.1 122.4 122.7 122.6 120.5 117.8 116 113.9 110.8 104.5 93.2 88.4 88.5 88.5
222.4 218.9 215.8 213 210.2 208.2 206.9 205.4 203.7 201.3 198.6 195.8 192.7 189.7 186.5 183 179.6 176.9 174.9 172.9 170.6 166.9 162.6 161.4 158.9 153.7 145.3 132.8 135.3 147.9 152.7 157.1 163.5 171.2 174.7 176.9 177.3 177.1 175.4 173.7 172.2 170.9 169.2 165.9 163.3 160.6 157.7 155.3 152.8 150.7 147.9 145.1 142.1 139.5 136.9 134.4 133 132.4 129.7 126.6 123.7 118.1 120.6 121.8 120.3 121.7 122 121.9 120 117.5 115.7 113.7 111.2 98.4 88.7 88.7 88.5 88.4
221.5 217.8 213.7 212 209.8 207.8 206.3 204.7 202.5 199.8 197.2 194.3 191.4 188.2 184.9 181.8 178.8 176.7 174.9 173 171.6 169.4 167.6 162.5 159.3 154.5 144.9 135.6 131.5 141.8 149.9 154.4 160.2 168.2 171.9 173.4 174.3 174.3 173.1 171.7 170.5 169.4 167.3 164.7 162.3 159.8 157.4 155.1 153 150.6 147.9 145.2 142.6 140 137.5 135.9 134.7 132.3 128.7 125.4 122.7 121.4 112.9 118.8 118.1 119.9 121.1 120.8 118.7 116.3 114.9 113.4 110.5 93.6 87.9 88.5 88.5 88.3
