ny/ny48_OST50GRID_20230518/NY48.asc
ncols 200
nrows 200
xllcorner 340000
yllcorner 580000
cellsize 50
[rows 0 to 34 of 200, columns 0 to 77 of 200]
340.4 336.1 330.9 325.2 319.6 314.4 309.3 304.2 300.6 296.5 290 285.6 287.5 287.2 286.2 283.9 282 279.7 278 275.5 272.2 267.8 263.9 259.3 253 246.7 239.4 228.3 225.8 228.8 234.4 231.5 234.8 241.6 246.5 250.5 260 262 265.4 265.8 269.4 270.7 274.1 273.6 268.4 281.1 286.9 291.3 293.9 296.7 300.4 302.1 307.8 314.3 317.8 322.7 324.5 324.5 325.5 341.9 350.8 368.8 398 421.7 440.3 451.8 452.3 452.7 455.2 456 469.7 475.4 476.7 474.7 472.1 470 467.9 465.5
334.6 331.3 326.6 321.5 316.8 312.9 309.1 305.3 301.1 297.7 292.3 283.5 283 284.7 283.9 281 279 278.2 277.6 276.6 274.3 270.7 266.1 262 255.7 248 240.1 225.6 224.8 233.7 243.3 249.9 252 254.3 256.5 257.3 264.6 270.5 273.5 275.8 277.3 278.6 279.3 279.1 277.4 282.2 288 288.6 297.2 300.1 304.5 307.9 312.2 318.6 324.2 327.4 335.2 341.6 345.7 348.9 363.3 379.2 407.7 430.8 450.8 462 470.5 477.2 477.6 471.5 476.1 477.2 477 474.6 471.7 470.1 468 465.7
328.6 326 321.8 317.4 313.4 311.5 309.2 305.9 302.6 297.7 292.6 287.5 279.8 281.1 281.6 278.8 276.5 276.5 277.1 277.3 276.1 272.3 268.1 263.8 257.7 249.4 242.5 225.8 225.2 238.4 249.6 256.3 259.6 263.7 263.9 264 267.3 272.8 275.7 278 279.8 281.2 282.8 284.6 285.7 287 288 294.9 297 301.9 307.2 312.2 316.7 321.9 328.1 334.4 340.8 350.8 357.9 358.6 372.3 387.2 409.7 432 451.1 463.6 472.8 478.4 478.6 478.4 478.4 477.9 477.7 475.8 473.6 471.9 468.9 466
322.7 320.1 316.6 312.7 310.7 310.2 308.8 306.7 303.2 298.1 292.9 287.5 281.3 278.8 280.9 278.2 274.1 276.5 279 278.9 276.4 272.3 268.3 264 258.1 250.7 243.7 228.9 224.4 244.9 255.1 260.5 264.9 269 272.8 271.4 273 276.3 278.6 280.3 282.4 285.1 286.7 289.6 291.6 292.7 290.1 295.6 301.5 305.5 307.1 313.9 320.3 326.4 333 341 349.1 358.7 368.1 375.8 378.9 393.6 412.3 432 451.1 465.7 474.1 478.5 479.3 479.4 480.1 479.2 478.4 476.6 474.1 472.2 470 465.4
315 313.1 310.2 307.2 307.9 307.9 307.5 305.3 302.5 297.9 292.1 286.8 280.7 277.8 280 276.4 272.5 276.9 278.6 278.8 275.8 271.8 267.8 263.5 258 251.6 246.7 229.1 223.7 250 258.2 262.8 267.4 272.1 277.7 279.8 280.1 281.7 283.9 285.2 287.7 289 290.5 293.5 295.7 297.4 295.9 297.9 301.9 304.9 313.3 318 320.2 326.5 336.5 348.3 358.6 369.6 378.6 388.4 396.4 402.5 414.1 432.5 448.4 463.5 473.2 479 480.2 481.6 481.9 480.8 479.2 477.3 474.6 472 468.7 465
307.7 305.8 304.2 303 304.9 305.1 304.5 302.4 299.8 296.6 291 285.5 278.4 277.1 280.1 277 271.2 274.5 277 276.8 274.7 271.2 267.3 262.7 256.1 251.4 245.5 226 235.2 252 260 264.7 269 274.2 280.4 283 284.9 286.6 287.1 288.1 290.1 291.6 293.5 296.1 298.3 299.9 300.5 300.2 306.3 311.6 314.2 321.3 327.1 332.3 342.9 352.6 366.5 379.5 389.2 398.4 406.1 416.9 424.9 434.8 442 460.2 472.3 479.6 482.5 483.9 483.8 482.4 480.8 478.1 475.3 472 468.6 464.6
300.9 300.8 299.5 299.6 301.6 301.4 300.7 298.7 296.9 294.4 290 284.5 277.3 269.1 278.2 274.9 268.8 271 274.7 275.7 273.8 270.5 266.9 261.1 254.2 248.1 233.9 219.7 240.8 253.1 261 265.4 269.6 274.7 279.5 281.8 284 286 287 288 289.6 292.6 295.3 298.1 301.2 303.3 305.1 306.2 307.7 314.4 316.7 325.3 332.7 339.6 352.5 362.7 375 386.5 394.8 404.8 417.9 430.8 440.2 446.8 455.1 464.7 474.6 480.6 483.6 486 484.8 483.8 481.6 478.5 475 471.6 468 464.3
294.4 295.6 295.2 295.7 297.4 297.8 297.3 296 294.3 292.3 288.5 283.9 277.1 264.9 275 271 266.8 269.1 272.2 274.7 273.8 270.7 265.8 258.2 250.4 240.8 226.5 224.8 244 253.6 260 264.1 268.4 273.7 277.4 279.9 281.5 282.1 282.2 282.8 286.3 289.2 293.1 297.4 301.6 305.2 308.4 311.8 313.4 315.4 321.9 324.3 335.8 348.9 360.3 369.3 380.4 390.4 401.7 417.5 435.1 447.2 455.7 461.9 468.5 474 479.6 484.4 486.5 486.6 484.7 483.6 481.3 478.2 474.3 470.4 465.4 462.1
289 290.5 290.6 291.2 293 295 294.4 293.7 291.9 289.9 286.7 282.4 276.6 263.6 270.1 267.2 264.9 268.7 274.1 276.1 275.2 272.4 265.3 255.9 247 238 222.9 227.5 243.6 251.8 257.8 262.2 266.7 270.8 273.5 274.8 272.7 269.1 272 280 280.6 288.2 292.2 292.1 297 304.3 310.5 315.3 318.5 319 323.8 334.9 343.5 352.3 364.5 370.3 385.2 398 414.2 435.9 450.1 459.8 469.3 475.4 479.9 484.1 486.8 487.9 487.6 485.9 483.7 481.8 479.4 475.8 472 468 464.5 461.7
281.3 285.3 285.6 287.1 289 291 292.3 291.6 289.7 287.2 284 280.2 274.3 261.6 264.2 262.2 261.4 270.6 276.4 278.7 278 274.6 267.7 256.5 245.9 234.8 219 229.4 240.1 248.9 252.5 258 262.1 266.1 264.3 255.9 268.9 276.2 282.7 285.3 287.1 290.9 294 300.1 303.6 305.8 307.4 317.1 323 326 331.5 341 352.2 361.8 373.6 382.8 394.1 408.7 428.4 448.7 459.9 469.7 477.7 482 486.1 489.1 490.5 489.8 487.5 485.1 483 479.6 476.1 472.9 469.8 466.8 463.7 460.6
273.8 279.1 278.6 281.7 285.6 287.7 289.2 288.6 287.4 285.4 282.4 278.5 273.3 263.5 257.7 255.7 266.6 273.7 278.1 279.3 278.3 273.6 267.2 257.6 245.5 230.5 216.3 224.1 237.7 233.2 237.8 246 249.8 248.9 262.3 273.3 277.6 281.3 288.4 293 291.8 295.4 300.9 304.4 309.8 314.7 320.8 315.3 321.1 330.2 342 350.5 353.3 368.3 379.7 391.5 406.6 424.5 441.4 458.4 468.4 476.4 482.2 484.7 488.1 490.9 490.5 489.2 486.6 483.9 480.1 476.8 473 469.7 467.1 464 462.1 459.7
283.1 272.8 273.9 278.8 281.9 284.5 286 286.1 285.6 283.4 280.9 276.6 271.1 264 250.6 259.8 267.5 271.4 276.8 276.7 275 270.9 265.5 255.8 247.8 233.7 218.1 222.9 236.2 250.3 254.4 254.9 255.4 260.8 272 282 288 288.5 292.8 297.2 295 302.5 305.9 311.8 316 324.2 333.2 333.2 332.4 335.9 345.3 357.6 364.9 370.5 386.3 404.4 423.7 438.9 454.6 466.3 473.4 479.3 483.8 486.4 490 490.5 489.7 487.5 484.2 480.9 476.5 473.8 471.4 468.2 464.8 463.4 459.4 457.3
282.1 275 267.7 275.4 278 281.6 283.2 284.1 284.1 282.5 279.5 274.7 268.3 261.2 246.7 261.3 267.6 271.2 273.4 273 269.8 265.1 258.3 250.2 244.3 233.6 216.6 226.4 246.2 256.6 260.6 262 263.8 267.9 273.7 284.5 292.5 294.5 297.6 303.8 302 306.3 316.8 321.1 330.1 341.2 343.5 342.7 344.8 344 353.2 365.5 375.7 387.2 403.5 419.7 439 452.6 465 472.4 477 481 484.4 487.1 488.8 489 487.6 484.9 481.9 477.2 472.9 472.1 470.3 467.2 464.4 462.9 458.7 454.6
280.3 273.6 265.3 270.9 276.6 279.2 281.1 282.4 283 281.4 278.1 272.8 265.7 258.5 241.9 260.3 266.5 268.9 269.4 268 264.1 257.5 251 245.1 237.2 228 218.5 230.7 249.2 258.2 263.3 267.2 271.2 276.2 282.8 286.3 296.9 304.6 307.3 310.9 312.5 313.7 324.8 333.2 349 351.6 353.1 352.2 356.2 362.5 364.2 375.7 390.6 404 424.1 443.3 451.1 462.2 472.2 477.5 479.7 483.7 485.9 486.3 486.7 486.7 485.3 482.8 478.3 472.2 471.2 470.4 468.2 465.9 463.9 461.6 456.9 452.8
276 270.7 261.3 269.8 274.4 277.3 280.2 281.9 282.1 280.1 276.8 271.8 264.1 255.2 244.6 258.9 264 265.6 265.5 262.6 257.9 251.7 245.6 239.9 232 222.1 214.7 234.7 245.9 253.4 263.4 270.4 276.3 281.9 289.6 295.5 304.7 311.9 318.9 323.6 325.5 325.9 336 348.1 360.4 359.1 357.5 360.9 365.9 374.4 384.2 388.3 407.5 427.7 444.3 453 460.3 468.3 475.2 478.4 481.2 483.9 484.8 485.3 484.9 484.8 483.1 480.3 473.3 470.4 469.5 468.9 466.5 464.5 461.9 458.6 455.6 452.7
273.1 268.5 260.6 267.8 272.1 275.9 279.3 281.1 281.3 279 276 270.8 263.6 255 241.7 256.8 260.8 262 261 256.6 252.2 246.2 240.2 234.3 226.4 213.2 219.9 230.4 242.3 254.7 267.2 274.1 280.4 287.8 296.1 305.2 313.2 320.7 329.8 334.2 337 342.4 352.6 362.9 364.7 362.7 366.6 372.6 380.7 388.6 402.6 406.5 422.9 445.8 452.8 459.8 466.7 472.6 476.5 479.3 481.2 482.6 483.5 483.2 483.1 482.2 479.8 475.8 471.3 470.2 468.7 467 465.4 462.9 460.9 457.6 454.4 451.4
271.7 265.8 257.7 266.1 270.5 274.3 278.5 280.4 280.4 278.6 274.9 269.8 263.4 254.2 234 253.2 257.2 258.1 255.5 251 245.3 239.4 234.1 228.2 216.4 219.9 229.2 237.3 245.4 256.9 268.1 278.6 287.7 297 306.7 314.7 322.9 330.2 337 341.1 348.8 357.2 367.7 367.5 368.1 377.3 383.7 394.3 396.5 412.7 423 431 441.4 451.4 458.7 464.3 470.5 475.1 475.6 479 480.4 481.1 480.6 479.8 479.8 479 476.2 472.6 470.4 469.7 468.1 465.7 463.6 460.9 459.6 457 453.7 450.5
269.4 261.9 255.7 264.9 269.4 273.7 277.7 279.5 279.5 277.9 274.5 269.1 262.2 253.8 233.3 250.3 253.3 253.4 249.2 244.2 237.4 231 223.8 216.6 217 224.4 233.9 245 255.2 265.4 274.3 286.8 298.9 310.4 321.8 330.5 339.3 346.3 347.9 351.7 362.2 374.4 377.4 385.4 386.1 395.1 404.6 415.6 425.8 433.5 441.7 446.3 450.9 457.1 462.3 466.3 472.7 474.2 474.4 477.7 478.4 478.4 476.2 476.4 476.6 475.6 473.7 471.7 470.1 468.7 466.6 464.4 461.8 459.2 457.4 455.1 451.7 448.3
267 262.8 253.4 260.9 267.6 272.5 277 279.2 278.8 276.8 273.8 267.9 260.9 250.9 232.7 245.7 249.2 247.7 243.1 237.3 228.6 221.7 211.1 219.8 228.1 233.4 241.3 252.4 263.8 274.9 283.3 300.7 311.9 326.3 339.6 351.4 359.2 365.2 371.3 376.4 377.2 383.3 388.8 398.5 410 421.4 426.7 431.1 440.3 446.3 449.5 452.4 454.4 459.1 462.5 466.7 471 472.8 473.9 475.8 477 475.4 474.4 474.1 473.5 473.2 472.3 471 469.8 467.8 465.8 462.8 461 458 455.9 452.8 450.5 447
265.4 260.7 254 258.9 266.3 271.6 276.1 278.4 278.1 276.1 272.7 266.3 258.8 248.5 237.8 238.2 243.1 241.9 237.2 225.2 215.4 211.6 222.3 232.8 236.3 242.7 250.7 261.9 270.4 278.2 291.5 312.3 324.4 341.4 356.1 364.7 371.3 376.8 386.4 394 398.8 408.3 417.5 427.9 434 435.6 439.3 442 447.2 451.7 453.6 455.2 456.8 457.7 460.6 464.1 467.7 469.3 471.1 473.8 474.5 473.7 472 472.8 472.4 472 471.3 470.1 468.7 466.3 464 461.5 459.1 456.3 454 452.5 447.6 444.4
262.6 257 251.1 256.3 264.7 270.9 275.6 277.6 276.9 274.7 271.2 264 256.2 247.4 239.4 230.2 235.3 235.2 230.3 212.7 214.6 225.1 232.8 241.7 244 253.6 259 271.7 278.2 287.2 305.5 324.2 334.1 354.5 369.4 375.9 380.3 387.8 398.1 404.6 411.3 424.5 433.2 439.2 444.1 445.2 444.9 450.9 451.1 453 454.4 456.1 458.9 457.5 459.3 461.3 464.2 466.6 468.1 471.3 472.5 472.4 470.7 470.4 470.5 469.2 470.1 468.6 466.5 464.2 462.7 459.9 457.4 454.8 451.8 450.4 446.2 442
263.7 262.6 256.2 242.2 263.9 270.7 274.5 276.1 274.9 272.4 267.5 260.5 252.9 245.2 238.7 223.3 225.6 228.4 218.8 213.1 222.5 234.5 242 246.9 253.2 260.8 269.5 281.8 293.1 305 323.3 337 350.7 369 379.8 385.7 388.3 397 406.6 414.6 424.7 435.5 441.8 445.8 447.2 447.8 448.3 451.2 451.1 451.5 452.2 453.8 455.9 456.2 457.1 458.5 461.1 464.1 465.8 469.3 469.8 470 468.9 470.1 469.2 469 467.7 466.8 464.7 462.4 461.6 459.4 457 453.6 448.8 446.9 443.8 439.1
266.1 264.9 259.4 240.9 262.3 269.4 272.4 272.9 271.7 269.1 263.7 257.5 249.2 240.8 232.7 216.7 218.6 214.8 209 222.3 234.1 242.7 248.5 255.9 264.7 276.9 284.7 297.3 310.5 324.3 343.1 355 366.3 381.7 387.2 391.1 395.6 404.1 416.9 425.4 433.8 439.4 442.4 445.6 448.1 448.9 448.2 450.2 450 448.5 450.5 452 453.3 454.6 455.1 456.7 459 462.6 464.8 467.8 469 468.4 467.9 469 468.2 467.1 465.2 464.8 463.6 460.7 460.3 458.3 455.5 451.1 447.6 444.5 441.3 436.3
265.2 264.9 259.3 236.6 259.8 267 268.8 269.3 268.1 265.1 260.2 252 243.5 235.4 220.5 210.8 205.2 213.1 221.8 232.1 242.1 249.2 255.2 267.2 276.2 287.4 299.2 312.6 329.8 344.2 359.7 369.4 381.5 390 392.2 395.8 402.3 411.3 423.4 431.1 434.4 435.9 439.5 444.4 447.1 446.8 444.3 446.3 447.2 449.1 450 450.3 451 451.7 453.1 453.9 457.4 461.5 463 465.5 466.2 466.6 466.5 466.4 465.5 464.9 463 462.1 460.8 458.1 458.4 456.7 453.7 448.9 444.8 442.5 438.4 432.7
263.7 263.9 258 233.2 256.4 263 264.9 264.9 263.1 258.8 254 247.2 233.7 223.9 208.6 206.5 215.4 225 234.8 237 249.6 256.3 266.2 276.9 288.2 299.1 312 331 349.3 360.9 369.6 378.1 389.3 394.3 396 400.6 406.4 415.2 424 429.8 432.5 430 436.8 440.3 442.2 441.4 439.9 439.8 441.4 444.9 447.7 448.5 446.9 449.9 451.2 452.6 455 457.7 460 464.1 465.1 465.5 465.3 463.7 463.2 462.8 461.7 458.8 459.1 457.3 455.9 454.4 452 447.6 442.6 439.1 434.2 428.2
260.8 259.4 252.6 228.6 250.5 258.3 260.6 259.8 256.9 252.9 246.1 236.3 223.4 210.1 206.4 212.1 223.4 237.6 248.2 255.2 257.1 267 274.7 286.5 299.9 311.6 328.5 348.6 362.1 370.7 376.7 384.1 393.5 397.2 400.8 404.5 410.3 416.9 420.9 425.4 426.8 425.8 430.4 434.3 436.6 436.7 435.8 435.3 436.6 439.8 442.3 444.1 444 445.5 449.6 450.6 453.3 456.2 458.9 462.2 464.4 464.8 464.1 462.3 461.3 460.6 460.4 458.3 457.1 454.8 454 453.3 450 446.4 441.3 435.9 430.1 423.8
256.9 254.3 246.6 225 244.6 253.7 255.9 254 249.7 245.5 238.6 225.5 211.8 201.9 207.6 217.5 231.7 246.4 257.2 265.8 267.9 273.2 283.1 297.4 311.9 328.3 345.6 360.4 371.4 378.2 383.9 390.3 395.6 401.8 405.1 409.9 415 417 418.1 419.2 420.1 420.8 425.3 429.1 432.5 433.6 432.7 431.4 432.8 436.2 439.9 440.7 440.1 442.8 447.3 449 452 455 457.7 460.3 462.1 462.1 461.7 460.2 458.8 459.2 458.5 456.6 455.3 453.2 451.7 449.5 447.2 444 439 433.4 425 417.8
248.4 250.6 243.9 228.2 236.3 247.7 250.8 249.8 242.4 235.1 228.3 218.1 207.4 204.6 211.9 222.8 230.9 252 261.5 271.5 274.3 278.9 291.6 305.6 319.3 336.8 354.4 367.7 378.1 385.1 389.1 392.9 395.9 404.1 408.5 412.7 415.5 416.1 414.4 413.9 412.8 416.1 420.2 423.3 428.4 428.8 427.2 427 428.5 432.4 435.4 435.9 436.9 441.6 444 447.1 450.2 453 455.6 457.7 459.1 459.3 458.8 456.6 456.9 456.3 457.3 454.5 453.5 452.1 450.3 447.2 444.4 439.6 433.4 427 419.9 411.9
240.4 240.1 240.2 224.4 230.1 241.2 243.4 243.8 239.6 230.1 222.9 215.8 203.5 205.5 216.1 236.6 250.1 252.9 263.3 270.8 276.5 283.4 297.8 311.5 324.1 340.8 356.2 368.9 381.1 385.9 389.1 392.1 395 403.3 408.4 411.7 411.3 411.8 411.2 409.8 407.4 411.4 414.9 418.6 422.7 422.9 422.7 423.8 425.7 427.7 430.3 432.3 434.4 437.4 440 444.9 448.7 451.1 452.2 454.6 455.8 455.2 455.2 453.6 454.5 454.3 453.5 452 450.5 449.8 447.6 444.2 439.8 433.4 426.8 419.9 413.1 406.1
252.7 241.4 234.5 218 223.3 229.2 234.7 236.3 234 224.2 217.6 209.5 200.1 207 220.8 243.1 256.1 260.3 262.2 268.5 275.7 287.9 303.4 316 326.7 341.9 356 368 378.3 383.9 387.4 390.3 394.8 400.8 404.6 407.4 403.6 407.5 405.7 403.6 403.6 406.1 409 413 416 417.6 419.3 419.4 421.4 423.3 425.9 426.8 431.4 432.3 437 442.3 445.9 448.7 450.6 451.5 452 451.8 451.1 452 450.6 450.2 449.6 448.1 447.2 446.3 442.9 439.3 435.2 428.1 420.5 413.6 406.6 400
255.2 249.7 242.8 223.1 210.9 211.9 225.3 229.6 227.2 219.5 211 204.2 200.2 208.4 224 243.2 256.8 261.8 267.9 273.5 280.5 287.4 309.3 319.5 328.9 342.6 354.7 366.6 375.1 380.5 385.9 389 393.6 397.4 400.8 402.2 401.7 399.1 398.5 398.5 399.7 402.8 404.2 407.6 410.5 413.9 415.5 416.5 418.3 421 421.2 424.8 428.7 430.8 434.4 439.2 442.7 445.6 448 448.2 447.8 448.1 449.2 448.8 447.4 444.8 445.3 443.9 443 441.9 438.4 435 430.6 423 414.6 408.2 401.4 394.3
259.7 251.5 245 240.8 228.8 210.6 211.5 219.6 218.9 214.2 205.9 200.2 198.3 210.6 225.7 240.8 253.6 262.5 271.6 280.8 295.1 305.4 314.7 323.5 332.3 341.9 353.9 364.8 371.2 376.8 383.2 387 390.6 393.9 396.1 395.3 394.2 391.6 392.9 393.7 395.5 398.4 400.9 403.3 406.1 410.5 412.1 413.6 415.6 417.4 420.5 422.8 425.9 428.2 431.2 435.4 439 442.2 443.6 444.2 443.6 445 445.4 444.5 442.8 441.2 440.2 438.8 437.3 435.8 433.2 430.5 425.3 416.1 409.2 402.9 396.3 390.8
262.7 252.8 252 245.2 235.6 222.6 206.2 203.5 206.5 200.5 200.1 198.7 200.5 218.9 225.3 240.4 252.8 265.6 275.1 289.5 302.7 311.1 320.1 328.3 334.7 342.5 352.4 361.2 367.9 374.3 380.2 383.9 387.5 390.4 391 388.3 385.7 384.4 385.1 386.3 389.3 394.1 397.9 398.7 403.8 407.6 408.7 410.1 411.1 415.1 418.3 420.3 423.6 426.6 428.3 432.2 435.7 438.8 439.6 440.1 438.7 440.9 441.3 442 438.8 436.9 433.6 432.8 431.5 429.6 427.3 424.5 419 411.3 404.5 398.1 392.4 387.9
266.5 262.7 253.8 246.1 237.7 226 213 204.1 198.5 199 198.2 197.4 214 229.8 240.2 244.2 252.7 266.6 282.6 297.1 307.2 317.4 325.3 333.1 339.3 344.8 351.8 359.3 366.1 372.8 378.4 382.2 384.4 386.8 386.7 383.3 379.9 378.5 380.1 380.8 383.7 387.6 391.9 395.5 400.6 404 406.4 405.5 406.9 410.2 414.4 418.1 420.3 423.9 426.2 429.4 432.8 434.3 436.1 435 434.7 436.1 435.7 436.2 434.8 431 428.2 426.7 425.8 424.3 421.4 417.1 412.8 407.4 401.7 394.3 388.8 385.5
275 266.4 255.9 247.3 238.2 226.3 213.2 201.9 198.1 197.4 200.6 210.4 224.9 240.4 251.2 258.6 265.4 273.8 288.8 301.7 311.2 320.5 329.1 336 341.2 345.9 351.4 357.9 364.6 371.3 376.8 380.5 382.5 383.2 380.5 377.4 375.2 374.3 375.9 376.5 379.8 383.4 387.2 391.9 396.1 399.5 401.6 400.6 401.9 406.1 412.5 414.3 417.4 420.9 423.4 426.2 429.2 432.5 432.8 431.3 430.1 431.1 432.5 431.4 428.1 425.8 422.8 421.5 421.4 419.4 415.3 411.6 407.7 403.6 397.5 391.1 386.6 384
