ny/ny48_OST50GRID_20230518/NY48.asc
ncols 200
nrows 200
xllcorner 340000
yllcorner 580000
cellsize 50
[rows 105 to 139 of 200, columns 78 to 155 of 200]
211.9 210.4 210.3 209.6 204.1 206.4 204.8 202.9 200.7 198 195 191.9 188.3 185.6 182.4 180.1 177.6 175.6 174.1 172.8 171.6 169.9 167.7 163 157.4 152.7 145.1 137.5 131.3 142.7 148.6 152.6 158.5 165.8 169 170.3 171.3 171.4 170.6 169.4 168.3 167.4 166.4 164.1 161.7 159.3 156.8 154.3 151.9 149.4 147 144.6 142.2 140.1 139.3 137.9 136.3 132.6 129.7 126.6 124.9 123.6 122.2 113.8 114.4 117.1 120.6 119.9 117.4 115.5 114.6 113.2 108.6 91.8 87.7 87.9 88.4 88.2
219 215 209.4 202.7 205.4 192.9 192.4 192.2 193.5 189.3 182.8 176.4 176.8 173.5 165.8 170.8 172.8 174.4 173.5 172.3 171.1 170.2 168.1 165.8 161.9 154.6 146.5 136.8 128.6 134.3 146.6 151.3 157.1 163.1 166.3 167.3 168.1 168.4 167.6 167.1 166.2 165.2 164.3 163.2 161.1 158.7 156.2 153.7 151.3 148.9 146.5 144.1 141.7 141.5 140.5 139.3 137.7 133.7 131.1 128.3 124.8 122.9 121.4 119.1 114.4 107.9 116.5 118.6 116.4 115.3 114.4 112.4 109 92.9 88.4 88.3 88.1 88.2
217.4 212.3 205.5 196.4 189.8 197.9 198.6 194.4 184.5 183.9 192.2 189.7 180.9 178.3 173.7 165.7 158.3 165.6 172 170.8 170.4 169.9 168.7 166.1 163.1 156.2 147.2 137.1 131.4 126.6 135.7 148.7 155.8 160.8 163.2 164.5 165.2 165.4 165 164.7 164 163.1 162.1 161 160.1 158 155.6 153.2 150.8 148.4 146 143.6 143.7 142.7 141.5 140.3 138.4 134.8 131.7 128.9 124.7 122.3 121.2 120.4 120.7 113.3 104.8 115.1 114.5 114.3 113.8 111.4 107.7 93.4 88.2 88.4 88.4 87.9
206.7 201.9 196.3 205.5 213.1 212.6 208.5 205 204.8 202.4 202.2 197.8 192.2 189 184.1 178.8 163.4 155 166.2 169.7 169.7 169.3 168.5 166.3 162.9 157.1 148.3 142 135.2 129.3 127.9 140.7 153.7 158.7 160.9 162 162.5 162.9 162.7 162.3 161.7 160.8 160.4 159.6 158.7 157.2 155 152.7 150.3 148.5 146.5 145.2 145.9 143.7 142.2 140.9 138.7 135.9 132.8 129 124.7 122.4 121.6 120.9 120.5 119.6 116.1 102.2 112.1 113.6 113 110.2 107.3 93.3 87.7 87.9 87.9 85
216.5 215.9 208.3 216.4 223.1 220.1 215.5 212.7 211.2 209.4 205.9 200.5 197.9 192.4 186.9 182 174.7 164.7 153.2 167.7 168.8 167.5 166.2 164.8 161.6 156.9 151 145.4 136.7 129.1 125.7 138.6 151.9 156.1 158.2 159.4 160 160.3 160.3 160 159.7 159.2 158.8 158 157.2 156.2 154.6 152.6 151 149.1 147.3 147.6 147.7 145.1 142.7 140.9 138.6 136.5 133.5 129.5 125.4 122 121.2 121.1 119.9 117.7 116.1 112.8 98.5 112.1 110.2 105.9 100.7 90.5 88 85 87.3 88.1
225 225.4 229 225.6 229.9 227.1 223.2 221.2 218.7 215.5 209.7 202.5 198.7 195.5 190.1 183.7 175.9 168.2 152.3 157.6 165.4 165.2 164.1 163.3 160 155.9 150.8 145.3 133.9 126 125.8 131.7 149.6 154.3 156 157.3 158.1 158.3 158.3 158.5 158 157.7 157.3 156.5 155.7 155.5 154.4 153.5 151.6 150.3 148.6 149.2 148.5 145.7 142.9 140.9 138.8 136.7 133.6 130.5 127.2 122.5 121.1 119.3 117 115.6 114 112.2 108 94.9 101.2 92.8 89.2 86.8 85 87.5 87.8 88.6
231.8 234.7 230.9 237.3 237.6 234.6 231.8 227.8 223.5 219.2 214.9 206.9 199.2 196.4 194 187.4 181.7 168.9 171.4 152.8 149.4 163.4 163.2 162.1 158.7 154.8 151.4 144.8 131.9 124.6 124.7 136.3 148.4 152.3 153.9 155.2 156.5 156.7 156.9 157.1 156.4 156.1 155.7 155.1 154.8 154.5 154 153.6 152.3 150.6 149.6 149.7 148.7 146 143.1 140.7 138.6 136.5 134 130.9 127.9 124.2 120.6 117.6 114.6 113.4 111.9 110.3 107.9 100.3 94 95.3 85.1 86.3 87.7 87.8 88 88.4
240.7 241.6 243.8 245.1 242.5 239 235.6 231.7 226.9 221.9 217.8 211.9 205.6 202.5 197.4 192.4 187.4 182 177.1 167.5 153.9 155.2 162.4 160.8 157.9 154.2 150.4 144.5 132.3 123.5 125.6 136 146.7 150.4 151.9 153.2 154.5 155.1 155.4 155.3 154.9 154.5 154.4 154.2 153.9 153.7 153.8 153.3 152.1 150.6 149.6 149 147.6 145.2 143 140.7 138.3 136.2 133.6 130.9 128.2 125.5 123.4 122.6 116.2 111.1 110.2 108.9 106.9 105.9 104.1 99.1 85.3 87.3 87.6 87.8 88 91
250.6 249.7 249.5 248.4 246.3 242.6 238.5 233.4 228.9 224.4 219.9 214.6 209.4 204.4 199.8 198 191.6 184.5 179.8 174 159.5 144.7 156.9 154.6 150.6 145.9 142.6 137.1 131.2 123 121.8 131.1 144.1 147.8 150.4 151.6 152.8 153.7 154 153.7 153.4 153.2 153.3 153.3 153.1 152.9 153.1 152.7 151.4 150.2 149 148.3 146.9 144.8 142.5 140.3 138 135.2 132.4 129.7 128.6 126.8 127 125.9 116.9 109.4 108.5 107.6 106.8 105.9 107.3 96.7 85.6 87 87.5 87.7 88 94.6
259.6 256.9 254.9 252.9 249.9 246 241.1 236.1 230.3 224.3 220.5 215.3 210.4 206.9 203.6 199.3 192.8 187.6 182.9 175.4 166.5 152.8 146.3 146.2 141.4 134.6 134 131.1 129.7 124 120.3 123.5 138.4 145 148.8 149.9 151.2 152 152.3 152.1 152 151.9 151.8 152.2 152.1 152 151.5 151 150.2 149 147.4 147.8 146.7 144.4 142 139.3 136.4 133.5 130.9 129.1 129.1 129.5 128.7 126.2 116.5 109.1 107.5 107.4 106.4 105.5 107.8 98.4 84.9 86.8 87.4 87.7 87.9 96.1
265 262.1 259.8 257.2 253.3 248.7 244 238.6 232.9 226.7 220.7 216.5 212.2 209.5 205.5 200.4 194.6 189.7 183.6 177 170 159.1 150.2 139.6 136.7 136 135.1 132.8 126.3 125.5 121 118.2 124.3 138.4 145 148.3 149.9 150.4 150.5 150.3 150.1 149.4 149.7 151.1 151 150.4 149.9 149.4 148.6 147.5 145.2 144.6 144.7 142.5 140.3 137.9 135 132.7 130.5 130.6 131.3 131.2 130.1 125.7 115.5 109.1 105.8 106.3 105.4 105.7 107.3 92.5 83.9 87.1 87.1 87.5 87.9 95.8
270.4 267.5 264.3 261.2 256.7 251.8 246.9 241.3 235.3 229.4 223.5 218.6 213.3 209.9 206 201.2 196 190.1 183.6 176.7 169.3 170.7 166.3 158.1 150.7 150.8 141.9 142.4 140.2 132.6 126.3 117.6 118 124.9 139 145.7 148 148.8 148.6 148.5 148.2 147.3 148.4 149.2 149.3 148.8 148.3 147.8 147.1 145.8 143.1 141.2 141.6 140.2 138.1 135.9 133.8 132.5 131.5 132.5 132.9 131.5 129.3 124 115.4 109.3 106.2 104.6 104.9 105.3 107.1 87.1 85.9 86.9 86.9 87.4 88.1 96.3
275.8 272.5 268.3 264.7 261.2 256.1 250.3 244.3 238.4 232.5 226.6 221 215.9 211.8 208 203.6 197.4 191 183.8 178 173.2 169 165 159.7 167.3 158 151 152 147.7 138.1 129.8 121 116.8 119.3 125 139.9 144.7 146.1 146.5 146.1 145.7 143.3 146.4 147.5 147.4 146.6 146.6 146.2 145.7 144.6 143.3 140.4 136.3 137.8 135.9 133.9 131.9 130.8 131.3 132.9 132.4 130.3 128.2 122.9 114.2 108.4 105.1 102.8 105 104.2 98.9 83.1 86.1 86.5 86.8 87.1 88.6 98.1
279.9 276 271.8 268 264.4 259.4 253.9 247.9 242.4 236.4 230.1 224.6 220 215.4 211.7 207.8 201.1 193.2 185.6 179.7 174.3 167.5 168 167.9 161.9 158.1 159.1 158 151.5 144.2 134.3 125.6 118.7 116.3 118.1 129.2 137.9 142.7 143.7 143.4 142.9 138.9 144.2 145.1 143.9 144.6 144.9 144.8 144.5 143.4 142.5 140.2 135.4 135.1 133.7 131 130.3 130 130.9 131.7 130.7 128.8 126.5 120.8 112.7 107.8 103.8 102.2 105.2 103.8 93.2 83.1 85.8 86.1 86.5 86.8 89.3 99.8
283.4 279.9 276.3 272.7 267.5 262.5 256.9 251 245.6 239.4 233.1 227.6 222.6 217.4 212.8 208.8 202.3 194.7 186.1 179.4 177.3 173.4 169.9 166.6 165.7 163.1 164.5 161.9 155.8 148.8 139.9 131.8 124.5 117.6 115.8 121.5 127.9 131.3 136.9 139.8 137.9 135.7 141.1 141.1 140 142.1 143.5 143.7 143.7 142.8 141.9 140.7 137.5 132.6 130.8 129.4 128.1 128.1 128.6 129.5 128.6 126.6 124 118.5 112 107.2 101.7 100.9 102.8 94 87.7 85.8 86.1 86.1 86.4 87.3 92.7 103.1
293.1 290.2 286.3 281.1 274.5 267.1 260 253.9 248 241.7 235.4 230 224.8 219.4 213.9 209.6 203 196.4 188.8 185.6 179.8 176.7 173.6 170.2 167.8 166.8 168 165 159.3 151.5 145 137.8 123.7 129.1 124.4 118.7 115.5 118.5 123.5 129.5 130.4 131.3 135.8 135.4 138.7 140.9 142.2 142.6 143.1 142.3 141.5 141.6 140.5 137.3 134 130.3 126.7 126.8 127.4 127.7 127.2 125.1 121.3 116 111.2 106.3 100.1 100.1 96.1 86.2 85.9 85.4 86.4 86.5 86.5 88.6 97.8 105.7
302.8 301.1 297.6 290.3 282.6 273.6 265.6 258.6 251.4 244 237.9 231.9 226.3 220.9 215.8 211.2 205 198.9 193.2 188.4 183.4 180.2 177.8 174.6 170.8 170.1 169.9 166.9 161.2 152.9 146.4 134.9 140.1 139.2 137.2 131.4 122.1 114.5 112.1 118 120.7 128.5 132 127.8 134.8 137.4 139.9 140.6 140.9 140.8 140.7 140.3 138.9 136.2 132.8 129.3 125.7 125.5 125.9 125.7 125.2 122.2 118.2 114.2 110.9 106 101.3 90.2 87.5 86.2 85.8 85.8 86.4 86.6 86.7 90.7 101.7 104
309.6 309.5 307.7 299.8 290.6 280 270.3 263.3 256.4 249.2 242 233.3 227.9 222.9 218.1 214.3 210.2 203.3 195.8 190.5 185.6 182.5 180.1 176.8 173.7 172.4 170 167.6 161.1 153.7 140.8 145.7 148.7 147.5 145.4 142.5 133.6 119.3 112.4 108 113.7 127.2 126.5 126.6 131 133.3 136 138 138.4 138.8 139.4 139.3 137.5 135 131.7 128.2 125 123.2 124.2 123.5 122.2 119.8 115.9 113.1 111.8 106.3 100.7 93.4 86.5 86.1 85.7 84.8 86.3 86.3 86.3 90.7 100.4 102.8
311 311.4 311.5 305.7 297.1 284.8 275.3 268 262.3 255.8 248.9 240.5 233 226.4 220.2 216.2 212.5 205.3 197 192 189.7 187 183.6 180.2 176.3 173.8 171 166.9 160.6 153.3 145.8 151.3 152 151.6 150.8 147.8 139.9 126.1 113.4 110.2 107.8 118.7 116.8 125.9 128.5 129.8 132.6 134.2 135.7 136.4 137.5 137.9 136.2 133.9 130.7 126.7 123.5 121.3 122.1 121.5 119.6 117.4 114.5 112.9 111.9 106.1 100.1 91.5 85.8 85.7 85.4 83.1 85.6 86 86 87.8 95.9 100.8
309.1 309.7 309.9 306.8 299 288.6 281.6 274.2 269 263.2 256.8 249.6 241.9 235 227 219.3 214.4 207.5 200.4 194.6 192.6 189.5 185.7 182.3 178.9 175.4 170.9 166.4 160.4 152.2 148.9 154.1 154.7 154.3 153.8 150 142.7 131.4 121.5 115.7 106.5 108.1 110.3 115.2 117.2 122.3 128.4 130.9 132.8 135 136 135.9 135.7 133.1 129.1 125.2 121.6 120 120.1 119.6 117.8 115.2 112.9 112.8 110.8 105.5 97.4 87.1 85.7 85.6 85.3 85 83.4 85.3 85.8 86.5 92.6 98.5
306.4 305.9 304.8 302.4 296.1 288.3 282.9 276.8 272.4 268.6 262.7 256.5 249.6 242.3 234.2 225.3 218.1 210.3 203.5 198 193.3 189.5 186.8 183.9 180.5 176.7 172.4 166.6 159.6 153.5 155.1 157.1 157 156.7 155.8 152.6 145.6 136.9 126.6 120.5 116.1 112.4 107 106.6 107 108.3 118.9 127.1 129.2 131.5 133.6 134.6 134.7 131.5 127.8 123.6 119.4 117.5 117.4 117.7 115.6 113.6 111.7 111.7 109.7 104.7 94.5 86 85.7 85.4 85.5 85.6 85.6 83.1 84.9 87.7 93.5 96.7
301.9 300.9 299 296.6 291.1 286.1 281.8 277.6 274.5 271.2 268.2 262.4 255.6 248.3 240.4 231.5 223 214.7 207.5 201.5 196.8 192.5 188.6 185.5 181.2 176.8 171.7 163.9 158.1 154.3 159 159.8 159.8 159.2 157.8 154.7 149.1 140.5 133.1 124.8 126.5 115.2 111.7 107.5 105.6 105.3 107.2 119.9 125.5 128 130.4 132.4 132.5 129.7 126.1 122.4 118 115.1 117.3 115.6 114 111.9 110.2 110.7 107.9 102.7 92.4 86.4 85.2 85.4 85.3 85.5 85.7 85.4 84.4 84.3 95.6 102.3
296.6 295.3 293.2 288.9 284.4 281.8 279.6 275.9 273.9 273.1 271.4 267.3 261.3 253.2 245.2 235.6 226.6 218.4 211 204.3 201.1 198.1 191.9 185.8 180.9 176.5 168.7 164.2 160.7 161.2 162.1 162.7 162.3 161.7 160.4 157 152.1 144 138 130.2 133.9 130.2 124 120 109 103.2 102.2 107.7 117.8 121 126.5 129.7 129.9 127.5 123.5 118.5 109.7 116.3 115.5 114 112.4 110.6 109.3 109.2 106.3 101.8 98.7 87.3 83.6 85.1 85.4 85.6 85.8 85.4 85.1 83.1 99.2 104
291 289.8 287.3 281.7 277.6 275.1 272.2 269.6 268.5 268.7 269.4 267.8 263.6 256.3 248.8 239.6 230.8 222.5 214.4 207.6 204.9 203.3 196.5 189.4 182.6 175.6 173.1 167.6 166.3 164.6 165.1 165 164.5 164 162.7 158.8 153.5 148.3 143.1 141.5 137.8 136 132.8 126.6 124.8 114.7 103.4 102.3 100.8 105.5 113.2 123.5 122.6 118.7 119.5 116.5 106.6 115.7 114.1 112.6 111 109.3 108.1 107.6 104.8 102.4 101.6 88.2 82.9 85.2 85.4 85.7 85.7 85.3 84.9 84.2 101.5 104.1
285 284 281.4 276.5 272.5 268.8 265.1 262.2 261.7 262.4 264.3 265.3 263.6 258.3 251.7 244 235.9 227.8 218.5 208.2 204.5 204.1 195.9 190.1 185.6 182.9 178.9 172.1 169.1 166.9 166.7 167.1 165.9 164.8 163.6 160.6 155.8 150.5 147 146.2 142 143 138.3 132 128.6 126.7 120.1 108.7 104 99.3 97.3 108.5 100.5 92.3 94.3 108.6 111 115 113.3 111.5 109.6 107.8 106.2 106 103.6 102.2 97.4 86.7 82.9 85 85.2 85.5 85.3 85 84.8 90.1 102.5 104.1
279.3 277.5 275.4 271.2 267.4 263.7 259.1 255 254.5 255.7 259.2 261.7 261.2 257.5 252.9 245.1 238.7 228.5 216.6 207.8 203.6 200.4 196 193 189.3 185.5 181.1 176.4 171.8 169.2 169.2 168.6 167.4 166.2 164.7 162.1 158.1 153.3 150.6 150.6 148.4 146.4 142.8 136.8 132.2 128.2 117.3 116.6 110.2 103.6 98.8 93.9 93.2 96.1 96.1 90.9 98.8 103.9 111.7 109.8 108.3 106.4 104.7 104.6 102.9 103.4 94.9 86.7 83 83.6 85 85.1 85 84.7 83.1 93.4 102.2 104
273.1 268.7 267.2 260.7 257 254.6 248.9 246.9 247.6 248.8 253.7 258.3 259 256.4 251.2 244.3 237 228.3 214.6 208 203.8 201.4 199.4 196 192.7 188.7 183.3 178.6 174.2 172 171.2 170.1 168.7 167.3 165.8 163.4 160.2 156.2 154 151.9 151.6 149.6 145.8 140.3 134.4 125 123.5 121.7 117.9 119.2 106.4 96.7 99.3 98.8 98.3 93.5 93.3 93.5 101 108.1 106.7 105 102.5 102.7 101.5 102.1 98.5 89.8 84.4 83.2 84.8 85 84.7 84.5 83.1 95.2 102 104.2
277 272.7 267.7 268.2 265.3 262 257.6 245 235.4 240.1 248.1 254 255.8 254.1 248.2 240.1 231.9 224.9 214.6 207.2 204.1 204.1 203.2 200.1 195.8 191.7 185.7 180.7 176 173.6 173.2 171.4 169.5 168.1 166.9 164.6 161.4 158.3 156.7 155.1 153.9 151.8 148.4 140.1 128.8 127.3 131.6 129.3 126.9 129.7 129.7 124.7 116.2 105.8 101.2 98.9 95.5 89.8 94.5 106 103.6 104.6 101.4 99.4 96.9 99.7 98.7 94.1 84.1 83.4 84.6 84.7 84.6 84.3 84.9 97.1 102.2 104.3
278.5 275 271.6 268.8 266.2 263.1 259.3 252.7 248.4 228.1 239.8 248.4 252 250.3 247.9 232.6 219.2 219.8 212.9 206.6 203.9 205.5 205.9 204.3 199.3 193.8 188.3 183 178.3 176.4 175 172.8 170.8 168.8 167.5 165.7 162.4 159.6 157.4 157.3 155.9 153.8 149.5 138.3 136.1 135.8 141 139.3 137 135.5 132.2 126.6 121.2 115.6 110 103.1 96.1 92.2 93.4 98.3 96.5 97.1 97.5 91.9 92.3 90.4 88.1 86.7 84 83.3 84.4 84.4 84.3 83.8 84.8 92.9 101.6 104.2
278.5 276 272.8 269.4 265.9 262.1 258.2 253.4 248.9 241.9 233.6 243.4 246.3 250.3 238.8 227.6 227.3 220 211.6 205.1 202.9 206.2 206.9 207.2 203.7 196.6 190.7 185.1 181.9 179.3 176.9 174.9 171.8 170 168.3 166.3 164.8 162.2 160.7 159.3 157.7 154.7 149 149.9 147.6 143.6 144.9 143.2 140.1 136.9 131.9 127.8 123.3 118.8 115.5 103.6 102.2 92.6 93 95.5 94.2 94.4 92.2 91.1 90.4 86.7 86.6 84.4 84.8 84.9 84.2 84.3 84.2 82.2 85.2 90.1 100.2 104.1
277.3 274.7 271.4 268 264.8 261.2 257 251.3 246.8 242.6 228 239.1 239.9 241.3 235.7 226.3 223.5 216.3 209.1 202.9 202.5 206.6 208 208.5 206.8 200.6 192.6 185.7 182.9 181.8 179.5 176.9 173.3 170.6 168.6 166.6 163.9 162.8 163 161.1 159.1 156.5 154.5 151.9 149.5 148.4 147.5 145 141.7 137.9 132.2 127.7 123.3 113.1 108.3 113 105.7 99.5 100.5 95.5 96.1 89.1 89.4 88.9 87.5 87.3 86.1 85.1 84.7 84.6 84 83.9 83.8 81.8 85.7 91 100.3 103.6
276 273.4 269.9 266.6 263.5 260.7 256.4 250.7 244 238.4 220.8 232.6 236.4 236.2 231.7 228.5 222 212.6 205.5 199 201 205.8 208.5 209.3 207.2 201.9 192.6 186.1 184.8 183.8 181.5 177.5 173 170.3 168.9 167 164.6 164 163.9 162.4 159.7 159.3 156.7 153.5 151.9 151.5 149.7 146.3 143.1 137.8 132.5 128 124.8 122.3 119.1 114.7 108.9 102.9 109.9 112.1 110.6 105.7 97.9 88.8 90.9 92.7 92.1 85.1 84.7 84.3 83.6 83.6 83.6 83.8 85.7 93.1 100.2 103.1
274.7 271.5 267.9 265 262.3 259.5 255.9 251.7 247.2 239 230.5 221.9 232.8 233.1 229 224.5 218 210.1 203.1 197.8 198.9 204.6 207.8 208.8 206.4 200.4 190.5 188.2 187.2 186.5 183.8 178.4 172.4 169.1 167.9 167.7 166.4 166.4 165 163 162.9 160.8 158.4 155.4 154.5 154.3 152.1 147.8 142.7 137.4 132.3 128.8 127.4 123.4 119.5 115.9 112.8 104.5 111.3 112.4 110.5 107.5 104.2 100 98.1 96.9 92.7 91.4 84.3 84.4 84.4 83.6 81.8 84.4 86 91.5 97.8 102.7
272.6 268.8 265.3 262.5 260 257.7 255.4 251.7 247.3 241.1 228.3 213.6 225 228.9 225 220.7 214.6 208.5 201.1 193.2 198.4 204 206.6 207 203.2 196.1 189.5 189.7 189.9 189.2 187 181.1 175.3 170.4 167.9 167.9 167.8 167.3 165.9 166 164.4 162.5 160.3 158 155.7 155 153.7 148.9 143.3 136.6 132.3 130.4 128.8 124.6 119.8 115.7 111.7 108 111.5 111.8 109.2 106.2 103.1 100.6 98.1 96.7 92.8 85.8 84.3 84.4 84.4 84.2 82.7 83.8 85.5 86.1 89.2 98
269 265.3 262.2 259.3 257.1 255.5 253.5 250.6 246 241 231.2 210.4 219.6 225.1 223.1 218.6 213.7 208.4 203.8 194 192.5 200.9 204.9 203.8 198.6 191 190.5 192.1 192.9 192.9 191.4 186.1 178.6 171.4 167.9 167.9 168 168.3 167.5 167 165.5 164.2 161.8 160.7 160.2 156.9 153.6 149.9 143.7 137.6 134.3 132.8 130.4 125.9 120.1 115.4 111.9 112.2 111.6 110.3 107.4 104.3 101.1 99.1 97.3 91.9 85.4 84.3 84.4 83.9 83.2 81.5 83.2 84.2 85.2 85.8 87.7 90.5
