ny/ny09_OST50GRID_20230518/NY09.asc
ncols 200
nrows 200
xllcorner 300000
yllcorner 590000
cellsize 50
[rows 105 to 139 of 200, columns 0 to 77 of 200]
297.9 301.7 308.9 314.7 319.1 323.9 327.9 331.1 336.1 342.1 345.2 347.6 351.9 357 360.8 365.1 370.4 374 378.3 381.9 383.9 384.3 383.1 381 377.9 375.7 373.9 371.9 369.6 366.9 364.1 359.1 355.5 351.1 346.6 342.3 337.9 334.4 331.9 329.9 330.5 331.7 330 329.8 328.8 328.4 329.7 329.3 327.7 324 328.8 333.9 338.6 342.9 346.5 350.5 354.9 362.9 371.2 379.3 382 378.1 373.3 365.6 353.1 344.4 335.9 327.5 321.3 318.7 319.1 318.3 315.9 315.1 315.3 315.4 312.6 309.1
295.5 299 307.8 313.3 316.6 323 328.4 331 337.1 341.9 345.8 348.4 354.7 359.2 361.6 363.7 366.7 371 376 378.5 379.6 380.3 380 378.9 377.2 375 373.1 370.2 368.5 366.3 364.1 359.6 356.1 352 346.2 343.2 339.2 334.3 333.5 332.1 329.8 329.5 328.6 328.2 328 327 327.9 329.1 326.3 324.1 329.5 333.3 337 341.2 345.2 348.8 354.5 363 371.7 379.7 380.3 377.6 373.4 367 353.1 343.7 335.2 326.8 321.7 321.9 321.1 320.5 319.6 319.5 320.3 321.2 317.8 312.7
295.9 299.4 306.2 311.5 316.4 323.1 327.1 330.1 336.3 342.5 349 352 355.7 360.8 362 362.9 363.3 366.7 372 375.3 377.1 377.5 377.1 376.3 375.3 375.4 373.7 370.1 366.9 365.3 362.4 360 356.5 353 348.5 343.7 339.8 335.1 333.7 332.9 331.1 328.3 330 328.3 326.9 326.6 327.5 327.3 325.5 324.1 330 333.1 336.4 340 343.9 348.5 354.7 363.1 371.9 377.8 378.2 376.4 372.8 366.1 353.8 343.2 334.6 327.2 323.2 323.2 322.1 322.5 323.7 325 325.7 325.6 321.4 315.2
294.1 299.7 304.6 309.9 315.4 319.9 325.8 332.2 338.1 344.4 351.9 356.2 359.2 362.3 362.9 362.6 361.9 363 367.9 372.1 373.4 374.7 374.5 375.3 375.9 375.1 373.8 371.8 366.6 363.2 362 359.1 355.6 351.8 348.3 344.7 340.5 335.5 333.3 332.5 331 331.6 327.5 323.5 326.9 325.8 326.4 325.8 324.5 323.7 328.9 331.5 335 338.8 342.9 347.9 354.4 364 371.8 375.1 375.4 374.2 371.4 365.5 354.1 343.2 334.2 327 324.2 323.5 322.5 323.9 326 329.2 329.8 328.6 324.3 316.7
292.9 299.1 303.7 309.6 315.1 319.4 325.3 333.3 341.8 344.8 355.3 359.8 361.7 364.7 364.7 362.6 360.1 360.9 364.3 368.9 370.7 372.2 372.8 373.6 374.8 375.2 373.4 370.6 367.5 362.3 360.7 358.5 356.4 354.4 350 345.8 340.6 335.1 331 331.9 331.5 329 327.2 324.4 326 325.5 325.1 325.1 322.6 321.9 325.9 330.1 334 338.2 342.8 347.5 354 363.6 371.9 372.8 372.5 371.8 369.2 363.8 356.3 345.2 335.2 326.1 322.4 323 322.8 323.7 328.4 332 332.7 330.7 326.1 316.5
293.1 299.7 306.3 311.4 315.1 320.1 326.9 335.5 344 353.1 358.8 362.4 364.4 365.4 365.4 363.6 360.3 360 361.9 365.7 367.4 369.6 370.6 372.3 374.8 374.2 373.5 370.1 365.3 360.9 360 358.3 356.9 355.5 350.7 346.2 341.5 335.1 330.4 329.3 329.9 329.6 323.1 325.9 327.2 325.8 323 324.4 320.3 321.7 324.9 329.2 333.3 337.8 342.9 347.6 353.8 362.7 370.4 370.8 370.6 369.7 366.5 361.5 356.1 348 335.1 324.8 321.5 320.4 320.1 322.7 329.1 333.4 333.6 331.1 326.2 316.4
294.6 302.2 308.2 313.7 317.7 321.2 328.1 337.2 346.4 354.6 360.2 363.3 364.5 365.4 365.3 363.6 359.5 357.8 359 362.1 364.9 366.2 367.9 369.9 372.5 372.2 369.5 367.4 362.7 359.2 357.8 358 356 353.6 349.6 345.3 340.5 335.7 330.1 324.4 323.5 323.3 321.5 322.2 321.3 324.1 322.5 320.4 320 319.8 323.7 328.6 333.2 337.9 343.1 347.5 353.1 361.4 368 368.6 367.8 367.2 364.2 361.1 356.2 349.5 335.2 324 320.9 318.4 317.5 321.9 328.5 331.3 331.9 329.5 326 315.6
302.3 306.3 310.7 315.9 319.9 324.7 330.3 338.5 347.5 355.7 361.8 363.7 364.5 365.4 365.2 362.8 357.9 356.4 356.9 358.7 361.5 364.1 366.5 368.4 370.8 369.1 366.4 363.8 360.9 357.2 356 355.5 353.8 351.8 348.2 345.4 339.4 334.6 328.8 324.2 321.1 318 319.3 320 320.7 320.8 319.9 319.6 318.5 319.6 323.8 327.8 332.6 338.5 343.5 347.4 351.7 359.6 365.1 365.6 365.1 364.6 361.9 359.3 355.6 349.2 336.8 324.4 320 315.9 315 319.9 325.1 328.3 329.3 328.2 323.9 314.8
307.4 311.2 315.7 318.5 321.8 326.4 332.6 339.8 347.8 356.8 364.4 364.8 364.4 364.4 363.3 359.6 357.6 354.9 353.8 355.7 358.9 361.1 364.1 366.4 367.8 366.7 364 361.2 358.6 355 353.2 352.1 351.5 349.6 346.1 343.1 337.9 333.8 328 323.2 321 317.2 317.3 316.5 316.6 319.8 317 316.3 317.4 322 322.8 327 332.9 339.5 344.5 347.5 350.7 356.9 362.1 362.9 362.4 362 359.8 358.3 355 348.8 338.1 326.4 320.3 315.2 312.9 316.1 320.3 323 325.5 325.7 321.6 314.1
312.1 315.7 318.7 321.5 324.4 329.1 334.8 341.8 349.9 357.4 364.3 366 365.2 364.2 360.9 358.6 354.5 353.9 350.9 352.6 355 358.7 361.6 363.5 364.9 363.7 361.8 358.7 355.4 351.3 350.1 348.5 348.7 348.3 343.8 339.6 335.8 332.5 327.2 323 321 317.3 315.5 315.3 314.7 321.3 315.2 317.4 321.9 323.4 324.4 328.3 334.5 341.4 346 348.2 350.8 355.1 359.7 361.1 360.6 359.7 358 356.6 353.9 348 340.1 328.5 321.1 314.7 311.1 312.4 315.2 318.6 321.2 321.8 318.8 312.1
315.4 319.2 322.3 323.7 327.2 331.6 337.1 343.9 351.6 358.2 364.5 366.4 365.1 363 359.6 355.7 353.5 350.2 347.3 348.7 351.3 356.6 359.2 361.2 362 360.8 357.6 354.4 351.5 348.7 346.5 346.8 346.1 345.1 342.5 339 333.9 330.4 325.7 322.4 320.7 317.4 315 314.3 313.5 318.9 314.3 317.1 319.1 321 323.7 329.1 337.2 344.1 348.8 349.8 351.7 355.7 358.4 359.9 360.3 359 356.3 355 352.6 348 341.3 330.3 323.8 315.8 311.4 309.6 311.4 313.8 316.2 317 314.7 309.1
317.9 320.5 322.5 325.7 329.6 334.1 338.9 346 352.4 358.3 363.9 366.6 364.8 362.7 359 354.7 350.9 348.5 346.4 343.3 346.7 350.2 355.5 357.8 358.2 358 354.1 351.4 349.3 346.7 343.3 341.8 342.4 341.6 339.3 336.1 330.7 327.1 323.6 321.1 320 318 316.3 314.9 313.2 314.8 313.4 314.2 318.6 320.1 327.2 338.8 344.7 349.3 353.1 353.6 354.1 355.5 357.6 359.4 359.4 358.2 355.1 352.8 350.8 347.4 341.7 333.2 326.2 318.7 312.4 306.3 307.7 309.7 312.7 313.9 311.2 307.4
318.9 320.9 323.6 327.6 331.6 336.3 341 346.8 352.6 358.2 362.5 365.1 364.9 361.8 358.4 353.5 350.1 346.3 344.5 341.5 341.8 345.2 354.1 354.1 354.4 355 352.4 350 347.5 344.3 340.8 339.3 338.8 337.7 334.7 331.2 329 325.6 322.1 319.2 318.2 317.4 316.1 314.2 314.7 314.7 313 315.2 316.5 322.2 338.4 349.9 356.4 359.1 359.6 360.4 359.5 358 359 358.9 359.2 357.5 352.9 350 348.7 345.7 341.7 334.9 329.4 321.2 313.4 307.2 304.9 306.1 308.8 310.1 309 304.7
318.9 320.5 322.8 327.4 332.4 337.1 341.8 347.1 352.7 357.6 360.8 363.5 365 362.9 358.4 354.1 350 344.4 343 339.9 336.5 340.1 345.6 350.7 351.8 352.2 350.8 348.2 345.7 341.7 338.1 335.6 335.4 334.1 332.2 327.7 324.9 322.4 320.2 317.8 316.8 316.9 315.5 313 314.5 313 311.7 315.3 318.2 332.5 350.4 360.2 366 367 367.3 367.2 365.5 360.8 359.7 359 358 355.9 350.9 347.5 346.2 344.8 341 336.5 331.9 324.6 314.7 307.5 303.7 303.7 306 307 306.5 301.8
317 318.8 321.8 327.4 331.9 337.1 342.6 348.9 352.7 356.3 359.8 362.7 366.1 364 359.3 354.6 350.6 346.1 341.3 337.1 335.7 332.7 340.3 346.4 348.8 349.8 347.9 346.3 343.3 340.2 336.5 332.6 331.7 330.9 328.1 326.2 323.8 321.3 318.6 317.4 316.4 316.3 314.2 312.5 313 312.7 311.7 314.6 325.7 344.8 356.8 363 368.8 368 367.3 367.4 366 361.6 359.5 358.2 356.2 354.2 348.6 345.1 343.8 342.6 340.6 338.2 333.6 327.2 316.9 309.3 304.4 301.9 304.9 306 303.3 299
314.6 316.4 319.3 326.2 331.8 337.9 344.1 350.8 353.4 356.7 359.4 361.8 365.3 364.9 359.8 355.5 350.9 345.7 341.5 337.9 333.2 328.6 336.5 341.5 343.3 345.5 344.8 342.3 340.2 338.1 335.5 331.3 329.3 328.2 326.8 324.2 321.5 319.5 317.9 315.8 315.5 314.7 314.8 308.9 311.6 310.7 312.4 324 331.8 350.9 360.1 360.9 365.3 365.4 364.4 364.3 363.5 359.8 357 356.2 354.2 351.5 346.9 342.2 341.2 340.7 340.2 338.6 334.9 328.5 319.9 310.6 305.1 298.2 303.8 304.8 302.3 296.6
312.4 314.1 316.1 324.1 332.2 337.7 348.5 353.7 354.3 356.2 357.9 359.6 364.2 362.9 359.1 355.8 350.2 346.3 340.2 338.4 332.9 323.7 332.8 336.9 340 342 341.7 339.3 336.5 334.7 333.3 330.8 326.6 325.6 325.2 323.8 320.7 318.1 316.1 315.4 313.2 312.1 308.8 313.3 312.4 312.9 316.8 327.2 335.2 349 357.3 357.3 359.9 360.2 360.4 360.9 360.1 357.5 354.9 353.1 351.6 348.7 345 339.6 338.7 339 340 338.7 335.6 330.3 321.1 312.1 306 301.9 295.1 300.9 298.3 292
310.6 311.4 314.7 321.8 331.9 337.4 350.6 351.5 352.5 353 354.5 356.7 359.7 359.9 357.4 353.4 349.2 345.7 341.2 338.2 331.5 321 328.2 332.4 335.6 337.8 338.3 336.3 334.5 333.3 331.6 329.3 325.5 324.2 323.4 323 321.4 318.7 316.6 314.6 311.9 308.9 306.7 315.1 314.2 312.5 319.1 327 329.9 330.8 353.6 352.9 355.2 356.5 356.9 357.1 356.4 353.4 351.1 349.8 348.1 345.6 342.5 337 336.1 336.8 338.3 338.1 336 330.4 323.6 315.2 308 303.4 304.6 304.3 300 294.9
309.2 310.6 313.4 320.6 332.5 338.4 347.5 350.6 352.1 352.1 352.6 354.1 355.1 356.5 355.8 351.2 347.8 343.7 341.5 337.2 331.2 321.2 322.2 328.1 331.3 332.6 334.4 335.2 333.3 330.9 329.1 326.8 323.6 321.6 320.9 321.1 321.1 319.1 316.3 314 310.5 306.1 310.9 316.7 316.2 315.7 319.8 326.3 330.2 330.9 348.6 348.6 350.5 351.3 352.7 352.3 351 349.7 348.2 347.1 344.5 342.5 339.4 335 333.1 334.8 336.2 337.5 335.8 331.2 326.2 318.2 309.5 307.3 308 307.8 302.8 296.6
309.2 310.6 313.4 319.3 333.8 342.5 350.7 352.4 352 352.1 351.2 351 351.7 353.5 351.7 349.8 345.3 341.7 340 336.5 331.3 323.9 314.2 323.3 327.3 329.6 331.2 330.4 328 327.8 326.5 324.3 321.2 316.4 317.2 319.9 319.6 319.6 316.8 314.8 304.9 305 315 317.5 318.6 317.7 320.1 326.4 332 335.3 342.6 343.3 345.1 346.7 347.7 347.4 345.9 344.6 344.2 342.5 341 339.2 336.3 331.5 329.2 332.3 334.9 338.4 337.4 334.1 327.1 320.3 311.9 310.4 309.5 309.1 303.4 296.3
309.6 311.9 315.5 320.9 336.3 343.9 352.7 352.5 351.5 351.8 350.6 351.1 351.1 349.9 349.2 346.5 343.7 342.1 339 335.4 331.1 325.2 315.8 318.2 323.4 326.2 326.7 326.7 326.7 324.5 323.8 321.3 319.3 314.6 313.7 317.6 318.3 319.5 318.3 315.5 302.8 307.3 314.7 319 321.3 320.9 323.2 325.4 328.5 331.8 338 338.7 340.6 342.7 342.4 343.5 342.7 340 339.5 338.7 336.6 335.2 332.7 328.3 326.6 329 333 336.7 337.8 335.5 328.6 322.5 313.3 311.3 310 309 301.8 294.6
310.6 314.3 321.9 329.1 339.6 346.1 349.5 350.8 351.1 351 351.3 350.5 349.3 348.8 347.2 344.8 342 340 338 334.7 330.9 325.2 315.3 308.7 319.2 322.5 324.2 324 323.3 322.2 321.5 318.6 317.6 314.3 313.7 315.7 317.6 319.2 317.9 305.1 302.8 311 316.7 320.5 323 325.6 327.5 328.7 330 330.8 333.7 336.1 335.7 336.9 336.6 338.2 337.7 335.8 335 334.8 333.1 331.5 329.4 326 323.7 326.4 330.9 336.2 337.2 335.3 329.8 323.7 315.2 310.2 308.6 304.1 300.7 295.2
315.6 320.5 330 335.7 340.8 348.5 350 350.1 350.1 350.8 350.9 351.6 350.6 349.5 348.4 345.4 341.6 339 337.3 334.8 331.3 325.5 320.3 304.8 317.2 319.1 320.6 321 320.2 319.1 318.1 316.4 315 312.7 310 313.8 315.4 316.6 313.5 300.6 307.4 315 319 322.5 325.8 331.5 332.8 330.3 330.8 329.7 332.8 332.8 330.6 331.1 331.5 333.2 333.1 331.9 330.7 331.2 329.8 328 326.5 322.9 320.3 323.3 329 334.1 336 334.7 330.3 324.4 314.9 308.6 308 304.3 299.1 294.8
319.6 328.2 335.7 339.3 341.7 346.9 349.1 349.1 349.3 349.6 350.5 351.1 350.6 349.6 348.4 346.3 343.3 340.9 339.3 336 332.9 326 320.4 303.7 314.3 315.9 317.1 317.5 317.7 316.4 315.6 314.7 313.3 311.3 296 311.1 312.4 311.7 299.6 304.3 313.9 318.2 323 325.5 331 335.7 338.5 334.3 328.8 328.5 332.4 329.6 326.2 325.5 326.4 327.5 328.3 327.8 327.3 327.2 326 325.3 322.7 320 317.3 320.4 326.1 331.8 333.9 332.9 329 323.6 315.5 307.3 306.7 304.2 299.5 293.9
327.7 334.6 338.5 341.3 343.1 346.6 348.5 347.4 347.7 347.9 348.9 349.7 350.7 349.4 348.6 346.8 344.4 342.7 340.5 337.8 333.5 327.3 320.3 305.1 299.6 312.6 313.2 313.8 314.1 314 312.4 312 311.4 309.3 289.3 300.9 287.7 293.9 297.9 311.3 317.7 321.7 327.7 331.3 335.5 339.5 342.1 336.5 328.5 325.8 330.6 325.2 321.7 319.7 321.6 323.6 324.1 324.1 323.8 323.4 322.6 322 319.9 316.9 315.8 317.5 323.3 329.3 331.4 330.6 327.6 323.2 314.9 307.1 305.8 303.3 296.7 293.1
331.8 336.5 339.7 342.3 345.1 347 348.5 347.9 347.1 347 345.6 347.2 349.5 349.9 349.6 347.5 345.6 342.9 342.1 339.1 334.2 328.2 322.5 314.4 296.9 304.5 308.5 310.1 309.7 310.4 310.2 310.4 309.2 305.1 283.5 300.6 285.6 296.8 309.7 315 320.3 324.5 331.7 335 339.2 343.3 343.1 337.8 329.5 315.8 327.2 323.9 318 316.1 316.9 319.1 319.9 320.7 320.5 320.9 319.6 318.9 318 314.8 311 314.7 320.7 325.4 328.8 328.5 325.3 320.5 314.4 306.5 304 302.5 296.9 294.5
333.4 339.2 340 341.2 344.8 347.2 347 346 344.8 343.8 342.7 343.8 348.4 349.8 349.6 348.5 347.1 345.1 343.2 341.2 336.9 330.6 323.8 317.4 310.6 293.5 294.9 305.9 307.1 306.3 307.6 306.8 305.4 300.7 277.3 290.8 293.3 304.5 311.5 316.9 323.5 329.6 334.8 338.2 341.8 344.1 343.8 338.3 331 323.4 311.2 320.4 315.7 311.7 313.5 314.7 316.5 317.4 317 316.1 316.8 316.3 315 312 307.7 311.6 316.7 322 325.1 324.9 323 318 312.9 306.1 301.6 301 295.9 289.6
332.9 339 339.4 340.1 344.3 345 346.4 344.3 343 339.4 340 342.1 346.1 349.1 348.9 349.1 348 346.3 344.7 342.3 338.7 333.5 326.2 318.4 311.5 304.7 286.2 297.3 303.2 304.4 294.8 303.1 293.2 279.7 277.2 290.4 299.5 310.1 316.5 320.7 324.7 332.4 337.4 340.7 343.7 344.5 343.3 338.2 331.8 324.9 317.4 304.7 300.9 303.2 308.7 309.1 311.6 313.5 313.8 313.6 313.7 312.9 312.2 309.7 304.5 308.7 312.6 318.5 321.1 321.4 318.8 315.2 310.5 304.6 299.9 300.4 294.9 289.8
332.3 337.7 338.2 340.5 344.7 343.8 342.4 342.6 339.8 336.9 338.1 338.6 344.2 347.1 348 349.5 349.1 346.9 345.9 342.8 340.5 335 329.2 322.5 315.8 309.1 294.6 279.5 297.7 301.4 283.7 291.9 276.3 266.7 284.9 298.3 305.8 310.7 316.2 321 326.7 333.7 337.9 342.2 346.1 346.1 343.6 338.4 332.3 325.3 319.6 313 303.7 302.7 293.4 304 307.1 308.2 306.6 306.1 310.9 310.1 309.3 307.1 299.8 307 309.7 314.8 317.1 318.1 316.1 312.7 308 302.5 296.8 296.9 293.4 289.2
331.5 332.8 334.7 339.3 341.8 343 340.7 341 338.3 335 336.5 336.3 338.7 342.4 344.1 346.3 346.6 346 344.6 341.5 340 334.9 330.2 324.3 318.1 311 302.5 285.3 284.6 289.9 276.8 265.3 267.6 275.3 293.3 299.5 307 311.6 316.3 320.4 327.2 335.4 339 343.8 347.9 348 345 338.8 332.3 325.7 320.3 314.4 309.3 302.8 294.9 297.6 301 304.8 306.6 300.6 306.9 307.2 306.4 303.9 296 304.2 306 310.4 313.7 315.1 313.3 309.9 305.2 299 294.7 294.5 291.6 287.6
331.1 329.2 333.7 336.1 340.9 340.9 338.9 337 335.6 333.1 331 332.1 334.8 337.5 341.3 343.2 345.1 345.5 343.1 341.1 338.5 335 329.4 323.4 317.5 310.8 301.9 289.3 267 268.7 264.8 262.5 266.7 286.5 286.7 302.1 307.3 311.7 316.4 321.5 328 335.9 340.2 343.7 349.4 350.6 346 340.9 333.7 326 320.6 315.9 310.9 305.6 298.9 291.9 295.5 297.7 302.3 299.5 304.7 304.9 303 301.6 291.8 300.8 303 306.3 310.1 310.8 309.4 306.9 302.8 295.5 291.1 292.3 290.1 285.7
330 327.6 330 333.8 339.1 338.8 336.5 333.5 332.7 331.2 328.3 329.6 330.9 331.7 336.2 339.9 343.8 343.8 341.2 339.4 336.5 332 327.9 322.9 316.5 308.6 296.8 286.1 266.3 258.2 259.5 263.8 284 292.8 298 304.7 306.9 312.7 317.2 323.3 330.1 336.8 340.9 344.5 349.7 351.2 346.7 340.2 335.3 328.9 321.4 316.6 312 306.7 300 291.1 281.8 291.2 296.3 296.6 301 302.2 300.7 298.3 287.8 298 300.8 302.3 305.5 307.4 305.8 304 300.1 293.7 288.6 291.3 291.1 284.2
328.4 325.6 328.8 330.8 337 337.2 334 332 329.6 327.4 325.6 325.7 326.5 328.4 330.9 335.9 337.8 339.5 339.3 337.6 334 330 324.5 321 314 306.3 297.8 282.1 264.5 257.4 271.1 279.6 290.5 296.5 302.4 305.2 308.6 315 320.4 326.2 332.9 338.1 341.7 345.6 350 350.3 346.8 339.9 335.2 329.8 322.4 317.3 312.6 307.6 301.7 293.3 281.9 276.4 290.2 293.1 294.7 299.8 298.3 295.2 284.4 293.3 297.2 298.6 301.2 304.4 302.8 300.4 296.6 292.3 285.8 289 289.7 283.1
326 324.6 327.7 332 333.4 335.1 333.1 331.2 328.9 326.9 324.5 322.8 322.5 324.4 327.1 331.5 334.2 333.8 334.9 332.9 329.2 326.3 322.2 315.2 308 301.1 293.8 268.7 254.8 258.8 279.2 288.4 294.9 301.2 303.8 306.1 309.7 314.5 323.1 330.2 336.1 341.1 345 348 350.3 348.4 345.2 339.8 335.2 330.2 323.6 318.3 313.7 308.3 303.8 296.7 287.3 269.5 280.7 288.1 290.7 294.7 295.2 292.5 282.1 288.5 293.3 295.4 296.3 300.5 299.6 295.2 291.9 288.1 284.6 285.9 286.7 278.9
325.1 322.3 325.7 329.7 331.8 331 329.5 328.7 328.2 324.9 322.4 321.4 320.2 318.8 320.9 325.5 328 329.9 330.2 327.8 324.5 320.4 316.5 308.1 302.5 297.9 280.7 255.2 253.8 275.3 284.4 290.2 298.2 302.6 303.5 306.7 310.8 315.3 324.9 332.2 339.1 344.3 348.7 352.1 351.4 344.9 342.6 341.7 336.4 331.5 325.8 317.9 313.2 309.8 305 295.4 285.8 266.1 275.3 282.8 284.9 286.6 291.2 289.4 284.9 286 290.3 290.9 292 297.1 297.1 294.4 287.9 285.3 283.3 284.6 281.9 277.4
