ny/ny09_OST50GRID_20230518/NY09.asc
ncols 200
nrows 200
xllcorner 300000
yllcorner 590000
cellsize 50
[rows 105 to 139 of 200, columns 78 to 155 of 200]
303.6 299.7 293.8 290 287.2 281.5 272.5 260 253.8 247.6 246.5 243.8 240.8 236.3 230 227 225.9 232.6 236.5 238.3 238.9 233.3 228.6 226.2 226.6 219.5 198.4 203.4 217 218.9 219.7 216.9 211.4 203.2 198.2 198.4 203.9 210.4 217.7 218.1 213.7 206.3 191 171.1 160.1 158.2 148.2 146.5 139.3 142.4 143.7 140 135.9 132.5 125.5 125.4 125.8 126.4 126.9 132.9 132.7 132.8 134.1 142.6 153.1 160.9 175 191.2 202.7 204.9 203.2 204.7 208.7 212 212.3 211.8 212.8 213.4
306 298.9 293 288.3 285 279.8 270.4 259.2 252.9 246.5 246.6 246.4 236.1 233.6 230.2 225.4 226 230 233.6 235.4 236 230.2 226.1 222.8 223.8 216.6 203.4 196.1 213.1 216.5 217.2 213.9 208.7 201.7 195.3 195.2 202 211 219 218.5 216.5 211.4 189.2 172.2 170.9 161.6 150.4 146.8 142.2 139.2 143.4 140.7 137.9 132.9 126.8 122.1 125.3 125.4 125.4 130 131.9 132.5 133.4 142.7 152.8 161.2 172.7 187.5 199.7 203.3 200.9 203 208 211.5 210.6 211.5 212.4 213
305.3 298.1 292 285.3 280 277.5 269.6 258.5 252.7 246.1 246.1 244.2 233.5 231.4 228.4 224.3 225.3 230.1 231.3 233 232.9 226.1 222.8 220.2 219 212.6 199.5 198.1 208.7 213.4 214.2 211.2 206.4 199.7 193.4 192.8 200.7 211.5 219 218.7 220.8 211.1 186.9 176.9 173.2 163.9 151.9 148 144.5 138.3 138.4 140.3 139.9 133.4 133.8 121.6 124.4 124.6 125 124.4 130.8 131.6 133.6 141.9 152.5 161 172.3 184.6 194.8 197.8 198.4 200.9 208.2 211.3 210.6 211 212.6 212.8
307.1 296.9 290.3 285.1 274.8 272.4 265.8 257.8 250.9 245.6 243.4 239.9 232.5 230.9 227 223.3 223.6 229.7 229.1 230.6 230.7 223.9 220 218.3 215.6 209.2 196.3 194.1 204.1 210.1 210.3 208.5 205.2 198.4 190.7 190.9 198.6 209.6 217.4 218.7 220.5 200.3 185.2 185.6 173.4 165.7 153.7 149.2 148.4 144.3 138.7 133.6 135.4 132.6 134 123.2 124.8 124.3 123.9 122.5 128.3 130.8 134.5 143 151.4 160 172.9 184 192.9 196 195.3 200.9 206.8 209.7 208.7 211.7 213.8 213.8
306.1 295.9 288.2 284.2 279.9 274.5 263.6 259.4 249.7 245.3 243.9 238.2 233.6 230 226.2 222.9 223.4 228 228 228.3 228.4 222 219.4 216.9 213.4 205 191.6 190.3 200 205.3 206.1 205.3 202.5 196.1 189.2 188.2 197.9 209.4 217 217.4 217.8 197.9 190 184.4 173.8 168.7 155.2 150.4 152.5 148.2 145.2 140.5 137.5 132.4 132 123.7 124.1 124.3 122.6 123.3 128.2 130.8 134.7 143.1 151.3 160 171.3 182.5 189.7 192.5 194.7 200.4 205.8 207.3 209.5 213.8 218.7 218.9
305.4 294.3 286 281.7 277.7 271.9 266.5 261.4 257.6 246.1 241.9 236.9 233.4 230.4 227.6 222.6 222.1 227 226.3 227.4 225.6 220.5 217.3 214.9 210.1 202.7 191.9 189.4 198.2 201.8 201.2 202.2 199.8 193.4 186.2 186.3 195.7 207.3 215 216.1 211.7 201.5 195.6 183.7 175.7 170.9 157.9 154.8 149.2 144.3 140.2 140.2 141.9 136.8 132.5 130.2 122.7 123.2 123.5 123.2 128.3 130.7 134.5 141.7 150.2 160.1 171.1 180.1 188.2 189.5 191.9 200 203.7 204.9 211 219.4 222.9 221.4
304.7 292.9 284 279 276.8 271.6 266.7 261.7 255.8 244.8 240.2 236.8 234.1 233.1 230 224.2 221.5 220.1 220.4 224.1 224.7 219.7 216.2 213.2 207 202.2 186.5 185.9 191.9 197.9 197.5 199 197.7 191.6 182.4 184.9 193.6 205.9 212.6 214.9 209.5 205.4 195.6 186.4 178.5 172.5 160.6 160.1 152.5 144.2 142.5 144.6 143.8 139.4 133.6 130.6 119.8 122.9 122 122.3 123 129.1 135.3 140.6 148.7 159.1 170 179 185.6 184.9 188.1 198.3 203.9 206 212.6 222.1 223.2 221.3
304.6 289.5 282.1 276.9 277.2 271.2 266.7 258 248.6 245.2 239.4 237.3 235.2 234 228.8 227.5 225.8 226.5 224.8 216.1 219 216.3 213.7 212.2 207.7 196.1 194.5 190.5 181 191.4 193.9 197.1 193.6 187.2 180.3 182.7 192 203 211 211.7 211.4 204.9 197 189.7 180.2 174.1 160.9 167.9 156 150.6 140.1 144.4 145.2 140.6 135.1 131.2 122.8 119.9 121.8 122 123.9 130.4 134.8 140.8 148 158 168.5 176 181.3 182 190.1 197.1 202.5 206 212 220 220.4 218.4
303.3 290.8 280.9 275.3 276.8 271.6 265.9 257 247.9 244 239.7 237.3 234.6 233.5 234.2 233.6 229.3 228.4 231.4 223.5 213.2 213.2 208.6 204.9 199.4 201 197.8 194.1 190.3 173.2 191.1 194 191.9 185.1 177.4 179.9 189.1 200.2 208.4 210.6 210.8 203.2 201.4 192.5 187.3 177.7 160.7 170.4 159.5 148.4 143.3 140.1 143.1 142.9 136.3 131.9 123 121.3 119.4 121.5 124.7 129 132.1 139.1 146.8 157.2 166.5 175 179.2 182.1 188.4 196.4 201.1 205.5 210.9 215.6 216.5 212.6
302.4 292.3 282.7 275.9 274.7 271.2 264.4 255.7 247.8 244.6 240.3 238.1 235.1 236.2 236.8 239 235.9 230.2 229.9 228.9 224.7 221.9 217.9 216.6 211.8 212.9 208.6 198.4 190.3 171.2 186 190.6 188.3 181.8 174.5 178.1 186.5 198.8 206.3 208.9 208 202.6 201.7 194.6 189.2 179.8 165.1 160.6 153.5 149.4 144.7 140.2 139.1 136.3 134.4 133 131.6 121.4 121.7 121.4 123.4 127.8 130.4 136.8 145 154.8 163.9 171.9 173.3 178.9 188 195.4 200.3 203.1 208.4 211.8 212.8 211.3
300.5 291.9 285 277.5 273.1 271.3 263.5 253.7 249.1 246 242.2 238.5 238.1 238.2 242.1 244.4 240 231.9 229.7 229 227.8 222.4 220.8 217.8 219 213.2 209.2 199.7 191.4 180.3 170.2 184.1 186 179.3 172.4 176 185.3 196.2 204.4 206.2 206 202.7 200.4 195.1 185.4 178.7 187.5 176.2 162.2 157.5 150.1 146.7 146 143.6 138.1 135.8 132.8 120.4 121.2 118.3 127 128.6 130.2 135.9 142.6 150.7 158.5 165.1 172.7 179.6 187.7 193.7 197.5 200.6 205.3 208.2 208.9 209
298.9 293.7 286 277.9 273.4 271 264.6 254.6 248.7 244.8 244.8 239.9 240 241.4 247 248.3 240 232.4 229.2 230.2 228.3 223 219.6 218.6 219.1 215.7 209.5 201.4 194.6 182.6 168.9 175.8 182.7 176.5 170.6 174.3 184.9 194.4 201.9 203.4 202 202.9 201.7 195 189.6 193.6 192.1 178.7 165.3 159 154.1 149.1 146.3 145.6 139.6 133.4 131.1 120.4 120.6 120 122.7 128.7 131.1 134.7 140.9 148.7 158.9 165.3 171.5 178.5 188.9 194.1 195.3 198.5 202.3 205 205.4 203.4
297.1 293.2 287.3 275.8 271.1 268.2 262.4 255.4 248 244.7 242.8 240.3 241.7 245.1 243.6 246.1 236.3 231.7 227.8 228.3 228.1 223.4 220.1 220.2 220.1 219.2 211.7 204.3 196.3 186.4 182 174.7 165.6 173.8 167.7 172.7 182.4 192 199.4 200.3 200.3 203.5 202.2 197.1 196.7 197.8 195.5 182.1 166.4 158.2 154 151.2 147.1 145.6 138.8 132.4 129.7 120.2 119.6 119.7 118.8 125.8 130 133.7 139.9 147.8 155 161.6 169.1 180.8 190.3 193.3 193.9 195.6 199.4 201.1 201.4 199.4
295.5 292.3 288.3 278.8 273.3 269.5 262.4 252.3 250.9 245.5 243.8 241.5 244 244.5 251.4 237.2 243.2 231.3 226.7 226.8 229.4 223.7 220.4 220.9 220.8 221.1 213 204.6 196.4 182.6 179.9 179.4 162 168.4 166.1 171.1 180.5 190.1 196.1 197.5 198.8 202.5 204.3 199.1 199.6 202.2 198.4 183.2 169.6 158.1 152.9 150.6 146.9 144.5 138.2 132.9 126.6 119.3 119.2 119.6 119.1 125.4 129.1 133.8 139.4 145.8 153.9 159.8 167 181.1 190 190.9 190 192.3 195.5 197.6 198.1 195.7
294.4 291.1 287.9 277.1 273.6 268.3 261.9 254.3 248.4 246.8 242.8 242.3 244.2 248.3 251.4 249.9 243.7 236.2 230.7 225.2 225.3 222.4 220.7 219.6 221.9 221.8 210.9 198.4 194.5 185.9 178.5 172.3 162.8 159 160.4 167 178.7 187.4 193.3 194.4 196.3 201.8 202.3 199.5 202.8 206 200.4 186.4 172.3 159.4 154 150.3 146.4 143.1 138.3 133.9 121.2 118 118.7 118.2 118.4 126.6 128.6 133.5 138.1 144.9 151.8 157.8 164.1 176.6 184.9 186.5 186.2 189.7 192.3 193.7 193.9 193.1
292.5 289 285.5 276.7 273.4 267.8 262.7 255.1 247.7 245.2 244.2 243.9 244.7 247.3 250.1 249.4 242.9 236 234.1 228.8 226 221.3 220.3 219.3 217.1 209.8 206.8 201.7 197.3 183.7 179.1 179 180.1 168 155.7 163.2 175.8 184.7 189.4 192.1 195.3 203.8 202.4 199.2 205.1 209.8 203.3 186 170.6 161.1 156 146.3 145.6 140.9 138.6 132 128.3 117.3 119.4 117.7 117.8 124.8 129.4 131.9 136.3 142.7 149 154.3 163.2 172.2 180.4 182.4 183.5 186.8 189 189.9 190.5 190.7
289 286.8 282.2 274.6 272.9 268.5 262.4 255.1 247.6 246.3 245.3 244.5 245 247 248.7 246.9 242.9 234.7 233.6 232.1 229.1 222.1 219.8 220.4 223.4 221.7 213.9 203.3 187.4 184 180.4 178.5 178.7 165.3 154.3 161.7 175.5 181.7 187.7 189.8 193.7 203 201.3 199.6 206.5 210.9 203.2 184.9 168 162.3 156.5 143.8 144.7 139.5 136.1 131.6 129.7 117.8 118.1 115.8 118 125.9 127.5 130.3 135.3 140.8 146.2 152.8 161.2 169.9 176.1 179.7 182.1 184.9 186.4 186.8 185.7 186.2
286 282.3 280.1 273.3 271.5 267.5 261.8 254.6 249.4 247.5 244.9 243.2 243.4 245 246.8 245.3 240.2 233.6 232.5 230.7 227.7 222.6 219.3 220.4 223.6 220.2 212.3 203.2 196 184.9 181.4 180.2 175 165.3 154.9 153 162.3 180.1 186.9 187.6 190.6 202.4 200.5 198.3 207.9 210.1 200.7 183.7 167.9 162.7 155.6 144.7 140.7 137.4 134.9 130.7 129 117.9 116.6 117.1 118.5 125.1 126.8 130.3 135.7 140.2 145.6 151.8 158.5 167.2 173.4 176.7 180.4 183.4 185.1 185.6 183.2 183.7
288.1 282 270.6 269.7 263.7 259 257.5 253.4 248.5 245.6 243.7 241.6 241.5 243.2 244.2 243.2 238.7 233.5 231.7 228.8 226.1 222.4 218.9 221.1 223.4 219.5 211.8 201.3 195.7 185.9 183.1 180.1 176.2 167.3 164.9 156.7 151.2 178.4 183.8 185.3 189.7 199.9 197.1 198 206.4 207.2 197.2 177.6 168.4 163.5 155.2 148 141.4 137.2 134.1 131.8 129.5 117.5 114.8 117.3 119.5 125.1 127.5 130.8 134.4 139.5 144.7 149.5 156.5 165 170.8 174.7 178.8 181.7 182.9 182.4 180 179.1
288.4 282.1 279.4 272.4 268.8 264.9 261.6 254.5 250.5 247.6 244 240 239 242 242.6 241 235.8 231.9 230 227.9 223.4 222.3 220.3 222.4 221.9 218.6 212.9 200.5 193.9 190.1 185.7 183.3 177.9 169.4 164 152.8 151.9 176.3 180.9 186.7 189.9 198.7 193.5 197.3 204.4 205.5 192.9 180 166.4 161.7 156.7 146.7 143.1 142 136.7 131.6 128.7 122.3 116.5 117.1 122 125.5 127.2 129 133.2 138.5 143.8 148.6 155.3 164.1 170.4 174.1 178.4 180.1 180.9 180.1 178.9 177.6
287.4 283.2 277.4 272 268.2 265.9 261.6 256.3 251.4 248.6 244.5 239 236.1 240.5 241.1 239.2 233.5 230.3 227.9 226 223.4 222.4 218.5 222 220.8 217.3 211.7 199.8 192.9 189.3 187.2 185.5 178.9 170.7 164 157.3 148.6 161.5 178 181.6 188 197.4 191.1 195.4 203.1 201.3 190.2 181.2 164.9 162.3 155.7 146.7 144.1 141.8 138.3 133.2 128.7 122 115.9 117.4 124.5 125.6 127.5 129 132.1 136.9 141.7 145.9 154.3 163 170.2 173.6 177.6 180 180.9 178.9 177.1 175.4
288.7 284.6 278.2 271.1 268 265.7 261.4 255.5 252.4 249.2 244.7 240.5 235.5 236.9 239.3 237.4 231.6 228.5 226.6 224.3 223.2 222.7 218.2 222.3 220.2 215.9 210.5 199.2 192.1 187.9 188.9 187.2 179.6 172.6 164.2 160.3 147.7 151.4 174.9 178.2 185.3 191.4 187.9 193.9 200.2 194.6 186.8 178.2 162.7 159.8 153.7 145.4 143.9 140.4 137.6 133.5 129.6 123.6 114.3 118.2 124.4 126.3 127.2 128.8 133.2 135.8 138.9 145 152.2 161.5 169 172.4 175.6 177.5 178.6 176.3 173.8 173
288.2 284.1 278.4 270.6 267.8 265 261.9 256.7 253.2 249.9 246.2 240.8 237.2 231.9 236.5 235.7 229.8 226.3 224.2 223 222.2 221.9 218.2 220.6 219.9 214.8 209.2 198.8 191.6 188.1 192.3 188.6 181.8 173.7 164.1 159.5 152.8 145.8 170 175.4 182.1 188.3 185.7 191.9 196.6 191.7 184.8 176.5 159.8 155.7 151.2 143.9 141.5 137.3 136.2 134.2 131.5 124.5 112.7 116.9 125 125.5 126.9 132.2 134.4 136.4 138.2 143 151.4 161.5 167.5 171.1 173.6 175 175.9 173.5 171.5 170.9
287.2 283.4 277.9 270.8 267.2 265 261.9 258 254.6 251.2 247 240.8 237.1 233.7 231.4 233.2 228.1 224.5 223.2 222.6 222.1 221.6 217.2 219.9 218.4 214 207.3 198.2 191.8 185.4 191 187.1 180.6 174.2 165 157 146.8 144.1 166.1 172.5 179.5 184.8 183.7 189.7 195.6 189.7 182 171.8 157.3 154.9 147.5 143.4 139.9 136.3 135.6 134.6 132.4 124.8 119.8 115.5 124.7 125.4 130.4 133 135 135.8 137.1 141.3 149.4 159.8 165.1 168.7 171.5 174.2 174.2 172.8 171.7 170.9
285.5 282.3 276.6 271 266.7 264.6 261.9 258.3 255 251.8 246.9 241.2 237 236.5 229 229.6 226.2 224 221.6 221.7 221.5 221.2 214.9 218.8 218.2 213 206.3 198 191.9 184.8 187.7 186.2 177.7 174.9 166.2 162 153.3 143.2 158.3 168.9 176.5 181.3 182.4 190.2 194.3 187.7 180.1 168.9 157.8 152.3 142.8 140.8 136.7 134.9 134.6 134 131.6 125.3 120.2 116 121.3 125.9 131.2 132.6 134.4 135.3 135.6 139.3 146.4 157.5 163.1 166 170 173.1 173.8 173.9 172.8 170.7
286.6 281.5 274.6 269.6 265.5 264.3 261.5 258.6 255.2 251.2 246.8 241.2 236.5 235.9 232.8 224.8 223.4 222.5 220.9 220.9 220.4 216 213.7 218.4 217.1 211.2 204.7 197.7 190.1 186 185.3 183.4 177.3 176.4 174.4 161.8 154.1 142 157.7 167 173.2 177.1 180 189.7 191.5 184.6 177.3 165.3 154.7 150.4 143.5 141.9 135.6 134.2 134.1 128.2 126.7 124.8 120.8 109.8 120.9 127.6 131.6 133 132.9 133.6 135.3 139.7 145.8 154.2 160.1 163.9 168.6 172 173.7 173.1 172 169.3
286.5 281.1 274 269.7 265.4 263.5 261 258.7 254.6 250 245.8 241.1 236.3 233.7 232.9 229.4 223.1 220.9 219.3 220 219.7 214.1 212.7 217.4 215.5 210 203.7 196.3 190.4 187.5 184.5 184 178.7 175 175.1 159 146.1 140.3 155.9 162.2 168.8 170.2 177.5 187.4 188.7 182.1 174.4 165.3 147.3 144.3 147 137.3 134.9 133.9 130.6 133.3 130.3 123.8 120.6 109.1 121.1 129.3 132.4 134 132.7 132.4 134.3 137 144 152 157.2 161.6 166.5 171 173 171.3 170.4 167.5
284.1 280.1 273.7 270.2 264.9 262.8 261.3 259 255.3 250.4 245.9 240.4 236.2 233.2 231.9 228 223.6 220.6 217.9 216.8 219.1 212.6 211.7 217.1 215.8 209 202.9 194.9 191.4 188.6 186.2 183.8 180.7 174.8 174.5 166.6 156.2 141.3 154.1 160 163 168.5 175.2 185 184.7 177.5 172.6 161.4 143.2 149.2 144.8 135.9 134.3 132.3 132.2 135.1 132.1 125.6 119.1 108 123.8 129.5 133.8 134.9 133 132.2 133.5 135.9 144.4 149 154.6 159.8 165.7 168.1 171.4 170.1 168.2 166.7
282.7 279.1 274.5 268.9 264.3 262.1 260.4 258.7 255.5 250.6 246.1 240.8 237.5 233.3 231.5 228.7 222.7 219.3 216.9 215.9 214.9 212.2 212.6 215.7 212.7 208.7 202 194.7 189.3 187.3 186 184.4 180.9 175 174.5 166.2 158.8 144.5 143.1 152.1 160 164.6 172.6 179.6 179.6 173.7 168 153.9 145.5 148.2 143.2 135.6 134.1 130.8 132.3 135 132.1 125.2 110.1 123 126 132 134.8 136.2 134.1 132.2 133.3 135.9 142.1 145.7 151 156.6 163.6 167.2 168.6 168.1 167.4 166
282.1 278.8 273.6 268.2 264.2 262.1 260.4 258.7 255.2 250.9 245.6 240.4 237.3 233.3 231.5 228.9 222.5 219.2 215.5 213.9 213 211.9 211.8 214.2 211.9 208.2 202 193.8 188.7 187.4 186.1 183.4 179.9 175.1 172.2 164.7 159.2 153.9 136.4 139.8 151.7 161.1 168.5 175 175.6 169.5 164.9 148 148.4 145.5 140.9 135.8 133.5 131.5 133.3 135.1 132.1 125.8 113.5 120.4 127.5 132.5 134.8 137.4 135.1 132.7 132.7 135.2 140.1 143.5 148.8 154.5 160.7 164.8 166.5 166.7 165.6 164.1
280.9 279.3 272.6 267.4 264.6 262.5 261.1 258.6 255 250.4 246.2 240.7 237.1 233 231.6 228.2 222.2 218.4 214.2 212.7 212.3 211.3 211.1 213.5 211.7 207.3 201.6 193.4 189.9 187.7 185.7 182.4 178.2 174.3 169.6 164.9 158.8 156.6 145.2 136.9 147.3 156.5 156.3 165.1 173.2 165.9 162.2 146.8 143.6 142.3 137.6 136.3 134.3 131.9 132.6 134.5 129.5 125.5 113.8 120.2 129 132.6 135.4 138.5 136.2 132.2 130.5 134.7 138 143.2 146.5 151.9 158.1 162.1 164.6 164.5 162.7 162.3
280 275.7 272.6 266.7 263.9 262.2 260.9 259.7 255.5 251.5 247 241.4 236 233.7 231.3 227.9 221.5 217.5 214 211.4 211.1 210.2 210.8 213.8 211.1 206.1 199.4 194.4 191.1 187.3 184.6 180.7 176.7 173.8 169.9 164.1 159.6 153.1 148.2 133.9 145.7 155.9 156.3 155.9 167.9 164.5 157.8 140.3 141.3 139.5 137.3 135.3 133.3 133.6 134.2 135.1 131.3 125.4 114.7 118.5 128.7 133.2 136.1 138.8 136.9 131.6 130.4 134.5 136.5 141.3 143.5 149.3 154.4 159.1 161.7 161.9 160.6 160.8
277.9 271.8 269.9 264.4 262.8 262.3 260.7 260.5 256 251.7 247.6 241.8 235.8 233 230.5 226.1 220.6 217.1 214.1 210.5 210 208.8 210.5 211.9 209.5 204.4 198.8 194.3 190.9 186.9 184.1 180.2 176.3 173.7 169.3 162.4 158.6 149 145.1 134.5 143.2 154.6 159.9 161.2 148.6 153.2 152.6 138.2 137.4 136.9 136.6 133.6 132.4 132.7 134.3 135.5 131.4 126.4 119.2 112.3 128 133.1 137 139.1 137.2 132.3 130.2 133.4 135.5 139.1 142.3 147.5 152.8 157.4 159.8 159.3 158.8 158.9
274 268.7 268.1 261.9 262.1 262.3 262.1 260.8 255.8 252 248.2 242.1 236.8 232.5 230.7 227.4 219.6 216.2 214.1 211.3 209.1 208.4 208.6 210.5 208.6 202.4 195.2 192.9 189.4 185.5 183 179.6 176.2 173.5 168.5 161.2 157 146.9 139.3 133 146.1 152.7 158.2 162.5 147.5 144.1 148.7 137.2 136.1 136.3 135.4 133.6 133.4 133.7 135.4 136.4 133.5 129.9 122.6 109.3 126.3 133.2 137.4 140.1 137.7 132.5 130.2 132.4 134.9 137.2 141.2 146 148.9 154.7 157.8 157.5 157.1 157
270.3 268.3 267 261.8 263.2 264.1 263.8 261.5 256.3 252.1 248.4 242.9 236.4 232.1 230.4 226.6 219.2 216.9 214.2 213 209.7 207.2 207.2 209.1 207.9 201.1 195.6 192.3 187.8 183.7 180.5 177.5 176 172.9 167.2 160.3 152.8 145.4 138.6 133.2 146.9 151.3 156.9 162 152.9 143.4 145.1 135.7 134.6 134.4 134.7 135.1 135.3 133.1 137 136.4 134.5 132.1 123.6 99.8 121.4 131.9 138 139.7 137.5 133 130.2 131.6 133.6 136.3 139.3 144.7 147.5 152.5 155.7 155.9 155.5 155.9
