ny/ny09_OST50GRID_20230518/NY09.asc
ncols 200
nrows 200
xllcorner 300000
yllcorner 590000
cellsize 50
[rows 140 to 174 of 200, columns 0 to 77 of 200]
323.1 320.3 323.6 326.3 328.1 329.8 329.4 328.1 326.8 322.4 321.7 319.3 317.6 315.4 315.4 317.8 321 323.8 322.7 323 319.7 314.5 306.6 302.5 299.2 284.6 271.3 251.3 253.8 277.3 284.8 291.1 299.4 298.5 304.5 307 310.4 317.6 326.1 333.6 341 347.5 353.8 355.7 355 342.8 341.2 339.6 336.7 325.5 319.3 309.5 306.9 306.4 303.3 294.8 284.7 264.8 269.1 276.2 278.6 280.9 282.2 285 281.9 278.8 285.1 286.6 289.3 293 293.6 291.5 286.1 281.4 281 281 279.1 273.2
322.7 318.9 319.6 322.9 325 327.3 328.8 329.4 327.8 323.6 319.9 317.9 308 310.8 310.6 313 315.9 317.1 317.7 315.9 312.6 307.2 300.7 297.7 294 283.8 256.1 249.9 262.6 278.1 285.7 291.9 292.2 301.9 306 309.2 313.7 319.1 328.4 335.3 341.8 348.3 355.1 361.3 356 348.8 346.2 341.7 337.1 337 329.3 319.1 306.8 295.7 295 291.1 282.7 266.1 259.5 269.8 273.7 274.8 275.4 275.9 277.6 266.3 278.6 282.2 283.9 286.1 290.7 288.7 285.2 278.7 279.4 276.7 274.5 268.1
322.1 318.7 312 317.5 320.7 323.6 327.1 328.5 327.9 325.6 321.6 317.1 311.9 298.2 300.8 307.6 310.5 311.7 311.1 309.7 306.8 301 296.6 291.9 287.2 281.7 249.9 249.6 260.3 275.2 276.4 281.7 297.1 304.4 306.6 312.2 317.7 325.3 333.5 339.2 343.5 349.3 355.5 359.6 357.3 351.1 345.6 340.2 341.9 338.5 332.9 324 318.5 308.9 301.1 296.9 289.3 282 271.8 255.7 264.1 267.7 269.4 268.6 268.7 258.7 273.2 276.4 278.6 280 285.7 285.8 283.2 276.6 275.4 272.5 268.6 262.2
321.7 319.2 314.6 308.7 315 319.3 324 326.5 327.9 326.5 324.8 320.8 315.1 308.5 295.8 290.1 304.5 307.4 307.1 304.5 301.2 295.1 291.9 287.1 286 275.8 252.5 245.8 265.2 276.6 284.6 294.6 302.3 306.1 310.6 316.5 324 332.1 338.2 342.6 346.5 350.2 354.8 358.4 357.5 349.2 345 344.2 344.5 339.9 335.2 328.4 322.9 315.7 307.4 302.4 299.6 292 284.3 275.2 263.3 249.3 258.3 262.4 261.6 248 267.7 269.7 274 276.2 281 282.5 281.2 274.5 270.9 270.7 264.8 259.2
323 319.6 315.4 310.1 305.4 314.6 320 324.5 326.2 325.9 325.8 324.6 318 309.3 297.4 286.5 290.4 300.2 299.9 298.1 295.4 290.8 285.8 282.1 279.8 264.2 245.4 252.5 269.2 281.2 290.2 302.2 310.8 310.2 315.2 321.8 331.8 339 343 347 350 352.6 354.4 355.5 354.6 352.2 350.7 350.9 347.7 343.3 338.4 332 325.7 319.5 310.3 305.2 301.1 295.2 289.5 282.2 275.4 267.1 251.7 244.6 251.2 254.4 262.3 265.7 269.5 272.8 276.4 279.8 278 273.4 265.9 267.6 261 258.5
320.3 317.3 313.4 308.7 300.6 309.5 314.4 319.8 322.9 324.8 326.5 327.4 321.4 313.1 302.9 295.9 280.5 287.4 293.5 292 289 284.7 278.5 274.9 269.1 242.4 244.4 261.5 277.6 288.2 297.1 308.9 317.2 317.2 319.9 330.9 340.6 344.6 348.4 352.5 355.4 357.8 358.4 357.5 354.8 351.8 350.6 351.3 348.6 343.4 338.5 332.3 326.6 321.2 312.2 305.8 301.7 297.8 292 286.6 280.3 273.7 266.3 257.4 239.3 240 254.9 260.4 264.7 267.5 271 274.3 275.2 268.6 267.6 264.8 257.6 258
320.3 315.5 310.4 306.4 301.8 301.6 308.3 314.4 319.1 320.8 325.4 326.5 323.3 315.6 305.3 297.6 279.8 274.9 286.8 285 281.8 279.1 264.4 268.7 245.5 241.3 252.6 269.8 284.3 293.3 301.9 311.8 321.2 320.5 326.9 339.6 346.2 349 353.6 358.6 361.6 363.1 362 358.7 354.6 350.9 350 349.4 347.5 341.9 337.7 332 326.5 321.6 312.9 306 302.3 297 291.9 287.3 282.8 278.2 273.1 266.4 260.5 241.1 241.1 254.6 259 262.4 265.2 268 269.7 261.8 261.8 258.2 254.5 259.2
320.3 316.4 312 306.5 302.1 297 301.2 308.9 312.5 317.8 322.6 327.1 325.4 318 308.7 300 287 268.9 271.5 278.9 276.2 273 256.3 245.5 239.6 245.3 263.5 279.2 295.1 303 309.4 316.7 326.9 325.6 333.9 346 350.4 353.1 359.6 364.9 368 368.8 366.1 359.2 353.8 350.2 349.2 348 345.2 340.5 336.1 331.3 325.7 321.6 313.8 306.1 301.8 298 292 286 281.5 277.9 273.7 268.9 263.2 245 233.7 249 254 257.3 260.2 262.3 264.9 260.2 256.2 252.2 254.7 260.2
322.3 317.2 312.7 307.1 301.9 297.1 289 302.6 307.4 313.2 318.5 324 325.6 321.5 313 301.1 291.4 282.4 259.4 266.1 267.7 264.2 247.9 238.8 242.5 257.2 272 289.7 305.2 314 320.8 326.6 330.5 336.3 342.7 350.4 353.4 358.6 366.9 371.7 374.3 372.3 367.7 360.7 353.4 350.4 348 346.2 343 338.3 333.8 329.7 324.8 320.7 313.8 305.6 302 297.6 292 285.8 281.8 276.7 273.1 269.2 261.6 245.3 229.2 244.7 249.6 252.5 254.5 255.9 257.6 260.4 251.8 245.3 254.5 259.5
323.3 318.1 313 307.4 301.3 294.8 292.1 289.4 301.4 307.3 312.8 320 325.5 323.5 315.3 304.2 293.8 282.8 270.7 249.6 259.8 260.8 240.5 237.4 252.8 265.4 282.7 299.6 313.9 324.3 334.5 341.7 338.6 340.9 348.2 354.2 358.3 365.2 373.7 378.6 380.6 373.4 368.8 362.7 354.1 350.5 347.6 344.2 341.8 336.5 331.5 326.7 322.8 319.5 313.6 305.4 300.2 296.8 291.7 285.5 281.4 276.6 271.7 267.5 261.7 246.8 225.5 236.2 241.9 246.5 249.7 251.4 253.1 254.9 249.9 245 252.6 256.8
324.1 318.9 313.3 307.7 301.2 294.3 291.3 284 295.7 301.4 307.6 313.5 319.8 319.7 315.7 306.7 295.3 284.1 272.3 250.7 253.1 240.7 236.1 245.2 257.8 273.2 293 307.9 319.9 331.6 343.6 351.6 350.4 354.2 360.9 364.8 367.7 375.2 380.6 383.3 381.6 374.7 369.1 362.6 355.7 350.3 346.7 342.6 338.9 333.6 328.7 324.7 320.6 317.2 312.2 304.5 300 296.5 291.6 285.8 281 276.1 272.1 266.9 261 253.2 240.7 224 225.8 239.1 243.4 247 249.2 251.3 250.2 237.6 249.3 254.9
324.4 319.3 313.9 308.2 301.1 292.6 287.4 283.5 291.4 295 302 310.3 315.8 317.7 313.3 304.9 291.9 279.8 267.4 256 241.7 235.5 238.1 252.1 265.4 283 301.2 316.7 329.1 342.3 350.2 357.1 357.7 363 371.4 374.2 378 382.6 385.8 386.4 382.7 375.4 369.3 363 356.2 350.1 345.5 340.6 336.6 331 325.9 322.2 319 314.2 309.4 304.8 300.4 296.5 291.5 286.3 280.3 275.5 271.1 266.4 260.4 249.9 230.7 239.7 228.4 226.1 221.5 240.6 243.2 247.7 246.9 234.5 247.8 251.9
324.2 319.6 315.1 309.1 302.3 294.6 286.4 278.1 284.3 288.6 295.8 305.3 312.4 313.5 309.4 301.1 290.2 276.3 261.6 251.7 238.9 233.3 242.2 259.2 276.3 291.6 306.7 322.8 336.3 345.6 353.2 363.6 361.9 368.5 376.2 379.3 382.5 387.2 389.6 388.2 382.5 375.7 369.8 363.4 357.4 350.2 343.4 338.5 334.5 329.4 319.6 314.9 317.3 304.5 299.9 304.5 298.9 291.4 288.8 285.3 277.9 272 262.4 258.8 257.6 243.7 248.5 245.9 239.2 226.3 212.7 234.9 238.7 242.8 244.5 236.3 245.1 249.4
324.2 320 315.7 310 303.2 296.7 286 277.6 275.1 280 287.2 300.2 308.1 309.5 306.9 299 287.4 270.1 255.5 244.7 233.4 233 252.3 268.7 285 296.3 311.7 327.1 339.2 348.8 354.1 360.6 362.4 369.4 375.9 381.2 385.1 388.9 391.4 389.6 383.4 376.7 370.9 364.8 358 350.7 343.8 337.8 333.5 330.9 326.3 321.6 317.7 313.1 306.4 295.7 290.2 293.7 289.6 281.5 275 270.3 267.9 256.9 257 253.6 250.8 246.5 238.6 220.4 212.5 229.4 233.5 236.1 239.9 235.7 241.9 246.6
324.6 320.3 316.3 310.9 304.2 297.8 287.7 277.3 266.3 273.1 281.5 293.7 303.2 305.8 303.7 295 281.5 266.1 250.1 239.6 230 235.2 257.3 274 289 300.3 315.9 327.2 338.1 347.4 351.2 357.6 360.7 367.2 373.6 380.5 383.8 387.3 389.5 388.3 385.4 379.3 373.4 367.5 360.3 352.7 344.5 338.2 334.6 332.7 327.3 322.3 317.9 312.1 306.2 302.1 298 293.5 288.9 284.6 279.6 274.2 269.6 264.7 259.9 256.5 250.1 244.6 236.8 218.3 202.8 208.8 227.5 234.5 231.9 218.8 239.3 244.6
324.9 320.8 316.9 311.8 305.2 298.8 290.4 276.8 263.6 270.7 276.1 286.8 298.1 302.3 297.7 289.4 276.5 258.3 243.2 234.9 229.5 235.4 256.1 275.2 291.7 304 319.4 324.8 336.6 343.4 347.5 354 357.8 363.4 369.7 375.8 379.9 384 387.2 387 384.9 381 375 369.2 362.6 356.9 349.9 343.9 338.4 334.8 329.5 323.9 319.7 314.7 308.7 302.1 298.3 294.3 289.4 284.6 280 274.7 269.6 263.7 260.5 256.7 250.2 245.9 239.3 223.3 202.3 203.8 225.4 230.7 212.7 230.7 237.9 242.2
324.5 321.6 317.5 311.9 305.6 298.7 291 277.8 269.8 265.6 272.1 279.9 291.1 297.5 294.4 285.8 272.1 254 241.2 229.8 226.8 237.3 254.8 275.8 292.6 304.3 316.1 321.6 333.5 339.1 342.7 348.2 352.7 358.5 365.2 371.8 375.8 380.9 384.2 384.8 382.3 380.5 375.9 370.9 365.1 359.4 355.4 350.6 343.4 339.6 332.2 325.5 319.4 315 309.6 302.9 297.9 293.1 288.8 284.3 279.1 274.4 270.3 266 261.3 256.8 250.5 247.2 239.6 228.4 212.1 206.4 219.4 223.1 210.1 229 236.2 241
324.7 321.6 316.9 311.5 305.5 298.5 290.7 279.6 268.3 259.1 269.8 273.1 280 289.8 288.7 281.9 269.1 253.6 246.1 224.9 226.3 235.9 251.8 276.5 291.5 302.3 313.3 318.6 329.3 335 337.8 341.5 346.7 353.6 360.2 365.9 371.5 376.3 379.8 380.9 380.6 378.7 375.4 370.7 366.5 362.3 358.9 355.1 349.6 344.7 335.9 328 320.1 314.9 308.5 302.6 297.3 292.4 288 283.4 279.6 275.5 270.9 265 261.5 257 251.3 246 239.6 230.2 219.2 198.3 204.4 206.6 216.8 227.5 233.3 231.1
323.7 320.8 316.1 310.9 304.9 298.7 290.7 280.5 267.8 254.3 262.1 267.8 274.3 277.6 280.1 275.2 264.1 253.8 243.7 235.7 224.7 231.1 250.8 274.6 289.5 298.7 310.5 314.2 322.5 329.4 332.6 335.9 342.5 348.2 353.6 360.3 366.3 370.9 375.2 377.3 378.1 378.4 375 370.3 366.8 364.3 361.7 358.6 353.3 347.5 340.6 332.2 322.1 313.9 308.4 302.6 297.2 292 287.1 283 281 275.9 270.6 266.1 261.9 257.7 251.4 244.4 240 234.1 223.1 195.1 201.8 196.1 218.9 226 229.7 220
322.7 320.4 315.5 310 303.6 297.8 290.3 280.6 269 255.6 256 262.4 270.4 274.9 276.3 270.7 260.7 252.2 242.8 232.4 222.4 233 250.8 271.2 283.9 294.8 304.4 310.8 316.6 322.9 326.1 329.6 336.1 342.6 347.6 353.4 360.2 366 369.4 372.7 375.3 375.6 373.4 370.4 366.7 364.6 362.5 359.6 355.2 350.5 343.9 333.2 324 314.6 307.5 301.4 295.9 291.1 286.9 283.8 281 275.1 270.9 267 262.1 257.9 251.6 245.3 240 234 225.4 203 190.7 203.2 217.9 223.9 219.1 227.3
322.7 320.1 315.2 309.3 302.5 296.4 289.5 280.3 269.1 257.4 246.9 257.3 264.7 269.1 269.7 267.1 259 248.4 241.8 219 219.2 236.3 251.1 271.7 282.3 292.8 300.9 308.1 313.2 318.3 322.7 326.3 331.2 336.1 342.2 348.6 354.8 361.4 365.9 370 372.4 373.3 371.2 368.4 365.8 363.7 361.8 359.8 355.4 351.4 345.4 334.2 323.6 314.5 308.3 301.1 295.3 290.7 286.8 283.6 281.3 275.4 270.3 265.5 262.1 257.8 252.1 246.8 237.1 233.4 224.5 202 188 198.6 217.1 219.3 212.3 232.1
323.8 320.3 315.8 308.6 298.5 291.7 286.9 279.4 268.5 254.6 248.1 251.5 257.5 263.4 264.5 261.3 255.1 246.1 237.5 217.1 218.2 235.1 248.6 271.2 283.5 292.8 299.8 305 310.7 315.8 320.2 324 328.3 333.3 338.8 344.6 351.7 358.4 363.8 367.9 370.5 371.3 369.5 367.1 364.6 361.9 360 358.2 354.9 351.9 345.2 334.4 322.6 312.8 307.1 300.8 294.5 289.7 285.8 283.7 279.7 273.6 268.9 264.8 261 257.6 252.5 247.5 237.8 230.1 225.1 211.7 189.1 187.5 212.6 200.9 223.9 230
320.8 319.3 314.6 307 290.8 274.7 282.3 276 267.2 254.3 244.8 243.2 249.8 254.1 258.7 255.3 249.9 243 237 216.7 220.4 233.8 246.7 265.7 284.1 290.9 295 299.8 308.2 314.4 318.5 322.5 326.9 332.5 339 346.6 354.8 361.5 365.3 368.8 372.8 371.1 368.7 366 363.2 360.2 358.1 355.2 353.6 349.2 342.7 332.7 320.5 310.6 305.1 300 294.9 289 283.6 282.6 278.3 273.3 268.5 264.6 262 257.5 252 247.3 238.4 230.7 219.5 202.4 186.2 183.6 194.6 213.8 223.8 226.2
323.3 320.1 315 307.9 300.2 284.2 278.5 274.5 266 255.7 246.9 241.8 243.6 246.4 252.4 249.9 244.7 239.6 235.4 218.9 215.6 237 251.6 271.8 284.8 292.9 300.4 307.9 313.7 317.6 321.9 326.6 332.7 338.4 345.6 353.2 358.7 364.5 369.3 372.5 372.7 370.3 367.4 364.4 361.4 358.5 355.3 353.1 350.9 346.5 339.8 330.3 316.6 306.5 302.3 298.7 291.8 283.1 282.6 280.9 278.9 272.7 268.1 264.9 261.9 258.9 254.5 249.5 241.1 231.9 225.2 213.6 188.1 182.1 196.4 221.9 219.2 222.2
327.8 325.2 320.6 314.4 304 287.7 263.9 263.9 259 252.1 246.5 243.5 232 240.3 242.2 244.8 240.5 237.6 235.7 232.5 213.7 238.1 254.3 272.9 288 296.7 305.8 313.4 320.1 324.1 329 333.6 340.8 346 352.1 357.1 361.7 366.1 370.2 373.6 372.9 369.5 366.7 363.7 360.3 356.8 352.9 351.6 348.5 343.9 337.9 328.3 314.2 303.7 299.1 295 287.3 280.7 280 278.3 278.4 273 268.4 263.6 263 259.9 255 251.5 244.7 236.2 225.6 219 198.8 179.6 186.5 201.1 216.7 217.7
331.1 328.7 323.8 317.1 308.2 293.8 280.3 270.5 261.7 247.5 242.4 240.6 229.3 229.8 232.9 236.9 236.6 234.4 232.9 228.2 212.6 237.8 259.8 276.3 290.6 302 312.4 320 324.3 328.1 332.7 338.8 345.1 350.4 355.6 360 363 366.7 371.3 373 371.8 369.6 366.8 363.9 360.3 355.7 352.1 348.6 345.2 340.4 335.2 325.8 311.3 298.8 295.6 291.4 286.5 278.4 276.9 277.1 277.2 272.6 266.9 263.6 263.1 260.4 255.7 254.1 247.9 240.4 227.4 218.9 210.5 184.6 178.3 191.6 217.9 214.7
336.8 333.1 327.5 320.6 308.5 297.5 284.7 275.4 266.9 255.3 245.5 240.2 234.8 215.8 210.7 227.2 231.8 231.3 228.7 219.6 227.2 242.9 264 280.8 293.2 305.7 316.6 322.2 325.2 328.5 333.2 340.6 346.8 351.5 356.5 360.5 364.1 367.3 370.1 370.7 369.4 368.5 366.3 362.7 359.2 355.1 349.8 345.4 341.5 336.9 331 322.2 308.3 297.5 291.1 286.7 282.3 276.4 272.9 275.3 275.4 271.8 263 263.1 262.4 261.1 255 254.4 250.2 243.2 231.2 218.2 216.7 203.9 180.3 176 194.5 210.3
341 337.3 331.8 324.9 313.7 300 284.7 272.5 264.3 256 243.3 239.7 237 230 207.9 206 227.9 226.6 221.4 203.4 229.8 246.7 266.8 282.1 295.4 307.8 316.8 320.4 323.4 327.3 332.9 338.9 345.7 350 354.2 358.5 362.5 365.8 368.3 368.3 366.8 365.8 364 360.6 357.1 352.6 346.8 342.2 337.9 333.2 326.9 317.7 305.1 293.2 287.7 283.4 280.4 275.5 272.3 273.5 273 269.9 261.5 260.2 260.9 259.7 248.9 254.4 251.5 238.8 234 221.9 213.9 214.7 197.8 173.4 177.1 193.9
344.7 341.7 335.3 327.7 318.4 302.2 285 270.4 261.7 254.8 241.6 238.2 234.8 229.4 217.9 200.2 221.7 222.8 215.8 212.9 229.7 246.6 265 279.2 294.6 305.8 313 317.7 320.4 325 330 336 342.1 346.3 350.6 354.9 359.9 362.8 365.1 365 363.3 362 360.2 357.4 354.3 349.4 343.8 338.7 334.3 329.3 322.9 314.5 301.4 288.6 283 279.1 276.6 273.6 269.4 270.3 270.2 266.7 259.9 258.3 258.7 256.7 245.8 252.8 250.4 242.6 234.4 223.2 215 217.8 206.2 190 172.4 204
347.6 344.6 337.4 328.7 317.8 300.1 285.2 269.5 259.5 252.2 243.8 235.7 232.8 222.9 209.9 197.4 213.1 199.2 202 218 229.8 244.4 263.7 277.5 291.5 301.5 308.5 313.4 316.2 321.3 325.9 331.2 337.5 341.7 345.9 350.7 356 359.5 361.5 360.9 359.5 358.2 356.7 354 350.1 344.4 339.8 334.7 330.2 326.4 320.6 312.8 299.1 284.5 279.4 275.2 272.7 271.3 266.5 267.2 265.9 262.9 255.7 256.8 256 251.5 241.5 249.8 247.5 239.9 233.7 222.4 214.9 214.8 209.3 198 182.4 207.7
347.7 343.9 336.2 327.3 314.7 300.5 285.4 269.4 258.5 251 243.3 236.2 229.4 226.9 221.3 196.4 192.6 192.2 200.5 218.1 227.6 242.6 260.5 274.3 286.9 296.7 304.2 308.9 312.7 317.4 321.5 326.1 331.7 336.3 341.3 346.2 351.7 356.1 357.5 358 355.4 354.4 352.1 349.4 344.2 340.3 336.1 330.8 325.8 322.4 317.3 309.8 295.6 282 275.5 272.6 269.3 267.5 263.4 263.2 261.7 257.6 250.9 253.1 252.5 248.7 243.5 245.7 244.3 239 232.4 221.8 213.6 211.3 204.6 202 164.3 193.3
344.9 340.8 333.5 324.2 312.1 298.5 283.6 268.2 257.2 249.6 241.4 234.6 224.9 221.8 220.5 207.2 193.8 190.5 202.9 219.6 228.6 242 259.8 271.5 281.8 291 299.7 305.4 308.9 313.3 316.7 321.6 326.7 332.2 337.8 342.5 348.6 352.2 353.9 353.2 351.8 350.4 347.1 342.7 339.7 336.1 331.7 327 321.4 317.2 311.7 304.7 292.2 278.6 272.5 269.5 266.8 263.3 259.8 260.3 259.4 253.3 247.5 249.3 248.8 244.4 238.8 240.8 240.2 234.7 229.4 219.8 212.6 208.8 203 201.5 154.9 189.9
341.9 335.5 328.5 319.4 307.5 293.4 280.9 266.5 255.9 247.9 240.2 231.7 225.4 219.3 215.8 206.2 192.1 189.7 208.1 220.4 228.8 243.8 259.6 270.4 276.2 285.9 295.1 300.7 304.3 307.9 312.8 317.2 322.7 328.3 333.1 338.9 345.2 350.7 353.3 353.4 350.9 346.5 342.6 337.3 333.4 330.6 325.7 321.8 318.2 313.3 306.2 299.8 287 274.1 265.8 265.6 264.2 259.7 255.4 256.8 255.7 250.2 243.9 244.8 241.6 239.1 237 234.6 233.4 231.8 225.7 216.3 212.2 205.4 200.7 199.5 166.7 175.1
337.6 330.1 323.2 313.4 302.3 288.2 277.6 264 253.5 246 238.9 230 223.7 219.5 215.1 206.6 193.4 186.6 213.1 221.8 232.2 248 260.8 268.8 273.3 280.5 289.7 295.8 300 303.8 308.5 313.6 319.4 324.2 330.6 336.9 343.7 350.1 353.6 352.9 350.3 344.8 339.1 334 328.7 325.1 321.5 317.6 313.9 307.2 302.5 294.6 276.5 270.1 261 261.3 261.3 257.1 253.8 250.7 251.2 246.9 239.7 238.3 237.5 235.4 230.5 228.7 231.4 229.5 222.9 213.1 209.5 204.5 198.3 198.1 177.7 157.2
333.9 324.4 316.3 306.8 296.3 284.6 271.9 259.9 252.4 245.4 238.4 229.2 223.5 218.5 212 199.3 190.9 198 211.8 224.9 238.8 250.8 260.8 267 269.8 274.1 284.4 291.3 296 299.6 304.5 309.4 316.4 322.4 329 336.1 342.8 349.6 353.3 351.4 348.2 343.7 336.5 330.2 323.8 319.8 316.5 312.1 308.2 303.7 298.6 289.1 276.4 261.1 260.1 260 256.5 252.6 251 249 241.9 241.4 239.8 236.9 230.7 230.2 226.5 224.7 228.2 226.6 221.6 213 208.3 201.2 199 189.6 166.2 157.1
