ny/ny09_OST50GRID_20230518/NY09.asc
ncols 200
nrows 200
xllcorner 300000
yllcorner 590000
cellsize 50
[rows 70 to 104 of 200, columns 0 to 77 of 200]
318.9 316.8 312.1 309.4 304.8 302.7 298.7 294.1 290.8 288.2 285.6 283.3 280.9 277.1 275.1 273.7 275.2 278 280.6 283.2 287.5 292.2 300.9 307.8 312.7 320.2 327 333.5 339.6 344.5 350 355.1 359.6 362.5 367.1 373.1 377.9 382.9 385.5 388.1 389.5 387.2 391.1 389.7 388.5 386.3 384 382 382.7 382.6 377.6 370.9 367.3 362.8 357.9 354.5 353.8 356.2 350.8 344.3 338.8 331.3 326.7 323.9 322 319.6 315.9 311.1 310.9 309.1 304 298.7 294.2 291.5 287.4 285.2 281.3 273.2
311.5 310.1 307.2 304.9 300.6 296.6 295.3 290.9 286.7 282.1 281.3 280 278 276 274 272.9 275 277.3 280 284.5 288.7 294.4 303 310.4 317.5 323.9 330.9 337.2 343.5 349.4 355.1 360.4 363.7 368.4 375.1 378.5 380.5 384.1 387.7 388.7 386.3 383.6 385.1 385.6 385 382.5 380.2 379.9 380.8 380.1 376.7 372.6 366.2 361.9 356.8 352.8 352.4 354.6 349.3 344.4 340.5 332.9 326.9 323.8 321.3 318.2 314.2 309.1 309.5 308 303.1 296.6 294.2 292.1 291.4 285.9 281 275.5
306.4 303.1 300.6 299.3 296.1 292.5 289.7 286.8 284.1 279.8 278.9 277.5 276.3 274 272.6 272.4 275.4 277.7 281.3 286.2 290.2 297 305.1 312.1 319.2 326.8 334.2 340.8 347 352.9 358.7 363.5 367.1 373.9 379.5 381.8 382.7 385.2 386.6 387.7 384.6 379.7 379.1 379.7 379.7 378.3 376.9 376.4 379 377.9 374.6 370.8 365.5 360.5 355 352.2 350.3 352.4 348.8 344.2 340.5 333.8 327.7 324.1 322.1 318.2 311.3 308.5 302.7 307.7 303.2 297.8 293.1 291.6 292.8 290.9 284.9 276.2
300.4 296.3 294.5 292.5 289.9 287.5 284.6 282.8 280 277.2 276.2 274.6 272 271.7 271.8 275 277.2 280.1 281.9 287.5 293.1 298.5 306.5 313.8 320.3 328.2 335.8 342.5 349 356 361.5 365.1 371.5 377.9 381.5 381.4 381.9 382.8 384.3 384.5 381.2 375.5 373.4 374 374.5 373.8 372.8 372.9 376.6 374.6 371.4 368.3 364.2 359.1 355 351.3 348.4 350.5 348.3 343.5 339.5 333.4 328.3 326 321.8 319.8 312.9 307.8 302.9 305.1 303.2 295.3 296.9 292.2 292.2 291 280 276.4
291.3 290.6 290.2 287.3 284.4 281.5 279.5 277.8 275.8 273.5 271.5 269.1 270.6 272.9 275.4 278.2 280.6 284.2 286.5 284.5 293 298.2 307.4 314.3 320.7 328.2 335.4 342.4 349 356.3 361.1 366.5 372.4 378.6 380.8 381.2 378.8 379.3 380 380.8 377.1 371.7 368.4 369.1 369.5 370 369.8 369.6 371.1 371.6 368.9 366.2 362.4 358.4 354.9 351.4 348.3 349.2 346.9 342.6 338.7 332.7 329.1 323.3 319.6 317.7 310.2 308.8 307.2 301.7 297.7 299.5 298.6 293.7 285.9 282.2 276.7 273.7
286.7 284.5 284.2 282.1 279.3 276.8 274.8 272.9 272.3 270.3 268.3 271.4 272.8 274.5 278.8 282 284.5 286.2 291 293.1 291.2 297.3 304.7 314.8 321.4 327.7 334.2 338.8 345.9 354.8 360.6 364.5 370.7 377.3 380.7 381.1 376.6 375.9 376.2 375.4 372.7 367.9 364.2 364.6 365 365.7 366 366.2 368.3 368.4 366.4 364.5 361.7 358.3 354.6 350.6 347.7 346.8 345.9 342.8 336.8 331.1 329.2 327.9 323.1 318.6 315.4 310.5 308.6 306.1 305.2 300.5 299.6 294.8 289.8 282.7 280.5 277
280.3 278.7 277.8 276.6 274.9 272.4 271.2 269.9 270 268 269 272.5 273.9 276.7 281 284.9 290.6 294.1 294.9 296.9 298 295.6 303.1 311.3 320.4 325.4 331.2 335.1 344.9 351.1 356.1 360.9 367.3 374.9 379.1 378.9 374.5 373.7 372.3 371 368.2 363.6 359.8 360.6 361.1 361.6 362.4 362.9 364.8 365.3 364.3 362.9 361.2 358.8 354.9 350.8 348.1 346 342.6 338.5 334.7 333.8 332.3 329 325.3 319.9 315.4 309.9 308 307 306 303 300.7 298.3 289.8 285.1 282.6 277.6
275.1 274.2 274.2 273.2 271.3 269.5 268.2 267.5 267.3 266.2 270.3 274.1 276.5 279.4 283.4 288.6 293.9 297.2 298.8 300.3 301.7 303.7 301.9 307.4 314.3 319.1 326.6 333.2 340.8 346.1 352.6 357.8 362.4 372.4 375.6 376.3 372.7 370.8 367.3 367.1 364.9 360.4 356.2 357.2 357.5 358.3 359.1 360 361.5 363.1 362.8 361.8 360 358.2 356 352 348.6 346.4 345.3 339.7 338.7 334.6 330.6 328.8 325.3 321.2 315.8 310.6 307.9 306.6 305.3 304 302.1 296 295.1 289.6 283.8 279.6
270.6 268.6 270.3 271.7 268.2 267.2 265 265.5 265.1 265.5 269 274 277.9 281.8 288.1 292.7 296.2 300.2 301.4 303.4 306.1 308 309.2 306 311.1 316 323.2 327.8 334 341.6 347.5 356.1 359 367.1 371.1 372.9 372.5 370.1 365.2 359.6 358.6 355.8 350.6 353.3 354.1 355.2 356.3 357 359 360.8 360.6 358.9 360 358.6 357.1 354.5 350.2 348.5 345.1 342.9 340.2 337 334.2 329.4 327 323.3 317.2 312.3 309 305.3 305.4 304.5 302.6 300.2 300.8 298.5 292.5 286.7
263.6 265.7 267.9 270.3 268 264.2 262.5 265.2 265.8 266.5 270.6 275.2 279.4 285.9 290.2 296.1 299.6 302.3 304.4 307.5 309.5 312.5 315 314.3 312.7 313.3 317.9 324.3 331.6 338.5 344.9 349.9 356.5 362.4 367.3 370.9 372.6 371.8 367.3 362.7 358.4 354.1 349.4 346.9 349.9 351.8 353.3 354.4 356.1 357.7 358.7 359.3 359.6 358.9 357.8 355.6 352.5 350.8 348.7 345 341.8 338.3 335.2 332.3 329.1 324.3 319.5 313.7 309.2 305.3 305 302.7 301.3 300.2 300.2 297.6 298.5 297.5
262.9 263 264.2 268.2 268.9 262.4 265.3 269.1 269.8 271.1 273.9 277.8 282.3 288.6 292.9 297.7 301.9 305.1 308.5 312.3 316.5 318.9 320.5 320 318.3 314.9 315.2 320.1 327.2 334.7 342.3 349 354.3 360 365.1 370.5 376.5 376.2 370.3 364.3 359.6 355.6 352.1 347.5 345.7 348.1 349.8 351.5 353.2 355.5 357.4 358.3 358.8 359.4 358.9 357.4 355.1 353.3 351.5 347 343.8 340.7 336.9 333.6 328.6 325.4 322.1 316.5 312 308.9 305.9 303.4 306.1 307.3 306.6 304.7 301.6 294.7
256.7 261.9 263 264.4 260.5 266.3 270.3 272.6 274.4 276.1 277.1 279.4 285.6 291.5 295.7 299.8 303.9 308.4 313.3 317.4 321.4 323.1 326.5 326.4 325 322.2 318.3 317.8 323.3 331.3 340 348.4 354.1 359.6 366.8 373.2 377.5 379.2 375.3 369.2 363.6 358 353.1 348.1 344.1 344.4 347.5 349.1 350.8 354.1 356.1 357.1 357.6 359.1 360 359.1 356.6 355.4 352.4 348.6 344.9 341.2 338.6 333.4 329.7 325.8 324.2 319.4 315.8 313.9 311.5 311.9 313.9 312.9 312.3 310.1 303.9 298.4
250.8 252 257.4 257.1 267.7 274.9 277.1 277.3 278.3 282 281.5 285.4 287.9 293 297.4 301.6 306.6 311.6 318 322.4 326.6 329 332.3 332 332.4 330.8 325.9 320.7 323.3 329 338.5 348.8 354.8 361.7 370.4 375.3 380.1 380.9 378 374.3 370.1 363.6 355.6 347.1 344 342.1 345.1 346.8 348.5 352.2 354.8 356 356.7 358.6 360 359.4 359.4 356.9 354.7 351 347.7 342.7 338.7 335.8 331.1 326.5 323.5 321.3 318.8 317.1 317.3 318.6 318.8 318 316.8 313.6 297.9 304.7
249.4 255.6 261.6 267.4 272.4 278.4 280.7 282.8 283.2 285.2 286.7 291.3 291.2 295.3 299 303.9 309.1 314.5 321.4 327.4 332.4 335.3 335.9 337.2 338.2 338.2 334.4 328.5 326.7 331.5 339.3 349.6 357.3 365.1 372.1 376.3 379.5 381.5 379 376.4 373.2 368.6 359.8 351.1 344.9 340.2 342.4 345.2 346.8 350.5 352.9 354.4 355.3 358.3 360.8 360.9 360.2 358.6 356.3 352.7 350.1 343.3 339.6 336.4 332.4 328.2 325.2 322.2 320.7 320.9 322.1 321.7 321.2 320.1 318.3 313.5 297.7 307.9
256 265.5 268.6 271.9 276.4 281.9 284.6 287.1 287.7 289 289.9 293.9 296.7 297.8 302 306.3 311 317.6 324.8 330.5 336.5 340.2 340 342.5 343.6 344 342.1 339.2 332 335.9 343.3 352.1 359.9 366.2 373 376.2 378.9 380.1 379.2 378.8 375.7 370.5 364.1 356.7 348.3 341.7 340.6 342.8 344.7 347.8 351.2 353 354.2 357.5 360 361.4 361.3 359.4 357 354.6 351.1 347.1 340.3 338.6 331.8 331.2 325.3 322.9 322.5 324.4 323.4 321.9 320.3 317.9 317.3 309.1 296.7 308.9
263.4 270.5 273.4 275.5 280 284.2 288.1 288.2 290.8 292.5 292.7 295.2 298 300.9 304.6 309.5 313.4 320.4 329 334.8 341.3 344.9 345.5 349.7 350 349.4 348.1 347 339.1 341.4 348 354.8 361.4 368.1 373.2 377 377.7 378.1 378 377.5 376.1 371.7 365.9 359.9 352.2 344.7 337.7 340.6 342.4 346 349.1 351.2 353.2 357 359.8 361.3 361.3 360.3 358.1 355.5 351.2 347.9 344.3 335 334.5 332.2 328.4 323.5 322.5 324.3 323.4 320.6 318.9 317.1 310.9 308.4 300.4 307.9
265.4 270.9 274.6 277.1 280.7 287.3 290.6 290.1 292.4 294.6 295.1 296.4 299.9 303 306.9 312.1 315.9 322.6 331.3 338.8 347.8 351.2 354 355.3 356.9 356 354.8 352.9 346.9 347 352.7 360.4 364.6 369.4 373.6 377.3 376 374.9 375.4 376.2 374 370.3 365.6 360 353 347 340.1 336.3 339.9 343.8 347.5 349.2 351.4 355 358.8 359.9 361.1 360.4 358.5 356.1 353.4 350.9 346.9 342.7 333.1 330.7 332.4 327 317.9 322.4 321.3 319.3 316.5 313.2 309.3 303.2 301 306.3
266.2 270.4 273.6 276.9 281.4 286.3 291.4 291.1 292.3 294.4 295.5 297.9 301 305.3 309.1 313.9 319.4 325 333.1 343 349.5 355.4 360.8 362.5 361.4 361.4 358.8 354.7 348.7 355.1 361.7 365.4 369 372.8 376.4 378.3 376.1 371.7 371.9 372.9 371.1 368.2 363.9 358.6 353.1 347.6 341.6 334.4 338.8 342 345.4 347.3 348.7 352.9 357.5 360 360.5 360.4 358.9 356.8 354.7 352.7 349.5 346.5 340.1 331.6 323.4 326.9 312.5 318.6 318.6 316.8 315 311.8 307.7 301.8 298.3 303.5
265.7 271.3 273.4 276.4 281.9 286.6 291.1 292.1 293 294.6 296.4 298.6 302.4 307.1 311.2 315.4 322 327.9 337.5 346.5 353.2 361.5 363.6 365.8 365.1 364.4 359.6 358.6 363.5 365 367.2 369.4 372.9 375.1 378.3 380 377.2 372.3 367 368.3 367.2 364.8 360.8 357 352.3 348.7 340.7 337.6 338.4 340.6 343.3 345.4 346.6 351.6 356.1 358.4 359.9 360.1 359.2 357.9 356 352.5 350.2 348.2 344.6 341.7 337 329.3 320.4 302.3 314.6 313.4 312 307.7 303.1 297.4 297.3 300.3
266.6 270.4 272.7 274.7 278.8 284.3 289.6 292.2 293.8 295.4 296.9 299 303.1 307.8 313.6 319 324.6 331.4 340.7 350.8 358 366.1 366.8 367.8 366.9 365.9 357.9 365.2 365.9 370.1 372.1 374.4 375.7 378.6 381.1 381.3 378.1 367 364.7 364.2 362.7 359.7 357.9 354.7 351.4 347.8 342.7 332.9 337.2 339 341.7 344 345.2 350 354.4 357.4 358.6 359.4 359.3 358.3 356.5 355.9 353.4 351.8 349.4 346.2 342.6 334.3 319.8 312.5 299.5 309.5 306.6 303 297 293.5 294.5 297
265.6 268.1 269.5 273.1 275.8 284.8 289.2 292.6 294.6 296.2 297.5 300.3 303.3 308.5 315.6 321.6 326.2 332.1 343.2 354 363.9 367.1 370.6 371 369.2 368.7 364.8 364.6 369.1 372.7 376.2 377 378.9 381.9 382.2 382 378.4 368.5 359.1 359.2 358.3 356 354.1 352 349 346.3 342.4 335 334.8 338 340 342.2 344.1 348.3 352.7 355.9 357.2 358.5 359 358.2 357.9 357.1 356.7 355.8 354.6 352.1 347.6 338.6 325.3 312.5 302.5 298.4 301.2 299.7 296.6 288.9 292.5 293.7
260.1 256.3 267 275.4 280.1 284.7 288.2 289 293.7 294.5 297.4 299 302.5 309.4 316.9 323.1 328.1 334.5 346.4 356.5 363.6 369.6 374.9 374.5 373.8 369.4 365.5 362.6 362.6 375.5 375.8 378.4 381.9 383.1 382.7 382.3 379.9 370.3 357 355.4 354 352.9 351.4 349.1 346.7 344.2 340.7 333.9 333.4 336.8 339.3 341.2 343.4 346.8 351.2 354 355.6 357.3 357.8 358.3 358.2 358.1 359 358.2 358.5 356.3 351.3 342.4 329.3 311.5 306.7 301.7 295.8 296.1 296.5 289 289.6 293
256.8 266 271.6 278.3 283 287.4 291.8 294.1 295.9 297.5 297.6 299.3 303.8 309.7 317.9 324.1 330.1 338.7 349.1 358 364.3 369.4 375.1 376.5 377.2 374.5 369.3 369.3 373 375.7 376.3 379.7 382.4 383.7 383.7 381.7 378 371.1 357.8 353 350.2 349 348.2 346.5 344 341.8 338.6 335.2 333 335.8 338.5 340.4 342.3 346.1 349.5 352.1 354.5 356.2 357 357.8 358.1 358.8 359.8 361.2 361.1 358.3 353.3 345.5 332 314.8 307.3 301.2 301.4 294.4 296.2 289 282.6 291.4
266 268.9 278.9 281.5 286.7 291.4 294 295.6 297.4 299.5 300.9 301.6 304.6 311.6 320.4 326.1 333.9 342.4 351.1 361.6 367.6 372.4 377 379 378.9 375.7 373.5 367.7 371.7 372.9 373.9 375.6 380.6 380.8 381.1 379.2 375.7 369.7 363.4 355.2 349.7 345.1 344.9 343.3 341.3 339.5 337.6 333.9 333.5 335.8 337.9 340.2 341.5 345.3 348.3 350.2 353.5 355.1 356.3 357.2 357.9 358.7 361.8 362.5 362.7 359.1 354.1 346.4 334 319.8 306.5 301 298.5 294.4 294.3 289.1 282.4 286.6
267.8 276.7 276.9 285.8 290.4 294.6 296.7 299.4 301.5 304.3 306.2 307 308.6 316.2 322.6 329.4 336.2 345.1 354.6 364.8 372.9 378.3 382.4 383.9 381.3 377.5 372.8 368.1 362.4 368.7 370.1 371.7 374.1 375.7 376.1 374.6 371.4 368.4 363.1 357.1 349.4 344.4 341.6 341 339.2 338.3 336.6 333.4 334 335.7 337.2 338.9 340.9 344.6 347.7 349.7 352.3 354 355.3 356.6 357.5 359.1 363 364.9 364 360 353.7 345.5 334.6 321 307.3 301.1 296.9 294.1 290.8 287.7 282 284.5
273.7 279 282.8 287.3 293.5 296.7 300.5 304 306.1 310 311.4 311.1 314.9 320.3 326 331.8 340.8 349.1 359 369.8 377.9 381.7 385.3 386.5 383.2 378.6 373.6 365.9 348.2 363.2 365.7 367.6 369.7 370.7 370.5 369.2 367.1 364.3 360.8 355.9 350.3 345.1 339.5 338 337.4 336.8 335.5 332.8 334 335.8 336.8 338.2 340.1 343.4 346.9 349.1 351.3 353.2 354.9 356.1 357.4 360 364.3 366.2 364.8 359.9 352.5 344.5 333.5 321.5 309.3 302.5 297.3 297 292 286.9 281.5 286.2
278.2 283.6 287.3 291 297.1 300.5 304.8 308.7 311.3 313.5 316.3 317.6 320.8 324.5 329.5 336.2 343.8 355.5 365.2 375.1 383.1 387.6 389.8 389.4 385.5 379.6 374 366.5 359.3 345.3 360.9 362.7 364.4 364.8 364.9 365 363.3 359.8 358.5 354.3 349.2 344.4 339.7 336.2 334.7 334.7 333.4 330.8 334.3 335.3 336.4 337.5 339.4 342.9 346.1 348.4 350.6 352.9 354.5 355.9 357.4 361.4 366 368.2 364.7 359.3 351.5 343.8 333.3 321.1 310.1 302 297.1 294.3 292.2 286.6 279.9 284.3
281.6 286 290.7 296.4 301.9 305.2 309.6 313.7 316.2 318.7 321.6 323 325 329.8 336.6 341.9 350.6 361.8 371.8 381.6 390 393.8 393.6 391.7 387.2 382.6 377.8 371.2 363.4 357.7 341.3 352.3 359 360.9 360.1 359.9 358.5 356.2 354.6 349.5 347.6 342.6 337.9 336.5 333.4 331.7 331.7 331 332.8 334.5 335.7 337.1 338.8 342.3 344.4 347.8 350.1 352.7 354.3 355.9 358.4 363.1 367.7 368.2 364.1 357.5 350 341.9 332.4 320.8 311.1 302.4 297.7 294.8 291.8 287.4 282.2 276.9
285.4 289 295.1 301.2 304.5 309 312.9 317.3 320.3 323.3 326.7 329.3 332.2 335.7 340.9 348.2 357.4 367.9 378.2 387.7 393.5 396.2 395.8 393 388.6 384 379.5 373.8 367.9 361.9 355.6 348.7 340.9 352.7 355.5 356.1 355.7 354.1 351.9 348 346 341.2 337.4 336.1 334.5 331.6 330.6 330.2 331.5 333.3 335 336.3 338.8 341.9 345 347.8 350.2 352.8 355 356.6 360.3 366.7 370.1 368.4 362.7 356.7 348.7 339.8 331.3 321.1 311.4 302.6 299.5 296.2 293.9 290 286.5 284.3
288.8 293.3 298.5 304 308.2 312.6 317 321.1 324.4 327.6 332.4 335.9 339.7 343.1 347.8 353.5 363.1 374 384.2 392.4 394.9 397.8 396.6 393.4 389.4 384.7 380.8 376.7 371.1 365.3 360.4 355.6 343.4 344.7 349.3 350.7 351 350.2 349.1 346.8 343.6 340.6 336.5 335.1 333.7 332.9 329.1 329.7 331.1 332 334.2 336.6 338.7 341.8 345.9 348.8 350.6 353 355.5 357.7 363.8 370.2 372.2 367.4 361.1 355.3 347.1 338.1 330.2 320.8 311.6 303.6 300 297.9 295.4 290.5 291.5 290.7
291.1 295.9 302.5 306.7 311.7 317.1 319.5 324 328.7 333.1 339.6 341.8 345.9 349.2 353.7 358.7 368.5 377.6 387.2 394.7 397.7 398.9 395.8 392.7 388.2 385.6 382 378.3 373.6 367.6 361.6 358.3 351.5 336.3 342.6 345.1 346.6 345.9 345.4 343.1 341 339 335.2 334.4 334 332.1 329.2 328.7 330.7 330.2 333.8 336.3 338.8 342.8 347 349.3 351.3 354 357 360.2 367.9 372.9 373.1 366.4 359.3 353 345.3 337 328 320 312.1 305.4 302.5 299.6 295.8 294.6 293.1 293.9
295.4 301.7 305.3 311.1 316.4 319.7 322.1 327.7 334.1 340.4 344.8 346.6 350.6 355.4 358.6 362.8 370.6 378.8 388.5 394.4 397.9 398.6 393.8 389.9 386.7 384.9 382.3 379.1 374 369.6 363.4 358.3 352.9 347 333 337.8 340.8 341.8 341.5 340 338.8 338 334.2 334.4 333.9 332 328.9 327 327.8 330.1 332.9 336.1 339.9 344.5 348.2 350.3 352.4 355.1 358.3 364.3 372.4 375.9 373 364.7 357 351.4 343.3 334.3 327 319 312.2 306.2 302.7 300.6 299.1 296.6 295.4 297.5
297.5 302 309.9 314.3 317.8 321.9 325.2 331.9 336.1 340.9 345.8 347.9 353.6 357.5 361.3 365.6 373.1 379.9 386.1 392.4 395.6 396.2 392.3 388.1 384.5 382.9 380.4 377.5 373.5 370.3 364 358.7 353 347.3 342.9 332.4 332.6 336.3 337.8 336.5 336.5 336.1 334.2 333.8 333.1 331.9 331 328.5 327.3 328.8 331.7 335.7 340.5 345.1 348.4 351 353.5 356.7 361.6 369.8 376.7 376.8 372.4 363.7 355.3 348.9 341 332.1 325 318.8 313.3 306.9 303.6 303.8 302 299.5 298.5 299.1
297.5 303.6 310.8 316.1 318.9 322.3 327.4 332.4 335.6 339.9 345.2 348 352.9 357.5 362.3 366.4 371.8 378.2 384.2 390.4 392.3 392 390.3 383.7 383.1 380.3 378 375.4 372.4 369.1 364.2 359.5 354.2 348.7 343.7 339 331.8 331.7 333.3 335.1 334.5 333.4 332.6 332 331.4 331.4 331.1 329.6 327.4 327.2 331.1 335.5 340.8 345.2 348.2 350.8 353.8 358.1 365.9 374.8 379.2 377.2 371.8 363.3 354.6 347.1 338.7 330 323.5 319.1 314.3 309.5 307.2 306.6 304 303.2 302.2 301.3
297.5 303.9 310.8 316.1 319.6 324.1 327.5 332 335.9 341.6 345.2 347.9 351.6 356.8 362 366.7 371.8 376.4 380.1 386.8 388.2 388.1 387 384 380.1 377.6 375.2 373.7 371.4 368.4 365.1 360.3 355.6 350.3 345.5 341.3 337.2 333.4 330.4 331.8 332.1 331.6 331 331.3 330.4 330.4 330.4 329.8 327.4 325.3 330.1 335 339.9 344.6 347.9 351.3 354.5 360.7 369.4 377.4 381.8 378.1 372.1 363.9 353.4 346.1 337.2 328.5 322.2 319.5 316.5 313.6 312.5 310.4 308.8 308.7 307.3 304.1
