ny/ny83_OST50GRID_20230518/NY83.asc
ncols 200
nrows 200
xllcorner 380000
yllcorner 530000
cellsize 50
[rows 35 to 69 of 200, columns 0 to 77 of 200]
621.3 611.3 601.2 586.6 575.6 567.2 559.8 551.4 543.2 537.4 531.1 524 520 512.5 505.6 494.2 489.3 493.6 501.4 505.3 507.9 507 504.7 507 507.4 508 504.3 503.2 505.3 506.3 506.6 505.3 503 501 499.5 498.1 495.8 492.5 488.1 482.4 484 484.1 482.7 480 476.9 473.4 469.7 465 455.5 455.6 450.4 447.2 454.8 452.9 458.1 461.8 464.2 466.2 466.1 463.9 466.3 458.6 463 462 460.2 456.5 447.5 454.8 453.3 451.2 449.1 447.7 446.2 443.8 438.3 438.1 437.8 438.3
615.5 604.8 590.9 579.9 570.7 562 554.3 546.6 540 533 527.7 520.2 513.9 505.6 494.9 496.1 503.9 508.2 510.9 514.3 515 513.5 512.3 512.5 511.8 509.7 506.5 507.6 509.7 511.7 511.5 509.4 507.2 504.7 501.7 499.2 496 492.5 489.1 488.5 486.7 486.5 484.2 480.9 476.5 472 466.6 463.1 462.5 460.8 449.3 456.3 461.1 459.8 463.1 467.8 470.1 471.1 470.5 468.9 468 468.2 468.1 467.1 464.3 457 460.9 460.2 459.2 458 455.7 452.8 449.1 445 442.1 443 442.6 443.7
610.2 596.8 583.4 572.1 564.4 557.2 549.6 542.1 536.5 528.7 524.3 517.3 506.6 499.1 508 510.6 514.5 517.5 519.4 520.4 518.3 517.4 516.3 515.1 514.1 513.4 508.1 512.3 513.1 515.2 514.2 512.3 509.3 505.5 502.2 498.8 496.9 495.3 493.4 491.6 489.6 487.7 483.9 479.4 474.3 473.1 470.7 466.6 465.5 462.3 456.1 464.9 468.2 467.5 471.1 473.5 475.7 476.1 474.5 473.7 472.8 473 472.2 470.7 468.3 456.6 466.1 464.8 463.6 462.3 459.7 456.7 452.6 449.2 446.9 447.8 447 450
601.2 587.2 575 567.8 559.2 551.6 545 538.6 533.2 524.1 519.2 510 506.3 511.7 516.7 520.5 522.8 523.4 525.2 524.4 523.1 520.7 520.3 519.1 518.5 516.9 513.1 516 516.9 517.4 515.8 512.2 509.7 507.2 504.5 501.8 500.2 498 495.8 493.1 488.9 486.4 482.3 481.4 481.1 477 470.4 462.8 466 462.1 470.8 474.5 476.3 477.6 478 479.2 481.1 480.5 478.7 477.1 476.9 477.5 477 474.3 470.5 469.9 471.5 470.3 467.9 465.5 462.2 458.8 455.4 456 451.1 453.5 453.6 455.6
591.1 579.4 573.6 562.4 554.4 547.2 542 534.9 526.3 514.8 509.2 514.7 518.9 518.3 525 527.9 529.2 530.4 530.6 528.3 527.4 525.7 525.2 524.6 523.5 523.8 518.4 521.4 520.5 519.4 517.5 514.7 512.9 510.1 507.3 504.4 502.3 499.8 497.1 492.7 491.4 490.5 488.5 486.3 481.1 475 467.3 476.6 476.2 473.2 479.4 482 483.5 485.1 484.6 485.2 486 484.4 481.4 482 481.3 482.3 481.6 478.2 472.4 475.8 476.2 474.7 472.9 470.4 467.8 464.5 460.7 460.1 459.3 459.9 458.5 459.8
585.4 576.2 567.4 557.4 550.8 543.4 537.8 527.9 515.8 513.3 521.1 524.2 527.7 527.7 529.6 533 534.8 535.5 534.6 532.9 532.8 531.4 532 531.6 530.9 529.6 523.9 526.3 524.5 522.9 520 518.4 516.1 513.4 510.5 507.8 503.9 501 498 496.9 495.7 493.8 489.3 483.1 477.7 476.3 479.7 483.9 484 473.9 486.3 489.3 490.2 491.7 491 490.3 491.1 489.5 485.2 486.4 485 485 483.1 481.1 477.5 480.3 480.3 479.1 477.8 476.4 473.5 469.8 467.5 466.3 465.5 465.5 465.2 465
578.1 569.4 559 553 546.5 539.4 526.2 517.1 517.8 526 529.3 531.7 534.9 535.7 530.5 539.2 540.1 540.2 539.1 538.6 538 537.8 538.6 538.5 537.3 532.8 531.8 530.3 529.9 527.8 525.2 523.3 521.7 518.1 514.9 511 506.7 503.2 502 501.2 498.6 494.1 487.5 479.8 482.4 488.6 486.9 490.1 491.4 481.6 492.7 495.8 495.6 497.6 496.6 494 495.2 493.1 488.1 488.7 488.1 487.2 485.9 483.8 482.9 484.3 485.4 485.1 483.9 481.4 476.9 474.2 473.2 469.5 471.6 470.2 471.5 471.7
573.5 565.5 554.8 546.8 538.3 530.5 522.6 525.4 529.3 536.3 537.3 539.6 541.2 541.9 538.1 542.8 545.6 545.1 543.9 543.8 544.1 543.4 544 543.9 542.2 537.7 537.9 535.7 535.3 532.8 531.6 530.2 527.5 524.2 520.1 514.6 510.8 507.8 507 504.4 501.2 491.6 487.6 490.5 493.6 495.2 493.6 497.7 498.3 491.9 498.6 501 501.4 502.1 500.5 498.2 497.5 495.4 492.4 491.6 491.5 490.1 489.1 486.3 486.8 487.9 489.6 489 486.9 484.7 480.9 480.3 479.2 477.5 476 477.9 479.6 478.2
563.7 556 548.2 537.2 529.9 527.6 534.6 539.7 542.5 544.7 545.8 547.7 548.9 549.6 546.2 549.2 551.1 550.1 548.7 549.6 549.9 549.6 549.2 548.7 546.1 540.1 543.4 541.9 540.5 536.4 537.8 535.5 532.8 528.9 523 519.5 514.8 514.2 512.5 509 499.6 491.5 499.3 495.8 499.8 501.4 501.2 504 504.1 502.7 501.6 506.2 507.4 506.3 504.4 502.8 501.1 498.7 496.1 495.2 494.6 493.2 492.4 490.7 491 491.2 491.6 491.2 489.9 488.5 486.9 485.2 484.8 484 485.3 485.6 484.7 482.6
553.5 547.8 536.8 531.9 536.5 542 548 551.3 552.2 552.6 555.1 555.5 555.4 555.7 552.4 554.9 556.3 555.6 554.3 554.1 555.1 554.5 553.5 552.5 547.7 548 548.6 547.4 546.2 543.9 543.5 540.4 535.7 531.9 528.5 522.6 521.9 519.9 517.1 511.3 500.3 499.6 507.1 505.8 507.2 507 507 509 509.8 508.8 508.5 510.8 511.7 511 508.7 507.1 504.5 501.6 500.7 499.4 498.4 497.2 496.8 494.5 495.6 495 494.4 494.5 493.8 492.3 490.4 490.9 489.6 490.1 491.5 491.3 489.4 482.1
547.2 540.5 541.8 540.9 548.2 551.3 556.6 560.6 561.3 562.6 562.5 562.4 562 561 559.6 560.8 561.3 560.4 560.3 559.6 560.5 559.6 558.2 555.9 551.1 552.7 552.5 551.8 549.4 549.2 547.2 543.6 539 536.8 531.8 528.8 527.6 525.2 521.3 513.4 502.2 513.2 513.3 513.4 513.4 513.9 513.6 514.4 515.8 514.9 514.2 517 516.8 515.5 512.8 511 507.6 505.8 505.8 504.5 501.7 501.7 500.5 499 499.7 499.1 499 499.3 497 496.2 495.7 495.6 494.9 495.2 496.8 495.2 492.4 488.7
549.9 551.5 556.3 550.2 558.9 563.9 566.2 569.1 569.5 570.7 570.3 570.6 569.6 567.7 567 566.9 566.5 566.2 566.1 566.1 566.1 565.1 563.1 560.4 559.3 558.8 556.9 556 554.7 552.9 549.6 546.4 543.3 540.3 537.3 534.9 533.2 528.5 521.7 508.8 511.4 520.8 519.3 519 520.3 520.5 520.1 520.2 521.7 516 520.7 522.1 521.4 519.8 518.2 515 513.4 511.4 509.5 508.1 506.3 506.1 505.1 504.5 504.2 503.3 502.8 502.3 501.6 500.3 500.1 498.7 500.5 501.8 501.4 498.4 494 494.8
565.8 567.4 571.1 562.7 573.2 575.6 576.6 578.9 577.8 579 578.4 577.5 576.1 574.6 573.5 574 574.4 573.8 573.9 573.2 571.7 570.6 568 563.2 565.5 564.3 562.3 559.2 558.8 555.6 553.1 550.3 547.8 545 543.2 540.2 535.2 528 514.4 520.5 526.2 527.4 527.2 527.3 527.8 527.8 527.7 527.3 528 525.7 526.7 526.8 526.7 524 522.5 520.1 517.7 516.7 514.4 513.2 511.9 511.5 507.8 508.7 508.8 507 505 506.4 505.3 504.2 503.8 505.9 506.3 506 503.5 500.5 500.3 500.5
579.7 579 575.3 572.3 582 584.8 586.5 587.6 587.5 588.2 587.2 586.1 584.9 582.4 581.6 582.8 582.9 581.8 581.4 579.5 577.9 576.9 574.6 567.7 572 569.2 567.5 564.8 563.3 560.4 557.5 555.1 552 550.2 547.2 542 533.9 523.5 529 531.8 534 535 534.7 534.7 535.5 534.4 534.1 533.9 532.9 530.1 532.5 532.7 530.5 529.4 526.9 525.4 522.5 521.7 519.9 518.7 515.6 515.8 512.7 513.1 512.7 511.6 510.4 511.6 511.2 508.9 507.8 511.2 510.4 508.3 506.3 506.1 506.2 505.1
591.5 590.4 589.9 582.8 588.9 594.7 595.2 597.1 596.6 597.7 596.6 594.5 592.9 591.7 592.9 593.8 592.3 591.6 590.9 588.8 586.7 583.7 580.4 575.8 578.6 575.1 570.9 570.3 567.8 565 561.8 559.1 557 553.6 547.5 539.9 532.2 536 539.8 540.4 542.7 542.8 543.1 543.1 541.9 541 540.5 540.6 534.6 537.3 536.9 536.3 534.8 533.8 532 530.1 528.5 526.5 524.6 521.7 521.9 520.4 518 518.8 517.6 516.9 517.3 518.5 517.9 513.1 512.9 514.4 512.6 510.9 510.3 510.6 510.7 509.4
599.5 600.8 601.7 593.4 594.8 604.8 609 611 609.9 607.5 606.2 605.3 604.6 602.9 603.6 601.5 602.7 601.5 598.7 596.4 594.1 590.6 584.8 584.1 584.2 580.3 577.1 575.7 572.2 569.7 566.1 562.8 559.4 553.2 539.9 541.5 544.6 546.3 547.4 548.3 550.6 552.1 552 549.6 548.9 547.1 546.7 545.9 540.6 542.7 542.2 540.7 539.9 539.4 538.1 534.6 533.5 532.5 530.1 527.9 527.5 525.7 523.8 524.8 526.4 525.6 525.5 525.3 523.6 519.8 518.5 517.6 516.3 514.7 515 515.4 514.2 513.2
611.9 613.3 613.8 610.6 611.8 617.5 620.9 620.4 617.7 620.1 618.4 617.8 615.9 614.2 615.1 614.1 614.4 612.6 608.3 604.1 601.7 596.2 589.3 591 589.3 585.7 583.2 580.4 576.7 572.3 569 564.8 560.2 555.1 548.2 550.8 553.9 554.9 555.3 555.6 557.4 559 559 559.1 553.9 554.4 552.7 550.1 548.3 548.3 547.3 546.2 545.9 544.9 543 541.2 538.8 536.8 533.7 533.9 532.8 531.5 531.2 532.5 533 533.3 532.6 530.3 526 525.3 524.4 523.4 522.7 521.4 520.6 520.5 519 517.2
624.7 623.7 625.3 626.8 620.4 630.1 631.2 631.8 631.6 631.5 631.1 629.9 626.4 625.9 626.2 624.4 623.8 620.3 614.8 612.8 608 598.4 598.6 597.6 594.4 591.7 589.8 585.4 581.4 576.7 572.3 568.4 564 553.8 558.6 558.6 560.9 561.5 561.8 562.6 562.9 564.3 564.1 563.3 561.4 559.7 557.4 554.6 554.5 555.8 553.9 552.8 552.2 550.1 548.7 546.5 544.3 541.7 539.9 539.8 539.5 537.4 538.3 539.1 538.5 539 536.5 531.8 529.9 531.3 530.7 529.8 529.5 527.9 526.7 524.8 523.2 522.1
635.8 635.7 638.3 637.9 637 639.9 642.3 643.7 642.4 641.7 641.4 639.9 636.7 634.6 634.2 633.2 633 627.3 623.5 619.5 609.8 610.2 608.8 607.1 603.2 599.4 595.7 592.4 587.1 582.3 578 571.1 559.8 564.7 565.5 564 566.9 567.4 567.7 567.8 567 568.1 567.8 567.6 566.5 564.1 562.3 558.2 559 560.8 559.8 559.8 559.4 557.3 555.3 552.3 550.7 548.4 545.1 545.6 545.4 542.8 544.6 544.5 542.6 541.7 538.4 536.3 536.9 538.2 537.3 536.5 536.4 535.8 533.3 531.2 530 528.2
647.7 646.8 647.4 640.1 648.1 650.3 652.9 653.2 650.8 650.8 651.4 647.3 644.5 642.7 644 642.6 640.7 635.7 630.8 616.1 623.1 620 617.5 615.3 609.7 605.2 602 597.7 593.4 589.2 582.1 568.9 572.6 573.7 571.2 569.8 572.8 572.5 572.8 572.9 571.6 572.8 573.3 572.4 570.3 568.1 566.1 560.7 566.2 567.3 567.6 566.8 566.2 564.2 561.5 559.1 556.5 552.4 551.2 550.9 550.3 547.6 549.7 548.7 546.7 545.9 544.8 542.8 545.1 545.3 545 543.7 544.2 543.3 540.9 538.6 536.2 532.7
661.1 660.5 658.5 647.8 658.4 660.7 663.4 662.1 661.8 659.7 659 656.4 651.2 649.9 652 648.9 645 642.1 634.7 628.1 631.9 629.9 626 621.2 615.1 610.6 605.7 602.2 598.6 591.1 577.6 578.7 580.6 580.4 577.5 576.5 578.3 578.1 577.7 577.7 576.9 577 577.1 576.5 575.2 572.3 570.3 568.3 571.1 573.4 575 576 574.2 570.6 568.2 565.7 560.3 557.5 557 556 555.8 552.5 554.8 552.5 553.2 552.5 552.3 550.1 551.9 552.3 552.7 553.6 553.1 552.3 548.9 545.4 540.5 535
670 670.2 668.7 661.3 667.1 667.8 669.1 668.2 669.2 667.3 664.9 662.8 662.3 661.9 659 653.7 649 646.3 635.3 637.3 638.5 636.5 631.4 625.1 619.4 613.2 608.8 605.1 600.6 589.7 584.3 588.2 588 587 582.3 583.7 584.9 583.8 583.4 583.4 582.5 582.3 581.2 581.1 579.6 577.1 575 575.1 576.5 579.1 581.8 582.7 581.1 578.2 575.3 570.2 565.3 564 561.8 561.8 560.3 559.1 560.3 559.1 559.5 559.7 559.5 557.8 559.4 560.7 562.5 563.4 562.1 559.3 555.3 549.5 544 537.8
676.1 675.5 674 666.6 671.2 673.7 674.1 674.7 675.2 673.5 671 669.9 669.8 665.6 660.6 657.6 654.1 640.8 645 642.7 642.6 639.6 635.4 630 623 614.9 611.7 606.2 597.4 585.6 593.4 594.3 594.3 593.4 586.1 590.2 590.9 590.9 590.6 590.1 589.5 588.7 586.3 585.7 585.3 583.6 582.5 581.9 580.6 584.8 587.6 588 587.5 584.3 581.4 575.5 572.4 569.9 568.4 568.6 566.5 566.1 566.7 566.3 566.2 567.1 567.1 566.9 567.1 569.7 571 571 569 564.7 559 552.6 545.5 538.9
678.7 678 674.4 673.5 676.2 676.8 679.8 679.9 679.4 678.1 675.8 674.1 672.1 667.9 664.5 660.7 653.6 652.5 651.2 648.4 645.2 642.5 639.3 635.5 625.9 621.5 614.2 603.4 591.6 597.1 598.3 599.2 600.1 598.5 586.8 595.6 596.9 597.5 597 597.4 596.3 594.4 592.6 591.4 590.6 589.3 587.8 588 586.3 589.6 591.5 592.2 591.2 589.3 585.3 581.4 578.7 576.3 575.2 575 573.4 574.2 574.3 573.7 573.2 574.1 574 574.7 575.6 576.8 578 577.2 572.8 568.7 561.9 555 547.1 540.8
680.9 679.2 675.8 677.4 678.6 679.1 680.8 681.7 680.9 679.6 676.6 676 672.8 668.2 666.1 660.4 656.7 658.9 656.9 653.2 649.4 645.7 643.2 639.7 634.3 626.7 614.8 600.9 601.2 603.1 603.3 604.8 604.3 601 592.4 601.4 602.8 603.3 603.7 603.1 601.7 599.6 598.7 597.7 597.3 595.5 594.5 593.6 592.3 594.1 595.3 595.6 594.6 592.8 589.3 586.6 584.8 583.7 582 581.3 579.9 580.8 579.9 580.4 579 580.7 581.4 581.3 582.4 584 584.2 582 577.7 572.2 565 556.3 548.5 542.4
683.1 680.6 676.8 679.5 681.2 680.6 683 682.4 681.6 678.6 676.8 676.5 672.5 668.5 666.1 665.3 661.3 659.2 657.7 658.1 654.4 647.6 644.3 644.2 639.2 628.7 613.4 603.6 608.8 609.2 610.8 610.4 608.8 606.7 600.3 605.5 607.6 608.2 609 607.8 607.3 606 605.3 604.9 603.8 600.7 600.8 598.7 597.7 597.5 599.1 598.8 597.6 596.5 595.9 593.8 592 589.8 588.4 586.8 586.5 586.6 586.2 586.8 586.7 586.9 586.9 587.7 588.3 589.5 588.8 585.7 581 575 567.2 558 551.1 542.6
683.8 680.8 679.4 682.6 684.9 684.7 684.5 683.9 681.8 679.9 677.6 675.5 673.9 671.8 669.7 666.9 666.5 663.1 659.9 659.2 656.4 649.6 649.1 644.6 640.6 631.4 613.8 619.8 618.9 619.8 620 617.2 613.8 610.8 608.4 607.3 611.6 612.8 613.5 613.3 612.5 612.1 612.4 611.3 608.8 606.7 605.5 603.9 602.4 602.1 602.8 603.5 603 603.6 602.7 601.8 599.8 596.8 595.3 593.8 592.8 593.2 592.8 591.9 592.7 592.3 593 593.3 591.6 593.3 591.7 586.8 583.1 576 567.7 559.9 552.1 543.6
684.1 681.7 681.6 686.5 687.7 688.3 688.3 685.7 682.3 680.1 677.8 676 674 672 671.5 668.6 669.1 665.8 661.7 659.1 656 651.7 650 646.8 641.7 629.2 627.8 631 631.7 629.9 628.6 623.2 619.2 615.7 613.1 607.2 614.4 617.2 618.5 620.2 619.7 618.5 617.1 616 613.6 612.2 610.7 609.2 608.2 608.1 608.2 610.2 609.3 611.7 612.9 611.3 607.2 604.1 602.1 600 599 598.5 599 597.9 597.4 598.7 598.5 597 596.1 595.6 593 588.5 582.7 576.5 568.4 558.7 551.4 543.6
687 682.8 685 688.1 688.8 689.9 691.9 686.2 682.9 680.8 678.2 677.6 675.3 673.1 671.8 670.3 670.4 668.7 665.1 659.4 657 653.7 648.9 644.6 637.1 634.1 637.4 640.2 640.4 639.2 636.6 632.3 626.8 622.2 619.6 612.7 620.1 622.1 626.5 629.5 627.7 623.5 622.5 620.7 619.5 618.5 617.8 615.9 615.7 616.1 617.5 616.6 615.1 620.3 622 619.4 615.7 611.8 608.5 606.2 604.2 604.5 605.3 605 604.5 604.8 603.5 601.7 599.2 597.6 593.5 589.6 583.8 576.4 567.1 559.8 552.8 544.7
686.6 686 687.1 687.7 688.7 691.4 688.2 684.1 681.5 680.1 679.6 677.3 674.3 674.3 672.2 672 673 669.5 666.2 661.4 658.8 654.5 649 645.4 637.2 639.3 642.7 645.8 646.2 645.5 643.6 640 632.5 630.8 626.4 618 625.8 630.6 633.3 636.3 636 631.9 629.6 628.8 629.1 628.6 626.4 625.8 626.3 627.1 624.8 621.3 619.6 625.4 627.4 624.6 621.4 617.1 613.4 610.7 609.9 611 610.5 609.8 609.6 608.6 607 604.2 602.3 599.5 596.3 591.2 584.5 575.7 567.6 559.9 552 542.7
689.4 688.9 686.9 685.8 686.1 691 685.8 681.5 680.7 678.4 678.8 677.8 674.6 674.1 672.9 674.3 671.6 670.4 665.8 662 660.4 654.3 649.7 648.3 642.7 645.4 647.3 649.6 650.2 650.4 648.8 646.2 643.1 638.7 633.1 625.2 635.6 638.7 641.7 642.1 643.9 642.8 643.1 644 642.3 642.1 639 638 637 634.4 629.9 625 626.1 629.5 631.6 629.6 625.5 622.2 617.6 615.8 614.1 614.7 614 613.6 612 609.5 607.5 605.8 604.4 601.9 597.8 591.8 584.3 575.3 566.5 559.2 550.6 540.2
692.7 689.1 686 680.8 681 682.2 679.9 679.2 679.4 677 677.4 675.4 673.4 673.4 673 672.3 670.7 670.1 665.9 660.5 656.6 653.7 652.3 648.6 648.1 649.2 650.6 652.4 653.5 653.9 652.7 650.9 648 643.8 631 638.3 641.2 645.1 648.2 650.3 650.9 651.9 654.1 651.9 650.7 651.8 648.7 647.4 643.4 641.5 637.3 635.2 634.1 633 635.7 635.2 629.8 625.6 621.8 619.2 618.7 619.3 618.4 616.7 613.7 610.9 608.4 608.1 605.4 602.8 598.4 592.2 584.2 575.8 565.5 556.4 545.8 537.3
694.1 689.5 685.7 678.3 675.9 674.1 673.7 674.4 676.9 676.3 674.6 673.8 672.1 673.5 673 671.1 671.2 668.8 664.9 660 656.4 653.5 650.9 649 650.5 650.7 651.5 653.7 655.5 656.6 656 654.7 652 641.7 641.3 639.2 649.5 653.1 655.6 657.3 658.5 660.9 662.2 659.5 657.6 654.3 654.4 653.1 650.6 648.7 645.6 643.1 640.7 638.5 639.7 639.2 634.8 629.9 626.9 624.4 624.1 624.3 622.3 620 617.5 613.3 610.7 609.1 607.1 603.2 598.2 591.5 584 574.9 562.7 552.2 542.3 534.2
692.8 688 680.6 676 672.1 670 668.6 670.5 672.7 673.9 670.9 668.8 670.1 667.8 669.1 669.5 668.6 667.6 663.9 659 656.1 653.8 651.6 652.6 651.5 653 654.4 654.8 656.2 658.4 658.6 657.2 652.7 652.2 649.9 651.4 645 657.9 660.8 662.9 664.4 665.8 667.3 666.7 663.8 659.7 658.9 657.7 656.5 653.6 650.7 647.2 645.7 645 644.5 641.5 637.8 635 632.2 630.6 630 629.2 626.7 624.2 621 616.4 613.2 611.3 607.7 603.2 597.4 589.6 581.6 570.5 559.7 549.9 539.7 528.4
692 682.8 676.8 673.4 669.6 668.4 666.9 667 668 671.1 667.5 665.4 662.7 665 664.6 665.4 665.1 663.5 660.8 658.1 654.9 653 654 652.4 652.1 653.5 655.5 656.7 657.9 659.5 660.1 658.5 656.1 657.3 655.4 657.4 651.1 661.3 664.2 666.8 667.6 668.6 669.9 669.9 667.1 666.3 666.3 664.5 662.2 657.5 653.5 652 650.1 649.8 648.1 644.5 642.1 638.3 635 635.2 634.6 633.2 631.8 629.3 624.8 622.6 618.4 615.6 610.4 603.8 596.8 588.6 579.2 569 557.5 546.1 535.2 526.3
