ny/ny83_OST50GRID_20230518/NY83.asc
ncols 200
nrows 200
xllcorner 380000
yllcorner 530000
cellsize 50
[rows 70 to 104 of 200, columns 0 to 77 of 200]
684.7 678 672.5 670.1 667.5 664.4 662.8 662.1 663.7 665 664.1 661.7 660.5 664.3 663.5 661.8 662 661.4 659.7 656.5 654.2 654.3 654.2 653.6 654.3 655.2 656.6 657.8 659.1 661.7 661.4 659.5 659.1 658.5 659.4 660.1 658.1 658.6 661 664.4 667.8 669.3 672 673.1 672.1 671.4 672.4 670.2 666.3 662.8 656.4 655.1 653.8 653.8 651.4 649.1 645.4 642.1 640.3 639.6 638.1 636.6 636.6 635 631.7 628.7 624.7 620 614.3 606.1 597.5 589 579.9 566.9 553.7 544.3 533.6 525.5
682 676.3 671.9 668.5 666.1 663.9 658.5 656.4 659.4 660.6 661 657.1 660.5 664.6 663.6 661.6 660.1 659.3 656.9 654.6 652.6 652.2 652.8 653.5 653.4 656.2 657.4 658.6 660 662.2 662.1 661.9 661.4 661.2 661.9 662.2 661.2 661.4 665.3 666.8 669.3 672 674.5 676.7 677 675.5 675 673.7 671.4 667.2 660.2 659.1 657.8 658 655.5 651.5 647.3 645 644 641.7 640.4 641 639.8 637.1 637.6 632.6 629.4 623.5 615.6 606.1 597 589.3 580.2 566.2 551.6 543.3 531.3 521.4
679.8 676.3 671.1 668.6 665.1 660.7 654.9 649.7 654.5 655.9 657.5 652.3 655.9 659.7 660.7 658 654.3 654.5 654 651.4 650.8 649.8 651.2 651.6 653.7 655.2 656.5 658.6 660.3 662.9 662 662.4 663.8 662.9 663.8 664.4 663.4 663.6 665.8 669.7 672.8 674.3 677.1 678.6 678.8 680.1 679.4 675.7 676 670.4 667 664.8 663 662.9 657.9 654.5 650.6 649.4 647.4 645.4 645.7 643.7 639.5 639.7 638.7 636.6 631.6 624.8 614.7 605.3 597.3 589.6 579 566.8 554.6 540.9 532.4 521.3
679.6 674.8 670.2 666.9 662 657.2 647.5 642.4 648.1 649.9 650.6 648.2 649.6 650.5 651 650.4 650.7 651.3 650.1 650.2 649.9 647.6 648.7 649 651.5 653.2 655.5 657.9 660.2 661.9 661.1 662.6 664.5 664.4 664.8 666.3 666.7 667.2 666.3 671.1 673 676.3 678.8 681.3 682.8 682.9 683.6 681 678.4 676.7 673.9 670.8 669.1 666.9 663 659.8 653.9 654.6 654.4 651.4 650.2 648.7 645.7 641.8 640.8 638.2 631 624 617.7 608.1 601.3 592.8 581.2 568.7 553.4 538.6 530 520.9
678 673.2 668.5 662.7 654.8 648.1 644.1 634.2 642.2 644 645.2 643.5 643.5 644 645.6 645.6 646 647.1 646.9 646.8 646.7 645.6 646.4 646.4 648.8 651.9 653.2 655.9 658.1 659.2 662.6 664.6 665.8 666.1 666.5 668 671 673.2 670.7 672.3 672.4 676.4 679.9 682.4 686.3 688 688.3 687.6 685.9 683.4 678.4 676.3 674.1 672.8 669.9 665.1 660.2 661 661.5 655.5 655.2 656.7 650.8 646.7 644.7 640.6 636.3 629.6 621 613.4 602.6 593 581.4 568.8 552.1 539.3 530.8 522.3
676.8 672.1 667.1 659.3 649.2 641.7 635.5 626.3 634.7 637.9 639.2 638.2 636.9 637.8 638.9 639.7 640.6 641.7 641.8 643.3 643.6 643.3 644.1 644 644.5 647.7 652.3 655.8 657.5 659.4 663.3 665.6 666.9 667.8 668.3 670 672.8 675.4 676.4 674.5 674.5 676.6 679 685.1 690.4 692.4 693.6 694.7 692.8 688.7 683.6 681.7 680.3 678 674.7 671 667.4 665.3 660.6 656.1 659 658 655 650.2 647 643.7 637.9 631.2 623.5 614.7 603.8 594.1 582.5 569.5 553.8 541.9 534.7 526.8
676 671.9 667.4 659.1 646.6 637.6 629 620 628.5 632.7 634.4 633 629.5 630.8 632 633.1 633.6 635.7 637.1 638.8 639.3 640.5 641.3 640 641.2 644.5 649.2 653.8 652.7 660 665 664.6 665.4 666.8 669.1 671.7 676 679.5 680.5 678.5 676.8 677.9 679.6 686 691.4 693.3 696.5 696.2 694.6 694.8 691 687.4 681.9 681 677.4 674.5 671.9 670 664.7 659.7 660.1 659 656.6 652.5 648.6 645.1 639.9 632.3 623.9 614.5 604.8 594.4 582.9 569 555 549.1 539.5 532.3
675.4 671.9 667.7 658.3 645 635.9 628 616.1 620.7 627 627.9 626.9 623.7 625 624.5 626.6 625 628.9 631 632.7 634.2 636.2 636.9 637.2 638.7 642 646.8 649.5 649.2 655.4 658.1 660 662.8 664.6 669.2 672.5 676.7 680.4 682 680.7 679.7 681.6 685.8 688.8 690.6 693.7 696.8 697.7 696.6 694.9 693.8 692.4 687.3 684.4 678.9 673.9 673 673.5 668.8 665.8 661.9 659.7 657 652.6 649.5 645.7 640.3 631.4 622 613 604.2 593.1 584.6 572.5 562.6 556.6 546.1 537.9
674.2 671.5 666.8 655.1 646.3 637.3 626.9 616.5 611.6 617.2 618.7 620 617 619.1 618.2 619.3 617.9 622.2 624 625.3 628.2 629.4 633.2 633.5 635.4 639.4 643.6 645 647.8 651.6 655.9 660.1 662.9 666.8 671.7 673 675.3 681 681.4 683.5 684.2 685 688.9 690.9 692.1 694.4 697.6 698.6 699.5 698.2 698 695.1 690.7 688.7 683.8 678.2 674.4 674.2 673.9 668.1 662.1 659.4 655.2 651.9 648.3 644.8 639.9 628.6 620.7 612.8 605.5 600.3 588.6 576.2 567 561.2 552.3 543.6
673.1 668.8 661.1 653.5 645.4 636.8 625.7 616.7 604 606.6 610.7 611.9 607.6 612.2 612.3 612.6 610.8 612.1 615.6 617.3 620.1 623.2 625.4 625.6 632.1 637 640 643.4 645.9 650.6 655.1 658.8 662.9 666.9 672.5 675.8 677 680.4 683.4 685.7 686.9 688.7 691 692.6 695.3 696.8 699.9 701.5 702.1 701.6 699.7 698.2 693.1 691.2 688.3 683.3 679.3 675.4 673.6 669.1 662.3 659.7 655.7 651.6 649 645 638.4 627.1 622.1 617.9 612.2 605.4 592.9 580.9 569.9 564.9 554.7 544.7
667.3 661.2 655.5 649.8 643.8 636.8 626 617.4 606.2 591.1 598.3 602.6 601.3 606.2 607.4 606.3 604.8 605.6 608.5 610.6 610.9 615.6 617.3 616.8 625.9 632.5 638.4 641.9 644.6 647.7 652.2 657.4 663 667.3 672.1 675.9 679.4 683 685.9 688.1 689.4 691 693.5 695.9 698.6 700.9 702.1 704 704 706.2 703.8 702.2 695.5 691.5 687.4 683.8 680.4 676.2 673.6 669.7 661.2 657.9 655.2 652.7 649.8 645.6 639.7 631.1 627.2 623.4 618.2 611.2 600.1 587.8 574.4 567.8 557.2 544.5
659.8 655.2 650.2 646 641.8 635.5 627.1 615.8 606.7 597.8 586.9 594.9 597.2 600.2 601.7 600.6 599.6 599.3 598.5 601 604.3 609.5 609.2 612.5 623.4 630.6 635.9 639.8 643.2 646.6 651.4 656.4 661.8 667.4 671.3 675.4 679.5 682.9 685.9 688.3 689.2 691.8 693.4 699.1 700.1 702.2 704.8 704.2 703.5 705.9 703 698.7 693 688.5 684.1 682.2 680.5 678.5 673.1 668.1 660.9 656.1 653.6 651.6 649 645.4 642.2 635.5 631.7 627.3 622.7 615.7 607.6 594.7 581.8 569.5 557.9 547.3
653.9 650 645.5 642.2 638.2 632.1 626 615.4 606.7 598.3 590.8 584.3 590.4 593.2 595.5 596.4 595.6 594.1 593.2 594.3 599.6 599.1 603.4 612.9 619.3 626.1 632.8 637.2 640.7 643.7 648.7 654.9 660.7 666.5 669.2 673.8 678 681.7 683.9 686.9 688.6 691 692.2 694.8 696.8 697 697.3 698.9 701.4 702.1 698.2 693.9 688.5 683.7 680.4 678.9 678.7 676.2 671.8 663.8 657.1 653.8 652.5 651.3 649.6 646.8 643.8 638.4 634.8 630.8 627 621.7 614 598 584.3 569.6 559 549.4
648.1 644.4 640.9 637.1 633.5 630 623.9 613.1 606.2 596.2 589.2 578.4 580.6 584.6 588.6 590.5 590.1 589.4 587.2 590.7 594.2 596.9 602.6 607.8 613.8 621.2 628.9 634.5 638.8 642 646.2 650.9 657.6 662.6 665.8 669.9 673.8 677.1 678.9 684.8 685.8 686 688.7 691.7 694.1 691.7 693.5 696.5 698.1 697.9 694.9 690.9 686.4 681.4 676.9 675.8 676.6 678.3 666 658.1 653.9 652.3 651.7 650.9 648.3 647.4 645 641.7 637.9 634.4 630.8 625 617.1 600.3 584.2 568.8 558.9 550.8
641.9 638.6 635.6 633.1 629.3 625.9 620.2 611.5 603 592.5 585.1 580.5 577.3 578.8 579.9 582.8 580.9 583 585.4 584.6 583.7 592.1 598.2 603.2 609.4 616.5 624.5 630.1 635.3 638.7 642.6 646.4 651.4 658.3 664.3 668.5 670.5 671.1 675.2 679.5 680.4 680.9 681.8 685.3 687.2 687 688.4 691.9 692.3 692.2 691.7 687.5 682.5 676.8 673.3 671.4 672.6 668.4 660.8 654.8 652.4 651 650.6 650.1 648.5 647.7 647.7 644.2 639.9 635.2 632.5 627.6 619.4 604.5 583.4 570.4 561.4 549
635.2 632.3 629.5 627.7 624.8 620 614.1 607.4 599.5 590.1 582.3 574.2 573.2 574.6 575.7 576.5 577 580.2 580.9 578.8 581.7 586.7 591.7 598.1 603.9 612.7 618.1 623.2 624.7 634.3 638.5 642.1 647.1 654.8 660.5 664.3 667.2 666.4 672.3 674.6 675.2 675.5 678.1 679.1 679.5 682.6 685.4 686.9 687.8 687.6 683.7 679.9 678.5 672.9 668.3 668 665.8 662.2 656.3 653 651.8 650.7 648.7 647.1 647.2 646.4 647.8 644.6 641.6 637.5 634 629.2 621.6 605.1 587 574.1 563 555.6
628.5 625.6 623.6 621.6 619 614.2 609.6 603 597.1 589.1 581.3 576.1 568.8 567.4 567.2 567.3 574.2 576.4 570.9 578.1 580.5 583.2 586.9 593.5 600.1 605.4 610.6 614.3 619.3 623.2 633.5 637 641.1 647.3 652.8 657 660.2 663.6 669 668.7 671.6 674.1 673.9 671.5 672.9 676.5 680.1 681.3 682.1 681.2 678.4 675.8 670.6 665.3 664.3 663.9 661.7 658.9 654 651.9 650.7 649.9 648.7 646.5 645.9 646.1 644.4 643.2 642.6 638.8 633.4 629.1 621.4 606.2 586.8 579.2 573 565.6
621.2 619 616.8 613.5 611.1 608.2 604.9 599.3 592.8 588.5 581.3 574.8 571.5 564.6 554.4 563.5 568.4 569.5 558.3 576.1 578.2 580.3 585.2 589.3 594.1 600 606.1 612.3 615.6 618.1 625 632.8 636.4 642.6 647.4 649.8 654.3 657.9 663.1 667.5 670.1 670.2 669.4 668.2 667 668.6 673.3 675 676.1 674.3 671.5 667.2 663.4 661.5 660.9 660.6 659 657.1 652.8 650.8 649.4 647.9 648 646.1 645.5 644.6 644.3 642.5 639.8 636.7 633.3 627.3 618.7 609.1 602.8 588.1 578.6 571.2
614.6 612.3 609.5 606.2 605.1 603.2 598.8 594.6 590.2 587.1 578.9 573.6 571.2 567 561.1 551.1 561.2 563.4 564.7 573.2 577 579.2 582 585.9 589.5 595.7 600.9 603.7 607.9 615.3 616.4 626.4 632.3 636 638.8 644.8 650.5 654.1 656.4 660.9 664.2 664.1 663.7 664 658.4 656.3 664.6 666.5 667.5 666.8 664.1 662.9 661.1 659.2 658 657.4 655.7 651.9 651 649.5 647.5 646.5 646.9 646.9 645.9 645.1 643.4 642 639.3 638.1 635.1 630.9 625.4 617 611 596.4 585 576.6
607.6 605.9 603.8 600.7 599.4 598.1 594.9 592.4 587.8 583.6 577.5 571.9 569.4 566.7 562.3 554.3 550.7 552.1 566.4 570.6 574 576.4 578.9 582.4 585.5 588.9 593.8 597.9 603.1 610.1 613 616.9 625.2 620.5 634.1 639.6 635.3 643 649.5 653.4 656 658.2 659.6 658.4 651.8 653.8 657.1 658.4 660.7 659.8 658.4 658.3 657.1 656.1 655 654.1 652.4 649.8 648.7 648.1 646.9 646.1 646.2 646.1 646 645.8 644.4 643.9 641.7 640 636.7 631.7 627.3 621.3 615.5 602.1 591.2 580.3
601.7 599.7 597.7 595.7 594.6 592.8 591.2 587.4 584.8 580.7 575.9 569.4 566.7 564.5 559.7 552.3 552.4 558.3 563.8 567.1 570.6 573.3 576.3 579.5 582.7 585.5 588.3 592.1 597.9 603.3 607.2 611.7 615.6 618.8 623.1 629.4 632.1 637.6 641.7 645.6 648.4 649.7 651.1 649.2 651.3 650.1 651.1 652.5 653.8 654.2 653.3 653 652.8 652.1 650.4 648.9 650.1 648.2 646.9 646.1 644.5 644.9 646.1 646 645.8 645.6 646.8 646.2 644.7 642.7 638.8 633.4 628.7 621.6 616.2 607.2 593.4 580.5
593.9 592.9 591.9 590.2 589 587.9 586.2 582.5 580.6 577.3 573.8 568.3 561.3 558.9 553.7 548.9 547.8 555.2 559 564.4 567.4 570.4 572.7 575.9 579.3 581.8 584.1 588.2 593.5 596.7 600.8 607.1 610.2 616 621.9 626.2 629.4 632.9 635.4 637.9 640.3 642.3 644.3 639.8 644.2 645.2 647.2 647.3 649 649.5 648.8 648.7 647.5 646.3 646.6 647.8 645.2 645.6 644.5 643.8 642.8 644.3 645.4 645.2 645 644.4 645.9 645.2 643.5 640.8 636.9 632.7 626.4 621.1 615.6 605.4 591 578.4
586.5 586 585.4 584.3 583.5 581.4 578.7 577.4 575 573.9 570.9 567.4 562.1 557.4 551.5 546.1 543.7 549.2 556.1 561.5 565.1 567.5 569.5 570.5 573.5 577.2 581.1 584.5 588.5 592 595.6 601.7 606.7 611.2 616.8 620.3 623.6 626.2 628.6 630.9 632.6 635.6 635.9 635.7 637.2 638.4 640.8 640.7 643.5 644.4 644.8 644.3 643.6 643.8 645 642.5 642.8 641.9 642.5 642.7 642.6 642.7 644.1 644.7 644.3 642 643.5 642.2 639.9 636 632.4 627.8 620.3 612.8 606.2 595.4 585.1 574.2
578.6 579.3 578.8 578 578.5 575 572.6 570.2 570.2 569.5 566 565 564.1 559.6 551.3 545.9 535.1 544.9 554.3 557.6 561.7 564.6 566.2 566.7 568.9 572.1 574.8 579.5 582.7 586.9 591.3 593.5 601.2 605.5 609.1 615.1 619.3 622 623.8 625.4 627.8 629.6 630.2 630.1 634.5 633.2 635.3 637.2 638.7 639 639.9 640.3 639.7 638.4 639.3 639.3 639.3 639.1 639 638.9 642 642 644.2 643.6 641.6 640.9 640.7 638.3 635.1 631.4 627.1 620.6 612.6 604.2 592.6 588.1 582.3 576.3
572 572.7 572.4 572.9 573 570 565.6 563.6 564.3 563.7 563.1 563.3 562.3 559.2 552.6 546.1 542 538.6 546.9 553.7 557.5 560.9 562.8 563.4 565.8 566.2 568.7 573.2 577.4 582.7 588.1 592.4 596.4 599.9 605.4 609.5 612.8 616.9 619.1 620.4 623 625.1 626 624.2 627.6 628.3 629.8 631.7 632.9 633.7 634.8 636.1 635.7 634.8 634.7 634.3 634.5 634.2 633.9 638.5 640.8 641.9 642.1 641.5 639.2 637.9 635.6 633.5 630.5 625.2 616.7 608 599.6 597 597.6 593.4 585.6 579.8
565.8 566 566.1 567.1 567.2 567.9 564.1 559.8 560 559 558.5 559.1 559.3 558.3 555 548.1 541.4 530.8 539.5 548.9 553.1 557 558.6 558.9 562.3 562.7 564.4 567.1 573.5 579.8 584.1 588.8 592.8 596.1 599.4 602.4 606.5 610.8 613 615.1 617.2 619.7 620.9 621 623.2 624.1 624.6 625.7 626.3 627.6 629.4 630.8 629.3 628.9 629.1 628.7 628 627.7 632.2 635.7 636.2 638.8 639.3 638 636 633.6 631.9 629 626.2 616.3 607 605.7 608.7 606.1 606.4 599.8 589.3 581.7
557.9 559.3 559.3 560.3 561.7 565.6 564.2 558.6 556.2 554.1 553.5 554.4 556.4 557.7 555.4 549 537.9 531.3 532.5 544.6 549.5 553.1 553.9 555.7 558.4 559.3 560.2 565 570.2 576.2 579.8 584.4 587.7 590.3 593 596.9 601 604.8 608 610 612.3 614.4 615.4 617 618.2 618.7 620 620.3 622.5 623.4 625 625.5 625.1 623.4 623.7 622.6 621.8 624.5 628 631.5 634.2 634.8 634.9 632.9 631.1 628.6 626.8 621.2 614.1 608.6 615.3 616.8 615.2 613 610.6 606 594.4 586.5
552.4 553.2 553.2 554 556.6 560.2 562.2 560.3 557 553.4 551.3 551.5 553.9 554.2 553 547.3 538.8 530.9 525.8 537.4 544.3 548.2 550.4 551.3 552.8 555.7 560.1 563.9 568.3 573.2 576.8 579.9 582.9 586.6 589.3 592.4 596.2 598.9 602 605 607.8 609.4 608.7 611.2 612.6 612.7 614 615.1 616.1 616.2 618.3 619.7 618.1 618.3 620.1 618.5 618.3 620.8 624.2 626 629.3 630.2 629.6 628.3 626.4 624.1 620.8 615.2 615.1 619.6 622.5 622.6 622.3 620.7 617 611.4 601.1 590.8
544.2 544.8 546.8 547.8 549.1 555 557.5 557.7 556.9 553.2 549.7 549.3 550.7 552 551.2 547.5 540.7 529.9 525.5 531.9 541.2 546.2 548.5 548 547.5 554 558.5 562.2 566.1 570.4 574.2 576.3 578.6 582.1 585.5 589 591.9 595.4 597.3 599.4 603 604.1 605.4 606.3 607.8 608.8 608.6 609.8 610.7 612.9 614.7 614.5 614.3 614.8 616.5 615.3 617.2 619.5 621.4 623.4 625.7 626.4 626.2 624.6 623.6 621.4 618.7 620.6 622.9 625.5 628.3 628 626.7 624.7 620.6 614.9 604.4 594.4
532.9 534.1 539.9 540.1 540.1 547 552.2 554.6 553.9 551 548.2 547.5 549.2 549.7 549.8 547.7 542.4 532 520.9 533.8 542.4 545.6 546.2 545.6 547 551.5 556.9 560.9 564.7 568.4 571.6 572.7 575.6 577.8 582.6 587 588.3 590.2 593.3 596.3 599 600.1 600.1 601.7 603.2 604.7 604.8 606.1 607.4 608.4 610.4 611.6 612.2 611.7 612.3 611.3 613.6 616.7 618.6 621.2 622.3 622.4 621.8 619.4 620.4 618.8 621.5 624.4 628 632.3 634.2 633.9 631.9 628.2 623 616.9 607.2 595.4
522.8 527.5 529.7 530.9 533.3 539.8 546.7 549.8 549.2 547.9 547.5 543.2 545.4 546.9 548.1 547.3 543.3 533.5 520.2 530.4 539.2 540.7 542.2 540.3 546.9 550.7 555.8 559.5 562.6 562.8 568.6 571.1 572.3 575.7 579 582.1 584.5 587.6 591 592.9 594.9 596.4 596.3 597.5 598.9 599.9 601.9 603.1 603.7 605.1 607.1 608.5 608.2 608 607.1 610.1 612.5 613.8 616.5 618.2 618.6 617.8 617.6 618.7 619.1 621.7 625.9 630.4 635.6 638.6 639.4 638.4 635.4 629.9 625.1 619.1 608.1 597.7
513.1 519.1 524.4 522.8 526.7 535.4 540.3 542.6 544.6 546.5 547.2 542.8 538.2 543.1 544.8 545.7 544.1 538.9 521.3 522 531.3 533.6 528.7 540 542.8 547.5 548.6 544.4 558.4 563.9 567.3 569.8 571.6 573.5 576.6 579.6 581.6 584.3 586.8 589.1 591.1 591.8 590.6 593.1 594.1 596.8 598.1 599.4 601 601.6 601.7 601.8 602.1 604.5 606.2 608.1 611.5 612.7 614.3 614.9 615 615.3 615 619.5 622 624.1 630 636.5 641.7 642.8 642.5 640.7 636.4 631.5 626.8 621.6 611.8 601.4
520 505.2 515.7 516.1 519.3 528.1 535.5 538.8 542.1 545.1 546.8 542.2 533 534.6 538.7 541.3 542.5 539.5 527.4 514.3 519.2 524.1 528.9 533.6 538.3 530.7 535.2 550.3 556.2 560.5 563.7 566.6 569 572 574.1 576.4 578.2 581.2 583.5 585.8 586.8 586.4 584.6 588.1 590.7 592.4 594.9 596.2 596.8 594.7 594 597.3 599 602.9 604.1 605.9 608.7 610.7 613.2 613.1 613.3 614.1 615.3 619.4 622.2 628 634 640.9 643.9 644.7 643.5 642.2 638.9 633.9 628.4 623.6 616 604.2
517.5 509.9 503.6 509 515 519.4 528.4 535.4 539.9 543.9 545.5 543.6 536.9 529 534.1 537.2 539.6 538.5 534.7 525.5 517.1 508.9 514.6 522.5 524.1 526.2 541.4 546.9 552.1 557.9 561.9 564.5 567.1 570.8 572.6 573.4 576.2 578.4 579.7 581.1 583.2 582.5 582.9 585.4 586.9 588.9 590.9 591.6 590.7 589.6 589.7 594.5 599.3 601.4 603.3 605.9 608.4 609 611.2 612.8 613.9 613.9 616.5 619.8 625.2 631 636.5 642.5 644.6 644.6 643.7 643.1 640.5 636.3 631.2 625.3 618.8 609.4
514.3 507.7 498.4 504.8 510.2 512.1 518.3 529.1 535.3 539.5 542 540.4 536.6 526.1 531.7 534.5 536.3 536.3 533.9 529.3 522.2 514.6 507.8 512.4 516.2 529.4 535 539.6 546.7 553.6 558.3 562.1 565.4 567.8 569 570.9 573.1 574.5 574.9 576.9 578.5 577.4 578.1 580.3 582.7 584 585.4 586.1 587.2 586 588.5 593.2 596.3 600.7 602.7 604.9 606.2 608.8 611.2 614.2 614.8 615.6 619.7 623.4 627 632.2 638.3 642.6 644.2 645.3 645.1 644.4 641.7 637.1 633.6 628.9 622.1 614.7
