ny/ny83_OST50GRID_20230518/NY83.asc
ncols 200
nrows 200
xllcorner 380000
yllcorner 530000
cellsize 50
[rows 105 to 139 of 200, columns 0 to 77 of 200]
506.8 505.1 500.7 496.5 500.8 503.5 511.2 518.9 526 532.6 536.2 537.1 534.9 528.9 523.9 528.6 531.5 532.7 532.8 529.8 527.7 517.1 508.2 504.3 514.1 521.6 529 535.5 540.4 547.6 552.4 558.3 562.8 563.7 565.1 565.9 569 569.8 569.7 571.4 572.7 572.3 573.8 576.8 578.4 580 580.9 583.4 583.9 584 587.9 589.8 595.4 599.8 601.8 603.4 605.8 608.7 611.5 614.4 616.5 618.4 620.3 623.3 626.8 631.4 640 643 644.3 645.6 645.6 644.5 642.3 639.2 634.7 629.5 623.7 618.9
500.4 500.4 501.1 490.7 491.9 495.4 504 511.4 516.1 523 528.9 531.2 533.5 528.5 516.7 519.4 521.2 522.9 525.8 527.9 527.2 521.5 513.2 502.6 507.1 518.6 524.1 530.9 536.9 541.2 546.5 551.7 556.3 559.3 562.3 563.1 563.9 565.3 565.5 566.9 567.4 567.5 570.9 574 574.9 576 578.5 580.4 580.1 581.6 583.3 586.1 592 597.4 601.4 603.8 606 608.4 610.8 613 615.8 618.1 620.2 622.9 626.2 632.9 640 644.1 646.3 646.2 645.2 643.9 641.2 638.6 633.9 627.7 624.1 620
493.3 492.3 493.1 496.3 484.3 489.1 498.9 503.1 509.2 515.2 521.1 525.2 529.3 525.9 518.5 513.8 511.9 516.8 520.7 523.8 525.2 520.8 512.3 502 500.4 510 520 525.9 532.8 537.6 540.9 546.9 551.8 554.6 558.7 559.7 560.6 561.6 561.5 560.5 560.4 567 571.2 571.8 571.7 572.3 573.8 574 573.6 574.9 577.5 581.3 586.9 593.7 600.5 603.5 605.9 607.8 609.6 611.9 614.8 617.4 619.3 621.7 625.2 631.6 638.5 643.8 647 646.9 644.7 645.1 643.2 640.4 632.8 628.5 625.3 619.6
504.4 498.1 486.4 489.9 490.9 481.6 492.4 497.8 503.2 509 514.4 519 522.8 522.1 516.8 511.3 505 510.6 514.1 518.3 519.7 516.6 510.3 499.3 494 505.3 515.7 522.3 528.4 533.3 537.4 543.2 546.8 549 552.1 555.2 556.9 557.6 557 554 560.7 565.4 568.1 568.4 567.7 567 568.1 567.6 567.5 570.3 572.9 578.7 584.3 590.1 598.4 600.9 603.5 606.8 610.1 612.6 613.9 616.1 618.8 620.5 624.7 630.4 637.6 643.6 646.9 646.9 647.3 647.6 645.5 641.2 635.6 630.4 624.5 619.7
500 489.8 489.9 480.5 478.1 480.2 482.9 493.1 496.8 502.1 506.7 512.1 516.5 515.5 511 503.7 499.1 503 508 512.1 514.4 514.5 511.1 503 494.4 498.5 510.3 517.6 524.6 528.6 533.3 536.6 540.6 542.4 545.8 549.9 551.5 552.4 551.3 551.2 555.1 559.6 562.2 563.3 562.5 562.5 561.5 561.6 563.3 563.6 567.8 575.7 581.3 586.5 591.9 596 601.3 605.8 609.3 610.7 612.6 615.4 618 620.7 624.3 631.1 639.5 644.4 647.2 647.1 647.1 648.1 647.2 643.3 638.4 630.4 623.8 617.9
496.8 499.2 500.5 494.3 484.2 476.3 475.9 483 492.5 496.9 501 506 508.5 509.9 505.9 498.9 494.2 494.1 499 504.5 507.9 510 510.5 505.8 503.4 490.3 502 510.9 519.6 523.5 527.8 530.4 533.2 535.6 538.7 543 546 546.4 545.5 545 547.1 550 554.5 557.1 557.4 557 557.2 552.7 558.6 559.1 566.5 574.5 578.2 582.5 585.7 591.8 597 603.3 607.3 610.5 612.5 614.5 617.2 620.6 623.7 631.7 641.3 646.2 648.3 648.8 647.2 647.5 647.6 644.6 636.1 631.1 624.4 614.3
508.7 508.8 506.2 501.7 493.4 484.3 473.3 476.5 484.2 491.7 495.3 498.7 501.7 502.7 502.1 496.5 491.1 489.8 490.8 493.7 498.1 500.1 500.9 499.4 500.9 490.5 489.5 498.5 511 518.4 522 524.8 526.6 529 531.5 536 538.6 539.4 538.2 537.6 540.7 542.6 546.5 549.7 551.3 551.6 551.3 548 552.5 558.5 565.7 571.5 574.6 580 585.2 590.6 595.8 599.5 604.1 609.9 612 613.9 616 619.3 622.5 630.4 641.1 645.3 649.9 648.5 648.3 649 647.6 645.3 640.6 632.7 623.5 615.4
512.4 512.6 510.7 505.3 495.4 487.3 478.3 470.9 477.3 485.2 490.3 492.9 494.9 497.1 495.7 493.3 488.7 481.6 485 485.9 487.9 491 492.9 492.8 498.9 502.3 487.9 490.2 505.6 513.2 515.8 518.3 520 522 522.8 526.5 529.3 530.5 530.7 531.3 534 533 532.8 540.9 544.2 544.4 538.5 537.9 551.2 556.2 561.3 569 574.8 580.1 583.7 587.9 591.4 596.2 601.9 606.8 610.3 612.8 615.2 617.4 620.9 628.8 638.5 646.7 649.4 648.9 649.6 648.9 647.3 645.7 640.2 632.1 623.5 616.3
514.6 515.3 513.5 508.6 500.8 492.1 484.1 473.2 467.7 474.9 484.2 487.1 489.5 490 489.8 488.1 484.5 481.3 479.9 482.8 484 484 483.7 486.6 492.6 496.1 494.1 488.3 501.4 507.2 510.3 513.2 514.9 516.7 517.7 518.1 520.6 522.3 521.4 527.9 529.7 527.1 527 533.2 535.7 532.6 526.9 543.3 549.1 553.1 557.9 567.3 572.2 577.2 582.7 586.8 589.3 592.5 599.4 603 607.6 611.9 614.4 616.4 619.5 626 637.6 649.1 650.2 649.3 648.9 648.4 646.9 642.4 637.9 631.5 623.9 617.4
517.1 516.6 513.4 507.2 499 491.3 485.3 479.7 469.2 466.2 473.1 480.6 481.8 482.7 482.5 480.6 475.6 474.1 475.4 478.7 481.4 481.2 481.3 483.1 486.8 490.1 491.7 474.7 494.2 500 504.8 508.2 510.8 511 512.1 511.9 512.5 514.3 512.7 522.5 524.3 521.8 516.8 523.3 524.7 515.5 530.4 540.2 546.2 551.2 556.2 565 570.2 573 578.7 584.9 587.1 590.5 596.1 600.8 603 608.7 612.4 614.4 616.9 622.5 633.6 645.6 650.2 648.5 648.6 647.8 646.1 642.7 636.8 631.3 624 617.4
519.4 516.8 513.1 507.8 501.3 495.1 489.4 482.9 478.3 465.9 465 467.4 473.7 474.9 475.8 473.1 470.1 466.5 470.8 476.4 478 478.3 478.5 481.3 485.1 487.4 487.9 477.4 486.1 492.4 497 500.1 504.7 506.4 505.4 504.5 505.6 504.2 511.2 516.3 519.6 516.8 511.2 513.8 510.2 519.5 529.1 537.3 543.5 547 553.4 560.4 566.9 569.9 574.4 580.6 583.5 587.5 591.8 598.3 601.7 605.6 609.8 612.8 616 620.7 629.9 641.2 649.2 647.8 647.6 646.1 646.7 642.4 636.8 630.4 623.7 617.4
524.5 521.5 517.5 512.4 506 498.8 491.3 485.8 480.9 475.1 465.6 464.9 461.9 466.6 466.9 468.1 466.9 462.3 467.6 471.4 472.3 473.6 474.8 479.6 484.3 486.7 487.3 480.2 468.5 480 490.8 495.3 499 500.8 503 499.6 497.2 496 503.3 509.2 513.2 511.6 507.9 505 509.2 516.4 523.8 532.1 538.8 542.9 549.5 555.4 559.8 565.7 570.9 578.1 582 585.2 589.3 595.4 600.5 603 606.5 610.7 614.8 619.5 628 638.7 643 644.5 643.7 644.8 644.8 641.4 636 629.1 622.2 616.6
527.3 524.3 520.4 514.3 507.4 499.7 492.8 485.7 480.6 476.4 467.3 467.6 460.1 459.8 458.2 459.1 461.3 460.7 460.7 463.9 466.1 468.4 472.8 476.2 482.1 484.3 484.9 482.4 470.1 475.8 487.3 491.2 494 496.8 501.1 499.1 492.8 488.4 496.4 502.8 507.6 507.6 505.1 495.4 507.2 513 519.2 524.5 533.7 538.7 544.8 549.9 556.5 563.2 568.6 575.6 580.5 582.8 587.2 591.8 598.6 602.8 604.1 608.9 613.8 618.6 624.3 631.8 633.8 639.4 642.2 643.6 643 639.7 633.7 628.2 621.8 616.4
525.1 522.9 518.6 510.4 503.6 497 490.8 486.7 481.5 476.4 474.8 477 472.7 464.9 461.6 454.6 454.7 455.4 456.5 461 466.4 468.9 470.8 472 476.2 478.4 479.5 473 461.7 478.5 484.8 487.6 490.4 492.6 497.4 496 492.4 481.7 488.6 496.1 502.3 503.7 501.5 492.1 501.1 507.2 514.3 522.2 531.7 534.7 538.1 547 552.9 560.5 565.4 572.7 580.1 583.4 586.2 592.3 596.9 600.5 603.4 608.1 612.8 618.1 622.2 628.6 639 642.4 643.1 643.7 642.3 637.5 632.4 627.7 621.5 615.2
525.3 522.6 520.2 516.3 510.9 504.4 496.1 488.5 482.1 479.1 478.6 479.3 477.8 475 473.9 464.8 453.3 453.7 452.8 455.6 465 468 468.2 468 469.3 471.2 472.5 466 461.2 472.8 481.5 484.1 486 487.6 492.6 493.6 490.4 481.5 484 489.2 496.2 499.9 499.3 491.4 494 505 510.4 517.6 526.5 529.8 536.7 544.2 549.6 556.5 564.7 569.3 576.7 583.1 585.7 590.4 595.5 598.3 602.6 606.3 611.5 616 620.9 626.2 633.9 642.6 643.8 643.1 642 637.4 632 626.7 618.9 614.5
526.2 523.4 521.9 518.7 512.1 499.4 493.7 491.5 485.7 480.7 478.8 477.7 476.6 476.4 473.4 466.7 457.2 450.6 451.8 451 458 465.6 465.7 464.5 463.7 464.2 465.2 456.2 464.9 475.7 478 479.9 481.8 483.3 487 488.8 487.9 483.1 475.8 483.3 488.5 493.8 495.5 492.6 484.3 501 506.4 515.6 517.1 525.9 533.4 539.3 546.2 553.9 563.1 569.7 572.1 580.7 586.2 589.6 593.4 597.6 603.5 606.2 608.2 613.1 618.3 622.6 633 641.5 643 643.4 640.8 635.8 630.1 624.7 619.1 613.9
526.7 524 521.1 511.7 513.1 512.1 504.6 496.8 488.9 482.7 478.6 476.1 472 472.3 470.3 465.4 459.6 453.8 450.9 449.6 449.3 456.2 461.8 462.8 462.2 459.6 453.3 461.6 465.2 469.7 472.7 475.2 477.3 480.3 484.1 485.2 484.3 479.9 469.1 477.2 482.8 488.5 490.3 488.6 479.2 495.1 499.5 505.2 516.6 521.7 525.8 536.1 543.1 550.4 559.9 569.6 573.9 582.8 586.8 590 593.1 596.3 602.1 606.4 608.2 610.5 615.1 620.8 627 635 638.9 640 636.9 632.7 628.8 624.2 618.3 613.4
528.4 524.8 518.4 523.2 522.3 517.8 510.2 502.3 492.8 485.3 480.1 475.6 472.3 465.4 460.8 457.1 454.7 452.9 447.9 448.3 447.6 447.1 452.1 456.3 457.5 455.6 447.2 454.1 461.8 463.8 466.5 469.2 471.9 475.6 478.2 481.5 482.7 479.2 469.3 472.7 479.2 484.7 486.2 483.9 477.3 488.9 498.4 507.3 513.2 515.9 524.6 534.4 540.3 546.7 557.1 568.7 574.4 578.8 587.1 590.8 593.1 595.6 598.6 603.9 606.7 608.8 613.6 619.1 622.9 625.6 633.1 635.4 633.4 630.9 627.6 623.4 618.4 613.5
532.3 524.9 523.2 527.1 526.8 522.7 515.6 506.2 496.2 487.5 479.8 473.3 467.3 466.3 468.7 467.2 465.2 461.1 455.4 452.3 445.1 445.7 445.6 445.9 451.2 450.5 445.8 456 459.8 459.3 460.6 462 463.7 468.3 471.3 474.5 479 477.7 468.6 467 476.1 481.6 484.1 482.3 473.8 482.1 492.8 502.1 505 511.9 520 530.4 537.9 544 552.6 562.3 572.8 577.9 584.7 591.4 593.5 595.2 597.4 599.4 605.5 608 612.3 618.1 620.5 623.3 625.3 629.5 630.3 628.1 625.7 621.8 617.9 614.1
533.8 529.6 525.4 526 526.5 524 518 510.8 501 490.8 483.2 475.4 467.8 473 474.9 475.1 473.7 470.1 464.6 458.6 452.2 447 443.9 443.7 443.7 446.5 446.9 451.8 456.8 456.6 455.4 455.8 456.8 460.6 464.7 468.6 473.3 474.3 466.5 461.8 469.7 475.5 478.8 480.9 470.9 473.9 485.4 491.7 499.7 506.7 515.7 525.3 534.8 541.8 548.2 557.5 566.5 576.8 581.5 590.4 593.2 594.7 594.5 597.6 600.6 605.3 611 615.3 618.5 621.2 623 623.7 624.8 623.9 621.9 618.4 616.2 613
536.4 532.3 526.8 525.4 525.6 525.1 521.2 514.5 505.2 493.5 484.3 476.6 471.3 476.8 481.8 485.1 483.7 479.8 474.5 468.1 464.1 460.7 450.1 441.6 442 442.5 444.1 446.3 450.8 451.7 451.4 450.3 450.9 454.6 457.9 462.5 468.1 470.5 464.8 457.1 464.1 469.2 473.8 475.2 476.7 467.6 475.8 484.8 493.9 498.7 509.3 519.6 529.4 539 546.3 553 561.2 569.5 578.7 584.8 590.6 592.5 590.6 595.6 599.1 601.2 604.6 611 615.3 618.1 619.8 618.9 619.7 619.5 618.3 616.2 614.2 611.1
538.6 531.8 528.4 525.4 523.9 523.5 521.9 516.9 509 499.1 490.6 479.7 476.5 478.8 485.3 489.6 489.5 485.2 480.3 474.6 470.4 466.2 460 453.4 445.7 440.6 441.5 442.2 442.6 445.8 446.2 445.9 445.9 449.2 452.4 456.8 463.5 467.8 463.5 452.8 458.8 463.2 468.3 469.5 473.2 470.6 464.4 476.3 485.7 494.5 500.9 515.2 523.1 532.6 542.2 549.8 557.4 564.5 573.3 580.5 584.9 588.8 589.8 592.8 595.8 597.9 600.8 604.4 611.4 614 614 614.2 615.6 616.8 616.8 614.9 612.8 610
539.8 538.9 534.4 531.3 528.1 525.1 525.9 520.3 504.9 494.3 487.9 486 480.3 482.2 487.4 491.1 490.6 486.3 479.9 473.7 467.1 461.8 456.6 452.3 447.9 440.4 439.7 440.1 439.7 439.8 441.9 441.8 442.6 444.5 447.6 451.3 457.1 463.2 462.7 455.6 452.5 456.7 460.6 463.7 469.1 471.7 468.5 456.5 476.8 488.4 497.3 506.1 517.3 528.2 536.9 545.3 553.8 560.2 566.4 575.8 580.2 585.3 588.9 590.8 591.2 594.8 597.1 600.9 604 607.8 609.5 610.3 610.4 611.3 613.5 613.8 612 609.1
547.7 544.4 540.7 534.7 530.1 530.8 528.4 522.7 513 502.4 500.8 496.2 489.8 491.5 497.9 498 495.4 490.5 483.2 473.2 465.2 457.1 451.3 447 443.2 439.2 438.6 438 438 437.7 438 438 440 441.1 442.6 444.8 448.9 456.8 460.3 456.9 447 451.8 455.6 458.1 461.4 465.9 466 459 464.5 479.8 491.5 501.6 510.6 519.8 529.9 539.6 547.9 556.3 561.9 567.3 577 580.7 586.3 588.4 589.8 593.1 595.5 597.6 600.4 604.2 606.1 607.9 608.6 608.7 608.9 610.1 609.8 608.3
553.4 551.3 546.1 538.6 535.2 535.1 532.1 527.1 520 514.2 510.7 504.3 501.9 505.3 508.2 509.4 505.4 498.5 490.5 479.4 469.1 461.1 454.1 448.6 442 438.7 437.4 437.4 436.5 435.6 436.1 435.9 437.3 440.2 441.8 442.4 443.4 449.2 455.3 456.2 452.4 444.8 450.5 452.6 455.1 460.6 459.8 453 456.2 467.9 484 495.5 505.3 513.6 521.1 529.4 538.9 548.6 555.9 561.9 566.7 575.3 579.5 585 588.6 591 594 596 597 601.2 605.1 606.4 606.4 605.2 606.4 608.6 607.8 606.8
558 553.8 550.8 550.9 544.3 538.9 535.8 530.6 527.5 524.6 521.2 515.5 509.6 516.3 518.4 517.2 512.6 504.9 496.2 484.6 470.2 463.2 456.9 452.9 445.7 442.1 437.3 436.8 436.6 434.5 434.4 434.8 438.2 442.8 441.6 442.4 440.8 443.4 449.5 452.5 451.4 447.1 441 444.2 448.4 451.4 452.8 448 446.3 462 474.3 488.5 499.6 508.2 515.3 520.6 529.6 538.4 546.8 553.3 560.2 567 576.3 582.2 585.5 590.4 592.2 595 598.3 600.1 602.5 605.2 605.6 605.8 605.1 606.6 606.9 605.9
568.5 563.8 564.1 555.4 549.4 545.1 542.2 540 539 535.7 531.7 524.6 516.8 517.5 519.3 516.9 512.3 505.8 498.3 488.8 475.7 463.8 457 451.7 447.8 444 440.2 434.6 434.3 433.7 433 433.1 435 439.5 444.6 442.9 441 438.1 442.5 446.5 447.4 445.4 441.7 435.9 436.3 441 444.9 442.3 441.4 455.8 468.5 480.5 492.4 501.1 508.5 513.9 521.3 531 538 546.2 556.5 562.2 569.1 576.1 582.2 584.1 589 593.3 596.3 601.2 603.3 604 605.8 606.6 606.1 605.4 604.7 604.3
577.5 574.2 568.7 561.9 555.4 550.3 554 550.8 547.1 544.7 540.7 533 523.4 518.6 514.7 512.4 507.4 501.7 495.3 488.3 481.3 469.8 458.8 457.2 451 447.4 443.1 441.9 435.1 432.3 432.3 432.2 432.3 436.5 443.5 441.6 439.8 436.9 434.8 437.4 440 439.8 438 435.5 432.8 434.5 436.6 438.3 440.2 452.5 463.5 473.4 484.3 493.1 502.1 509 512.4 520.3 531.2 537.4 546.9 557.5 564.2 572 577.2 582.5 586.3 592.4 599.7 604.2 605.2 603.8 604.2 604.2 605.2 605 603.1 601.2
586.4 581.4 577.2 571.6 565.9 564.7 563.3 559.3 556.1 553.1 547.4 540.1 531.5 523.8 517.1 509.6 500.9 491.1 489.7 481.6 471.7 471.8 474.4 464.6 455.1 449 448.6 446.8 444.6 440.4 437.3 431.5 430.7 433.4 441 440.7 439.4 438 435.2 433 432.1 432.2 431.8 431 430.9 431.1 433.9 439 447 452.4 458.9 465.4 474.9 484.6 494.9 501.3 505.5 512.1 522.4 530.6 536.2 546.9 557.6 564.6 571.8 578.5 584.9 590.5 601 604.7 605.3 604.5 605.3 604.3 604.2 603.8 601.9 600.7
595.9 588.2 584.4 577.7 578.6 574 569.7 564.2 558.9 554.8 549.2 542.6 534 521.9 514.2 504.6 499.7 495.5 486.2 483 488 485.1 481.9 473.6 462.8 455.8 453.9 449.1 451 447.9 443.2 434.9 429.5 429.7 429.4 431.1 431.1 433.4 437.1 438.4 436.4 432.1 428.5 428.7 430.3 432.2 434.8 441.5 447.2 451.7 456.3 461.3 468.7 475.2 482.2 490.7 495.2 504.2 514 524.9 530.8 537.9 548.1 559 565.8 573.4 580.6 587.8 595.3 600.3 601 602 604.4 605.8 605 603 602 600.8
604.3 599.6 594.7 590.1 584.2 580.2 575.1 569.9 563.8 557.2 544.6 542.7 536.7 527 523.6 513 507.3 501.2 493.9 494.9 495.2 491.3 485.5 478.3 469.8 464.5 458.7 455.4 456.7 451.9 446.8 440.7 437.5 428.2 428.2 427.8 427.1 425.9 432.5 439.5 436.9 433.5 427.2 428.3 429.4 431.9 440.1 446.4 449.6 451.3 450.9 456.2 463.3 468.3 475.1 479.3 485.7 496 506.3 517 525.7 533 541.4 551.2 561.7 565.9 573.4 578.7 587.1 592.6 596.5 598.9 604.3 605.8 604 603.3 603.2 600.5
609.6 604.5 597.4 591.7 588.1 584.7 579.8 574.9 568.6 557.4 556.5 549.5 542.1 537.9 525.5 523.2 514.8 507.4 502.8 500.3 499 495.6 490.5 478.6 476.2 469.9 465.3 459.1 458.6 453.1 449.5 446.9 441.7 440.7 435.9 427.8 425 424.9 426.7 430.2 429.3 432.7 426 426.2 428.6 435.8 442.9 449.8 455.3 453.1 446.7 448.6 456.5 461.4 466.3 469.4 477.1 485.2 496.1 508.6 517.7 529.9 535.2 543.1 554.2 562 565.4 570.2 575.8 582.2 590.9 595 598.2 600.6 600.5 602.8 603.4 601.8
615.1 609.7 600.6 593.9 590.2 586.9 582 575.9 568.2 566.1 561 554.8 548.6 538.6 538.3 531.7 523.1 512.5 506.6 502.9 501.3 497.9 493.4 490.1 483.6 476 470 466.6 463.7 458.1 455.4 452.1 450.5 449.5 445.4 437.4 428.4 424.4 423.6 423.8 423.8 429.6 430.8 421.9 426.4 434.9 442.1 451.1 454.7 453.9 447.7 445 450.3 453.6 457.9 459.8 466.1 475.1 486.2 498.1 508.9 518.8 530.1 535.1 544.1 553.9 561.1 564.3 568.2 572.9 579.6 588 592.2 595.7 597.5 599 597.4 594.1
619 612.4 601.6 596.1 593.4 586.7 581.3 576.4 574.6 570.6 565.6 560.3 551.6 550.1 544.6 539.4 533 521.5 513.1 506.7 503.9 503 501 497.4 491.5 486.3 476.3 472.2 467.3 462.9 457.6 452.9 455.8 454.3 448.6 439.8 432.4 424.7 423.5 421.8 422.4 424.1 429.3 422.7 424 431.3 439.1 446.9 450.3 452.2 447.8 442.6 443.3 446.3 448.6 451.9 460.4 468.1 476.9 485.8 497.9 509 519.6 529.5 536 544 552.2 557.9 563.2 566.8 572 575.8 582.7 588.3 591 591.2 592.2 590.4
619.8 613.3 603 597 592.7 589.2 584.4 582.1 577.9 572.6 570.5 565.5 561.2 557.9 552.3 547 540.4 530.9 521.5 512.6 509.3 508.3 507.5 503.2 498.5 490.8 482.8 478.1 472.8 467.5 460.4 454.3 454.2 453.1 448.5 438.3 433 429.2 426 423.3 420.6 421 421.1 420.5 422.8 425.4 436.3 441.3 445.7 447.2 445 442 440.1 439 442.5 446.1 455.5 462.4 468.7 477 485.8 497.3 509.4 520.9 529.7 535.2 543.1 550 555.5 561.3 566.9 571.1 575.3 579.3 585 588.9 589.5 589.8
