ny/ny83_OST50GRID_20230518/NY83.asc
ncols 200
nrows 200
xllcorner 380000
yllcorner 530000
cellsize 50
[rows 35 to 69 of 200, columns 78 to 155 of 200]
439.4 440.2 441 439.9 439.4 437.3 433.4 424.4 423.9 431.6 436.6 439.6 443.3 444.9 445.4 444.7 443.8 442.9 442.1 441 441.8 439.8 437.1 433.6 431.3 428.4 424.9 420.9 416.8 412.5 407.6 402 396.5 390.9 386.6 382.8 380 378.2 372.3 357.6 361.8 379.7 383.9 387.4 392.3 396.5 399 401.5 402.1 401.2 399.3 396.9 393.2 387.6 387.1 389 389 384.6 377.1 372.4 371 365.3 359.7 355.7 352.6 348.8 346 343.2 342.3 340.5 337.9 334.1 332 329 326.4 326.1 321.6 316.1
445.4 445.7 445.2 443.4 441.6 437.4 425.7 431 432.7 436 440.5 443.7 446.8 447.9 448.3 447.6 447 445.3 444.9 444.3 442.4 439.6 437 433.6 429.8 426.8 423.5 419.9 415.6 411.9 407.3 403 398.6 393.7 388.9 385.5 382.6 381.5 369.7 360.4 372.4 384.9 385.6 392.8 396.2 399.5 402.5 403.3 403.5 402.3 400.5 397.8 395.4 390.1 392.5 392.5 389.2 387 382.8 378 372.6 367.5 363 359.9 356.4 351.8 350 348.9 346.6 344.3 343.4 339.2 342.6 341.4 338 336.8 333 328.5
450.3 450.1 448.9 446.4 443 431.8 437.8 437 435.1 439.4 443.1 447.5 449.2 450.1 450.6 450.5 449.5 448.1 446.8 444.4 442.1 439.8 436 432.3 428.9 425 421.7 417.3 413.6 409.6 405.2 401.4 397.5 393.7 389.8 386.5 374 368.6 360.6 371.2 386.5 391.7 395.3 395.6 400.9 403.3 404.6 404.7 404.1 403.2 401.1 398.4 393.3 395.6 400.5 397.5 393.8 389.6 383.9 379.8 374.2 367.9 363.8 360.4 357.8 354.9 352.2 351.1 349.4 349.2 348 345.5 345.2 347 344.7 343.8 341.7 337.5
455 453.8 451.6 449 442.8 444.3 444.1 441.7 438.5 443.2 447.5 451 453.3 453.5 454.1 453 452 450.2 447.9 445.5 442.3 439.8 435.1 430.3 424.2 422.1 418.3 414.1 410.2 406.3 402.5 399.1 395.6 392.3 388.3 379.9 362.4 363.2 374.3 389.4 393.7 397.3 401.3 408.2 404.5 405.7 405.8 405.1 404.3 402.6 400.7 400.5 398.5 401.9 403.9 402.9 399.4 395.5 388 384.8 380.3 375.1 367.9 363.5 359.2 356.4 353.2 351.6 350.8 349.7 348.7 348.1 345.2 345.9 345.6 346.7 344.6 340.7
459.5 457.6 455.6 452 446.9 450.1 448.5 445.6 445.7 448.9 452.8 455.2 456.4 457 457.3 456.2 454.3 450.4 447.1 445.2 441.6 438.3 433.1 427.7 422.8 416.7 413.6 410.1 406.7 403.3 399.8 397.1 394.7 391.1 382 367.9 373.9 387 392.7 397.1 400.6 405 407.2 410.7 408 408.6 407.5 407 405.9 404.3 403.5 403.4 402.9 407.1 408.6 406.9 403.1 399.2 392.1 389 382.9 378.6 374.8 369.7 364.7 357.5 354.3 352.3 351.3 350.2 349.8 349 348.3 349.9 345.7 343.8 345.5 342.8
464.8 462.8 459.9 449.7 455.4 454.8 451.5 447.4 450.9 454.3 456.5 458.3 458.8 459.4 459.3 457.7 454.7 450.5 446 442.7 440.1 434.6 430.2 424.4 419.4 415.1 411 407 403.8 400.7 398.3 395 383.3 375.6 367.4 371.2 387.8 394.2 399.3 405.3 408.7 410.6 413.2 412.9 410.6 411.8 412.8 413.5 412.3 411.5 409.4 410 407 412.8 413.6 411.8 408.6 404.8 399.7 395 389.9 385 379.5 374.4 369 366.4 362.9 359.4 356 354.7 353.2 353.5 354.9 354.4 352.7 347.2 342 341
470.6 467.7 458.8 462 460.5 458.9 455.6 451.2 455.5 458.1 459.7 460.2 460.6 459.6 458.4 455.9 452.9 449.1 444.2 440.5 436.6 431.3 425.6 421.5 417 412.4 408.7 405.4 401.6 398.6 395.6 384.6 372 371.1 376.8 390 396.3 399.9 407.8 413.5 416.3 417.8 419.4 418.9 417.5 419 423.4 423 423 420.8 419.4 419.4 414.3 420.2 419 417.5 413.7 409.1 405.5 401.6 396.5 391.8 385.8 379.8 374.5 371.3 368.6 366 362.6 360.1 357.3 357.8 357.4 356.9 356.7 355 351.9 348.8
475.1 465.2 467.6 466.9 464.5 461.6 459.1 456.4 459.4 461.7 462.2 461.7 460.9 459.4 457 454 449.1 445.7 441.7 438.7 432.7 427.5 422.7 417.8 414.3 410.3 406.9 404.3 401.3 397.8 390.9 374.7 373 387.5 394.4 398.5 404.6 410.8 416.3 419.9 423.1 424.8 426.3 427.3 428.7 428.2 429.2 431.2 429 426.3 427.3 426 423 425.9 424.5 421.6 419.5 413.4 409.4 404.7 399.8 395.7 390.4 386.1 381.7 376.5 372 367.4 365.2 362 359.8 360.5 360 358.9 357.8 356.2 354.6 352.5
473.8 476.8 473.7 471.1 468.5 466.1 463.8 462.8 463.6 464.6 464.5 463.2 461.9 459.7 456.7 454.1 451.5 448.6 443.3 435.1 432.3 427.7 422.6 417.3 413.1 409.7 405.3 401 395.5 391.2 381.1 377.7 384.7 397.2 401.6 405.3 412.9 418.3 421.1 427.1 430.2 433.6 434.4 435.3 436.2 436.4 436.1 439.6 435.4 435.4 435.9 435.2 428.7 432.4 431.5 430.1 426.9 421 415.1 411.7 404.7 395.1 392.5 388.9 385.3 380.9 377.3 374.2 370.1 366.9 363.8 358.7 359.7 357.7 356.7 355.8 354.8 352.7
483.1 481.8 478.8 476.1 473.5 470.7 468.4 467.9 467.4 467.3 466.2 464.9 463.6 460.6 458.5 457.1 453.8 449.3 444.3 436.9 430.4 424.3 419.3 415.1 409.8 405.1 403.9 395.6 385.5 378.8 379 386.6 399.7 404.1 405.8 414.9 418.8 424.4 427.7 434.4 437.9 442.6 444.4 446.3 445.6 445.4 440.8 447.4 447.3 447.7 446.7 445.6 441.4 441.9 441 439 434.9 429.3 424.7 419.2 411.4 402.9 397.8 390.9 384 381 378.7 376.7 372.7 370.7 367.5 364.1 359.2 358.3 355.7 353.6 350.9 353.2
489 486.4 484.1 481.6 478.1 475.1 472.7 471.9 470.6 469.5 468 466.7 465 462.3 460.8 458.5 454.4 449.3 443 437 429.2 423.5 419.3 414.5 410.5 406.4 400.9 386.7 381.8 388.7 395.3 401.5 401.4 410.5 419.4 418.8 426.7 431.3 435.2 438.7 445.1 451.1 454.8 453.5 451.6 453 451.8 452.7 454.3 453.9 453.7 452.8 451.7 450.3 448.3 444 440.3 436.3 431.6 425.4 418.7 412.4 404.7 399.7 393.6 386.8 382.6 378.2 376.7 373 370.1 366.5 363.3 360.5 357.7 354.3 349 349.7
494 492 488.7 484.6 481.2 478.2 476.5 474.4 472.7 470.7 469.9 468.6 467.4 465.9 462.5 458.3 454.1 448.5 442 435.4 428.8 422.9 417.3 412.1 407.7 404.2 399.1 385 392.1 401.3 402.6 406.5 411.2 418.6 428.1 425.3 430.5 435.7 439.2 444.8 453 457.2 460.4 462.6 464.2 463.4 461.6 461.7 461 460.2 458.9 458.3 456.8 457.7 454.3 449.7 445.3 441.8 435.9 430 423.9 417.4 410 404.4 399.9 395.2 389.7 381.1 379.1 375.7 372.2 368 363.5 359.3 355.5 353 348.9 342.3
498.8 495.8 491.2 489.2 486.3 482.3 479.3 477 474.9 473 472.4 471.4 470.2 467.2 463.1 457.6 451.9 446.4 440.1 433.1 425.8 419.5 413.9 409.3 405.5 402.3 391.7 385.2 400.5 406.1 406.8 411.2 420.6 424.8 427.8 424.9 425.4 438.5 446.3 449.8 460.6 465.1 468.7 469.3 469 468.5 468.3 467.2 467.1 466.7 463.3 460.8 459.1 460.5 459.6 454.1 448.9 445.8 441.3 435.7 429.6 422.8 416.3 410.7 404.7 399.5 394.5 388.2 381 373.5 370.9 369.2 365 360.2 354.7 349 343.7 341.5
503.2 499.3 496.2 494.4 490.9 486.5 483.4 480 478.1 477.2 475.7 473.4 471.1 467.5 463.6 458.5 452.3 445 437.1 429 422 416.1 411.5 407.5 403.4 395.8 386.5 394.3 403.4 409.4 411.5 419.1 424.8 425.9 426.6 430.6 429.3 439.1 450.3 456.4 462 468.5 471.8 475 475 475.1 476.1 475.5 476.1 473 468.9 465.4 462.3 462.4 462.7 456.8 453.6 449.4 443.7 437.5 430.5 423.8 417.8 412.1 406.8 401.7 396.4 390.5 385.2 379.5 370.6 365.2 363.1 360.5 352.3 353.8 351.9 348.1
506.6 503.6 501.1 499 494.7 490.2 486.3 483.7 482.1 480.2 477.7 474.5 470.5 467.1 462.4 456.8 449.6 441.7 433.2 426.6 420.2 414.3 410.2 406.1 401.6 390.9 395.1 397.5 408.5 414.5 420.7 425.6 431 437.5 441.8 445.2 450.1 452.2 458 464.6 468.3 474.3 479.9 483.6 483.4 482.3 481.9 482.9 481.9 478.8 474.7 469.8 466.4 464.5 462.8 460.9 455.6 449.1 442.7 435.7 428.9 421.6 416 410.6 405.8 401 395.7 391 385.9 381 376.5 370.9 363.9 359.3 357.9 357.3 354.5 352.8
511.1 508.7 505.5 501.3 497 492.6 488.9 486.3 484.4 481.3 478.3 475 470.6 466.2 460.3 453.8 446.2 439 431.6 425 418.6 413.2 409.5 404.6 392.2 390.9 404.2 409.8 412.5 423.3 428.3 433.7 440 445 448.8 454.2 458.5 461.7 463.2 468 471.2 478.4 487.9 490.1 489.5 488.8 488.3 487.4 485.6 482.8 478.7 473.8 468.4 465.7 463.6 461.3 455.6 448.8 440.1 431.8 425 417.6 412.9 408.2 403.1 398.7 393.3 388.2 383.4 379.6 375.6 370 366.6 361.3 361.9 360.2 357.5 352.1
515.4 512.9 508.9 504 499.3 494.5 491.3 488 484.8 481.4 477.5 473.5 468.9 463.9 457.9 450.9 444.2 436.8 429.9 423.4 417.9 411.1 405.4 396.8 393 401.2 412.7 420 419.5 432.5 438.4 442.2 446.7 450.9 459 463.9 467.5 470.3 471.8 472.1 476.4 481.7 490.7 492.7 492.6 492.4 492.1 490.9 488.7 485.5 482.2 475.1 472.2 469.3 466.2 463.1 456.5 449.7 440.4 431.3 427.1 415.7 409.3 404.3 400.7 393.8 389.9 384.1 380.7 378.3 375.1 371.3 368.9 366.8 364.5 362.3 359.1 346.7
520.2 517 511.8 506.7 501.9 496.8 492.1 488.1 484.3 480.4 476.4 472.1 467.3 462 455.9 449.4 443.3 436.5 429.4 422.7 414.2 405.9 394.1 397.6 407.9 412.9 423.3 429.2 434.6 438.8 445 449.2 453.9 461.9 467.9 472.5 476 477 477.4 479 483.8 489.8 493.6 496.3 496.2 499 498.2 496.7 493 489 482.3 482.1 478.1 473.4 468.5 463.4 457.3 449.3 435.9 427.1 425.6 415.8 411.6 406.9 403.3 398.9 394 389.2 385.1 380.9 376.5 373.8 371 368.4 366.3 363.5 360.4 348.7
525 519.6 514.8 508.5 502.7 497.1 492.3 487.7 483.3 479.7 475.5 471.3 466.4 460.8 454.6 448.5 441.1 433.2 427.3 420 411.7 400.1 401.7 410.5 414.4 425.6 432 437.1 442.8 444.6 452.3 457.1 464.8 469.4 473.9 478.6 480.6 483.5 485.6 487.1 489.9 494.4 496.9 501.1 502.1 502.5 501.4 499.2 494.9 490.9 489 486.3 482.2 476.9 471.5 465.1 456.3 448.4 437.9 430.6 424 417.2 411.7 408.6 408.7 403.6 399.1 394.2 389.8 385.7 380.8 377.3 374.6 371.7 369 366.5 361.1 355.4
527.6 522 515.7 509.2 503.4 497.6 492.2 487.2 483 479 474.5 470.1 465.4 459.6 453.3 446.7 438.6 430.5 423.3 415.7 410.6 399.9 413.4 419.9 430.2 436.3 428.5 445 450.8 455.5 459.8 466.7 471.2 475.3 479.8 482.7 489.4 491.6 493 493.6 496.5 500.8 499.9 505 504.7 503.7 502.2 498.6 497.7 495 492.5 489.4 486.3 481.6 472 467.4 460.9 453.2 444.6 437.6 431.4 423.7 420.1 416.2 410.8 405.9 401.2 396.7 392.1 388.4 384.2 381.1 378.5 374.8 373.7 369.5 351.4 370.4
529.6 523.5 516.2 509.3 503.4 497.4 492.1 487.1 482.6 478.6 473.3 468.7 464.2 457.3 449.1 442.6 433.9 425.9 419 413 399.7 411.9 424.3 433.3 438.3 442.1 446.4 448.4 457.8 462.6 466.8 472.4 476 480.5 484.9 491.7 494.4 496.2 497.7 501.1 507.3 508.1 506.4 507 506.4 504.6 503 502.1 499.9 497.2 493.8 490.5 486.6 480.6 477.1 471.6 466.5 459.1 451.3 443.8 436.2 430.3 424.2 418 411.7 406 400.3 395.2 390.7 387 384.2 375.4 367.6 360.6 358 357.8 367.3 377.5
531.3 524.6 517.6 510.4 503.6 497.2 491.8 487.1 482.3 478.1 472.8 467.1 460.3 453 445.9 435.6 428.4 420.7 410.7 405.7 411.2 426.2 433.9 439.8 443.6 448 452.8 459.3 464.3 469.2 473.7 476.9 481.3 485.6 492.6 496.8 498.6 500.8 503.2 507 512.4 510.7 509 507.9 507 506 504.8 503.1 500.8 498.9 495.3 492 489.6 485 479.9 473.7 467.4 460.3 452.8 446.2 438.8 432.3 426.5 418.8 411.9 406.3 401.9 396.6 391.5 388.6 380.1 370.7 376 366.6 372.8 370 377.4 381.2
532.1 525.8 518.4 511.1 504.3 497.8 491.8 487 481.7 476.6 471.8 465.6 458.2 448.1 438 430.2 420.8 413.6 408.5 408.8 426.2 437.8 443.1 447.9 451.2 454.6 460.3 466.4 469.7 474.8 478.9 482.1 487.7 494 497.6 500.5 504.2 508.5 512.4 512.5 513.7 512.7 511.4 510.1 508.8 508 506.8 504.7 501.9 499.8 496.3 493.7 491.5 488 482.2 474.9 468.9 461.4 453.9 447 440.8 433.9 426.7 420.3 414.2 409.5 404 398.8 394.3 383.3 373.8 386.2 383.8 370.5 382.9 383.9 383.5 385.3
534.4 527 519.3 511.6 504.3 497.9 492.1 486.8 481.7 476.4 470.5 463.5 455.4 444.3 432.9 421.4 411.3 410.7 413 430 440 445.8 450 452.5 457.5 463.8 469 472 475.7 479.3 483.6 488.3 493.9 497.8 502.9 506.3 513 517.5 518.2 517.1 516.2 515.8 514.8 512.3 511.3 510.1 507.2 504.6 501.5 499.2 497.1 493.8 490.5 487.3 481.4 475.7 468.2 460.7 452 446.2 440.3 434.1 426.7 419.8 414.8 410.2 404.6 400.9 395.9 377.9 390.3 391.5 382.1 381.5 390.5 392.1 393 392.4
536 528.1 519.3 511 503.4 496.6 491.4 486.4 480.7 474.6 467.8 459.8 450.1 438.8 429.3 416.2 413.8 414.9 427.7 442.2 448.1 452.2 457 461.2 464.9 469.8 474.8 477.6 479.7 483.9 489.5 495.8 500.6 501.4 506.6 514.3 519.9 521.5 521.4 521.7 520.9 519.7 518.5 516.7 514.2 511.3 508.2 505.8 502.4 499 496.6 493 489.4 484.9 479.8 473.2 465.3 457.5 450.1 444.5 438.1 432.8 426.7 420.9 415.6 410.8 406.3 402.5 389.9 385.9 397.9 395.5 384.3 391.7 398.8 399.7 400 401
534.6 526.9 518.5 510 501.6 495.6 490.6 485 478.8 471.7 464.5 455.6 443.8 433.9 421.2 415.7 418.7 429.2 444.4 448.5 451.4 458.3 463.8 467.7 471.5 476.9 480.4 483.4 487.2 493.1 498.2 502.4 505.2 506.6 510.8 519.7 523.9 524.7 525.4 525 523.6 521.8 520.4 517.5 514.3 512.3 511.1 507.2 502.9 498.3 494.3 490.4 486.5 481.5 475.9 469.6 462.5 455.1 449.4 443.9 437.5 432.3 426.4 421 415.9 411.5 402.8 393.3 384.4 399 402.4 401.3 381.7 397.2 405.5 407.5 407.8 408.5
535.9 527.1 517.8 508.6 500 493.7 488.3 481.8 475.2 468.6 460.4 449.4 438 427 418.8 419.1 429.9 442.3 446.8 455.4 459.8 465.2 469.6 475.4 479.3 482.1 487.1 491.4 496.3 502.7 505.5 508.2 511.9 516.9 520.6 524.9 526.6 527.9 527.9 526.5 525.4 523.6 521.9 520.5 518.8 515.2 512 507.2 502.4 497.7 492.5 486.2 482.8 476.7 471 465.2 458.7 453 447.6 441.8 436.3 430.5 425 418.6 410.9 399.1 390.9 394.6 402.9 404.6 405 401.8 387.6 404.2 411.7 414.4 415.8 416.5
535.5 525.4 516.3 509.5 501.5 493.3 486.1 478.4 466.7 462.9 455.1 442.4 433.4 423.9 419.4 430.5 442.2 450.8 454 460.3 465 470.5 475.9 480.6 484.7 489.5 494.3 502.3 505.7 509.6 512.8 517.8 521.7 523.6 526 527.9 529.3 529.5 528.8 527.8 527.2 525.6 523.8 522.5 519.9 516 511.6 506 499.9 495.7 490 483.2 479.6 471.3 465.6 459.9 454.1 449 443.5 438.4 433.2 424.6 418 407.7 399 402.5 406.2 408.4 407.3 406.5 402.5 391.5 395.5 409.8 416.4 419.8 421.9 423.2
534.8 525 515.8 507.3 500.1 491.5 483.7 477.2 469.2 458 444.5 436 427.1 423.3 427.2 440.1 448.2 456 461.4 466.9 471.7 475.7 481.6 486.8 492.1 499.2 504 508.6 514 517.6 521.5 524.3 527 528.2 529.4 530.6 531.1 531.2 530.9 530.3 529.4 527.3 525 522.6 519.5 515.4 509.2 503.1 498.4 492.4 486.9 480.2 473.7 466.1 459.9 453.9 448.2 443 438.5 430.7 421 413.6 407.6 412.1 417.8 415.4 412.8 411 409.6 406.6 396.4 396.4 408.6 416.1 420.3 424 427.3 429.6
532.7 522.9 513.5 506.5 498.3 490 481.6 473.6 466 456 440.1 431.3 427.4 431.4 438.6 448.1 455.4 460.9 467.2 472.8 478.1 481.9 486.7 494.4 500 507 510.4 515.7 523 525.7 527.6 529.6 531.3 532.1 533.3 533.8 534 533.2 533.3 532.4 530.7 528.7 526.4 523.3 520.4 517.1 512.2 506 499.4 491.9 484.2 474.7 468.6 462 455.6 448.4 441.4 435.2 425.5 423.5 423.6 424.6 426.9 424.1 421.6 419 416.6 414.8 412.9 403.7 399 409.9 417.7 420.5 423.7 427.6 430.8 433.8
530.7 521.3 511.8 503.9 495.3 486.8 478.3 470.9 456.3 443.5 435.6 431.7 440.3 445.7 451.1 455.2 462.8 467.6 473 479 484.1 489.8 495.9 502.5 509 513.2 519 524.9 528.4 530.1 532.5 534.3 535.3 536.1 537.6 537.5 537.5 536.1 535.4 534.3 532.3 530.2 527.8 524.3 521.4 517.4 511 504.9 498.3 490.3 481.4 472.2 466.2 460.3 450.2 440.5 435 439.6 434.9 431.7 430 431.1 429.8 426.9 425.1 422.6 420.4 418.7 404.3 403 416.6 422.2 422.9 424.2 428.3 431.3 435.3 438
528.2 518.7 509.4 500.3 491.6 484.1 475.2 462.5 448 433.5 431.6 445.8 451.7 452.2 457.9 465.1 469.9 473.7 479.6 485.1 491 497.1 504.6 510.9 516.3 520.1 525.5 530.9 533.5 535.6 537.1 538.3 539.9 541.2 542.8 542.1 540.6 538.9 537.4 536 534.1 532.2 529.5 526 521.9 517.9 510.6 502.9 495.1 486.9 478.5 470.8 465.6 460.8 455.5 440.9 447.4 445.5 440.3 438 438 435.1 432.4 430.2 429 428.4 425.2 409.7 414.9 422.6 426.9 428.3 427.9 431.1 434 437.8 442 446.1
524.4 514.3 504 495.2 489 479.9 467.9 450 436.6 446.3 449.1 452.8 457.8 459.7 465.8 469.6 475.2 480.5 485.6 492.6 499.4 506.8 512.8 517.6 522.7 528.5 533.4 536.9 539.1 540.6 542 543.7 544.4 546.1 546.4 545.7 543.7 541.9 540 538 536.5 535 531.8 527.4 522.7 517.8 511.1 502.4 493.7 485.6 478.2 472.4 467.6 462.4 448.4 451.1 452.1 449.6 447.4 445.1 444.1 442.2 439.4 437.1 435.2 432.7 423.5 414.1 424.2 428 433 434.2 435 437.2 440.5 446.5 450.6 454.1
519.5 509.2 499.4 493.5 487.3 476.4 455.8 446.7 444.9 452.5 455.9 459.7 463.7 465.1 470.5 475.7 480.5 485.7 492.4 502.2 508.6 513.4 519.6 525.4 531.9 536.4 540.4 542.5 544.2 545.8 547.5 549.3 550.3 551.2 551 550.3 549.2 548.2 546.6 544 540.4 537.2 533 528.3 523.8 518.6 512.3 503.8 495.2 486.3 478.9 472.9 466.8 455.9 457.3 458.4 455.8 454 452.4 451.4 449.1 447.1 445.2 442.8 440 434.4 423.2 425.2 430.8 433.9 437.8 438.5 441.8 445.8 450.5 454.3 459.5 461.7
517.1 505.6 499 490.6 479.8 466.8 452.3 460.3 454.6 456 461.2 465.2 468.7 471.1 475.3 480.9 486.4 493.2 503.8 511 516.6 521.1 527.3 534.1 540.5 544.3 546.6 548.6 550.1 551.3 553.6 554.8 556 556.1 556.4 555.9 554.8 553.5 551.6 548.1 544.3 538.8 533.4 528.7 524.8 519.8 514.2 505.3 495.2 485.7 478.1 471.5 459.8 466.2 465.2 463 461.9 459 457.7 456.3 454.4 452.9 451.1 448.1 445.1 439.2 422 433 437.5 442.1 444.7 445.5 450.6 455.3 460.9 465.1 467.6 469.2
