ny/ny12_OST50GRID_20230518/NY12.asc
ncols 200
nrows 200
xllcorner 310000
yllcorner 520000
cellsize 50
[rows 70 to 104 of 200, columns 79 to 157 of 200]
106.4 110.9 115.4 121.2 124.8 112.8 99.9 101.5 99.5 98.9 102.4 105.7 96.7 92.2 87.3 82.4 72.3 64.7 64.5 67.4 67.5 67.5 67.5 67.8 68.2 68.7 69.3 70 70.7 71.3 72.3 73.4 75.5 77.2 79.3 81.5 85.9 91.6 102.1 110.9 115.8 119.1 122.8 129.9 141 161.9 188 209.5 224 236.9 252.6 265.6 278.1 288 291.3 295.5 305.8 314.8 320.5 326.6 342.7 361.4 379.4 396.2 409.1 419 423.8 420.6 411.8 399.3 405.5 419.6 427.3 433.2 444.5 449.9 452.1 448.4 438.3
113.9 118.3 124.8 134.5 148.3 137.9 127.4 128.7 129.1 127 127 126.2 113.8 106.1 97.5 89.5 81.5 75.5 73.1 68.6 65.3 67.5 67.6 67.8 68 69 69.6 70.4 71.1 72 72.9 73.8 75.4 76.9 79.2 81.6 85.2 90.9 100.3 106.4 112.7 118.6 124.1 128.6 136 148.7 168 187.6 204.7 223.9 243.9 261.7 271.4 273.5 271.1 278.1 289.2 298.4 303.7 326.5 346.4 363.2 379.7 394.3 404.5 412.8 417.4 416.6 405 386 393.3 403.1 416.2 429 445.6 453.4 454.5 448.7 438
122.2 128.7 134 141.7 162 164.5 154.8 154.4 150.9 148.2 144.7 139 127.5 114.3 104.5 96.7 90.3 84 78 69.9 66 67.7 67.7 67.9 68 68.3 69.7 70.4 71.4 72.6 73.5 74.4 75.4 76.8 79.3 82.2 85.6 91.4 97.8 103.9 110.9 116.8 123.1 127.2 135.3 143.5 150.4 164.7 184 204.4 225.4 245.4 251 249 257 269.3 277.4 291.1 311.5 331.3 348.6 363.6 378.9 393.6 405.3 413.3 418 410.7 395.2 373.3 377.2 391.1 408.8 428.9 444.8 451 449.3 441.9 427.7
132 136.8 143.8 151.6 168.4 181.8 178.3 169.4 164.6 159.6 157.9 152.8 132.2 118.9 107.6 99.8 94.1 88.3 80.7 70.8 68 67.8 67.8 68 68.2 68.5 69.8 70.7 71.7 73 74.1 74.9 75.7 77.1 79.4 82.3 85.6 91.5 97 101.9 108.9 115.1 122.8 130.5 138.7 147.1 156.6 175.7 195 209.8 227.3 239.5 248.1 260.5 272.7 282.2 293.2 306.5 322.3 338.2 352.4 367.8 380.8 394.1 404.3 408.7 410 404.7 384.4 361.3 363.6 384.1 405.4 425.2 440.1 441.7 436.7 424.5 412.2
141.1 146 151.8 159.2 170.3 189.2 195.5 187.5 181.1 172.2 165.2 153.5 133 119.8 108.4 101 96.2 87.7 80.9 72 68.1 68 67.9 68.1 68.3 68.7 70.9 71.7 72.4 73.3 74.5 75.3 76.1 77.3 79 81.5 85.2 89.5 94.4 100.2 106.9 114.9 122.4 131.1 139.1 146.5 156.5 178 192.8 210.7 227.4 241.3 254.2 266.5 281.7 297.6 311.1 322.5 336.1 346.2 356.8 368.9 379.9 393.8 400.7 401.7 405.6 393.3 373.8 350.7 355.1 376.1 397.8 412.4 418.8 429.4 418.7 407.6 398.1
149.2 153.8 159.4 166 171.9 187.3 199.5 204.7 198.4 182.3 171.1 156.3 134 117.7 108.7 103.1 97.8 90.7 83.7 75.7 68.1 68.2 68 68.2 68.5 69.7 71.6 72.4 73.2 73.9 75 75.9 76.7 77.7 78.7 80.5 84.2 88.4 92.5 98.6 105.3 112.9 120.6 128.7 137.4 145.9 155.6 170.3 186.8 202.1 222.5 239.9 258.3 276.3 291.3 308.4 321.2 330.8 341.5 349.8 360 369.1 382.1 391.3 392.8 395.6 395.5 383.6 363.1 337.2 346.9 366.3 383.7 397.2 402.7 410.3 401.3 393.1 382.5
154.5 158.8 164 168.2 173.9 185.8 197.5 200.7 198.8 178.4 164.6 152.2 129.9 118.4 111.2 105.6 99.4 92.2 85.2 77.7 69.2 67.2 68.4 68.5 68.6 69.3 72 72.9 73.7 74.6 75.5 76.5 77.3 78.3 79.4 81.2 83.2 86.7 91 95.9 102.5 109.1 124.2 130.4 136.9 145.5 155.5 168.5 181.4 199.4 222.2 243 263.5 282.5 300.9 316.1 327.1 335.6 343.9 353.2 361.3 371.5 383.3 383.8 381 383.5 386.1 374.8 351.8 324.3 340.7 355.6 369.2 379 381.3 382.2 378.4 374.3 366.7
159.9 162.2 166.9 171.1 176.3 185.5 196 205.1 199.4 181.1 166.9 151.3 129.5 119.5 112.7 106.2 99.2 92.5 85.6 77.4 68.8 68.5 68.5 68.6 67.6 69.8 72.2 73.1 74 74.9 75.9 77.1 78 78.9 79.9 81.4 82.2 85.1 90 93.3 97.4 103.1 113.3 124 133.1 142.2 151.8 164 176.8 195.2 215.3 237.1 258.6 281.5 304.2 324.2 336.9 345.4 349.1 353 357.3 362.1 364.6 364 363.4 362.4 360.6 359.5 344.1 314.9 331.9 342.2 349.3 356 359.2 356.8 353.2 349.3 346
171.8 169 170.3 174.5 181.1 188.2 192.6 201.7 199.7 186.6 173 153.8 131.4 119.6 113.5 106.7 98.7 92.4 85.5 79.7 72.1 68.9 68.7 68.8 68.8 67.2 72.6 73.4 74.3 75.2 76.2 77.6 78.5 79.5 80.5 81.5 82.6 83.7 86.7 90 93.4 98 104.2 111 121 131.1 141.2 153.1 171.7 187.9 205.4 222.6 244.3 270.7 295.6 315.7 329.5 339.7 342.5 343.9 341.5 338.3 337.2 335.4 333.9 330.8 331.7 336.6 335 309.9 316.9 325.1 327.8 332 331.6 326.9 322.3 321.6 321.2
175.5 172.9 173.3 178.8 188.3 188.3 190.5 196.8 198.6 188.9 172 153.7 133.2 123.4 115.3 107.1 99.7 92.4 85.7 80.3 74.4 68.9 68.9 69 69 68.5 72.5 73.5 74.5 75.8 77 78.1 79 80 81 82 83 84 85.5 88.2 91.4 96 99.7 103.9 112.1 121.7 131.1 142.4 158.1 173.8 188.7 206 227 250.3 276.3 297.6 310.5 320.8 316.9 310.6 306.3 303.8 300 299.5 298.6 300.4 305.2 311.3 314.7 311 293.1 301.8 306.5 307.5 305.1 300.9 297.4 297.6 296.6
181.1 179.1 179 180.8 185.3 186.9 189.3 195.4 196.2 184.5 167.9 156.1 139.7 127.5 117.1 107.9 101.7 93.6 85.8 80.3 73.4 69.2 69.3 69.3 69.3 69.5 72.6 74.3 75.2 76.2 77.5 78.6 79.6 80.5 81.5 82.5 83.5 84.6 85.6 87.1 90.2 94 98.6 103.1 108.1 115.2 122.7 131.7 144.7 159.7 175 188.4 208.1 229.6 249.9 265.9 277.2 283.1 279.7 273.6 269 264.7 264.6 264.8 264.9 268.8 275.2 280.4 284.2 284.7 285.3 284.5 285.7 286.1 283.9 279.3 275.9 275.9 276.2
187.3 187.5 188 186.8 185.2 184.9 187 193.5 190.4 181.4 170.5 160.7 147.9 132.9 120.9 111.7 104.6 95.5 87.4 79.9 71.3 69.5 69.8 70.1 70.1 70.4 73.1 74.1 75.3 76.4 77.7 79 80.1 81.1 82.1 83.1 84.1 85.3 86.5 87.5 88.9 91.1 98.4 103.4 107.9 112.4 118 125.6 135.8 148.1 162.2 174.8 190.6 206.7 223.1 235.7 244 247.1 244.3 239.7 235.2 231.6 231.4 232.9 235.7 238.8 245 251.8 256.1 256.6 264.2 267.3 265 268.6 270.3 264.3 256.1 252.7 252
192.9 193 193.6 192.6 188.5 183.3 180.7 180.3 178.5 175.2 171 165.2 154 137.7 125.1 114.4 105.3 97 89.2 82 73.7 69.8 70 70.3 69.6 72 73.1 74.3 75.5 76.6 77.9 79.2 80.3 81.3 82.3 83.5 84.6 85.9 87.2 88.4 89.4 90.5 93.7 102.3 107.1 110.7 116 122.1 129.9 143.4 154.5 166.3 179.6 192.2 205.8 214.8 216.6 216 213.5 209.4 204.9 200.8 200.1 203.2 207.2 212.9 219.4 226.9 233.7 235 246.1 247.7 244 244.5 245.7 242.6 234.3 225.6 221.6
195.9 195.1 195.6 193.5 188.4 182.4 176.8 173.8 173.1 170.5 166.9 163.3 152.7 139.7 126.4 115 104.3 97.2 90.6 83.4 75 69.9 69.9 70.1 69.8 70.8 73.6 74.5 75.7 76.8 78 79.3 80.6 81.6 82.8 83.6 84.9 86.3 87.6 88.6 89.6 90.7 92.3 97.8 104.1 108.6 112.8 117.5 124.7 137.3 150.5 161.8 172.6 190.2 197.9 196.7 192.8 187.6 184 180.2 175.4 173.5 178.6 181 183.1 187.9 193.6 203.8 210.1 220.5 227.2 228.8 220.4 223.6 221.4 204.5 204.7 198.3 193.9
196.1 193.9 191.2 188.4 185.6 181.7 176.1 172.9 170.2 165.7 161 155.5 148.6 138.6 124.6 112.8 102.3 96.3 89.9 83.1 77.2 70.8 69.4 69.9 70.3 70.5 73.3 74.7 75.9 77 78.2 79.5 80.8 82 83.1 84 85.1 86.7 88 89.1 90.3 91.4 92.7 94.6 96.9 102 107.2 111.9 118.2 129.6 143 154.1 164.7 165.6 168.3 168.8 166.5 162.2 157.6 154.3 154.7 157.7 161.5 164.6 167.5 170.2 174.3 178.9 182.8 195.7 202.3 204.1 194.1 196.5 187.1 182.5 177.9 172.8 172.9
194.9 192.2 188.7 186.4 183.1 178.5 174.4 171.9 169.9 165.1 158.1 151.5 143.3 133.4 120.1 109 100.8 93.6 87.7 81.4 76.3 72.3 70.6 70.2 68.3 72.6 74 74.7 76 77.2 78.4 79.7 81 82 83.2 84.5 85.9 87 88.2 89.6 90.9 92.2 93 94.4 95.9 96.9 101.2 106.7 112 120.4 132.5 138.5 143.7 145.1 145.8 147.1 143.1 141.7 142.3 143.2 143.8 147.4 152.5 155 155.2 155.7 159 163.5 167.2 173.3 178.1 179.1 179.6 175.8 170.8 169.1 170.3 181.1 194.8
195.6 191.9 188.2 185.7 183 177.5 173.2 169.2 167.9 165.9 155.8 146.3 135.6 126.1 114.9 106 98.5 91.5 85.8 80.9 75.4 72.2 70.8 70.6 70.8 72.9 73.7 74.6 74.8 77.2 78.4 80 81.2 82 83.2 84.6 86 87.3 88.5 89.8 91.1 92.5 93.3 94.8 96.2 97.5 99.4 102.5 107.4 114.7 120.5 127.1 131.9 129.7 126.2 129.2 129 131.4 134.2 137.3 138.5 139.6 141.5 140.1 141.9 143 145.9 150.7 151.5 152.1 156.8 154.5 160.3 162.1 165.1 164.4 177.3 193.8 205.7
204.7 196.6 190.8 187.5 183.7 176.7 170.7 166.4 163.7 159.1 151.1 142 135.4 127.4 117.5 107.6 99.3 93.9 87.5 82.1 75.6 71.5 70.6 70.3 69.8 72.2 73.9 74.9 75.9 77.1 78.4 79.7 81 82 83.3 84.6 86.1 87.4 88.7 89.9 91.4 92.6 93.6 95.1 96.6 97.3 99.2 100.7 102.7 108 112.3 113.3 117.2 111.4 125.6 119.6 119.8 123 125.7 129.2 131.3 133.1 134.9 137.3 138.6 140.3 142.8 144.4 145 144.4 152.8 159.1 167.5 174.2 176.6 176.1 170.9 188.2 204.3
214.9 207.5 195.8 190.8 186.7 178.1 170.9 165.9 162.4 158 151 145 137.2 129.9 119.4 110.4 102.6 94.6 87.4 81.4 75.1 71.4 70.9 71.3 68.7 72.9 73.7 75 76.3 77.6 78.5 79.5 80.8 81.8 83.3 84.5 86.1 87.3 88.4 89.7 91.1 92.8 93.9 95.3 96.3 97.7 96.8 96 104.4 113.8 113.4 104.4 106.1 120.2 129.5 127.4 120.8 121.9 124.3 126 127.7 129.4 133.2 135.7 136.7 136 134.1 150.6 162.7 169.4 173.7 177.9 182.6 189.5 196.1 199.1 186.3 186.2 209.4
220.9 208.2 200.1 195.2 190.5 186 175.1 166.1 161.5 157.5 153.1 148.4 140.4 132.7 123.5 113.1 104.8 96.3 87.6 79.2 74.9 72.4 71.2 71.1 71 72.7 73.7 75 76.3 76.9 78 79.2 80.6 81.8 82.8 84.1 85.5 86.8 88.2 89.5 90.9 92.6 94 94.7 93 96.2 98.3 103.2 117.5 119.7 121.1 120.4 119.6 122.7 129.9 132.6 128.1 125 125.7 127.7 129.3 134.8 133.5 137.7 139.4 152 160.7 169.4 175.2 183.5 187.4 193.3 198.6 205.8 211.6 216.8 202.5 178.2 203
223.9 212 200.2 195.7 190.8 191.7 181.8 167.7 163.2 159.1 155.8 151.4 143.7 138.2 128.4 116.6 106.7 96.8 87 80.2 75.9 73.5 71.6 70.6 71.7 73 73.7 75 75.8 76.7 77.8 79 80.3 81.3 82.6 83.8 85.2 86.6 87.8 88.8 90.3 91.6 91.4 91.3 94.5 98.3 103.3 108.2 117.7 119.9 121.5 122.6 123.7 126.4 129.6 133.5 136.9 140.6 143.9 146.7 145.8 149.6 155 160.9 164.6 174.8 183.1 188.3 191.5 197.4 199.7 205.3 210.9 215.6 220.6 225.9 225.4 199.9 176.7
222 212.5 201.9 193.5 188.2 184 178.1 169.4 165.4 161.6 156.8 152 147.3 138.5 129.6 117.4 106.2 96.6 88.7 82 76.5 74.4 71.2 71.3 72 72.9 73.8 74.8 75.9 76.6 77.6 78.7 79.8 80.8 82.1 83.3 84.5 85.7 86.9 88.2 89.5 89.9 89.8 90.8 93.9 97.4 101.5 104.9 111.5 117.4 123.5 126 123 125.5 130.7 135 139.2 143.3 148.4 153.1 157.8 162.3 167.5 176.6 182.4 189.2 195.4 200.3 203.9 207.9 212.5 216.3 220.5 224.4 228.8 233.3 237.2 234.5 221
224 214 203.4 193.4 187.6 181.8 175.4 171.2 167.6 163.5 159.2 151.5 144.4 135.1 127.6 116 106 95.8 88.8 83.5 79.6 76.4 69.4 71.9 71.9 73 74 74.9 75.6 76.4 77.3 78.6 79.4 80.4 81.6 82.8 84.3 85.6 86.4 87.6 88.6 89.4 89 90.8 93.5 97.1 99.6 102.8 106 110.6 114.6 118.3 120.5 124.4 129.1 134.7 139.9 145.8 150.3 155.1 160.9 166 174.3 180.6 187.6 195.2 201.5 207.7 212.6 218.2 223.1 225.7 229.8 230.5 238.9 245.2 246.3 247.1 245.9
225.8 214.6 200.2 191.7 186.8 180.7 175.9 168.2 162.7 165.9 158.8 150 141.6 132.6 125.8 112.9 101.9 96.1 91.2 86.5 82.2 78.3 71.3 71.7 72.1 73.1 73.8 74.4 75.2 76.2 77.1 78.2 79.2 80.3 81.4 82.4 83.6 84.9 85.7 86.8 87.5 88.4 89 91.1 93.7 97 99.4 101.6 104.4 107.7 114.4 117.5 121 125.4 130.7 136.2 142 147.4 153.1 157.9 164.6 171.1 178.5 186.8 194.1 201.4 206.7 214 222.1 232.3 238.1 242.3 246.3 249.7 255.2 257.2 257.7 256 254.8
219.1 211 198 192.1 187.9 183.7 180.2 175 167.5 160.4 156.1 149.7 143.3 129.1 123 115.5 106.6 100.4 94.2 88.6 82.8 78.7 70.1 71.7 72.6 73.1 73.6 74.3 75.1 76.1 77 77.9 78.9 80 81.1 82 83 84.2 85 86.3 87.5 87.1 89.3 91.5 93.3 96.4 98.9 100.3 102.9 106.4 110.5 116.5 121 124.7 131.8 137.4 143.3 148 153.1 158.5 168 174.1 182 191 202.2 207.6 213.1 220.7 230.1 241.1 248.4 253 258.2 262 265 268.1 267 265.3 264.2
226 214 197.6 194.3 189.4 188.4 186.1 180.5 170.9 161.7 154.5 150.7 149.5 142.2 130.7 117.7 108.6 102.8 93.8 87.8 81.7 76.7 69.8 72.4 72.8 73.2 73.8 74.3 75 76 76.9 77.8 78.5 79.4 80.7 81.8 82.5 83.4 84.3 85.6 86.9 88.4 90.5 92.3 95 98 99.4 101.5 103.9 107.1 110.6 114.8 120.5 126.5 132.4 138.4 143 147.8 158.7 167.1 173.2 180.4 187.5 196.9 205.8 210.9 220.1 227 237.3 248.3 256.3 260.6 265.2 267.9 270.6 272.8 273.8 273.7 271.6
234.6 221.7 200.4 197 195.9 193.4 191.2 188.7 181.4 168.4 162.1 157 157 151.4 139.6 128.7 113.9 106.2 95.4 87.1 80.4 75.4 69.4 72 72.8 73.3 73.9 74.5 75.1 76 77.1 77.9 78.7 79.6 80.6 81.7 82.6 83.4 84 86.4 90.5 91.3 92.4 93.9 96.4 98.6 100.2 102.5 105.2 108.9 114.1 114.1 121.7 129.4 131.8 138 142.7 150.1 165.1 172.9 178.7 184.3 189.5 200.9 209.8 218.4 228.1 236.2 247.3 256.9 263.1 267.4 271 274.3 279 283 285.6 285.3 284.3
236.7 224.3 203.5 200.6 201.6 201.4 202.8 197.7 190.7 178.9 169.3 164.6 167.3 160.9 150.1 138.7 125.5 111 95.6 86.2 80.2 75.8 69.6 72.1 72.7 73.4 74 74.6 75.5 76.5 77.3 78 78.7 79.4 80.4 81.4 82.4 83.3 84.2 86.7 89 91.8 93.6 95.3 97.2 98.9 100.9 103.6 107.1 112.1 118.3 120.6 125.7 130.7 134.3 139.7 145.6 152.5 167.9 173.5 181.6 185.8 195.7 207.5 219.5 231.7 241.4 250 258.3 264.1 269.1 273.3 277.9 282 286.4 291.3 295.1 297.8 298.3
238.2 223.3 208.1 204.1 206.6 208.9 209.4 208.8 204.3 193.6 181.2 175.3 174.5 168.8 158.4 142.4 130.7 112.4 97.4 87.7 80.6 75.5 71.7 71.6 72.9 73.5 74 74.6 75.4 76.2 77 77.8 78.6 79.3 80.2 81.2 82.2 83.1 85 89.3 91.5 92.7 93.2 95 97.3 99.3 101.7 104 109.1 114.8 119.4 122.6 126.3 131.6 136.7 141.8 149.3 157.8 167.7 178.8 185.8 190.2 206 218.8 231.3 243.4 253.5 261.3 267.5 271.1 275.1 279.2 284.2 288.2 292 299.6 308.2 317.7 317.1
240.6 225.4 212.6 207.1 210.4 212.3 215.7 214.6 210.9 200.3 195.4 186.4 179.5 176.8 160.5 146.8 131.1 112.5 98.8 89.9 82 75 71.7 72.1 72.7 73.5 74.1 74.7 75.2 75.9 76.6 77.2 78.1 79 80.1 81.2 82.2 84.7 85.1 88.7 92 93.5 94.1 94.8 97.2 99.9 101.9 104.5 109 114.4 117.8 121.7 126.5 133.4 139.7 146.1 152.8 160.6 168.9 179.4 187.5 195.1 207.4 224.9 241.4 254.3 264.9 273.1 277.4 280.3 283.6 287.7 292.1 294.9 296.9 305.2 316 324.5 322.4
242.3 225.3 216 213.4 214.4 214.9 219.2 216.7 211 203.8 196 188.8 177.9 168.6 157.5 143 128.4 113.6 99.8 90.3 81.9 74.6 72.8 70.8 71.7 72.9 73.6 74.3 75.1 75.8 76.4 77 78.1 79.3 80 81.1 81.4 86.1 88.8 88.2 92.5 94.3 95 95.7 97.3 100.6 102.6 104.7 108 113.5 119.2 124.1 128.9 135.7 142.5 148.5 154.6 162.7 170.9 180.1 189.7 197 212.9 233.1 251.7 267.1 278.3 285.7 290.6 292.5 295.3 299.1 302.2 304.4 305.6 313.5 321.9 326.6 327.2
238.8 231.9 220.1 215.2 219.9 226.5 228.5 226 223.8 218.6 201.7 191.6 181.1 173 163.7 150.1 134.1 116.2 99.9 89.7 80.2 73.1 72.9 72.8 72.8 73.3 73.8 74.4 75.1 76 76.4 77.2 78.4 79.4 79.4 80.7 81.9 87.2 90.5 89.8 90.8 93.7 95.9 96.7 98.1 100.2 102.8 105 107.9 113 119.9 125.1 129.5 134.9 141.9 147.6 155.4 163.2 171.8 181.8 190.3 201.8 220.3 242.1 263.1 281.5 293.2 300.8 305.7 308.5 309.9 310 312.3 314.9 317.3 321.4 330 338 342.7
242.1 232.7 222.6 221.2 230.9 237 237 230.7 225.5 225.3 207 198.3 191 181 168.5 154.8 136.1 115.1 100.1 88 77.3 72.6 71.4 72.6 73.3 73.4 73.8 74.4 75.2 76.2 76.7 77.3 77.9 80.5 80.6 80.9 82.7 88.4 91.6 90.3 91.6 93.7 95.9 97.7 98.9 100.9 103.1 105.6 109.9 115.8 120.2 124.3 128.2 134 140.9 148.2 156.6 163.9 174.5 184.6 192.7 207.1 228.5 252.3 274 293.6 308.2 317.7 322.8 328.9 333 330.5 325.6 327.5 327.5 332.7 338.6 346 352.1
239.6 228.6 225.6 226.3 237.7 244.6 243.3 234.2 224.7 220.1 210.4 210.5 202.7 189.2 168.3 152.1 131.3 111.7 97 85.2 75.6 72.9 72.3 72 73.8 72 73.8 74.5 75.9 76.4 76.4 76.8 78.1 82.5 84.2 83.1 83.4 90.3 92.9 92.5 92.3 93.7 96 98.2 99.9 101.4 103.7 106.5 110.5 114.2 118.3 122.3 126.7 132.9 140.5 148 155.9 164.4 175.8 187.4 196 210.3 234.4 260.4 284.4 305 322 332.8 338.5 343.1 351.7 351.7 348.2 344.5 341.3 347.9 355.4 357.8 350.7
236.5 231 229.8 231.4 236.7 239.4 239.4 238.3 229.6 221.7 224.4 226.2 211.6 190.4 164.3 142.8 121.5 105.9 94.1 83.8 76 73.5 72.6 72 73.6 72.1 74.8 76 75.9 75.9 76 75.9 79 84 87.5 86.5 86 92.1 94.1 94.9 94.4 94.4 96.8 99.1 100.8 101.5 103.6 106.3 110.1 112.5 115.7 120.1 125.2 131.7 139.1 147.4 155.9 165.9 177.9 191.1 198.8 213.5 238.3 266.4 292.2 314.8 333.1 345.8 354.8 358.7 364.1 367.1 362.6 360.4 357.4 356.8 364 361.2 347.8
