ny/ny12_OST50GRID_20230518/NY12.asc
ncols 200
nrows 200
xllcorner 310000
yllcorner 520000
cellsize 50
[rows 140 to 174 of 200, columns 0 to 78 of 200]
227.7 226.4 225.5 224 222.7 221.2 219.5 216.5 210.4 206.5 200.1 194.8 189.6 183.6 178.2 172.1 166.2 158.9 153.7 150.9 148.7 145.9 145.7 143.9 140 136.3 134.3 134.9 136.8 138 141.9 146.4 150.6 156.2 161.9 168.8 175.2 181.6 188.6 196.7 204.4 211.6 220.5 231.5 242.2 252.7 262.2 271.2 282.2 289.6 296.6 305.2 321.8 329.7 339.7 330 332.2 340.1 342.4 343.2 342.9 347 348.1 345.3 342.2 336.3 332.8 332.6 335.4 340 346.4 354.5 364.7 375.5 385.2 389.3 383.2 362.7 329.4
230.5 228.6 226.7 225.1 223.7 221.7 219.3 216.1 211.6 207.4 202.3 197.1 191.6 186.6 181.3 175.9 170 162.5 157.4 154.5 152.9 149.7 146.9 143.9 139.9 137.9 133.6 133.3 134.3 136.5 140.7 144.7 149.9 154.3 159.1 166.9 172.4 178.3 184.8 193.6 202.6 209.8 218.1 228.1 240.8 252.6 261.2 269.3 279.6 291.9 299.8 306.2 315.3 328.6 336 346.3 335.5 343.8 350.2 351.7 347 345.7 349.1 345.2 342.2 335 330.3 328.9 332.9 339.3 348.8 362.7 374.8 386.8 397 399.6 379.3 347.7 316
231.2 229.2 227.1 225.5 224.2 222.1 220.4 217.8 214.5 209.2 206.3 201.6 196.1 191.5 185.4 180.2 173.8 168.5 163.3 165.6 162.3 159.5 155.4 150.8 144.8 138 132.6 132.9 132.9 135 138.4 143.1 147.4 151.1 156.7 164 168.4 173.9 179.6 188.7 198.4 206.8 216 226.8 243.5 255.2 261.2 268.5 277.6 289.1 302.9 310.7 316.2 329.4 334.9 341 343.9 342.2 348.8 351.2 352.9 349 347.2 344.5 341.3 337.4 327.1 325 328.2 342.1 354.2 368.4 387.5 396.9 409.6 408.4 378.9 343.7 309.6
231.7 229.8 227.9 226.3 224.8 222.9 221.5 219.2 216.7 213.4 209.5 206.2 203.1 198.6 193.7 186.4 179.8 176.2 175.1 173.6 169.3 164.7 160.1 154.9 149.1 141.7 134.2 132.3 131.8 133.5 137.5 141.1 144.5 149.7 155.2 159.8 164.5 169.7 175.7 183.5 192.6 202.6 212.5 226.2 250.7 263.7 265.9 271 278.3 287.4 301.1 314.5 327.5 329.9 337.4 341.7 347 347.9 347.9 348.6 350.9 352 349.5 349.4 344.5 333.9 324.5 321.6 324.5 337.8 353.9 370.1 392 406.8 411.3 412.7 384.5 345.6 307
232.8 230.8 229 227.6 226.3 225.8 224.3 222.6 220.3 218.6 216.2 213.1 209 204.5 199 190.8 185.7 185.7 185.6 185.7 175.8 170.9 164.7 159.2 153.2 147.6 136.7 131.8 131.3 131.1 133.2 137.2 142.3 148 152.5 156.6 160.9 165.8 171.6 177.2 183.7 193.6 207.5 222 248.7 273.3 278.1 275.2 279.5 286.8 301.2 314.8 324.8 334.1 340 345.1 350.5 355.1 357.4 353.4 352.7 353.6 354 351.7 344.5 332.4 321.9 318.8 322.7 333.3 352.9 376.1 395.1 406.6 407.7 407.9 379.3 340.5 304.3
232.7 230.8 229.7 229.5 228.5 228.2 228.5 227.5 226.2 225.6 222.5 218 214 208.4 202 197.9 201 198.8 196.5 199.9 185.2 177.7 172.9 165.7 159.2 152.7 143.8 135.7 131.1 129.9 130.2 134.9 138.7 143.9 149 153.5 157.8 162.2 166.9 171.8 176.9 183.5 195.1 209.9 228.7 257.4 268.9 275.9 278.1 282.7 298.4 318.1 333 346 350.1 348.1 355 358.7 362.2 368.6 364.4 360.8 360.3 356 344.5 330.6 318.5 316.6 324.1 333 353.8 375.4 398.5 408.2 410.2 403.4 369.1 333.7 300.1
231.6 230.4 230.4 230.2 230.3 230.8 231.6 232.3 231.4 229.2 225 220.3 215.5 210.1 204.3 205.9 212.4 213.6 208.8 211.3 196 184.1 180 174.1 165.8 159.1 149.7 141.7 137 133.5 129.3 130.4 133.7 137.6 142.3 149.2 151.3 156 161.1 166 171.2 178.1 186.8 197.2 210.8 223.9 241.1 260.3 271.3 276.4 291.4 314.2 341.9 360.3 363 360.4 357.8 363.2 369.4 374.7 378 373.5 371.2 356.9 339.2 324 314.5 315.5 325 335.4 353.6 374.5 400.5 413.5 416.8 399.9 362.4 327.5 294.6
229.7 230.3 231.3 232.4 232.8 233 233.7 233.1 230.2 225.8 222.4 218.9 215.6 212.4 211.5 212.9 219.7 226.2 218.8 211 203.6 189.7 183.7 177.5 170.9 163.4 154.9 147.2 140.9 136.2 132.3 128 129.4 131.8 137.9 144.3 146.5 149.7 155 160.5 165.7 172.1 180.7 189.8 200.8 212.2 227.1 240.2 253.6 264.2 278.9 301.5 331.3 362 371.3 369.4 371 368.4 372.5 379 386.2 383.5 372.6 351 335.1 319.3 309.3 315.8 323.2 339.3 352 374.9 399.2 411.8 421.1 402.9 365.8 328.4 293.7
226.4 227.8 230 232.7 233.4 234.6 236.7 233.1 227.2 222.7 220.8 218.8 216.6 215.8 217.1 221.7 226.7 238.3 231.4 218.2 211.6 197.3 187.9 181.5 174.3 165.9 158.7 151.4 143.6 136.7 132.3 128.6 127.1 129.7 135 139.4 142.2 145.2 149.4 155 161 167.5 173.8 181.4 191.7 201.6 213.5 225.5 237.2 252.3 264.9 285.3 314 342.4 369 382.9 378.4 376.1 377.1 380.3 381.1 378.9 363.5 344 329.1 315.2 304 318.5 327.9 341.4 357.4 376 398.6 412.5 418.5 403.5 366.1 332 298.5
221.2 221.4 224.9 229.4 230.5 230.4 230.6 225.4 219.6 218.1 216.6 215.2 215.8 219.2 222.3 226 236.2 238.2 231.4 224.8 216.9 207.5 198.8 186.4 178.3 170.7 163.7 156.8 149.6 138.5 131.2 127.6 126.3 127 131.2 134.4 137.5 140.4 144.1 149.9 155.5 161.2 167.1 173.4 181.9 190.8 201.2 212.6 224.1 238 253.5 267.8 292.2 320.7 349.1 376.8 387.8 384.1 387.7 385.3 382.3 373.1 356.5 340.8 322.6 310.4 301.3 321 334.9 344.8 362.2 379.9 398.9 415.6 418 397 362 331.9 299
213.4 214.5 217.9 221.7 220.2 218.3 216.4 214.9 214.8 214.7 214.4 215.3 217.4 218.2 221.1 226.2 239.7 240.9 237.5 233.5 228 220.8 207.7 194.9 182.4 174.7 168 160.8 153.3 144.2 132.3 127.5 125.7 125.2 127.4 130.4 132.5 133.5 134.1 140.9 147.4 153.1 158.4 165.5 172.2 179.5 188.6 199.8 214.9 226.1 241.7 256.7 275.5 303.9 332.4 355.4 370.8 383.7 388.2 387.4 375.5 362 346.3 329.3 315.5 301.8 300.4 321.6 338.1 351.8 365.3 380.1 392.1 403.6 407.8 385 353.1 324.9 294
205.6 206.3 208.3 209.7 210.4 210.7 210.6 211.5 212.2 212.5 213.3 214.6 216.4 219.9 223.2 226 233.1 241.4 242.4 239.9 235.1 226 212.9 201 188.7 179 172 163.6 155.7 145 133.4 129 126.1 124.5 124.6 125.8 127.2 127.3 128.6 133 139.4 144.9 150.4 157.9 162.5 168.9 176.9 186.6 201.6 220.6 231.2 245.8 265.3 292.7 317.7 341 357.2 368.7 378.9 376.1 365.9 349.9 334.3 318 302.9 292.2 298 315.1 334.6 358.2 375.6 387.3 392.3 396.1 401.5 380.6 346.9 316.7 291.8
200.4 201.8 202 202.7 204 205.1 206.5 208.6 210 211.1 212.7 216 218.3 222 225.8 228.8 233.7 241 242.9 241.4 238.2 231.1 219.5 208.9 196.8 184.1 173.8 167.4 157.9 146.7 138.1 134.6 127.6 124.4 123.5 123.7 123 123.5 123.9 126.7 131 136.6 141.8 148 152.9 158.1 165.4 172.1 185.5 207.5 223.6 238.1 261.4 278.1 303.1 322.4 335.1 346.4 354.5 362 353.5 338.9 322 307 291.9 286.8 291.9 314.9 337.9 359.6 385 394.4 397.2 398.7 395.1 374.6 343.4 318.2 302.4
195.9 197.2 198.1 199.4 201.1 203.1 205.4 207.3 209.9 211.4 216.5 221 225.8 227.7 230 233.6 236.6 244.9 243.6 241.8 241.8 234.9 222.7 211.1 196.8 186.5 175.1 168 159.3 150.2 147.5 143.8 136 125 123.1 122.8 122.1 122.3 121 121.5 124.6 128.3 134 138.3 144.9 150.4 155.7 161.8 173.1 190 209.8 229.7 246.7 268.4 287.4 303.1 315.7 325.7 331.1 337.2 337.1 326.5 310.4 295 284 281.7 289.9 309.6 338.4 355.2 381.3 404.9 402 391.6 387.3 377.3 349.2 321.2 309.3
193.9 199 201.9 202.6 202.1 202.6 204.8 207.4 210.4 213.3 220.9 228.4 236 238 239 240.8 243.4 245.9 247.7 244.8 241.3 239.2 230.1 215.6 200.8 191.5 183.1 173.3 161.8 156.6 152.7 149.6 143.1 132.6 124 121.7 121.3 121.5 120.9 120.9 120.9 120.9 121.4 128.1 135 140.9 146.6 152.8 161.3 175.8 195 218.3 238.2 255.8 274.3 290.9 299.9 305.2 311.2 315.3 321.4 321 306.2 289.9 281.2 277.8 290.3 313.9 335.2 357.5 388 412.4 411.2 395.1 381.8 376 349.4 322 307.2
198.3 202.2 205.9 207.3 207 205.9 206.5 210.1 213 217.8 224.9 236.8 246.1 250 247.7 244.4 246.9 249.7 252.9 250 243.6 237.1 232.2 223.7 209.4 197.1 189.5 178.4 166.6 160.7 156.2 154 148.1 139 128.4 120.9 120.9 120.9 120.9 120.9 120.9 120.9 120.9 120.9 125.2 129.4 136.4 145.6 155.6 167.5 182.5 200.3 222.2 246.7 262.4 276.1 283 286.1 289.5 298.8 309.8 309 298.9 283.6 274.6 271.4 292.4 317.1 338.4 362 383.3 400.3 406.7 399.1 386.1 365.4 338.1 310.9 294
199.5 204.5 208.2 210.7 211.2 210.8 210.5 212.8 216.1 221.5 228.9 239.3 252 253.1 252.5 248.4 249.4 252.1 255.3 253.9 246.7 241.4 236.6 226.2 215.5 202.3 193.7 182.1 171.1 162.4 156.1 152.7 149.3 142.4 132.4 121.9 120.9 120.9 120.9 120.9 120.9 120.9 120.9 120.9 120.9 122.9 128.8 138.1 145.9 156.1 171.6 188.7 206.6 225.7 244.4 259 264.8 270.9 279.6 286.9 294.3 294.8 283 274 262.1 267.3 289.5 313 334.5 358 377.7 392.6 398.7 398 383.8 363.8 329.2 298.5 281.9
200.7 205.5 209.6 212.5 214.6 215.7 215.7 215.4 220.7 226.2 236.3 242.8 250.5 252 253.8 252.9 252.7 255.8 259.8 256.7 252 245.4 241.3 236.9 223 212 198.9 186 173 163.6 155.7 151.4 148.8 143.2 134.4 124 120.9 120.9 120.9 120.9 120.9 120.9 120.9 120.9 120.9 120.9 121.9 130.7 138.8 147.4 157.8 180.2 197.1 212.4 225.1 241.3 254.7 265.2 280.3 275 276.7 277.4 269.8 258.3 253 265.3 280.9 295.6 317 343.2 358.4 374.9 376.6 375.2 368.3 349.1 318.6 286.8 278
204.1 208 213 216.3 218.7 219.8 220.6 221.2 223.5 230.1 237.2 243.9 247.3 249.9 252 253.3 254.7 257.4 259 257.5 252.5 249.2 245.6 240.2 229.6 217.5 204.5 189.9 181.2 168.2 155.9 150.8 147.7 142.1 134.1 126.4 120.9 120.9 120.9 120.9 120.9 120.9 120.9 120.9 120.9 120.9 120.9 120.9 129.1 136.7 148.5 162.9 185.5 202.8 221 235.9 251.4 262 267.3 264.5 266.5 267.1 260.8 256.4 248 251.9 263.3 274.1 288 314.2 333.1 347.1 349.3 346.3 338.1 325.7 307 275.7 259
208.2 211.1 214.5 219.6 222.2 224 225.2 225.9 228.8 232.1 235.5 241.1 246.2 250 251.8 253 254.4 255 255.6 256.2 256.1 252 248.5 241.6 233.2 221.4 210 205 188.9 177.7 166.3 155 148 143.6 136.2 131.1 123.1 120.9 120.9 120.9 120.9 120.9 120.9 120.9 120.9 120.9 120.9 120.9 120.9 128 136.5 145 158.7 181 207.1 227.9 242 247.2 255.6 256.1 255.1 253.8 251.1 246.2 241.3 247.3 255.7 269.2 281 287.4 300.7 311.5 322.6 318.8 311.7 303 288.5 258.2 240.2
213.4 216.5 218.2 221.4 225.5 228.3 229.9 231.8 234 236.7 240.5 244 248.1 249.9 251.6 253.4 255.5 256.1 256.6 256.6 256.6 254.2 249.5 244.5 234.1 224.1 217 211.9 203.2 193.4 179.1 171.7 157.7 145.7 140 135.1 127.7 120.9 120.9 120.9 120.9 120.9 120.9 120.9 120.9 120.9 120.9 120.9 120.9 120.9 125.5 131.3 141.8 158.5 178.2 199.9 217.9 229.5 232.4 234.6 233.9 234.9 238.8 233.7 235.3 242.9 253 265.2 269.8 276.2 279.4 281.3 286.7 284.9 280.8 276.8 262.1 237.9 229.1
220.5 224.3 225.5 227.2 229.2 232.3 235 237 238.4 240.9 244 247.3 250.1 251.7 253.8 256 257.2 258.2 258.8 258.5 258.3 256.9 254.6 251 241.9 230.7 224.2 218.4 211.3 207.2 199.3 183.8 173.3 159.8 145.4 139.8 128.3 123.2 120.7 120.9 120.9 120.9 120.9 120.9 120.9 120.9 120.9 120.9 120.9 120.9 120.9 120.9 128 139.5 152.5 170.4 184.7 197.6 203.8 209.9 216 219.3 222 220.4 230.7 236.9 245 252.6 254.8 255.2 252.6 255.6 259.8 255.3 254.3 254.5 243.4 223.6 215.6
226.6 230.5 234.6 236.1 239.6 238.6 241.6 242.8 243.4 245.5 248 251.5 254.6 256.8 258.6 260.2 261.6 262.5 263 262.9 262.8 261.3 260.2 258.6 256.4 242.8 234.8 229.8 226.2 223.7 215.3 202.9 186.7 168.6 149.9 142.5 132.6 124.3 123.1 122.1 120.9 120.9 120.9 120.9 120.9 120.9 120.9 120.9 120.9 120.9 120.9 120.9 120.9 126.2 139.9 150.3 162.1 175 187.3 198.3 203.4 206.1 213 209.6 219.9 226.5 232.1 233 237.4 239.4 239.3 245.9 249.5 245.6 244.2 243.8 227.2 214.7 201.3
229.2 233.8 238.1 240.5 244.6 245.6 248.5 248.8 249.5 251.1 252.8 256.4 260.5 263 265.7 266.8 267.6 268 268.2 268.4 268.9 267.8 267.1 265.9 262.1 258.1 251.3 247.4 243.1 239.5 233.3 218.1 199.3 178.3 156.3 153.3 137.2 127 126.8 127.3 126.7 124.1 122.2 120.9 120.9 120.9 120.9 120.9 120.9 120.9 120.9 120.9 120.9 120.9 125.8 135.8 148.2 158.6 167 175.6 184.1 194.6 200.7 196.2 207.7 214.6 218.4 224.1 225.9 226.8 231.7 233.8 232 234.5 228.6 222.1 206.6 197.9 188.2
233.4 238.2 242.2 248.1 252.8 256.9 255.6 256.3 256.2 258.1 259.3 262.8 267.1 270.2 273 274.6 275.7 274.1 274.5 276.7 277.1 276.4 274.9 276.8 276.8 269.9 262.2 257 255 255.2 246 233.7 216.7 190.1 166.2 159.4 140.6 134.2 132.9 132.2 131.5 129 126.7 124.1 121.2 120.9 120.9 120.9 120.9 120.9 120.9 120.9 120.9 120.9 120.9 121.7 134.4 143.4 150.9 155.3 166.8 181.1 187.5 187.7 197.3 202.4 207.9 211.4 213.5 216.5 217.7 213 214.4 216.9 209.9 197.2 192.5 187.8 177.1
237.1 243 248.6 254.3 257.9 264.8 264.2 265.8 265.2 267 269.8 272.7 275.6 277.9 280.3 283.7 285.2 286.3 286.4 285.9 286.8 286.4 285.2 287.6 290 283.9 277.3 271.6 268 268.2 260.8 250 233.7 207 182.5 170.7 143.8 138.3 137.1 135.9 134.5 131.1 129.1 127.2 124.6 120.9 120.9 120.9 120.9 120.9 120.9 120.9 120.9 120.9 120.9 120.9 121.2 129.5 138 141.6 153.3 164.2 173.3 176.4 185.4 191.4 196.4 200.7 204.9 207.8 203.9 202.1 202.1 202.7 198.1 188 187.9 183.7 172.3
243.1 249.2 257.9 264.9 267.7 271.6 273.7 276.7 280.3 283 285.7 289.5 287.1 286 287.9 292.8 298.2 301.8 302.2 301.1 298.3 296.9 297.4 297.8 296.2 291.1 290.6 293.1 289.4 282.3 273.1 257.5 236.4 220.9 200.8 182.3 148 143.1 141.2 140.4 137.5 134 131.1 129.2 127.1 124.1 120.9 120.9 120.9 120.9 120.9 120.9 120.9 120.9 120.9 120.9 120.9 121.9 128.4 136.7 143.7 149.6 153.8 166.9 177.2 183.1 189 193.7 197.6 197.7 192.8 193.4 195.6 192.4 183.7 182 182.8 179 164.5
253.2 259.5 265.7 271.5 277.6 279.6 283.5 288.3 296.3 303.1 306.6 302.9 300.2 301.4 302.3 304.9 310 315.1 316.2 312.4 310.6 310.8 311.2 310.9 309.2 303.8 307.4 309.5 309 300.5 285.2 264 247.5 226.2 214.6 194.7 161.9 150.2 147.8 145.1 141.8 138 134.4 132 128.7 125.7 121.9 120.9 120.9 120.9 120.9 120.9 120.9 120.9 120.9 120.9 120.9 120.9 123.9 133.8 139.5 142.1 149.9 156.4 163.4 171.6 179.2 183.9 185.1 183.8 183.5 183.8 184.4 183.1 175.6 174.3 173.3 167.8 156.2
265.7 270.3 274.5 279.1 283.3 284.6 291.1 295.7 305.1 312 315.4 316.9 319.6 321.8 322.6 323.4 325.6 331.9 334.6 331 330.9 333.7 334.8 334.5 330.8 323.9 321.4 324.9 326 318.2 304.8 278.7 259 248.2 229.8 205.9 178.5 160.3 153.7 149.1 145.1 141.4 137.5 133.9 130.3 127.2 123.9 120.9 120.9 120.9 120.9 120.9 120.9 120.9 120.9 120.9 120.9 120.9 120.9 127.3 130.5 134.7 146 150.4 152.8 157.9 163.1 168.6 173.5 176.6 176.5 176.9 175.8 172.2 168.4 164.3 162.5 159.8 155.1
278.9 283.2 284.9 288.8 291.8 292.2 294.8 299.7 310.8 320.5 329 334.1 337.6 340.5 341.6 341.1 343.9 349.7 355.6 356 356.4 361.2 364.9 360.6 359.8 356.2 351.7 347.2 345.9 337.8 320 298.8 282.1 268.1 251.7 227.5 203.6 175.4 161.9 155.4 149.9 147.7 141.6 135.1 130.7 127.5 124.3 120.9 120.9 120.9 120.9 120.9 120.9 120.9 120.9 120.9 120.9 120.9 120.9 122.6 127.2 132.7 141.5 143.5 146.3 148.9 152.8 157.2 161.4 164.7 166.4 167 166.8 163.7 160.1 157.1 155.7 153.7 148.6
291.9 297.9 298.6 300.3 301 297.7 298.1 304 316.6 330.8 345.4 354.5 357.1 359.6 361.9 362.4 364.3 366.7 373.7 377.9 379.6 384 388.2 389.9 382.5 381.8 385.9 382.6 375.3 362.9 341.9 317.6 301.8 290 271 253.3 229.5 201.3 172.7 165.9 161.2 155.6 147.2 138.5 130.1 126.7 123.6 120.9 120.9 120.9 120.9 120.9 120.9 120.9 120.9 120.9 120.9 120.9 120.9 120.9 120.9 128 134.4 136 139.8 141.8 144.9 147 150.7 154.4 157.9 158.2 158.6 154.6 152.2 151.7 150.8 149 144.9
310.4 316 312.7 312.7 306.5 302.2 303.3 309.6 324.5 342.4 356.8 367.1 372.4 376 378.4 381.2 381.9 383 386.6 393.6 397.1 400.8 404.4 408.9 410.1 403.7 403.5 407.2 404.5 392.7 371.9 340.6 322.8 319.7 301.6 277.4 255.8 226.3 195.6 179.3 170.8 162.6 152.4 144.1 136.2 128.1 123.5 120.9 120.9 120.9 120.9 120.9 120.9 120.9 120.9 120.9 120.9 120.9 120.9 120.9 120.9 120.9 125.4 127.4 131.5 133.7 140 140.6 141.4 143.5 146.4 148.7 148.2 148 148 146.8 146 143.8 140.9
328.7 332.5 327.6 320.5 313.6 309.5 310.2 315.7 333 349.6 359.2 369.6 378.6 388 394.8 396.1 397.9 398.8 400.7 406.3 412.3 415.4 417.2 419.8 424.3 427.4 423.8 426 426.5 417.3 394.4 375.6 353.4 346.9 330.2 301.8 279.5 246.1 216.4 203.8 188.7 174.6 163.4 154.8 142.8 136.9 129.9 120.9 120.9 120.9 120.9 120.9 120.9 120.9 120.9 120.9 120.9 120.9 120.9 120.9 120.9 120.9 120.9 122.2 124.9 128.8 133.2 134.3 134.7 137.9 141.6 143.2 144.1 143.9 143.1 143.1 141.2 139.8 137.5
342.2 348.4 345 336.1 327.7 321.1 319 325.5 339.9 352.6 363 373.5 387.4 398 404.5 410.1 411.3 411.7 413.3 412.7 416.5 423.3 428.1 429 433.8 441.6 440.2 435.1 437.6 429 414.9 400.1 376.3 355.2 328.5 303.4 277.2 246.6 237.5 228.4 218.4 196.3 182 171.3 160 151.6 143.2 133.8 121.8 120.9 120.9 120.9 120.9 120.9 120.9 120.9 120.9 120.9 120.9 120.9 120.9 120.9 120.9 121.6 122.8 124.1 126.2 128 130.4 134.8 139.3 140.9 143 143.6 141.7 138.8 136.2 135.4 134.1
353.3 361.6 360.4 354.2 344.4 334.7 330 334.2 346 358.8 372 382.8 394.5 403.8 412.2 418.9 421.5 422.4 422.9 427 426.5 429.6 434.4 437.7 438.6 442.4 445.2 445.1 440.6 430.1 412.8 395.9 374 347.4 319.5 293.3 266.7 248.1 251.8 251.1 246.6 223.1 206.1 194.1 182.4 170.9 157.9 148.3 138.4 126.4 120.9 120.9 120.9 120.9 120.9 120.9 120.9 120.9 120.9 120.9 120.9 120.9 120.9 121.3 119.8 122 122.8 124.1 126.4 130.7 134.9 138 140 142.1 144.6 142.9 137.3 134.5 133.7
