ny/ny12_OST50GRID_20230518/NY12.asc
ncols 200
nrows 200
xllcorner 310000
yllcorner 520000
cellsize 50
[rows 35 to 69 of 200, columns 79 to 157 of 200]
91.6 90.3 89.4 88.3 87.1 85.2 84.3 84.1 83.4 80.5 81.1 80.5 82.7 88 92.6 98.9 106 112.6 113.8 113.1 110.5 110.1 111.8 115 118.6 122.7 128 132 135.6 138.8 145.7 152.5 157.9 163.3 168.8 173.7 177.6 180.8 183.1 186.5 190.2 195.3 202.4 211.2 218.7 229.8 246.4 262.3 272.4 272.3 263.3 256.2 243.9 225.2 222.9 230.6 249.3 259.5 258.9 250.7 239 225 216.7 207.8 215.8 228.3 240.1 253.1 269.1 276.6 280.4 284.7 289.1 291.7 291.4 291.2 289.4 283.5 282.8
88.7 87.6 86.3 85.6 85.3 83.2 81 80.1 78.7 79.1 79.4 80.5 82.5 86.6 89.5 94.1 100.5 104.9 104.7 104.7 106.9 110.1 112.3 114.5 118.6 123.1 127.5 132.1 136.7 144 151.5 157.4 162 164.9 168.7 175 180.6 183.5 185.3 188.8 192.4 197.6 207.5 215 223.2 232.8 245 258.2 264.2 267.6 269.9 264.3 251.1 231.1 227.2 235.9 256.3 268.5 272.1 269.2 259.6 242.9 226.7 208.6 214.8 219.1 225.2 230.7 239.7 247.3 252.6 256.2 260.7 265.1 266.5 264.7 260.7 258.3 259.5
85.9 84.9 82.9 82.7 82.5 81.2 79.2 78.1 77.4 78.4 79.8 81.1 82.9 84.7 87.3 89.7 92.6 95 100.2 103 106.2 109.4 112.4 114.7 118.7 123 128.3 135.6 144.3 151.9 160.5 165 167.6 170.2 173.4 178.5 184.4 187.8 188.4 191.2 196.8 199 206.7 216 225.3 234.3 245.6 256.4 268.7 275.5 275.8 272.6 258.4 240.4 232.4 239 258.8 275.6 282.2 283.7 277.3 259.3 239.9 223.1 212.8 213.1 217.4 218.3 223.2 225.4 227.7 229.1 232.2 237.7 237.9 238.3 239.3 240.2 241.9
82.4 81.6 79.7 79.6 79.5 79.1 77.3 77 77.1 78.6 80 81.4 83.1 84.8 86.5 88.5 90.2 95.8 98.5 102.4 105.7 108.7 111.7 115.7 118.9 122.7 130.4 141.3 148.8 158.3 167.1 171.4 173.6 175.9 178.1 183 187.4 190.9 193.2 191.8 200.4 204.1 206.3 216.1 227.9 237.7 246.8 255.8 266 271.6 276.6 276.9 269.3 254.3 242.3 241.5 255.4 274.1 287.7 291.2 286.8 271.2 253.4 237.2 227.3 219.1 223.1 222.6 219.4 221 222.9 230.2 235.8 236.2 235.3 238.9 246.8 241.7 247.2
79.1 78.1 76.2 76.5 76.6 76.1 75.4 75.8 76.8 78.1 79.4 80.8 82.3 83.8 85.3 88.2 91.9 94.8 98 102.6 106.2 108.9 111.8 114.2 118.2 121.9 131.8 143.2 155.1 162.9 171.8 178.8 182.6 183.1 184.2 186.6 191.6 196.3 198.3 198.1 201.1 208 210.5 217.2 228.2 240.5 251.2 257.4 266.6 274.8 279 280.9 277.5 267.2 252.7 247.8 251 268.8 285 289.1 288.4 280.4 267.8 252.7 238.2 232.2 227.4 221.5 230.5 235.5 237.1 238.5 241.8 242 241.8 240.5 247.2 246.6 248.8
75.4 74.2 72.8 72.9 73.5 74.4 74.3 75.1 76.1 77.7 78.9 80.1 81.6 83.1 84.8 88.4 90.4 93 97.1 103.6 107.5 109.5 110.5 112.6 117.6 125.1 134 147.4 157.5 167.5 174.7 180 184.9 185.8 188.1 190.3 193.4 196.8 202.1 203.5 201.8 206.3 212.7 218.6 228 240.1 251.2 261.5 269.9 278.6 285.2 285.9 287.4 280.7 266.1 256.6 254.7 261.5 274.6 285 288.8 284.9 275.8 264.8 251.7 241.1 232.6 228.7 230.1 234.8 238.9 240.7 240.9 245.1 247.2 248.1 244.5 247.4 249.9
71.2 71.5 71.4 72 72.9 73.6 73.8 74.5 75.5 77 78.3 79.7 80.4 82.6 84.5 86.8 89 91.5 96 100.9 105.8 107 108.6 111 117.4 127.3 139.8 151.6 161.1 171.8 180.7 187.7 191.4 195.9 200.8 203.9 200.4 200.4 203.7 208.2 207.8 208.4 209.3 218 226.6 238.1 250.5 263.8 270.8 280 287.2 292.2 294.3 294.1 282.6 267 259.1 263.1 270.5 280.4 288.2 287.2 279.4 270.4 260.6 252 240.9 234 227.4 239.6 239.9 243.6 245 247.1 248.6 249 249.3 250.7 248.5
70.7 71.5 72.2 72.3 72.9 73.1 73.3 73.9 74.8 76 77.1 78.5 78.8 80.2 83.8 85.1 86.3 88.3 94 99.3 103 103.7 106.1 111.6 117 128 144.1 155.4 163.6 175.7 187.5 193.7 198.7 205.4 212.1 216.7 215.3 214 214.4 216.4 214.7 214.9 216.9 219.5 225.5 234.4 246.2 259.8 274.7 284.4 293.5 299.3 299.9 300 294.1 281.1 264.9 265.3 268.5 274.4 280.6 281.8 278.9 274.3 266.1 261.1 252 243.3 232.7 242.3 244.2 246.2 247.9 249 249.8 250.1 252 253.9 255.1
71.6 72.8 73.6 72.8 72.6 72.7 72.7 73.4 74.2 75 75.7 76.5 76.9 77.6 81.2 82.9 82.4 84 90.4 95.5 99.4 102.1 107.1 107.2 115.4 129 140.3 157.2 164.6 174 187.2 196.8 204 212.3 220.7 227.1 231 229.3 228.9 229.8 226.4 224.1 225.7 225.8 226.8 232.6 243.7 257.6 272.2 284.8 294.6 302.6 306.2 305.4 302.7 293.8 275.9 268.6 272.1 274.8 277.5 278.8 277.8 275.2 269.6 262.1 256.3 243.3 241.7 244.3 247.2 249.1 250.5 251.3 251.6 252.4 253.4 256.2 257.6
72 72.7 72.4 71.8 72.1 72 72 72.3 73.1 73.8 74.6 74.7 75.1 75.4 77 77.8 78.7 84.7 87.3 92 96.2 100.7 105.9 103.4 111.4 132.3 143 152.9 162.5 171.3 182.9 197.5 208.8 219 228.3 235.8 240.1 241.8 241.7 241.8 238.5 233.9 235.1 233.6 237.7 237.4 242.5 254.3 269.7 282.3 294.9 302.9 308.2 310.8 307.2 297.8 286.2 276.9 275.4 276.4 275.4 274.9 272.4 267.7 263.7 254.3 256.7 254.6 247.8 243.2 250.5 252.7 254.1 253.7 253.5 254.3 256.6 259.5 262.3
71.5 70.9 70.5 71.3 71.4 71.1 71.3 71.6 71.8 72.6 73.4 73.5 73.4 73.7 74.5 76.8 80 82.8 84.7 88.9 93.2 95.9 98.1 99.2 105.8 121 138.2 149.4 156.9 165.7 175.9 192 209.6 223 233.8 241.3 247 249.9 251.3 249.5 247.5 245.2 242.7 242.2 242.9 244.9 246.2 252.4 267.6 281.4 293.9 305.4 309.5 310.8 305.8 298.6 291.9 283.3 279.4 279 275.9 274.5 272.7 268.6 261.2 260.1 258.8 255.8 253.4 251.8 254.2 256.1 257.4 257.7 256.7 256.9 259.3 263.6 268.6
71.1 72.6 73.1 71.3 70.9 70.7 70.6 70.9 70.9 71.6 72.3 72 72 72.4 73.2 75 78.7 80.4 82.5 84.2 84.9 89.6 93.2 96.9 103.7 110.4 123.2 138 148.9 156.9 166.9 183.5 203.3 220.8 235.4 245.5 253.4 256.4 256.4 256.6 260.8 258.4 252.9 249.3 247.6 249.5 250.2 252.2 266.1 279.4 290.2 300.5 307.1 308.9 305.4 300.4 294.7 287.5 284.1 282.7 280 276.5 273.3 264.6 265.6 262.5 260.2 258.9 259.2 257.3 256.6 258.7 260.6 261.7 262 260.8 263.6 266.6 270.8
74.1 76.6 74.6 71.4 70.5 70.4 70 69.9 69.7 69.9 70.3 70.6 71.1 71.8 72.2 73.2 76.8 78 79.2 80.2 82.6 85.6 88.9 90.6 97.3 104.3 113.8 125 136.7 145.6 157.2 171.3 191.3 210.8 230.5 246.9 256.6 259.3 260.5 266.4 270.4 267.6 262.4 255.4 252.4 253 252.4 253.7 265.4 278.6 288.1 296.5 302.8 305 304.5 301.2 294.8 290.4 287.3 286.9 285.2 279.9 274.2 272.8 272.8 269.8 269.2 266.8 264.6 261.9 258.7 260.5 263.5 264.7 265.8 265.2 268.8 270.8 272
77.4 77.3 74.8 70.2 68.7 69.4 69.4 69.2 69 69.2 69.7 70 70.1 72.1 76.4 74.8 76.1 76.7 76.2 76.9 79.6 81.2 82.4 85.9 91.7 97.2 105.4 115.5 123.2 134.4 147.4 160.6 175.3 199.9 220 239 252.2 259.3 266.1 276.1 280.1 276.5 270.1 263.9 256.3 255.9 254.8 255.5 265.6 278 286.3 292.8 297.9 303.3 305.2 301 296.2 291.4 290.1 289.8 288.7 283.8 277.7 279.1 279.5 278.7 278.5 277.5 275.3 268.1 263.6 263.7 266.4 267.5 268.6 269.8 274.3 278.7 281.6
79 78.4 75.9 72.4 68.2 68.2 68.2 68.6 68.4 68.4 68.6 68.7 69.4 70.7 80.5 88.1 88.9 82 73.9 73.2 74.5 76 82.2 86.1 88.2 93.4 99.4 106.7 114.7 124.1 136.8 148.9 158.9 183.5 206 227.5 244.6 256.5 268.9 280 284.7 282.4 274.9 271.2 259.6 255.7 254.4 255.6 268.1 280.3 287.5 292.7 298 303.7 307.2 306.7 299.6 295.7 293.9 293.9 293.4 289 281.7 285.5 285.6 286 286.6 286.5 285.1 276.2 268.9 265.2 269 270.3 271.4 273.7 276.8 281.6 283.9
80.9 80.8 77.7 73.4 68.3 67.5 67.4 67.8 68.2 67.9 67.7 67.8 68.2 67.9 70.9 84.6 87.6 78.9 73.5 72.3 74.6 75.2 77.4 82 88.7 93.7 97.9 103.5 109.5 116.7 128 139.4 149.8 166.1 192.2 215.9 234 250.8 268 283.3 287.2 283.6 276.2 273.8 259.7 253.5 252.7 254.7 271.4 284.2 289.4 293.1 298.4 306.3 314 315.8 308.2 300.4 298.6 298 297.1 293.1 284.6 292.1 292.8 292.6 292.8 291.7 288.8 283 274.4 269.2 272.2 273.7 274.4 275.1 279.5 283.7 286.2
81.6 80.4 75.9 72.2 67.8 66.7 66.8 67.1 67.5 67.6 67.4 67.2 67.3 66.9 67.3 76.9 87.5 84.2 73.2 72.5 80.9 79.5 77.4 82.5 90.3 94 98.8 103 107.6 113.1 122.5 132.2 140.9 153.3 176 202.4 224.6 244.3 261.8 276.8 286.2 285.9 278.6 270.5 258.4 250.8 251.3 254.5 273 285.2 292.5 290 293.3 302.6 314.4 316.5 310.8 305.6 303.2 302.3 302.1 298.7 293.1 298.8 301.6 304.2 301.8 300.1 296.7 290.3 278.5 274.1 276.4 275.6 276.6 278.2 282.8 286.6 289
78.9 76.3 73.1 70.1 67.3 66.1 66.2 66.3 66.5 66.7 66.6 66.5 66.2 66.2 67.1 69.6 75.3 76.7 72.1 72.9 75 77.8 76.9 81.6 88.5 93.8 100.2 103.9 107.7 113.6 118.4 125.8 134.3 145.7 166.7 191 215.4 239 257.7 271.5 282.3 286.6 279.1 267.1 256.8 246.7 249.6 262.2 278.5 284.4 286.5 285.4 288.7 297 307.7 312.1 307.3 306.8 306.1 305 305.3 302.3 297.5 302.8 308.8 313 312.4 309.5 304 296 283.7 278.4 281.4 280.7 280.6 282.9 287.6 291.6 293.6
73.3 71.4 69.3 66.1 65.2 65.6 65.8 65.9 65.9 65.8 65.9 65.7 65.4 65.3 67.5 68.8 69.9 71 71.1 71.4 71.8 71.8 74.7 82.6 89.8 93.9 99.9 104.5 109.9 115.8 120.1 125.2 132 141.5 160.4 183.1 208.9 232 253.2 267.7 278.7 282.6 273.4 265.1 251.4 246.8 259.6 271.6 276.3 279.6 280.4 277.7 285 292.7 299.9 303.2 305.8 307.8 309.4 309.5 309.6 307.3 303.5 306.3 312.6 316.3 317.4 315.2 311 302.6 288.3 284.1 287 286.9 287 289.4 293.9 297.6 299.2
68.4 66.6 65.6 64.7 65 65.3 65.5 65.4 65.3 65.3 65.4 65.3 65 65.2 65.5 68.4 68.8 69.8 70.2 70.3 68.5 68.5 71.7 80.6 85.5 92.7 98.9 106.1 111.6 114.9 118 123.7 130.3 137.8 154.1 176.6 198.5 219.5 242.9 258.3 265.5 263 257.4 252.2 230.8 250.5 259.4 266.6 268.6 269.7 267 266.4 277 286.5 295.1 301.6 306.5 310.3 312.5 313.7 313.1 312.6 311.1 311.9 315.4 319.6 321.1 320.8 315 307.3 292.9 291.4 292.8 291.5 293.1 295.4 297.5 299.8 302.1
65.1 64.2 64.7 64.5 64.8 65.1 65.2 65.7 64.7 64.8 64.8 64.8 64.8 65.2 65.8 66.8 67.6 68.5 69.1 69 69 69 72 78 83.4 89 96.3 102.1 105.3 108.7 112.5 119.8 126.9 131.8 147.2 170.4 189.7 203.6 225.5 238.9 243.1 230.1 219.8 221.4 217.9 231.3 241.6 250.8 260.1 262 255.7 265.8 277.3 292.2 302.3 309.4 313.6 317.3 319.6 318.4 315.8 316.3 317 316.4 320.7 325.9 327.8 327.4 323.5 314.3 303.2 302.5 299.5 300.4 302.2 302.9 305 307.2 307
63.3 63.8 64.3 64.9 66.1 72 72.8 64.5 64.2 64.5 64.6 64.7 64.8 64.9 65.4 65.6 65.7 65.5 65.7 66.2 68.1 69.1 71.8 75.7 81.6 89.4 97.2 100.8 102.4 103.8 106.6 114.3 121.8 125.9 138.5 160.7 182.6 191.3 200.8 212.3 215.5 196.4 191.4 211.4 221.9 233.9 247.1 253.2 259.6 256.9 255 268.1 280.3 293.7 304 311.6 314.8 318.5 321.8 323.1 322.7 323.6 322.1 322.6 327.5 333.1 335.2 335.7 334 327.4 318.9 313.7 309 312.1 312.2 313.4 316.4 318.1 316.2
63.5 63.2 64.1 65.1 66.5 68.7 64.2 64.1 64.1 64.3 64.5 64.6 64.7 64.8 65 66 65.5 65.5 65.6 65.8 68.6 71.2 73.5 78.4 85.8 94.2 98 97.4 95.7 96.4 101.2 108.6 116.8 120.4 127.1 149.1 169.7 176.7 183.4 189.7 188.2 174.3 200.2 208.3 211.4 221.5 232.2 242 251.7 245.7 255.9 269.1 281.6 293 302.9 311.2 317.5 322.3 327.8 332.4 334.2 332.5 330.9 329.3 334.4 340.6 345.2 346.1 345.2 339.5 329.7 321.4 320 320.4 322.8 327.1 327.5 326 321.8
63.3 63.4 62.2 64 64.1 64.1 64.1 64.2 64.6 64.6 64.5 64.6 64.7 64.9 65.2 65.3 65.5 65.5 65.5 65.5 66.3 70.1 75.2 84.2 92.3 98.6 95.9 88.6 87 91.5 96.2 106 114.5 115.6 117.9 138.3 154.2 158 161.4 166.4 159.3 169.7 179.5 187.6 195.5 203.2 213.3 221.8 234.6 240.5 255.7 269.2 283.6 296.4 307.1 315.2 322.9 330.4 337.6 342.7 344.3 344.1 343 339.2 342.2 349.4 353.3 354.1 352.9 349.1 341.3 332.4 329 335.9 340.4 340.5 340.3 338.5 330.4
63.4 63.5 63.4 63.7 64.1 64.1 64.2 64.3 64.3 64.6 64.6 64.6 64.7 64.9 65.1 65.3 65.4 65.6 65.6 65.6 66.1 69.1 78.4 89.1 94.5 97 93.5 83.3 80.9 86.5 89.8 95.5 104.8 109.3 111.3 121.6 133 139.7 144.1 141.9 148 155.4 166.8 177 190.3 202 216.5 226.9 236.4 252.8 266.6 276.9 288.2 299.1 308.8 318 327.3 335.7 343.9 350.6 353 354.9 354.3 350.5 351.6 356.5 359.7 361.2 361.6 361.1 357.6 347.6 347.5 354.4 359.8 361.5 357 348.9 340.9
63.5 63.6 63.5 63.9 64.2 64.3 64.4 64.4 64.5 64.7 63 64.7 64.8 65 65.2 65.3 65.4 65.6 65.7 65.8 66 69 80.3 87.7 92.2 94.5 86.9 78.8 78.9 82.4 85.5 88.7 94.9 102.2 106.8 112.7 120.4 126.2 131.8 143.9 155.8 163 171.8 184.5 200.4 214.5 226.1 239.4 254.7 264.8 273.1 282.7 292.3 302.7 312.4 323 333.2 342.7 351.9 357.8 363.1 367.1 367.2 363.8 362.4 365.3 368.7 370.8 372.3 373 373.9 364.7 368.1 371.3 376.4 378.1 372 363.1 361.5
63.6 63.6 63.7 64.2 64.3 64.4 64.5 64.6 64.7 65 65 63 65 65.1 65.2 65.4 65.6 65.7 65.8 65.9 66 66.9 72.6 78.2 80.9 82.1 76.9 76.1 78.2 81.1 84 88 91.9 97.1 102 108.6 115.2 122.3 132.5 144.1 152.8 158.9 171.2 186.6 199.8 212.6 225.6 246.8 261.7 270.5 278.7 288.1 297.9 306.7 315.5 327 338.8 349 357.6 366.1 374.3 378.2 378.9 375.3 373.3 376.7 379.8 382.6 386.3 389.3 389.6 381 380.7 383.8 389.7 388.4 382 382.3 377.7
65 65.5 63.7 64.3 64.4 64.5 64.6 64.7 65 65.3 65.6 65.3 65.2 65.3 65.4 65.6 65.7 65.9 66 66.1 66.1 66.3 66.5 68.9 70.8 71.8 72.9 75.6 78.5 81 84 86.9 90.5 94.8 100.4 106.8 113.7 120.6 128.2 138 147.7 153.1 167.9 185.8 201 212 225.6 246.1 264.9 274.6 283 292.3 301 311.3 320.8 328.7 342 355.8 364.1 374 384 392.1 392.4 390 387.1 387.6 389.9 393.3 398.3 402.1 399.8 396.6 394.1 394.1 396.5 399.2 398.6 397 388.1
76.9 72.9 65.3 64.3 64.5 64.7 64.8 65 65.2 65.4 65.7 65.9 65.5 65.5 65.6 65.8 65.9 66 66.1 66.2 66.3 66.5 66.6 66.8 68.4 70.2 72.2 74.9 77.4 79.8 82.7 85.8 89.5 94.6 99.5 104.6 109.8 116.9 124 130.8 138.8 145.9 162.9 179.8 198.4 211 224.7 247.2 265.6 275.6 284.7 295 305.2 315.2 323.9 332.3 345.2 359.9 372.8 381.9 394.6 402.3 403.7 403.5 401.3 401.2 401.7 405.9 409.6 410.3 406.6 404.1 403.5 408.6 412.3 413 412.1 406.9 404.2
76.6 74.5 66.8 64.4 64.3 64.5 64.8 65 65.2 65.4 65.6 66 65.7 65.8 65.9 66 66.1 66.2 66.3 66.4 66.5 66.6 66.7 66.8 67.9 69.7 71.7 73.9 76.1 78.3 80.7 83.7 87.8 91.9 96 102.2 107.1 112.7 118.9 124.8 131.3 137.2 152.5 171.4 191.1 206.9 221.3 244.1 263.9 274.7 283.6 297.4 309.1 318.5 327.8 337.1 348.6 364.6 378.3 387.2 396.1 406.1 411.8 414.7 413.1 412.5 411.2 414.7 415.7 414.5 413.3 413.7 421.3 426.9 424.3 425 424.2 421.5 417.5
74.4 74.1 70.8 66.5 64.6 64.6 64.8 65.1 65.3 65.1 65.7 65.8 65.8 64.2 66.1 66.1 66.2 66.4 66.5 66.6 66.7 66.7 66.7 67 67.9 69.4 70.9 72.6 74.6 76 77.8 81.4 84.9 88.7 92 96.7 101.9 109 114.8 119.8 125.1 130.5 142.6 165.6 186 205.5 220 234.3 253.4 269 283.6 299.1 311.7 319 327.4 338.6 354.1 368.9 379.4 387 398.5 411.9 417.2 419.9 422.9 421.7 421.3 422.8 419.9 416.9 418.1 430.1 438.5 441 437.2 433.2 434 436.9 428.1
78.2 80.3 79 72.7 66.6 64.9 65 65 63.9 65.2 65.9 66.1 65.9 65.9 66 66.2 66.4 66.6 66.7 66.8 66.9 66.8 66.8 67 67.4 68.7 70 71.6 72.6 73.7 75.3 78.6 82.1 85.5 88.3 93 98.5 104.2 111.3 116.6 121.6 126.5 135 153.4 176.9 198.3 215.6 230.2 248.9 267 284.8 301.5 311.8 322.6 333.2 344.2 356.3 367.3 377 383 395.5 411.7 417.6 421.1 425.6 428.2 429.1 427.6 424 419.2 420.7 434 445.5 446.7 443.8 439.8 441.4 444.6 432.2
84.6 85.4 84.4 78.1 68.3 65.6 68.1 68.6 66.3 67.1 66.3 66.5 67.3 67.5 66.4 64.3 66.5 66.7 66.9 67.1 67.1 67 67 67.1 67.5 68 69 70.4 70.9 71.8 73.4 75.8 79.1 82.7 85.8 89.7 94.3 99.2 106 114.4 119.1 122.9 128 144.6 165.2 184.1 203.3 221.4 239 261.3 281.5 298.2 313.8 323.5 332.3 341.6 350 360.1 368.3 376.2 389.3 407.1 413.3 417 422.5 428.6 433.8 434.5 428.3 423.3 426.3 431 447.2 448.4 441.4 444 446.4 451 437.2
90.4 92 92.7 89.6 80.4 72.9 76.2 75.2 74.5 74.1 72.8 70.8 73 73.2 71.4 67.8 66.7 66.7 66.4 67.3 67.3 67.3 67.2 67.2 67.5 68.1 68.7 69.2 70 70.9 72.1 73.9 76.7 80.1 83.1 86.4 90.6 95.4 104.5 114 117.4 121 126.3 137.2 153.6 174 190.6 209.5 226.6 244.1 264.2 285.6 304 317.6 325.6 329.2 334.8 344.1 352.5 362.7 376.7 390.3 398.7 407.7 415.5 428.5 436.9 433.2 421.5 422.3 426.4 427.8 431.6 437 444.7 447.4 446.4 452.6 439.1
99.4 103 102.4 105.1 103.9 89.1 85.8 84.4 84.4 84.5 82.8 80.6 80.8 80.4 79.5 77 67 67.1 67.5 66.8 67.5 67.5 67.4 67.5 67.8 68.4 69 69.6 70.2 71 71.7 73.3 75.4 78.1 80.8 83.3 86.6 90.9 104.3 112.7 116.2 120.2 124.2 130.8 146.3 170.8 194.3 209.5 221.2 234.1 249.6 265.5 285 303.5 311.3 311.8 318.4 326.3 334.6 342.8 354.6 363.4 383.4 400.3 412.4 425.5 432.7 428.7 418.6 414.2 416.8 425.4 427.9 436.5 444.4 447.9 448.9 446.1 438.7
