ny/ny12_OST50GRID_20230518/NY12.asc
ncols 200
nrows 200
xllcorner 310000
yllcorner 520000
cellsize 50
[rows 105 to 139 of 200, columns 0 to 78 of 200]
123.5 123.7 124.6 126.4 127.5 126.5 126.3 125.4 125 125.1 125.9 127.8 128.6 130.3 132.9 134 136.4 135.1 145.5 155.4 159.8 165.6 171.3 175.9 178.7 181.7 183.2 182.7 181.3 182.4 183.3 184.9 184.9 180.3 168.5 176 190.3 192.1 195.8 202.1 206.4 210.2 214.1 218.5 223.7 231.4 237.1 241.6 244.5 245.9 242.2 238.8 237 236 238.8 244.8 258.9 267.3 277 284.8 291.6 303 321.3 336.7 355.3 370.2 378 382.5 380.9 371.6 362 349.8 337.1 328.1 313.4 301.3 285.1 266.9 260.8
124.7 125.3 125.5 126.3 126.4 126.9 128 128.1 127 126.9 128.9 130.2 130.6 133.3 137.6 138.8 143.1 146.6 150.7 161.6 166.7 171.9 177.5 182.7 184.5 188.9 189.1 190.5 190.2 190.9 190.6 192.7 191.6 190.1 182.5 170.4 184.3 191.6 197 203.7 208.8 213.2 217.9 222.6 226.5 236.1 241.5 245.7 249.7 252.9 255 255.3 253.4 249.2 248.4 256 266.2 274.8 283 297.2 307.6 316.6 325.8 335.6 347.9 361.6 370.1 378.4 381.6 376.8 366.1 355 341.8 329.3 319.4 304.4 294.5 286.1 275.1
126.2 127.9 126.1 126.9 127.8 128.8 130.9 130.7 130.1 129.6 130.8 133.9 134.1 136.6 142.3 150.3 157.1 160.4 164 169.3 171.6 174.8 177.5 180.5 183.2 187.1 188.9 191.4 194.3 196.7 197.4 198 197.1 194.9 193.7 188.6 178.2 192.7 198 203.6 208.9 213.9 218.4 223.3 231 238.9 249.1 254.6 259.5 261.6 264.6 268.2 269.2 266.8 262 271.2 278.3 286.1 296.7 312.3 324.8 335.2 344.3 353.9 353.4 355.9 358.8 363.1 369.9 368 361.5 352.1 342.9 331.9 318.6 309 304.8 300.5 290.6
123.9 125.2 126.5 129.5 131.9 132.8 132 132.5 132.6 133 134.7 141.7 146.3 151.2 155.2 158 160.6 166.8 170.5 173.7 175.2 176.7 177 180.7 185 187.7 190.4 193.6 196.4 199.1 201 202.7 204.1 201.1 198.4 196.4 192.2 187.6 197.2 202.9 209.3 215.5 219.6 226.4 234.5 242.2 250.4 257 263 268.2 272.3 276.6 281.3 281.7 280.8 285.9 290.3 297.2 312.7 327.1 340.9 350.3 358.9 367.3 373.5 372.1 365.5 363.6 365.9 367.1 362.4 352.7 345.6 336.3 322.2 316.1 311.8 309.2 300.2
126.3 127 128 130.3 133.3 136.3 138.5 139.4 140.8 144 150.5 154.5 158.6 162.9 168.7 171.3 173.2 174.5 175.5 177 179.2 180.4 180.5 182.9 186.8 189.3 191.7 194.4 197.4 200.4 203 204 205.5 205 202.1 201 199.5 191.5 191.4 203 210.7 216.7 222.3 228.7 236.7 241.5 250.9 263.1 268.7 274.8 281 288.6 295.7 297.3 297.4 297.4 305.1 307.2 326.6 339.6 351.7 359.6 367.8 376.3 381.6 383 376.5 366.5 362.8 362.7 360.4 353.9 346.8 340.3 329.7 324.5 320.9 310.7 304.8
128 129.2 129.1 130.4 136.8 141.1 144 147.2 148.5 152 157.5 164.8 169.3 172.4 175.2 178 179.4 180.4 181.8 181.5 182.9 184.1 186.5 187.7 189.6 192 194.8 197.4 199.7 202.2 205.3 206.3 207.8 208.1 207.1 205.3 204 201.3 196.3 197.1 209.9 216.7 224.4 232.9 240.4 245 254.2 265.1 274.6 282 289.9 298.8 306.8 313 314.8 317.8 325.1 330 335 350.4 363.4 370.1 377.9 383.7 388.9 386.9 380.9 371.6 364.4 357.2 352.6 347.1 340.2 335.3 334 331.9 328.6 318.8 308.4
128.2 130.7 133.2 134.2 143.5 148 150.4 152.8 154.9 159.6 165.4 172.9 178.1 180.6 181.6 184.3 187.5 188.1 187 187.1 187.3 188.6 192 193.6 194.4 195.4 198.2 200.3 202.5 204.8 207.1 208.9 210.7 211.5 211.5 209.9 208.7 206.5 205.2 197.7 209.5 218 224.9 233.2 241.8 249.7 257.6 266.8 279.1 288.7 296.6 306.5 315.8 323.4 332 338.4 344.9 349 354.6 359.5 373.6 382.2 387.4 390.8 395.3 390.2 383.8 375.6 365.4 354.2 343.4 339.5 334.2 331 328.9 329.9 327.8 318.3 304.4
128.8 133.5 139.4 143.6 148.4 152.2 155.4 158.3 160.6 165.8 170.8 177.5 185.6 187.5 188.3 188.2 190.2 192.2 190.1 191.1 192 195.1 197.6 198.2 199.5 199.6 203.2 205.3 206.7 208.4 209.6 210.2 212.6 214.1 214.4 214.3 213.8 216.7 216.2 212.2 195.8 212.8 221.8 230.4 239.7 248.8 259.2 267.7 284.4 296 307.5 317.8 325.3 330.4 342.2 350.6 357.4 363.9 367.1 371.6 380.6 388.8 395.7 400.6 401 395.4 388.5 377.8 363.9 350.4 338.7 327.3 324.2 325 321.3 321.1 315.7 308.2 297.3
130.2 135.7 141 147.1 151.5 156 159.5 161.6 164 167.7 175.3 182.5 191.7 193.3 193.2 192.8 192.3 194.3 194.6 194.7 196.3 198.4 200.2 201.8 204.2 203.9 205.7 208.8 210.9 212.5 213.4 212.9 213.7 215.2 216.9 218.1 220.5 225.3 222.9 217.3 215.1 203 220.2 228.1 237.2 247.5 257.7 264.6 282.5 297.6 311 325.8 336.8 342.3 348.2 358.1 365.2 369.5 374.9 382.2 386.6 393.2 402.2 407.4 407.4 401.3 393.1 379.9 364 350.2 336.3 319.7 308.6 308.4 311.4 311 301.5 293.9 287.3
133.6 137.9 146 151.5 154.5 156.7 160.3 163.2 165.9 168.4 173.5 181.7 194.7 198.8 199.1 196.7 195.3 195.8 196.8 197.5 198.7 200.5 201.8 204.2 207 208.2 207.9 209.3 211 212.6 214.2 215.1 216.3 218.3 220.8 223.3 224.2 226.1 226.5 222.5 222.2 205.6 221 227.9 235.5 244.9 254.5 261.7 279.3 296.2 311.9 329.2 346.8 356.7 359.7 365.3 371.6 375 379.5 383.1 390.8 396.8 405.9 411.9 413.1 408.7 399.8 387.3 370.6 354.8 338.5 322.1 305.3 291.3 291.1 292.2 291.8 285.6 280.1
133 139.6 147.5 154.5 158.9 158.7 160.6 163.8 166.9 169.2 172.7 177.2 189.9 203.4 204.8 200.9 196.8 197.7 198.7 199.8 201.1 203 204.9 207 208.6 210.8 212.2 213.5 213.7 213.2 214.7 216.8 219.2 221.1 223.4 226.3 228.6 229.1 230.2 228.6 224.7 214.3 224.5 229.4 235.7 244.4 254.9 260.3 277.1 294.6 310.5 327.2 347.8 364.4 372.1 371.6 374 377.3 383.3 389.9 397 399.9 404.3 413.3 415.8 413.6 405.3 392.3 376.1 358.3 339.3 322.8 307.8 291.8 274.7 272.8 277 276.7 267.5
134.2 139.3 147.2 153.1 158.3 159.3 161 163.9 166.1 168.5 171.1 173.7 180.7 197.4 202.4 200.2 198.9 199.6 200.6 201.4 202.4 204.3 206.6 208.9 210.3 213 214.4 215.8 216.9 215.8 216.2 219 221.8 224.1 226.7 229.6 231.8 233.9 235.8 236.1 229.9 223.1 221.4 231.2 236.1 245.8 254.2 257.7 274.6 294 310.1 324.6 343.3 361 371.9 378.2 378.7 379.6 385.1 394.6 400.6 404.5 404.5 409.9 414.5 413.6 406.5 394.5 377.4 359.3 339.6 319.9 305.2 293 280.5 264.3 258.4 256.3 250
143.4 139.3 146.7 151.7 156 157.8 160.4 163 165 167.4 170 172.5 175.4 185.6 198.9 200.8 201.3 201.6 201.9 202.8 204.3 206.1 208.9 211.2 212.6 214.9 216.7 217.9 219.4 220.2 221.9 223.3 225.3 227.6 230.1 232.9 235.3 237.5 237.9 238 234.3 226.3 220.7 233.7 238.3 245.7 250.7 256.4 273.7 292.5 309.6 324.9 339.6 354.6 366.2 374.8 378.3 380.6 383.6 392.1 399.3 404 405.8 403.5 408.6 407.2 401 389.5 374 355.6 335 315.9 302.5 291.8 280.4 267.9 258.4 251 242.1
150.8 143.1 145.4 150.2 154.5 155.9 159.9 162.1 163.7 166.3 168.6 170.7 172.9 178.8 191.8 199.8 201.2 202 203.4 205.7 207.2 208.3 211.3 213.8 216.5 219.4 219.6 220.6 222.5 225.8 228 229.6 230.5 232.8 235 237 239.9 243 243.7 242.6 238.4 235.8 222.7 235 240 244.3 249.8 255.2 273.5 293.1 308.5 322.8 336.7 349.3 360.5 368.5 373.6 378.1 383 390.3 396.5 400.1 401.7 395.8 394.8 395.6 390.7 380.1 365.3 349 328.4 312.6 299.6 288.6 278 268.6 260.6 253.2 244
159.4 152.7 148.5 148 151.9 155.3 159.1 161.4 162.4 164.8 166.8 168.9 171.6 176.6 186.5 195.3 199.8 203.2 206 208.6 210.6 212.6 216.3 217.8 219.2 221.5 223.1 223.5 226.3 229.5 233.2 235.7 237.8 239.2 241.3 244.9 247.3 247.7 248.3 249.9 246.4 241 231.9 235.8 240.2 244.5 248.2 254.2 270.4 292.2 307.8 321.3 334.1 346.1 356.1 363.6 369 373.7 378 384.2 390.5 392 392.1 387.9 381.5 381.6 375.5 368.1 353.5 336.8 318.5 305.7 297.2 285.2 274.8 268.1 259.3 248.5 244.3
169.2 163.5 158.3 152.2 151.5 155 158.1 160.7 161.8 163.2 165.2 167.7 170.8 174.8 181.9 190.2 198.4 204.4 208.8 211.9 214.4 216.2 219.5 222.5 223.3 224.7 226.8 228.4 230.2 233.5 236.5 239.3 242.9 244.6 248.9 252.3 255.6 258.2 261.2 260.7 253.2 246.1 238.1 237 241.8 244.9 248.1 252.7 265.2 287.2 305 317.4 329.8 341.3 352.1 357.7 358.3 363.3 369.4 375.3 378.2 380.3 378.7 373.8 370.5 369.3 365.8 358.6 345.9 327.3 312.7 302.5 296.7 286.9 278.2 267.9 257.8 258.4 256.4
177.7 173.3 167.1 155.6 151 154 157.2 159.6 160.5 161.2 163.1 166.7 171 175 180.5 191.5 201.4 210.1 214 216.4 219.6 221.9 224.7 225.7 228.4 232.3 233.2 234.2 235.2 236.6 239.7 242.6 245 249.9 254.3 258.7 260 259.2 259 257.4 252.4 246.1 240.9 235.9 241.3 244.7 248.4 252.7 259.9 278.1 294.6 307.8 320.3 332.1 341.2 343.8 345.2 350.7 355.5 362.8 368.5 367.7 364.6 360 361.3 365.6 366.2 361.3 345.9 330.9 317.7 305.4 300 289.2 280.6 273.7 274.1 271.3 267.7
182.8 179.3 169.7 160.3 152.2 152.7 155.5 156.8 158.2 159.3 160.6 165.8 171.6 178.4 184.6 193.5 204.8 214.6 220.7 223.8 225 228.3 231.9 236.7 238.5 240.3 240.2 238.6 237.1 237.6 238.3 241.9 245.7 250.8 255.4 259.4 260.1 259.5 257.5 254.4 250.9 247 245.1 241 237.2 244.3 248.3 252.6 258.5 268.8 283.1 295.7 306.9 316.3 324.1 328.1 326.6 331.5 337.4 343.8 351.2 352.2 348.7 352.7 359.6 367 369.6 366.1 352.6 340.2 329.2 315.8 302.1 287.7 289 296 295.5 291.3 284.6
187.9 185.3 174.7 162.9 156.2 152.5 153.6 154.1 155.4 156 157.6 165.6 169.7 179 189.1 193.5 197.8 212.8 230.8 237.7 236.4 234.5 237.3 237.6 239 238.5 238.8 237.2 235.2 234.1 235.2 239.1 246.2 252.1 256.1 259.6 260.7 260.9 258.4 254.5 251.3 249.3 246.9 244.8 240 243.4 246.5 249.1 252.1 259.1 269.7 281.9 293.4 302.4 307.3 307.6 307.8 311.2 317.5 322.4 326.3 334.5 347.2 356.6 362.9 368 371 369.6 360.5 349.3 334.8 321.1 305.9 300.3 300.1 307.4 311.7 312.6 305.8
191.3 187.1 174.5 164.1 160.5 157.3 155.2 153.8 154.2 155 155.6 156.8 161.2 165.3 172.4 177.3 181.4 191.6 203.4 211.7 213.6 213.8 215.5 216.9 218.9 220.5 222.5 223.9 225.5 226.5 230.1 232.1 236.9 245.4 251.5 255.7 259.8 261.4 259.3 255.5 252.4 250.1 247.7 245.5 244.1 242.5 244.3 246.3 248.1 251.6 257.7 267.5 276.7 283.1 288.7 292.4 296.1 300.6 306.8 317 330.2 343 355 365.1 374.4 382.1 384.4 380.1 367.8 358.5 341.6 327.8 309.8 306.9 313 323.7 331.2 333 326.3
181.2 178 171.3 166.3 164.8 162 157.7 157.1 156.5 158.5 158.4 157.4 156.5 156.5 157.4 163.2 167.8 171.2 174 179.5 182.9 184.9 187.1 189.6 193.3 197.6 201.8 206.2 210.1 214.5 216.9 222.8 227.2 233.5 238.3 244.8 248.8 250.5 251.5 252.6 252.6 250.7 248.3 245.7 244.4 244.1 245.3 246.9 249.8 251.6 255.3 262.5 269.5 277.1 280.7 284.3 288.8 298.4 310.8 322.2 334.1 346.6 360 371 380.2 388.4 391.2 384.6 369.7 359.4 346.8 332.7 315.1 312.5 323.8 339.3 349 350.9 344.1
178.3 175.9 173 171.3 169 166 160.8 158.5 161.2 164 165 163 160.6 158.2 154.2 154.3 156.7 156.1 156.1 158.5 161.3 163.7 165.1 168.7 173.4 178.4 184.1 190.2 194.9 199.6 204.5 208.6 212.9 219.2 224.8 230.6 236 239.5 242.5 245.8 248.3 249.6 249.2 247.6 245.6 246.7 246.9 248.2 251.1 253.2 256 262.1 266.7 270.9 276.6 281 286.8 298 310.1 324.5 336 345.8 359.1 370.2 379.8 387.8 391 384.4 372.1 362.6 352.6 337.9 322 320 335.6 352.4 363.2 363.8 353.2
180.2 178.9 176.6 174.4 171.5 168 165.4 163.5 164.1 165.6 167.3 164.9 161.3 156.7 151.5 148.1 146.7 147.2 148.6 149.5 151.6 153.4 154.7 156.9 161.2 165.4 171.3 177.7 184.4 188.8 192.6 196.1 200.6 205.8 210.7 222.2 227.7 233.3 237.5 241.3 244.1 246.1 247.7 248.4 248.7 250.2 249.2 250.3 253 254.2 258.7 262.8 266.1 270.7 274.9 279.8 284.8 292 301.8 317 332.2 344.5 353.6 363.1 372.3 379.2 380.2 377.7 373.5 366.2 357.9 345.3 334.4 334 346.7 360.8 374.6 373.5 352
188 186.7 182 178.7 175.6 174.7 173.6 169.2 167.4 165.5 163.8 160.6 156.6 151.7 147.8 141.9 142 143 143.8 144 145.2 146.7 148.1 150.5 154.4 158.6 164.1 171.1 176 180.4 184 187.5 191 195.4 200.9 208.9 219.7 225.6 231.6 236.8 240.3 240.8 244 247.2 249.7 252.2 252.9 254.6 256.1 256.8 258.5 263 266.5 270.1 274.8 280.1 285.2 290.7 296.7 305.5 321.7 334.9 347 355.8 360.4 365.3 370.7 374.1 373.2 369 364.5 354.7 348.6 349.7 361.8 373.8 380.3 374 349
189 187.9 185.3 182.5 179.6 180 178.7 174.8 170.1 165.7 160.5 157.5 155.2 149 143.7 139.7 139.7 140.7 140.5 139.9 141 142.5 144.2 147.7 151.3 154.9 161.4 166.6 171.1 175.3 178.4 182 186 190.4 195.5 201.5 209.1 217.4 223.3 229 232.8 235.9 241.1 246.4 249.9 253.3 256.2 258.1 259.5 261.9 262.1 263.8 267.9 271.4 275.8 280.3 285.8 291.8 298.7 306 319.5 332.9 344.9 353.3 360.3 366.4 367.5 368.6 370 371.8 371 369.1 369.6 365 371.6 378.8 387.2 381.7 350
191.3 190.9 190 187.1 185 186 186.8 184.2 182.6 173.8 168.4 162.8 156.7 151 143.4 139.1 139.3 139.6 138.8 138.5 138.7 140.4 143 146 149.4 153.4 158.1 162.7 167.2 171 174.4 178.4 183 187.3 192.2 197.8 204.2 210.4 217.7 223.7 228.6 233.2 238.8 246.3 249.9 253.5 257.3 260.8 263.8 266 268.8 270 271.8 274.9 277.8 281.6 286 291.2 298.5 308.7 322.4 334.5 348.5 356.8 364.9 373.2 374.8 373.4 373.2 375 378.8 374.4 374.9 375.3 384.7 390 390.9 384.2 351.1
196.4 195.1 195.5 193 190.8 192.5 194 196.5 198.8 194.7 179.8 166.9 159.9 153.6 146.7 140.4 138.3 138 137.7 137.6 137.9 138.9 140.3 144.4 147.3 151.4 156 160 164 167.9 171.9 176.4 180.5 184.2 188.7 194.9 201 208.7 215.7 220.8 226 231.7 237.9 244.1 248.5 252.1 257.3 261.7 266.3 270.1 272.7 274.4 276.7 279 282.2 285 289 292 296.9 305.3 321 333.9 346 357.9 367.3 376.4 386.9 390.4 390.5 391.5 390.6 388.5 383.6 384.9 390.1 398.2 401.1 393.3 354.1
201.1 199.5 199.5 199.2 198.1 195.6 196.6 196.8 196.7 196.9 186.4 172.4 163 155 148.5 142.1 139.3 138.9 138.4 137.8 137.4 138 138.7 141.6 145.9 149.7 153.4 157.3 161.3 164.1 168.3 173.3 177.5 181.8 186.3 193 201.2 209 214.5 217.5 223.1 230.3 235.3 240.9 247.8 252.7 257.1 261.5 266.4 270.5 274.9 277.2 280.1 283.3 287.6 291.2 292.8 295.1 299.4 304.9 322.1 335.1 347.1 357.1 367.8 381.6 396.4 403.2 408 409.4 408.5 404.5 395.2 387.9 393.2 397.8 404.1 392.9 356.9
204.2 203.7 203 201.9 200.9 198.2 196.1 195 193.6 190.7 184.4 174.2 165.3 160.1 155 146.3 141 139.9 139.1 138.5 138 137.4 137.7 140.3 144.2 147.3 150.8 154.5 157.2 160 165.4 170.8 175.2 178.4 182.3 189.5 197.2 204.8 208.5 213.6 220.1 226.5 233.5 241.2 248.1 254.6 259.3 264.4 269.2 270.8 275.5 279.7 284.2 288.7 298.4 307 308.1 307.8 305.2 310.6 322.7 336.6 347.2 357.2 369.9 382.7 392.4 402.8 408 409.1 407.7 409.2 406.5 398.5 393.5 399.3 405.7 396.2 360.9
205.4 205.3 205.3 204.2 203.3 201.1 198.6 196.6 195.1 192.5 186.6 176.4 167.9 163.3 159.9 154 145.7 141.3 140.1 139.1 138.1 136.9 137.3 138.9 142.2 144.5 147.4 151.4 153.3 156.9 162.9 168.5 171 173.9 180.3 186.4 192.3 198.2 207.4 212.6 217.5 222.8 232 240.4 248.6 255.8 260.9 266.5 272.1 275.4 277.9 282.1 287.5 294 305.3 315.8 323.9 326.1 325.3 321.7 326.2 336.3 345.4 354.9 368.8 379 387.4 393 395.3 400.2 401.7 404.3 406.1 404.6 399.6 397.9 399.7 393.2 371.9
206 207 207.9 208.1 208.3 206.5 202.6 200.7 199.1 197.1 195.1 185.5 174.8 166.1 163.3 158.8 151.4 143.7 141.6 140.4 138.8 136.8 136.9 138.1 139.2 140.3 144.2 147.9 150.5 153.9 160.6 164.2 165.7 170.9 177.6 183.3 189.9 196.1 202.1 208.9 213.7 219.9 227.3 236.2 246.2 254 258.9 265.3 272.8 278.9 282.6 287.3 292.8 296.1 307 318.4 327.2 333.7 336.5 338.3 336.7 338.3 343.2 349.7 360.9 368.7 375.3 380.4 381.9 383.4 386.7 390.4 395.4 400.6 402.4 396 396.8 395.2 371.8
209.6 210.8 211.7 212 211.9 210.3 206.8 204 202.9 200.6 198.7 192.1 181.7 169.8 165.2 160.3 153.5 146.6 146.4 144.1 139.5 137.5 136.7 136.8 136.3 138.8 142.9 144.9 146.4 149.5 154.3 156.5 159.7 167.1 174.6 182.1 188.1 193.6 198.9 206.8 213.8 219 226.5 233.4 242.4 250.7 258.1 265.7 276 283.7 290.2 293.9 297.5 305.8 308.7 316.7 327.3 334.4 339.4 342.9 345.5 346.8 344.7 348.2 353.3 358.1 360.6 365.1 367.5 369.5 371.4 375.8 382.9 390.6 397.5 393.8 387.3 379.5 357.7
214.2 214.7 215.5 215.8 215.9 217.1 215.2 211.6 206.9 204.3 201.5 195.7 186.3 175.1 168 163.8 155.5 149.6 149.8 146.4 141.4 138.7 138.1 139.1 136.1 135.9 139.2 140.6 142.3 144.8 147.6 154.4 159 164.3 171.6 179.4 186.4 191.3 198.3 204.3 211.4 218.7 225.3 231.6 239.3 248.6 257.7 264.8 276.8 291.3 296.4 300.5 303.8 308.2 315.5 319.9 323.2 336.5 342.7 347.5 351.8 350.8 348.7 348.6 350.7 352.5 352.5 352.7 352.2 354.7 358.6 364.2 371.5 379.5 389.4 387.4 377.6 368.8 343
218.9 219 219.2 218.9 219.1 219.9 219.7 216.3 211 208.3 201.7 196.1 188 180 170.7 165.6 158.9 154.1 151.9 148.5 144.7 142 146.8 150.3 145.5 136.5 135.3 137.6 140 142.5 147.2 152 156.3 162.3 168.5 174.5 182.1 188.1 194 202.8 210.8 217.6 224.9 232 240.3 248.4 257 265.5 276.3 287.6 297.7 304.8 309.2 312.7 318.1 326 330.3 330.5 340.7 346.6 350.1 350.6 350.1 350 348.2 346.8 343.3 341.8 343.2 346.4 354 360.9 364.5 372.4 377.4 378.2 378.2 373.8 342.7
222.8 222.3 222.8 222 221 219.9 217.9 214.5 211.7 208.5 200.2 193.6 188.2 182.5 174.1 166.9 162.6 158.6 153.4 149.3 147.6 146.9 150.1 148.4 145 138.7 134.5 136.2 138.5 140.1 144.7 148.2 152.9 159.4 165.7 171.7 178.3 185.2 192.4 199.4 206 213.9 223 232.3 242.1 251.4 260.4 269.5 277.2 286.6 296.5 307.9 314.7 320.6 320.7 325.7 332.6 338 336.9 338.7 341 342.9 345 346.3 344.6 340.9 336.3 336.5 338.8 341.7 347.3 359 366.6 369.1 373.2 380.6 388.3 370.9 336.5
