ny/ny72_OST50GRID_20230518/NY72.asc
ncols 200
nrows 200
xllcorner 370000
yllcorner 520000
cellsize 50
[rows 105 to 139 of 200, columns 0 to 77 of 200]
220.1 222.8 224.7 226.7 233.7 237.1 239.8 242.6 244.1 244.3 241.9 244.8 248.5 251.6 260.2 273 283.5 292.7 301.5 309.3 308.7 297.8 297.6 306.5 330.2 361.4 373.8 377.4 372.1 368.7 370.6 361.5 362.6 388.5 401.4 410.5 417.4 422.3 424.6 425.3 422.1 419.6 419.2 420.7 414.9 403.7 393.5 390.7 386.5 381.7 379.8 377.4 372.9 367.2 361.1 356.2 353.4 351.1 349.6 347.9 344.9 340.6 332.5 325.6 328.6 331.8 333.6 335.3 344.5 361.7 377 397.2 425.6 454 482.7 500.1 518.2 537.4
216.4 215.4 219.1 220.5 222.7 226 229.7 235.6 241.1 241.6 239.5 243.6 246.3 252.2 261.9 274.3 285.5 295 303.6 311.6 315 303.9 296.3 303.6 326.7 365.4 376.9 386 383.6 372.5 373.7 375.9 360.9 374.6 400.8 414 423.8 430.5 432.7 433.2 429.3 422.9 415.4 409.2 398.6 386.4 380.6 376.1 372.7 369.7 366.8 364.5 359.8 354.6 349.9 346.2 343.6 341.1 337.5 336.6 331.7 327.7 324.2 325.3 329.2 332.6 334.7 340.3 355.2 371.5 388.6 409.9 438.6 471.5 494.5 511.4 531.3 541.9
215.1 219.5 222.9 222.5 228.1 232.6 237.6 239.7 234.9 235.6 239.1 242 245.3 252.5 262.5 272.5 285.7 296.6 305.4 313.2 320.7 311.7 298 303.6 323.2 359 368.1 376.9 377.9 371.9 374.3 380.4 370.2 367.2 385.9 410.9 427 434.4 440 440.4 435.4 427.4 416.6 402.9 386.2 374.8 368.8 363.1 362.9 360.8 357.1 354.8 350.4 345.4 341 337.3 333.5 330.5 325.8 321.7 317.9 318.4 322.3 326.4 329.9 333.1 338.4 351.1 366.9 383 402.4 428.3 460.9 488.8 499.2 516.1 533.6 543.2
215.5 218.3 221.6 225.7 224.1 231 237.1 240.7 241.6 240 239.9 242.4 245.5 252.4 261.7 272.6 284.9 298.8 308.9 318 325.4 319.3 302 304.1 317.4 338.5 345.6 360.8 363.1 367.2 373.1 381.8 384.4 367.6 377 401 422.1 433.6 439.6 443.3 439.4 430.8 418.7 403.5 386 369.9 360.7 353.5 352.9 351.3 347.1 344.9 340 334.5 330.5 328 325.3 321.9 316.7 312.5 317.5 323.4 326.2 328.1 330.7 334.9 350 365.5 379.9 398.4 423 450.4 477.9 492.5 500.5 518.2 530.3 540.6
215.9 216.6 219.4 222.9 225.5 224.5 232.8 237.3 239.9 239.9 239.7 243.1 246.8 250.2 261 274.8 287.2 298.7 310.1 318 326.8 324.8 309.4 298.9 309.7 321 332.6 346.7 355.4 365.3 372.4 380.3 387.2 374.9 371.3 391.8 405.5 420.3 431.7 439.7 439.4 432.7 420.1 405.9 389.5 368.8 355.6 346.1 341.9 341 337.1 334.1 329.5 323.9 321 319.3 316.8 313.3 307.1 314.9 319.1 322.6 326.3 329.9 336 349.1 363.6 377.1 392.2 417.1 445.4 471.8 489.7 491.8 496.6 514.3 525.5 535.2
213.9 213.5 215.8 218.5 221.4 225.7 227.2 232.7 235.2 235.8 237 240 242.5 247.7 257 272.8 284.6 295.3 304.7 312.7 318.6 317.7 311.5 301.3 302.1 311.2 324.8 337.1 348.6 360.5 370.8 376.3 384 389 377.8 377 386.2 403.6 418.4 425.5 430.5 429.9 423.3 410.5 392.4 368.4 351.7 341.5 330.1 329.4 325.1 321.4 316.1 312.4 310.1 309.4 308.3 303.7 308.4 315.1 318.9 323.1 328.2 335.1 348.9 364.5 377.5 390 410.7 437.8 465.3 483.2 490 490.6 495.4 508.5 520.3 529.1
210 209.5 212.2 214.6 217 220.8 223.9 225.2 227.9 230.9 232.9 236.5 239.7 245.1 253.3 270 279.2 287.8 295.1 301.3 303.7 304.1 299 297.9 298.5 303.2 314.1 331.1 344.1 349.4 362.6 369.1 377.8 384.6 390.8 384.8 375.6 391.1 411.6 419 427.9 431.3 426.2 415.7 393.4 368.6 349.5 336.9 326.1 317.4 315.5 309.9 305.1 301 299.7 299.8 301 305.1 311.2 316.9 322.5 329.1 336.4 349.9 363.8 378.7 391.5 408.5 432.1 460.2 476.9 486.7 489.6 489 491.8 499.6 509.4 519.3
204.9 205.7 208.3 210.8 213.2 216.6 220.4 216.9 221 222.3 229.4 233.7 236.7 240.2 245.9 263.3 271.5 277.3 282.8 288.1 291.7 292.1 293.8 294.7 297.8 306.4 305.8 326.1 340.5 346.5 357.3 366.8 372.3 379.6 385.8 385.7 370.1 385.5 401.9 412.3 424.1 437.8 435.7 417.1 393 364.3 343.6 329.7 319.3 308 305.7 301.6 295.9 293.5 296.5 299.7 305.3 310.4 316.4 322.3 329.3 338.8 350.1 364.2 380.5 395.4 413.1 433.2 461.2 469.2 479.2 486.4 488 488.4 489.5 493.4 501.6 506.7
201.7 203.1 203.8 206.7 209.1 210.9 213.5 216.7 219.6 224.2 232.5 233.4 237.7 238.4 243.1 249.9 256.4 263.8 269.7 276.1 283.6 287.5 290.8 292.7 295.5 299.9 304.2 317.4 333 343.3 352.2 363.6 369.8 375.5 384.8 379 366.8 379.4 391 401.1 413.1 430.4 435 417 386.7 356.8 335.2 319.5 312.1 303.7 295.7 293.5 293.2 292.9 297 304.1 311.8 318.6 324.9 331.5 338.2 350.1 364.3 380.6 397.4 417.7 445.7 462.9 465.8 470.6 478.9 484.8 487.6 487.5 486.3 488.7 492.9 498.6
198 199.7 201.3 205 209.4 213.8 217 220.1 223.2 225 233.3 237.1 242 241.8 243.8 249.8 255.7 264.2 270.1 276.7 284.6 290.2 293.6 296.5 297.8 297.9 301.3 316.3 328.7 336.7 345.8 358.8 368.1 370.6 375.7 374.5 362.1 369.8 377 387 399.9 418.4 427.7 408.2 375.8 349.1 326 312.9 305.5 298.9 290.9 289.7 290.9 294 302.4 311.7 320 326.8 335.7 342.1 350.9 365.4 381.3 398.1 418.8 448.8 464.6 467.1 467.6 469.8 475.1 478.8 482.1 483.5 484.6 484.3 486.3 489.9
197.2 198.5 202.1 206.3 209.3 214.6 218.9 223.4 227.1 229.9 231.5 238.2 243.6 246.2 243.9 248.8 261.8 272 275.6 283.9 292.8 298.6 304.4 305 309.6 308.3 301.7 310.5 323 330.7 339.3 354.4 371 379.6 372.8 367.1 355.9 359.8 367 372.8 383.6 406.5 414.2 394.1 365.1 339.3 317.7 305.5 299.2 291.4 286.8 288.9 292.3 298.9 308.9 318.2 328.7 337.4 345.4 354.5 366 382.9 397.5 416.1 444.5 460.9 466.5 468 466.9 467.3 468.8 468.8 472 474.4 477.8 480.1 481.8 482.5
196.3 197.2 201.6 206 211.1 215.4 219.5 224.8 231.2 233.3 231.4 239.5 244.8 246.5 243.7 256.1 270.4 282.7 290.1 296 303.8 310.5 318.3 324.2 327.5 322.2 312.7 308.8 311.1 323.9 344.5 354.8 366.5 372 372.4 353.1 345 347.4 357.9 362.2 370.6 390.2 403.2 379.9 354 329.3 309.7 299.8 293.6 285.8 287.1 291.2 298.3 308.2 318.9 329.1 339.6 345.1 355.5 366.3 381.4 398.1 410.3 435.5 457.1 462.2 465.5 467.3 465.9 465 464.6 464.7 466.1 468.3 470 473 475.9 480
195.6 196.5 198.3 204.1 212.1 216.7 220.9 225.6 231.8 234.8 236.5 236.4 245.8 249 248.1 257.4 277.8 287.9 298.2 304.4 313.4 321.5 328 335.9 343.2 345.2 336.9 321.7 311.6 309.4 332.5 343.2 352.6 358.2 355.8 342.7 333.3 338 349.9 352.8 360.2 373.6 385.2 369 344.2 320.9 303.6 294.4 286.2 283.5 286.8 294.8 306.1 315.8 329.7 345.8 348.3 354.6 364.1 377 395.3 405 422.2 456.2 459.7 461.4 462.2 463.7 463.8 461 460.3 461.3 462.6 464.5 465.1 465.4 465.3 464.9
195.5 196.1 198.2 205.8 211.6 216.8 221.5 225.8 230.4 234.4 237.5 236 240.7 245 249 256.8 275.7 292.1 298.3 303.8 313.5 322.7 328.2 333.8 341 349.3 352.9 347.6 328 309.2 312 329.4 336.1 338 335.9 332.1 321.4 328.3 338.8 341.1 346.1 358 370.8 361 336.6 314.3 298.9 289.5 280.5 283 289.3 299.6 314.6 327.4 337.5 350.3 355.2 361.8 370.6 386.2 398.9 406.3 423 453.6 456.5 455.8 455.5 455.9 458.1 457.1 455 456.4 457.7 460.6 460.6 458.4 456.8 449.1
196.3 196.7 198.8 206.1 212.5 216.6 220.5 224.6 228.7 232.9 236.5 238 240.9 244.5 248.8 256.3 268 284.5 294.5 299.2 304.3 315.5 322.2 325.6 333 339 342.9 343.4 337.7 328.4 311.9 310.9 318.6 319.5 316.6 316.2 310.7 317.8 323.9 324.9 330.2 346.4 360.1 355.1 330.4 310 293.8 284.9 279.6 280.8 292 303.6 314.5 330.4 345.6 357 359.5 364.8 373.9 391.3 399.5 406.3 415.6 432.2 439 438.4 433.3 433.8 433.3 435.5 436.8 442.7 446.5 450.9 446 433 421.7 414
198.3 199.6 200.4 209.6 211.3 214.9 219.1 224.7 228.2 232.3 235.3 237.8 240.7 246 247.5 253.1 259.7 272.8 284.5 290.6 296 302.4 311.1 312.5 317.6 319.1 324.9 329.5 326.8 325.1 322.9 315.3 306.1 307.6 306.3 304.4 301.1 306.3 306.8 307.7 315 332.9 348.4 347.9 325.8 307 290.3 281.7 279.9 281.2 292.8 303.4 313.4 327 346.9 363.1 361 367 376.5 389 396.9 404.3 410.5 415 419.1 417.7 415.6 414.8 414.8 417 418.9 420.1 420.5 418.5 416.4 403.4 406.7 430.7
201.3 199.5 203.9 211.8 214.3 218.3 220.2 223.1 228.9 232.4 234.8 237.5 239.4 245.5 247.6 250.6 256.9 261.7 269.1 276.8 285.4 289.1 295.5 298.4 300.3 307.2 314.8 319.2 320.4 318.3 314.6 310.4 305.5 301.4 300 296.9 293.6 293.4 293.5 297.1 301.9 318.8 331.8 336.9 324.9 305 289.3 279.5 277.6 285.1 294.7 302.6 312.4 326.9 342.3 352.9 362.1 368.5 374 379 388.7 397.3 402.9 406.2 407.7 404.7 401.5 398.1 398.3 401.2 402.4 403 403.2 402.4 395.3 403.9 425.7 454.9
203.7 199.7 206 214.3 218.3 218.6 222.7 221.8 226.9 232 235.4 237.4 241 244.6 247.4 248.6 253.2 256.5 258.5 263.6 271.1 275.6 278.5 283.5 290.1 298.5 299.6 305.8 308.3 312.2 307.7 300.8 296.7 294.8 292 290.2 285.4 283.5 285.2 289 294.3 307.4 320.5 329.7 324.2 304 287.9 277.5 275.7 284.1 291.8 304.2 313.6 325.8 337.6 346.5 353.6 362.4 368.2 370.3 374.6 382.7 390.1 393.6 387.3 380.1 376.2 373.8 371.1 371.3 373 373.7 380.1 379.7 402.6 422.5 448.9 463.2
203.9 202.4 204.7 214.9 221.5 221.5 221.7 225.3 224.2 231.1 234.5 237.9 241.1 243.5 246.3 248.2 249 251.2 253.3 255.5 260.6 264.5 268.2 271.7 280.7 286 280.5 290 291.4 294.3 293.7 285.7 287.3 285.2 281.3 279.8 276.6 276.6 277.3 281.2 286.5 297.1 309.7 314.5 316.9 302.9 286.2 275.4 296.9 296.3 296.5 308.2 319.5 329.3 336.9 343.2 347.6 353 357.8 356.1 357.4 362.5 364.8 363.9 359.8 354.4 349.8 347.4 347.9 352.8 358.9 368.8 385.4 402.1 418.9 444.5 460.1 466
205.6 207.1 204.5 212.3 221.1 225.3 223.6 224.2 226.5 225.9 232 236 239.1 241.8 244 245.8 246.9 247.5 248.5 248 251 257.4 260.9 263.6 264.2 269.1 271.3 270.5 271.7 275.1 275.6 274.3 275.5 275.4 273.4 271.9 270.2 270.6 271.3 274.7 279.9 289.4 299.9 306 310.4 300.6 284 273.4 301.8 308 304 314.9 328.3 339.8 337.9 338.2 341.7 344.2 343.2 341.5 340.9 340.9 340.8 339.7 337.2 335.7 336.8 342.3 351.7 364 376.6 394.7 407 417.6 437 458.7 464.6 471.9
206.8 210.1 206.3 210 218.2 223.9 224.6 222 225.8 228.6 228.9 231.6 235.6 239 240.7 242.3 243.4 243.9 243.7 244.3 247.7 254.1 257.1 258.1 258.4 257.7 257.1 257.3 258.1 258.9 261 262.8 265.6 265.6 265.6 265.2 264.3 266 267.3 267.7 271.9 279.4 288.5 297.3 298.8 295.6 280.7 273 295.5 303.3 315.8 325.7 332.8 336.5 332.9 331.9 333.6 331.9 326.5 329.2 328.5 327.4 327.9 327.2 326.3 333.5 341.9 356.2 374.7 391.4 398.5 411.1 422.4 435.3 456.2 462.4 467.3 475.7
206.3 210.1 210.6 205.7 212.6 217.2 220.3 220.8 223.4 226.5 229.9 230.5 230.4 234.8 237.4 238.2 239.5 239.8 242.5 244.7 248 251 252.6 252.4 252.6 250 250 251.5 252 252.9 254.4 256.8 258.4 259.1 260.1 259.2 258.1 260.7 262.4 260.9 262.3 268.5 276.1 282.7 286.3 287.8 269.9 271.7 290.2 295.2 304.2 312.5 321.6 329.6 327.1 322.4 319.3 316.9 316.1 317.9 318.6 317.8 319.2 326 334.8 344.6 358.6 377.6 399.4 412.8 417 427.7 439.4 455.4 461.3 465.5 471.4 479
207.8 208.5 209.1 205.9 205.7 209 210.7 215.8 220.8 223.7 226.4 228.3 230.3 230.1 233.6 235 235.9 238.8 243 244.5 244.7 246.2 247.2 247.6 247.6 244.5 248.2 251.5 251 251.1 251.7 255 254.8 254.9 255 254.4 254 254.1 255.6 255 256.1 262.5 268.2 272.3 275.4 275.9 265.8 275.6 276.7 284.7 300 309.6 316.7 318.3 315 308 304.2 302.6 305.1 309 311.5 319.6 327.4 337.9 349.3 362.2 378.6 399.9 417.1 425.8 440.3 446.8 458.3 461.1 464.7 469.6 477.7 484.5
212.1 211.9 208.8 208.7 209 210.2 208.5 209.1 213.8 219.6 222.3 224.3 226.7 228.8 230.9 232.7 233.1 235.7 239.3 240.9 240.8 241.6 242.5 243.3 242.4 241.9 246.3 249.9 251.2 253.5 253.5 254.4 253.4 250.2 250.1 250.3 250.4 250.9 251.6 252.6 253.6 255.6 256.5 259.5 261 262.5 266.6 267.1 270.8 276.6 287.9 296.9 301.7 302.9 297 295.9 302.1 309.8 316.5 322 329.9 335.7 343.9 353.8 369.7 390 406.7 419.3 436.7 457.3 461.2 462.1 464.5 466 468.9 477.1 484 488.7
214.9 216.6 216 214.1 214.3 215.7 215.6 213.8 211.3 214.6 218.6 221.1 223.2 225.2 227.8 229.1 229.7 231.8 234.4 236.3 237.2 237.6 237.3 238.2 237.6 240 240 239.6 243.5 247.1 251.5 251.7 245.9 244.7 245.9 247.5 248.4 249.3 249.9 251.4 253 254.7 257 258.6 260.9 263.3 267.3 270.2 273.4 276.9 278.3 281.7 285.1 290.5 295.8 305.8 316.9 330.6 339.8 347.8 356.7 364.2 369.4 376.4 388.4 405.8 418.3 431 461.3 469.5 469.8 470.8 471.3 473.8 478.9 483.4 489.5 492.4
216.3 219 220.9 220.3 218.9 219.2 220.7 220 219.6 216.6 214.4 217.3 219.6 221.2 224 224.7 225.1 225.9 229.2 231.1 230.8 225.1 222.6 226.9 232.7 233.8 237.8 239.4 239.8 238.3 240.5 241.4 242.2 245.1 249.3 247.8 251.6 252.9 252.7 253.1 254.4 256.1 258.3 261 264.1 266.5 268.5 275 283.2 293.3 298.1 293.7 296.7 302.6 312.1 325.4 340.2 355.1 367.6 377 386.2 393.7 398.7 404.6 415.4 424.9 430.1 440.8 470.3 479.5 482.2 480.7 480.8 482.9 486.3 489.1 492.7 497.1
215.5 217.9 221.7 224.2 223.4 223 223.3 224.6 224.7 222.7 218.8 211.6 216.2 217.4 219 219.7 219.8 219.6 221.8 221.7 218.8 226.3 232.3 239.1 242.8 244.3 245.2 245.1 245.9 248 245.7 244.5 246.6 249.2 252.1 261 258.8 263 263 259 256.4 258.2 260.1 262.9 266.1 268.4 274.5 283.1 295.5 303.6 305.2 310 314.9 323.3 334.9 349.7 364.8 379.7 393.7 405.2 415.5 424.4 429.2 435.6 445.7 453.4 459 474.6 485.5 492.1 496.1 492.6 490 491.1 492.1 494 496.6 504.5
212.5 215.4 219.2 224.1 226.6 226.2 225 226 227.1 225.9 222.9 214.6 210.6 211.6 212.2 212.6 213 214.4 215 218.1 224.6 230.7 235.3 238.6 240.7 242.9 244.7 246.2 247.6 251.3 252.9 253.3 252.6 251.8 253.5 256.1 262.4 261.3 262.8 262.8 259.8 260.4 261.8 265.1 269.6 275.5 281.3 292.2 299.9 305.7 311.7 320.4 331.1 344.2 356.8 373.1 390.8 406 419.4 432.8 443 451.5 460 467.6 476.7 482.9 488.7 495.6 500.5 503.1 503.4 500.1 496.9 495.7 497.5 500.3 504.3 515.9
210.1 214.3 217.7 221.4 225.5 227.9 227.1 225.7 226.8 227.2 224.6 217 207.5 207.5 208.1 209.1 210.6 212.6 216.6 218.7 224 228 232.7 236.1 238.7 242.1 244.9 247.1 249.6 250.8 254.3 256 256.2 254.4 256 254.7 260.2 261.7 264.8 267 267.8 266.6 268.1 269 274.6 279.7 288 295.6 303.8 310.5 320.3 332.9 346.1 360.6 376 392.9 408.8 422.3 434.9 448.8 461.1 471.5 482.4 492.5 502.1 508.7 514.6 519.4 520.8 521.6 514.6 510.7 506.8 506.2 509.1 516.2 522.4 520.5
208.2 212.8 217.4 220.3 222.4 225.6 227.1 226.5 224.9 225.4 224.9 218.6 205.5 205.3 207.9 211.3 213 214.9 216.4 218.9 222.5 226.3 230.1 234.1 238.3 242.6 246.2 248.2 250.7 253.7 253.9 256.6 258 257.8 256.6 259.4 257.6 262.8 264.9 271 271.1 273.8 275.4 277 276.8 283.6 289.7 297.1 306.7 317.1 328.7 344.6 359.7 374.8 390.8 407.6 422.1 436.6 448.6 461.7 474.1 486.2 498.9 510.9 522 530.9 538.1 542.1 542.8 540.8 535.5 527.3 525.2 521.5 524 524.9 523.4 521.8
204.6 211.2 216.4 220.8 221.6 221.4 223.4 223.1 222.4 221.3 221.8 215.9 203.3 206.4 212.2 212.8 213.3 214.6 216.6 219.9 223.1 226.3 229.1 231.3 237.3 242.9 247.1 249.6 249.9 255.3 256.3 255.6 257.7 258.8 257.9 259 259.9 261.2 266.1 268.1 272.4 276.1 279.9 283.7 285.9 282.2 286.5 293.5 304.9 321.9 335.2 352.8 368.6 384.4 399.2 416.4 431.2 446.2 458.8 471.2 483.8 497.3 511.6 524.4 536.3 546.9 554.1 558.9 561.4 561 552.4 545.2 539.9 533.2 531.2 527 524.2 521.9
205.1 211.5 215.4 219.5 222.1 220.8 216.5 210.4 204.7 204.5 209.3 207.7 202.8 210.1 216.4 216.9 217.4 215.3 217.4 221.6 225 228 230.2 228.9 236.3 241.8 246.6 250.1 251.5 254.6 256.3 255.9 256.8 258.4 259.2 259.3 261.6 263.4 265.6 271.6 271 276.8 282.8 285 288.5 289.9 285.1 288.6 295.3 311.1 333 355 370.8 387.7 403.1 418.1 433.5 449.8 463.7 476.8 489.8 502.3 517.4 530.8 543.3 554.4 564.6 571.9 576.3 576.6 568.8 558 550.3 542.1 535.2 527.8 524.6 519.1
201.6 211.3 215.7 217.8 220.9 221 209.8 196.9 203.4 207 201.8 201.1 207.6 211.4 217.8 220.5 220.8 216.4 220.4 224.5 228 231.2 233.9 235.6 231.2 239.7 247.2 251.5 254 255.2 256 256.2 256.4 257.2 258.4 259.7 261.8 264.9 263.8 273.1 273.7 276.1 282.4 282.9 286.7 292 291.3 289.9 293.2 299.6 317.5 344.1 367.6 386.6 401.5 415.8 431.7 447.2 462.1 476 490.4 501.8 515.7 529.5 541.9 554.5 565.7 575.6 585 590.6 584.7 564.9 552.5 542 534.3 528.4 517.1 505.1
194.4 209 216.5 217.3 218.3 217 201.7 196 214.7 216.3 211.5 211 212.3 210.2 213.5 218.9 222.1 219.1 225 228.2 230.7 235.4 239.6 240.8 238.2 233.4 242.7 250.5 255.3 256.3 256.3 255.5 256.5 257.1 258 259.7 261.6 264.7 266.1 269.7 276.2 272.9 279.8 284.1 282.8 290.8 300.7 292.7 291.5 294.9 305 328.4 355.7 377.5 393.6 409.6 425.4 440.1 454.1 468.7 481.3 493.8 507.1 519.9 532.8 546.3 558.4 567.1 574.9 582.5 580.6 555.9 539.7 529.6 518.5 513.8 503.8 497.2
184.9 205.3 216.2 218.2 216.1 206 189.2 201.5 216 218.3 217.1 216.3 217 217.9 216.7 213.7 221.4 219.6 223.6 227.9 232 236.5 241 243.9 244.9 241.9 238.7 239.1 250.7 254.9 255.2 254.3 255.4 257.8 259.9 263.2 263.9 264.4 266.8 264.5 272.4 276.4 279.2 284.5 282.6 288.4 297.8 299 290.5 291.4 296.8 315.5 340.4 365.2 382.5 400 415.1 430 442.5 454.8 467.7 480.4 492.9 505.6 518.2 529.9 541.5 552.6 561.3 563.7 558.1 540.2 526 515.3 509.4 504.5 499.3 494.4
