ny/ny72_OST50GRID_20230518/NY72.asc
ncols 200
nrows 200
xllcorner 370000
yllcorner 520000
cellsize 50
[rows 140 to 174 of 200, columns 78 to 155 of 200]
492.1 488.8 484.4 480 477.2 472.7 465.6 460.4 456.2 443.7 423.9 427.3 446.4 461 470.8 477.6 484.7 493.4 503.4 513.5 530.7 542.4 554.5 565.7 572.5 579.5 584.1 588.5 590.8 593.1 593.8 593.7 593.5 592.4 591.1 589.5 586.2 583 579 573.2 558 540 514.3 490.7 477.8 470.4 452.9 436.1 419.2 411.4 430.4 463.9 486.5 519.2 524 530.7 546.7 561.7 576.5 591.1 604.8 616.6 629.7 634.3 638.5 642.5 646.5 650.7 654.3 660.2 665.2 672 680.7 684.5 688 691.7 693.7 695.6
490.7 485.8 479.2 470.7 466.8 463.7 459.8 453.8 438.8 418.2 415.9 439.6 453.8 465.9 474.3 480.1 486.6 495.2 504.8 517.9 532.8 543.4 552.4 564.8 570.4 578.6 582.7 586.5 588 588.5 588.7 588.5 587.6 586.4 585.1 583.3 579.9 576.8 572.2 562.3 550 530.7 507.1 480.8 473.1 456.9 435.1 420.2 405.3 408.5 433.2 467.2 493.9 512.7 519.2 529 546.4 561.2 576.5 588.8 599.2 611.1 619 631.3 638.4 643.3 646.5 650.3 654.3 661.1 666 671.5 680 685.2 688.6 692.2 694.6 695.8
481.9 478.1 471.9 465.6 459.6 454.3 451.1 441.4 417.8 401.4 424 445.9 457.7 466.8 476.3 483 489.5 497.8 507.9 521 534.4 543.9 553 563 568.7 578.5 581.7 584.6 585.5 585.3 584.6 583.7 583.2 581.9 580.2 577.8 574.9 570.8 563.8 550.6 536.8 513.1 492.5 486.7 464.4 443.8 421.6 403.7 400.4 410.7 451.5 473.3 495.4 500.9 509.6 525.1 540.2 555.7 572.2 583.8 588.3 590.9 611.7 628.8 637.6 641.8 645.7 649.3 653.6 660.6 664.6 669.8 678.6 684.2 687.7 692.3 694.3 694.9
476.1 472.4 466.1 458.7 448.4 441 437.7 420.7 397.8 406.6 430.5 448.4 459 466.6 477.9 484.8 492.1 499.6 512.2 525.7 535.3 546.1 552.8 561.1 565.9 576.8 580.9 582.1 583.1 582.5 581.2 579.9 578.1 576.4 574.2 571.5 565.3 560.8 553.8 542.7 521.2 499.2 494.4 478.8 456.3 429.3 409.6 391.8 383.6 425.4 459.1 473.1 475.3 493.1 507 524.4 526.7 539.9 550.1 562 577.8 596.4 611.1 625.3 636.2 642.1 647.3 650.4 654.1 661.2 665.7 670 678.5 684.2 688.8 693.1 694.8 694.4
464.8 457.2 451.3 444.5 432.9 425.7 422.6 404.7 387.1 411.2 436.4 452.2 460.1 469 480.7 487.4 493.2 501.5 515.6 528.4 537.7 547.5 553.9 560.9 565.5 571.6 579 579.6 579 578.3 576.4 572.5 569.3 565.6 563.6 561 558.5 552.7 542.2 532.8 510.3 493.9 481.4 473.1 444 415.4 391.2 377 386.3 425.3 453.7 462 478.3 498.2 516.1 533.3 546.7 558.9 564.7 579.8 593.9 603.9 615.2 625.5 636.7 642.7 648.3 652.3 654.9 660.4 667.6 671.9 679 685.2 690.2 693.9 696.2 695
442.1 439.8 436.1 429.8 420.2 406.9 400.5 380.4 395.4 416.2 442.5 456.3 462.3 472.8 484 489.1 496.1 505 520.3 533.1 539.9 548 553.3 561.4 563.9 567 568.9 570.2 570.3 568.8 566.7 564.4 562.2 559.7 557.5 552.5 547.3 540.1 532.4 518.7 503.8 490.1 477.3 460.1 435.4 402.7 380.4 365.3 380.2 403.5 428.2 464.7 481.3 498.1 518.3 535.6 550 564 577.8 586.9 595 602.8 613.1 623.9 639 643.9 649 653.1 656.7 661.3 668.3 672.9 678.6 685.7 690.9 694.5 697.5 696.7
419.8 416 412.2 408.5 402.4 392 375.6 383.4 404.2 424.5 445.3 459.4 467.1 478.6 487.8 490.7 496.6 510.4 525.3 537.7 540.9 547.9 553.4 560.1 562 562.6 563.9 563.7 563.8 563 561.7 559.3 556.2 551.4 548 543.1 536.3 526.3 516.2 503.2 491.2 483.1 474 453.4 422.6 395.9 373.5 361.7 379.7 415 446.4 471.2 485.2 498.4 516.8 537.2 550.9 566.1 578.1 588 595.7 601.6 609.2 620.6 638.1 645.5 649.8 653.1 657.6 661.6 668 673.2 678.5 686.1 691.4 697.1 698.7 697.4
401.1 397.2 394.3 390.3 383.9 369 370.4 389.7 408.5 424 441.2 458.4 471.7 481.3 491.2 492.1 499.3 514.4 529.1 540.1 544.2 547.2 554.1 559.7 559.2 558.3 558.2 558.4 557.9 556 553.9 549.8 547.2 544.1 538.4 529.1 520.5 512.4 502.9 490.6 481.2 475.6 458.5 433 402.1 374.5 362.2 357.9 387.4 426.7 458.8 479.5 484.9 502.1 516.4 532.5 548.7 564.2 577.1 585.5 594.4 602.6 608.5 621.5 637.7 645.9 649.9 653.9 658.4 662.2 667.2 672.7 678.5 685.7 691.5 697.8 698.9 698.2
384.1 381 377.2 372.6 362.3 363.3 383.3 400.6 418.6 439.4 457.9 467.2 474.5 485.2 492.3 495.5 502.2 518.7 531 543.4 545.8 550.4 552.2 554 554.2 553.9 553.1 552.1 551.8 550.6 547.7 543.2 539.9 534.3 525.2 516.1 506.2 498.4 491.5 481.2 472.5 456.1 432.7 405.4 380.1 356.6 352.3 365.6 395.6 432.7 461.2 481.8 485.7 502.8 509.5 527.8 547.7 562.5 574.6 585.1 593.1 601.9 608.6 620.2 633.8 646.5 650.4 654.2 658.4 662.6 667 672.8 678.1 684.2 690.5 695.9 699.4 700.9
364.3 361.7 357.7 348.7 356.3 378.6 396.1 413.3 434 457 467.8 472.6 480.4 489 492.8 497.8 505.8 525 535.5 545.2 546.5 550.2 550.7 551.3 550.6 549.6 548.4 547.4 544.8 541.3 538.8 535.1 529.4 520.2 513.7 500 493.2 487.7 479.4 465.4 456 432.3 402.9 380.6 358.5 347.9 362.6 369.9 401 432 454.9 478.3 484.6 500.3 513.1 525.4 542.6 560.4 573.8 584.3 592.4 599.9 607.8 619.6 632.8 647.1 650.1 653.4 657.9 661.8 667.5 672.4 677.8 683 688.3 694.5 698.1 702
348 345.5 339.4 354.1 376.4 393.5 410.5 429.7 455.8 467.7 472.3 478 484.7 490.2 494 499.3 509.9 528.5 538.1 546.6 545.9 546.7 546.6 546.1 545.3 543.2 540.6 538.3 536.6 533.9 528.1 522.7 517.4 508.8 498 494 485.1 467.1 442.9 436.5 422.6 404.1 380.3 358.9 344.9 347.6 361.2 377.9 394 418 437 465.6 483.8 489.6 514.2 524.2 542.5 558.9 572.3 584.2 592.3 601.7 609.4 619.1 633.5 645.6 648.9 652.9 657 660.6 666.2 671.1 676.3 682.2 686.2 691.4 697 700.3
333.8 333.9 351.8 371.9 392 407.7 425.6 452 466.1 472.7 475.6 484.2 489.7 492.4 495.4 502.3 516.4 527.7 539.4 545.3 546 545.4 543.9 542.2 540.2 537.5 534.3 531.6 527.4 520.8 516.7 510.5 502.3 496.2 489.1 482.3 460.5 424.2 416.8 403.6 394.9 378.8 355.6 340.7 342.4 354.7 372.5 393.6 415.1 441.6 458.6 470.5 482.5 492.3 510.4 523.5 544.2 559.8 569.5 582.1 592.8 602.5 610.8 618.2 630.6 643.8 647.5 651.9 655.6 658.3 663.1 669.4 674.2 679.9 685.2 689.2 694.2 699
335.4 349.5 366.6 385.9 401.3 419.2 440.1 466.1 472.8 476.2 480 490.1 494.1 495.1 497.5 505.6 522.6 529.1 536 543.3 544.2 543.9 541.8 538 533.8 530.6 523.9 519.7 515.7 511 504.2 497.6 491.4 486.8 481.2 455.6 428.2 417.7 405.3 389 373.6 354.6 338.5 339.6 348.2 375.4 400.1 421.1 441.6 462.7 479.4 484.3 490.2 505.5 517 533.7 547.5 561.9 572.5 583.5 592.8 602.9 611.2 619.7 632.1 642.1 645.9 650.8 654.4 657 660.1 665.8 671.7 678.4 683.4 686.7 691.5 696.7
345.4 359.3 377.3 395.8 411.5 427.4 455 470 476.5 479.9 485.1 493.8 496.7 496.3 498.4 510.1 526.1 529.3 534.6 538.4 535.1 531.7 529.5 525.9 522.9 519.3 516.6 513 506.8 501.5 493.3 489.1 485.6 480.6 457.1 415.8 415.5 407.9 396.7 375.4 355.5 344.2 337.7 351.2 375.4 398.7 422.4 449.6 471.1 484.4 489.5 494.7 499.8 517 524.9 540.3 551.8 564.4 575.5 583.6 594.7 603.3 612.3 621.3 632.1 640.6 645.1 650.5 653.8 656.5 659.8 666.2 672.3 677.5 682 686 689.5 694.3
355.1 370.9 389.9 405.1 419.8 435.5 465.5 474.6 480.2 483 488.2 496.6 499 498.7 499.4 508.5 522.7 526.7 528.1 526.6 525.2 523.2 518.9 519.7 515.2 510.7 506.8 502.8 496.5 491.4 487 485.1 481 458.4 417.2 401.2 400.2 382.6 369.2 350.7 342 334 348.3 372 393.5 415.5 449.8 465.6 482.3 491.6 495.1 498.7 514.7 524.8 536 551.6 562.3 569.4 577.6 588 597 605.2 614.7 622.4 633.8 642.8 646.4 650.4 653.3 656.2 661.9 668 673 676.8 680 685.4 689 693.3
364.8 379.8 397.7 412 424.7 436.6 466.5 480 481.8 485.2 490.8 498.7 500.7 501.1 500.5 504 513.2 520.2 522.8 522.5 518.8 515.4 512.4 509.5 505.7 500.7 496.2 492.8 490 486.7 483.1 476.1 466.1 444.7 408.4 391.4 376.3 364.5 352.4 334.6 332.2 346.6 366.7 387.7 415.8 441.1 470 481.5 492 496.3 500.9 514.4 527.3 534.8 550.8 563.7 571.6 579.4 583.6 593.4 600.5 606.1 616.3 628.3 637.7 643.7 646.9 649.8 652.2 656 662.1 668.2 672 676.2 681.7 684.3 687 691.4
371.9 383.2 400 415.1 427.4 437.2 459.3 484.4 485.9 489.4 495.5 500.3 501.9 502.6 501.9 502.2 504.6 506.9 507.1 507.4 506.9 505.6 501.8 499 495.4 491.8 490 489.3 487.4 483.7 474.9 465.2 443.2 417.5 397.5 385.1 358.6 349.9 335.2 325.3 344.3 370.1 388.9 401.7 423 460.7 478.7 488.9 496.7 502 512.1 528 544.2 556.2 565.8 571.7 580.8 587.2 593.6 598.2 602.9 609.2 620.8 632 638.5 643.5 646.8 649.2 651.4 657.2 664.2 668.4 671.3 676.1 681.7 684.4 687.2 691.5
376.9 387.9 398.9 414.8 427.4 436.9 452 482.6 488.5 492.7 498.5 503.8 503.8 503.5 503.3 501.8 501.8 502.1 502.1 501 499.5 498.2 495.5 493.2 492.8 490.3 487.6 486.2 482.5 474.5 466.2 445.3 414.9 393.8 372 351.3 339.8 334.3 323.4 341.1 364.3 387.7 401.8 422.2 453.5 474.8 484.8 492.7 500.5 509.7 524.7 542 556.9 566.4 571.2 579.8 588 592.7 600.3 602.9 606.4 609.1 624.1 635.3 637.9 642 645.7 648.3 650.5 657.4 665 667.9 671 674.7 680.5 683.3 685.2 690.9
376.1 385.6 394.6 403.9 420.7 430.3 440.5 459.4 486.5 492.6 496 499.3 503.8 504.5 503 502.7 501.6 500.1 499.5 498.8 497.8 495.4 493.9 492.4 490.9 488.8 485.3 479.2 472.4 466 452.5 414.2 394.4 367.9 347.1 327.4 321.3 319.7 337.7 362.1 386.9 407.2 422.7 450 464 474.7 490.4 497.9 507 522 537.4 551.7 564.7 570.6 576.9 586.2 591.7 598.5 603.3 606.5 610.7 614.6 626 633.4 637 639.6 643.8 646.8 651.2 658.9 664.5 668 670.6 674 678.6 681.5 683 690.4
369.3 378.1 384.6 391.3 405.8 419.2 429.7 441.1 460.7 484.9 490.4 494.7 496.3 498.4 500.4 501.9 501.6 500.3 499.4 497.4 496.6 493.7 492.1 489.8 486.6 483.7 477.6 470 462.8 450.2 419.9 398.1 378.8 349.5 333.2 315.3 317.8 333.6 358.4 382.1 404.8 427.7 449.9 464.9 478.7 486.3 495.1 502.2 514.9 530.3 544.8 559.5 570.2 574.5 581.3 591.7 596.8 603.3 607.4 611.7 618.1 623.9 627.8 633.4 635.9 638.1 642.3 646.9 654.2 661 664.9 668.4 670.9 673 676.8 680.3 683.4 689.4
358.8 366.4 371.7 378.8 388.6 405.6 417.2 425.8 437.9 456.2 476.8 489.2 491 492.2 493.6 495.1 496 497.1 496 495.5 493.2 491.4 488 484.7 479.9 474.4 469.5 462.3 447.3 419.4 397.7 375.6 355.2 341.6 318.3 313.4 327 350.4 377.3 401 425.1 448.9 465.2 476.9 483.7 490.8 498.6 507.3 522.5 536.4 549.2 564.8 572.4 577.9 585.7 595.5 602.4 607.7 611.6 618.6 625.7 628 632.2 635.4 637.1 637.8 642.1 647.4 656.1 661.7 665.1 668.3 670.9 672.6 675.3 678.3 681.2 688.2
347.5 353.1 358.1 363.6 371.4 386.5 399.6 411.6 422 434 448.3 466.3 482 486.5 487.6 488.3 487.7 488 487.2 486.3 486.8 484.1 481.5 477.9 472 470.4 465 449.8 417.6 401.8 376.8 357.9 344.2 325.5 310.7 319.5 342.2 368.6 394 417.8 445.1 463.3 473.6 480.8 490.3 494.5 503.3 514.1 529.2 543.3 555.1 568.1 573.6 579.7 588.2 597.9 605.4 611.2 619.7 626.6 628.4 633.2 637.6 639.5 641.1 638.6 642 647.8 655.6 661.2 664.1 667.5 670 671.6 674.2 677 679.8 686.1
334.3 339.9 345 350.9 357.7 366.5 378.5 392.5 404.1 416.5 427.2 440.1 455.7 471.3 478.9 481.8 482 481.8 482 481 480.3 478.9 475.4 473 468.5 460.6 440.2 416.4 400 383.3 359.6 348 328 307.8 312.3 332.6 357.8 384.1 410.1 436.1 458 468 479.6 483.1 493.1 499.1 509.9 523.1 538.3 545.6 556.7 567 574.8 580.3 590.9 598.9 605 613.9 627.7 628.4 633.2 637.6 640.8 641.4 641.1 640.1 641.8 645.3 650.5 656.9 662.2 665.4 668.5 670.4 672.7 674.9 677.4 682.8
320.8 328.5 334.1 338.3 344.5 350.6 358.9 369.7 383.7 396.7 409.3 419 431.4 444.5 456.2 466.4 473.8 477.7 478.2 477.5 475.3 473 470.7 466.5 444.8 428.9 412.5 389.7 375.3 360 339.9 331.4 312.8 308.2 324.2 347.2 372.9 397 423.3 453.2 463.7 475.3 480.9 485 494.2 502 513.2 525.4 540.4 548.5 560 566.8 574 581.1 591.7 598.9 607 614.8 623 629.6 635.5 639.6 640.3 640.2 638.9 638.5 641.6 642.5 644.2 650.5 657.4 662.7 666.4 668.9 671 673 675.1 678.9
311.9 322.3 328.6 332.1 335.4 339.5 344.5 352.1 362.4 374.9 388.3 403.1 413.7 424.3 433.6 446.8 455.6 461.5 466.8 471.6 470.3 465.4 454.1 427.5 415.6 401.8 384.9 369.3 358.2 345.3 327.8 320 304.3 314.9 336.1 359.2 383 406.8 433.5 455.7 466.8 479.5 482.4 486.6 495.3 506.1 517.4 531.8 540.5 549.7 561.4 569.4 573.6 580.4 591.4 597.3 604.5 610.6 617.3 625.6 635.9 639.1 635.9 633.1 634 637 638.6 638.9 641 642.4 650.2 658.1 663.7 666.4 669.1 671.6 673.4 674.9
307.1 318.9 324.3 327.1 328.9 331 334.7 340 346.6 355 367.8 382.3 396.5 408.6 418.3 426.5 434.3 440.6 447.6 451.5 448.1 442.3 433.1 409.9 403.9 392.4 373.9 358.8 347.3 331.3 322.7 310.8 302.5 325.8 351.2 372 388.7 411.3 440.5 455 468.4 479.2 482.9 488.4 496.3 507 523.1 536.2 542.4 549.6 561.7 570.2 574.6 580.4 590.5 596 600.7 605 609.6 614.9 626.5 632.6 631.4 628.5 628.8 630.8 634.4 636.4 637.9 640.4 643 651.6 657.3 663.3 665.7 667.8 671 671.1
303.7 314.8 318.8 321.7 323.9 325.5 328.3 331.2 334.8 339.4 346.1 358.1 373.9 387.9 398.6 406.3 411.6 417.2 422.7 425.5 425.3 420.8 413.8 400.1 390.3 372.1 360.7 339.6 334.6 325.3 315.6 300.4 313.2 339.9 363.6 381.3 400.3 422.4 447.5 456.7 472.1 479.3 482.9 488.1 497.8 507.3 523 535.3 542.6 550 558.3 570.1 574.2 578 585.2 592.7 598.2 601.5 604 608.3 611.6 619 621.2 621.8 622.6 627.2 628.9 632.5 635.8 638.5 641.3 645.4 651 655.5 659.4 662.7 666.5 668.3
299.1 308.9 312.2 314.2 317.2 318.9 321.8 323.8 326.2 328.8 334.2 339.8 349.2 361 372.9 380.7 386.5 393.2 399.2 404.1 403.3 400.9 392.2 371.8 363.6 350.7 334.8 328.7 319.6 312.3 303.5 303.3 325.6 352.6 371 391.1 413.3 438.1 452.2 459.9 474.4 480.5 483 486.1 497.5 508 522.5 534.7 543.6 550.3 556.1 567.4 573.9 577.3 581.9 587.9 594.9 599.1 600.4 602.3 605.3 608.4 611.3 613.1 615.9 620.8 624.8 628 633.1 636.8 640.6 642.7 645 649 651.7 653 657.4 662.5
295 304.7 306.6 307.9 310.5 312.7 315.2 316.8 318.8 321.6 324.9 327.8 331.9 336.5 345.7 354.1 360.6 366.7 371.7 377.1 379.8 377.3 368.1 351.9 347.3 340.8 336 333.4 321.3 301.4 297.1 315.3 338.7 357.5 375.2 397.1 420.4 446.3 454 459.1 470.8 478.9 482.9 486.1 499.6 508.7 521.2 531.3 542 548.8 552.1 560.3 571.8 576.1 579.2 583.4 590.7 596 598.4 598.9 599.9 603 605.1 607 608.7 613.5 617.9 624 627.4 630.8 634.2 639.4 641.5 643 644.1 648 652.1 656.1
294.1 298 300.7 302.1 304.5 305.6 308.5 310.7 312.9 314.7 315.8 318.9 322 324.3 328 333.6 339.2 343.5 348 353.2 356 353.2 344 339.3 336.7 330.6 320.7 312.8 301.8 296.6 308.3 323.7 342.9 356 373 391.6 417.6 439.5 451.3 458.8 467.6 475.8 481.9 484.9 492.1 506.4 519 526.8 537.1 544 549.8 554.8 563.6 572.4 575.3 578.1 583.8 590.6 594.5 596.8 596.8 597.5 600.3 602.8 604.3 607.7 612.6 618.6 621.9 625.4 628.3 630.7 635.4 639.7 642.3 643.9 647.7 651
290.3 291.9 294.2 296.6 298.7 300.2 303 305.2 306.6 308.1 309.2 310.8 312.9 316.4 320.8 324.3 326.9 329.4 332.8 334 334.6 332.7 330.2 331.2 324.8 312 300.3 293.5 294.9 301.8 314.9 326.9 337.3 348 365.5 385.1 406.2 425.2 443.3 457.6 466.3 474.7 480.5 483.6 490 503.8 513.5 521.4 529.6 540.4 545 550.4 555.2 563.6 570.3 572.7 576.3 583.4 589.7 591.4 593.4 594.4 596 598.2 600.4 603.6 608.4 613 616.3 620.3 625.1 627.7 628.9 632.1 636.5 641 644.2 648.3
286.2 288.4 290.2 292.3 293.9 295 297.2 298.4 300.2 301.6 302.5 303.6 305.4 307.9 311.7 315.9 318.9 321.4 322.7 323.1 324.3 322.2 320.6 317.8 307.5 295.3 287.8 291.4 295.9 299.8 302.3 312.9 327.9 340.7 355.2 376.2 398.4 416.1 433.7 455.4 464.8 470.6 477.2 483.1 488.3 499 507.7 518.9 526.2 536.8 540.6 545.3 550.4 554.8 560.7 567 571.2 575.8 583.4 587.7 588.6 591 593.1 593.7 596.6 601 604.4 608.4 612.2 617.6 621.4 623.8 625.6 629.3 633.2 639.8 642.4 646.3
279 282.6 284.8 287.7 288 289.1 290.7 292.1 294 295.3 296.4 298.2 300.1 301.1 304 306.3 310.3 313 313.9 315.4 314.7 312.6 308.3 300.4 290.6 285.5 289.6 295.7 308 316.8 323.3 315.7 314.7 328.5 344.1 363.8 389.8 413.7 430.1 451.1 462.9 469.5 479.4 483.2 484.9 493.2 504 513.5 520.5 531.5 534.8 539.1 545.7 551.4 553.4 558.3 565.2 569 575.5 582.5 585.1 586.4 588 590.7 594.1 596.9 600.6 604.2 607.7 612.7 616.8 619.2 624.1 630.1 636.1 642.5 643.9 646.7
275 275.9 277.9 280.6 281.4 282.9 284.5 286.3 287.9 289.3 291.1 292.8 294.4 295.2 296.3 297.9 301.5 303.6 304.4 303.8 302.1 294.6 287.8 283.5 282.7 288 296.8 307.5 320.3 332.6 336.1 332.3 312.6 317.4 335.7 356 380.7 406.8 428.1 449.9 462.2 468.7 475.8 482.4 485.1 490.9 499.8 509.3 516.1 524 531.1 534.6 540.5 549.9 550.4 553.5 558.1 564.2 568.5 574.4 580 581.8 584.9 590.4 592.4 594.4 596.5 599.8 603.1 607.2 611.7 617 621.9 627.9 635.1 643.1 646.7 647.2
271 270.6 271.4 273.5 274.9 276.4 278.1 280.5 282.5 284.1 285.5 286.8 288.2 289.6 290.1 292 293.4 294.9 293.9 289.6 284.2 279.5 279.4 280 286.4 297.8 308.8 325.9 330.1 338.5 347.4 343.8 328 318.7 321.3 349.6 374.4 400.5 424.6 445.3 461.6 468.1 474.8 481.2 484.3 487.3 495.2 505 512.4 517.7 524.6 530.7 536.1 544 546.6 549.1 553.9 559.6 564.8 568.4 573.1 574.9 580.2 584.8 589.5 591 592.1 594.6 596.4 603.6 610.7 615.9 620 625.5 631.9 639.3 646.2 648.7
