ny/ny72_OST50GRID_20230518/NY72.asc
ncols 200
nrows 200
xllcorner 370000
yllcorner 520000
cellsize 50
[rows 105 to 139 of 200, columns 78 to 155 of 200]
552.7 564.1 572.4 579.3 583.8 590.8 597.3 603 610.1 615.7 620.8 625 629.2 631 623.1 607.8 630.6 639.6 642.3 645.8 650 654 657.3 660 663.1 667 670 670.8 669.9 668.2 665.7 663.3 661.8 661.1 659.4 658.6 657.5 654.4 652.5 650 647.1 641.5 635.3 631.9 629 624.1 622 621.3 619.7 615.2 609.5 604.5 601.2 598.9 595.7 594.4 591.9 589.2 585.2 579.9 586.7 587.9 588.1 587.7 586.3 584.7 583.4 583.6 583.5 582.7 582 582 580.3 581.1 581.3 582.2 580.4 583.6
554.3 563.1 569 576.6 580.6 587.2 593.8 599.1 606.4 612.2 618.9 620.5 621.7 619.4 602.3 614.7 632.7 640 641.9 644.4 648.5 652.7 656.2 658.7 661.3 666.1 670.5 673.1 672.6 670.4 667.9 665.8 664 662.8 661.6 660.2 657.5 654.3 652.4 650.9 648.3 644.9 640.1 637 633 627.5 623.4 621.5 619.4 617.9 614.5 609.5 605 600.5 598 595.5 592.6 590.3 586.8 587 589.9 590.4 591.2 590.6 589.4 587.3 586.4 586.3 585.7 585.9 585.2 584.8 583.4 584.3 585.2 586.1 584.6 588.1
554.3 562.3 566.4 572.1 577.9 584 589.9 594.6 600.9 607.4 613.8 616.3 614.1 602.1 596.7 621.7 631.4 638.1 640 642.5 646.1 650.3 654.6 657.3 659.9 664.7 669.4 673.1 673.8 672.6 670.8 668.8 666.5 664.3 664.5 662.8 660.7 656.3 653 650.7 649.2 647.8 644 641.6 638 633.5 627.9 622.9 620.3 618.1 615.1 612.2 607.6 603.6 600.4 596.7 593.3 590.2 585.9 589.3 592.3 593 593.6 592.8 591.5 590.1 590.4 589.8 590.3 590.1 589.4 588 587 588 589.3 589.9 590 591.8
551.3 559.4 564 567.2 572.4 578.2 584.1 589.9 594.2 601 606.4 608.1 600.7 586.8 603.2 624.5 630.8 635 637.9 639.9 642.3 647.4 652.3 655.6 658.7 662.4 666.9 671.1 672.8 672.4 672.1 671.4 668.8 668.1 667.6 666.4 663.7 660.5 654.5 652.3 649.7 648.8 647.2 644.5 641.4 636.8 631.2 626.6 621.6 618.1 615.5 611.5 609.3 606.1 601.9 598.2 593.8 589.8 592.2 593.2 592.7 593.3 594.8 594.4 594.7 593.9 594.7 595 595 593.9 593.7 593.2 592.6 592 593.7 594.4 595 593.5
544.4 552.6 558.9 562.2 565.4 571.9 577.7 584.3 589.3 593.6 596.8 595.4 582.8 590.5 609.8 623 628 630.7 634.9 637.6 640.1 642.8 648.8 653.9 657.4 659.9 664.2 668.5 671.6 672.2 671.7 671.7 670.2 669.9 669 668.2 666.5 663.4 661.1 656.9 652.9 649.7 647.6 645.8 643.4 640.4 636.9 633.5 627.3 620.7 617.3 614.6 611.5 606.5 602.6 598.9 593.5 593 593.1 594.5 595.5 595.5 596.9 597.2 598.4 598.1 598.3 599 598.6 597.8 596.9 596.1 595.4 594.8 596.6 597.7 598.4 597.4
535.7 543.3 550 556.6 559.6 564.8 571.5 576.3 582.7 585.5 582.4 576.1 578.5 598.4 613.1 620.7 625.9 627.7 632.1 636.2 637.9 640.7 645 651.1 655 657.1 660.4 665.9 669.7 671.6 672.1 670.8 669.4 669.9 668.4 667.3 667.2 665.9 663.7 660.9 656.5 653.2 648.7 646.1 644 640.2 638.8 634.7 629 623.1 618.4 614.5 610.8 606.6 602.9 598.4 594.5 597.6 596.7 596.6 598 598.7 599.7 601.2 602.5 602.9 605.2 605.3 604.7 602.7 600.7 599.7 598 597.8 599.1 601.3 602.5 602.9
527.9 534.3 540.9 547.5 553.3 559.8 565.8 570.1 575.7 571.1 559.2 560.2 586.3 603 612 618.8 623.6 626.5 628.9 632.5 636.2 638.8 643.9 649 653 655 657.7 662.2 666.7 669.2 671.3 670.6 668.7 668 667.4 667.2 667.9 667.5 665.6 662.4 659 654.6 650.7 647.6 644.4 641.8 639.8 634.4 627 624.4 616 611 607.8 604.8 601.4 599.8 599.6 602.2 603.1 601.5 601 602.1 603.3 605.6 607.8 608.8 611.1 611.1 609.7 607 604.9 603.5 598.9 602.3 602.9 604.5 605.4 605.8
515.2 525.1 530.1 536 543.1 550.8 558.1 563.9 560.8 543.8 547.4 574.9 591.2 601.6 610.1 616.3 621.5 625.6 626.8 630.2 634.4 638.4 642.4 647.4 651.7 654.1 656.7 660.5 664 667.4 670.2 669 668.7 668.3 669.3 669.7 670.3 668.8 667.2 663.7 660.4 657.5 651.6 648.6 646.3 644.2 640.8 634.1 627.3 624.5 616.5 607 602.9 601.2 599.2 599 600 603 609 606.7 605.4 605.4 607 607.7 610.5 613.2 615.4 616.3 614.6 610.8 608.7 606.6 606 606.9 606.5 607 607.8 607.9
504.1 510.1 518 525.2 530.3 537.6 544.4 545.1 532.9 524.5 554.4 577.5 590.2 598.8 607.6 614.5 619.9 623.7 626.1 629.3 635 639.4 643.8 648.2 651.5 654.2 656.3 659.4 663.2 666.7 668.7 668.2 668.3 669.3 670.7 671.3 672 670.9 669.3 667.3 664 659.6 654.2 650.7 647.9 645.8 643 633.4 628.2 622.8 612.9 602.3 596.5 594.9 596.1 596.2 599.7 601.9 609.6 611.3 608.6 608.6 610.2 611.4 611.8 613.2 616.9 620.3 620.7 617.8 611.9 608.1 608.1 608.6 609.5 610 610.5 608.9
493.6 497.2 503 508.4 511 519.9 522.4 516.6 505.3 530.5 553.1 573.9 584.9 596.5 606.3 614.6 618.9 622.1 624.9 629.4 634.8 639.3 644.3 647.7 650.3 653 655 657.9 662.6 666.8 667 667.9 668.9 669.1 669.7 670.6 671.9 672 670.8 668.5 666.4 662.6 656.7 652.6 649.1 646 643.1 634.3 625.9 619 610.3 597.3 586.3 582.9 591.2 594.6 599.4 603.5 609 610.9 611 610.9 614.2 615.5 615.1 615.4 620 619.5 619.3 618.4 615.4 613.5 610.7 611.9 612.1 614.1 614.1 613.7
485.7 488.3 491.3 493.5 492.9 495.7 494.8 487.9 503.4 529.9 547.7 569.6 586.7 600.2 608.8 614.5 618.2 621.2 624.2 627.6 632.9 638.9 644 646.2 648.8 651.9 654.2 655.7 661.2 664.5 666.2 667.8 668.5 669.1 670.5 671.4 672.6 672.5 672 670.5 668.2 665 659.2 654.7 650.6 646.6 642.2 635.5 627.5 615.8 608 594 577.5 572.5 586.7 595.3 601.4 607.3 610.8 612 614.5 616.1 618.2 618.9 617.6 617.5 619.2 620 619.5 618.9 617.9 617.6 617.4 616.4 616 618.6 618.7 618
479.7 478.6 480.1 480 477.3 472.1 477.1 498.3 519.5 540.1 562.4 579.2 589.9 599.8 609.3 613.9 617.8 622 624.8 626.9 631.7 637.4 642.4 645.4 647.2 649.8 651.5 652.8 655.9 660.7 666 667.3 666.9 669.5 671.5 672 672.7 673.2 672.7 671.4 669.4 666.7 662.5 656.7 651.9 647.1 643.4 636.5 627.9 612.9 604.6 590.1 571.4 567.1 584.8 593.2 604.5 611.3 613.2 616 619.6 621.8 621.7 621.8 620.6 619.7 619.8 619.9 620.3 620.3 620.6 621.1 621.7 620.8 621.3 621 620.9 621
462.5 458.7 455.2 447.9 459.8 476.8 491 509.2 529.6 551.1 571.4 583.2 592.4 600.8 612.1 615.2 618.7 622.7 625.3 626.8 630.2 635.7 640.1 643.1 645.1 646.9 648.7 650.2 652.7 657.9 663.3 665 665.5 667.9 670 671.1 672 672.9 673.1 672.1 670.2 667.7 664.2 659.6 653.3 647.4 644.4 637.8 625.5 604.8 598.4 583.2 566.2 563.6 579.5 593.7 606.4 615 618.7 620.3 623.4 625.1 625.2 624.2 623.3 623.2 623.5 622.4 621.8 622.3 621.7 622.4 623.5 623 623 622.5 623.2 623.9
435.6 429.8 443.1 461.6 482.7 492 498.3 520.1 541.9 560 575 585.9 594.2 604.3 613.3 615.7 619.8 622.4 624.2 625.4 627.8 632.2 637 640.5 642.4 644.8 646.9 648.7 651.9 655.3 660.6 662.6 663.7 666.6 668.1 669.6 670.7 672.5 673.2 671.8 670.3 668.2 665.1 661.2 655.3 648.3 645 638 622 601.2 593 577.1 560.2 562.8 578 592.2 607.5 616.9 622.7 623.9 626.9 629.8 629.5 629.7 628.3 628.2 627 627.7 627.2 625.3 623.8 624.3 625.2 625.1 624.9 624.4 624.8 625.6
427.2 448.9 464.2 479.6 495.2 496.6 510.1 532.4 548.7 564.3 576.9 587.2 596 605.8 613.6 616.5 620 621.7 622.1 622.8 623.7 626.6 632 637.4 639.2 641.5 644 647.2 650.6 653.3 655.1 659.8 663.2 664.9 666 667.7 668.9 670.8 672.6 671.1 669.5 667.6 664.8 661.8 656.2 649.3 644.4 634.5 615.2 598.5 585.6 570.1 551.7 559.1 573.4 588.9 607.5 617.1 623.6 626.2 630.2 631.6 633 634.4 633.5 631.9 630.5 631 631.2 629.2 627.6 627.5 627.2 627.4 627.7 627.3 626.9 628.3
455 466 479.1 489 497.6 501.3 518.3 537.9 556.5 567.4 579.1 588.7 596.5 605.1 612.5 617.8 619.2 619.5 619.5 619.3 620.4 622.3 626.2 631.1 634.9 636.6 640.8 643.6 647.9 650.3 652.8 656.8 660.4 663.1 664.4 665.9 667 668.1 669 668.8 667.8 666.2 664 661.6 656 648 641.1 619.2 601.9 590.5 577.1 563.4 540.7 559.7 570.3 588.4 607.7 616 621.9 624.6 630.2 632.6 635.4 636.3 635.9 635.2 634.8 634.4 633.7 632.4 631.2 631 630.9 630.8 629.9 630.4 631.1 632.2
464.9 472.6 482.5 491.5 498.5 505.4 524.3 544.1 559.5 569.1 579.8 588.1 596.8 603.5 608.6 613.8 615.8 616.1 615.2 615.2 616.5 619.9 623.8 626.5 628.4 634.2 637.5 641.1 645 647.9 650.3 653.8 657.2 659.2 662.3 663.8 664.8 665.7 666.4 665.9 665.7 664.1 662.5 660.2 655.3 645.4 626.1 604.2 587.6 579.9 568.3 551 535.9 560 569.1 590.3 612.4 618.2 621.7 623.5 629 632.6 634.3 635.9 636.2 636.3 637 636.9 635.9 634.7 633.6 634.1 633.7 633.7 633.5 633.5 634.1 634.6
469.2 477.8 485.2 492.5 500.5 515.3 527.3 549.8 560.5 570.6 578.7 588.1 595.9 601.2 605.2 606.7 608.1 608.7 610 612.7 614.9 618 620.5 623.5 626.8 631.2 634.9 639.3 642.4 645.2 647.7 650.6 650.6 654.6 659.3 661.5 662.8 663.4 663.9 663.3 662.4 661.6 660.5 657.9 652.3 633.9 608.5 589.7 575.7 570.3 561.1 539.2 543.2 560.7 571 592.1 615.4 621.5 621.3 622.5 630.5 631.4 632.4 633.2 635 636.7 637.4 638.3 636.9 637 636.4 637.1 637 637.4 637.5 639.4 638.6 638.7
473.5 481.2 486.2 491.9 505.6 522.4 535.6 550.4 562.8 569.1 579.2 587.5 594.6 598.8 602.3 603.8 604.4 605.3 608 609.4 611.8 614.1 616.8 621.6 625.8 627.9 631.7 636.3 640.2 642.4 645.6 647.3 648.3 648.2 654.4 657.8 660.4 661.6 662 661.4 659.9 659.2 658.2 653.5 644.1 618.3 594.4 576.4 566.3 563 547.9 527.5 546 559.6 572 591.3 613.9 620.6 622.2 625.1 629.2 630.6 631.4 632.5 634.7 636.4 638.7 640.4 640.4 641.2 641 641.3 640.8 641.4 640.7 643.5 643.8 643.1
481.7 485.6 488.9 498.7 515.9 530.2 541.1 553.6 563.8 568.8 577.6 586 593.2 596.1 598.5 600.6 601.6 603.6 605.7 606.3 606.9 608.9 613.6 618.6 622.8 625.9 628.7 633.3 637.6 640.8 642.5 644.5 646.5 647.4 649.2 652.4 655.2 658 659.7 658.4 659 657.3 653.8 646.4 630.4 604.1 582.3 566.4 559.2 556.8 536.8 525.6 548.8 558.4 571.6 587.4 606.1 614.2 621.1 625 628.1 629.9 630.9 633.3 635.5 637.6 640.7 644.4 647.2 649.4 648.3 649.7 648.8 648.9 648.9 648.6 649.4 649.1
484.3 487.1 493.8 509.9 525.3 537.7 547.7 555.6 564.6 569.6 576.8 584.6 591.6 594.5 595.9 596.7 598.2 600.4 602.3 602.7 602.8 604.9 609.2 614.7 619.3 622.7 626.6 629.5 634.7 638 639.9 641.6 643.5 645.4 646 644.8 646.8 652.2 654.6 655.6 654.7 652 646.8 639.4 615.3 591.7 572.6 559.8 555.4 542.1 520.1 530.9 546.6 556.4 568 580.8 592.2 605.9 618.3 622.7 626.1 628.3 631.2 634 636.8 639 644 648 650.5 653.2 654.2 655.3 654.8 654.1 654.9 655.3 655.1 655.6
485.7 489.1 498.6 515.4 532.6 542.6 550.5 557.4 565.3 571.2 575.3 583.4 588.8 591.9 592.6 592.7 593.9 595.1 595.1 597.3 600.2 602.5 605.7 609.9 615.7 619.5 623.2 625.5 630.5 634.7 637.1 638.7 639.8 641.1 642.8 643.8 645.2 646.8 646.9 646.4 644.7 643.9 641.2 631.5 602.4 580.2 562.5 555.8 547.3 528.2 501.4 529.3 542.2 554.6 565 571 580 597 611.6 619.5 622.8 625.9 630.7 635.4 637.5 640.2 645.5 650.6 655 659.5 657.5 657.4 658 657.9 658.3 658.9 660.3 661.4
488.2 495.2 506.3 523.9 539.4 546 553 561 568.7 570.8 573.9 579.7 583.2 584.4 585.4 586.1 587.6 588.7 588.3 592.4 597.2 600.6 603 606.6 611.5 616.4 619.8 622.3 624.9 630 633.8 636 636.6 638.2 639.3 640.1 641.3 642.4 642.4 641.6 642 641.1 636.5 619.4 593 573.1 558.9 551.1 535 510.7 490.5 522.5 536.3 551.1 560.7 565.2 575.2 590.3 603.5 615.5 617.9 623.8 628.8 634.3 636.7 640.2 646.3 653.7 660.9 663.3 662.6 662.7 662.6 664.2 665.1 666.4 667.8 670.5
492.5 504.3 520.3 533.8 541.5 548.9 553.7 563.4 568.1 569.8 572 574.4 576.9 578.4 579.8 578.1 576.2 580.5 583.6 589.1 593.3 597.6 600.7 603.5 607.8 612.2 616.5 619.6 621.6 625.5 629.5 632.8 633.7 635.6 635.9 636.6 637.5 637.7 637.8 638.7 639.6 638.7 633.3 616.1 588.7 567.5 555.2 542.8 518.2 491.4 485.5 512.1 528.7 544.8 555.2 561.9 573 584.2 597 607.1 614.5 621.7 626.6 631.7 635.1 640.4 647.7 655.4 661 664.3 664.2 664.5 665.2 666.7 670 673.7 676.8 679.6
498.6 509.8 527.2 539.4 544.3 549.2 553.8 559.6 565.3 569.4 571.6 569.8 570 570.1 569 567.1 567.6 569.8 580 584.5 589 593.2 598.1 602 605.3 608.4 613.5 616.4 618.7 621.8 626.2 629 632.3 633.7 634.2 634.6 635.1 636 636.6 637.3 637.4 636 629.5 610.8 585.3 564.5 554.2 538.1 506.4 480.1 474.4 497.3 520.7 541.5 552.6 559.4 569.4 578.5 586.6 595.2 613.1 621.2 625.7 632.9 638.1 640.9 645.5 653.5 662 665 666.9 668.1 671.3 674.6 677.9 680 682.5 681.8
506.7 523.1 532.6 545.3 547.1 551.7 553.6 555.1 557 557.3 557.3 558.6 561.2 561.5 556.8 552.7 555.3 566.6 573.5 579.1 583.9 588.9 594 600.7 603.4 606.1 609.9 613.8 616.3 618.3 621.7 626.3 630 631.7 632.7 633.1 633.8 634.5 634.8 634.7 634.1 632.6 628.1 606.4 582.2 561.4 550.7 535.9 507.2 477.5 467.2 482.9 510.9 538 551.5 556.7 561.9 569.9 576 592.3 612.5 621.3 627.8 634.6 638 641.6 644.8 653.4 661.6 668 671.4 674.4 677.6 681.6 681.4 682.3 683.8 681.3
519.3 528 541 547.7 548.6 551.7 551 549.9 549.3 548.6 547.3 547.4 547.1 547.8 546.2 533.8 549.7 557.7 565.1 572.4 578.2 582.9 590 595.9 601 603.9 606.8 609.9 613 615.7 618.2 621.2 627.6 630.1 631.2 631.5 631.5 632.4 632.6 632.3 631.5 629.9 623.7 601.4 577.7 558.2 547.1 530.4 504.4 479.5 462.7 476.7 503.1 535.3 548.5 551.8 554 563.7 574.7 590.4 609.8 621.1 629.2 634.8 638.2 641.5 645.2 655.5 665.3 674 675.6 677.2 680.9 684 683.6 683.5 683.4 682.3
524.5 526.7 535.6 548.2 545.7 544.8 543.6 542 539.5 537.4 538.6 536.5 532.4 530.3 527.6 522.9 535 548.6 557.8 563.5 570.2 578.8 585.1 591.4 596.2 600.7 603.3 605.8 609.2 613 615.6 618.3 623.7 629.3 630 629.2 630.4 630.5 630.6 630 629.8 627.2 612.4 593.5 570.7 553.9 540.9 515 496.9 476.7 461.2 471.3 497.2 526.5 535.6 546.7 552.1 561.2 574.4 589.3 605.3 621.1 629.2 634.7 639.1 643.2 649.5 659.2 666.7 675.7 679.8 682.1 684.8 685.9 685.7 685.5 685.3 683.9
522.9 524.6 530.5 542.6 544.6 540.7 537.8 534.5 530.7 527.6 522.1 519.4 516.9 513.9 510.4 511.2 521.7 530.2 547 553.7 561.8 572.9 580.9 587.2 592.5 596.3 600.2 602.1 604.6 609 613 616.1 618.9 625.7 626.9 628.2 629.1 628.5 628.2 628.1 627.5 618.1 600.6 581.9 564.4 551 534.1 505.4 495.9 481.8 461.8 466.9 491.7 510.3 531.9 543.3 550.2 558.7 574.5 587.3 603.6 620 629.2 635.3 639.6 645.7 652.8 660.4 668.2 677.2 684 685.7 685.1 685.9 686.3 685.9 685.4 685.6
521.6 522.1 524.1 527.8 529.5 528.2 525.8 521.4 516.1 512.9 506.8 505.8 501.2 497.8 493.4 501.6 513.2 521.5 527.7 545.6 555.9 567.4 575.3 583.4 588.9 593.2 596.8 599.9 601.9 605.3 609.1 612.8 616.8 620.9 622.4 625.4 625.8 624.9 624.7 625 622.8 606.8 594.5 571.7 556.5 546.1 522.7 495.4 490.8 478.9 456.9 466.5 488.6 514.8 529.5 539.4 549.8 560.8 574.9 587.8 604.2 619.8 630.4 637 641.1 646.3 653.5 660.7 666.9 676.1 684.6 685.6 686.2 687.6 686.6 686.1 684.8 686.9
521.2 520.7 521 518.7 513.5 510.4 509.9 506.6 500.8 493.7 490.1 488.5 486.1 484.5 478 490.9 501.4 511.7 520 534.3 549.8 561.6 569.8 579.7 586 590.2 593.8 597.4 600.1 602.3 605 608.7 612 615.3 617.2 618 619 618.3 618.8 617.3 610 599.3 584.2 564 550.7 536.6 509.8 484.3 482.3 465.4 461 465.9 487 510.7 523.6 535.3 549.1 561.9 575.8 592.5 603.1 621.1 633.1 638.7 641.6 645.2 653.3 660.4 664.3 671.4 680.4 683.4 685.7 686.3 686.7 687.2 687.8 688.5
514.8 513.4 508.1 500.8 498.5 496 493.3 490.4 486.3 482.9 480.9 479.8 478 473.6 466.8 484.3 493.9 503.2 516.1 527.8 541 554 565.9 576.5 583 587.7 592 595.7 598.5 600.9 603.4 605.2 607 608.6 610.4 612.3 613.5 612.6 610.5 607.6 599.4 589.9 570.9 554.1 540 519.4 498.8 477.4 474.4 458.2 454.4 464.6 489.5 509.1 523.9 537.4 550.7 561.5 577.6 595.2 603.6 621.1 636.6 639.7 641.6 644.9 651.3 658.4 662.7 667.9 675.2 681.4 686 686.6 687 687.6 688.2 690.4
501.2 499.9 494.8 491.6 491.1 490.2 488.1 484.1 480.6 475.8 469.3 467.6 462.8 456.8 468.2 482 490.6 497.7 509.6 519.3 535.6 550.5 562.5 573.9 579.9 585.1 589.4 593.2 596.1 599.2 602.4 603.6 604.4 604.7 605 605.9 606.4 605.7 603.8 600.4 592.4 576.1 558.6 538.8 517.8 508.9 485.8 473.8 462.7 446.8 445.9 466.3 481.8 505.3 528.1 538.9 550.8 559.1 577.4 595.1 606 624.8 634.6 640.4 641.4 644.6 649.6 655.3 661.3 663.6 670.7 678.8 684.5 686.5 687.3 688.7 689.2 691.1
494.7 492.4 488.9 486.1 487 486 484.4 480.2 473.2 465.6 460.5 453.4 448.2 441.9 465.8 478.2 484.4 492.5 502.4 514 532.9 548.7 560.1 570.7 577.4 582.3 587.3 591.5 594.3 597.4 599.4 601.2 601.8 601.5 600.9 601.5 599.7 597.9 594.9 590.5 580.4 563.9 547.7 520.3 500.4 490.8 474.7 473.8 449.5 432.9 432.4 464.6 490.8 516.7 529.9 536.6 552 562.8 576.7 592.6 605.5 621.9 633.1 639.4 642.6 645.5 649.7 654.4 658.2 661.3 667.4 674.9 681.4 686.2 688.6 689.2 691.3 691.2
491.5 489.4 486.2 484.1 483.7 481.5 479.5 470.5 462 457.1 446.9 433.2 432.9 451.2 465.6 475.4 483.3 492 501.3 514.9 531.8 546 557.1 567 574.9 580.5 586 590.1 593.5 596.6 597.1 597.7 597.7 596.7 595.8 595.6 592.2 589.6 586.2 581.2 571 551.2 533.1 507.8 488.2 475.7 473.9 457.2 433.9 424.2 431.7 465.2 484.8 516.7 528.1 534.8 549.2 558.5 577 592.8 604.2 624 633.2 637.7 641.2 644 648.5 650.9 655.2 660.4 665.8 673.5 680.4 685.2 688.8 690.3 692.4 692.7
