ny/ny72_OST50GRID_20230518/NY72.asc
ncols 200
nrows 200
xllcorner 370000
yllcorner 520000
cellsize 50
[rows 0 to 34 of 200, columns 78 to 155 of 200]
733.5 730.2 728.2 727.2 726.6 727.6 727.9 727.9 727.8 728.8 730.8 731 729.3 726.3 725.5 726 725.9 727 727.9 727.9 727.1 726.5 724 722.2 721.5 721.3 721.7 720.9 720.5 719.7 719 716.6 714 713 712.9 710.9 707.6 705.9 701.2 698 694.3 692.1 689.7 685.3 681.3 681.2 679.7 679.3 677 675.2 671.8 668.2 664.5 651.6 654.7 657 654.3 651.6 645.4 648.2 644.9 643.4 640.1 634.1 629.5 627.2 625 625.3 624.5 619.9 615.2 608.5 607.8 608.3 608 608.3 606.9 605.1
731.4 728 725.8 724.6 722.8 723.5 723.4 723.6 723.2 726.9 729.8 730.4 728.4 726.8 725.4 719.5 724 726.9 726.7 727.8 725.2 724.5 723.6 723.5 724.3 723.9 724 725.1 723.9 721.8 718.9 717.1 714.1 713.1 711.6 711.7 709.3 706.8 703.5 698.3 699.1 697.4 694.1 690.7 686.7 683.8 682.1 681.6 680.2 678.7 676.1 672.6 660.3 664.5 664.4 663.3 660.3 658.9 653.3 656.1 652.7 653.1 650.6 644.5 635.6 629.2 632.7 632.7 630.6 627.7 622.1 614.3 614.8 614.7 614.1 614.6 612.5 610.3
729.6 726.2 722.6 722 716.6 718.1 717.6 716.3 718.7 723.3 725.4 726.1 725.3 725.4 722 711.6 718.3 722.5 724 726.2 726.1 726.6 725.6 725.1 724.4 723.4 723.7 724.9 723.2 720.5 719.2 716.3 713.5 713.1 712.9 712 708.7 707.6 704.9 702.7 700.2 698.9 696.4 692.8 688.4 684.8 683.1 682.6 681.4 679.8 677.8 670.4 671 672.8 669.9 667.4 666.5 663.3 661.9 662.9 660.7 660.1 657.5 653.8 647.2 643.9 643.3 640.5 636.8 633.4 630.2 625.4 624.1 621.2 618.8 618.3 616.5 612.5
726.8 723.4 721 716 709.1 709.4 710.3 709.2 713.1 718.9 720.2 720.8 719.6 716.6 713.2 708 711.3 716.6 719.6 722.2 723.5 724.9 724.1 721.4 720.5 718.9 718 718.9 719.2 718.3 716.6 713.9 712.5 713.8 713.1 711.7 709.5 708.1 705.1 703.4 700.7 698.3 696.5 694.5 690.1 684.6 683.1 682.1 680.9 677.4 673.3 677.5 677.8 676.2 674.3 670.6 670.1 667.4 668.6 667.5 666.2 666.5 662.9 660.8 657.6 656.4 653.7 651.1 647.3 642.4 638.9 636.2 632.6 628.6 626 622.9 619.6 614.8
722.9 720.1 717.3 710.5 704.6 703.2 704.3 705.8 708.4 713.1 715.2 714.1 712.4 709.4 707.8 704.5 705.9 709.6 715.3 716.9 716.4 718 716.8 715.2 714 711.6 712.6 714.5 715.3 715.2 713.3 712.1 711.9 713.6 713.1 711.7 709.3 707.1 706 703.7 700.8 698.2 696 694.1 690.7 688.1 684.1 683.4 680.1 676.9 680.4 680.2 681.2 679.9 677.8 674.4 671.7 668.9 673.3 673 672.1 673.1 671.9 669.1 667.3 664.7 662.2 658.8 656.1 653.2 648.4 644.4 641.1 637.6 634.8 631.1 626.8 623.1
721.4 719.2 714.1 705.2 700.8 699.6 701.5 703.9 706.5 708.4 709.4 708.1 706.7 705.2 704.1 701.1 703.4 705.2 708.8 709.2 709.2 709.4 709.1 708.1 707.2 707.6 708.2 709.5 711.3 712.2 711.5 711.6 711.6 711.7 711.6 711 708.3 705.8 704.5 703.5 701.7 698.6 696.9 695.7 694 690 686.1 684.6 684.6 683.4 684.6 684.5 684.5 682.8 682 679.8 677.3 674 675.4 677.3 677.5 679 679 676.8 675.1 671.6 670.2 668.4 665.6 663.4 658.7 655.1 651.6 649.1 643.8 638.8 636.6 632.9
721.6 718.2 712 703.6 698.9 698.8 699.8 702.9 704.4 705.4 703.7 703.9 702.6 701.6 701.1 699.6 702.3 702.6 704.3 703.6 703.2 702.5 703.3 702.9 702 702.5 702.5 703.7 708.3 709.2 707.7 710 710.9 711.1 709.8 707.8 706.2 705.1 704 702.8 701.6 700 699 696.7 692.8 689.8 688.5 687.1 688.1 687.4 688.1 688.4 687.9 687.4 687.5 686.5 685.5 681.3 680.7 682.8 682.8 686.1 685.2 683.4 682.3 680.6 679.2 677.4 675.5 674.2 671.1 667.3 662.4 658.6 651.1 646.3 645.1 642.8
719.1 714.8 707.4 701.7 698.2 696.9 697.2 700.5 701.4 702.2 700.4 701.2 699.2 698.9 699.5 698.7 700.5 700.4 699.6 700.1 699.8 700.3 700.1 699.3 698.1 697.7 698.8 701.4 704.1 704.5 707.1 709.5 709.5 709.3 709.2 707 705.9 704.9 703.4 702.5 702.7 701.7 699.1 696.8 693.7 691.5 692.9 692.3 692.7 691.7 691.4 692.5 692.1 691 691.9 692.3 691.1 688 687.3 688.5 689.2 691.4 691.7 691.3 692.3 691.4 689.5 686.7 685.4 684 682.3 678.3 673 667.9 661.4 657.1 656 653.3
713.8 709.4 702.4 699 696.3 695.6 695.5 696.8 698.2 699.3 699 698.4 696.9 696.4 696.7 696.5 697.9 697 697.2 697.6 695.9 696.5 697 696.3 695.2 695.7 697.7 699.9 700.5 704.2 708.5 708.8 708.4 707.4 707 706 705.8 704.1 703 702.8 702.9 701.8 699.4 698 696.4 695.6 696.7 696.6 697.3 696.4 696.5 697.5 696.5 693.5 696.2 695.8 694.3 693.2 690.8 694.2 695.2 695.1 698.9 701.4 701.7 701.2 701 698 695.9 695.3 692.8 688.9 683.9 680.7 674.4 669.5 665.4 661.3
709.6 704.9 699.3 697 695.2 694.3 694.9 694.1 695.7 695.3 697.5 697.2 695.6 694 694.4 694.4 694.5 694.5 693.8 695.6 694.1 694.4 694.4 693.6 693.1 694 695.2 696.9 700.1 703.5 706.4 707.9 707.2 706.5 704.8 704.3 703.9 702.3 703.5 703.1 701.9 701.1 700.7 698.7 698.8 700 700 700.6 700.6 700.1 701.1 700.9 698.2 697.4 699.6 699.9 697 695.7 698.5 702.7 704.9 706.2 707.6 709.9 710.6 711.6 710.8 709.1 706.8 704.1 702 698.1 694.8 689.9 684.1 678.8 673.4 668.2
704.8 698.3 696.3 694.9 693.4 693.2 693.5 692 693.2 692.6 695.4 694.6 693 692.6 692.4 691.7 692 692.8 691.1 693.2 692.5 693.1 692.9 692.4 692.3 693.5 694.9 696.3 697.8 701.9 704.9 706.5 704.9 702.7 701.7 702.5 701.8 701 700.7 702.8 702 701.2 701.5 699.4 700 701.8 702.8 703.4 703 702.7 703.9 702.3 701.4 703.5 704.2 704.7 704 703.6 707.2 708.5 711.8 712.3 714.8 715.6 718.2 718.9 718.4 716.2 715.2 713.5 710.3 707.4 702.5 696.9 690.2 682.8 675.7 671.3
698.2 692.9 691.5 691.6 691.6 691.6 691.2 689.5 688.5 690.4 691.7 692.4 691.4 691.2 690.9 689.2 689.7 690.4 689.7 690.5 691.6 691.6 690.9 690.6 691.4 693.1 695 695.8 697.5 701.2 703.4 704 702.5 702.1 700.9 701.1 700.3 698.7 702.6 702.8 702.7 702.3 700.9 700.3 701.9 703.2 704.9 705.5 705.2 705.7 705.8 703.8 706.6 708.9 710.4 710.7 711.8 711.8 713.5 715.3 719 718.5 721.7 723.2 726.4 727.9 727.8 726.8 725.6 721.6 717.9 712.7 706.9 700.8 694.5 687.1 680.2 674.3
692.4 689 688 689.3 689.8 688.9 686.9 686.1 686.6 687.1 689.7 691.2 690.2 689.7 688.6 688.1 688.6 688.9 689 689.2 689.1 689.7 690.4 690 690.5 691.5 694 695.2 695.5 698.4 700.3 701.5 702.4 702.6 700.6 699.9 695.5 700.8 702.8 702.1 701.1 700.7 701.5 701.2 702.1 704.1 705.6 707 707.4 707.7 707.6 707.3 710.2 713.3 715.6 717.1 718.5 718 719.4 722.9 725.7 727 730.9 733.8 736.6 739.3 740.5 739.2 735.2 731.4 725.7 720.3 713.8 707.6 701.3 694.7 687.4 679.4
690.7 687.7 686.6 689.3 687.9 684.7 683.1 683.6 682.4 685 687.7 689.4 689.1 687.9 686.4 685.9 686.4 686.7 686.1 685.9 684.6 686.4 687.3 686.1 688.1 691.5 693.5 693.4 694.3 697.4 701.3 700.6 703.3 701.6 698.1 696.3 695.9 699.9 700.4 699.7 700.2 698.7 698.5 701.5 702.6 704.1 706.5 708.5 709 709.4 709.7 710.1 712.5 715.9 719.3 724.5 725.9 724.9 729.7 733.7 737.6 741.1 744.4 746.5 749.1 750.1 749 747.1 746 743.3 737.6 729 721.9 715.4 708.2 701.7 693.6 684.4
689.3 685.9 687.8 688.2 685.8 681 678.7 678.6 679.6 682.5 686.1 686.7 686.2 685.4 684.3 684.2 683.1 682.8 681.7 681.1 682.4 683.3 683.4 682.7 686.6 690.6 693 692.6 693.6 697.5 698.4 699.7 701.4 698.8 697.7 699.5 696.2 701.5 700.1 700.3 701.1 698.4 700.8 702.3 701.2 703 705.1 709.1 711.2 712.1 712.2 712.9 714.2 717.7 725.7 731.3 732.7 734.7 737 743.5 749.3 753.3 753.2 754.4 755.2 755.5 754.6 754.5 753.2 749.7 742.8 734.6 726.8 720.5 713.7 706 699.1 692.5
688.3 686.1 685.9 686.1 683.1 677.8 674.5 674.3 677.8 679.5 682.7 684.5 684.1 683.1 682.9 682.5 681.5 679.8 679.2 678.3 680.4 681.4 681.4 681.4 684.3 688.4 690.7 691.5 692.8 694.2 698.7 700 700.8 699.3 697.2 697.7 695.7 699.5 699.2 700.6 699.1 695.7 698.1 700.5 699.6 700.7 703.9 706.4 710.7 712 713.2 714.7 716.8 721.5 730.6 732.2 735.5 741.2 739.9 743.5 750.8 755.5 755.1 756 757.8 759.8 760.9 760.4 755.5 751 744 737.1 731.3 724.4 717.7 711.1 705.6 699
687.6 686.4 682 683.1 678.5 672.3 669.3 670 674 677.5 681.2 682.3 682.2 681.9 681.2 680.9 680.8 678.6 677.7 677.7 679.5 680.1 679.4 682 684.4 686 688 688.5 689.7 692.1 696.4 695.5 695.2 696.5 694.6 694.2 695.6 696.8 695.1 696.8 695.9 691.9 700.3 700.2 698.5 701 703.4 705.9 708.8 709.8 712.5 714 717.6 723.5 730.7 732.7 735.8 742.6 741.6 745.1 750.4 756.5 756.7 758.9 761.1 763.2 763.2 759.4 755.5 750.9 746 740.2 736.1 730.2 724 717.7 711.7 703.6
687.5 686.1 683.4 673.9 671.2 668.4 665.8 667.4 669.1 675.6 679.3 679.3 679.8 679.9 678.5 678.9 678.7 676.7 675.2 677 679 679.3 677.3 681.2 682.6 683.5 685.1 686 687.8 690.8 691.6 691.3 690.5 690.3 695 689.7 694.2 693.5 694 691.2 695.1 688.5 691.1 693.9 697.7 700.9 703 705.1 708.2 709.9 711.7 713.3 716.5 721.1 727.4 732.6 736.3 740 741.6 744.1 748.4 755.9 758.7 762.3 765.4 763.5 759.9 757.2 755.6 752.5 749.5 745.9 741.4 735.9 729.9 722.5 714.8 706.7
687.2 685.7 682.3 667.3 664.3 663.3 662.3 664.1 666.2 671.2 674.8 677.2 677.7 677.3 677.1 677.1 675.7 673.5 670.5 675.8 677.9 677.1 676 678.1 679.5 680.1 681.6 683.1 685.9 689.4 690.5 689.3 688.3 690.8 690.3 689.7 693.3 691.4 690.9 688.5 690.1 688.5 697.6 698.4 700.4 703 703.9 706.4 709.1 710.1 712.3 713.5 717.5 722.8 727.7 733.5 737.8 739.5 741.6 743.5 747 754.5 759.2 762.1 764.9 767.4 763.8 758.9 755.8 754 751.5 747.4 743.1 739.4 732.3 723 714.6 707
686.4 683.8 676.2 665 660.2 660.4 661.3 662.4 663.2 665.9 669.6 674 675.3 675.4 674.7 673.6 672.8 670.1 669.1 673.1 674.2 673.5 673.3 675.9 677.3 678 681.4 683.7 685.1 687.4 688.9 687.9 687.1 688.7 686.3 689.8 690.6 690.4 690.4 687.2 682.4 693.5 698.9 699.8 701.8 703.6 704.8 706 707.8 710 712.2 714.6 717.2 720.3 726.7 732.3 736.2 738.5 740.9 743.6 747.4 753.8 759.7 762.9 764.1 764.2 763.8 760.2 756.9 754.8 753.5 749.4 744.6 738.3 730.8 723.2 717.2 711
686.2 683.1 668.1 661.7 657.3 659.3 659.9 660 660.3 661.8 664.9 669 672.2 671.7 671.6 668.9 667.8 662.9 668.9 671.5 671.2 667.9 673 675.5 675.9 676.4 678.7 681.8 683.4 685.7 685.7 684.1 687.5 685 687.3 688 688 687.2 687.3 681.5 683 692.7 697.7 699.3 700.4 702.3 703.9 706 707.6 711 713.1 713.9 716.1 721.2 725.8 729.4 734.3 737.5 739.8 743.3 746 749.8 756.8 761.5 762.6 762.6 761.5 758.9 757.7 756.7 754.4 750.3 748.2 742.5 735.6 727.7 719 709.6
685.6 678.4 664.8 659.3 657.1 658 659 659.2 658.6 660.4 662.4 664.1 666.2 666.6 666.6 663.4 663.7 660.9 667.4 668 665.8 669.6 673.5 674.2 674.1 675 676.9 679.5 682.1 682.4 682 685.2 684.7 682.2 684.7 684.9 685.3 685 682.6 678.5 682.4 690.3 695.8 698.2 700.4 701.4 702.4 703.7 707.3 709.6 712.7 714.1 715.9 718.6 721.9 727.1 731.8 734.6 738 742.2 744.9 747.6 751.7 756.7 759 758.5 757.2 756.6 757.6 756.3 752.8 748.5 744.9 744.3 733.6 722.7 714.2 706.5
682.6 671.1 661.4 657.4 656.8 657.8 658.4 658 658.1 657.3 658.6 659.3 662.2 661 661.1 659.5 658 661.7 663.3 663.3 662.9 668.7 672.8 672.9 673.3 674.2 674.6 676.4 678.5 679.3 682.3 682.4 680.5 681.3 682 682.1 682.8 681.2 678.2 678.3 681.8 689.4 694.6 697 699.4 700.9 700.9 703.3 706.4 707.6 711.5 714 715.4 715.4 718.6 723.1 729.9 733.3 736.5 740.6 743.1 745.2 746.6 749.4 753 752.6 753.5 750.4 750.9 747.9 744.2 740.8 735.8 731.1 725.1 717.4 709.8 704
674.6 664.2 659.1 656.5 658.1 656.8 656.9 657.3 656.6 657.1 656.2 655.8 657.8 657.2 657.8 656.8 657.5 660.4 658 662.8 666.3 668.3 671.8 673.3 673.3 672.7 673.6 674.1 674.7 675.5 678.3 679.2 678.2 679.8 680.5 679.8 680.1 678.1 675.3 677.8 679.9 686.1 693.9 697 698.4 699.7 701.4 703.1 705 705.1 707.9 710.3 712.8 714.8 717.2 723.6 729.3 733.1 735 738.3 741 743.2 744 744.2 745.8 746.4 745.9 743 743.8 741.4 739.6 735.8 727.3 723.7 717.2 712 707.3 701.5
669.4 661.2 658.8 656 655.7 655 654.8 655 654.7 656.5 655.8 654.2 653.5 654.3 654.6 654.4 654.8 654 659.9 662 663.9 667 670.7 671.6 672.1 672.8 671.8 673.4 673.5 673.8 675.1 676.5 677 679.4 678.6 677.8 677.5 675.4 673.5 675.1 677.9 683.4 691.7 696.3 698.5 699.8 701.2 702.4 702.9 705 707.8 709.6 711.5 715 718 723.4 728.4 732.9 734.7 736.6 738.5 740.9 742 741.9 742.7 742.7 742 741.6 739.9 737.7 734.1 728.7 723.4 717.7 712.6 707.5 701.9 695.2
665.5 659.2 658.1 656.6 652.9 653.7 654.1 653.2 653.9 655 654 652.7 652.3 652 652 651.8 652 655.6 658.7 659.9 662.6 664.8 666.2 668.6 671.3 672 671 673 673.5 673 673.4 674.8 673.5 676.6 676.1 674.2 674.2 673.4 671.7 674.9 677.8 680.8 688.1 693.9 697.6 698.6 699.8 701.5 702.9 705.2 706.2 708.6 710.6 713.8 718 722.9 728.5 731.8 733.8 734.2 735.4 737.2 738.2 738.7 739.2 739.5 738.9 738.2 735.1 730.7 727.9 722.8 718.2 713.6 707.8 701.5 697.8 691.5
660.8 659.4 659.2 657 653.6 649.2 651.3 650.9 652.2 652.1 652.1 651.2 651 650.9 650.8 650.3 651.3 654.2 656.8 658.4 659.4 661.6 663.2 666.2 669 671.2 671.3 672.8 672.7 672.9 673.3 673.6 672.4 673.7 674.7 673 669.9 669.2 672.2 674.3 676.9 680.3 684.3 690.6 694.3 697.5 699.9 699.8 702.3 703.9 704.9 706.6 707.9 712 717 722.6 726.3 730.4 732.8 732.4 732.6 734.1 734.8 735.5 735.4 736.2 737.1 735.2 730.4 725.4 720.8 718 714.3 708.8 702.4 696.9 693.3 688.4
659.5 658.3 657.3 655 652.5 646.8 648.6 648.7 649.2 649.5 650.3 649.9 649.7 649.4 649.5 648.2 649.8 652.5 655.1 656.7 657 658.7 659.8 662.9 664.9 668.4 670.9 672.3 671.9 673.1 673.1 672.7 671 672.9 672.5 673.1 670.4 664.9 670.9 673.9 676.2 677.4 680.7 682.9 689.4 696.6 698.6 699.9 702.3 703 703.8 704.8 707.7 710.5 714.7 720 724.6 728.2 731.6 730.6 728.9 730.9 732.1 731.7 731.9 732.1 732.2 729.3 727.4 723.9 717.8 714.2 710.2 704.4 698.9 692.4 686.9 685.3
656.9 654.9 653.2 651.5 649.7 645.6 645.5 646.2 646.1 646.3 647.5 648.4 648.4 648.5 648.4 647.3 648.8 649.9 652 653 654.5 655.8 657.7 659.2 662.4 666.9 669.6 670.2 672 672.5 672.6 672 671.5 671.2 671.5 671.7 668.8 662.4 670.7 674 674.6 673.8 675.1 675.4 680.5 690.3 697.6 699.9 700.6 701.7 702.7 704.5 707.7 709.2 715 720.2 723.8 726.1 728.8 731.1 728.4 729.3 729.8 729.9 729.4 728.6 727 725.4 722 719.6 715.8 709 704.6 700.6 696.8 692.1 685.1 681.3
652.8 651.4 649 647.8 647.1 643.6 644.1 644.9 644.8 644.8 645.6 647.2 647.3 646.8 647.8 646.3 648.4 649.9 649.8 650.3 651.7 653.3 654.2 656 660.2 663.8 666.8 666.6 668.1 671.1 670.7 671.4 672.1 671.3 671.8 669.7 665.3 660.7 669.6 673.9 672.6 670.6 670.1 669 673.5 681.8 688.8 692.1 695.7 699.6 702.5 704.4 706.5 708.5 715.1 717.1 720.5 723.4 725.7 726.2 724.7 728.3 728.1 727.9 727.9 726.9 725.3 721.8 719.6 714.5 712 706 700.8 694.6 690.6 689.9 684.2 677.6
649.6 648.6 647.5 646.2 644.2 643.2 642.3 644 643.1 643 644.1 645.8 646.4 646.4 645.4 643.8 646 648.2 647.7 648.8 650.2 650.4 651.4 655.1 658 661 662.9 663.3 665.3 667.6 668.3 669.7 670.3 669.9 670.1 666.3 662.7 659.6 669.2 673.8 673.1 670.6 668 666.2 667.8 670.1 674.6 678.9 687.2 697.3 700.8 702.9 704.8 707.2 712.7 715.5 715.9 718.6 721.6 723.2 721.1 723.2 725.6 726.3 724.7 722.2 722.9 722.2 716 712.2 706.6 703.3 698.8 694.4 689 683.8 679.9 674.9
647.1 646.6 646.4 646.3 644.9 643.1 640.3 643 642.5 641.2 642.1 643.7 645.2 645.2 641.1 644.1 645.1 646.9 647.1 646.9 648.9 649.1 649.4 652.5 655.2 657 659.8 660.3 661.9 664.7 666.4 667.7 668 668.6 667.4 663.7 658.6 659.1 667.7 673.6 673.2 670.6 667.4 665.5 664.6 665.5 667.3 672.9 682.6 691.9 697.3 700.8 702.2 705 707.6 713 715 714.4 718 720.7 718.8 720.3 721 719.5 718.7 714.6 716.8 716.5 711.8 705.9 702.9 698.6 696.7 693 686.3 681.6 676.3 674.3
644.3 643.3 644.6 644.8 643.4 641.8 637.7 642.1 640.6 639.6 639.6 639.9 641.8 641.8 638 637.1 642.5 644.2 646.2 647.6 648 647.9 648 649.4 652.7 655.2 656.5 657.9 659.5 661.4 663.6 665.8 666.4 665.7 663 660.7 653.7 658.5 664.8 671.2 672.8 669.5 667 665.9 664.7 664.2 666.5 673.2 679.9 684.7 692.7 698.7 701 702.8 705.6 709.2 711.2 713.5 714.1 713.7 713.3 713.8 714.3 713.3 713.1 710.1 709.7 708.4 705.4 702.3 699.2 696.7 688.1 687.4 682.1 676.8 672.7 670.7
640.8 640.5 641.1 641.8 641.3 639.2 635 639.6 640 637.9 634.5 634.9 636.7 636.6 633.3 632.3 637.5 641.7 644 645.4 647.2 648.1 649.2 650.5 652.2 653.7 654.5 655.4 657.1 659.2 660.8 664.2 663.3 663.3 660.2 656.4 651.6 656.7 660.7 665.4 666.5 666.3 666.1 665.3 663 666.3 669.9 674.3 679 683.5 689.5 694 697.8 700.8 703.5 704.8 704.5 705.1 706.7 708.8 706.2 707.4 707.8 706.9 706.5 704.3 703.2 702.3 700 697 691.8 691.3 685.1 678.6 675.3 672.3 669.6 666.2
639.6 635.3 636.3 638.1 636.9 634.5 629.7 636.1 638.2 637.2 634.8 630.1 631.7 630.6 627.9 626.9 632.9 638.8 640.9 643.9 645.9 648 649.9 649.4 650.6 652.1 652.4 653.6 655.4 657 657.7 660 659.6 659.1 656.7 654.4 650 655 658.2 660 660.4 662.9 663 663.2 661.3 668.6 671.4 674.2 678.4 681.6 684 686.9 692.3 695.8 698.6 700.4 700.4 701.7 703.2 703.7 703.5 702.5 703.7 703.5 702.3 699.6 696.2 694.4 691.7 686.7 682.6 680.6 677.7 673.4 670.2 668 666.1 663.5
