ny/ny41_OST50GRID_20230518/NY41.asc
ncols 200
nrows 200
xllcorner 340000
yllcorner 510000
cellsize 50
[rows 35 to 69 of 200, columns 78 to 155 of 200]
390.5 412.7 416 396.6 352 315.1 286 262.9 243.1 238.1 224.6 222.2 228.8 241.5 260.4 286.8 310.4 329.4 321.4 347.2 376.8 414.3 448.7 480.4 512.5 539 565.4 587.1 606.8 622.9 636.6 647.3 654.8 660 664.1 666.5 667.2 667.6 666.3 665.8 664.5 662.8 660.3 657.4 653.5 649.3 644.9 641 636.1 630.1 625.6 619.6 610.9 602.7 594.3 586.6 578.7 570.7 561.9 554 545.7 538.9 532.9 526.9 522.4 516.6 511.2 507.1 503.3 499.3 496.1 492.2 490.4 490 489.3 486.9 484.7 481.1
381.9 409.5 417.7 395.9 357.7 320.8 291.1 265.2 249 243.2 233.5 225 235.8 249.2 272 298.6 323.9 346 335.2 356.6 389.1 424 452.5 480.1 513 541.1 566.8 588.2 609.4 625.4 639.7 652.1 660 664.4 666.9 668.1 668.6 667.9 667.7 666.6 664.9 663.1 660.4 656.9 652.6 647.7 642.9 636 630.2 626.4 621.4 614.6 608 601.2 592.4 586.4 579.6 571.8 563.2 556.3 548.2 539.4 533.3 527.9 522 516.1 511.9 508.1 504.7 500.6 496.4 492 490.7 489.5 488.2 485.8 485.5 481.4
372.6 401.4 429.7 404.8 370.5 328.8 296.6 270.5 255 248.8 240.9 229.5 247.4 259.8 280.9 309.9 336.9 363 351 366.1 401.3 428.6 452 479.8 515.3 543.6 565.8 587.1 609.4 627.9 642 653.2 662.1 666 668.1 670.8 670.1 668.9 666.7 666 664.7 662.3 659.5 656.3 651.7 645.5 639.7 632.6 625.8 620.8 615.9 609.9 604.1 597.5 591.9 585.3 579.1 572.1 564.9 557.6 549.4 540.7 532.8 527 520 514.7 511.4 509 503.9 499.9 495.3 492 488.8 486.2 484.1 482.7 480.3 476.8
367.1 391.2 422.8 401.8 374 337.1 301.6 275.6 259.8 254.4 247.9 239.8 254.9 269.6 293.7 321.1 348.2 377.1 379.8 373.3 405.5 432.7 451.5 478.8 517 546 566.3 587.6 606.3 624 641 654.9 662.3 667.8 670.1 670.6 670.5 669.9 667.8 665.4 663.1 660.3 657 653.7 648.7 642.9 635.8 628.2 622.2 615.2 608.5 603.5 598.7 593.3 588.6 582.6 576.8 570.3 562.9 555.5 547 538.9 531.5 525.5 517.8 513.7 510.1 506.9 502 498.3 494.4 487.5 482.1 479.9 478 475.6 473.8 470.6
355.1 378.9 404.5 393.9 371.7 337.9 306.1 279.4 265 259.6 258.1 249.1 260.9 278.9 304 332.6 360 389.7 405.2 382.2 413.2 442.9 458.9 480.3 514.9 544.7 567 586.3 603.8 620 635.7 651.2 662.6 668 670.3 670.6 670.4 669.1 666.9 663.9 660.3 655.7 650.6 647.4 643.4 637.7 630.4 622.3 615.5 609.6 602.7 596.6 592 586.6 582.4 577.2 571.4 563.6 557.9 551 542.4 535.3 527.5 522 514.8 509.3 506 502.1 497.3 493.5 487.3 481.4 475.2 469.1 464 460.6 457.2 456.3
341.2 362.9 388.2 386.1 368.3 340.3 310.9 285.6 274.4 266.7 266 257.1 272.4 288 313 343 374.4 402.2 424.2 423.7 416.7 445.5 462.8 483.7 519.2 548.6 569.9 586.6 602.2 616 631.9 645.5 658.6 665.6 667.6 668.7 667.9 666.9 664.2 660.7 656.5 651.2 646.7 641.8 636.9 631.4 624.7 617.8 609.9 600.7 594.3 587.9 582.8 578.5 573 569.5 565.3 558.7 551.7 545.3 537.6 531.2 524.6 518.2 511.7 505.6 499.4 493.8 489.2 484.5 477.6 469.3 460.8 450.7 442.8 436.7 435.4 435.8
324.8 348.9 374.2 387.1 371.8 344.4 315.7 292 280.2 271.9 270.3 263.4 273.7 295 322.8 354.5 387.2 422 444.5 452.5 434.1 453.5 469.5 491.9 525.2 551.6 571.8 587.3 602.7 617.1 629.2 641.4 652.5 660.4 664 665.3 664.5 662.7 660 656.6 651.6 647.1 642.4 637 629.5 622.2 616.6 610.6 602.8 594.6 585.6 577.7 571.1 567.4 563.2 560.6 556.9 551.1 544.4 540.2 533.4 526.7 520.7 514.4 507.4 500.1 493 482.4 474.8 468.2 462 449 437.1 424.6 416 411.6 410.5 408.9
322.1 343.8 367.7 388.6 380.8 352.1 324.8 302.7 288.3 283.6 277.5 269.4 278 301.7 331.9 362 396.6 428.2 451.1 465.2 465.5 452 481.1 498.9 531.8 556.1 575.6 590.4 604 616 626.3 639.6 648.6 654.3 658.3 660.4 659.6 657.9 656 652.1 647 642.2 636.8 630.1 623 616.3 606.8 601.8 594.8 586.3 578.3 568.9 557.7 555.6 553 550.6 546.7 541.2 534.9 532.4 527.2 522.6 515.5 508.3 501.9 493.9 485.1 474.9 457.4 449.6 437.5 423.9 408.3 393.5 387.1 379 378.1 376.1
315.5 341.1 360.2 385.9 377.7 361 334.9 314.4 302.7 292.6 286.6 276.5 279.2 304.3 335.6 366.9 402.7 428.7 454.5 472.4 480.5 467.3 483.4 506.3 539.4 562.3 579.8 593.8 606.1 617.1 626.4 636.6 644.6 651 653 654.7 653.7 652.1 649 646.9 643.5 637.5 630.7 624 618.3 611.2 602.5 593 583 577 569.9 561.1 549.4 543 541.2 537.8 534 530.3 526 522.3 518.2 513.3 506.3 502 494.2 484.5 473.5 462.3 443.5 428.5 413.6 399.7 384.1 369.7 364 356.3 350.8 348.1
302.5 337.6 351.7 378.5 384 366.7 343 324 310 300.5 295.1 286.8 283.1 305.8 335.7 365.2 398.8 432.8 459 479.3 487.5 484.6 491.7 515 546.3 567.2 583 597.4 609.6 619.5 628 635 641.2 646.6 648.1 647.6 646.3 644.9 642.3 638.9 636 631.9 625.3 618.2 611.8 604.8 598.2 589.5 579.2 559.4 558.7 549.6 542.6 531.6 526.8 523.4 521.1 517.8 514.5 509.8 505.3 501.2 496.5 488.6 480.7 469.6 457.4 440.8 422.3 408.7 391.4 375.2 358.7 351.2 347.8 345.9 342.7 341.1
288.4 319.8 340 368.2 381.9 370.2 351.9 334.7 316.1 306.4 299.8 288 290.8 309.2 334.5 362.2 394 426.2 453.7 479.8 488.2 495.5 499.5 518.8 550.2 569.3 585.6 599.1 610.9 619.8 629.1 634.7 639.4 643.4 644.5 643.2 640.2 638 635.6 631.7 628.3 624.7 619.3 612.1 604.6 599 591.5 583.5 574.3 563.4 541 530.2 523.9 524.6 518.1 505 506.1 504.3 499.9 497.6 493.1 488.1 482.1 474.3 464.8 453.4 437.9 420.5 402.2 386.4 371.4 355.2 356.5 354 347.2 345.1 342.6 340.5
277.6 306.6 327.6 354.8 375.9 382 363.5 342.4 327.1 317.3 313.1 299.8 292.7 312 333.4 358.3 389.2 422.2 454.8 475.8 491.7 504.8 510.8 521.9 548.5 568 583.7 598.5 610.7 621.2 629.4 634.6 638.1 640.8 641.1 639.1 636.4 632.6 628.9 625 621.6 617.1 613 606.7 598.8 591.3 583.8 576.5 567.8 558 546.5 535.6 519.8 511.3 504.8 496.1 489.6 487.7 485.3 483.1 479.4 472.4 467.4 459.5 448.7 433.5 419.3 404.2 387.2 371 365.7 369.9 371.8 367.7 357.1 348.3 345.3 341.1
265.9 296.1 319.2 345 377.4 394.1 385.9 362.6 344.7 331.5 324.4 310.1 302.8 310.8 334.6 360.8 390.7 424.4 451 475.5 494.2 509.5 518.6 528.3 545.8 565.2 583.4 597.2 611.2 621.7 629.3 635 637.8 637.4 636.3 634.8 631.7 628.9 624.9 619.7 615 610.9 606 599 591.1 582.8 575.4 567.7 559.3 550.1 538.4 526.6 514.5 495.6 487.9 477.7 471 470.6 467.5 466 463.4 459 451.9 443.6 427 415 401.9 387.7 375.7 373.8 383.7 390.7 388.5 380.3 367.6 359.1 350.8 345.5
258 283.6 306.6 338.2 370.4 399.1 398.2 379.6 360.7 346.9 332.6 317.1 312.4 313.8 336.1 363.6 392.3 425.1 451.4 473.8 497 510.5 520.5 532.8 547.1 561.9 576.5 593.7 607.6 619.7 629 633.3 634.5 632.9 631.1 630 627.1 624.4 621.2 616.1 606.4 605.1 598.7 591.2 582.9 574.8 566.1 557.7 549.1 537.7 527.8 515.5 504.3 491.7 479.3 480.4 471.6 457.8 462 455.5 440.1 434.5 431.1 420.3 405.3 394.1 383.4 380.4 386.6 397.4 407.4 409.6 404 396.9 384.1 372.9 366.3 360.6
247 274.2 298.3 328.9 361.4 387.3 400.5 395 376.8 357.6 342.1 329.5 321.8 311.9 337.8 363.8 392.1 424.4 450.3 473.1 494 507.7 515.8 530.4 545.3 558.5 572.6 585.4 602.3 615.4 624.5 628.3 629.8 628.4 627.5 626.2 623.6 621.4 617.3 612.3 604.9 597.9 583 575.5 571.1 563.3 552.8 544.1 537.4 527.5 510 499.8 496.3 493.3 495.2 490.2 483.4 478 471.2 459.4 449.4 438.5 422.5 398.6 393 391.7 392.7 396.6 407.2 419.9 427.4 432 427.4 414.3 399.5 392.5 385 377.8
241.3 266.7 291.6 320.1 351.6 389.1 411.4 413.4 405.6 382.6 359.8 341.9 326 320.2 339 361.1 389.3 422.9 450.8 472.8 489.2 503.2 514.2 525.1 541.3 555.8 567.3 580.2 594.1 607.9 617.8 622.5 624.2 624 623.8 623.8 621.3 618.6 615.2 610.8 602.6 592.5 576.8 561.4 552.5 549.9 542.7 539.3 526.7 522.4 525.3 520.5 515.9 510.6 505.2 496.8 491.7 485.4 472.1 459.2 445.9 433.6 414 405.1 410.3 400.1 403.4 415.1 426.5 441.2 453.6 459.4 441.1 426.4 419.7 414.9 406.5 398.3
234.1 261.2 285.4 314.9 350.9 389.2 413.7 433.7 426.3 411.6 384.1 359.2 335 325.9 345.4 363.9 392.7 421.5 447.9 467.3 486 496.7 506.3 521.6 536.8 551.6 564.2 573.3 585.6 598.8 609.9 615.4 619 622.2 622.7 622.6 620.3 618 615.5 611.3 604.8 593.9 578.3 579.3 571.7 565.4 563.9 557.2 547.9 540 532.2 526 522.4 516.9 511.3 503 496.9 485.7 472.2 459.9 445.6 425.1 414.4 426 424.8 412.3 421.6 431.8 445.4 459.2 466.9 464.9 461.9 453.2 448.1 440.8 433.2 423.5
229 255.2 280.3 312.7 352.1 390.6 421.5 439.9 438.6 427.2 399.4 368 349.8 338.7 354.7 374.9 397.5 426.1 449.4 463.8 481.7 491.4 499.6 514.6 530.3 544.3 556.4 564.5 576.5 586.3 599.2 610.3 616.1 620.7 622.8 623.9 622.1 618.4 615.8 612.7 607.6 597.7 590.5 586.3 579.8 575.3 571.2 564.4 557 550.3 545.1 539.2 532.2 527 515.9 515 504.2 490.9 479.4 464.2 443 422 439.8 442.4 439.3 420.3 435.4 446.8 460.9 469.2 475.5 482.2 481.4 474.4 472.3 471.1 457.8 447.9
223.7 250.8 275.6 308.8 353.4 389 419.6 440.6 440.5 435.2 406.9 380.4 365.1 351.6 370.5 384.8 405.9 430.5 446.9 459.4 474.5 486 495.2 507.3 523.2 536.8 546.5 557.4 567.5 574.4 587.1 604.7 614.8 620.1 623.5 624.6 624.4 620.3 618.3 615 609.2 601.7 594.7 588.9 582.3 578.3 573 567.5 560.7 553.4 548.7 543.4 538.1 529.3 527.8 522.8 512.8 497.2 480.5 458.7 434.3 449.3 459.5 461.6 444.1 430.7 449.4 458.6 469.7 477.3 485.3 492.1 493.8 494.4 491.9 497.3 489 473.3
222.5 245.1 271.8 305.6 348.2 387.8 420.5 434.6 435.7 432.9 416.1 393.3 377.2 369.1 387.1 397.4 397.8 418.5 439.8 457.2 470.7 482.8 489.2 497.6 514.4 526 528.5 539.6 548.9 557.8 578.1 602.6 614.4 621.1 625.4 627.4 625.3 624.3 621.9 616.6 610.5 602.6 596.3 588.3 582 577.1 571.8 566.4 560.2 554.6 548.7 544.9 539.4 537.7 532 524.8 516 500.3 481.7 457.7 455.4 474.6 483.3 481.5 467.1 453.8 456.2 466 474.8 484.5 493.6 501 506.1 510.6 510 512.1 511.2 508.6
221.2 243.1 269.1 302.4 339.5 373.6 411.5 428.8 435.4 428.9 418.2 406.5 388.6 380.3 397.3 407.9 413.8 427.5 440.1 455.3 464.1 470.6 479 488.8 500.3 515.7 530.9 544.3 551.4 569.4 592.9 607.1 615.8 622.6 627.4 628.7 629.2 626.7 623.9 617.6 611.8 603.9 595.4 588.7 582.8 575.7 570.7 564.2 557.9 552.3 549 544.5 541.7 538.3 532.1 525.7 515.9 501.2 480 451.8 476.9 495.3 500.5 496.2 479.2 459.3 461.6 472.8 482.3 492.7 503.1 511.3 517.6 523.2 526.5 528.8 530.1 530.6
222.9 241.4 266.3 299 330.6 364.7 398.7 421.7 430.7 426.7 420.3 412.4 393.9 390.1 406.2 418.2 417.4 429.5 449.8 457.6 472.1 480.8 488 501.2 516.7 530.4 542.8 557.9 570.6 583.5 599.9 612.8 620.5 625.7 630.5 632.4 633 631.8 627.1 620.7 613.2 604.2 595.8 588.9 580.9 575.8 569.9 561.2 553.7 548.1 543.5 542.5 541.3 538.7 534.8 526.9 515 499.5 473 469.8 495.4 508.7 509.8 503.8 483.4 457 468 479.2 490.3 502.3 512.1 519.6 526.1 530.4 534.8 537.5 540.1 541
225.8 240.7 264.2 294.8 331.2 362.4 388.9 412.5 424.8 423 422.6 415.9 397.5 402.6 415.1 420.6 422.9 434.1 447.5 458.9 471.6 482.6 492 504.9 519.5 533.7 549.8 565.1 579.1 592 604.2 617 624.3 629.8 634.2 637.9 637.4 634.9 630 623.2 614.6 605.9 595.6 588.7 581.4 576.1 569.2 560.7 555.2 550.8 547 536.1 535.8 533 526.8 519.1 503.2 473.8 477.5 491.8 512.2 517.1 516.2 508.4 485.3 464.2 475.8 484.7 497.5 509 518.5 525.2 530.8 534.2 538.8 542.3 544.1 543.9
225.2 238.6 259.4 293 329.3 361.8 388 406.1 416.2 418.7 420.7 416 401.3 403.4 415.4 422.2 425.2 434.4 448.1 460 471 483.6 496.3 506.6 521.7 537.9 553.7 568.9 583.1 596.6 610.3 620.1 629 635.9 640.8 642.3 641.4 639.9 633.7 626.9 616.8 605.1 596.4 589.8 583.4 575.7 570.3 563.8 557.3 552.1 546.7 542.9 531.4 522.6 517.9 507.8 496.7 498.6 508.6 515.8 525.4 525.9 523 515.2 493.6 467.3 479.2 490.2 502.9 513.2 522.3 528 534.9 538.4 541.6 546.1 547.2 546.6
221.6 238.5 259.4 290.2 323.9 355.4 384.8 401.4 412.3 417.7 420.7 415.1 402.3 397.9 408.8 419.4 426.8 436 447.3 458.3 469.6 483.7 498.2 507.5 523.8 540.6 557.8 574.2 587.5 601.1 615.3 626.3 634.2 642.2 647.8 649.2 648.7 645.5 638.7 630.4 620 608.8 599.6 591.6 584.3 578.7 571.1 566.3 560.4 553.8 548.3 543 536.6 528.1 516.9 509.1 501.1 520.9 528.1 532.3 534.7 533.8 530.3 523.6 504.4 483.6 480.3 494.4 506.3 516.1 525 532.9 537.8 542 542.9 547.6 549.5 546.9
225.1 242 261.9 287 319.3 350.4 374.1 395.5 408.7 416.4 418.2 414.5 407.7 410.3 417.2 418.5 426.4 436 449.7 458.6 468.1 480.9 494.6 505.9 524.8 543.7 561.4 576.8 590.6 603.8 620 632.3 642.3 648.5 653.5 654.7 654.4 650.3 642.2 635.3 627.9 616.5 605.7 595.7 585.9 578.6 573.3 567.3 561.9 553.3 546.6 539.4 528 513.8 520.6 523.8 526.3 537.4 540.9 542.1 541.9 539.6 536 530.4 516.6 497.4 483.7 500.1 510.8 520.7 528.5 535.6 539.5 541.7 544.7 547.9 548 545.5
224.7 241.4 264.5 292.4 326.6 351.1 375.1 400.4 417.7 424.2 424 421 416.9 417.5 421.9 419.6 428.3 438.6 448.8 458.1 467.5 479.3 493.7 505.9 525.2 546.9 563.2 578.6 592.8 605.7 623.4 637.7 649.8 655.8 658.5 659.6 658.7 655.8 647.7 639.9 633.6 625.8 616 603.4 590.3 579.9 571.5 565.6 557 546.6 540.6 538.5 526 529.9 535.5 539.5 546.9 549.4 549.7 549.1 546.5 544.2 539.6 534 522.8 506 488.1 504.1 516.5 525.5 533 538.6 540.4 543.3 547.4 547 545.6 542.6
226.4 241.5 265.7 295 329.4 361 389.2 412.2 424.2 437 437.3 432.1 429.4 428.6 429.6 428.4 432.9 440.2 452.6 461.5 469.3 478.4 490.9 505.4 527.9 546.9 563.8 578.6 593.2 608.4 626.3 644.5 657.4 663.3 664.9 664.4 662.9 659.3 652.8 647 639.2 631.1 622.6 612.5 601.3 588.9 579.1 571.9 564.1 558 545 537.9 534.4 544.3 548.6 554.4 557.3 557.7 556.4 553.2 550 546.3 541.2 535.7 525.8 512.4 492.9 507.3 519.6 530.2 537.1 540.9 543.1 547.4 548.3 547.1 544.4 541.1
230.8 245.4 269.2 297.5 334.2 367.3 395.2 418.8 431.1 441.1 456.2 449 444.3 441.7 438.1 436.5 440.8 441.2 451.2 458.2 468.1 477.5 489.9 504.3 524.4 544.5 563.4 580.3 595 612.2 630.1 648.9 662.7 668.6 668.8 667.8 665.3 662.3 657.2 652 644 636.2 628 618.2 609.5 600.1 591 582.8 572.1 557.9 555.5 541.1 544.1 554.5 560.5 563.7 564.2 561.8 559.6 556.5 552.2 547.1 542 535.8 528.2 518.8 506.3 509.5 524.5 535.2 541.2 545.1 546.9 548.8 548.6 546.8 544.7 540.9
229.5 247.4 272.8 304.5 338 373.5 397.5 423.6 436.5 454.1 459.3 465.3 458.5 455.8 450.1 446.8 446.4 450.7 456.4 465.9 474 481.7 489.2 498.9 522.2 543.6 564.1 583.1 599.8 617.3 635.3 651.4 665 671.8 671.5 668.6 667.4 664.1 659.8 654.5 647.4 639.3 630.8 621.7 613.2 605.2 595.3 584.2 569.8 567.9 560.3 540.6 557.3 565.3 568.6 567.9 566.8 564.7 561.8 557.1 552.1 546.1 540.2 535 530.2 521.7 508.8 514.4 531.4 540.5 545.3 547.9 549.5 550.6 550.3 548.5 545.1 541
232.5 249 273.4 304 336.8 368.5 395.8 422 446.4 464.6 465.9 471 467.2 463.5 455.7 451.5 451.9 460.3 465.2 473.7 482.1 488.9 494.9 508.9 520.9 544.5 569 588.2 605.7 622.1 639.2 653.7 665.2 671.6 671.5 669.5 668.1 665.2 661.2 655.1 648.7 640.4 632.7 624.4 615.1 607.2 596.9 587.5 580.3 576.8 564.3 550.5 568.7 572.5 572.6 571.9 568.6 564.6 560.5 554.9 549.7 544.4 538.8 533.6 529.1 520.5 508.7 527.5 539.6 546.9 551.1 552 552.4 552.5 552.1 549.7 546.1 541.6
232.2 250.5 274.6 303.7 332 360.7 389.1 418 448.7 467.1 467.7 471.3 468.2 467.1 462.7 460.6 457.4 468.4 472.2 482.6 491.2 499.1 503.7 516.7 537.1 553.8 576.1 595.6 613.7 628.5 643.1 655.8 665.1 669.6 670.4 669.9 668.3 665.6 661.2 654.7 648.5 641.3 633.4 624.6 617.6 609.9 602.8 594.7 588.8 580.6 560.7 567.1 576.8 576.5 575.2 571.2 566.8 561.8 556.7 552.2 547.8 543.7 538.1 533.4 525.9 522.5 528.1 537.5 546.4 552.1 555.8 555.6 555.6 555.3 553.9 550.7 547.6 542.4
233.5 251.4 273.1 300.7 326.6 353.9 382.2 409.6 438.8 459.1 466.5 464.2 464.3 469.1 464 462.6 463.8 474.4 480.1 490.7 500.1 511.9 519.4 527.8 548.5 567 586.8 605.7 621.1 635.4 648.5 657.7 664.7 667.8 669.1 668.2 666.5 663.8 659.8 654.1 647.3 639.8 632.9 626 619.1 612.9 605 599.5 592.9 567.6 572.9 580.4 581.3 578 574.6 569 563.6 559.8 555.1 551.2 547.2 543.2 536.9 532.3 530.9 532.6 538.2 546.2 552.4 557.5 560.5 560.8 559.2 558.3 556 553.7 548 542
231.4 247.3 270.9 297.7 324.4 348.8 374.4 402.7 431.3 450.7 457.6 458.8 459.9 463.2 461.8 461.3 464.1 476.5 486.9 497.3 509 521.2 532.4 538.9 558.2 580.9 599.2 614.6 627.4 640.7 652.6 660.4 665.9 667.9 668.4 667 664.9 662.2 657.5 652.5 645.1 639.1 631.5 626.5 621 613.6 607.7 601.1 591.7 581.1 586.2 585.1 582.8 578 573.1 567 561.5 557.9 553.9 549.7 545.9 542.8 541.3 539.9 540.4 543.5 548.4 553 558.8 562.9 565.2 565.7 563.3 561.1 558.6 554.4 550.6 541.9
229.4 245.8 269.6 290.7 315.9 347.6 375.7 403 430.4 443.2 446.8 450.5 452.5 454.9 455.1 456.8 463.5 477.6 491.7 505.1 517.1 528.7 539 551.8 570.6 594.2 612 626.9 637.3 647.8 657.5 663.9 667.2 669 669.1 667.3 664.1 660.7 655.5 651 643.8 637.5 631 625.8 620.4 613.2 606.2 594.1 584.6 595.5 591.6 587.6 584.6 579.1 571.3 565.8 561.7 557.7 554.3 551.6 549.1 547 546.9 547.9 549.7 552.5 556.7 560.4 565.1 567.7 568.5 569.2 567 562.1 559.2 553.6 548 539.4
