ny/ny41_OST50GRID_20230518/NY41.asc
ncols 200
nrows 200
xllcorner 340000
yllcorner 510000
cellsize 50
[rows 105 to 139 of 200, columns 78 to 155 of 200]
296.6 272.9 264.2 269.1 278.8 290 304.7 321.2 343.4 369.9 394.1 418.1 440.9 470.1 497.3 528.8 564.2 600.8 629.6 659.5 688 703.4 708.1 707.8 705.2 699.2 691 683.5 674 666 655.6 645.9 633.8 619.5 609.3 599.7 585.1 593.4 601.1 613.8 623.4 636.9 646.1 653.9 659 663.7 665.7 667.3 669.9 671 672.2 672.8 672.9 671.6 666.6 660.1 655.6 651.7 646.1 640.4 633.2 625 615.7 604.9 588.2 561.7 530.7 496 472.1 436.4 416.3 401.4 377.5 358 350.1 338.4 330.1 319.7
297.1 274.3 266.9 275.2 283.2 295.3 311 327.1 349 375 401.1 425.4 452.1 480.7 508 541.3 577.8 609.2 632.6 660.3 686.7 701.7 709.1 708.2 706 699.6 691.9 682.9 673.5 664.1 654.5 642.4 624.2 605.2 599.5 603.5 606.2 614.6 614.4 623.1 635.5 647.5 653.8 660.2 666.1 671 673.1 673.8 675.7 676.7 675.7 674 672.8 670.3 665.9 660.4 655.8 652.2 647.6 641.6 633.3 624.6 613.6 602.1 574.8 541.1 512.7 488.5 463.5 431.9 408.7 386 363.8 349.9 335.4 325.5 316.4 304.2
297.1 277.5 268.6 280.2 289.5 301.9 315.3 332.1 352.4 380.9 407.4 433.7 460.1 489.8 520.6 551.4 584.7 610.6 634.7 663.6 687.7 699.9 712 709.7 706.5 699.3 691.2 683.2 672.9 663.1 651 631.3 610 622.4 627 628.6 630 633.2 633 631.3 645.8 654.8 661.6 668.3 673.8 676.4 678 678.7 678.9 677.6 675.7 673.5 671.9 668.6 664.8 660 656 652.3 649.4 645 637.6 627 612.2 593.8 557.9 529.2 501.9 475.5 451.4 427 402.5 376.5 353 335.8 324.7 311.4 299.2 288.8
297.3 277.4 271.6 283.4 295.2 305.9 319.9 335 358.4 385.7 412.5 440.7 468.2 499.7 533.3 562.6 588.5 610.9 638 662 683.8 702.1 711.1 711.2 706.4 698.7 690.6 682.3 670.9 660.2 642.6 615.5 629.3 640.6 643.5 645.3 647.3 648.5 647.4 638.6 654.5 663.5 669.6 674 678.6 681.2 682.3 681.8 680.2 677.4 674.6 672.5 669.6 666.4 662.5 659.6 656.2 652.2 650.4 645.1 637.9 627.6 608.9 590.8 561.1 529.2 500.9 468.8 446.1 422.6 394.9 365.9 343.8 327.4 311.7 299.1 288.1 274.2
297.3 276.9 277.1 289.1 301.5 312.4 325.9 341.9 363.7 391 419 450.5 476.1 509.2 541.7 558 584.9 613.2 633.5 653.4 680.4 707.2 714.5 710 705.2 696.6 688.4 679.4 668.5 656.6 630.9 632.3 646.6 653 656.5 661.2 662.1 661.8 661.7 655.6 665.7 671.2 675.4 679.9 682 683.5 684.1 683.5 681.1 677.1 671.9 667.5 665.3 661.6 659.6 657.1 654.6 653 648 643.1 635.8 624 604.9 585.1 558.1 531.7 495.2 461.7 442.2 416.7 386.2 359.3 337.3 319.9 304.7 287.8 274 259.9
295.2 279.9 282.3 290.8 305.1 319.8 333.9 349.2 371.4 399.8 428.9 456.5 482.1 514.5 538.7 569.3 596 611.7 631.5 652.9 683.7 712.6 715.5 708.5 702.5 693.2 685.1 674.1 664 650.4 628.3 645 657.9 665.4 671.4 674 674.5 676.4 675.9 674.2 677 680.9 682.8 684.6 685.2 685.1 684.9 683.5 678.4 672.3 664.8 663.2 659.8 656 653.6 652.5 651 649.9 646.5 639.5 630.8 619.5 600.4 580.6 558.5 524.2 495.3 466.8 441 411.7 387.7 355.9 331 315.7 292.7 277.3 265.6 248.7
294.2 283.3 285.3 293.1 308 323.5 338.6 355.6 374 400.7 436.2 465.1 491.9 518.8 546.4 570.8 591.1 606.7 629.9 656.3 688.2 714.2 714.4 707.4 699.7 690.1 681.7 669.6 658.6 645.3 637 651.3 665.1 674.1 681.1 686.2 687.8 688.4 685.5 686 687.1 688 689.7 689.9 688.2 685.9 684.2 679.6 670.8 662.1 656.1 651.8 646.3 645 644.1 643.5 642.4 641.7 638 631 625.5 612.1 595.8 577.6 560.7 526.4 497.3 473.1 443.7 420.6 386.5 351.5 327.9 308.8 286.8 268.3 256 243
296.6 288.5 289.6 300 311.2 328.7 347.1 365.7 388.9 416.6 448.1 470.2 482.6 506.4 527.5 549.1 572.3 599.9 626.7 657.4 692 713.7 711.8 704.7 696.5 687.5 676.9 663.9 653.3 640.6 641.4 656.5 673.8 683.9 691.7 696.6 698 698.8 696.3 696.7 696.6 695.5 695.2 692.1 687.7 677.7 661.1 654.6 649.8 640.1 632 627.6 624.5 624.2 624.1 623.2 623.7 622.6 621.6 616.1 613.4 602.1 588.5 576.2 561.6 530.5 498.3 478.2 447.6 416.4 382.1 350.9 326 299.8 277.6 259.8 245.7 238.1
297.6 292.5 294.7 307.5 319 336.4 352.9 372.6 398.6 425.5 454.4 482.1 499.3 520.4 542 567 590.3 612.9 637 669.6 697.6 712.6 709.4 702.6 694.2 682.7 672 664.8 664.6 659.7 642.5 659 679.2 690.8 699.9 706 708.6 706.6 706.7 705.2 704.1 701.8 680.5 664.6 651.1 634.7 622.7 615.8 613.7 606.4 601.2 597.6 596.9 598.6 599 601.2 602.2 602 601.6 599.1 593.8 584.4 578.8 566.9 555.9 528.6 499.5 473.6 449.2 412.4 391.4 350.4 315.2 290.9 268.2 252.5 238.1 238.1
300.3 293.7 301.3 312.4 329 340.1 359.8 382.4 408.6 436.3 465.7 489.6 501.5 525.6 550.2 576.5 599.9 621.2 647.1 681.7 711.3 715.8 709.5 704 696.4 679.3 679.1 681.7 678.5 670.6 651.5 658.5 681.9 693.9 703.9 711.1 715.3 716.2 713.8 711.8 710.4 686.6 649.4 625.1 610.3 594.4 583.6 572.3 572.4 569.3 569.9 569.8 570 572.4 572.8 574.8 576.4 574.5 574.6 574.3 570.5 566.4 554.5 546.8 545.4 527.6 503.3 473.8 445.8 414.9 388.1 341.5 307.3 281.1 261.5 247.5 238.1 238.1
301.1 300.7 310.1 317.7 335.2 350.1 362.9 386.7 414.5 443.2 472.1 487.9 505.4 531.3 557.3 587.1 612.4 634.5 664.8 695.7 718.3 721.3 714.8 708 697 690.3 693.9 691.9 686.6 678 658.5 662.3 683.7 697.8 706.8 714.3 718.3 720.4 719.6 717.4 712.3 675 626.2 598.8 581 567.1 547.9 538.7 533.8 534.8 538.6 542.6 544.8 546.7 548.9 547 548.4 548.9 549 551.5 550.9 544 534 529.4 529.7 516.8 495.8 472.2 440.5 406.5 370.7 331.8 297.7 269.5 250 239.8 238.1 238.1
304 307.3 312.4 326.1 341.9 359.2 374.9 392.3 414.3 449.3 467.6 489.1 511.4 534.3 565.4 594.7 622.5 649.3 681.1 711.5 724.6 725.1 719.6 714.6 710.1 706 704.2 700 694.1 683.5 666.3 665.1 685.6 701.5 711.3 717.9 721.4 721.7 721.3 719.3 710.4 665.5 619.7 586.9 561.8 541.4 522.8 508.4 502.3 504.9 512.8 518.3 523 525.6 526.8 525.4 524.7 524.5 523.8 526 526.8 525.6 515.6 511.4 510.4 504.5 481.8 465.8 430.1 396.5 357.7 321.2 288 260 242.8 238.1 238.1 238.1
309.6 313.2 317.4 329.3 348.8 367.1 383.3 405.3 432 447.5 471.5 494.4 515.2 537.5 568.8 600.9 633.3 663.2 694.1 726.8 735.6 731.3 727.4 723.3 718.5 716 711.3 706.2 699.4 689.1 672.3 670.7 689.7 704.2 714.9 721.6 723.9 725.1 725.3 722.2 700.8 671.7 623.8 585.1 548.4 524.4 506.3 493.2 487 486.9 490.8 496.1 500 503.3 505.2 504.2 503.1 501.4 500.4 498.9 498.2 499.6 498.4 494.6 491.8 488 464.1 442.9 421.6 382.7 343.4 310.8 284.7 255.3 238.1 238.1 238.1 238.1
314.8 321 326 336.1 351.1 374.4 395.4 418.6 443.3 461.2 480.4 493.9 518.8 543.8 574.4 605.5 639.5 673.7 704 732.6 741.7 739.1 734.5 729.9 727.4 722.1 716.3 709.6 700.4 689.5 675.7 676.4 693.7 707.6 718.9 725.4 729.3 729.6 728.9 726.9 723.3 682.2 626.5 575.2 544.1 517.3 492.8 483.1 477.7 474.5 475.4 479.1 480.3 483.9 486.4 483.4 483.9 481.4 479.7 479.1 477.3 478.7 483.1 482.2 479.6 467.2 450.3 431.4 404.3 371.1 329.3 300.6 277.6 256.2 238.1 238.1 238.1 238.1
326.2 329.1 336.5 345 363.5 381.7 406.7 430.2 453 470.4 485.9 506.4 528 544.5 583.7 618 650.1 681.8 714.1 747.3 748.8 744.1 739.7 735.5 731.3 726 718.3 708.8 695.7 678.7 674 688.7 704.5 715.9 725.2 730 732.5 732.8 731.7 728.4 717.7 671 620.5 566 537.8 507.5 483.5 467.7 463.4 462.5 464.2 466 463.4 467 469.3 467.4 465.6 464 463 461.4 461.7 461.7 464.4 462.4 466.2 454 444 423.8 392.5 358.6 318.5 289.1 267.4 247.4 238.1 238.1 238.1 238.1
341.2 336.6 345.6 352.2 371.1 391.4 417 441 460.3 474.9 492.5 515.1 539.1 563.9 589.8 612.6 653.8 688.8 720.2 751.8 754.1 749.2 744.7 740.5 733.9 726.9 717.1 701.9 687.1 684.5 688 701.1 714.7 725.2 731.8 734.1 735.9 735.3 733.5 730.3 710.6 659.4 615.6 560.8 536.6 499.3 475.2 457.1 449.8 448.7 449.5 450.2 452.6 453.3 455.5 453.7 451.3 449.7 448.9 447.7 448.1 445.9 449.2 446.4 446.1 443 436.7 419.2 376 340.6 304.9 273.1 251 238.1 238.1 238.1 238.1 238.1
350.6 352.3 354.7 361.1 379.4 403 428.4 449.9 461.7 479.3 499.6 526.3 550.8 581.4 614 636.8 649.4 683.4 721.7 752.6 755.5 751.3 747.3 742.4 736.1 726.5 711.8 697.9 687.1 697.9 702.3 715.7 724.7 733.4 737.5 738.8 739.3 737.8 734.3 730.2 711.8 654.2 598.3 551.4 524.2 487.2 461.8 443.8 432.5 432.9 433.5 436.3 437.6 441.1 441.4 440.9 438.9 435.5 434.1 435.6 435.8 433.9 433.3 431.8 429.2 428.4 419.6 407.2 363.6 329.3 292.5 260.8 238.1 238.1 238.1 238.1 238.1 238.1
359.6 361.7 362.1 375.7 390.6 412.4 436.9 453.9 469.2 487.5 510 536.6 561.6 593.2 628.6 661.9 685.1 696 722.8 748.9 756.6 754.3 751.1 744.5 739.4 731.8 718.6 702 702.9 713.6 722 728 734.7 739.9 742.2 744 742.6 739.1 734.4 728.9 696.5 646 593.5 549.3 505.6 475.1 450.8 433.8 423.9 419.5 418.7 420.3 422.7 425.4 426 429.6 429.4 427.8 426 425.3 425.4 424.8 423.5 422.6 415.3 411.3 407.7 390.5 344.9 309.3 277.1 249 238.1 238.1 238.1 238.1 238.1 238.1
366.5 371.4 368.5 385.1 400.2 419.7 442.9 460.8 479.4 497.3 518.8 545 572.7 603.5 640.9 679.1 711.7 734.4 737.8 757.2 760.6 758.4 754.8 749.5 740.5 732.6 718.2 706.3 719.6 727.9 735.5 739.5 742.2 745.2 749.2 749.2 745.2 740.6 733.6 725.8 704.2 655.9 601.3 548 507.9 471.7 443.8 428.1 419 410.9 408.1 408.8 410.5 410.8 412.7 416.7 420.7 417.9 416.7 415.9 414.7 415.2 413.3 413 404.1 396.4 396.5 382 333.4 291.6 260.8 238.1 238.1 238.1 238.1 238.1 238.1 238.1
375 381.6 390.2 392.9 409.4 431.2 450.8 470.5 490 506.9 531.1 555.1 581 615.5 650.7 685 717.7 751.1 770.1 768 765.8 763 759.4 754.2 745.3 729.4 717.7 723.5 733.9 739.8 744.2 745.7 748.6 753 754.4 753.2 748.5 741.7 733.2 723.8 708.7 660.3 606.8 561.5 526.5 478.4 445.8 425.7 417.1 410.8 407.6 397.8 397.5 398.1 399.7 402 407.5 407.6 407.1 405.2 405.7 404.8 404.5 402.9 395.9 387.8 377.3 355.9 320 280.3 247.9 238.1 238.1 238.1 238.1 238.1 238.1 238.1
387.9 392.8 405.4 400.3 418.4 439.3 459.2 478.1 498.4 515 536.6 560.5 589.8 624.9 660.1 693.7 726.5 760.4 775.9 776.2 771.2 767.2 761.6 756.9 749.7 735.8 733.1 738 743.4 747.2 748.4 749.6 751.9 753.9 755.5 753.4 748.1 740.7 730.6 720.5 708.6 670.9 620.5 575.3 532.5 494.9 458.7 430.7 417.1 410.7 403.4 395.8 385.5 383.9 388.2 392 393.8 395.4 395.1 391.4 392.9 392.9 389.9 388.9 386.6 382.5 366 326.5 309.2 277.1 238.1 238.1 238.1 238.1 238.1 238.1 238.1 238.1
401.1 406.6 415.3 408.5 427.7 447.2 466.1 486.2 507 524.7 545.9 570.8 600.8 635 671.1 704.7 735.7 768.9 781.3 779.6 776.1 771.4 765.6 760.4 753.1 747.1 744.6 745.7 748.5 750.4 751.6 750.9 752.2 752.5 752.1 749.4 745 736.6 727.1 717.7 706.3 688 644.9 600.4 556.6 511 477.6 444.2 425.1 416.7 405.6 396.4 383.2 373.4 376.3 378.7 382.5 385.2 382.1 380 380.2 377.5 377.4 375.7 375 364.4 354.7 316.2 288 254.8 238.1 238.1 238.1 238.1 238.1 238.1 238.1 238.1
416.1 421.8 423.7 417.9 439 456.5 474.1 494 513.2 534.2 555.9 580 608.3 644 679.8 717.4 750.5 777.2 785.5 785.5 781.4 776.2 771.2 763.1 757.2 750.7 749 749.8 753.5 753.9 752.6 751 749.6 747.7 746.4 742.5 736.5 730.2 721 713.4 703.1 691.2 667 629 583.7 529 504.8 468.6 441.7 425.8 403.8 394 377.3 366.7 365.6 370.2 373.5 373.1 368.7 370.9 366.6 365.4 363.9 362 362.4 352.4 339 297.7 264.3 238.1 238.1 238.1 238.1 238.1 238.1 238.1 238.1 238.1
432.9 436.7 433.4 429.8 446.8 463.8 481.4 501.5 520 537.7 563.8 589.9 616.6 661.8 698.2 728.1 761.4 786.1 793 790.3 786.7 779.7 774.8 767 759.9 753.8 751.1 752.3 754.4 754.8 751.8 749.7 746.4 743 738.8 734.1 729.3 723.2 715.1 707.6 698.8 691.5 675.8 641.3 598.7 560.5 529 489.1 464.9 442.7 412.4 389.8 373.4 363.7 362 363.2 366.1 362.1 357.5 356.7 355.8 352.4 349.7 345.6 345.2 337.6 324.5 283.6 248.9 238.1 238.1 238.1 238.1 238.1 238.1 238.1 238.1 238.1
449.7 450.9 443.6 441.5 456.6 469.9 488.4 508.9 529.2 551.2 574.8 598.9 632.2 671.9 701.9 736.4 772 793 796.7 794 789.3 781.8 775.7 770.3 760.5 755.2 751.7 751.1 751 751.1 748.8 745 741.4 736.6 731.5 726.6 720.8 713.8 707.6 702.4 697.6 688.4 678.9 660.6 620.2 590.6 552.7 530.1 488.1 457.1 429.1 393.1 374.4 360.9 356.5 358.4 357.4 351.6 345.6 346 341.7 338.9 332.8 330.7 327.4 319.7 300.6 261.1 238.1 238.1 238.1 238.1 238.1 238.1 238.1 238.1 238.1 238.1
464.4 466.9 456.8 454.6 464.7 479.1 496.2 516.3 539.3 560.5 585.1 613.3 644.9 684 730.1 756.4 785.3 798.7 801.8 796.2 791.2 782.3 774.1 768.9 763.3 754 749.8 747.6 746.3 742.7 739.7 736.5 732.9 728.8 722.9 716.8 710.2 705.7 700.5 695.7 692.2 686.8 678.7 673 642.4 617.4 602.3 560.3 517.1 479.7 455.6 397.7 374.2 359.6 350.4 351.7 349 342.6 336 333.2 330.7 326.7 322 318.9 311.2 301 270.8 238.1 238.1 238.1 238.1 238.1 238.1 238.1 238.1 238.1 238.1 238.1
484.7 482 466.5 470.3 475.7 485.8 501.2 521.5 547.2 568.1 590.8 632.9 660.8 703.8 747.8 775.2 789.1 798.3 801.4 795.7 786.8 778.3 770.2 764.2 758.8 752.8 748.7 744.3 737.9 734.3 731.3 727 721.8 715.2 711.4 706.5 700.5 692.9 689.1 686.9 683.6 681.9 675.6 672.4 667.7 647.1 618.6 583 538.8 492.9 450.8 405.9 377.1 359.2 349.1 341.2 336.6 334.8 329.5 323.3 316.6 313.6 310.2 306.6 298.1 274.4 250.9 238.1 238.1 238.1 238.1 238.1 238.1 238.1 238.1 238.1 238.1 238.1
503.7 498.9 479.7 484.1 493.2 495.6 511.4 531.6 560.7 578.8 611.9 645.8 683 730.2 764 781.4 785.6 789.8 790.1 785.5 781.4 772 765.7 758.4 752.4 747.4 744.2 740.8 732.4 722.3 721.8 716 709.8 705.3 702.2 698.2 690.2 679.7 675.3 674.4 672.5 671.4 667.1 667.5 666 655 630.4 599.1 548.9 496.9 457.7 406.5 376.2 357.4 343.7 342 333.6 320.9 315.3 315.3 309.6 303.7 298.7 292.2 278.1 256.3 242.6 238.1 238.1 238.1 238.1 238.1 238.1 238.1 238.1 238.1 238.1 238.1
524.5 513.1 495.7 493.7 505.3 512.7 524.2 543.2 568.1 594.9 629.5 663.6 712 751.9 775 779 780 779.5 780 777.9 772 766.8 757.2 752 745.6 739.3 735.6 732.3 724.4 717.5 709.5 704.7 699.1 694.4 690.2 684.9 678.3 667.2 660 661.3 660.9 657.8 657.6 656.4 658.1 651.7 638.7 606.6 558.3 506.4 457.2 415.5 385 362.5 342.5 337.8 333.4 325.1 310.1 295.7 301.5 291.3 286 279.7 260.8 244 238.1 238.1 238.1 238.1 238.1 238.1 238.1 238.1 238.1 238.1 238.1 238.1
547.3 526.6 511.5 509.2 513.5 525.9 537.9 554.3 578.9 609.2 643.2 677.7 712.5 748.5 768.2 772.5 773.3 773.9 771.2 767.2 764.7 758.5 749.6 744.8 736.4 731 726.2 722.3 716.9 708.1 698.4 691.8 687.7 683.5 678.2 672.7 666.2 657.8 648.1 647.6 647.2 644.7 647.7 643.5 643.8 644.1 635.6 609.2 568.7 512.9 461.2 422.2 395.8 371.1 350.2 337.7 329.2 318.6 309 296.3 283.2 283 276.1 264 247.2 238.1 238.1 238.1 238.1 238.1 238.1 238.1 238.1 238.1 238.1 238.1 238.1 238.1
571.1 545.3 526.5 521.8 524.2 535.5 547.2 567.8 589.9 618.8 648.8 685 723 757.2 763.2 765.6 764.9 764 763 759.8 755.7 747 740.2 734.5 725.9 718.7 714.3 710.6 706.4 700.8 691 678.5 675.4 672.2 667.2 662 655.2 647.6 641.4 637.8 637 637.2 634.8 633.4 634.2 634.9 629 612.1 569.2 510.8 468.4 434.2 401.5 379.5 358.1 342.9 328.3 315.3 303.2 291.2 281 272.3 265.8 255.4 238.1 238.1 238.1 238.1 238.1 238.1 238.1 238.1 238.1 238.1 238.1 238.1 238.1 238.1
585.4 561.1 540.1 539.4 544.2 548.2 557.7 576.4 601.7 627.1 659.5 706.4 740.6 757.1 758.4 756.6 754.9 754.2 753.7 748.6 742.8 737.1 730.7 723.3 711.1 704.2 700.2 698.2 696.8 690.7 680.6 671.9 665.8 659.9 655.6 650.1 644.2 638.8 633.9 627.3 627.2 625.8 624.7 625.5 628.9 620.9 614.8 601.3 579.7 530.1 490.6 453.9 420.9 394 368.3 345.1 326.4 308.2 294.8 285 277.1 270.1 262.4 248.4 238.1 238.1 238.1 238.1 238.1 238.1 238.1 238.1 238.1 238.1 238.1 238.1 238.1 238.1
595.7 573.5 557.7 557.7 561.5 567.1 579.2 597.6 634.5 650.9 685.7 706.5 744 752.7 752.4 749.8 746.6 743.7 739.7 737.6 731.7 726.9 718 710.1 700.5 692.2 684.1 683.1 682.8 676.7 668.5 662.4 655.3 650.1 645 637.9 634.7 627.7 622.1 615.8 615.1 614.9 614.6 614.7 616.2 608.7 600.9 596.6 589 562 516.6 470.6 439.6 409.9 377.1 347.3 320.4 304.2 288.9 281 275.6 269.1 261.4 251.6 243.3 238.1 238.1 238.1 238.1 238.1 238.1 238.1 238.1 238.1 238.1 238.1 238.1 238.1
601.9 589.4 585.7 576.6 579.5 584.6 603.5 623.3 659.6 679.3 720.7 751.9 750.7 752 749.1 744 738.7 734.3 731 727.6 721.7 713.3 704.7 694.9 688 681.1 672.8 667.7 665.7 664.2 658.6 651.2 644.4 639.5 634.8 628.9 623.4 617.3 610.9 605 604.8 603.6 604.1 604.3 600.2 592.2 589.1 590.7 584.1 574.2 549.9 491.9 454.7 419.7 381.1 345.7 319 300.5 287.5 279.8 276 271.6 269.1 256 246.8 238.1 238.1 238.1 238.1 238.1 238.1 238.1 238.1 238.1 238.1 238.1 238.1 238.1
619.2 606.6 618.7 598.9 602.3 610.1 630.3 653.8 683.2 725.1 766.8 765.7 758.6 753.1 746.4 739.9 733.3 726.2 721.4 716.6 709.5 700.4 689.7 684.4 678.1 669.8 662.6 652.1 653 648.2 643.8 639.6 632.7 629.2 623.7 617.1 610.1 605.4 601.2 598.5 594.9 593.1 591.4 590.1 585.2 583.5 576.5 571.6 571.4 566.5 548.8 510.3 469.7 429.4 395.2 348.1 319.3 303.5 291.9 285.8 278.5 275.6 274.3 263.1 250 238.1 238.1 238.1 238.1 238.1 238.1 238.1 238.1 238.1 238.1 238.1 238.1 238.1
