ny/ny41_OST50GRID_20230518/NY41.asc
ncols 200
nrows 200
xllcorner 340000
yllcorner 510000
cellsize 50
[rows 0 to 34 of 200, columns 78 to 155 of 200]
159.7 151.8 149 144.6 144.6 144.6 144.6 144.6 144.6 144.6 144.6 153.3 165.6 185.5 211.5 234.3 255.1 287.7 314.2 337.4 347.3 360.9 373.1 402.8 432.4 470 500.1 521.8 527 521.4 515 511.3 507 502.1 496.1 489.7 495.9 506.5 519.6 529.7 538.1 543.7 547.1 549.5 549.2 545 542.7 538.7 533.9 531.2 527.4 522.6 516.9 512.5 508.3 503.4 500 497.1 493.2 487.9 485.6 481.9 476.3 470.4 453 429 422.6 428.3 423.7 418 412.1 405.8 399.8 386.3 377.8 374.8 378.5 378.6
165.7 154.6 148.3 144.6 144.6 144.6 144.6 144.6 144.6 144.6 144.6 155 167.9 189.8 219.3 239.4 262.1 295 323.7 345 354.2 366.1 380.3 412.9 448.6 482.1 506.4 524.1 527.7 523.6 516.7 512.7 508.7 502.2 498 493.3 500 510.6 523.5 534 543.2 548.3 550.8 551.8 551.7 548.7 543.4 537.8 532.8 527.9 524.6 520.8 517.1 512.7 507.7 503.4 499.9 496 491.6 486.4 483.4 478.6 474 467.7 456.3 430.9 409.8 404.1 400.2 397.2 394.2 388.2 384.6 381.1 383.1 385.5 386.2 388.4
173.2 159.2 148.2 144.6 144.6 144.6 144.6 144.6 144.8 144.6 147.9 154.5 172.3 190.2 219.3 244.7 266.8 299.3 328.9 349 358.9 368.1 386.6 416.5 456.1 484.5 508.1 525.9 526.4 521.8 516.3 513.7 510.7 504.9 500.7 497.6 501.9 511.8 523 535.6 545.1 551.2 553.8 555.7 554.1 549.5 543.6 538.9 532.5 529.3 524.6 519.6 515.3 510.9 506.3 502.2 496.9 491.8 485.9 482.3 477.8 471.2 463.7 456.1 437.9 415.6 419.4 422.1 417.7 412.5 406.5 403 399.1 396.7 394.1 395 398.7 401.2
188.5 167.5 147.9 145.9 145.8 145.1 145.2 145.7 145.8 145.9 151 158.8 172.3 191.3 217 248 272.3 299.5 326.8 348 357.6 369.4 392.3 422.6 462 488.1 510.9 522.6 523.6 521.5 519.1 516.8 513.9 509.2 505.3 503.3 503.5 513.4 524.8 535.5 543.8 551.7 555.9 558 555.7 550 544.2 541.8 536 530 525.8 519 513.3 509.9 504.1 496.2 486.5 485.8 482.6 469.1 462.9 456.1 449.7 438 441.3 442.8 441.4 435.6 430 423.3 418 410.8 407.7 405.2 408 411.8 410.5 413.4
201.6 169.9 146.4 145.9 146.1 146.1 146.8 146.9 147.9 148 154.6 161.7 170 192.6 217.9 238.8 269 291.7 320.4 342 351.8 369.2 395.5 427.7 464.7 494.7 515 520.6 522.3 524.1 524.1 522.1 518.7 512.7 510 508.5 505 512.7 524.3 536.1 546.9 553.6 557.7 558.6 555.8 551.3 545.3 540.5 535.8 529.1 523.3 519 512.8 504.4 504.5 502.5 500.2 495.2 490.8 485.3 477.5 472.4 465.8 461.7 459 454.7 452.1 448.1 441.8 437.6 434.2 431.9 430.4 430.8 424 423.5 418.4 421
191.6 164.3 146.5 146.4 146.3 146.8 147.7 147.8 148.8 149.7 161.9 169.2 172 194.5 217.1 234.6 261.6 284.9 311.5 331.7 347.2 368.4 398.9 431.5 466.4 497.4 510.4 519 524.7 527.7 529 527.2 523.5 518 513.7 512.8 507.8 513.3 522.8 537 547.6 554.5 558.8 560.5 557.6 552.4 546 540.8 535.4 527.9 522.9 516.7 512.6 510.7 510.1 507.9 504 500.5 497.1 493.5 487.5 482.2 477.1 470.6 467.7 465.4 462.4 458 453.2 449.4 444.8 442.2 442.2 439.2 437.2 430.5 422.4 415.8
185.8 162.7 146.5 146.5 146.6 147.2 148.1 149.4 149.9 154.4 167.5 172 173.3 193.6 216.3 233.1 262.5 280.5 302 327.1 344.6 367.8 398 432.2 466.3 496.2 508.8 520.2 529.7 531.4 531.9 529.7 527.3 522.3 516.4 515.2 513.3 516.1 523.8 536.6 545.9 553.8 558.2 559.8 558.3 553.3 546.9 540.7 535.6 528.2 521.8 518.2 517.7 516 514.5 511.6 508.8 505.6 503 498.9 493.5 488.2 482.7 478.5 475.9 473.1 469.4 465.9 459.1 454.2 451.4 450.5 451 445.2 439.4 430.1 419.3 409.6
178.3 153.4 146.4 146.6 147.2 147.8 148.8 150.2 151.1 153.5 169.5 173.1 174.9 191.3 211.6 229.3 254.8 280.1 299.2 323.1 342.6 365 397.6 438.3 474.1 499.9 513.1 526.1 532.9 534.2 535.6 534 529.5 526.1 523.4 519.7 516.6 518.7 524.2 536.8 545.3 552.6 558.2 558.6 557.2 552 548.1 542.2 536.2 528.3 525.6 525 524 520.3 518.4 517.3 516 512.9 509.4 504.6 500.4 497.2 490.1 485.5 482.5 477.1 471.3 465.4 459.3 455.9 452.3 450.6 448.9 442.4 432.5 420.4 409.1 395.9
171.7 150.5 146.7 147.1 147 147.8 148.8 150.2 156.6 161.9 159.1 172.7 176.7 189.8 208.4 228 251.8 279.3 296.6 319 339.1 364.2 401.7 446.5 480.2 501.3 517.2 528.3 534.6 540.4 541.7 539.4 534.7 529.5 526.3 523.7 519.1 521.9 528.1 536.3 544.8 551.2 556 558 556.9 553.6 549.7 544.4 539.4 535.3 532 530.9 529.9 528.8 524.5 523.2 523 524.1 519 514.8 510.9 505.2 496.3 489.2 484 478.5 471.6 463.6 458.9 456.7 448.4 443.2 438.6 431.6 422.9 406.1 395.2 382.6
164.3 151.2 147.1 146.6 146.9 147.8 148.7 160.8 168.5 170.3 165.5 171.2 174.3 184.9 203.3 223.2 249.8 277.7 292 315.3 336.2 363.5 399.3 437.9 475.3 500.4 516.3 528.7 539.5 546.5 545.8 540.1 537.4 532.1 528.4 525.5 522.5 526.8 532.8 539.8 546.5 551.7 556 559.3 558.5 556 551.9 546.8 542.4 538.7 535 533.6 535.1 534.8 533.1 531.5 530.5 532.8 525.1 521.4 513.5 505.2 497.4 490 482.7 475.8 469.3 461.3 455.2 447.7 440.4 433.3 427.8 418.1 405.3 390.5 378 365.1
162.3 155.4 147.3 146.8 147.2 147.5 154.1 172.6 176.7 175.4 169.7 168 170.9 179.8 199 216 243.3 271.6 286.3 307.6 331.8 359.6 393.3 433 469.5 495.6 513.6 527.8 538.8 545.3 544.3 540.6 535.8 532.8 529.7 527.8 525.9 531.8 538.5 545.7 551.5 556.2 560.2 561.9 560.7 556.6 553.3 549.8 545.3 541 537.6 535.9 538.6 539.1 538.3 535.8 534.4 533 527.7 521.3 513.4 504.9 494.3 485.5 478.3 470.9 462 453.5 446.4 439.9 431.3 424.2 413.7 400.3 387.2 372.7 361.4 347
167.7 158.1 151.4 149.3 147.7 153.3 168.6 184.1 183.3 180.1 174.9 168.4 168.9 178.2 194 211 234.8 260.4 277.7 300.4 324.5 354.5 390 429 464.3 491.2 509.3 523.9 535.8 541 543 540.6 537 533.1 530.8 529 530.2 537.5 544.1 550.6 556 560.5 565.5 566.2 562.9 559.4 555.8 552.4 548.7 544.1 541.1 538.8 541.2 541.5 539.8 537.3 533.1 528.6 524.7 517.2 509.5 500.6 491.4 482 472.6 464.5 455.4 448 440.1 431.5 422.2 410 397.7 384.2 372 356.5 341.7 332
172.2 159.9 157.6 154.1 152.5 164.7 183.5 198.5 198.8 191.7 176.2 170 169.8 177.2 190.5 206 227.3 248.6 268.3 292.8 318.5 348.1 383.4 423.6 457.1 481.6 498.1 511.9 525.9 535.1 539.4 541.1 538.1 534.9 533.1 531 533.4 541.9 549.8 555 561 564.5 570.3 568.3 564.6 561.6 557.8 554.8 551.1 548.3 544.5 542.3 542.6 540 535.2 532.3 527.8 521.8 517 509.9 502.2 495.2 486.3 477.3 469.5 463.3 458.6 452.9 442.4 428.7 414.9 400.4 377.2 369.1 354.9 339.4 334.2 330.5
177.3 167.1 161.4 161.5 163.1 178.8 201.4 220 214.8 197.8 178.3 170.5 170.7 172.3 186.7 201.5 220.4 242 262.9 286.8 312.4 340.7 374.3 413 438.4 462.8 483.3 503.9 520.5 532.6 538.9 542 540.5 537 535.3 535.5 538.3 543.7 551.4 559.8 565.9 571.3 572.9 570.9 567.2 563.6 559.7 556.8 553.3 549.7 544.4 542.1 539.3 534.2 529.6 526 521.5 515 508.8 502.4 495.2 488.9 482.2 475.4 470.7 468.2 464.1 456.7 444.9 427.5 410.9 392.5 373.1 355.6 345.2 348.5 346.2 344.5
181.1 176.2 174.3 176.7 181.6 197.6 227.6 247.1 239.4 210.1 182.8 172.1 171.5 172.3 186.9 201.3 218.1 236.5 256 280 307.5 330.4 362.8 394.2 423 454.2 482.2 505.1 524.1 535.5 544.4 545.5 542.3 539.6 537.9 538.3 543 547.8 555.1 561.7 567.4 572.6 575.6 574.5 569.7 565.7 561.9 557.6 553.2 549.6 544.3 539.4 531.7 523.2 517.4 509.6 503.9 498.8 497 490.8 485.3 479.9 476.3 473.8 472.5 470.9 466 455 441.6 423.5 402.4 379.5 360.5 352.7 357.6 360.8 359.9 356.7
190.3 188.6 187.9 192.3 202.1 230.6 263.1 267 252.9 222.3 188.6 172.8 172.7 174.5 184.9 198.7 214.7 232.6 253.1 276 300.4 328.1 360.5 394.2 428.4 460.6 488.2 512.4 530.2 543.9 552.4 548.8 544.6 543 541.6 543 546 552.3 559.8 565.4 569.2 572.6 574.9 573.8 571.2 566.9 562.4 558.1 553 548.7 544.2 537.8 540.2 534.5 530 526.5 517.7 502.4 494.6 492.1 482.4 471.1 455.2 464.5 464.3 460.6 454.6 445 430.4 410.8 393 368.4 361.4 372.1 375.2 381.3 378.7 371.9
195.6 199.5 200.3 206.6 226.4 256.7 291.2 286.4 256.8 221.2 191.1 173.7 173.3 173.2 182.4 196.7 211.7 231.6 251.8 277.1 304.4 334.1 365.9 400.7 436.2 467.8 497.1 521.9 539.1 550.5 554.5 550.9 548.6 546.3 545.7 548.2 553.7 559.2 565 568.7 571.2 572.6 573.3 572.4 569.9 566.7 562.4 558.3 554.7 551 543.4 545.8 543.7 537.7 532.2 526.2 518.1 510.5 501.7 492.7 483.3 475.1 466.9 439.1 450.5 447.9 438.4 426.3 407 393.7 378.8 374.2 381.4 388.6 392.9 392.7 390.1 382.3
209.2 213 212.7 222.8 247.9 276.4 306.2 284.2 250.5 218.6 192.1 175 175 174.6 176.8 192.8 209.2 228.8 251.7 277.5 307.3 338.7 372.9 408.8 445.4 478.8 510.3 533.6 550.6 558.6 557.1 553.5 551.9 551.2 550.4 554.3 560.1 565.1 569.3 572.1 573.3 574.9 573.6 572.1 570.2 567 562.5 559 553.6 552.2 552 548.2 544.6 538.6 532.1 525.2 516.1 506.1 497.6 489.2 479.7 471.8 461.9 446.9 427.6 432.7 422.8 408.4 397 390 395.1 392.4 401.2 405.9 406.7 402.9 399.3 390.9
222.4 225.3 227.2 245.1 275.2 303.6 322.8 286.9 248.8 217.7 191.2 176.6 176.2 176.5 175.9 189.2 207.7 228.9 252.7 278.9 311.6 346.3 381.3 417.1 453.3 490.3 524.7 544.1 554.9 563.5 562.3 558.8 556.1 555.3 556.6 562.6 568.2 572 574.1 575.4 575.6 576.8 575.9 573 570.5 567.2 563.5 560.1 557.9 556.5 555.5 550.6 545.6 539.2 532.1 523.3 513.6 503.1 493.1 483.6 476.7 466.4 457.2 444.2 422.7 413.2 415.1 406.2 401.1 407.9 407.9 410.5 415.3 417.9 415.8 411.4 405.8 397.9
229.5 236.4 243.4 269.6 304 338.7 322.8 287.7 249.5 219.4 193.5 177.6 177.2 177.2 177.5 187.1 208.3 230.4 254.5 283.6 316.9 352.6 389.5 424.9 462.1 504.3 539.9 550.3 559.7 566.4 567.2 564.4 561.4 561.4 564.5 568.8 573.5 577.4 578.2 578.6 578.7 578.4 577.7 575.4 572 569.4 565.5 562 561 561.3 558.6 553.3 547.3 539.6 530.8 521.4 511 499.3 490.3 480 467.1 455.5 437.7 432.2 435.1 427.6 420.6 414.6 418.6 420.2 421.1 423.9 426.8 425.3 422.8 418.2 409.5 401.1
246.6 256.6 267.3 294.6 333.8 352 321 281.5 246.7 219.4 194.8 182.8 179.2 178.4 180.5 189.9 209.4 231.1 256.6 286.1 320.1 355.7 391.6 427.9 467.7 520.9 548.7 557.2 563.3 572.4 572.3 567.7 566.9 566.8 570.1 574.1 579.1 582.7 582.8 583 581.8 581.4 580.1 577.5 574.6 571.2 568 566.4 565.6 565.5 562 555.9 549.1 541 532 521.5 509.5 500.1 488.8 477.2 458.5 448.7 452.1 447.6 440.7 433.9 425.3 427.8 428.3 432 434 435.9 435.5 432.5 428.2 420.6 411.8 403.7
266.5 280.1 295.3 321.9 361.4 348.3 312.9 276.6 244.3 216.8 194.6 180.4 180.2 180.1 183.1 191.7 209.1 230.2 256.4 287.3 322.3 357.5 393.3 432.9 479.8 520.9 549.8 558.9 566.7 572.2 572.5 571.4 571.4 572.6 575.8 579.9 584.9 587.4 588.7 587.5 586.1 584.3 581.1 579.3 577.1 573.7 571.6 570.8 570.6 568.9 565 558.1 550.8 541.2 531 516.6 509.3 501.9 485.1 466.8 461.9 467.8 462.7 456.4 448.9 443.2 438.1 439 440.1 442.7 445.4 445.4 444.1 440 431.6 423.9 413.6 406
302.2 315.1 323.7 352.6 365.4 345.8 306.4 271.9 242 214.9 197.5 182 181.2 182.4 185.9 190.5 209.7 229.2 257.3 289.9 325.3 359.1 394.6 435.7 479.3 521.5 550.6 560.6 567.6 571.7 572.3 573.6 575 576 579.5 583.8 589.9 593 593.9 592.2 588.8 586.6 584.5 582.6 581 579.4 577.8 576.2 576.4 573.2 568.4 560.3 551.1 540.7 521.4 505.4 493.8 484.8 474.9 477.3 481 477.4 472.5 465.1 458.6 452.7 451.4 451.4 451.6 453.2 454.5 453.5 450.5 444.2 435.6 426.5 417.2 406.1
330.6 344.5 352.8 372.2 372.5 341.8 304.4 267 239.4 217.4 196.5 183.3 183.9 186.9 190.8 195.9 210.2 231.7 255.5 290.2 324.8 358.2 394.8 439.7 482.4 520.2 546.4 559.2 568.2 572 574 575.5 576.8 579.1 582.3 588.3 594.4 596.9 598.4 596.2 592.6 591.3 588.6 587.9 587.3 586.6 584.7 583.7 582.7 577.8 570.7 559.9 551.1 539.6 525.3 513.3 505.1 501.7 496 494 491.5 487.6 482 474.9 469.6 464.5 462.1 462.8 461.8 462.7 462.3 459 455 448.3 440.5 430.7 417.8 412.3
351.6 360.2 379.3 384.6 367.7 332.5 295 266.3 238 217.1 195.8 185.2 188.7 191.8 197 203.8 213.9 231.5 256.3 287 319.4 356.9 398.3 437.1 483.6 520.5 539.5 548.6 560.6 571.4 574.2 576.3 578.6 581.9 586.8 592.9 599 602.9 603.4 600.8 599.2 597.9 596.1 596 595.5 595.3 594.4 592.2 589.9 584.5 576.8 568.1 559.8 549.5 540.1 530.7 522.6 516.3 508.6 506.6 504 498.9 492.6 485.9 479.6 477.5 474.9 474.5 473.2 470.5 467.4 462.7 458.1 450 440.4 426.2 418.1 428.9
363.2 369.7 393.4 388.6 357.4 320.3 285 262.1 237.6 214.3 198 186.8 190.7 195.3 202 210.9 222.3 237.2 259.3 287.7 321.4 357.3 392.4 430.8 473.3 506.3 511.2 521.1 546 567 575.3 578.1 584 587.9 593 598.6 603.4 607.1 607.3 606.5 608.1 607.6 605.2 605.3 604.6 605.4 603.4 601.3 597 592.2 586.3 577.6 568.9 565.6 554.7 544.5 537.6 531.3 525.7 522.8 518.6 513.6 506.2 497.9 491.9 488 485.5 483.3 480.9 476.5 471.9 466.8 460 450.3 438.4 433.5 438.5 442.5
373.3 384.3 397.8 385.6 354.2 317.5 285.5 258.3 234.9 214.2 202.3 189 192.2 197.7 204.9 215.3 228 244.5 261.4 285.1 313.6 343.3 384 414.6 441.6 467.7 479.4 506.8 538.6 566.2 578.4 582.6 587.9 596.2 602.2 606.5 610.9 615.2 615.2 614.5 617.8 616.2 617.4 617.5 617 613.9 611.8 607.9 604.5 600.2 595.1 589.4 585.9 582.5 574.7 563.7 556.4 550.4 545.4 541.8 534.6 528.5 520.6 508.3 503.9 499.4 494.3 490 485.3 479.8 474.8 468.5 460.5 449.2 442.8 446.8 450.8 453.1
383.4 394.3 402.1 391.9 356.7 320.7 285.9 257.1 233.8 216 204.8 191.4 195.3 200.7 208.3 218.6 229.4 244.9 266.1 291.7 317 341.8 366.8 395.1 431.1 459 483.2 510.5 543.4 571.5 582.4 589.8 595.7 604.4 611.3 616.1 621 624.5 623.2 624 628.9 629.5 628.4 628.1 624.5 621.6 618.7 616 612.3 609.8 603.9 601.7 598.3 592 584 577.3 571.3 563.3 556.3 549.1 540.5 534.2 528 521.3 515.7 509.4 501.6 495.7 489.3 481.8 475 467.4 457.5 447.4 454.7 457.8 460.5 464.8
388.3 393.4 406 398.6 355.9 319 284.3 255 232.8 217.2 205.8 192.6 198.4 206.8 214 222.3 235.2 252 274.2 301.6 331.2 366.4 400.1 425.7 459.9 483.4 509.6 533.6 560.8 584.3 592.1 598.7 605.4 612.8 621.5 627.7 634.6 638.7 639.7 640.8 640 640.3 639.2 635.8 631.4 629.2 627.1 623.3 620.6 618.6 613.9 609.8 603.8 596.8 590.1 583.2 575.5 567.5 560.2 552.3 544.4 537.1 531.2 526.6 520.4 514.6 507.2 499.6 490.2 482.6 474.1 464.5 455.6 458.7 464.1 465.6 467.7 470.2
385.3 394.2 407.4 389.6 348.6 314 280.6 252.8 232.2 218.5 206.4 196.2 201.4 210.2 219.3 229.9 240.3 257.6 280.9 310.8 341.5 373.7 408.5 445 483.5 518.7 544.8 566.6 588.2 598.4 603.6 608 614.2 621.1 630.9 637.6 644.1 647.1 649.2 648.5 649.4 648.3 644.7 640.3 637.2 634.8 631.8 630.2 627.5 625.1 620.8 615.1 607.9 601.2 593.8 585.6 577.5 569.8 562 554.1 546.7 538.4 532.4 527.8 522.4 515.6 508.7 499.4 489.7 480.3 469.8 466.5 466.8 468.2 471 472.4 474.5 476.6
386 400.1 408.4 382.4 342.1 309.3 277.9 252.3 232 218.2 208.3 198 204.8 212.9 224.8 236.8 248.7 263.3 289.9 320.2 350.9 383.4 417.2 455.2 493.6 527.9 558.2 579.9 593.9 605 612.2 617.2 622.7 630.3 637.7 642.7 648.4 654.3 656.1 655.8 653.8 651.2 649 646 642.6 639.1 636.1 634.4 630.9 629.4 624.3 618.9 611.8 604.4 596.8 588.2 578.8 571.4 563.6 555.4 546.6 539.7 533.9 526.9 521.5 513.1 505.8 497.8 486.8 474.9 474.5 473.4 472.8 473 475.4 475.8 477.7 479.6
386.4 403.3 402.3 370.2 332.5 301.4 274.5 250.4 233.5 223.5 213.1 202.7 209.3 220.1 229.6 240 257.4 274 299.2 328.6 357.8 390.4 424.3 462.8 497.8 533.4 563.1 584.9 598.5 609.7 616.7 621.2 628.5 636.2 644.5 649.2 653.1 656.5 660.5 659 658.4 655.3 653.3 650.2 647.4 644.1 641.8 639.6 635 631.1 626.1 621.6 614.5 606.6 598.4 589.8 580.3 571.5 563.3 554.7 545.1 539.3 532.7 525.4 518 510.6 502.5 493.2 484.4 482.9 480.3 478.7 478 478.2 479.8 479.9 480.8 481.7
394 411.9 408.8 376.7 339.6 301.7 275.5 250.2 237.1 223.5 213.5 207.8 212.3 221.8 236.8 255.9 264.9 280 304.2 332.9 363.1 396.4 428.2 465.6 506.3 541.3 565 581.7 596.7 610.9 621 628.3 634.9 642.1 650 654.3 657.2 660 663 662.2 661.2 659.1 656 653 650 647.1 645.2 642.9 638 633.9 629 622.6 615.6 607.5 598.3 588.9 579.6 570.9 562 552.9 543.4 535.7 529.1 521.2 511 504.1 496.4 494.3 492.1 488.9 486.3 483.2 482.7 482.3 482.2 482.6 482.8 482.9
395.9 415.4 411.1 386.1 350.6 305.5 277 254.9 241.6 226.8 217.3 210.6 216.1 226.4 243.3 266.1 281.4 285.3 308.8 338 368.3 399.9 432.1 472 512.9 545 565.5 583 598.9 613.3 624.4 633.8 641.2 649.2 655 658.8 661.1 662.5 664 664 663.1 660.2 657.2 654.2 651.3 649 647.3 644.5 639 633.8 630 624.4 616.7 607.5 597.7 587.7 579.4 570.1 562 552.7 544.4 536.8 529.2 522.8 514.6 507.7 503.8 501.3 497 493.1 490.4 487.8 486.8 485.6 485.8 486.9 486.3 484.1
395.3 412.3 411.5 389.7 349 311.3 283.1 260.5 239.6 230.1 222.8 213.5 221.2 232.2 252.6 277.9 295.9 311.9 311.4 340.7 372.1 405.7 443.3 482.8 516.4 540.4 565.4 585.3 602.6 617.1 629.8 640.1 648.7 654.4 659.5 662.8 664.3 664.9 665.4 664.5 663.1 660.8 659.1 655.8 652.7 649.8 646.9 643.7 639.7 634 628.4 624 615.8 605.2 596.8 587.7 579.3 570.1 561.5 552.8 544.4 536.5 529.9 525.2 520 513.7 508.7 504.5 500.9 497.3 493.8 491.6 489.8 489.1 489.6 489.1 487.6 483
