ny/ny41_OST50GRID_20230518/NY41.asc
ncols 200
nrows 200
xllcorner 340000
yllcorner 510000
cellsize 50
[rows 140 to 174 of 200, columns 0 to 77 of 200]
228.2 201.1 173 156.6 156.6 156.6 157.4 157.9 158.4 159.4 160.5 167.4 172.9 179.2 177.5 176 173.6 174.3 174.6 174.2 177.8 181.5 187.4 195.3 201.8 212.2 220.7 229.1 237.6 247.2 253.9 256 257.2 257.3 250.8 246.7 248.5 263.9 268.3 282.7 289.1 297.3 303.4 302.2 299.9 304.4 313 329.8 350.5 372.9 396.4 409.2 430.2 448.2 459.4 471.9 480.6 489.7 501.9 514.6 526 537.5 553.6 572.2 582.9 590.1 596.2 603.7 613.1 621.4 630.5 638.8 650.7 668.3 685.9 702.1 707.5 662.9
220.6 192.1 165.4 156.6 156.6 156.6 156.6 157.4 157.7 158.6 160.4 169.1 179.7 189.6 188.4 185.1 179.1 175.6 176.3 177.3 179.7 178.9 182.9 186.5 193 202.6 211.1 216.9 222.2 231.4 237.5 241.7 238.6 232.7 233.6 247.5 257.5 270.1 280.9 293.1 303.6 314.7 323.9 329.4 326.6 329 332.2 338.6 347.4 358.7 376.2 392.2 415 437.4 453.3 463.7 473.8 482.3 491.6 504.2 517.5 527.7 545.9 564.2 581.3 591.5 603.8 610.5 619 628.3 643.4 653.7 663.9 672.1 685.3 702.9 714.4 682.3
213.2 184.1 156.8 156.6 156.6 156.6 156.6 156.6 157.4 157.8 161.3 169.3 186.9 196.3 199.3 198.9 193.3 183.3 179.4 178.8 182.1 184.2 180.7 182.7 185.1 189.5 198.5 206.6 214.4 220 220.4 219.9 219.7 228.9 240.3 251.4 263.6 274.3 287.8 303.8 318.3 328.4 341.3 355.5 360.1 359.2 360.1 367.2 371.5 371 372.4 385.8 409.3 430.1 445.8 454.7 465.6 475.7 484.8 494 504.8 516.1 532.6 553.3 575.7 589.6 607 619 627.9 636.8 655.9 673.4 677.9 685.6 690.7 701.4 715.4 696.5
204.1 171.9 156.6 156.6 156.6 156.6 156.6 156.6 156.6 156.6 161.6 172 190.7 202.5 210.4 213.9 210.5 200.4 195 190.2 193.2 191.2 185.3 182.6 182.7 186.4 193.4 194.3 199 205.2 209.8 210.5 220.6 229.5 241.9 251.8 266.2 277.6 294.1 314.8 332.8 346.4 363 375.5 386 392 387 398.1 399.2 399.5 390.1 384.4 401.6 418.7 432 445.1 458.2 468 476.8 486.5 496.7 506 520 537.4 560.2 583 605.7 625.2 635.8 648.3 663.4 680.3 688.8 698 702.4 702.1 712 713.5
189.4 159.5 156.6 156.6 156.6 156.6 156.6 156.6 156.6 156.6 160.2 175.2 192.5 205.8 219.2 229.1 233.9 225.6 214.4 210.5 206.7 204.2 197.4 190.9 186 186.8 186.6 190.3 195.5 199.9 205.6 204.9 217.6 227.7 239 250.8 264.3 277.3 296.8 322 339.8 360.1 379.4 391.2 403.3 415.1 419 427.5 424.3 425.1 416 401.7 400.3 405.4 420.4 436.1 448.5 455.3 466.9 476.6 487.6 499.3 510.3 522.7 543.1 567 593.7 619.3 637.6 656.4 678.6 696.3 706.7 713.8 713.1 715.1 712.9 720.4
176.3 156.6 156.6 156.6 156.6 156.6 156.6 156.6 156.6 156.6 160.7 174.8 192.3 212.7 230 240.1 252.4 250.5 237 228.7 224.2 217.8 209.9 201.3 197.4 198 201.4 202.2 198.2 195.1 200 200.4 212.3 220.5 236 248.4 260 276.2 301.6 325.4 344.6 368.8 390.9 410.1 422.1 432.7 444.2 455.7 451.5 448.4 436.4 430.9 418.1 410.6 414.7 428.2 438.7 447.2 455.6 467.1 477.2 488.7 499.6 512.2 525.4 548 577.5 603.4 630.1 658.2 685.2 712.2 721.7 730 728.7 722.9 718.7 727.1
166.5 156.6 156.6 156.6 156.6 156.6 156.6 156.6 156.6 156.6 164 179.5 196.2 217.7 239 254.4 268.8 273.5 259.3 249.4 241.9 236.3 226 216.6 211.4 211.2 212.3 216.8 213.8 208.5 203.9 199.4 208.9 218.9 230.4 244.7 258.9 278.4 300.6 323.4 350.1 377.1 401.6 425 440.9 457.3 471.7 486.2 476.1 466.9 459.8 452 437.2 429 413.9 418.7 429.6 437.3 445.9 455.5 466.2 476.7 487.5 498.6 509.9 528.5 556.8 588.8 616.8 646.3 677.2 706.9 724.2 736.5 736.9 726.8 726.9 738.7
162.3 156.6 156.6 156.6 156.6 156.6 156.6 156.6 156.6 156.6 169.7 183.8 200 221.5 244.9 275.9 292 304.9 281.1 271 259 251.9 248.3 238.3 231.1 223.8 227.3 234.8 232.3 223.6 214.6 209.7 205.5 218.9 227 239.4 253.9 274.4 295.2 318 346.6 377.8 410.1 437.8 468.2 490.4 510.8 506.2 494.9 487.9 475.2 464.1 451 444.8 431 422.9 419.2 430.3 434.7 445.3 454.2 465.3 474.3 483.5 495 511 536.5 566.2 598.5 632.6 662.4 692.7 715.9 718.4 711.7 724.9 737.5 747.3
157.7 156.6 156.6 156.6 156.6 156.6 156.6 156.6 156.6 156.6 174.3 191.1 214.5 231.2 253.8 278.1 302.7 323.3 306 291.6 285.9 278.7 271 259.3 247.5 242 244 250.9 250.9 238.9 230.2 222.5 207 213.1 228.2 241.4 249.7 269.1 289.4 313.8 341.9 375.4 412 446.8 484.6 517 530.9 526.5 516.8 503.1 489.7 476.9 464.8 456.5 442.3 429.4 424.2 423.7 423.7 434.1 442.4 452.3 459 470.3 479.6 493.6 514.9 545.2 577.8 612.9 642.2 671.5 683.6 680.6 690.4 721.7 738.1 749
157.9 156.6 156.6 156.6 156.6 156.6 156.6 156.6 156.6 161.5 180.3 199 221.8 244.8 264 292 321.9 345.1 339.2 318.6 309.6 304.1 293.1 279.1 271.9 265.9 262.6 264.4 265 257.2 245.7 228.7 214.1 213.2 222.1 245.5 253.4 265.4 286.7 309.7 338.5 370.9 407.7 443.1 483.2 523.3 548.6 544.5 533.9 522.4 505.1 490.1 477.2 465.6 451.3 435 430.8 423.7 423.7 423.7 429.6 443.2 447.3 458.4 467.3 479.7 496 523.1 555.9 588.8 621.5 640.6 639.2 649.4 684.6 713.9 736.6 748.3
158.1 157.2 157 158.5 158.2 157.9 156.9 157.1 158.8 168.1 186.4 205.1 227.6 256.9 280.7 305.1 334.7 366 372.2 348.5 344.3 336.2 321 306 303.3 290.8 282.9 282.3 280.9 270.8 253.8 234.7 219.3 217.2 222.8 235.6 255.3 268.8 285.2 306.6 332.2 363.4 399.7 433.1 469.9 511 542.8 559 551.3 538.2 521.4 503.6 487.5 474.3 460 447.8 434.9 423.7 423.7 423.7 423.7 428.6 437.9 447.5 454.3 462.4 480.8 505.1 534.1 568.2 594.5 595 612.7 649.7 686.2 717.8 735.6 747.3
158.3 157.7 157.6 157.5 159.5 157.6 157.8 157.8 163.1 174.9 193.3 212 236.9 264.3 293.6 328.2 360 394.1 406.8 387.8 386.9 376.9 360.2 348.1 330.3 313.7 303.6 297.5 292.4 279.5 265.6 241.9 225.6 218.3 224 235.6 248.7 269.7 290.3 307.4 328.8 358 389.9 423.3 458.6 496.2 532 568.5 570.2 556.7 539.7 516.4 498.2 483.4 469.1 455.4 439.6 428 423.7 423.7 423.7 423.7 431.7 434.4 440.7 450.5 467.5 488.8 514.2 543.3 554.2 578.2 615.6 649.2 684.7 713.6 731.9 744
158.3 158.2 158.1 158.2 158.3 158.2 158.2 158.3 164.9 178.3 197 221.5 248.4 273.9 306.6 339.5 373.5 411.6 431.1 428.8 443.6 424.8 404.6 375.9 351.5 336 324.2 317.6 305 290.9 273 251.3 235.7 222.9 222.6 233.2 246.6 265.1 288 310.7 331.3 354.2 382.4 415.2 449.9 485.1 520.2 555 586.7 577.1 557 536.5 511.2 492.2 475.6 465 448.6 436.7 423.7 423.7 423.7 423.7 423.7 423.7 431.4 443.2 462.7 477.8 495.6 515.1 539 570.3 604.9 643.1 676.9 706.2 727.2 740.5
158.5 158.7 158.7 158.8 158.6 158.5 158.5 158.5 167 184.8 205.9 234.1 257.7 286.1 323.8 368.9 394.9 431.4 461.2 473.6 478.5 458.7 430.6 403.3 383.1 363.1 345.3 332.9 318.1 300.5 278.7 262.4 241.5 229.1 223.7 230.7 247.4 264.3 286.7 311.7 330.1 351.6 378.4 408.4 441.6 476.1 510.9 545.2 581.8 597.1 575.7 553.7 526 505.2 487.7 473.4 456.8 446.4 432.4 423.7 423.7 423.7 423.7 424.7 437.1 443 454.4 469.4 486.2 503.2 532.4 561.5 596.5 630.7 665 695.5 719 732.6
158.3 159 159.2 158.9 158.9 158.8 158.8 158.8 170.7 192.9 217 240.5 264.9 300.4 347.6 381.5 420.2 450.8 482.4 502.5 505.4 483.7 457.6 432.8 412 387.9 363 344.5 329.6 310.6 292.8 273.1 254.8 237.1 227.2 232 250 268.3 284.6 304.6 327.1 353.9 381 414.3 447.9 484.4 522.3 555.2 584.9 608.4 593.7 569 546.1 521.4 502.9 482.4 465.2 455.3 441 423.7 423.7 423.7 423.7 424.9 431.3 438.9 449.3 461.5 474.3 493 518.6 547.7 582.1 615.7 648 680.4 710.4 726.4
160.4 159.5 159.1 159.1 159.1 159.1 159.1 160.3 173 196.1 221.8 245.5 273.4 310.9 355 392.9 428.1 463.2 497 525.6 526.1 503.1 476.8 451.7 431.7 408.1 383.3 359.4 340.3 320.9 301.4 282.5 267.5 249.3 234.1 233.7 250 260.4 283.1 301.1 326.7 353.3 380.1 411.9 448.7 488.8 526.8 568.2 602.9 626.2 611.9 586.9 565.3 540.8 515.8 497.5 477.9 459.1 440.3 423.7 423.7 423.7 423.7 423.7 427.9 434.8 445.1 451.5 467.6 481.7 503 530.8 562.2 593.1 626 660.9 694.9 713.6
160.3 160.1 159.8 159.4 159.3 159.3 159.4 163.5 178.2 199.8 224.5 249.7 281.2 323.1 364.1 398.8 436.4 472.8 503.7 531.5 539.9 525.6 500.6 475.6 453.1 430.6 403.9 378.3 351.6 329 307.7 291.1 274.5 254.3 239.2 233.1 244.6 262.3 277.3 298 321 346.3 374.2 406 442.5 479.2 519.8 559.3 605 642.5 634.2 605.9 585 559.7 534.5 511.6 487.3 467 451.1 431.6 423.7 423.7 423.7 423.7 424.4 427.9 431.8 437.7 457.1 471.6 491.8 514.9 543.2 571.6 610.1 648.3 676.2 694.5
161 160.9 160.3 159.8 159.6 159.5 159.8 166.2 183 203.5 228.7 257.5 292.4 337.7 377 410.6 445.8 478.7 511.2 540 550.2 544 523.6 498.6 475.1 449.8 424.3 399.9 376.5 344.5 321.4 302.5 281.5 262.7 245.9 236.2 238.9 247.9 271 292.4 317.2 340.7 367.9 399.8 434.5 472.5 513.2 568.4 610.9 650.6 656.9 631 606.2 581.1 556.3 527.5 501.9 479 457.7 440.7 423.7 423.7 423.7 423.7 423.7 423.7 424 436.9 449.1 461.8 481.1 502.8 527.5 559.4 593.5 628.8 647.2 678.2
161.3 160.8 160.5 160.2 160.2 159.7 162 173.3 187.7 209.7 235.7 270.2 308.8 345.3 386.7 421.7 453.6 487.8 519.1 547.7 560.1 562.2 550.9 527.3 506.8 477.3 445.2 421.8 390.8 358.2 332 314.3 292.4 272 250.9 240.8 239.4 243.7 261.1 282.2 306.5 330.9 357.6 389.3 423.7 460.4 501.6 550 597.6 647.3 669.4 660.8 632.7 606.4 583.8 551.6 523 493.4 467.7 454.1 435.1 423.7 423.7 423.7 423.7 423.7 423.7 425 438.5 454.7 469.4 489.2 512.2 542.3 575.6 598.3 639.6 671.9
161.8 161.2 160.7 160.5 160.1 160.2 168.5 176.9 196.4 217.7 242.5 276.1 315.4 355.5 393.6 429.6 463.4 497.8 529.8 551.5 567 579.2 578.9 558.8 533.7 499.9 468 439.4 401.9 370 342 325.5 305 283.8 259.2 244.9 241 243.5 255.3 279.9 293.6 321.5 351.1 383.4 410.9 452.4 494.7 544.2 602.9 638.4 670.2 678.6 676.2 634 602.8 571.2 542.3 510.6 483.7 462.9 440.7 430.7 423.7 423.7 423.7 423.7 423.7 423.7 432.4 445.1 461.2 480.7 502.7 529.8 559.7 596.3 635 667
162 161.3 161.4 160.6 160.3 161.9 170.8 181.6 201.8 228.3 258.7 292.3 327.2 364.8 399.9 437.2 474.3 504.2 532.2 558.6 574.2 597.9 598.6 585.3 554.7 520.1 485.7 456.6 422.2 391.9 359.6 336 314.4 293.1 275.4 254.5 245 244.4 255.9 272.6 293.2 313.7 341 367.5 402.7 444.1 498.8 547.1 584.8 627.6 661.3 681.4 685.9 658.6 629.1 596.1 562.5 530.5 499.9 473.2 449.9 432.4 423.7 423.7 423.7 423.7 423.7 423.7 428.4 436.5 451.9 472.9 498.7 527.3 560.3 594.5 633.7 664.1
162.3 161.7 161.1 161 160.6 164.5 174 185.1 206 235.7 275.7 297.9 332.5 368.7 403.2 439.6 474.4 504.8 534.3 560.7 585.9 608.3 610.7 601.4 571.2 537.8 505.2 471.8 439.8 406 373.1 348.2 323.4 305.4 285.2 264.4 258.8 248 252.1 266.2 285.6 308 330.6 355 391.5 427 465.2 514.7 566.8 617.6 661.9 682.9 689.8 689.5 668.7 626.7 587 553.6 518.3 490.8 467 452.7 435.6 423.7 423.7 423.7 423.7 423.7 423.7 427.5 446.7 463.2 490.5 519.4 554.9 593.2 630 660.9
162.4 161.7 161.3 161.2 161.9 165.6 177 186.9 209.3 238.1 272.7 305.6 338.7 371.1 405.6 441.4 472.2 507.4 541.2 572.9 594.6 611.5 617.4 612.6 588 552 519.1 487.6 454 418.5 387.2 359.1 337.3 316.4 297.6 280.4 266.7 258.1 252.1 260.8 280 298.9 322.5 349.5 381.7 415.8 454.7 498.5 549.1 591.1 644.5 679.5 692.5 696.9 688 644.3 605.5 573.6 544.3 506.1 478.5 459.4 442.4 426.7 423.7 423.7 423.7 423.7 423.7 427.5 438.9 457.9 482.1 513.3 548.5 589.8 624.7 658.6
162.5 161.8 161.4 161.3 166.8 171.1 179.4 192.4 212.4 242.4 273.8 308.8 343.7 376.1 409.8 444.6 475.4 509.6 542.5 573.5 595.1 605.4 616.1 616.7 611.2 570.7 532.9 499.7 467.8 432.6 401.4 375.7 352.9 326.3 308.3 289.4 271.7 268.2 259 261.4 272.8 288.3 312.4 337.7 366.5 404.7 447 485.2 525.9 568.6 617 666.6 688.9 696.2 691.2 657.2 623.5 590.2 559.1 525.6 493.3 470.5 452.6 436.3 428.5 425.5 424.1 424.1 424.2 428.2 438.6 459.7 482.7 510.5 545.9 584.9 619.7 657.4
163 162.8 166.5 166.2 176.3 177.9 186.6 197.3 216.4 245.6 278 312.3 341.6 377.5 411.1 443.8 474.2 507.5 540.4 573 589.5 601.3 613.4 614.3 612.4 589.2 553.6 518.6 480.5 449.9 425.2 396.3 370.4 340.9 316.8 295.8 272.2 263.8 261.3 264.1 267.9 280.6 307.9 330.5 359.8 390.4 428.1 480 525.8 559.9 594.8 630 668.8 692.7 695.9 670.2 639 607.1 574.6 542.1 513.9 485.5 462.6 445.8 434 426.9 425.8 425.7 425.7 430.4 440.7 459.8 483.9 510.9 544 582.3 617.9 659.5
165.1 166.2 174.3 179.6 185 183.9 189.4 202.8 225.5 251.5 283.4 314.4 346.4 377.9 407.2 440.3 473.1 506.1 541.1 568.8 581.4 596 606.4 613.9 611.4 603.1 575.9 539.7 503 480 451.2 419.1 391.8 355.7 325.5 302.5 281.3 271.6 279.2 264 267.1 277.5 299.2 321.2 347.1 378.4 416 457.6 507.8 543.6 583.1 621.4 659.4 686.5 695.8 686 653.9 623.6 589.1 562.1 535 504.1 477.4 455.9 440.4 429.5 427.2 427.4 427.9 431.6 444.3 462.6 485.9 514.3 547.8 583.8 621.5 663.6
167.8 169.1 175.3 184.5 184.1 190.6 194.8 209 229.6 254.3 287 314.6 344.1 376.5 409.1 435.6 469 501.4 532.7 553.9 567.7 586.9 598.2 601.4 606 609.4 598.1 561.2 530.3 504.9 472.5 436.3 402.4 359.8 333.3 313.5 299.1 284.3 282.9 270.8 268.3 275.2 293.6 310.8 338.1 368.2 403.4 444.2 482.3 532.3 576.5 610.3 639.9 669.2 687.5 696.2 668.4 638.9 606.6 577.6 552 525 492.7 468.4 449.9 435.7 429.8 429 432.2 437.7 451.3 467.6 490 518.1 553.5 588.7 628.3 671.8
169.8 172 175.9 182 189.8 197.7 205.3 216.6 233.1 259.6 285.8 313.7 343.6 373.1 397.5 428.6 458.2 487.7 511.7 533.4 552.5 565.7 579.3 590.5 598.2 606.5 608.5 584.2 555.8 528.7 488.1 449.1 407 371.6 343.9 320.9 307 294 283.9 279.1 287 276.9 293 309.8 334.5 361.7 391.9 425.5 466.9 508.5 553.4 594 627.4 655 676 688.2 684 655.5 624.5 595.8 569.8 540.5 510.6 481.1 461.3 442.9 432.5 434.4 436.1 444.6 456.2 474 495.1 521.8 556 594.7 632.2 677.5
170.4 175.8 177.5 182.2 190.9 198.8 209.9 220.4 238.9 263.7 287 310.6 338.5 359.7 381.4 405.2 436.6 465.2 488.8 513.3 533.7 546.8 562.3 577.1 586.5 598.3 608.1 595.4 570.6 547.7 500.2 459 414.4 383.5 355.3 334.2 315.7 303 298.1 296.6 291.4 283.6 290.9 307.5 330.9 354.5 378.9 411.4 447.8 488.8 534.9 571.7 606.5 642.3 666 682.3 686.7 674.5 644 612.3 583.9 557.7 527.3 496.9 467.8 456 441 437.9 441 450.2 463.3 478.7 499.1 526 558.5 596.2 634.3 679.4
167.4 182.6 193.6 188.1 189.3 197.1 210 221.6 235.9 254.5 275.2 296 320.2 341.2 361.1 382.4 407.1 432.8 469 490.5 512.1 527.6 543 559.6 575.8 586.8 601.9 600 585.3 557.6 514.9 476.1 433.4 396.7 388.6 352.8 333.3 328.2 320.1 312.8 302.8 295.4 288 305 324.3 345.3 369.9 400.3 437.4 476.3 520.5 555.3 595.1 627 655.1 673.9 683.6 681.9 657.6 627.7 598.2 570.2 541.7 510.8 485.4 473.4 454.6 439 449.8 453.2 473.5 487.3 506.5 529.2 561 599.1 637.8 681.3
167.5 178.3 192.4 193.1 198 205 214.9 228.7 246.3 262.5 267.6 279.7 298.4 317.9 340 361.9 379.1 407.9 437.7 465.5 488 507 524.7 542.3 558.5 575.5 592.5 598.2 594.3 576.2 533.1 492.1 454 415.7 400 376.3 360.3 347.1 339.8 330.8 318.8 307.8 297.1 296.8 319.1 340.8 364 392 425.7 467.4 500.5 539.9 579 614.3 641.2 661.5 677.3 686.5 670 641.5 610 579.7 552.2 521.3 498 488.5 462.1 447.2 456.4 473.2 472.2 494.6 513 537.3 567.9 598.7 636.2 679.2
168.1 186.9 191.3 195.3 199.6 208.7 220.8 235 253.2 274.5 293.3 308.7 315.5 311.2 319.8 339.1 361.1 384.4 412.3 435 460.7 486 505.7 524.6 542.7 562.2 580.1 590.8 595.4 586.2 547.3 508.2 470.3 443.3 420.1 410.7 394.4 379.3 360.1 350.9 336.9 325.4 320 302.9 318 338.3 364.1 390.2 419.9 455.7 490.1 524.4 557.8 595.4 630.4 656 674.2 687.5 680.2 654.1 621.7 590.1 560 530.7 507.9 496.3 470.5 451.4 457.7 468.1 485.6 496.9 517.3 544.5 581.4 620.5 649.6 685.8
169.8 187.1 190.7 194.6 203.2 211.2 224.3 241.9 259 279 301.6 325.6 340.6 339.8 329.2 347.3 354.2 363.6 388.8 413.3 438 462.3 485.8 507.6 527.8 548.7 567.7 581.6 593.1 595.3 571 526.9 490 463.7 446.1 445.2 447.3 414.5 387.9 371 360.1 347 338.8 324.7 319.5 344.9 369.4 394.2 419.8 449.8 480.4 511.6 547.2 584.8 621.6 656.7 672.8 689.8 688.1 664.5 631.7 597.3 566.7 538.5 517.6 503.4 476.9 460.8 462 468.3 488 508.7 521 548.5 590.4 628.2 661 702.9
178.9 190.8 188.1 191.1 203.3 214.3 230.1 247.1 265.4 287 310.3 335.1 357.1 366.9 346.6 358.4 380.9 383.9 379.9 394.1 416 439.4 465.8 491.6 513.3 534.4 556.5 574.9 592.1 596.5 588 546.2 509.3 485.6 472.3 466.3 477.5 456.9 432.3 396.8 388.2 374.3 358 351.4 330.7 352.9 375.8 399.9 422.9 445.5 471.8 500.1 534.9 571.3 609.7 645.6 673 684.8 688.4 671.2 638 604 572.1 543.5 526.2 506.8 479.4 464.9 475.5 481.5 486.6 510.6 527 555.7 598.4 632.9 670.2 713.4
178.5 193.9 188.6 190.1 201 216.9 235.1 255.4 277.3 297.7 324 347.2 368.5 385.8 374.4 356.8 386.7 401.6 405.7 402.5 404 424 450.3 477.8 501.5 524.2 546.8 569 588.9 597.4 598.7 577.1 537.7 512.5 500.5 491.4 498.2 495.7 485.4 448.8 417.4 398.4 381 372.6 357.8 352.9 373.4 398.2 421 441.8 461.9 490.5 523.4 558 595.8 633.7 669.8 685.3 689.3 675.4 642.8 609.4 576.9 547.4 532.1 501.4 486.1 472.5 477.8 488.8 502.1 510.3 536 565.4 604.6 643.2 681.4 726.4
