ny/ny84_OST50GRID_20230518/NY84.asc
ncols 200
nrows 200
xllcorner 380000
yllcorner 540000
cellsize 50
[rows 35 to 69 of 200, columns 0 to 77 of 200]
364.5 352.7 359.7 373 379.5 384 388.1 392.7 395.7 399.4 404.4 408.1 410.9 413.1 408.9 416.8 430.1 440.1 451.8 459.5 468.3 478.5 485.6 490.9 495.7 501.7 507.4 512.5 519 527.6 536.3 542.3 549.4 559.7 564.1 567.7 571.1 571.6 569.2 564.8 562.4 558.8 554.6 550.2 545.6 542.3 540.5 539.1 536.9 534.3 528.3 520.7 517.7 514.5 509.7 506.9 503 498 492.3 485.8 480 473.2 467.1 463.3 459.3 454.6 450.9 445.3 438 430.4 420.1 411.3 403.6 398.1 391.8 388.4 382.9 377.4
365.9 353.9 359.6 374.3 381.4 385.3 390.4 395.5 399.5 404.3 409.1 413.2 416 420 422.4 418.3 421.7 438.1 450 458.1 466.5 476.9 484.6 489.7 494.9 500.5 506.2 511.5 517.9 526.5 535.2 542.4 548 556.2 562.9 566.3 569.6 571.8 571 569.6 562.9 558.5 555.1 550.5 545.3 543.3 542 540.1 537 533.5 525.6 520.6 517.5 512.6 507.9 504.2 499.5 492.5 487.1 481.4 474 468.5 465 460.9 457.1 452.7 445.8 439.4 432.6 427.2 420.2 411.2 402.8 395.3 387.5 381.2 378.9 372.4
366.9 354.9 362.3 376.3 383.3 387.2 391.6 398.1 403.8 408.7 412.6 416.6 421.1 424.3 428.4 431.1 424.4 431.9 448 456.9 464.9 474.1 482.7 488.8 494 499.2 504.6 510.2 517.5 525.5 534.9 542.4 548.1 553.7 561.6 565.4 568.5 569 569.1 566.8 562.3 557 552.8 548.6 545.9 544 542.7 539.9 537.1 532.4 524.5 520.6 517.6 510.2 506.1 499.8 493.6 488.7 482.8 475.2 470.1 466.3 462.8 459 454 447.6 439.5 432.5 427.3 422.2 417.7 410.2 402.4 393.4 385.4 377.8 373.9 370.3
363.3 355.7 365.8 378.1 385 389.2 394.1 399.4 406.6 412.4 416.3 420.5 425 429.5 433.8 438 440.7 439 439.7 455.4 462.4 470.4 479.6 487.9 492.6 497.3 503.6 510.2 516.8 525.3 534.7 542.1 547.8 553 560.3 565.1 567.7 567.7 566.4 564.7 562.1 558 555.4 552.7 547.5 544.7 543.1 540.6 537.6 531.3 524.4 520.5 515.5 508.3 504.7 496.5 490.8 485.1 477.3 472.1 467 463.1 459.9 456 449 442.2 433.8 426.7 421.6 416.9 413.7 407.8 399.7 391.3 381.5 374.9 370.3 367.8
366.7 357.4 364.3 379.7 386.2 391.5 396.1 404 409.2 414.6 419.6 424.6 428.5 435.8 441.5 445.7 451.9 451.6 441.5 450.7 460.7 468.6 477.7 485.6 492.1 496.8 502.6 509.5 518.1 526.6 534.3 541.8 546.9 551.6 557.2 564 567.6 568.3 566.8 565 563.9 561.1 557.9 554.2 548.7 545.2 543.5 541.3 537.8 529.6 523.7 520.5 512.8 507.6 501.7 495.2 488.7 480.4 475 469.9 462.7 457.6 454.7 449.5 442.9 436.6 427.3 421.1 416.1 409.4 404.8 400.3 394.3 386.7 376.6 371.2 368 365.3
371.2 360.3 364.7 380.8 387.7 392.1 397.9 405.2 411.2 416.8 423 427.9 435 442.8 450.3 456.2 461.3 461 458.5 454 458.6 461.2 476.9 485.2 491.8 496.8 502.4 510.4 518.9 526.8 534.1 539.5 545.3 551.1 555.2 560.4 565.2 567.3 567.6 566.2 564.4 562.5 558.4 553.7 548.6 546.4 545.1 541.1 537.4 527.2 523.7 518.1 510.8 506.9 499.2 494.2 487 479.9 473.6 467.5 459 447.3 445.9 442.3 436.4 429.3 422.3 416.9 409.7 402.4 395.3 390.7 384.9 378.8 371.1 366.3 364.1 356.1
372 361 366.8 381.1 388.2 393.9 400.6 407.7 413.9 419.3 425.4 432.2 441.7 451.6 459.9 464.7 466.3 467.1 466.2 465.2 466.9 472.4 478.2 486.9 492.6 497.6 503.7 511.4 519.3 526.4 533.7 539 543.6 549.5 554.1 556.1 559.5 562.8 564.4 564.4 562.3 559.3 555.4 552.2 548.6 547.3 544.6 539.1 531.3 527.1 523.2 516.3 509.6 503.3 497.7 492.3 483.8 477 472.2 465.7 457.5 445.2 436 434.3 428.3 423.5 416.3 408.9 401.3 395 388.2 384.8 378.8 374.4 368 361 359.8 363
369.8 361.9 367.8 382 389.5 394.8 402.1 409.3 415.3 421.5 428.1 436.8 448.8 459.5 466.5 469.2 471.8 473 474 474.1 475 480.2 486.7 491.2 495 499.5 505.9 511.7 519.3 526.4 532 537.6 542.3 547.9 552.8 554.6 556.1 557.2 557.8 557.4 556.4 553.7 551.8 550.6 548.6 546.1 541.2 534.7 530.5 527 521 514.5 509.6 502.2 496.9 490.2 481.3 476.3 470.9 465.3 455.6 440.9 424.4 427.9 422.4 414.4 409.1 402.8 396 390.7 385 380.5 375.9 371.4 365.1 364.4 365.6 366.3
373.1 364 370.4 383 390.9 395.1 402.7 410.6 417 425 432.4 440.9 453.3 465.8 470.6 473.2 476.4 478.6 481 481.5 482.6 487.3 492.3 495.3 498.1 503.1 508.8 513.7 520.8 526.9 531.4 536.1 541 546.2 551.7 553.4 553.3 554 553.6 551.7 550.2 548.2 546.4 546.3 544.6 541 536.9 533.6 529.9 524.9 518.4 513.8 507.1 500.3 495.8 487.2 480.1 475.6 471.1 464.5 445 433.6 418.5 408.8 413.6 404.8 400.4 397 393.6 390.4 384.4 377.6 372.1 366.5 365.9 369 373.7 375.5
376.9 365.4 371.6 383.8 391.1 395.5 402.8 411.5 419.2 427.7 435.5 443.9 456.5 467 473.2 477.5 481.8 484.7 487.1 488.2 489.9 493.8 497.5 499 502.6 507 511.4 516.6 522.8 527.3 531.1 536.9 541.4 545.4 551.1 553.4 550.3 548.3 547.4 546.8 545.4 544.2 542.9 541.5 539.5 536.8 535.4 532.6 527.9 522.2 517.1 511.4 504.1 499.6 491.9 484.1 479.2 474.6 469.6 458.9 445.1 441.9 430.7 414.1 401.1 396 395.5 386.6 388.5 388.7 381.9 375.6 371.1 366.7 371.4 376.5 380.1 379.8
380.1 367.2 372.6 383.5 391.7 396.1 402.1 410.9 419.6 428.6 436.4 445.6 455.9 467.5 475.6 482.2 487 490.5 492.7 493.7 495.8 499.1 501 503 506 510.7 515.2 519.9 525.4 528.3 532.6 537.5 542.1 546.3 549.5 552.2 548.1 546.6 545.7 545.2 544.7 542.9 541.1 540.3 535.6 534.9 528 530 524.5 517.9 512.1 504.9 497.7 490.7 485.8 483.3 478.2 471.9 458.8 448.4 445.5 436 431 422.9 412.3 405.9 398.5 393.2 390.1 385.5 376.5 374.1 367.8 372.3 377.4 382.5 386.2 386
382.1 368.8 372.1 383.4 391.6 396.6 402.7 410.4 419 428.7 437.5 446.3 456.7 467.2 478.2 485 490.6 495.1 498.1 499.5 501.5 502.3 504 506.5 510.4 514.8 519.2 524 528.1 531.2 535.1 540.9 543.6 544.7 546.9 548 547 546.1 545.2 544.3 543.2 541.3 540.5 539.7 537.4 535.8 531.5 523.2 516.1 517.4 506.5 504.1 500.3 493.7 487.2 483.2 478.3 474.1 466.3 455.7 446.5 436.3 430.6 421.1 409.2 400 395.2 391.5 388.9 382.5 375.8 371.7 374.4 380.4 384.8 388.6 391.5 393.3
380.3 374.9 368.3 382.5 390.6 396.7 403.4 410.1 418.7 427.9 437.4 445.5 456.6 468.3 478.7 486.4 493.4 499.3 502.7 503.9 504.8 505.6 507.6 510.6 514.4 518.1 522.9 528.2 531.1 535.1 539.7 544.6 546.5 546.6 546.3 547 546.5 545.8 545.2 544.4 543.5 541.9 541.3 539.4 536.8 533.6 528.2 523.8 520.2 512.9 507.6 503.8 498.6 492 486.9 483.1 478.5 472.2 462.1 450.1 444.1 435.4 428.2 417.4 407.7 398.3 392.6 386.4 379.9 374.8 375.9 380.2 383.6 387.1 390.9 395.2 399.4 400.6
385.7 380.5 370.7 378.1 387.8 396.5 401.9 409 417 426.3 435.2 444.3 455.9 466.7 477.3 488 496.4 502.3 506 506.8 508.1 509.2 511.3 514.7 519 522.2 526.3 530.9 534.5 539.1 544.7 548.6 549.7 549.5 548.4 548.3 547.3 546.5 545.8 545 543.7 542.4 540.4 537.9 534 529.9 525.6 521.9 515.3 510.8 507.2 500.2 493.9 489.5 486.1 481.9 477 468.2 457.6 448.1 440.4 433.8 424.6 413.4 403 395.6 390.1 381.5 375.4 375.8 382.9 385.9 389.4 392.9 396.8 402.1 406.1 407
387.3 383.9 383.3 372.5 384.3 395.7 402.7 409.6 417.5 425.4 434 443.1 455.2 467.7 478.8 490 499 506.1 508.9 509.5 511.3 513 515.8 519 522.9 525.4 529.5 533.9 538.1 543.1 549.7 552.3 553.5 553.7 552.1 549.9 548.3 547.1 546.2 545 543.3 541.4 538.6 535 531.1 527.2 523.2 518.2 513.5 509.6 503.4 497 492.6 489.2 484.6 480.1 472 462.4 453.9 444.6 436.8 430.1 419.2 408.2 399.9 392.6 383.1 378.3 377.8 384.5 388.3 391.6 395.3 397.8 403.1 408.3 411.2 413
391.5 389.7 386.7 378.1 377.5 391.6 401.5 409.3 416.3 425.1 433.3 443.2 453.7 468.1 480.6 491.6 500.9 508.1 510.7 512.4 514.4 517.4 520.6 523.7 526.2 529 532.6 537 541.9 548.6 553.4 555.6 556.8 556.9 555.9 553.4 549.7 546.9 545.4 544 542.6 539.8 536.1 532.3 529.7 525.3 519 516 511.8 506.4 500.9 496.9 493.1 488.7 484.1 478.6 466.9 458.4 447.8 439.9 434 423.8 410.4 403.7 397 388.7 378.9 382.2 384.5 389.3 392.2 396.1 400.9 405.6 409.7 413.8 417.2 419.2
393.9 392.9 390.6 387 375.6 385.7 399.2 408.3 415.2 423.5 432.6 443.8 454.7 468.5 480.8 492 502.4 509.7 512.9 515.2 518.6 522 525.1 528.3 530 532.1 535.9 540.5 547.4 553.8 557.4 558.7 559.5 559.7 558.4 555.9 550.6 546.6 543.9 542.5 540.8 537.3 534.3 531.3 527.4 522.3 518.3 515.2 509.4 503.4 500.3 497.2 492.9 488.2 482.9 473.5 463.5 453.6 444.5 437.2 425.3 416.2 406.8 399.8 393.9 387.4 380.9 387.7 390.9 393.6 396.2 401.5 407.5 412.2 415.9 419.6 422.4 424.7
398.7 396.2 394.1 389.4 380.1 381.7 394.6 406.9 415 423 431.9 443.5 455.3 468 480.8 492.5 503.5 510.8 515.1 518.1 522 525.5 528.4 531 533.7 537.1 540.1 546.3 551.8 557.7 560.5 561.5 561.9 561.8 559.8 555.1 549.2 545.6 542.9 540.3 537.8 535.4 532.8 528.5 524 520.1 517.3 512.9 506.9 502.1 499.1 496.2 492.6 487.8 480.3 468.9 459.5 448.6 441.6 431.7 420 410.6 403 397.2 387.8 385.3 386.3 392.4 394.2 397.9 401.7 406.2 413 416.7 420.3 425.5 427.9 429.7
402.5 400 397.6 392.9 382.6 379 392.1 405.2 413.6 421.9 431.2 443.3 454.3 467 480.2 491.8 503.3 510.2 516.5 520 524.9 529.1 532.1 535.2 538.8 541.4 544.9 551.4 556.7 561.4 563 563.4 563.5 562.7 558.7 552.9 547.5 544.6 541.8 539 536 533.1 529.7 525.3 522.9 519.3 515.5 509.7 504.2 500.9 498.6 495.5 491.7 486.6 477 466 456.4 447.2 438.1 426.4 414.8 407 400.5 394.4 387.3 384.9 391 397 400.6 402.9 407.9 413.4 418.7 422 426.4 432.6 433.7 434.4
406.8 404.2 402.5 399.8 391.5 382.2 389.4 403.4 412.4 421 430.6 441.9 453.2 466 478.6 490.8 502.4 511.2 516.8 521.4 526.9 531.9 535.7 540 542.9 544.6 550.2 556.2 561.4 564.3 565.1 565.6 565.1 562.7 557.4 550.5 546.8 543.7 540.7 537.7 534.8 530.1 526 523 520.6 516 511.2 506.1 502.4 500.3 497.9 494.5 490.5 484.6 473.1 463.4 453.5 446.5 435.6 425.9 414.1 404.6 397.5 389.4 387.8 393.2 396.7 401.2 405.8 410.5 415.3 419.1 424.3 428 434.1 438.7 438.3 439.2
412.9 407.6 405.9 403.3 396.8 385.4 386.6 401.9 409.7 419.8 430.1 441.3 452.1 464.1 475.5 488.2 500.4 509.7 516.1 521.4 528.2 533.9 538.1 543.9 546.4 549.1 555 560 564 566.1 566.5 566.9 566.1 561.5 555 549.6 546.2 542.4 539.4 536.4 533.1 528.3 524.8 521.6 516.5 511.4 507.4 503.8 501.8 499.6 496.6 493.4 488.2 476.8 468.4 460 451 442.5 432.8 424 412.6 403.4 394.7 390.1 393.9 398.1 402.6 405.9 411.8 416.9 421.4 426.2 430.7 435 442.4 443.4 442.9 443.9
417.1 412.4 409.6 406.4 400.4 390.1 389 400 408.6 419.3 429.2 439.8 450.6 461.6 472.7 485 496.7 506.7 514.7 520.8 527.5 534.2 539.8 546.1 549.6 552.9 558.5 563.9 566.7 567.6 568.2 567.5 564.7 558.5 552.7 548.6 544.6 541.2 538.1 535 531.2 527.2 522.9 517.7 512.4 509.1 505.5 503 500.8 498.4 495.5 491 481.5 471.8 463 454.8 445 437.8 428.8 419 409.5 399.1 393.3 389.6 397.4 403.1 408.1 414.2 420.7 423.8 428.8 433.2 437.2 443.8 448 447.8 447.8 448.3
420.6 417.1 413.9 409.1 404.3 402.6 393.4 398.9 408.4 419.6 428.9 438.1 449.1 459.6 470.8 481.8 492.9 502.9 512.4 519.3 525.9 533.1 539.4 546.8 551.7 554.8 560.1 565.4 567.5 568.8 568.8 568.2 563.5 556.8 552.1 547.9 543.9 540.4 537.1 533.1 528.6 525.3 520 513.8 509.6 506.4 503.6 501.1 498.7 496.1 491.6 482.9 473.8 466.2 457.2 449.5 440.5 431.9 421.8 413 403.2 395.3 391.7 394.3 403.8 408.7 413.8 419.9 426.5 432 436.8 441.1 446.9 451.2 452.4 452.3 451.9 452.2
424.1 420.7 418.6 414.4 408 405.4 390.6 399.3 408.9 418.2 427.5 436.8 448.2 457.4 468.5 478.9 490.6 500.4 510.1 517.5 524 531.5 538.8 546 552.3 556.6 561.1 565.6 568.1 569.3 569.3 567 562.1 555.5 551.4 547.6 543.1 539.9 536.4 530.7 526.9 523.3 516.8 511 506.8 503.7 500.7 498.3 495.1 490.7 483.3 474.9 467 458.6 452.4 443.3 434.2 424.3 415.6 401.8 395.9 394.5 400.8 405.9 411 416 421.3 427.2 433.8 440.3 446 452.3 454.4 455.2 455.9 456.1 455.6 455
427.7 424.8 422.7 418.3 412.2 406.1 392.2 401.2 409.3 417.6 427.1 435.1 446.3 455.5 465.7 477.2 488.2 498.3 508.1 516.1 522.3 529.4 537.7 544.2 551.3 556.6 560.1 565 568.8 569.5 569 565.1 559.1 554.6 551 547.1 542.7 539.7 534.6 528.8 525.6 519.6 512.9 507.9 504.2 500.8 497.4 494.5 487.9 479.9 473.6 466.8 459.7 453.6 445.4 436.4 427 417.6 406.7 398.7 399.7 403.7 408.1 412.4 417.1 422.6 428.3 435.8 444.2 450.4 457.7 460.2 460 459.3 459.8 459.8 459.1 457.6
431.6 429.3 426.9 423 416 406.9 395.1 400 408.1 417.5 426 434.2 444 453.4 462.7 474.2 485.8 496.2 505.8 515.3 521.3 527.5 535.8 542.6 549.3 554.8 559.9 563.6 568.8 569.4 566.5 561.1 557.2 553.5 548.8 545.1 542.4 537.8 531.6 527.5 523.7 517.9 511.2 506.8 502.4 497 490.2 483.7 478 472.1 464.6 459 453.3 445.6 436.5 428.8 421.3 405.1 400.5 403 405.7 409.7 414.8 419.8 425.4 430.4 436.5 446.4 455.5 461.4 463.7 463.9 463.5 462.9 464 463.9 462.2 459.9
435.9 433.3 431 426.6 419.1 409 397.5 400.8 409.9 418 424.9 432.9 441.3 451.8 460.7 471.6 483.8 494.9 504.9 514.1 520.2 526.5 534.6 541.7 546.8 553.5 559.8 562 564.6 564.9 562.3 559.2 555.4 550.6 547.9 544.6 540.2 534.5 529.3 526.5 520.9 514.8 509.8 504.9 500.4 493.4 482.3 472.7 468.4 461.9 457.2 450.8 444 435.6 429.4 422.5 412 402.9 405 408.2 411.7 417.3 423.2 429.6 433.7 437.7 446.6 458.4 464.4 466.3 466.5 466.2 465.5 465.2 465.9 466.1 464.1 461.8
440.7 437 434.3 430 421.7 411.8 401.3 402.9 412.4 419.3 425.3 433.7 441.6 450.4 459.9 471.1 482.7 494.1 504.3 514.5 520.3 526.3 533.4 541.2 545.4 551.9 558.4 560.1 560.6 561 559.9 556.9 552 549.9 546.7 542.5 536.1 531.6 528.5 523.3 517.3 512.9 508.5 503.4 497.7 489.6 480.8 468 454.6 453.6 448.4 441.2 435.3 429.1 421.6 416 406.8 408.8 411.7 414.6 419.9 427.2 433 437.7 442.1 448 459.2 466.5 468.7 468.9 468.8 468.3 467.3 467.1 467 467.8 465.8 463.3
444.7 440.6 437.9 432.1 425 415.9 402.9 404.9 414.3 421.4 427.3 434.1 442.6 452.1 460.8 471.7 482.9 493.3 504.5 514.3 520.5 526.2 532.5 540.3 544.5 550.3 555.4 558.3 558.6 558.2 556.6 553.5 551.5 548.7 544.5 538.4 533.5 530.8 526.4 520.1 515.6 511.9 507.1 502.1 493.9 484.5 476.3 465.8 455.9 444.4 439.1 434.9 429.3 422.5 413.7 416 408 413.4 416.6 423.2 429.6 434.6 439.6 444.4 449.7 460.3 468.4 470.5 471.2 471.5 470.8 469.6 468.6 468 467.3 466.7 464.9 463.3
449.6 445.3 441.9 435.8 427.5 418.6 406.6 404.9 415.8 421.7 428.6 436.2 444.2 454 463.3 473.2 484.4 493.7 504.7 514.8 521.3 525.7 531.7 539.2 544.2 548.7 552.7 554.3 555.3 554.9 553.5 551.9 549.5 545.4 539.8 535.3 532.4 527.6 522.3 517.5 514.3 510.3 505.8 498.4 488.8 479.5 471.4 463.9 454.5 445.3 437.9 429.7 421.6 416.4 412.7 411.6 418.5 419.3 424.1 431.7 436.7 441 445.8 450.3 459.1 470.9 472.9 473 473 472.8 472 470.9 469.3 468.2 467.1 464.7 461.9 458.6
454.8 449.7 447.5 441.8 430.4 421.4 409.8 405.2 417.4 425.2 432.8 439.8 447.5 456.1 465.8 476.2 486.5 494.8 505.7 515.9 522.2 526.7 531.1 537.4 543.9 546.9 549.9 552.3 554.3 554.3 552.6 550 546.9 541.8 538.2 534.8 528.9 523.7 519.4 516.4 513 508.9 501.7 492.4 483.8 474.3 468.3 459.7 450.8 442.6 435.7 425.6 419.1 418.9 417.8 419.4 422.1 425.6 432.2 438.7 442.6 448.1 452.1 458.3 470.7 476.8 476.4 475.2 474.4 473.6 472.7 472 470.5 468.4 465.9 463 458.3 454.7
459.8 451.1 443.8 439.8 432.2 414.3 410.6 409.1 421.1 428.2 436.5 443 450.5 458.5 468.5 478.6 488.5 497.3 507.3 517.2 523.1 527.4 532.2 538.4 544.4 546.5 549.3 552.8 555.1 554.6 553.4 551.3 547.3 541.5 538.1 534 528.4 522.7 519.4 516.5 512.3 506.7 496.2 485 477.6 469.4 461.8 453 445.7 439.8 429.1 422.2 421.5 422.1 422.5 424.7 428.6 435.8 440.5 445.4 449.9 453.4 459 469 479 480.8 479 478.2 476.4 474.9 473.2 472.5 471.2 467.8 464.9 460.6 455.7 451.4
465 458.3 449.6 441.3 433.5 426.9 411.6 410.7 424.8 431.8 439.8 446.3 453.5 462.2 472.2 481.8 490.6 499.8 509.2 518.6 523.9 528.2 533.8 539.7 545 547.1 549.6 554.6 556.6 556.2 553.9 549.5 545.1 541.3 538 533.9 527.9 522.9 519.8 515.6 511 504.1 493.4 482.9 472.8 460.5 451.4 446.9 442.3 433.3 425.8 424.7 427.4 427.5 430.2 433.7 438.5 443.2 448 452.3 456.5 460.9 468.3 479.8 483 483.3 481.7 480.6 478.8 476.7 474.5 472.8 470.7 467.5 464.7 460.5 455 449.9
470.5 463.4 454.3 444.8 434.7 427.9 419.4 409.8 427.3 434.4 442.1 449.6 456.8 465.2 475.3 485 492.2 502.1 510.9 519.6 524.7 529.2 533.9 539.1 544.9 547.9 550.4 555.4 555.7 552.8 549.2 546.8 544.6 541.7 538.1 532.6 527.3 523.4 519 513.4 504.4 492.4 482.2 471.7 461.7 461.7 453.3 445.3 432.5 431.7 435.7 432.1 432.3 434.8 439.8 443.2 447.1 450.4 455.5 458.3 462.6 468.8 479.7 485.4 486.7 485.7 484.4 483 480.8 477.9 476.1 474.7 471.1 467.3 464 460.6 455.3 449.2
477.4 468.8 461.1 449.8 438.9 430.4 421.6 415.6 429.5 436.2 444.3 451.8 460 468 477.8 487.2 495.5 502.9 512.2 520.7 525.8 529.9 534.5 538.2 543.9 548.4 550.5 551.7 551.3 550.1 548.6 546.7 543.9 540.7 535.5 530.7 527.4 524.4 518.2 507 503.9 498.2 492.8 483.4 473.4 462.9 453.6 444.7 436.4 435.1 437.4 436.6 439.9 444.8 448.7 451 454.6 458.3 461.4 465.4 469.6 476.3 486.8 489 488.4 487.4 485.9 485.1 482.5 479.9 478.5 476.3 472.6 468 465 460.9 455.9 449.8
