ny/ny84_OST50GRID_20230518/NY84.asc
ncols 200
nrows 200
xllcorner 380000
yllcorner 540000
cellsize 50
[rows 35 to 69 of 200, columns 78 to 155 of 200]
372.6 368 364.1 360 355.6 349.2 345.8 349.3 353.1 353.4 353.9 355.6 356.6 359.9 362 361 360.6 354.5 346.5 337.5 332.6 332.3 332 342.2 360.1 370.6 378.3 383 387.4 392.7 398.6 405.4 409.4 412.7 416.9 421.3 426.1 431.2 435.3 440.8 443.1 445.8 449.3 455.3 460.6 464.7 469.1 476.5 485.6 491.7 495 497.7 500.3 503.4 507.7 512.3 514 514 514.6 513.7 511.8 509.7 506.1 502.6 499.7 498.2 497.3 496.4 495.4 494.5 493 491 488.8 486.7 483.6 480 475.7 471.7
368.3 363.6 359.6 354.7 347.5 349.5 351.5 357.7 357.6 357 357.5 359.1 361.1 362.2 368.9 366.8 363.3 356.7 350 340.3 333.7 333.1 334.2 342.5 360.8 372.1 380.9 387.5 392.5 398.5 405 410.8 414.3 418.4 422.1 425.9 431.5 437 444 449.4 452.3 453.7 456.5 460.8 465 468.8 473.9 481 489.5 494.7 497.7 500.7 502.4 506.5 510.8 514.5 515.2 514.9 515.3 514.7 512.6 509.3 506 502.2 500.3 498.7 497.4 496.4 495.4 493.8 492.6 489.8 487 484.3 479.8 476 472.6 468.4
366.3 362.7 358.1 350.9 354.9 359.1 361.7 362.6 362.1 361.8 361.7 363 364.9 367.8 366.5 368.5 367 358.4 351.6 343.7 336.9 334.1 335.6 341.6 360.5 372.8 381.2 390.1 397.1 402.8 409.7 415.2 418.7 422.5 426 429.6 435.2 443.2 451.3 457.4 458.9 459.3 461.9 465.9 470.1 473.9 478.7 485.8 492.9 497.2 500.4 502.9 505.3 508.9 514.3 516.1 515.8 515.6 515.7 514.8 512.9 509.2 505.9 502.6 500.2 498.9 497.1 495.2 494.5 493.3 491.3 488.5 485.5 481.7 477.5 473.5 470.3 467.1
365.3 361 353.9 354.8 360.6 364.5 366.7 367.8 367 366.7 366.1 367.6 369.1 366.5 366.5 366.5 369.2 358.6 352.2 345.5 339.1 333.8 335.8 339.8 358.2 372.1 381.8 390.9 399.4 406.8 412.9 417.1 420.2 425 429.1 433.2 439.5 448.1 458.5 462.2 463.3 464 467.3 470.9 474.3 477.8 483.6 491.2 496.6 501.2 503.7 506.1 509.2 514.2 517.4 518.1 517.4 516.8 516.3 515 513.1 509.7 505.8 503.1 500.7 498.5 498.7 496 496 494.2 491.4 487.5 482.7 480.2 474.9 472.7 469.3 465.8
362.6 357.4 353.8 359.8 365.3 369.8 371.5 371.4 371.3 370.9 371.1 371.6 370.4 366.5 366.5 366.5 370 361.8 355.7 347.8 340.9 333.7 335.8 337.8 354.9 370 379.6 389.5 399.6 407.7 414.5 418.3 421.9 427.2 431.3 435.9 443.3 452.1 462.4 466 467.4 469.3 472.7 476.1 479.6 483.7 490.9 496.3 500.2 504.4 506.4 508.8 513.5 518.5 520.3 519.9 519 518.2 517.2 516.3 513.4 509.2 505.5 503.4 501.5 500 499.3 497.6 496.4 494 490.4 486.1 483.9 479.7 476.6 473.3 470.9 470.1
357.2 357.8 361.1 364.9 370.9 374.8 375.5 376.8 375.5 375.8 375.5 375.6 373.6 370.2 369 369.7 371.3 364 356.1 352.1 342.5 336.8 335.8 337.7 350.9 365.7 375.8 385.2 395.9 406 414.4 418.6 422.8 428.2 432 437.7 446.5 455.7 465.7 469.1 471.3 474.7 477.7 480.8 485 490.8 496.1 500.2 504.1 507.3 509.3 511.7 517.5 522.2 522.1 521.2 520.5 519.4 518.4 517.3 514.4 509.2 505.5 503.4 501.9 501.9 500.3 498.2 495.9 493.9 490.7 488.1 484.1 479.9 478.2 475.7 473.5 472.6
365.9 368.8 371.8 374.1 377.5 380.7 381.6 381.2 380.7 379.6 379.7 378 375.9 372.8 371.7 371.6 371.6 366.3 358 350.1 343.8 338.1 336.2 337.8 348.5 361 372.1 382.1 392.8 402.8 412.8 418.4 423.5 428.5 433.1 439 448.1 459.1 467.8 471.9 475.6 479.8 483.4 487.3 491.8 496.3 500.5 504.4 508 510.5 512.1 515.7 521 524.8 523.5 522.4 523 521.6 519.9 517.6 514.6 509.8 505.6 503.7 504 502.6 501 498.6 496.7 494.8 491.6 489.5 487 483.5 481.1 477.7 477 474.4
370 373.5 377.2 380.2 383.3 386.1 386 385.6 383.2 384.1 382.9 380.5 377.7 374.5 372.4 371.7 370.8 366.6 359.6 349.9 343.5 338.6 337.6 336 347.2 359.8 369.8 378.2 389.9 400.7 410.8 418 422.7 428.3 433.4 441 451.1 462.5 469.6 474.2 479.3 484.5 490.1 494.4 498 501.3 504.9 508.4 511.2 513.5 515.2 519.4 524.3 526.5 525.5 524.5 524.6 522.4 520.9 518 514.1 510.2 506.3 505.1 504.5 503.2 501.9 500.1 497.9 495.6 493.3 491.1 488.1 485.4 482.4 480.8 478.7 475.9
376.1 378.1 382.5 385.3 388.7 390.2 390 387.3 388.4 387.2 385.4 383.2 381.1 377.7 374.3 371.3 369.6 365 356.7 349.4 344.3 340.3 338.6 338 348.4 361.9 371.7 381.9 390.5 400.5 410 416.9 424.4 429.6 434.7 443.6 454.1 465.6 471.7 477.6 483.4 489.9 495.8 499.7 502.4 505.4 509.3 511.8 514.5 516.2 518.2 521.7 526.7 527 526.5 525.8 525.4 523.1 521.5 517.7 513.8 509.9 506.8 506.1 505.9 504 502.9 501.1 498.9 497.1 495.1 492.1 488.9 486.1 484.3 483.2 480 476.7
381.3 383.6 387.6 390.6 393.9 395 393.3 393.2 391.4 389.7 387.8 384.9 383 381.1 378.7 374.3 370.5 366.4 356.5 350.5 346.9 340.6 339.2 337.1 351.8 364 373.5 382.1 392.6 402.9 411.9 418.6 425.6 431.5 437.6 446.7 456.8 468.5 474.5 481.6 489.2 496.2 500.1 502.8 506.6 509.6 513 515.2 517.1 518.9 521.6 524.1 526.4 527.5 527.2 526.1 525.1 524.2 521 517.1 513.5 510 507.9 507.3 506.5 505 503.5 501.9 500 498.2 496.2 493.4 490.4 488.6 487.2 484.7 483.2 481.2
388.7 391 393 396.6 399.2 399.4 398.8 396.8 394.1 391.8 389.5 386.5 384.7 383.2 381.2 377.9 374.1 367.5 356.4 349.5 345.6 341 339.2 341.4 354.1 365.2 375.2 385.4 394.5 404.8 413.2 420.2 427.9 433.9 440.6 449.7 461.3 472.1 478.1 485.4 494.2 500 503.1 506 509.8 512.7 515.8 517.8 519.9 522.5 524 525.8 526.7 527 526.6 526.2 525 522.9 518.9 515.3 512.5 510.1 509.3 508.1 506.9 506.1 504.3 502.7 501 499.3 497.5 494.6 492.5 491.3 489.1 488 486.4 485.6
395.7 397.6 399.8 401 403 404 402.8 400.2 396.4 393.6 391 388 386.4 384.5 382.3 378.9 374.5 367.8 356.5 348.3 343.4 340.9 338.6 343.8 354.6 366.6 377.4 387.8 397.7 407.2 415.3 423.1 430.3 436.9 443.6 453.4 466.7 476.5 481.8 489.4 498.1 502.7 506.2 509.3 512.9 515.9 518.3 519.6 521.6 524.1 525 527.2 527.9 527.5 525.3 524.4 521.8 519.7 516.5 514.5 512.6 511.7 510.3 509.5 508.7 507.7 505.4 503.1 501.6 500.3 498 496.3 495.1 493.4 491.7 490.4 488.3 488.7
402.6 403.7 405.3 405.8 407.5 407.9 406.4 402.8 398.4 395.4 392.2 389.5 387.6 385.3 382.9 379.3 374.9 369 358.6 350 343.8 341.6 340.9 348.3 355.1 366.7 377.5 389.2 398.7 409.6 418.3 426.1 434.4 440.9 447.1 458 471 479.5 485 492.3 500.8 504.6 508.9 512.6 515.5 518.1 519 520.4 521.9 524.7 525.3 529.4 529.5 528 526 522.3 519.7 517.5 515.6 513.7 513.5 512.2 511.2 510.9 509.4 508.7 507.9 505.9 504.4 502.2 499.7 498.3 496.6 494.6 494.6 492.6 492 491.2
408.5 409.1 410 410 411.5 411.5 408.6 404.6 400.4 396.5 393.2 391 388.8 386.2 383 379.6 374.3 368.6 359 351.7 343.2 340.2 344 348.4 355.2 366.8 378.8 391.3 397.5 412 421 428.4 437.9 445.1 451.3 462 474.3 481.7 486.6 493.3 501.3 505.5 510.3 513.9 515.4 517 518.3 520.2 522.6 525.1 526.8 528 529.5 528.3 525.6 521.2 518.8 516.8 515.3 514.9 513.6 513.4 512.5 511.9 510.6 510 509.2 506.9 505.9 503.8 501.4 500 497.7 496.8 496.4 493.9 494.3 493.7
414.5 416 415.3 413.5 414.2 414.3 410.5 405.2 401 397.2 394.1 391.9 389.6 387 383.6 380.2 373.9 368.4 359.6 353 344.1 342.7 346.2 348.7 354 366.4 378.4 391.6 401.7 414.7 424 431.2 440.5 448 455.2 464.3 475.3 481.7 486.3 491.6 498.4 504 508.8 512.5 514.7 516.1 518 520.2 522.5 525.1 527.9 528.7 528.9 527.2 524.1 520.9 518.5 517.2 516.3 515.5 514.8 514.6 513.6 513.1 512 511.6 509.7 508.8 507.2 505.2 503 501.1 500.2 498.9 497.8 496.9 496.3 495.9
420.6 421.5 420.8 417.3 417.3 416.2 412 405.7 401.5 398 395 392.7 390.3 387.9 383.9 379.9 374.9 369 362.5 355.3 344.6 345.4 347.1 349.2 353.1 365.7 377.6 391.1 403.4 416.4 426.6 433.6 442.8 450.7 456.6 464.7 473.5 479.7 484.3 488.7 493.2 498 504.4 508.8 512.6 515.4 518.4 520.5 522.3 524 525.8 527.4 527.5 526.3 523.7 520.3 519.1 518.1 516.8 515.9 515.5 515.2 514.8 514.1 513.5 512.7 510.6 510.3 508.8 506.7 504.9 503.5 502.2 501.1 497 498.9 498.3 497.9
425.7 426.5 425 420.8 419.8 418.4 413.2 407.3 402.2 398.8 396 393.6 391.2 387.8 384.2 379.9 375.5 370.3 365 359.8 350.2 345.1 348.2 350.5 353.1 364.9 377.1 390.1 401.5 417.1 427.8 435.6 444.1 452.5 458.7 463.6 470.1 475.2 480.4 485.2 489.2 493.2 497 501.7 508.9 514.5 519.2 521.9 522.9 523.8 525.4 526.3 525.8 524.7 522.9 520.7 519.7 518.9 517.8 516.8 516.1 515.8 515.4 514.8 514.3 513.6 512.5 511.4 510.4 508.7 507.1 505.6 504.2 503.2 501.7 501.3 500.4 500
430.8 431.2 428.6 423.8 422.5 420.3 414.3 408.4 403 399.7 397 394.8 391.3 388.1 384.7 380.8 377.5 372 366.4 362.4 355.5 345.6 347.2 351 353.5 364.1 376.5 389 400.5 417.3 428.4 435.7 444.2 452.2 459.1 462.6 467.3 471.3 475.7 480.6 483.8 487.9 492.3 497.5 504.8 511.4 517.4 520.8 522.3 523.9 525.7 526.6 526.3 524.9 523.4 521.2 520.2 519.4 518.4 517.5 516.6 516.5 516.3 515.8 515.1 514.5 513.8 512.8 511.6 510.3 508.8 507.4 506 504.6 504.1 503.1 502.6 502.3
435.3 435.5 432.2 427 424.1 421.3 415.4 409.7 404.5 401.1 398.3 396.1 392.9 388.4 385.1 381.2 377.8 373 367.8 365.3 360 349.8 346 350.9 353.6 363.4 377 389.1 401.7 415.6 426.9 434.3 442 450.4 456.5 460.5 464 467.5 471.4 475.7 479.4 483.8 488.6 493.4 498.4 505.2 512 517.3 521.9 525.3 526.9 526.5 526.1 525.1 524 522 520.9 519.9 519 518.2 517.6 517.4 517.2 516.9 515.9 515.3 514.9 514.1 512.9 511.6 510.4 509.2 507.6 506.6 506 505.2 504.8 504.3
439.6 439.1 435.8 429.8 426.1 422.8 416.4 410.7 406 403 400.1 397.4 394 389.5 385.2 381 377.8 373.2 369.6 366.5 361.8 351.8 346.2 349.8 354.5 361.9 376.6 389.6 400.9 412.8 423.4 432.5 438.8 446.2 452.8 456.7 460.8 464.4 466.1 470.3 475 480.5 485.2 489.7 493.7 498.6 504.4 512.8 519.3 524.4 527.8 527.1 526.3 525.3 524.2 523 522 520.9 519.8 518.9 518.2 518.1 518 517.8 516.8 516.3 515.8 514.9 513.8 512.9 511.9 510.7 508.7 508.4 507.8 507.2 506.9 506.1
443.1 442.7 438.4 431.7 427.6 424.2 418 412.5 408.1 404.7 401.9 399 393.9 388.4 384.9 380.5 378.3 375 371.4 368 364.4 353.1 349.1 349.5 355.7 363 375.5 388.4 399.4 408.8 418.8 427.9 435.6 440.2 446.7 452 456 459.3 461.8 465.4 471.3 476.5 481.9 486.9 490.9 495.1 499.6 506.5 515.4 521.7 526.7 527.9 526.9 526.3 525.5 524.3 523.1 522.4 521.4 520.4 519.6 519.1 519 518.5 517.8 517.3 516.6 515.6 514.7 513.9 513.2 511.9 510.6 510.5 509.6 509.2 508.9 507.8
447.2 445.7 440.3 433.8 429.3 425.6 420 414.6 410.4 406.5 403.5 400.4 395.3 390 386 381.8 378.6 377.2 374.2 371 366.4 355.3 349.8 349.8 354.6 364.7 374.8 386.1 395.9 403.6 413.4 420.4 428.7 435.7 440.2 445.3 449.7 452.4 454.7 461 467.7 472.6 476.4 481.2 487.8 493.4 497.1 501.3 508.8 517.2 523.9 528 527.2 526.6 526.2 525.3 524.5 524.2 523.3 522.2 521.2 520.7 520 519.3 518.8 518.5 518 516.9 515.8 515.1 514.4 512.7 512.9 512.3 511.7 511.5 510.6 509.4
450.2 447.9 442.1 436.2 431.9 427.3 421.8 417.3 413 407.8 404.7 401.4 395.8 390.6 386.8 383 380.9 378.7 375.4 371.5 365.1 357.2 352.4 349.9 353.3 362.6 370.2 381.5 389 397.1 405.7 413.3 419.9 427 434.1 438.8 442.2 443.8 449.7 455.9 461.9 466.4 470.7 474.7 480.9 490.6 495.5 499.1 502.4 509.6 518.2 523.7 527.1 527.4 527.1 526 525.5 525 523.5 522.8 522.2 521.4 520.6 519.8 520.3 520 519.5 518.5 517.5 516.6 515.7 515.1 515 514.1 513.8 513.1 512.2 510.7
452.9 449.2 444.2 438.6 434.1 429 424.2 419.9 415.5 409 406.2 402.7 396.2 390.1 386.5 384.3 382.4 380.1 376.5 372.4 365.2 359 355.6 350.8 351.5 356.6 366 374.2 382.1 388.7 396.4 405.6 411.8 417.4 423.7 429.7 433.1 439.6 445 449.5 454.8 458.5 463.1 467.4 472.2 480.1 490.7 496.5 499.4 502.3 509.4 516.7 522 524.9 526.7 526.1 525.1 524.6 523.4 523.1 523 522.4 521.5 521.7 521.8 521.4 520.9 520.2 519.3 518.3 517.4 517.3 516.9 516 515.4 514.8 513.4 511.7
454.9 450.3 446 440.2 436 431.1 426.4 422.5 417.7 410.7 407.6 402 394.6 389.8 386.5 385.3 383.6 381 377.6 372.1 364.3 359.5 355.3 353 353.7 364.7 360.6 368.2 374.5 380.5 388.6 397.5 403.5 408.7 413.8 416.4 423.3 434.1 440.7 444.3 447.3 450.2 455.2 460.1 464.4 471.4 479.4 489.7 495.8 498.4 502.1 508.2 514.8 519.9 523.3 525 524.8 524.5 524.3 523.8 523.5 523 522.7 523 523.1 522.7 522.3 521.7 520.9 520 519.6 519.2 518.4 517.6 517 516 514.4 512.7
456.6 451.5 447.2 442.3 437.7 433.2 428.9 424.2 418.8 413.2 406.4 401.4 395.2 389.6 386.7 385.4 383.6 381.7 377.5 370.8 364.3 360.7 358.2 354.1 358.2 366.3 368.4 364.8 365.3 373.1 380.3 388.6 395.5 399.9 403.1 407.8 416.5 424.5 431.6 437.6 440.9 443.7 447.5 453.2 458.2 462.5 468.8 476.6 486.3 493.5 497.1 501.5 507.5 514.3 519.3 522.7 524.1 524.4 524.7 524.4 524 523.9 524 524.3 524.5 524.1 523.5 523 522.1 521.2 520.7 520.2 519.6 518.9 518.2 517 515.5 513.7
457.8 452.1 447.6 443.2 438.8 435 430.4 424.6 418 411.7 407.2 401.8 395.7 390.8 388.5 384.1 381.5 378.3 373.9 368.1 363.9 360.9 357.3 353.4 364.7 368.2 371.6 372.9 370.7 366.4 373.6 380.8 386.4 391.5 395.2 402 409.2 414.4 418.7 423.6 428.2 435.3 441 445 450.1 455.7 460.5 465.7 474.6 484.2 492.4 496.7 501 507.7 514.6 520.2 523.1 524 524.7 524.4 524.7 524.9 524.8 525.3 525.7 525.2 524.6 524.2 523.1 522.2 521.8 521.2 520.5 519.7 518.8 517.8 516.5 514.4
457.4 452.6 447.1 443 439.1 435.5 430 421.9 416.6 411.9 407 402.4 395.7 390.5 388.8 383.2 379.2 375.6 372 367.3 363 358.6 355 355.6 366.6 372.6 375.9 378.3 378.7 376.5 372.1 373.5 381.2 385.6 390.6 396.3 401.7 406.4 410.1 414 416.9 423.2 431.8 438.5 443.1 448.7 454.6 459.4 466.8 474.8 484.8 493.4 498.2 502.8 510.5 516.6 521.4 523.7 524.6 524.8 524.9 525.8 526.2 526.5 526.7 526.5 526.3 525.5 523.9 523.3 522.7 522.1 521.4 520.6 519.7 518.7 517.2 515.2
456.4 451.4 446 441.4 437.4 434.2 426.8 420.5 408.8 410.7 407.3 402.2 396 390.3 387.1 382.3 379.4 379.2 369.9 362.8 359.1 361.7 362.3 358.2 363 375.9 381.5 383.1 384.6 383.4 381.2 378.8 376.2 381.6 386.6 391.3 395.4 398.4 400.5 402.9 406.8 412.8 419.7 429.3 437.3 442 448.2 454.1 461.1 469.3 479.3 490.6 495.6 499.7 506.7 513.9 519.6 522.3 523.3 524.3 525.9 527.8 528.4 528.7 528.6 528.6 528.2 526.8 525.4 524.3 523.6 523 522.3 521.5 520.8 519.8 517.9 515.7
455.4 449.7 444.3 438.6 433.3 429.5 424 419.1 408 405.4 401.8 398.5 396 392.3 389.3 385.1 379.8 373.1 364.3 367.3 366.1 366.9 363.7 355.7 369.8 377.7 385.8 389.8 390 389.1 388 387.7 385.4 383 379.8 383 387.5 389.3 393.8 398.7 401.2 403.3 409.1 418.2 430.3 436.6 442.7 450.1 456.6 464.3 473.9 487.5 492.5 496.7 503.1 510.5 517 521.7 523.9 524.9 526.3 528.4 528.7 529.9 530.1 529.8 529.1 527.8 526.4 524.9 524.2 523.5 522.9 522.3 521.5 520.1 518.4 516.4
450.7 445.9 439.3 433.6 428.6 425.2 422.8 417.6 408.3 404.5 399.6 396.8 395.2 393.5 391.6 383 375.2 367.4 372.5 373 370 367 364.5 358.7 370.2 380.7 388.8 394.5 395.4 395.2 395.8 395.5 393.1 391.4 390.7 388.4 390.5 393.3 398.7 402.6 406.8 411.7 414.4 409.1 421.2 432 438.2 445.6 451.6 458.7 468.4 482.6 489.4 493.7 499.7 509.1 516.5 521.5 524.4 525.7 526.8 528.1 528.7 529.9 530.1 530.2 529.5 528.3 527.1 525.6 524.8 524 523.5 522.9 522 520.5 519.1 516.8
446.4 441.4 434.6 429 425 421.5 420.5 419.1 411.7 406.8 402.2 396.9 392.1 389 382.4 375.3 371.4 379.3 380.7 379.5 370.6 368.1 367.4 360.4 366.1 381.8 391 397.3 400 401.1 403.1 404.3 403.2 401.4 399 397.7 397.6 399.2 403.2 407.6 412.4 419.8 423.9 423.9 412.3 427 434.2 440.6 447 453.6 462.3 473.8 485.2 490.7 496.7 506.5 515.1 520.7 523.6 525.3 526.6 527.7 528.8 529.5 529.8 530 529.7 528.5 527.4 526.1 525.3 524.7 524.2 523.2 521.4 520.4 518.9 516.9
443.1 437.4 431.3 425.3 421 416.8 414.7 411.2 408.4 403.8 399.8 395.6 388.2 379.9 373.5 380.3 383.5 385.2 383.8 378.1 373.7 371.6 368.4 360 369 383.8 392.3 399 403.6 406 408.9 411.2 411.4 411.9 412.1 411.4 410.5 412.7 415.5 417.8 420 427.4 432.2 431 424.8 418.6 427.1 435.6 442.8 449.9 457.5 467.2 479.8 486.9 493.4 504.8 514.4 520.2 523.3 525.4 526.6 527.9 528.9 529.5 529.8 530 529.5 528.7 527.7 526.5 525.8 525.2 523.9 522.1 520.6 517.8 516.8 517.9
441.8 434.2 427.5 422 417 413.1 409.5 405.9 402.6 399.5 395.7 386.8 380.4 383.4 386.4 386.7 387.3 386.8 384.4 380.9 376.1 370.5 364.5 360.6 373 382.8 393 400.3 406 410.4 414.1 417.2 418.2 420.2 421.3 422.3 423.1 424.8 425.2 427.8 429.4 432.3 434.9 435.3 434.4 432.9 425.1 431.2 438.5 446.2 453.9 462.1 473.8 483.4 490.1 500.9 511.5 519.2 523.1 525.4 526.8 528.1 528.9 529.5 529.9 530 529.3 528.7 527.9 526.8 525.8 524.6 523.2 522.4 521.4 520.8 519.9 518.4
441.8 433.9 426 417 413.6 409.4 405.9 402.1 398.1 391 383.6 384.5 389.6 390.5 390.2 390.3 390.5 390 387.5 382.4 376.6 371.3 366.2 362.4 372.8 381.4 392.4 401.4 408.5 414.4 419 422.5 424.7 426.5 428.4 430.3 432.1 432.9 433.5 434.2 434.6 435.5 437.6 438.1 439.4 438.9 436.6 436.3 433.5 441.7 451.3 459.3 469.3 479.6 488.2 500 510.4 518.2 522.5 525.6 526.9 528.3 528.9 529.6 530 529.9 529.4 528.9 528.3 527 525.9 525.5 523.7 523.2 523.2 522.4 520.4 519.7
