ny/ny84_OST50GRID_20230518/NY84.asc
ncols 200
nrows 200
xllcorner 380000
yllcorner 540000
cellsize 50
[rows 0 to 34 of 200, columns 78 to 155 of 200]
349 346.6 344 341.6 338.5 334.6 329.1 321.3 321.4 313.6 303.2 305.6 308.1 312 314 317.9 322.2 324 326.4 341.9 347.2 351.4 354.4 356.4 353 372.2 386.9 398.7 406.9 415.5 425.7 434.2 440.2 444.8 448 450 450.9 449.8 450.2 449.4 447.8 444.4 444.3 441.1 443.8 448.3 449.9 452 454.2 456.4 458.8 460.3 461.4 463.4 465.6 467.5 469.5 471.9 473 474.1 476 477.4 478.2 479 480.4 480.4 479.8 479.2 478.2 477.2 475.5 473.8 470.8 468 465 461 457.6 454.2
350.5 348.5 345.8 344.1 341.4 336 328.1 320.6 328.1 322.1 315.3 303.6 306.8 308.9 314.5 319.5 324.8 328.7 332.9 332.2 336.4 340.7 342.3 349.9 357.4 368.2 379.9 392.7 402.5 412.5 422.8 432.4 439.5 445.1 448.7 451.4 452.9 452.8 453.3 452.6 451.3 449.3 447.7 445.9 443 446.5 448.7 451 453.5 455.9 457.8 459.5 460.5 462 464.2 466.3 468.3 471 472 472.9 474.2 475.3 476.5 478.1 479.3 479.3 478.4 477.8 477.1 475.4 474 471.4 468.9 465.3 461 457.4 453.9 451.5
352.3 350 347.9 345.9 342.7 334.7 326.9 327.8 332.1 326.1 319 313.1 305.8 309.7 313.4 318.2 324.4 330.4 336.1 340.7 340.6 343.9 349 354.3 360.3 366.9 373.8 386.7 398.2 409.4 418.6 428 437.7 444.1 449 453.1 454.4 454.2 454.9 454.6 453.6 452.1 450.4 448.8 445.1 445.7 448.2 450.7 453.2 454.9 456.6 458.7 460.2 461.4 462.9 465 466.9 469.2 471 471.7 473 474.1 474.6 476.5 478.1 478.4 477.4 476.8 475.4 473.5 473.2 471.1 468.3 464.2 460 455.1 452.1 448.9
354.2 352.2 350.1 347.9 344.6 334.6 328.3 334.5 335.4 330.3 322.6 316.5 309 305.6 312.7 316.1 324.3 331 337.3 342.5 346.1 348.8 352.4 356.3 361.5 367.4 373.7 381.8 395 405.9 416.8 425.2 436.6 443.2 448.9 453.6 454.7 455.5 456.1 455.8 455.1 454 452.4 451.1 448.5 446.3 448 450.6 452.7 454.4 456.1 458 460 461.5 463 464.8 466.6 468 469.9 470.6 471.9 473.1 474.1 474.9 476.6 477.4 477 476.4 474.4 472.5 470.1 468.2 466 462 458.3 456 452.6 450.1
356.1 354.2 352.2 349.8 347 337.4 336 342.9 336.2 329.4 323.7 318.3 312.2 308.7 308.8 315.5 323.2 331.6 337.9 343.8 347.4 351.8 356.1 360.4 364.8 370.3 375.3 383.7 393.1 401.8 412.9 422.7 434.5 441.6 447.1 453.2 455.2 456.3 456.3 456.2 455.6 454.8 453.9 452.3 450.8 448.7 448 449.9 451.2 453.4 455.6 457.4 459.2 462 463.6 465.4 467 467.9 469.6 470.6 471.5 472.8 473.9 474.7 475.9 476.5 476.3 475.8 475.1 473.7 470.1 467.1 465 462.6 460.6 457.9 453.7 451
358 356.1 353.8 351.8 349.5 341.1 344.4 343.4 335 330.7 325.4 319.6 315.8 310.2 306.8 314 323.5 332.4 340.1 347.2 352.9 359 363.7 368 373.6 378.1 382.2 386.8 393.4 401.7 410.5 421.3 429.7 438 445 452 455.2 456.3 456.5 456.3 456.1 455.3 454.2 452.3 451.8 449.9 450.8 451.5 452.4 453 454.5 455.6 459 461.9 463.9 465.8 467.4 468.8 469.7 470.7 471.7 472.8 473.7 474.7 475.8 475.8 476.4 476.3 475.4 473.7 471.6 469.9 467.7 464.8 461.9 457.9 454.3 452
360.2 358.1 355.9 354.7 348.5 342.6 347.7 345.8 336.7 331.7 326.5 322 316.2 309.5 309.4 313.5 323.9 334.2 341.9 349.6 358.3 365.4 368.4 379 382.4 386.1 389 392.9 398.2 405 412.7 423.1 430.2 437.5 445.1 450.5 453.9 456.3 456.7 456.6 456.5 455.2 454 453 451.9 451.2 452.1 453 453.8 454.9 456.6 457.4 458.1 460.9 463.5 464.8 467.4 468.8 469.8 470.8 471.8 472.8 473.9 475 476.1 477.1 477.1 477 476.4 475.5 473.7 472 468.9 466 462.4 458 455.4 454.5
362.5 360.3 358.1 349.5 351.8 350.9 349.1 342.3 336.1 332.2 326.3 321.9 314.8 309.8 310.7 315.2 323.3 333.5 343.5 353 362.4 371.3 381.1 387.5 392.4 398.3 404 406.7 409.6 415.4 421.1 428 432 438.4 445.2 449.9 452.4 454.8 456.7 456.9 456.8 455.6 455.1 454.2 453.7 453.1 453.5 454.3 455.7 457 458.6 459.9 460.6 461 464.2 466.3 467.7 468.9 470 471 472 473.1 474.2 475.2 476.4 477.5 477.8 478.3 477.9 477.2 475.3 473.2 469.8 466.3 462.9 459.5 457.4 456.6
364.3 360.9 357.6 350.7 356.1 353.5 346.4 340.9 335.6 329.3 323.7 316 308.9 310.9 311.9 315.6 323.2 334.2 345 354.5 365.4 376 385.9 392.4 401 409 415.8 420.6 424.5 427.5 432.7 434.6 437.6 440 444.8 449 452.4 454.5 456.5 457.4 458.5 458.2 457.2 456 454.8 454.7 454.9 455.8 457.5 459 460.9 461.8 462.3 462.7 464 466.9 468.2 469.5 470.3 471.3 472.3 473.5 474.5 475.5 476.7 478.7 479.6 479.7 479.6 478.8 477 474.9 471.4 467.1 463.7 461.2 459.6 458.8
364.6 361.1 353.7 357 358.4 355.3 345.9 340.6 336 329.8 323.3 313.9 310.3 311.9 314.6 318.9 323.7 332.9 345.2 354.4 366 377.2 388 396.3 405.7 415.4 422.8 428.7 433.4 435.5 437.2 438.5 439.6 443 448.5 450.6 453.4 455.9 457.9 460.1 461.1 461.1 460.2 459.2 457.8 457.1 457.5 458.8 460.3 461.3 462.5 463.1 463.9 464.5 465.1 466.7 468.6 470.1 471.1 472 472.9 473.9 475.1 476.3 478 480.4 481.2 481.2 481 480.2 478.2 475.6 472 468.1 465.1 463.1 461.8 460.8
365 363.6 362.5 362.3 360.6 355.7 351.2 343.1 337.4 330.8 325.3 316.3 311.7 313.7 318.3 321.8 326.7 332.4 342.9 353.7 364.7 377.2 388.7 398.1 406.8 416.9 426 432.2 436.4 437.8 439.2 440.8 442.1 446.2 451.9 453.2 454.5 456.9 459.7 461.7 462.9 462.4 461.8 462.1 460.7 460.6 460.5 461.3 462.8 463.6 463.6 464.2 465.2 465.7 466.4 467.7 469.1 470.6 471.8 472.8 473.5 474.3 476 477.4 479.7 481.8 482.4 482.4 482.3 481.2 479 476.2 473.7 469.3 466.5 464.6 463.3 462.5
368.9 367.2 366 365 362.5 357.4 353.8 349.2 341.9 334 326 316.5 311.9 315.5 320.7 325.2 329.3 333.7 340.4 352.3 362.9 375 386.9 396.7 407.7 416.6 427.5 433.1 437 438.7 440.4 442.2 444.1 447.4 454 455.4 456.7 459.2 462 463.4 463.9 463.2 463.7 464.3 464.3 463.9 463.6 464.3 464.9 465.5 465.5 465.6 466 466.7 467.9 469.3 470 471.2 472.5 473.5 474.3 475.4 477 479.2 481.8 482.7 483.3 483.3 483.3 482.4 479.7 476.9 474.9 471.2 468.7 466.2 464.8 463.9
372.1 370.4 369.1 367.2 364.7 360 355.3 348.4 341.5 335.3 327.1 321.5 315.1 312.7 318.3 324.2 329.3 332.3 339.3 348.4 360 371 384 393.6 405.2 416.4 427.9 432.8 436.4 439.3 440.8 442.8 444.8 448.3 454.8 457.8 458.4 460.4 462.8 464.7 464.8 464.5 465.3 466.2 466.3 466.2 466.2 467 467.2 467.6 467.3 467.4 467.8 468.6 469.5 470.1 470.8 472.1 473 474.1 475.4 476.9 478.4 480.7 482.9 483.5 484.1 484.1 483.9 483.1 480.4 477.9 475.5 472.5 470.4 468.1 466.5 465.7
375.1 373 371.4 369 366.2 362.3 354.2 345.2 340.6 335.2 329.3 324.7 318.8 314.7 314.8 322.5 328.5 332.2 336.9 343.8 354.9 367.1 379.2 390 400.7 413 425.4 432.1 436 439.7 441.2 443 445.2 448.9 455.9 459.9 460.5 461.7 463.5 465.5 465.4 466.5 467.7 468.5 469.7 470 470.1 470.1 470.5 470.4 469.6 469.3 469.7 470.2 470.7 471.4 472.5 473.1 473.9 475 476.9 478.4 479.8 482 483.4 483.9 484.4 484.5 484.3 482.9 481 478.7 475.8 472.8 471.3 469.5 467.5 467.4
377.7 376 373.3 369.2 360.9 355.2 348.5 342.5 336.5 333.7 331.9 329.7 321.3 316.8 313.4 318.4 325.5 331.5 333.9 339.3 348.6 362.6 373.6 385.4 395.5 407.3 419.5 429.9 435.2 439.1 440.7 442.2 444.9 449 454.5 461.4 461.9 463 464.1 465.9 467.7 468.9 470.1 471.1 472.4 473.5 473 473.6 473.8 472.6 471.6 471.3 471.8 472.2 472.8 473.2 473.5 474.1 474.9 476 477.9 479.6 481 482.7 483.6 484 484.4 484.7 483.6 482.2 480.2 477.8 474.9 473.1 471.4 469.4 467.4 467.1
381.2 377.4 373.6 369.5 362 357.7 353 349.2 340.8 339.6 334.4 331.9 324.1 320 316.1 318.4 324.2 330.1 333.2 337.4 343.6 356.1 369 380.8 390.2 401.4 412.8 424.1 432 438 440.4 441.7 444.4 448.2 452.1 459.7 463.2 464 464.6 465.9 468.3 470 470.6 472.4 475.3 475.2 474.6 475.5 476 474.7 473.5 473.3 474 474.2 474.4 474.6 474.5 475.1 475.6 476.8 478.5 480.4 481.9 483.1 483.8 484.2 484.6 483.6 482.5 481.7 479.7 477.6 476 474 471.7 469.4 467.2 466.2
381.9 377.7 375.3 372.3 368.6 363.4 359.1 354.7 347.3 344.3 337.7 334.9 330.2 322.7 319 318.1 322.8 328.8 333.4 335.9 340.4 349.6 363.3 375.1 386.2 395 407.7 416.8 426.8 434.4 439.3 441.5 443.2 447.2 450.3 455.3 462 464.1 465.2 466.6 469.2 470.1 471.4 475.4 476.6 476.7 476.9 477 477.1 475.9 475.1 475.6 475.6 475.7 475.9 476.4 476 476.1 476.8 478 479.5 481.5 482.5 483.6 484.2 484.6 484.8 482.9 482.4 481.2 479.8 478.3 476.5 474.1 471.5 468.8 466.6 464.6
382.9 379.5 376.6 373.8 371.2 367.3 362.7 357.7 351.5 347.6 343.8 338.1 331.6 325.6 321.4 316.3 321.1 328.3 333.3 336.9 337.8 345.5 357.5 369.5 381.2 389.6 401.2 411.2 420.4 430.4 436.3 440 441.6 443.7 447.5 451.7 458.1 461.5 463.9 464.7 467.5 469.3 472 473.8 475 476 476.2 477.1 477.5 477.2 476.3 476.7 477.4 477.6 477.4 477.5 477.6 477.8 478 478.9 480.5 482.1 483 484 484.6 485 484.5 483.4 482.4 481.3 479.8 478 476.2 473.8 470.8 468.9 466 464.8
384.3 380.9 378.2 375.6 372.8 369.3 364.7 359.4 354.8 349.6 345.1 339 334.8 328.3 325.2 315.3 321 327.4 331.3 335.2 339.8 342.5 351.9 363.8 376.1 386.7 396.5 407.3 416 425.9 433 437.7 439.3 440.7 443 447.5 454.5 457.6 459.6 461 463.9 467 469.6 471.7 473.1 474.2 474.9 475.9 478.4 477.9 477.1 478.1 478.8 479.4 479.3 479.6 479.3 479.4 479.5 480.3 481.2 482.7 483.6 484.4 485 485.6 483.7 483.1 482.4 481.3 479.7 478.2 475.4 472.8 471.4 470.1 468.2 466.7
385 381.6 379 376.9 374.1 370.6 366.1 361.9 358.8 353.4 348.6 345.3 341.3 334.5 327.3 321.6 317.3 323.1 329.1 332.7 338.4 340.9 345.4 358.2 369.9 382.5 391.8 402.2 412.3 420.6 428.8 433.1 436.2 438.3 440 441.8 447.1 451.7 453.7 456.8 459.1 461.9 465.9 469.7 471.2 472.4 473 473.7 476.1 476.7 476.6 478.3 479.5 480.6 481.1 481.1 481 480.8 481.1 481.7 482.7 483.5 484.1 485 486 486 484.3 483.3 482.6 481.3 479.7 478.1 475.8 474.3 474 472.3 470.6 469.3
385.7 382.4 379.6 377.4 375 371.3 367.5 364.5 361.1 356.5 351.8 348.5 345.2 339.7 335.9 326.9 318.9 318.7 323.8 328.6 334.6 336.4 340.3 350.5 364.2 377.6 387.7 397.5 407.4 414.8 421.2 427.1 431.5 435.1 437.2 440.4 443.7 446.5 448.4 450.1 451.7 455.1 460.6 465.7 469.1 470 470.5 471.4 472.6 474.4 476 477.7 479.6 481.5 482.2 482 481.9 482.3 482.7 483.2 483.6 484.1 485 486.3 486.7 486.3 485 484.3 483.7 481.8 479.9 478.1 476.4 476.3 475.5 474 472.5 471
382.8 379.4 377 377 375.6 372.1 368.9 366.2 362 357 352.9 350.2 346.4 343.4 339.4 332.4 322.7 318.6 320.3 325.4 330.4 334.2 335.1 346.5 359 371.9 383.4 392.8 400.7 408.5 413.2 420.3 425.3 429.3 435.1 437.8 441 444.3 445.5 446.1 447.6 450.6 455.7 459.2 462.1 465.3 467.5 468.5 470 472.4 474.6 477.7 480.1 481.9 482.9 482.9 482.9 483.6 484.2 485.3 485.2 485.5 486.8 487.1 487.5 487.2 485.8 485.5 484.3 482.8 481 478.4 478.6 478.5 477.8 476.8 475.3 473.5
384.9 380.9 376.8 372.2 372.6 370.1 368.5 365.9 363 360.3 353.8 348.5 346.4 342.7 337.1 332.9 320.1 320.7 319.5 323.5 328.5 330.6 332.3 343.5 354.8 367.8 378.2 385.5 393.2 400 405.5 411.2 417.7 425.7 432.4 435.9 437.9 441 442.7 443.2 444.3 446.9 451.3 453.9 457.1 460.1 462.3 464.1 467.5 471.3 474.4 478.3 481.1 482.8 483.7 484 484.2 485.1 486.3 487.3 487.3 487.9 488.1 488.4 488.4 487.7 486.9 486.4 484.9 483.4 481.8 480.4 481.6 481.4 480.5 479.4 478.4 477.4
388.9 384.1 379.7 375.6 372 367 365.9 363.2 361.4 361.3 355.2 344.6 343.7 341.2 337.4 330.5 321.5 326 321.9 321.8 325.8 328.4 329.3 337.3 349.8 361.6 371.4 378 385.3 391.1 397 403.1 411.8 421.3 428.2 432.4 434.8 436.5 438.2 439.2 440 441.9 446.2 448.6 451.2 454.3 457.7 462.5 466.9 470.9 474.1 478.5 482.1 483.7 484.8 485.6 486.4 487.3 488.9 490 490.8 491.1 491.1 490.2 489.3 488.6 488.1 487.3 485.7 484.2 482.9 482.3 482.5 482.6 481.9 481 480.2 479.3
391.3 385.8 381.2 377.4 373.5 372.2 370.5 367.9 363.3 352.2 356.8 353.2 346.9 343 336.1 328.8 324 330.3 322.1 321.5 323.3 324.4 327.3 332.5 344.8 354.4 363.5 369.8 375.5 382.7 391 398.4 405.5 414.2 421.6 426.3 429 431.3 431.5 432.6 433.5 435.5 437.6 440.7 445.2 448.6 455.6 460.9 466.9 470.6 475.1 480 483.1 485 486.4 488 488.5 490 491.2 491.9 492.2 492.5 492.3 491.7 490.5 489.4 488.7 487.9 487 485.3 483.7 483.5 483.5 483.6 483.1 482.3 481.3 479.4
392.7 387.2 382.8 379.2 376.6 374.5 371.8 368.7 365.9 362.8 359.4 353.6 346.5 341.4 335.3 324.2 331.7 331.6 324.7 322 323.5 324.6 326.4 332.5 340.1 346.5 354.7 360.8 367.7 376.6 385.7 393.9 400.2 406.4 414.1 418.2 421 423 422.5 423.7 426 426 428.2 430.9 436.7 447.4 453.9 459.9 466.5 472.6 478.1 481.8 484.9 487 488.8 489.9 490.6 491.8 492.2 493.1 493.2 493.6 493.6 493.1 491.9 490.5 489.7 488.6 487.5 486.2 485.6 485 484.7 484.7 483.5 482.6 481.3 480
394.7 388.9 384.8 381.6 378.6 376.3 373.6 368.7 364.7 361.6 357.9 353.5 345.6 339.4 334.2 332.6 338.2 333.9 327.5 321.7 323.9 325.1 327.7 333.7 338.6 341.9 347.9 354.1 362.7 370.7 378.6 386.9 393.7 399.4 404.6 408 411.7 412.9 411.4 411.8 414.4 415.3 414.5 426 436.2 447.3 453.7 459.5 467.2 474.4 479.7 482.9 486.1 489.3 490.6 491.8 492.4 492.7 493.4 494.2 494.6 494.5 494.5 494.3 493.5 491.5 489.9 488.9 487.8 487.5 486.7 486 485.9 485.1 484 481.9 482.6 480.9
395.7 390.5 386.7 382.8 379 376.4 374.2 371 366 361.7 356.5 352.5 346 340.5 334.6 336.1 341.1 335.7 330.1 325.9 323.8 325 325.1 331.3 331.7 335.9 343.4 349.6 355.9 364.9 372.7 378.4 385.9 390.2 395.5 399.4 402.2 402.9 401.4 402.5 405.6 408.7 416.3 426.6 439.5 449.6 455 460.3 467.9 476.8 482 485 487.6 490.5 492.5 493.7 493.9 494.7 495.4 495.4 495.9 496.4 496 495.7 494.5 492.8 490.8 489.5 488.8 488.3 487.9 486.9 486.5 485.3 484.6 484 483.3 481.8
396.6 391.1 386.8 382.3 378.5 376.1 373.6 369.5 367 362.6 356.4 349.8 342.7 333.2 331.4 330.5 340.7 338.8 333 329 325.6 325.6 326 332.2 339.7 343.6 345.6 341.3 350.3 357 364.7 371.8 376.6 381.1 384.7 387.7 390.4 391.9 393.9 396.9 400.1 408.1 417.4 427.9 439.4 449.6 455.6 461.4 470.7 479.9 484.6 487.1 489.4 491.8 494.4 495.5 496 497.6 498.2 498.5 498.2 498 498 497.1 495.3 493.9 492 490.6 489.9 489.3 488.8 487.8 486.1 486.2 485.8 485.1 483.8 482.5
397.8 391.3 385.8 381.2 377.2 373.4 370 365.6 360.9 356.8 350.3 341.5 336 334.6 335.4 337.1 340.6 341 334.8 330.9 328.9 327.4 326.8 334.9 344 348 351.7 352.8 351.3 350.2 359.2 365.3 369.5 373.7 376.8 379.1 381.5 384.4 387.4 392.5 402.4 410.3 418 426.5 438.6 449.2 456.2 462 473 482.2 486.9 489.3 491.7 494.1 496.2 497.4 498.2 500.8 501.3 501.2 500.8 500.5 500.6 499.2 497 495.2 493.2 492.1 491.3 490.6 489.9 488.4 487.4 487 486.3 485.4 484.1 482.6
396.3 390.1 384.6 379.2 374.1 370.1 366.4 361.4 353.7 348.1 340.8 337 335.4 336.3 339.3 341.4 343.5 344.4 338 334.8 333.4 331.8 327 335.4 346.1 352.7 357.1 358.8 358.6 356.5 358.1 359.9 361.6 364.8 367.6 373.4 376.8 381.8 382.7 394.9 402.8 410.9 418.7 428.1 437.7 449 457.2 462.9 472.7 482.5 487.8 490.1 492.4 495 497.9 499.2 500.6 503.4 504 503.6 502.8 502.9 502.9 501 498.6 496.3 494.5 492.9 492.3 491.8 490.5 489.4 488.6 487.4 486.7 485.6 484.4 482.5
394.6 390 384.4 378.3 373.1 367.9 363.9 357.9 349.3 344.1 339.2 336.2 340.4 341.6 344 346.3 348.1 347.1 341.9 338.9 336.4 331.6 327.8 335.8 348.9 355.4 361.2 363.3 365.2 366.1 367.6 369.8 371.1 374.6 379 383.3 387.7 392.6 398.6 398.9 399 410 418.2 426.7 437.6 449.7 457.9 464.2 470.7 481.5 487.9 491.1 493.4 496.8 499.4 501.3 503.1 505.9 506.1 505.5 505.5 504.9 504.5 502.1 499.4 497.2 495 493.9 493.3 492.4 491.9 490.9 489.7 488.4 487.2 485.9 484.1 482
393.2 389.2 383.8 376.8 371.7 365.9 360.2 352.9 346.8 340.8 338.9 341.8 347.4 347.9 349.9 351.2 351.8 348.6 343.5 339 335.6 329.5 328.5 338.3 352.6 360.3 365.3 368.1 371.9 374.1 377.2 379.8 383.8 385.1 388.4 394.2 400.3 404.3 408.6 410.1 411.7 415.6 422.3 430.2 436.3 447.9 458.1 466 474.4 484.6 489.5 492.3 494.5 498.1 501.3 504.1 506.2 508 508.5 508.1 507.4 506.8 505.6 503.7 500.6 497.7 495.7 495 494.2 493.2 492.7 492.1 490.8 489.4 487.4 485.8 483.4 480.4
389.5 387.7 383.6 375.7 368.9 362.1 354.2 346.7 340.9 340.3 344 346.4 350.4 352.6 354.1 354.3 353.7 350.5 343.1 338.6 335.4 332.2 328.2 339.3 355.6 363.9 369 373.6 377.8 381 385.5 389.8 393.5 397.8 402.3 407.3 410.7 413 417.6 420.8 419.4 420.3 429.8 438.1 446.2 454.3 460.4 468.8 475.3 486.2 491 493.5 495.8 499.8 503.3 506.4 508.7 510.3 510.7 510.5 509.4 508.2 506.6 503.6 500.4 497.6 496.8 495.9 494.8 493.9 493.2 492.4 491 489.6 487.3 484.4 481.4 478.2
379.2 378.3 373.7 366.5 359.1 354.3 348.7 343.6 346 349.8 349.5 350.2 353.3 356.6 358.2 357.3 355.7 352.5 343.9 338.2 335.3 329.3 330.7 341.6 358.3 368.1 374.3 379.3 382.9 386.5 392.1 397.6 403.1 407.1 410 414.7 419 423.6 428 430.9 429.6 432.4 435.8 447.4 454.9 459.6 465 471.4 480.8 488.6 492.8 495.4 498.3 501.7 505.1 509.2 511.9 512.6 512.9 512.4 511 509.2 506.3 503 499.8 498 497.1 496.2 495.3 494.4 493.6 492.2 490.5 488.3 485.8 482.7 479.2 475.2
