ny/ny84_OST50GRID_20230518/NY84.asc
ncols 200
nrows 200
xllcorner 380000
yllcorner 540000
cellsize 50
[rows 70 to 104 of 200, columns 0 to 77 of 200]
484.8 471.7 462.5 453.5 441.3 429.3 418.5 422.3 431.8 437.6 445.4 454.4 462.4 470 480 488.6 494.8 503.2 511.9 520.4 526.8 530.3 534.7 537.5 544.3 548.8 550.7 551.7 550.8 549.7 548.2 546.3 544.1 541 537.1 532.8 529.5 525.4 521.2 517.9 513.8 506.3 497.6 486.3 475.5 464.3 453.6 443.1 445.8 438.3 444.2 444.7 449.8 454.2 456.4 458.2 461.2 464.8 467.3 471.3 475.8 484.3 490.2 491.1 490.2 488.9 488.5 486.9 484.4 481.8 479.9 477.5 474 470.1 465.1 458.7 451.1 445.3
491.9 477.3 465.7 456.8 443.9 432.1 415.8 427.7 433.9 441.2 447.8 457.8 464.7 470.8 481.4 490.3 496 503 511.5 519.9 526.8 530.1 534.4 537.3 544.1 549 551.1 552.1 551.2 550.2 548.8 546.9 544.8 542 536.6 532.3 529.8 527.2 523.3 520.5 516.3 511.4 503 492.3 479.2 464.4 451.7 454 453.8 446.6 453.9 455.6 459.1 461.2 463.6 465.4 468.2 469.7 472.4 477.2 480.7 487.4 492.6 493 491.8 491.4 490.7 487.9 485.1 482.9 480.9 478.2 474.5 468.8 459.8 451.3 445.5 439.3
498.2 482.2 469.3 457.6 446.4 433.4 419.5 427.8 435.5 444.6 451.4 461 467.2 472.5 482 491.6 496.7 503.5 511.1 519.4 526.1 529.3 533.6 536.6 542.6 549.1 551.7 552.4 551.7 550.8 549.4 547.6 544.9 541.7 538.2 534.1 531.6 529 525.4 522.6 519.1 514.2 506 492.3 482.9 463.3 465.3 465.2 458.4 459.7 462.1 465.5 467 468.9 470.8 472.7 474.9 477.5 480.9 483.9 486.4 490.1 494.1 494.4 493.9 493.2 491.6 488.7 486 483.5 480.2 475.9 470.4 461 451.9 446.1 440.9 435.8
504.4 488 471.1 461.1 450.2 436.2 420.9 430 434.9 447.2 454.2 462.7 469.2 473.9 484.1 492.8 497.4 502.8 510.2 518.1 524.8 528.5 532.2 536.1 541.7 548.3 551.6 552.3 552.5 551.5 550 548.8 546.6 542.4 538.2 536 533.2 530.5 527.9 524.4 520.8 516 508.7 500.9 487 467.5 477.7 475.2 463.5 468.2 471.8 474.6 474.7 476.9 479 481.1 483.2 484.9 487.6 490.3 491.7 494.7 497.6 496.5 496 495.1 492.6 489.8 486.3 482.9 478.5 468.1 461.5 454.2 447.7 442.4 437.5 432.4
507.7 494.7 474.6 459.8 455.8 438.1 424.6 434.1 441.4 450.5 452.8 464.8 470.4 475.5 484.8 493.6 498.3 503.2 509.8 516.4 523.5 527.5 531.4 535.8 540.1 546.1 550.7 552.2 552.8 552.3 551.2 549.9 546.8 544.8 543.2 540.3 536.6 533.6 529.8 526 522.9 519 512.1 496.8 488.6 483.3 484.9 482.1 474.9 479.5 480.7 482.1 483.3 486.1 488 489.5 490.9 493.1 495.2 496.1 496.4 498 499.7 498.7 498 495.5 492.9 489.3 485.1 479.6 471.2 462.2 455.7 449.7 444.3 439.2 434.2 429.3
509.4 497.8 481.8 461.7 455.6 434.6 427.4 437 445.9 454.5 461.5 468.1 471.2 476.2 484.8 493.9 498.9 503.2 509.4 516.3 522.1 527.4 531.1 535.2 538.9 544.4 549.8 552.7 553.4 553.2 552.3 551.1 550 548.7 546.9 544.1 540.4 536.4 532.7 528.3 525.5 521.4 517.1 509.6 491.2 492.6 490.7 486.9 485.7 487.4 487.1 491.5 494.1 495.3 496.5 498 500.3 501.2 500.9 500.9 500.3 501.3 501.6 500.4 497.9 495.4 492.3 487.4 482.9 474 465.7 457.7 451.5 446.2 440.5 435.1 430.9 426.5
510 498.3 484.7 467.4 450.5 435.7 431.3 439.4 447.4 455.5 463.8 470.5 473.8 476 484.6 494 499.2 503.6 509.6 515.7 521.1 528 531.4 534.8 538.7 543.4 548.5 552.9 553.9 553.9 553.3 552.5 551.6 550.8 549.7 547.2 543.9 539 535.2 531.6 528.4 524.8 520.8 512.1 491.4 503.3 501 495.4 495 496.4 495.1 500.7 502.5 503.5 504.6 505.7 506 505 504 503.5 503.4 503.4 502.8 501 498.5 495.1 491.5 485.7 476.9 468.6 461.4 454.9 448.7 442.3 437.3 432.7 428.2 423.4
509.1 497 484.3 469 451.5 437 431.7 441.1 447.3 455.6 465.5 472 476.2 481.7 488.6 495.7 499.8 504.3 510 515 522.9 529.1 532.5 535.8 539.5 543.7 549.2 552.5 554 555.1 555.4 555 554.5 553.9 551.7 549.6 545.6 541.7 537.8 534.7 531.4 527.8 523.3 507.2 509.3 514.8 511.5 503.9 506.4 507.7 502.1 509.5 510.2 510.4 510.5 509.9 509.2 508.2 507 505.7 505.2 504.7 502.9 500.8 497.6 494.3 489.5 480.7 471.6 464.2 457.2 451.5 445 439.1 434.4 429.7 424.8 419.7
505.8 493.5 480.3 467 448.9 437.2 444.3 437.3 450.3 459.6 468.6 473.7 477.4 484.2 491.5 496.8 501.1 506.1 511.8 517.8 524.8 530.7 533.8 537.5 541.1 545.4 550.4 552.7 554.6 556.4 558.4 559.9 560.5 558.6 555 552.1 549.6 545.2 540.5 536.9 534 530.5 519.3 517.1 522.2 522.6 519.9 512.8 516.2 516 513.7 515.2 515.7 515.1 514.3 514 512.5 511.1 509.4 507.4 506.5 504.9 502.6 500.1 496.5 492.9 486.2 476.5 468.7 461.2 455.1 448.1 442 436.8 432.1 427.5 419.6 412.3
502.1 492.5 479.5 465.2 448.3 443.7 450.9 443.3 449.4 460.4 468.9 475.3 480.7 486 493.5 498.6 502.2 507.9 514.9 520.9 527.7 532.5 535.5 539.2 542.4 548 551.3 554.4 556.3 558.6 561.9 563.6 563.3 561.9 557.9 555.3 551.8 548.7 544.7 540.8 536.9 532.1 529 528.4 527.9 526.7 524.2 522.7 522.3 521.2 519.7 519.9 519.6 519.2 518.8 517.9 516 514 511.7 509.7 507.6 505.6 502.7 499.3 495.5 490.4 481.5 473.4 466.9 459.2 452.8 445.5 439.6 434.4 428.5 420.6 415.4 421.9
500.2 489.9 476.5 462.1 444.6 452 456.6 457.1 452.6 448.2 468.3 475.3 481.7 488.4 494.8 500 504.2 509.6 516 523.3 530.4 534.2 537.6 540.8 545.3 550.9 553.5 555.9 558.7 562.7 564.4 565 564.4 562.1 560.3 556.8 554.3 551.5 548 541.7 537.4 536.5 534.6 533.1 531.3 529.8 528.1 527.3 526.6 525 523.2 523.2 523.1 522.8 522.3 520.7 518.7 516.4 514 511.9 509.8 506.8 502.5 498.2 493.4 485.2 477.1 470.6 463.5 456.1 449.6 443.2 437.8 431.2 423.2 424.8 427.5 427.3
500.6 489.8 475.4 460.3 445.7 456.8 461 463.5 464.6 459.1 458.9 474.5 481.4 488.7 495.9 501 505.2 510.9 518 525.7 531.7 535.4 538.9 542.7 548.4 553.3 555.9 559.2 563.2 565.8 566.6 566.5 565.3 563.4 562.1 560.9 557.2 553.2 550.9 545.3 541.9 540.1 538.6 537.1 535.9 533.8 532.6 531.5 530.5 527.9 527.1 526.4 526.3 526.1 525.2 522.7 520.6 517.9 515.1 512.9 510.1 506.2 501.6 496.3 490.4 481.7 474.4 467.3 460.6 453.3 446.9 441.4 435.4 427.2 430.5 432.4 433.1 431.1
501.1 490 476.5 461.8 446.6 463.3 466.5 467.8 471 471.3 460.9 469.3 479.8 487.3 495.2 500.8 506.1 513.1 519.6 527 532.9 536.8 541.4 544.8 550.5 555.1 558.3 563.6 566.6 568.3 569 567.9 566.6 565.5 564.3 563.2 559.3 555.4 553.6 549.9 546.3 545 542.6 541 539.5 537.9 536.8 535.2 533.5 531.6 530.9 530.6 529.7 529.5 528.1 525.5 522.6 519.6 516.6 513.4 510.3 506.6 501.8 495.6 488.6 481.9 474.6 467.1 458.3 451.4 444 437.2 431.6 435.6 436.5 439.2 437.6 434.2
501.3 488.5 476.7 460.6 457.6 468.9 471.8 473.7 476 478.3 475.7 464.8 473 484.9 492.9 500.8 506.3 513.9 521.6 529.1 534.5 538.5 542.6 546.5 551 556.2 560.7 566.7 567.4 570.6 570.4 569.9 568.4 567.7 567 565.4 562.6 558.3 555.9 553.6 552.3 550.4 547.3 544.9 543 541.3 540.1 538.7 536.7 535 534.9 534.1 533 532 530.1 527.3 524.5 521.5 518.4 514.7 511.4 507 501.4 495.3 487.4 480.8 471.2 462.4 456.7 449.4 443.1 435 441.3 441.2 444.3 444.3 441.2 437.5
499.7 486.7 476.5 458.8 467.6 473.8 477 480.2 482.8 484.7 484.6 479.7 468.6 480.1 489.9 498 504.5 513.5 522.5 530.5 535.3 539.4 543.9 546.9 552.5 557.2 563 568.4 570.7 571.9 571.7 571.4 570.1 569.3 568.9 567.2 564.8 561.5 559.3 557.6 556.3 554.9 552.9 550.2 548.1 545.9 545.1 543.7 541.3 539 538 536.6 536 534.6 531.6 529.1 526.6 523.6 519.4 515.8 512.4 507.4 500.3 493.5 485.9 475.7 475.3 464.9 455.6 453.1 448 445.2 447 446.2 450.2 447.1 443.6 441.5
496.9 485.2 473.6 464.1 474.2 478.3 481.9 485 490.1 491.2 491.1 487.8 479.5 471.7 482.2 492.7 500.9 512.1 522 531.4 536.9 540.8 544.7 548.1 553.4 558.4 564.8 569.5 571.6 573.2 573.2 572.9 571.8 570.9 570.6 569.5 568.4 566 563.5 562.5 561.3 558.4 557.1 555.7 554 552.5 551.2 549.2 544.7 543.6 543.1 541.4 539.4 536.9 534 531.5 528.7 525.2 521.3 517.4 513.2 506 497 492.8 488.3 483 478.1 468.1 462.3 458.6 448.4 452.9 452.1 454 453.8 451.7 448.5 446.5
494.5 482.8 466.4 474.6 480.3 483.9 487.6 492.3 496.2 497.3 495.7 493.6 489.8 477 485.9 491.7 494.6 507.1 517.8 528.2 536.9 541.7 545.8 549.2 554.1 560 565.9 570.6 573.1 574.6 574.9 574.8 573.6 574.3 573.2 573.1 571.2 569.5 568.6 567.9 566.7 564 562.1 559.5 557.9 557 556 554.5 549.9 549.2 549.1 546.4 543.1 539.8 537.1 534.1 531.4 527.1 523.2 519 513.2 509.2 503.5 495.7 491.4 486.4 481.4 472.5 466.9 459.8 457.5 458.3 456.1 458.5 457 456.1 454.3 452.6
493.1 480.2 473 481.9 485.7 490.5 494.6 498.5 500.7 501.2 499.7 497.7 494.6 489 482.8 497.5 502.5 506.4 513.3 524.1 535.2 541 545.7 549.8 555.7 560.7 565.9 570.6 574 575.7 576.4 577.2 577.6 576.9 577.2 577.4 576.5 575.5 574.8 572.2 571.1 569.5 567.6 565.1 562.6 561.7 561.5 558.8 555.9 555.5 554.2 551.2 547.9 544.3 540.9 536.6 533.5 529.9 525.2 521.2 517.8 513.2 507.8 500.2 494.7 488.2 483.8 476.9 470.6 459.6 463.8 462 460.2 461.2 460.3 459.4 458.6 456.1
493.4 482.6 473 485.2 490.1 495.5 499.5 502.9 504 503.8 503.1 500.9 497.9 495 486 499.2 506.3 512.3 518.3 519.6 529.3 538.6 545.1 549.9 556.6 562.3 568.2 572.4 575.1 577.2 578.4 579.6 582.4 582.5 582.4 582.7 583.3 582.4 581 578.1 574.7 573.1 571.6 570.2 568.3 567.3 567.5 564 561.3 560.3 559.2 556.4 553.3 548.8 544 539.2 535.4 531.8 528.8 524.4 520.9 516.6 510.9 504.2 499.9 492.3 486.3 480.1 473.8 471.2 468.4 465.6 464.6 464.6 463.6 463.9 462.3 459.9
493.6 483.7 478 488.7 495.8 500.8 504.2 506.1 506.8 507 505.9 504.6 502.9 499.9 490.6 503.5 510.3 517.2 523.4 528.9 532.4 536.3 543.7 550.2 557.7 563.3 570.3 574.5 576.6 579.1 581.9 584.6 587.3 590.8 590.8 594.3 594.3 591.4 588.3 584.9 582.3 579.9 576.9 573.4 572.3 571.9 572.1 568.1 568 567.1 565.5 561.9 557.5 552.5 547.1 542.4 537.9 535 532.1 528.3 524.5 520 514.5 509 503.4 496.9 489.7 483.2 476.5 476.9 473.7 469.9 469.5 469 469.1 471.2 467.2 465.7
493.2 483.4 483.6 495.9 501.8 505.5 507.5 509.1 510 510.7 510.4 509.9 506.8 504.7 497.2 508.2 514.3 521 528.1 532.8 536.6 540.7 541.9 550.5 558.8 565.6 571.7 575.5 578.4 581.8 586 588.6 594.9 598.7 600.7 601.8 600.4 598.5 595.6 590.7 589 586.9 583.4 577.8 577.9 575.3 574.6 573.4 572.2 571.3 569 565.8 560.8 555.3 551 544.9 542.1 538.2 534.8 531.7 528.1 523.1 518 513.5 507.8 499.7 491.9 482.3 484.3 481.9 479.2 474.8 475.3 475.7 476.6 476.8 471.8 470.5
490.2 484.2 487.4 500.7 506.4 508.7 510.2 511.9 514.3 515.1 514.4 515.2 513.2 509.7 500.4 512.1 517.4 523.8 531 534.3 539.2 545.1 550.6 551.7 561 566.8 572 574.6 581.2 586.3 592 593.4 600.9 604 603.9 604.8 603.7 603.1 600.8 598.3 594.9 594.5 591.7 585.4 585.9 581.2 578.1 577.5 577.4 575.7 572.2 569.3 565.7 560.7 553.2 552.2 546.6 543 538.1 534.9 531.2 526.1 521.9 517.5 511.5 499.2 496.2 493.9 490.6 489.1 484.8 482.8 482.7 483.1 483.6 480.6 477 477.8
491.2 494.7 491.9 505.9 508.9 511.4 513.9 517.7 520.2 520.7 523 522.5 519.5 515.2 508.6 515.9 521.8 526.8 532.4 536.9 544.3 551.7 555.7 559.6 564.1 570.8 574.6 576.7 583.3 589.8 599.2 601.6 604.8 606.4 606.9 608.3 608.6 608.5 604.9 603.8 601.5 599.9 597.3 595.3 592.8 589.1 584.7 582.8 581.8 579.9 576.6 572.6 568.6 562.3 560.6 557.5 552.5 548 542.4 537.8 533.6 528.5 524.8 520.5 510.3 509.5 504.1 500.6 498.7 495.3 487.7 490.2 489 490 487.4 483.2 482.3 483.1
503.9 502.1 492.5 509.2 512.6 516.5 520.1 524.5 527.6 528.5 530.7 529.4 524.9 520.8 511.3 520.5 527.2 531.4 534.7 540.9 549.6 556.5 561 565.6 570.6 573.7 577.1 580.8 589.1 598.4 603.1 605.5 607.6 609.1 610.9 613 614.1 611.8 610.6 609.1 606.7 603.9 602.1 600.2 597.6 595.7 593.7 591.4 587.7 583.1 580.2 576.1 569.7 568.9 566.6 563.1 558.2 553 547.1 540.6 536.6 531.8 527.8 524.9 520.8 515.1 511.1 506 507 497.7 495 499.1 493.4 495.1 490.9 485.9 488.8 487.8
510.2 508.4 496.4 510.4 518.6 522.8 527.1 532.9 535.1 536.3 537.4 535.9 531.4 525.9 518.5 516.4 531.4 536.6 539.8 546.5 554.8 561.2 568 574.8 578.5 573.5 579.2 587.6 594.9 600.9 606.5 609.1 611.1 613.6 615.9 618.8 619.5 616.4 617.3 615.5 611.9 608.1 606.4 604.6 602 600.6 599.3 597.5 593.1 589.3 584.9 580 574.3 574.5 571.6 568.2 564.2 558.1 551.2 546.7 539.9 534.7 532 530.1 526.6 522.1 517.8 514 512.5 504.1 505.8 505.4 501.9 500.4 491.5 493.9 494.8 493.1
518.3 515.1 507.3 515.2 524.2 531.8 538 541.4 542.9 542.8 542.3 540 536.5 531.6 523.5 534.9 534.9 539.6 546.4 551.7 560 566.5 575.8 583 585.4 586 583.3 594.2 600.5 606.9 610.8 612.8 615.6 619.5 622.1 623.6 624.4 623.9 623.3 621 618 615.1 613 610.2 606.9 604.8 602.9 601 598 594.5 589.8 584.3 579.7 579.7 577 573.7 569.7 564.5 559.2 551.4 542.8 540.7 537.2 534.8 531.7 528.3 523.7 521.6 517.4 512.7 515.1 510.1 507.4 500.7 502 503.4 500.5 497.9
524.9 519.7 515.9 522.8 533.8 542 547.6 548.6 547.5 548.4 548.2 544.4 541.6 539.3 533.2 540 542.1 539.2 550.3 557.3 565 573.9 582.6 586 588.6 590.8 593.7 599.1 606.9 613.7 618.4 619.9 621.9 624.9 627 628.7 630.1 629.5 628.5 626.3 623.4 621.3 620 616.9 613.8 611.1 608.7 604.9 602.5 600.1 595.9 588.9 584.6 585 581.3 578.6 575.2 570.2 564.5 556 553.2 546.9 541.8 539 535.4 532.2 529.6 527.4 522.2 523 520.1 516.9 509.5 509.6 511.6 508.9 506.4 503.5
535.2 527.8 520.1 530.4 542 551.3 554.2 554 552.8 551.8 550.4 547.6 545.8 543.5 539.2 544.8 547.9 548.5 549.5 560.1 569.7 579.3 584.7 588 590.5 594.4 599.2 605 612.8 620.5 622.9 625 626.6 630.1 633.5 633.5 634.4 633.4 633.4 630.8 629.2 627.9 626.2 623 620 617.1 614.4 610.2 607.4 605 601.1 593.5 593 591.5 586.1 583.2 580 576.6 570.6 565.1 560.3 554.9 549.8 544.7 538.9 535 532.7 530.2 528 527 524.3 522 518.9 519.9 518 515.5 512.5 509.5
543.8 538.2 526 538.1 549.6 556.2 557.7 558.4 558 556.4 555.7 552.4 551 549 547.7 550.1 553.6 555.7 555.6 559.2 571.4 582 586.1 589.4 594.4 599.3 605.4 611.9 617.8 623.7 626.2 628.5 632.2 635.7 637.9 638.8 639.5 640 639.5 637.3 635.7 634.5 632.1 628.4 624.9 622.5 619.6 615.9 613.4 610.4 606 601.5 601.2 596.9 592.5 587.5 584.3 580.8 576.3 570.3 566.4 561.5 556.2 550.6 542.7 538.9 536.3 532.9 532.1 529.9 527.9 525.5 526 524.9 523.2 521.1 518.5 515.9
555.6 550.3 536.6 542.2 553.4 559.1 561.2 562.9 564 562.3 560.7 558.7 557.6 556.5 556.1 555.5 559.9 563.6 562.5 568 576.4 584.1 589.4 593.5 599.1 606.1 611.8 618.7 623.7 626 629.4 632.8 636 638.8 640.8 643.4 645.8 647 647 645.5 643.3 641.9 638.3 634.5 630.7 627.7 624.5 621.3 618.8 614.9 609.9 608.8 606.4 602.6 597.4 591.9 587.7 584.3 580.2 576.3 571.4 566.2 562.1 555.7 547.2 545.3 540 539 536.8 533.6 531.9 530.9 530.1 529.2 527.2 525.7 524 522.3
561.7 558.5 554.6 544.1 557.5 562.4 565.3 568.5 569.9 569.3 568 566.6 565.8 565.7 565.3 564.5 567.3 572.2 572.1 578 582.2 590.3 594.8 599.3 605.9 612.4 619.8 623.8 628.2 629.2 631.9 636.1 639.1 642.2 645.9 650 652.6 654.5 654.9 653.6 651.4 649 645.6 642.1 637.7 633.3 630 626.7 623.4 619.3 616.4 614.2 611.3 607.1 601.2 595.9 591.7 587.9 583.7 580 576.1 571.7 566.5 558.4 555 550.5 545.9 546.7 541.1 538.6 536.2 536.4 533.3 532.4 531.3 530.3 528.6 526.5
565.6 563.5 561.9 546.1 561 566 570.1 574 576.9 577.5 576.2 575.1 575.6 576.2 575.2 574.2 575.6 576 579.7 584.1 591.5 596.1 600.7 606.3 612.5 619.5 625.1 628.7 631.2 632.8 635.6 639.4 643 646.9 651.8 656.3 660.3 663.4 663.3 661.8 659.8 656.9 652.3 648.6 643.2 638.2 633.5 630.7 627.4 623.4 620.5 618.6 614.9 609.6 605.3 601 596.4 590.3 587.1 584.2 580.9 576.2 570.9 567.4 560.8 551.6 555.8 550.6 546.7 543.3 543.1 541.8 538 535.5 534.4 534 532.6 531.8
570.3 568.7 566.6 557.7 564.1 569.2 575.4 580.6 583.6 584.4 584 584.3 585.8 584.9 584.4 578.6 587.2 589.6 593.4 596 599.5 601.6 605.6 611.8 620.1 625.7 630 632.9 633.9 636.2 640.3 644.2 647.7 651.9 657.3 662.1 666.5 668.6 672.1 671 670.1 664.4 658.6 652.9 647.1 642 637.4 633 631.5 628.7 626 622.2 617.9 612.5 609.5 605.8 600.4 595 591.4 586.8 584 579.8 577.2 573.7 563.9 563.6 563 557.4 555.2 549.2 552.4 548.6 544.4 539.9 538.3 537.6 536.3 535
574.6 573.6 571.7 566.9 563.8 571.3 579.7 585.8 590.2 592 591.7 592.9 594.5 594.1 592.3 587.9 595.6 597.8 601.9 601.6 604.4 607 611.8 617 623 630.2 633.6 635.5 638 640.5 644.5 648.1 652.2 656.9 661.3 665.7 669.1 672.1 672.1 673.1 672.2 668.1 660.5 654.4 648.8 643.6 639.7 636.7 635.9 632.9 630 625.1 621 617.4 613.3 609.5 605.6 600.8 596.6 591.7 586.8 583.8 582.2 578.1 571.8 573 570.4 567.3 559.2 561 560.1 555.3 550.5 544.6 542 540.4 539 537.1
579.2 579 577.5 574.9 572.4 572.8 583.1 590.4 595.6 597.9 599 600.4 602 602.8 601.6 600.9 603.4 606.1 607.9 608.4 610.2 613.9 618.3 623.1 626.9 632.9 637.5 639.9 643.4 646.4 651.4 654.4 657.3 661.4 664.5 667.7 668.8 669.9 669.8 669 668.5 665.3 659.2 654.6 649.3 644.8 642.4 640.4 638.9 636.9 632.6 627 623.9 621.4 617.9 614.6 611 606.8 601.8 596.6 589.6 588 585.5 581.6 580.3 580.2 577.9 573.5 567 569.9 566.2 562 556.3 551.5 547.9 544.5 542.8 540.7
