ny/ny61_OST50GRID_20230518/NY61.asc
ncols 200
nrows 200
xllcorner 360000
yllcorner 510000
cellsize 50
[rows 105 to 139 of 200, columns 78 to 155 of 200]
287.9 288 289.7 289.3 289.7 287.7 282.1 273.7 267.3 259.1 250.1 245.1 242 239.5 235.9 231.5 230.2 227.1 226 224.1 222.7 222.3 222.6 223.8 224.5 220 220.8 224.4 218.6 215.6 213.5 214.8 216.9 211.2 209.9 216.5 215.9 214.2 213.7 214.7 213.4 213.5 212 211.1 210.2 213.1 216.6 219.6 217.9 217 220.6 222.3 221.2 217.9 215.1 213.3 211.8 213.6 210.9 208.4 205.6 203.4 201.4 197 191.6 190.4 189 185.9 185.8 181.5 178.4 176.4 170.2 173.1 174.2 174.8 179.7 182.5
288.2 288.4 290.2 290.4 290.5 287.5 280.1 271.2 264.4 259.5 251.7 246.4 240.8 232.1 228.5 230.9 227.3 225.7 226.5 226.5 226.1 224.5 224.3 225.6 227.6 228.8 229.8 229.3 227.9 227.3 226.4 225.3 223.9 221.4 219.7 218.7 217.7 216.2 215.2 217 218.3 217.6 216.9 215 213.9 216.4 219.1 222.5 220.8 218.4 221.8 223.5 223.1 219.3 215.9 214.9 213.1 213.2 210.1 208 204.4 202.9 200.7 196.4 191.2 189.3 187.7 185.2 185.1 183.1 178.9 171.9 170.7 176.7 177.3 175.7 180.6 185.4
287.7 288.2 290.5 290.2 290.6 285.4 277.6 270.8 265.7 259 252.2 241 234.6 229.7 228.2 228.3 227.4 227.3 227.6 227.6 227.7 227.4 226.8 227.1 229.3 230.5 231.4 230.5 229.7 228.2 226.1 227.7 226.6 221.9 222.9 221 220.2 218.6 218.7 220.2 222.4 222.2 221.2 218.7 217.2 218.2 221.9 224.9 223.9 221.2 222.2 224.1 223.7 220.7 216.6 216 213.6 212.8 209.2 206.7 203.9 201.9 200.1 196.4 190.3 186.5 184.7 183.1 180.7 174.2 172.7 172.5 175.2 179.3 180.8 178.2 182.2 187.5
286.8 287.6 288.1 288.9 288.4 281.7 275.1 270.1 263.8 259.1 256 247.9 235.7 231.2 229.5 228.7 229.1 228.5 228.2 228.3 229.2 229.2 229.4 229.8 231.1 232.6 233.1 231.7 230.4 229.9 229.6 229.6 228.8 227.6 225.9 223.9 223.4 221.3 221.5 222.8 224.8 226.2 225.5 223.6 221.6 221.5 224 227.4 226.3 223.7 223.3 223.8 224.5 221.4 216.6 215.9 213.4 211.3 208.2 205.8 203.1 200.9 198.9 195.6 188.6 182.8 180.4 175.4 175.1 179.5 179.5 177.4 180.4 181.8 183.6 183 183.1 189.1
286.5 285.7 285.2 285.2 284 278.5 272.6 267 267 264.3 257.8 250.1 240.8 232.9 230.5 230 230.2 229.6 229.3 229.5 230.2 231.5 232.1 232.1 233.4 234.7 234.8 233.3 232.1 231.7 231.3 231.6 230.9 230.5 229.7 227.5 226.9 225 224.3 224.5 228.6 229.5 229.4 228.4 225.4 225.4 226.4 229.8 228.7 225.3 223 223.4 223.8 220.7 216.4 214 211.3 208.1 205.6 203 201.2 198.2 196.1 191.6 184.9 176.9 176.3 175.5 180.6 181.3 179.7 180.3 182.8 184.3 186.9 186.2 184.6 190.3
285.5 284.3 283.5 280.2 277 271.8 269.7 268.5 270.6 266.3 259.2 252.2 242.4 235.5 231.4 231.3 231.3 231.1 230.9 230.4 231.3 233.4 234.3 234.4 235.4 236.6 236.6 235.1 233.9 233.6 232.7 233.5 232.8 233 232.7 230.5 230.2 229 228.4 227.8 231.4 232.7 232.6 232.2 229.5 228.3 229.4 230.9 230.4 226 222.2 222.5 222.2 219.4 215.4 212.1 210.7 205.6 202.8 198.8 193.8 187.8 188.4 185.3 177.8 177.1 176.9 175.9 178.6 181.6 182 182.9 185.7 186.8 189.3 189.7 186.8 191.4
284.2 282.6 280.1 276.4 277.6 275 272.5 272.3 272.5 268.1 260.4 252.9 243.9 237.5 232.7 232.1 232.4 232.6 232.2 232.1 233 235.7 236.8 237 237.5 238.8 238.8 237.5 235.8 235.6 235.7 236.6 235.3 236.6 236.3 234.4 233.5 232.9 231.9 231.3 234.4 235.9 236.1 236.1 233.6 230.9 230.6 230.9 230.9 226.4 220.9 220.2 219.8 217.8 213.5 210.8 208.5 203.5 198.8 194.6 189.8 187.2 183.3 181.1 178.3 177.6 176.9 176.8 180.5 183.2 184.2 186.9 189.5 191 193.1 193.5 191.7 192.3
283.4 282.1 278.8 276.6 279.2 277.5 276.6 276.6 274.7 269.8 261.6 253.7 244.5 238.5 235 233.7 233.9 234.8 233.8 234.1 234.9 237.6 238.9 239.4 240.4 241.2 242.1 240.2 238.2 238.8 238 238.9 238.1 239.2 239.6 238.2 236.8 236.3 235.9 234.8 236.1 238.6 238.3 238.2 236.5 233.1 231.3 229.4 229.7 224.7 218 217 216.9 215.4 211.9 208.7 207.3 199.3 193.6 190.1 189.5 182.1 181.4 179.5 178.3 176.1 177.7 179.4 184.3 185.7 189 190.3 193.9 195.8 197 197.7 196 193.8
282.5 281.8 278.4 277.9 280.2 281 281.3 280.5 277.1 271.8 263.4 254.2 245.9 239.3 236 235.1 235.7 236.8 235.8 235.8 236.6 239.2 241.7 242.6 242.8 244.4 244.7 243.6 240.9 241.1 240.8 241.2 240.1 241.7 242.7 241.8 240.5 239.8 239.4 238 237.4 240.4 240.2 239.1 238.1 234.4 230.4 227.5 225.3 221.8 216.2 213.8 212.3 210.8 207.7 204.1 200.7 189.3 182.7 181.9 180.9 181.3 179.8 179.4 179.2 179.6 180.7 184.9 188.6 191.3 195.9 196 198.9 202.6 202.8 202.4 200.3 197.1
280.5 280.6 278.3 278.3 280.4 282.2 283.2 282 279.5 274.1 264.1 254.8 247.4 240.3 237.5 236.6 237.2 238.7 238.4 238.8 239 241.6 244.2 245.4 245.9 246.5 247.6 246.5 243.9 243.9 244.1 242.9 241.7 243 245.7 244.7 243.6 243 241.9 240.8 240.2 241.3 239.7 237.8 236.3 232.9 228.7 224.5 221.3 217.4 212.6 208.9 207.8 204.6 200.7 195.4 188.5 183 184.8 187.6 188.8 185 181.2 180.2 183.5 184.6 187.1 188.9 192.9 198.1 202.3 201.9 204.4 207.9 207.9 207.9 205 200.8
280.6 279.7 277.7 277.1 279.6 282.6 284 283.3 280.9 275.5 265.1 255.9 247.2 239.1 238.7 237.8 238.9 239.8 240.5 241.3 241.6 243.1 246.3 247.9 248.3 249.4 249.6 249 247.1 245.6 245.5 244.4 243.9 244.4 247.3 247.5 246.3 244.8 244.1 243.3 242.2 241.4 237.4 233.9 232.7 229.4 226.4 221.3 217 214.4 209.3 203.4 201.4 197.7 190.7 183.3 183.6 195.1 194.1 196 193.7 191.1 190.9 189 189.4 187.5 191.1 191.4 195.4 202.8 208.1 207.5 208.6 211.6 212.4 211.8 208.9 203.5
281.4 279.5 276.9 275.5 278.5 281.1 284.2 284.9 281.3 276.6 266.2 256.6 247.6 241.3 240.5 239.2 239.1 241.6 242.4 244.1 244 244.2 248 250.8 251.3 251.5 252.2 252 250.1 248.6 247.3 246.8 246.7 247 248.8 248.8 248.2 247.1 245.5 244.1 242.7 240.1 235.5 230.2 226.8 223.6 220 216.3 211.8 207.7 201 195.9 191.5 186.8 185.7 192.1 194 198.7 199.4 200.7 200.3 200.1 200.1 195.8 194.1 192.7 193.4 192.8 197.8 204.2 210.8 212.6 212 214.3 216.2 215.4 212.4 206.1
281.3 280.1 277.3 275.2 277 279.5 283.1 283.6 282 275.1 263.2 253.5 243.5 244 241.6 240.5 240.1 242.1 243.6 245.3 245.2 245.5 248.9 253 253.8 254 254.6 254.4 252.8 251 250.5 250 249.1 249.1 249.5 250.2 248.8 247.2 246.7 244.5 244.1 238.4 232.7 227.6 223.8 218 213.9 209.2 202.1 196.3 189.8 188.5 187.8 186.7 192.8 194.6 199 203.2 205.8 207.3 208.6 209.4 207.9 202.2 198.2 196 195.6 194.4 195.9 201.7 211.7 216 213.8 215.5 218.1 217.8 215.5 209.1
282 278.6 275.6 273.5 276.2 278.7 279.8 278.9 274.9 266.3 256.1 253 253.8 246.9 245.2 242.6 242.3 243.1 244.3 245.6 246.8 247.1 250 253.9 255.5 255.7 256.4 256.1 254.9 253.2 252.6 251.9 250.9 250.3 249.7 249.8 249 245.1 243.7 242.9 241.1 235.6 230.6 224.6 214.2 209.1 202.7 196.8 191.2 189.6 188.2 188.3 189.2 188.7 197 201.3 202.3 208.6 212.6 214.2 217.6 218 216.3 211.4 202.9 199.7 197.9 196.4 195 197.9 209 215.1 214.4 215.5 217.9 217.8 215.8 209.7
282.8 278.9 276.6 273.4 273.6 274.3 270.8 269 266.6 262.8 261.9 263.7 256.9 250 247.9 246.3 245.3 246.5 246.6 248.9 249.6 249.8 251.8 254.9 258.6 257.8 257.3 257.4 255.9 254.4 253.5 253.8 252.3 251.5 249.7 248.4 246.9 242.3 239.8 238.2 236.7 231.7 226.2 219.6 210.4 200.4 194.4 192.4 191.5 190.3 190.3 191.1 192.3 190.4 200.2 206.6 206.8 212.3 217.3 219.3 223.2 223.5 222.5 217.8 207.3 202.9 201.7 200 197.3 197.2 202.5 208.9 211 213.7 215.6 215.7 213.3 208
282.7 278.6 277 274.4 273.5 276 275.7 272 273.8 271.6 271.3 267 259.9 253.7 249.6 249.8 249.8 249.7 250 251.5 252.7 253.4 253.7 255.8 259.4 259.3 258.5 257.5 257.2 255.6 255 253.5 250.7 247.4 244.8 243.4 242 235.9 231.9 231.2 228.6 226.3 221.4 214.5 206.7 200 191.3 192.6 192.5 192.8 193.6 195.7 197.8 198.1 201.4 210.1 209.3 214.4 219 221.1 226 226.9 226.5 222.7 211.4 207.3 205.8 204.6 202.3 202.7 201.7 205.9 209.2 211.8 212.3 212.1 208.8 207.9
283.8 279.7 273.8 272.8 274.4 277.7 278.7 276.2 279.5 277.7 274.9 269.9 264.2 257.1 252.7 253.2 253.4 253.7 254 254.6 255.5 255.9 256.5 258.2 260.7 259.5 258.5 258.4 257.3 253.7 249.1 245.1 241.5 239 237.4 235.2 230.8 227.2 224.3 223.5 221.7 219.2 214.9 209.4 203.6 194.3 195.6 198 197.9 197.3 198.8 202.5 203 202.7 199.7 210.9 213 215 219.7 222.2 227.1 229.1 229.3 226.2 215.8 209.8 209.9 209.8 207 207.8 208.3 209.1 210.9 212.6 213 212.3 209.7 209.2
283.9 277.2 274.3 273.3 276.7 279.7 280.3 279.4 282.2 281.6 278.1 273.6 268.2 260.3 256.2 256.3 257.4 258 257.9 258.7 258.4 258 258.9 260.2 260.8 259.5 257.3 252.4 248.8 245.8 242 238.2 230.2 225.1 221.8 222.4 220.3 217.4 213.4 213.5 212.5 210.6 207.2 203.6 195.8 194.3 201.6 202.5 204.5 205.2 203.9 208.7 208.1 206.5 196.5 210.8 215 214.9 219.2 222.1 226.4 229.5 229.5 227.1 219 212.2 214.2 214.4 212.3 213.3 213.9 212.1 212.1 214.1 215.3 214.6 212.3 210.7
283.1 275.5 274.1 276.5 278.1 280.9 282.2 281.7 284.2 284.3 281.4 277.4 272.5 263.8 259.6 259.2 260.5 261.3 261 262.4 261.5 260.2 257 255.2 256.5 253.8 250 246.3 244.3 238.9 226.9 222.3 218.7 214.9 212 210.7 210.6 207.4 204 203.3 202.8 202.9 198.6 196.9 197.4 203.8 206 208.1 211.9 213 209.5 214.7 212.9 210.9 206.7 207.8 216.3 214.7 218 219.5 223.1 227.4 226.4 225.9 218.6 214.7 217.4 219.1 218.6 219.1 218.7 218 216.1 217.4 218.2 219.1 215.8 212.8
281.4 276.3 276.3 279.3 280.4 282.6 284.7 283.8 286.7 287.2 283.7 279.5 274.9 267.9 262.7 262.3 263.2 263.6 262 257.5 252 244.6 241.5 242.7 246 245.1 240.4 235.2 229.2 221.7 219.3 214.1 209.2 206.1 204.3 203.9 202.8 201.7 200.4 200.2 200.5 198.3 198.2 202.1 204.7 208 212.1 214.6 219.4 220.7 217.2 221.1 218.1 215 211.2 205.8 216.5 214.2 214.3 213.3 217.3 220.7 218.8 217.9 215.8 217.9 221.5 222.8 223.1 223.1 224.1 223.5 220.6 222.4 221.9 222.2 218.1 215.3
278.9 277.6 278.8 281.5 282.6 283.7 286.2 286 287.1 288.5 286 281 276.9 271.1 265.9 265.9 265.4 263.7 260.6 256.9 252.1 239.8 234.8 234.7 236 236.2 230.3 223.4 217.4 212.9 209.6 207.7 205.7 205.1 204.7 203.8 203.6 202.5 201.6 201.8 202.4 201.7 205.1 207.4 209.5 211.7 218.6 218.9 225.6 226.9 224 227.5 224.2 220.2 215.9 207.1 213.8 210.9 209.2 209.3 210.5 212.7 214.3 214.2 216.1 222.4 225 225.9 226.9 227.1 227.4 227.3 225.5 225.5 224.6 224.2 220 217.2
282 279.3 281 284.6 285.4 286.3 288.9 288.4 289.3 291 287.7 282.5 277.2 272.7 267.8 264.2 262.2 262.1 259.8 255.3 249.7 237.8 233.2 230.9 229.5 226.1 221.2 215.2 211 209 208.2 208.2 209.6 210.5 206.3 203.6 203.8 202.8 203.3 203.7 202.8 205.3 209.3 213.3 214.7 220.6 225.1 227.6 231.7 232.9 231.5 232.8 229.7 225.5 221 212.9 209.3 208.4 208.7 208.8 209.8 211.2 215.2 218 223.9 227.2 228.3 229 230.3 229.9 229.7 230.4 229.1 227.9 226.3 225.2 221.5 217.1
284.6 283.6 284 287.2 287.4 287 290.9 290.8 290.4 291 288.5 282.9 277.2 273.2 265.6 261 258.6 258.9 257.1 253.2 246.2 235.1 229.9 228.2 225.6 221.9 215.1 212 210.2 209.2 209 211.6 214.3 213.1 210.4 206.4 204.6 204 207.1 206.9 205.8 213.5 216.7 219.1 222 227.1 229.8 234.9 236.6 237.6 236.2 237.4 235.3 230.4 226.1 217.2 211.1 209.5 209.3 210.1 211.8 214.9 218.9 222.7 229.5 231.2 231.8 232 232.7 232.3 231.5 232.1 230.7 228.7 226.6 224.4 220.2 216
289.5 286.9 288 291.1 290.6 288.2 292.3 291.1 290.1 290.2 287.4 284 277 271.9 263.6 259.8 253 253.3 253.2 249.3 239.9 231.3 227.7 223.1 218.8 214.3 213 213.9 211.1 212.7 212.4 214.1 217 215.7 212.8 209.3 208.7 210 213.1 211.7 208.8 218.8 223.7 225.5 231.2 233.8 235.3 240 239.4 242 240.4 241.3 239.7 235.2 228.4 220.3 211.8 211.3 212 214.4 217.7 220.8 224.9 227.5 233.2 234.6 234.7 234.3 233.9 233.5 231.5 232 230.3 226.5 224.8 221.1 217.9 213.4
293.2 291.1 290.6 293.9 294 290.4 292.3 291.3 290 287.9 285.2 281.3 276.1 269.7 262 258.8 254.9 243.3 245.9 240 233.3 225.2 221.1 215.3 216.8 221.7 221 219.1 216.9 217.2 216.8 217.6 219.3 217.7 216.2 213.7 213.6 216.6 219.9 221.4 215.6 223.8 229.6 231.4 236.7 239.5 241.4 244.6 244.4 245.5 244.2 244.3 243.7 239 231.6 222.5 213.1 212.3 214.6 218.8 222.8 225.5 230.2 231.1 236.1 237.1 236.4 235.9 235.1 233.8 231.1 229.5 227.5 224.2 220.4 215.3 212.1 207.5
296.9 295 294.3 296.9 296.2 293.5 293.2 292.7 289.6 285.4 282.3 280.1 274.7 264.9 257.7 257.6 255.9 243.1 233.7 229.7 224.5 219.4 220.2 223.7 225.1 227.7 228 224.9 223.6 223 222.2 220.3 221.7 219.7 219.6 217.6 218.4 222.7 226.2 229 226.7 222.3 234.3 236 242 244.7 246 248.9 248.3 248 247.1 246.7 246.8 242.3 236.9 227.1 216.3 213.6 218.7 220.8 226.7 229.1 234 234.7 238.8 239.1 238.6 237.2 236.1 233.4 228.7 223.8 220.8 217.3 214 211 206.5 200.8
299.2 298.7 296.6 298.1 299.5 296 294.5 293.1 289.4 285.4 281 275.5 272.1 261.7 255.3 255 255.3 243.6 232.1 223.6 221.2 221.5 225 226.3 228.2 231.6 233.3 231.4 231.4 229.3 226.9 224.9 224.7 223.7 223.7 221.9 224.2 227.8 230.9 235.8 235.3 222.4 238.2 241.6 246.1 249.3 250.7 252.3 251.5 249.3 249.5 248.1 249.1 244.2 237.4 230.5 222.5 217.4 224.4 227.9 230 232.5 236.8 238.6 240.9 241.5 240.4 238.3 235.8 231.6 226.7 219.1 214.4 212.6 207.9 205.8 198.4 193.3
302.2 301.7 300.5 300.6 300.1 297.7 295.6 293.1 289.4 284 275.9 268.9 269 258.7 255.5 252.8 253.9 243.4 232.8 223.7 223.7 225.5 227.5 229 231.5 234.8 238.9 238.8 239.1 236 231.9 228.6 228.9 228.8 228.3 226.7 230.3 232.5 236 240.6 242.4 226.4 243.3 245.5 250.2 252.6 254.3 256 254.8 251.4 251.1 249.6 249.8 244.6 238.6 232.4 223.3 222.7 228.4 231.6 231.8 234.5 239 241.5 239.9 244.1 241.9 239.6 234.7 228.9 219.6 214.3 210.1 207.3 206.9 203.8 200.9 193.7
304.4 303.8 303.1 303.1 301.3 299.3 296.7 293.7 291.1 284.4 275.2 264.3 262.5 258.7 256.3 250.9 251.4 242.3 232.8 224.6 228.2 228.6 229.8 231.9 235.6 239.1 243.2 244.8 245.8 242.2 237.3 232.6 235.4 234.8 234.2 233.5 237 239.1 242.1 246.7 248.1 236.6 244.5 249 252.1 255.7 256.8 257.8 257.9 253.3 252.5 249.8 249.8 245 239.6 233.9 221.2 228.7 233.3 234.8 234.6 236.3 240.3 243.2 239.8 239.8 237.4 232.8 226.4 221.1 212.8 207.1 210.6 211.6 208.5 206.8 200.3 190.4
307.2 306.6 305.1 304.8 302.3 299.8 297.2 294.4 290.3 286.3 278.9 270.6 264.9 261 257.3 249 248.2 241.2 232.3 229.2 232.1 232.4 232.9 235.6 237.3 243.8 247.3 250.3 251.7 248.2 242.7 240 241.6 240.7 241 242.4 243.6 245.5 246.7 250.8 252.4 239.3 249 253.8 253.7 257.6 258.8 260.1 260.5 254.9 253.5 249.3 247.4 241.7 238 234.4 226.1 233 236.9 238.7 237.8 236.9 240.1 242.8 238 233 227.6 220.8 214.1 208.5 208.1 212.3 214.8 213.7 208.4 205.4 198.8 187.2
308.1 308.7 307.3 305.1 303.6 299.9 295.9 293.6 290 285.9 281.7 275.2 268.4 263.2 257 247.3 245 238.9 230.3 232.7 233.2 234.6 235.9 240.7 244.8 247.1 251.6 254.4 256.9 253.9 247.6 246.1 247.9 248.7 247.6 249.4 249.7 251.3 251.5 254.4 255.4 237.9 253.4 257.7 255.4 258.9 260.4 261.6 262.4 256.6 253.8 247.7 244.9 237.7 232.3 226 232.7 237 240.5 242.1 240.6 238.8 238.9 238.1 233.1 227.9 219.3 209.1 206.3 207.1 211.8 215.4 216.8 214.7 208.3 204.5 199 186.1
309.4 308.3 308.3 305.3 301.8 295.4 293 292 289.1 285.9 282.5 277.2 270.8 265.2 257.5 246.3 238.7 237.2 234.6 235 236.7 238.1 242.5 244.9 249.2 249.7 254.6 258.5 261.1 258.6 253.2 251.7 253.7 254.6 254.3 255.9 255.7 256 256.3 257.1 256.4 238.8 256.9 261.1 257.4 260.4 260.7 262.1 263.9 257.6 252.8 244.6 240.6 231.4 227 233.1 236.5 239.7 243.1 244.8 244.3 241.8 237.6 234.7 230.9 223.3 213.8 205 204.5 207.2 212 217 217.5 214.9 207.9 203.3 198.9 186.6
311.6 309.6 309.2 304.7 297.8 291.6 289 290.3 287.9 284.7 282.3 277.3 272.2 265.3 257.4 244.4 238.2 234.7 237.4 239.3 242.6 246.1 248.7 249.3 254 255.9 258.4 261.8 264.5 263 258.1 257.2 259.2 260.6 260.5 261.6 260.8 261.3 260 258.2 256.6 243.8 259.9 263.7 259.6 260.3 260.6 260.8 264.8 258.3 250.6 240.1 232.7 230 231.8 235.1 238.4 241.9 244.7 246.5 246.1 244.9 239.3 234.3 228.9 219.1 209.3 205.6 201.6 203.9 210.9 216.5 217.5 214.4 207.5 203.3 198.4 187.7
315.1 311.3 308.7 301.1 294.2 289.1 286 287.9 285.8 282.8 281.3 276.9 271.4 265.4 254.5 243.2 237 235.7 239.4 243 247.9 251.9 255.4 255.9 258.7 260.4 262.1 264.5 266.8 266.1 262.3 260.6 263.8 265.5 265.5 266.8 265.9 265.7 263.2 258.7 254.6 248.7 261.1 265.9 262.5 260.5 260.7 258.5 264.6 258.3 248.7 240.9 232.6 233.3 236.1 238.8 239.4 242.6 245.2 247 247.6 246.7 242.9 236.2 229.6 219 210.3 208.4 201.6 200.3 206.4 212.4 215.7 212.9 206.3 202 197.6 187.5
313.3 309.3 303.9 297.9 292.2 288.3 284.8 284.4 282.2 279.6 278.5 276.4 271.8 264.8 251.9 241.8 237.3 238.6 242.2 246.9 252.5 257.8 261.5 261.6 263.6 264.3 265.1 266.8 268.4 268.5 264.3 265.6 267.7 269.8 269.9 271.7 270.7 269.4 265.5 260.1 257.8 253.6 262.2 266.7 264.8 260.7 261.1 256.5 261.2 254.8 247 239.2 237.4 236.6 237.6 240.9 241.5 243.9 245.3 246.8 247.6 247.2 243.9 238.8 231.3 220.5 211.6 209.3 202.4 197.8 199.1 206.3 209.6 210.3 205 199.2 196 185.7
