ny/ny61_OST50GRID_20230518/NY61.asc
ncols 200
nrows 200
xllcorner 360000
yllcorner 510000
cellsize 50
[rows 140 to 174 of 200, columns 78 to 155 of 200]
312.8 307.8 301.2 295.4 290.6 289 284.8 284.2 282.4 277.3 274.4 274.9 270.9 261.2 249.4 240 238.5 241.8 246.3 250.5 257.1 263.5 265.9 264.4 268.2 268.7 269 270.4 271.2 271.7 269.4 270.3 272.2 274.1 274.4 275.2 273.5 273 268.4 261.1 253.8 255.2 262.3 266.5 266.1 261.5 262.5 257.1 255.1 249.7 247.5 244.9 241.3 238.6 239.2 242.4 241.4 244.1 245 245.7 246.2 245.5 240.6 236.2 230.2 221.3 211.8 205.4 199.6 194.7 193 196 200.4 200.4 196.7 186.4 186.2 184.5
311.1 305.9 296.5 294.2 292.9 293.3 288.8 285.9 279.4 277.1 274.2 270.4 266.4 260 247.1 240.3 240.1 244.7 249.1 254.5 261.4 267.9 270.5 269.4 273.1 273.5 273.8 275.8 274.4 273.3 272.6 274.7 276.7 278.4 277.9 279 277.3 275 267.9 259.7 245.4 255.4 261.3 264.8 266.2 262.7 263.1 259.2 253.6 252.7 253.6 250.3 244.8 241 240.1 242.8 241 242.1 243.9 243.2 242.1 241.4 237.6 232.2 226.9 221.4 211.2 205.3 197.2 205.5 194.7 190.7 188.4 187.4 187 192.5 195.8 190.4
303.1 301 297.5 295.5 293.8 296.6 294.4 288.4 282.6 279.8 275.4 272 264.5 251 244.7 241.4 244 248.7 252.6 259.7 266.1 272.3 274.7 273.8 277.7 280.1 281.2 282.9 281.2 276.9 277.5 278.6 280.7 282.3 281.8 280.5 277.5 271.3 263 256.7 248.3 254.5 259.2 262.2 265.7 264 265.2 261.6 260.1 255.9 258.1 255.3 248.2 243.5 241.1 242.8 240.8 239.9 239.6 236.9 236.6 233.5 230.8 227.4 223.9 220 212 199.3 210.9 208.3 204.1 196.2 191.1 189.6 193.9 197.9 196.8 192
302.3 297.8 294.6 294.1 296.2 299.2 298.3 293.3 287.3 281.5 275.8 271.4 265 251.2 244.6 242.4 247 252.7 258.6 264 269.3 275.5 279.4 279.1 282.9 286.8 288.6 289.6 287.9 281.7 280.9 281.8 284.7 286.3 285.4 280.9 276.3 267.4 258.9 254 252.4 253.1 255.2 259.4 262.9 265.9 268.4 265.1 264.3 258.4 261 258.4 251.4 244.8 242.6 242.2 240.6 237.4 236.4 234.9 229.9 225.9 225.6 223.6 220.3 217.7 212.7 200.8 213.4 210.9 210 203 200.2 199.4 199.8 201.2 198 196.3
300.4 296.2 295 296.2 298.7 301.4 300.7 296.1 289.5 283.5 276 270.5 262.4 252.5 243.4 246.6 250.4 256.8 263.4 268.7 272.4 278.1 282.7 284.3 287.4 292 294 295.1 293.3 286.2 284.9 285.4 288.2 289.9 287.8 280.4 271.6 261.5 257.7 255.8 254.4 254.8 256 261.2 265.1 269.8 271.9 270.9 267.7 260.4 262.6 259.7 252.3 246.2 243.4 242.1 236.9 237.1 234.9 230.3 220.9 220.1 219.6 217.5 216.9 217.2 210.5 206.2 215 212.5 214 208.9 207.5 207.3 206.1 205.4 203.5 198
302.9 301 300 299.3 300.9 302.9 302.2 297.5 290.8 284.3 275.7 269.3 257.7 248.3 246.1 248.3 254.2 260.7 267.5 272.2 275.8 280.7 287 289 292.2 296 298.7 300.1 299.3 290.8 288.6 287.7 291.3 292.7 289.7 279.8 273.6 263.5 260.1 257.6 256.6 257.1 260.8 263.7 267.6 272.6 274.8 275.3 271.5 262.8 262 259.6 251.8 247.2 243.5 239.1 236.8 232.4 226.2 222.7 220.9 219.4 218.1 213.3 217.1 218.6 211.1 208 216.3 213.5 216 215.5 214 212.3 209.9 209.2 205.8 199.8
306.1 304.9 303.6 302.2 302.5 304.2 303.4 298.4 291.3 283.9 275.4 266.3 253.6 248.3 248 250.4 258.2 263.7 270.3 275.3 278.8 284.2 290 292.7 295.8 301 304.3 304.5 304.7 295.9 292.2 290.7 294.1 295.2 291 280.8 275.5 266 261.5 259.3 258.7 259.9 263.5 267 269 274.6 277.5 277.9 275 266 262.3 259.4 251.9 246.8 243.7 235.8 231.1 227.4 226.7 225 222.8 218.7 212.3 210.6 214 215.8 212.4 209.6 216.8 214.5 217 218 216.9 214.7 213.7 211.6 208.2 202.1
310.2 308.8 306.3 304.3 304.2 305.1 303.6 297.8 291 282.8 274 263.6 251.9 251.3 251.7 252.8 261.6 266.9 273.6 277.8 281.7 286 292.8 297.9 299.9 306.5 307.3 307.2 307.8 300.5 296.8 293.6 296 296.5 291.2 281.7 271.5 272.2 266.6 261.9 261.3 264.3 266.3 269.6 270.8 275.8 279.4 280.3 277 269.3 262.3 258 251.2 245.6 243.4 236.8 230.1 227.6 226.9 225.5 220.1 215.9 211.4 208.3 207.3 206.9 205.4 213 216.8 215 218.8 218.6 217.9 217.3 215 213.1 210.3 204
310.7 310.5 307.7 306.3 305.8 305.1 302.5 297 289.8 281.8 271.2 261.5 256.2 256.8 256 260 261.1 270.8 276.4 280.5 283.8 288 294.4 300.5 303.6 308.9 311.9 310.6 310.3 305.5 300.4 297 297.3 296.8 291.1 282.8 280.7 277 270.8 266.1 264.6 268.8 268.2 271.8 271.1 276.6 280.7 281.2 278.5 270.8 263.2 257.2 249.2 244.3 240.9 234.9 229.6 228.5 223.3 219.8 215.9 213.5 209 209.3 211.9 213.5 214.5 214.2 217.3 216.3 217.8 220.8 219.4 218.1 215.8 214.9 210.8 202.6
307.6 308.9 308.1 307.2 305.5 302.9 299.7 293.9 287.8 278.7 267.9 259.8 260.3 260.3 261.1 265.5 262.2 273.2 277.8 282.2 285.5 289.7 296.1 303.4 306.9 313.9 314.2 313.8 312.4 309.9 304.5 299.8 298 296.5 291 284.5 284.6 281.5 274.9 268.3 269.3 272.2 271.5 273.4 273.4 277.2 280.7 278.5 275.2 270.3 262.7 255.9 247.7 242.3 237.8 232.8 227.2 222.6 220.1 213.5 211 209.7 211.8 212.5 212.9 214.6 217.1 215.6 217.6 218.1 217.4 220.7 220.3 218.9 215.8 215 212 202.2
302.1 305.5 305.6 306.3 302.7 299.6 295.6 291.2 284.9 276.8 269.1 264.5 264.2 264.2 266.1 270.6 270.3 275.6 280.2 284 287.4 291.6 297.1 306 310.8 315.5 317.5 317 315.6 313.4 307.9 304.5 300.5 297.7 291.9 286.5 287.9 284.7 278.3 269.8 274.5 276.9 275.2 275.6 273.9 276.3 280 276.9 271.3 265.1 259.9 252.7 244.6 239.6 233.9 229.2 222.9 218.7 212.5 211 210.7 210.5 212.8 214.2 215.1 217.8 219.9 218.6 218.9 219.6 218.7 219.6 219.3 219.2 216.2 215.5 212.7 204.3
299.3 301.8 300.7 299.5 298.7 296.1 292.8 288.1 282.5 277.7 272.2 268.5 269.6 271.9 273.8 276 277.1 278.8 283 286 288.9 292.3 298 307.6 313.6 317.1 319.8 319.7 318.8 317.1 311.4 307.5 304.1 298.2 293.7 288.9 290.4 287.4 281.4 273.4 278.2 281 278.8 277.9 276 275.4 278.2 273.5 268.9 261.4 255.9 249.9 243.9 239.9 233.6 225.5 223 214.4 212.5 211.6 211.4 211.5 213.7 218.9 221.7 223.7 224.8 221.4 221.1 222.2 221.9 220.7 220.8 218.6 215.9 214.5 213.1 204.4
302.3 301.5 300 297.9 295.2 291.9 288.3 284.4 283 281.4 278 275 276.4 278.1 279.8 280.4 280.4 281.6 285.5 289.1 290.5 294.3 298.4 307.1 315.7 318.8 320.4 320.7 320.1 318.3 312.5 310.3 305.7 298.5 294.9 293.1 292.8 289.3 284 275.4 281.8 284.3 283 280.9 278.3 275.7 277.2 271.8 265.1 257.6 252.6 248.2 242.4 238.6 228 226 217.2 214.4 212.7 212.5 212.6 213.1 216.9 223.4 227.6 230.1 230.1 223.8 224 225.3 224.3 223.2 220.7 216.9 215.4 214 210.8 204
303.8 303.1 300.4 300.1 292.9 290.8 289.3 287.9 286.6 285.9 283.4 282.5 282.4 283.6 284.7 285.1 284.2 285.2 287.9 292.3 293.2 297 298.9 306.1 316.1 321.6 322.6 322.8 322.2 317.9 311.8 308.8 307.4 300.6 296.3 295 294.6 292.1 286.2 277.6 284.5 287 286.6 284 280.6 277.2 277.1 269.5 261 254.7 251.1 246 240.1 234.7 226.7 218.8 217.2 214 214.7 214.3 214.5 216.2 221.6 228.2 232.3 234.2 232.9 226 227.6 226.8 225 223.4 218.5 217 216.8 213.4 211.8 207
305.6 303.5 301.4 296.7 294.6 293.4 292.7 292.4 292.2 291.5 290.2 288.8 288.1 288.7 290.2 289.4 287.7 289 291.6 295.6 296.1 300.4 303.2 308.5 316.6 323.9 324.8 325.4 325.2 318.5 311.1 310.9 307.4 301.7 298.8 297.2 295.1 292.3 288.2 280.2 286.9 289.7 289.7 287.1 283.9 278.2 274.1 264.7 257.1 251 246.6 240.5 236.4 230.4 221.1 218.7 214.9 216.3 217.2 217.6 218.1 220.7 226.3 232.6 235.8 236.7 234.3 228 229.8 230 227.1 222.8 220.7 218.8 217.4 213 211 207.1
305.5 303.8 301.7 299.2 297.7 297.5 296.9 297.7 297.4 296.1 295.3 293.9 293 293.1 293.3 293.3 291.6 293.7 292.6 297.3 298.7 302.7 305.8 310.6 319.1 325.6 326.6 328.5 327.4 319.3 315.7 312.4 306.6 305.2 301.8 299.2 295.8 292.3 287.2 285.2 289.4 292.1 292.6 289.6 284.7 277.5 270 261.5 253.1 246.3 239.2 236.8 230.3 223.9 220.6 215.7 217.5 219.3 219.1 220.5 222.9 225.8 232 236.6 238.9 238.6 233.3 229.8 230.9 230 226.9 223.7 224 222.2 218.5 212.3 209 205.5
305.4 304.3 304.8 304.1 301.8 301.3 301.1 302.1 301.2 299.7 299 298.3 296.9 297.5 297.3 295.8 294.8 296.9 296.6 298 300.5 302.3 307.8 312.8 320.5 328.4 329.5 329.5 327.6 321.6 317.7 312.7 311.2 309.3 304.4 299.6 295.5 290.5 287.3 289.5 291.3 293.5 293.4 288 280.6 273.7 266.1 259.2 249.4 242.4 238.8 232.6 227.3 222.6 219.1 216.5 220 220.6 222 225.1 229.1 233.1 237.3 239.8 241 240.5 236 235.8 235.2 232.5 230.5 230.2 227.8 224.4 220 210.5 204.4 200.8
306.1 306.4 307.6 307.3 305.4 305.1 305.8 306 305.1 302.7 302.5 302.4 300.9 301 300.9 299.2 297.8 299.7 299.8 301 302.4 303.4 309.8 314.5 322.5 331.4 333 332.1 329.3 324.6 319.9 317.6 316.4 313.7 307.8 299.4 292.5 290.4 289.2 292.6 293.2 293.5 289.3 282.3 276.1 270.3 263.1 256.3 248.4 242 235.1 227.9 224.2 220.5 218.3 217.4 221.4 223.5 227.7 230.2 234.9 238.7 241.1 242.4 242.8 241.5 238.5 238.7 238.9 237.9 236.2 233.9 231.1 226.3 221.3 211.5 207 203.6
306.4 309.5 311.3 310.3 308.9 308.7 308.6 309.5 309.1 306.2 306.6 306.1 305.1 304.3 303.8 302.5 302.7 301.7 302.4 303.7 305.5 306.6 310.7 316.6 323.8 336.8 337.4 336 332.5 327.6 323.7 321.8 320.4 316.7 310.3 300.2 295.9 292.3 294 295.5 295.6 292.7 286.3 280.3 273.8 267.3 260.3 254.2 247.1 237.7 230.3 227.2 222.7 220.6 219.6 218.2 225 228.6 231 234.3 238.8 242.2 244.4 245.1 244.3 241.3 239.1 240.6 242 241.6 239.2 236.6 233.6 227.9 220.3 212.2 208.5 203.6
304 306.2 310 312.9 311.2 311.5 311.3 312.8 312.6 310.1 310.6 310.1 309.2 308.4 307.2 306.6 306.6 305.1 306.2 306.6 308.1 308.8 310 316.9 325.2 338.3 342.4 340.4 335.6 330.6 327.2 326 323.1 317.8 311.1 302 296.2 295.4 297.9 298.5 296.8 289.5 282.4 277 269.7 263.4 256.6 247.8 238.4 233.8 229.3 227.7 226.7 225.4 223.6 219.2 229.2 233 234.9 237.1 241.1 244.4 245 243.5 240.6 239.9 239.3 241.6 243.9 243.5 241.1 237.3 233.1 227.3 220.4 213.1 211.6 208.5
301.4 303.5 306.3 311.4 313.4 313.6 313.7 314.8 315.1 313.7 313.8 313.3 313.1 311.8 310.9 309.7 309.9 307.7 309.8 309.9 310.2 312.3 311.9 317.2 326.2 335.3 341.7 342.4 337.2 331.8 328.3 325.8 321.7 316.6 310.3 302.2 296.7 300.2 300.7 300.3 296.2 286.6 279.4 273 265.7 257.6 248.5 241.1 238.7 233.5 233 233.5 232.6 230.7 226.4 220.4 232.1 236.3 238.3 240.1 243.3 244.2 242.3 240.1 239.1 238.6 239.5 242.3 244.4 242.7 240 235.3 229.8 224.1 217.1 214.6 213.2 210.4
302.7 303.5 304.3 307.5 313.5 314.1 314.9 316.6 317.2 316.9 316.9 315.7 315.4 314.6 313.9 312.8 311.4 310.8 312.4 313.2 314 314.7 314.1 316.6 323.6 331.7 335.5 334.6 331.1 328.2 324.4 320.8 317.6 313.5 308.5 301.9 302.6 302.5 302.3 300.2 294.2 284.1 276.9 269.8 260.3 255 245.8 243.9 238.7 238.1 238 238.1 235.9 233.9 229.3 221.1 234.6 239.4 240.8 242.2 243.2 242.4 241.1 240.4 239 238.7 239.1 240.9 241.1 238.7 235.9 229.4 224.6 221.8 217.6 215.6 214.5 211.7
303.7 304.7 305.3 307.1 310.8 313.5 315.2 318 319.4 320 319.9 318.4 317.3 317.9 315.6 315.5 314.1 314.2 315.4 316.4 316.6 317.2 317.5 318.2 323.1 328.3 328.5 327.4 324.4 321.7 318.9 316.3 312.7 309.8 306.5 302.1 305 303.7 301.3 296.7 289.8 280.9 272.4 262.6 254.6 249.8 248.2 245.1 243.8 242.7 242.1 241.2 239.1 236.3 231.9 221.9 237.1 242.2 244.1 242 239.7 241.6 243.9 242.6 239.4 239.3 239.6 238.3 235.8 234.1 233.1 232.5 228.3 225.7 221.4 218.5 215.6 215.4
304.8 306.5 307.4 309.4 310.7 313 316.2 319.4 322.1 322.9 322.9 322.1 320.1 319.1 317.9 317.5 317 318 319.1 319.7 319.4 319.4 320.6 321.4 321.6 322.5 321.8 319.8 318 316.1 313.8 311.7 309.8 308.4 305.4 305.4 304.9 302.2 297.8 290.5 283.9 276.2 264.9 259.3 254.8 252.3 250.7 248.2 248.5 246.6 245.8 244.4 242.1 238.4 234.7 223 236.6 244 241.4 238.3 239.7 244.1 245.8 243.2 240.7 241.2 243 243.3 241.2 238.5 239.2 237.8 233.4 230.7 226.1 221.5 219 219.4
305.5 307.9 309.8 312 312.5 313.9 317.8 322 325.4 325.9 325.4 324.1 323.7 321.8 320.8 320.4 320.1 321.7 322.9 322.1 322.7 322.3 323.5 323.1 321.8 320.5 319.6 317.2 315.9 314.5 312.5 311.7 309.6 308.5 306.7 304.9 302.5 298.2 291.9 285.1 278.9 272.4 266.1 260.9 256.4 254.7 252.5 253.1 252.2 250.1 248.3 246.6 243.6 240.9 235.5 224 236.5 237.9 237.5 238 242.6 247.4 247.3 244.6 242.4 243.8 245.7 247.5 246.3 245.2 243.6 241.6 237.9 233.8 229.6 225.9 222.4 222.2
308.5 310.1 312.7 313.9 315.2 315.4 319.4 324 328.8 328.8 327.8 326.9 326.5 325.3 324.3 323.9 324 325.4 325.8 325.2 325.8 325.4 325.5 325.1 323.4 321.5 320.5 318.4 316.5 314 312.3 311.3 310.3 307.8 304.6 300.7 297.3 293 286.4 281.3 275.5 271.5 266.5 262.8 258.9 257.1 256.8 255.6 254.6 252.8 250.3 247.5 243.8 239.2 228.4 227 231.5 234.4 236.4 238.9 242.8 247.4 248.8 247.5 246.1 247.5 249.2 250.1 249.7 247.5 246.9 244.6 241.5 237.6 233.3 230.4 227.1 225.8
311 312.1 313.4 315.5 316.8 317.4 320.2 325.7 329.2 331.3 330.1 329.9 329.3 328.5 328.1 327.6 328.2 329.3 329.4 329 328.6 327.8 326.4 325.9 323.9 322.3 320.2 317.6 316.1 314.1 312.4 310.3 309.2 306.7 300.3 296.5 293.9 290 284.4 278.3 273.3 270 266.6 263.2 259.9 258.1 258.9 258 256.2 253.3 250 245.3 238.8 231.6 226.1 229.4 235.3 237.2 239.1 239.7 242.5 246.7 249.1 246.9 248.1 250 251.8 252.5 251.9 250.1 249.8 246.4 243.5 239.5 236.2 233.1 232.4 230.6
313.5 313.9 314.8 316.3 318.1 318.9 321.6 325.1 329.6 332.3 333.4 333.5 332.6 332.3 332.4 331.1 331.4 333 332.6 331.8 330.8 329.6 327.6 325.9 324.4 322.7 320.6 318.1 315.4 312.7 311.2 308.8 304.6 301.4 297.3 294.5 291.1 285.9 281.1 275.9 270.9 267.4 263.9 261.5 260.7 259.4 259.4 256 252.3 249.2 243.7 236.6 232.1 227.7 229.1 233.9 237 239.3 241.2 243.1 245.8 247.7 248.2 248.3 251.3 252.8 254.4 255.3 254 252.6 251.1 248.3 245.4 242.8 239.6 237.9 236.9 237
315.5 315.9 315.5 317.2 318.7 320.5 322.1 326.5 329.6 333.7 335.8 336.6 336.9 336.4 336.6 334.8 335.3 336.2 335 333.7 332.3 330 327.6 324.8 322.4 320.6 318.3 316.5 314.7 313.2 308.3 304.6 302 298.8 295.1 289.7 285.8 280.9 276.6 271.3 268.5 266.6 263.2 261.2 258.2 256.4 253.6 251.3 245.9 239.6 234.2 231.3 228.8 229.7 233.2 237.7 240 242.7 244.6 246.6 248.9 249 252.7 252.5 253.7 254.7 256.6 257.6 256.3 254.8 253.6 249.7 247.2 245.6 243.2 243.4 243.4 245.2
316.7 317.4 316.2 317 318.9 321.5 323.5 326.3 329.8 335.6 336.7 339 339.7 340 339.9 338 337.9 338.5 337.1 334.8 332.8 330.1 326.7 324.3 322.7 321 318.7 315.6 312.6 308 305.9 303.2 299.8 293.8 290.7 284.4 280.3 277.7 273.6 271.2 268.1 264.8 260.6 255.8 251.6 248.1 245.6 242 235.5 232.8 231.7 230.3 230.7 234 237.2 241.2 244.5 247.2 248.8 250.4 252.5 252.3 256.3 256.2 257.2 257 258.6 258.8 257.8 256.5 254.3 250.8 249.7 248 247.3 248.3 249.4 251.9
316.6 317.3 316.4 317 318.5 321.5 323.7 327.1 329.7 332.9 336.3 338.7 341.4 341.6 342.5 341.9 341.2 340.2 338.8 336.8 333.6 330.6 328.5 326 324.2 319.9 314.1 310.7 307.9 306.3 303.5 301.1 297.4 293.5 289.1 283.5 278.6 275.5 273.5 270.8 267 260.7 253.3 247.4 243.5 241.1 238 235 233.9 233 231.5 231.2 233.8 237.2 240.5 245.2 249.1 251.3 253.5 254 256.3 256.1 258.5 259.3 259.8 259.7 260.1 259.2 259 257.2 254.5 251.8 251.7 250.9 251 252.2 254.5 257.4
314.4 314.2 313.8 314.9 317.7 320 323.5 327.1 329.9 332.7 334.7 337 339.3 341.1 343 343.3 343.8 342.1 339.8 338.1 335.3 333.6 328.8 324.7 318.1 312.2 309.5 308.7 307.7 305.3 301.5 299.9 297.8 292.3 288.5 284.6 280.7 276.9 275.4 270.7 265.5 259.5 252.2 248.1 245.6 242.9 237.1 235.7 234.5 233.6 233 233.6 235.7 240.1 245.1 250.4 253.3 256.5 257.8 258 259.1 259.4 261 261.9 262.5 262.6 261.4 259.6 259.8 257.2 255.1 254.9 254.5 254 254.5 255.8 258.2 260.5
310.8 310.8 311.6 313.3 315.7 319.4 322.6 325.7 329.2 332.2 334.1 335.7 337.3 339.1 340.1 342.1 342.1 340.9 339.9 337.5 333.8 329.8 323.4 317.1 314.5 313 312 308.5 305.7 304.6 302.7 299.8 297.6 292.6 287.1 283.9 280.3 278.7 274.3 269.7 263.1 256.8 253 250.5 247 238.2 236.8 237 237.5 235.9 233.9 235.3 238.8 244.8 249.6 253.5 257.2 260.2 261.7 261.7 261.9 261.6 262.7 264 264.9 264.5 263.4 259.9 257.6 258.5 258.5 258.6 257.7 256.6 257.4 259.6 260.6 261.7
306.3 306.4 307.9 310.3 313.2 317.4 320.9 324.6 328 330.9 333.5 334.9 335.7 337 338.6 339.1 339.4 337.7 336.3 332.9 329.7 325 319.4 319.1 318.3 316.8 312.1 310.8 308.5 305.8 301.1 300 297.4 290.9 287.2 285.9 282.2 278.8 273.5 266.1 258.5 252.2 243.7 240.6 239.9 240.1 244 243.7 241.3 235.6 239.1 239.4 243.7 249.3 254.3 258.2 261 264 265.6 264.8 264.8 263.3 263.3 264.5 265.3 264.4 261.1 259.5 260 260.5 262.1 262.4 260.7 259 260.4 261.9 262 261.3
303.1 304.3 305.4 307.2 310.1 313.8 317.4 322.1 325.9 328.5 330.8 332.6 334.7 335.5 336.4 337.6 338.4 335.7 332.3 329.5 325.6 323.3 323.2 322.3 320.6 316.3 315.3 310.4 307 303 298.8 295.3 293.5 291 288.5 285.5 282.2 278.2 270 259 254.4 245 242.8 244 247.1 250.2 249.6 246.7 243.2 240.7 244.1 244.5 247 253.9 258.7 261.9 263.3 267.1 268.8 268 267 265.3 264.2 264.6 263.9 261.9 260.8 262.9 265.7 266.8 266.7 266.5 263.7 261.7 262.7 263.9 262.2 259.3
