ny/ny61_OST50GRID_20230518/NY61.asc
ncols 200
nrows 200
xllcorner 360000
yllcorner 510000
cellsize 50
[rows 35 to 69 of 200, columns 78 to 155 of 200]
194.7 190.4 190.6 200.2 199.4 193.2 192.7 192.8 193.2 193.9 195.8 197.7 198.5 197.9 198.3 198 193.2 192.6 193 193.5 194.8 195.8 197.3 198.2 197.1 193.8 194.1 191.4 186.3 183.6 189 193.7 195 194.8 192.1 189.7 185.2 183.4 185.5 189.7 188 185.8 183.9 180.8 179.4 177.6 175.1 170.8 166.8 165.4 163.5 159.2 147.3 145.4 145.5 145.8 147 152.5 157.6 159.6 159.7 157.1 152.4 148.1 141.9 140.1 136.9 137.1 137.2 135.2 146.9 165.5 167.1 166.4 164.2 163.3 161.1 159.6
196.9 196.4 195 191.2 198.3 193.1 192.4 191.6 192.7 192.7 192.9 193.3 193.6 193.5 194.8 194.7 193 192.7 193.1 193.1 193.7 194.2 196.2 198 198.3 195.5 194.2 193.7 189.7 184.4 186.6 194 197.4 198 195.6 192.7 188.8 185.3 183.6 187.5 189.3 187.8 186.1 184.3 182.2 179.9 177.3 172.9 167.7 164.2 164.6 165 151.8 145.7 146 145.8 145.7 147.8 152.6 154.4 153.7 153.4 151.6 149.7 143.3 138.1 137.4 137.2 137.4 137.1 142.5 151.1 165.6 166.3 166.2 164.7 161.8 158.9
198.7 196.8 198.7 193.7 192.1 193.7 192.6 192.9 193 192.7 192.8 192.5 192.5 192.1 191.8 192.7 193.3 193.8 194.5 194.1 193.6 193.6 196.1 198.6 199.6 197.3 195 196.1 192.9 186.5 184.6 191.7 197.4 200.6 199.4 196.1 192.8 187.1 183.6 184.5 189.3 188.8 187.9 186.8 184.5 182.1 179 175.2 169.4 163.6 160.9 158.5 152 146.5 146.4 146.6 146.1 145.8 147.5 148.7 147.5 147.6 149.1 148.9 146.2 141 138.4 137.6 137.7 137 137.5 145.3 149.7 158.9 165.9 166.3 162.7 157.5
199.2 197.6 199.7 198.8 193.5 194.4 193.7 193.7 193.2 193.1 192.7 192.8 193 192.1 192.5 193.7 195.1 195.2 196.8 197.1 195.5 194.3 196.1 198.7 200.4 199.4 196.7 197 195.2 190 184.3 189.1 194.2 200.4 202.2 199.1 195.8 189.9 185.3 181.2 187 188.6 189.4 188.8 186.4 184.2 181.8 177.1 171.6 165 156.1 152 149.8 147.8 146.9 146.7 146.5 145.9 145.6 145.7 146.2 146.3 147.9 148.1 148.3 144.7 140.7 138 137.4 136.7 137.1 141.7 146.7 151 162.4 164.9 159.9 153.4
199.2 198.6 200 200.5 197.2 193.3 192.7 195.2 194.6 194.1 193.8 194.8 195.6 194.7 194.1 194.6 195.7 197.8 198.8 200.4 199.5 197.3 196.1 199.1 201.2 201.4 198.8 197.6 197.3 192.7 185.1 185.3 191 195.8 200.6 201.2 198.3 192.9 187.4 182.5 180.3 186.5 189.7 190.5 187.8 184.8 182.2 178.8 173.7 166.7 158.7 153.9 149.8 148.4 147.3 147.1 146.8 146.1 145.7 145.8 146.3 146.5 146.9 147.6 148.4 146.8 143.7 140.3 138 138.1 136.9 138 139.6 147.6 150.8 153.8 155 150.7
201 200.4 200 201.7 200.3 196.1 192.8 195.5 195.1 195.3 195.2 195.5 197.2 197.4 195.1 195.3 196.4 199.1 201.4 203.9 202.9 200.6 197 199.8 201.7 203.1 201.1 198.2 199 194.5 187.6 181.6 187.5 191.9 196.6 200.4 199.9 196.6 188.7 184.2 176.8 180 187.3 190.2 188.7 185.9 183.1 179.3 174.8 169.5 163.4 157.8 153.8 150.3 148.3 147.3 146.9 146.6 146.3 146.2 146.7 148.9 147.2 148.7 147.3 149.4 146.4 142.6 138.5 138.1 137.1 137.9 138 141.1 146.7 148.1 147.6 149.3
202.2 201.8 200.4 203 202.6 200.2 195.8 194.2 194.2 196.1 196.6 197.6 199.4 199.7 197.3 196.5 197.7 200.9 203.2 206.8 207.1 206.3 201.2 200.1 202.6 204.5 203 200.1 199.6 196 189.3 181.2 183.3 187.8 192.7 196.6 200.4 198.2 191.1 185 179.8 174.8 183.6 190 189.6 187.1 184 180.6 176.3 170.9 166.7 161.7 156.5 152.8 149.4 147.9 147.2 146.8 146.4 147 147.7 151 148.8 148.5 146.6 148.7 148.1 144.3 141 138.3 136.8 138.1 137.7 138.5 142.3 146 148.4 149.1
203.7 203.6 201.6 203.3 204.4 202.9 200.2 197.7 195.6 195.1 196.9 198.5 201.7 202.5 200.9 198.4 198.2 201.5 205 208.1 212.1 211 206.7 200.5 203 205.1 205 201.9 199.5 197.6 190.8 182.1 177.5 183.2 188.1 192 196.1 198.6 193 185.6 180.1 171.6 182.4 189.8 190.7 189.3 185.1 181.7 177.7 173.3 168.1 163.9 159.3 154.1 149.7 148.5 148.7 146.3 147.3 147.4 148 151.1 150.8 148.8 147.2 146.1 148.8 145.4 141.4 138.4 137.2 138.8 138.5 137.5 139.7 143.1 149.5 151.2
204.6 205.2 203.4 203.1 205.5 205.4 203.6 201.8 199.3 197.7 196.9 199.7 204.3 205.5 204.6 200.5 199.3 201.1 206.1 209.1 214.6 214.9 211.7 204 203.8 205 206.2 203.4 199.8 197.3 191.7 183.1 175.7 178.1 182.3 186.2 189.6 194.6 192.4 185.3 179.5 172.3 172 189.7 190.7 191 186.6 182.4 178.6 174.4 170.6 165.7 161.3 155.9 152 149.1 152.7 148.9 149.7 151 148.8 152.1 152.6 149.4 147.9 144.8 147.5 145.7 141.2 138.5 136.9 138.6 138.8 139.2 138.3 141.6 147.8 152.6
204.2 206.2 204.8 203.1 205.5 206.1 206.1 204.7 202.8 201.2 200.3 202.4 206.2 208.7 208.8 206.7 201.5 200.9 206.8 209.9 215.4 218.7 215.9 208.1 203.9 204.3 206.2 204.5 200.4 196.5 189 183.9 177 174.6 176.5 180.3 184.8 188.6 189.8 185.1 179.6 173.6 166.1 179.7 187.2 188.8 185.3 181.2 179.4 175.1 171.2 168 162.6 158.8 154.2 154.4 155.6 153.9 155.5 154.8 153.7 153 154.4 150.2 148 144.2 144.2 146.2 141.4 138.9 139.6 136.8 139.1 140.7 139.4 139.8 145.2 152.5
202.6 206.7 206.4 202.5 204.4 207.9 207.4 207.1 206.1 204.5 204 204.1 208.5 211.8 212.6 211.4 206.1 203.4 206.8 210 214.4 219.8 220.1 214 203.9 202.8 205.1 204.6 200.5 195.4 188.6 182.9 176.8 173.4 173.8 175.9 179.7 182.7 184.4 182.1 178.8 173.7 166.7 164.3 165.6 174.5 178.1 176.9 177.5 175.1 170.7 168.1 164.3 160.4 154.5 153.6 157.1 154.8 159.6 160 158.6 152.4 156.4 152.5 148.5 144.5 142.3 142.7 140.9 140.3 141.1 138.9 139.9 140.6 141.7 139.4 142.9 153
199.1 205.5 206.8 202.5 203.1 206.6 207.8 207.4 207.7 206.3 206.4 206.1 210 214.8 216.9 216.3 211.1 206.2 205.8 209.7 212.4 217.6 221.4 216.6 207.7 203 202.3 204 200.2 194.6 187.7 180.6 173.8 173.3 172.6 172.7 173.6 176.5 178.2 177.2 175.8 173.8 169.9 164.2 161.8 164.7 167.7 169.4 172.4 173.8 170.3 167.6 165 161.6 155.9 155.6 158.5 156.7 160.4 163.5 162.5 156.3 155.1 154.2 149.2 144.8 143 141.7 141.8 141.9 141.5 141.2 139.6 140.5 144.1 140.3 138.9 155.9
198.2 203 206.3 203.4 200.8 204.8 207.4 207.5 208.5 208.5 208.1 208.3 211.1 216.3 220.2 220.5 217.2 209.1 204.6 209.2 209.6 213.4 217.2 218.3 210.6 203.4 198.4 202.5 199.2 191.1 185.8 178.5 173 172.7 172.6 172.5 172.3 173.2 174.2 172.5 172.9 170 168.1 162.2 161.6 159 160.8 160.2 164.2 165.9 165.7 163.4 161.5 159.2 155.5 158.4 158.1 158.5 159.8 164.9 165.1 161.4 154.8 155.3 151 146 143.1 142.6 142.9 143 142.8 142 140 139.8 144.5 144.7 140.3 147.8
198.2 200.5 203.9 203.6 198.5 202.6 204.7 206.7 207.9 208.2 208.9 209.6 211.3 216.9 221.8 223.6 221.6 212.3 205.6 208.7 208.9 207.9 211.3 213.8 210.4 203.2 197.2 199.1 194.5 188.3 183.2 176.3 173.1 172.8 172.6 172.7 172.8 175.2 178.1 177.2 177 173 170.8 165.1 165.2 160.3 158.7 158.5 157.9 157.5 158.7 159.2 159.2 156.6 158.8 159.1 158.8 158.2 159.2 163.6 167.1 164.2 154.4 153.4 149.7 146.3 144.3 144.1 143.1 143.2 143.5 143.7 141.2 140.2 142.8 147 143.3 140.1
200.1 199.7 200.7 201.7 195.6 196.3 200.4 205 207.3 208.4 208.9 209.8 210.4 215.8 222.2 224.9 223.7 217.2 207.7 206.9 208.9 205.6 205.3 208.2 207.6 201.6 196.4 190.4 189.9 186.2 180.8 174.5 173.6 173.5 173.7 172.9 173.4 174.6 178.6 181.4 180.6 177.2 175.7 168.5 166.3 161.8 162.2 159.1 157.9 157.4 157.2 156.5 157.9 158.1 160.6 160.8 159.8 159.4 158.6 160.9 166.8 166.4 159.6 153.3 152.3 149.9 146.2 145.2 145.1 144.6 144.3 143.4 143.5 138.6 141.3 146.7 147.8 142
202.3 201 199.9 198.6 197.9 199.6 197.5 200.1 207.3 208 208.6 210 210.8 213.7 218.3 220.6 222.9 217.8 209.8 205 208.7 208.8 206.5 202.6 201.5 199.1 197.6 191.3 185.3 181.8 176.9 175 174.3 173.9 174.1 173.5 174.6 177.1 181.6 184.8 183.5 182.8 178.1 175.5 172 167.8 165.9 164.7 162.8 161.5 159.7 158.8 161 161.4 161.5 163.1 161.8 161.2 159.8 159.4 164.2 165.8 161.3 154 155.4 152 148.7 146.4 146.8 146.7 145.7 144.5 144.2 141.8 140.1 143.4 148.2 145.3
206.7 203 201.3 200.5 200.5 200.1 199.5 197.1 200.1 204.2 207.9 208.9 209.5 209.7 213.1 215.6 218.2 216.6 210.4 203.4 207.8 209 209.2 207.1 204.4 202.5 198.2 193.4 187.1 181.2 177.4 175.6 174.4 174.8 174.5 175.6 179.2 181.2 184.5 188.1 187.4 186.3 185 183.7 178.2 175 170.9 170 168.9 166.5 164.6 161.9 164.4 165.7 163.8 165.6 164.8 163.1 161.9 159.1 161 162.1 161.4 154.8 157 154.4 150.3 148.2 148.4 148 148.6 145.4 144.8 143.5 142.2 140.7 145.3 147
211.1 207.2 205.3 201.6 201.9 201.5 199.8 197.8 196.8 197.7 195.6 199 206.3 203.8 207.5 210 212.6 213.7 208.3 201.7 205.8 208 209.8 209.1 206.9 203.9 200.1 195.8 189.9 185 178.6 176.3 175.8 175.8 177.7 180.4 184.5 185.4 189.9 191.9 190.8 190 188.8 189.1 184.5 183.1 179.7 178.5 175.4 172.4 171.2 168.9 169.1 169.9 167.6 167.9 167.4 166.8 164.2 161.5 158.4 157.1 155.6 157.7 159.2 155.7 152.4 150.2 149.6 150.9 150.6 146.7 144.9 144.3 142.3 140.9 141.5 145.4
216.5 213.3 209.2 204.9 203 201.3 201.3 200.5 200.9 203.6 203.5 204.7 197.4 199.1 201.3 201.9 201.6 203.3 202.2 200.6 204.1 206.8 208.4 209.6 207.5 205.3 202.1 198.1 192.9 187.5 182.8 177.9 176.6 175.9 182 186.4 189.2 192 193.7 195 195.2 192.3 191.6 191.4 190 188 187.8 186.7 184.9 180.5 176.9 174.4 172.2 174 171.2 169 170.2 169.3 166.7 165 159 157.2 155.9 157.9 160.6 158.5 155.3 152.3 150.6 152.7 152.1 148.7 145.7 144.4 142 140.9 142 142.3
220.1 218.6 215 208.5 204.7 205.7 204 202.6 203 205.5 205.5 205.9 202 201 198.4 198.6 199.2 199.5 199.5 199.6 202.7 205.7 207.6 209.6 209 206.8 203.9 200.5 196.1 190.7 184.8 180.8 178.7 178.3 181.4 188.1 192.2 195 196.6 198.6 198.5 195.5 194.5 193.5 194 188.7 194.3 192.4 189.4 187.3 181.3 179 174.5 177.3 174.9 171.3 171.9 171.8 170 166.5 160.9 157.9 156.5 157.4 160.6 161.1 158.4 155.6 152.8 153.6 153.6 150.6 146.1 143.8 139.7 142.1 141.9 142.3
221.9 223.2 220.3 212.6 208.1 208 209 205.8 205.9 207.7 207.1 206.6 203.6 202.5 199.4 199.2 197.7 199.2 198.9 200.2 202.4 205.4 206.8 208.8 209.9 208.1 205.5 202.7 198.9 194.5 188.3 185.7 181 181.4 180.8 190.3 193.4 196.6 198.6 200.9 201.6 198.6 196.9 196.4 196.8 195.4 194.2 198.8 194.6 190.9 185.8 182.5 177.8 179.8 177.4 174.3 173.4 173.1 171.4 168.3 164.7 158.5 156.8 156.8 158.4 161.7 161 158.7 155.3 154.1 154.8 151.8 145.7 145.1 141.6 142.4 142.5 142.9
221.5 224.6 224.1 218 211.5 208.8 212.6 210.6 209.3 209.2 208.7 207.6 205.8 203.1 199.7 199.2 199.7 198.4 199.1 200.1 202.5 204.7 206.2 208.1 210.3 209.8 207.4 204.8 201.8 197.6 193 186.7 185.9 184.7 182.2 189.4 194.7 197.1 199.5 202.1 203.7 201.8 199.8 198.4 199.4 198.8 192.9 198.5 199.4 193.2 188.8 185.2 181.6 180.9 181 177.1 174.8 174.8 172 168.5 166 159.8 156.5 156 156.3 161 162.2 161.1 158 155.4 155.1 152.4 148.5 145.5 142 142.1 142.8 142.8
219.4 224.5 226.8 222.3 214.1 208 215.5 215.9 212.9 211.1 210.3 209 206.9 202.3 199.8 199.2 198.7 199.4 199.4 200.1 202 204 205.9 207.8 210.6 211.2 209.8 207.1 204.4 200.4 196.8 189.2 190.8 189.3 187.4 187 195 198 200.2 203 205.5 205 202.5 201.4 200.5 201.6 198.5 195.6 200 196 191.1 187.3 184.9 180.8 181.9 178.5 175.4 174.6 171.5 169.4 166 159.7 155.9 154.1 154 157.2 161 162.2 160.5 156.9 156.3 154.1 149.1 145.7 142.7 142.7 143 142.7
218.8 223.2 226.9 225.3 216.5 210.6 217.2 218.4 216 213.3 211.7 210 207 201.7 200.1 199.7 198.6 199.6 199.9 201 202.3 204.2 205.5 207.5 210.6 212.7 212 209.6 207.3 204.1 200.4 195.9 196.1 193.3 191.6 186.4 194.9 198.8 200.8 202.1 205.9 206.7 204.3 203.2 201.8 202.6 202 197.8 195.5 197.5 191.7 189.1 186 182 181.9 179.2 173.8 172.5 171.3 167.6 164 160.5 155.6 152.8 151.8 152.9 157.4 161.5 162.3 159.4 156.8 154.7 150.9 147.4 142.7 143.1 143.1 143.2
220.9 220 224.3 225.8 217 214.3 217.1 219.8 217.8 214.3 212.4 209.8 206.7 202.2 200.2 198.7 198.4 200.4 200.3 201.5 203.1 203.9 205.9 208.2 210.3 213.3 213.9 212.1 210.5 207.4 204.7 200.4 200.5 199.1 195.9 192.1 194.7 200.5 201.9 202.1 204.3 207 205.5 204.1 202.7 202.7 202.7 201.1 196.6 193.2 191.4 190.1 185.8 181.9 180.3 178.8 172.7 169.9 167.4 164.7 162.4 158.7 154 151.5 150.4 150.6 153.6 157.6 161.7 161.2 157.5 155 151.6 146.5 141.4 143.1 143.1 143.1
224.7 222 221.1 223.8 216.3 218.4 216.6 219.1 219.1 215.8 212.4 209.3 206.2 202.8 200.3 200.3 200.1 200.6 201.3 201.5 203.5 205.3 206.9 208.7 210.2 213.2 215.6 214.6 213.5 211.4 208.9 204.6 202.5 204.5 201.7 198 193.1 199.1 201.5 202.1 202.2 205.5 206 203.8 202.9 201.5 202.2 201.4 198.7 195.9 191.7 189.3 185 181.6 177.3 176.6 172 167 164.9 161.4 157.5 155 151.9 149.7 149 149.6 149.5 153 158 161.1 157.6 154.6 150.8 143.8 143.5 143.6 143.4 143.2
228.4 225.1 219 217.8 218.3 221.7 218.5 217.9 219.7 216.9 211.9 208.2 204.5 202.7 200.6 200.9 200.2 200.4 201.2 201.7 203.8 205.7 208.7 208.7 210.8 213.1 216.8 217.4 216.6 214.7 213 209.4 206.3 208.2 207.2 203.4 199.5 195.4 196.8 196.2 197.2 201.4 204.4 203.5 201.9 200.6 200.6 200.4 199.5 197 193.7 189 185 179.4 175.2 173.1 168.7 164.4 162.2 159.3 155.4 151.6 149.6 148.5 147.7 147.5 148 148.4 153 157.9 156.2 153 144.3 143.2 144 144.2 143.6 143.8
226.2 225.7 225.5 224 221.9 224.1 219.2 219.9 220.1 218.9 213 205.5 202.8 202.6 201.7 200.2 200.1 200.5 201.4 203.8 203.6 205.6 209.2 209.9 211.5 213.5 216.1 219.4 219 218.5 216.9 214.6 211.7 210.7 211.1 208.6 205.3 202.3 199.1 197 194.8 198.1 200.5 200.5 199 198 196.8 196.8 198.5 195.7 191.6 187.7 183.6 177.4 172.6 169.7 164.8 162.1 159.6 155.4 150.7 149.4 147.9 147.8 147.4 147 146.7 147.2 147.5 151.6 152.5 147.9 144.2 143.7 144.7 145 146 145.1
226.1 230.1 229.4 227.5 225.8 226.4 224.9 223.6 222.2 221.2 216.1 209.8 204.4 203.2 202.6 201.5 201.5 201.4 202.1 206 209.2 204.8 210.1 211.7 212.4 213.9 216.3 220.5 221.9 221.9 220.8 217.7 213.7 211.2 213.7 212.6 209.8 206.9 202.8 200.3 195.5 191.4 194.8 195.8 194.3 193.2 191.3 191.5 193.5 193.1 190.3 186.4 181.2 175.4 169.2 164.4 160.5 156.4 153.1 150 149.5 149 148.6 147.9 147.5 146.9 146.8 146.6 146.2 145.8 144.5 145.2 144.6 144.6 143.9 146.9 146.7 146.4
228.7 233.1 233 231.4 229.7 228.9 229.1 227.2 224.5 223.3 219.6 214 208.1 204.1 204.5 204.1 203 202.8 203.2 208 212.2 207.1 210.7 212.4 214.1 214.8 215.8 220.5 223.4 224.9 223.3 221.3 218.9 214.9 215.8 216 213.4 210.2 207.7 203.8 197.7 192.2 188.1 188.6 188.2 185.7 183.8 183.2 185.3 188.7 187.8 184.2 179.3 172.3 164.6 159.8 154.2 151.6 150.9 150.1 149.3 148.8 148.4 147.6 147.6 147.3 147.5 147.7 148.8 147.2 146.8 149.3 147.4 144.6 145.1 147.4 148.4 148.3
231 235.7 236.1 234.6 233.4 232.3 232.1 231 227.6 227.3 224 218.2 213.6 208.8 206.5 205.1 204.4 205.5 203.9 211 214.3 211.2 211.9 214.2 215 216.3 215.9 218.3 224.1 226 226 224.9 222.7 221.4 216.4 218.2 216.9 214.6 211.6 205.9 201.3 193.5 187.1 179.5 180.9 178 178.6 178.6 179.4 180.5 182 179.4 173.9 167.7 161.1 157.2 153.1 151.5 150.9 150.4 149.9 149.7 149.4 149.8 149 148.9 149.2 149.8 151.2 149.8 149 153.3 151.5 146.2 145 151.5 151.4 151.2
235.4 237.1 239.2 238.4 236.8 235.9 236.4 235.2 230.9 230.3 228.9 223.9 217.5 214.2 208.2 207.1 207 208.3 207.3 212.3 216.5 215 211.4 215 216.2 218.3 217.6 217.2 222.7 225.7 228.1 227.2 225.4 223.8 217.7 218.4 217.9 215.4 213.7 208.2 202.1 194.3 185.8 177.4 171.7 170.7 170.8 173.5 174 174.3 174 171 167.4 162.3 158.6 154 155.8 152.6 150.9 150.7 152.1 153.4 153.5 154.1 153.3 154.1 153.4 154.4 155 157.2 152.7 157.8 155.8 149.1 145 153 155.5 155
238 239.5 241.3 241.4 239.9 239.1 238.1 239 234.6 233.3 232.8 228.9 221.9 215.5 211.7 211.5 210.7 212.4 211.2 212.6 218.2 217.9 210.9 215.4 217.4 219.1 218.7 218.7 220.8 225 228.3 228.9 227.9 226.1 220 218.5 218.4 216.3 214.4 208.7 201.4 192.9 181.5 175.5 173.8 171.7 167.9 167.3 165.8 165.5 163.9 161.5 157.9 155.6 157.2 158.2 154.2 152.7 152.1 151.1 155.7 158.4 157.9 157.2 158.5 158.1 156.7 159.3 160.3 162.3 157.9 159.2 160.5 154.1 144 147.6 157.7 159
240.8 239.6 243.5 243.8 242.7 241.3 241.1 242 238.9 235.2 236 233.6 226.1 215.7 218.4 218.3 217.1 218.3 217.1 212 219.9 220.3 212.8 216.1 218.3 220 220.7 220.4 219.5 223.4 228.4 230 229.7 227.7 224.4 218.2 217.5 215.7 212.8 206.7 196.8 185.3 178.8 180.3 178.2 174.2 171 168.6 165.5 166.9 162.6 162.1 166.2 164.3 161.9 158.9 155.9 158 155.3 152.7 158.3 161.7 162.2 159.3 161.6 161.1 160.2 162.5 163.6 165.5 163.4 160.1 163.6 158.7 146.1 146.3 157.2 162
242.7 240.9 244.6 245.6 244.8 243.9 243 244.1 242 236.7 238.2 237 229 218.6 224.3 223.7 222.6 222.5 222 213.1 220.6 222 216.9 216.5 219.1 220.8 222.4 221.6 220.7 221.1 225.1 229 229.7 229.4 226.1 217.2 215.1 213.1 208.5 200.6 189.1 187.7 185.1 184.2 181.8 177.1 174.2 172.2 172.2 172.7 170.4 166.2 169.5 168.5 165.3 161.9 160.8 164 161.6 154.6 157.1 163.8 165.6 163 164 163.4 163.2 165 166.5 167.5 168.1 161.8 163.9 162 149.6 146.3 156.4 164.5
