ny/ny61_OST50GRID_20230518/NY61.asc
ncols 200
nrows 200
xllcorner 360000
yllcorner 510000
cellsize 50
[rows 70 to 104 of 200, columns 0 to 77 of 200]
294.5 292.8 289.8 284.5 276.6 271.1 265.9 260.4 251.6 244.6 235.4 231.2 228.2 226.3 226.9 226.7 223.6 222.4 218.9 217 216.3 214.8 210.8 208 201.3 197.6 194.2 193.2 191.8 191.5 189.7 187.6 186.4 188 187.8 184.9 188.9 188.8 190.7 187.7 181.9 175 169.5 167.9 167.9 168.2 168 172 173 168.4 167.1 167.1 173.6 181.2 189.4 189.8 187.9 191.4 196.3 199.3 202.8 208.2 214.9 220.4 225.6 228.8 230.1 230.8 231 234.8 240.3 245.9 250.2 250.6 248.9 247.5 245.7 243.8
293.1 292.3 291 284 276.8 269.2 263 257.1 248.7 239.3 235 231.1 228.2 226.8 229.3 228.6 227.7 225.5 222.7 218.3 217.5 214.9 210.7 204.2 201.3 198.8 196.4 194.1 193.6 194.4 191.4 188.7 186.1 186.3 187.7 183.5 186.6 186.3 188.2 185.6 183 175.5 170.3 169.1 168.7 168.2 169 171.2 174.2 169.5 167 167.1 172.5 179.5 188.1 190.5 187.3 190.3 195.6 198.3 202.3 208.5 215.9 221.7 226.7 230.1 231.8 233.3 233 235.8 241.3 247.7 251.7 253.3 252 250.3 248.3 246.5
292.1 291.1 290.5 284.1 274.8 265.9 259.6 252.2 244.9 240.3 236.7 233.3 229.7 230.5 232.8 233.2 233.9 231.3 229.1 222.7 218.5 213.5 208.6 205.5 203.8 201.3 198.1 196.7 197.3 197.9 193.7 189.9 186.6 185.1 186.6 182.1 182.7 182.2 183.4 183.6 180.7 175.2 171.6 169.7 169 169 169.2 171.4 175.3 171 168 167.5 171.4 177.3 186.6 191 186.3 188.2 193.8 198 201.5 208.5 216.5 222.7 227.3 232.3 234.2 235.5 236.1 237.4 242.7 248.8 253.5 255.8 254.8 253.1 251.4 249.5
291.8 290.5 287.4 285.2 276.1 268.4 260.7 251.9 246.8 241.9 238.5 234.9 233.2 234.7 236.1 238.8 240.9 239.6 235 227 220.2 215.6 212.3 209.7 204.3 206 202.5 201.9 201.4 201.1 195.9 191.9 187 184.5 185.7 181.8 180.4 178.7 179.4 182.4 175.9 172.2 171.3 170.1 169.3 168.9 169.6 171.8 176.7 172.4 168.7 168 169.8 175.5 184 190.4 186.4 185.6 192.3 197 200.4 207.9 216.5 223 227.8 233.5 236.6 237.6 238.3 239.1 243.6 249.7 255.3 258.5 258 256.3 254.7 252.1
292.2 290.2 288.4 287.1 279 270.5 264.1 255 249.7 243.8 240.3 236.4 235.7 239.3 239.3 243.3 247.2 245.2 238.8 231 223.8 220.6 217.1 214.4 206.9 210.7 206.1 207.4 206.7 205.1 198.7 193.5 188.6 184.1 183.7 181.7 180.8 178.6 176.3 175.2 174.3 175.8 174.2 171.1 169.7 169.3 169.6 172.7 177.3 175.1 169.1 167.7 169.3 174.1 181.7 189.3 186.8 183.7 189.6 195.1 199.2 208.4 217.7 223.8 228.1 234.3 238.6 240.6 241.3 241.1 244.9 250.6 256.5 260.7 260.6 258.6 257.7 255
292.6 290.4 287.3 287.2 279.8 271.4 262.4 256.7 252 246.6 243.8 238.6 239.5 242 240.8 245 250.7 248.1 241.9 234.5 227.8 223.7 221 218 214.9 215.7 210.6 212.9 211.2 208.9 202.1 194.3 190.4 184.9 182.4 180.9 179.6 178.4 176.7 176.5 178.1 178.8 176.2 173.1 170.1 169.2 169.8 173.4 178.7 177.5 170.7 169.1 169.1 170.3 178.1 186.8 187.2 183 187.4 193.2 197.4 207.6 217.3 224.6 229.1 234.3 240.1 242.4 244 243.1 246.1 251.6 257.4 262.8 263.5 262.2 260.2 258
292.6 290.8 285.9 282.8 279.4 272.4 266 259.9 254.3 249.8 246.6 241.6 244.2 245.4 243.3 247 252.3 250.6 244.5 238.1 230.6 226.7 225 216.4 220.9 219 215.3 217.7 216.2 213 205 195.9 191.4 186.8 183.6 181.4 180 179 178.9 178.7 179.3 181.1 178.4 175.3 170.6 169.7 171.2 174.5 179.2 180.4 172.4 169.5 169.7 169.7 173.6 184.2 187.4 181.8 186.9 192.3 198.3 207.2 218.4 225.2 230.4 235 240.7 244.6 246.9 245 246.8 251.4 258.9 264.5 266.4 265 262.2 260.4
294.3 290.7 286.3 284.5 280.4 275.1 269.3 262.2 257.1 252.5 248.3 244.6 247.9 248.8 246.9 247 252.2 251.5 246.8 241.1 234.1 229.7 228.1 219.2 224.7 222.3 218.5 222.9 221.4 216.3 207 197.8 192.8 188.9 185.7 182.8 181.2 180.1 180.7 182.4 181.2 184 181.3 177.8 171 171.1 171.5 176.1 180.8 183.1 176.2 170.3 169.8 170.4 172.2 180.1 186.1 180.7 184.8 191.5 197.7 206.7 217.3 225.4 231.3 235.7 240.6 245.8 249.3 248.7 249.3 253 259.1 265.6 268.9 267.2 264.5 262.6
294.6 292.5 288.6 284.8 281.9 276.8 272 265.8 260.2 256 251.1 252.1 252.2 252.5 250.1 248.5 250.9 251.4 248.1 242.2 237 233.8 229 228.2 228.1 225.3 222.1 226 225.1 219.8 210.3 200 194.4 190.4 187.9 184.6 182.3 181.5 183.9 185.4 184.6 187.4 183.3 179.3 172.7 171.6 172.4 177.7 182.2 185.1 180.4 168.4 170.6 170.5 170.9 176.5 183.5 179.8 184.7 189.5 197 206.6 216.8 226.1 233.4 235 241.1 246.6 251 251 249.8 253.8 260.1 266.2 270.2 270 266.7 264.6
297.3 295.1 290.6 287 283.4 279 273.5 267.3 262.4 258.7 253.4 258.1 256.9 256 253 251 250.8 251.5 249.5 246 240.5 236.7 231.5 233 230.8 227.7 225 228 228 223 213.7 201.7 196.3 192.9 190.2 186.6 184.8 183.6 186.6 188.8 189.3 191.7 186.5 181.5 174.7 172.4 174.6 178.4 182.9 187.3 183.5 172.8 170.5 170.9 171.5 172.9 179.1 177.5 181.7 189.4 195.9 205.7 216.8 225.6 233.4 236.9 240.5 247 251.4 252.5 253.1 255.3 260.5 266.7 271.4 272.5 268.6 266.4
299.2 297 292.6 288.8 284.8 280.3 275.3 269.3 265 260.2 258.5 262.2 260.4 259.3 255.8 253.2 251.8 252 250.9 248.6 242.2 238.4 234.5 236.1 233.2 230 227.5 229.7 230.5 225.6 217.4 203.4 197.9 194.1 191.5 189 186 184.4 188.3 191.7 194.6 195.5 189.9 184 176.4 173.4 176 181.3 183.4 188.8 186.6 175 171.4 169.9 172.1 172.4 174.6 176.2 181.8 188.4 197.1 205.2 215.7 226.2 234 239 241.7 247.1 251.2 253.6 255.3 256.4 261.6 267.1 272.2 273.4 270.4 268.1
300.8 298.6 295.3 290.5 285.9 282.1 276.6 271.3 266.4 262.4 262.3 265.3 264.8 262.9 257.8 254 252.5 252.7 251.9 249.5 244.8 241.8 237.5 239.1 236.1 232 229.9 230.8 232.4 227.4 219 205.3 199.2 195.7 193.6 190.9 187 186.1 189.7 194.5 198 199.2 193.5 186.4 177.6 174.4 177.4 182.3 184.6 189.7 188.5 178.2 171.8 171.4 173 173.5 174.7 177 182.2 188.3 197 205.6 215.2 226.4 235.7 240.2 241.7 245.7 251.5 255.7 257.7 258.4 262.2 267.2 273.1 274.6 272 269.7
302.1 300.4 297.3 291.9 287.3 282.7 277.3 272.6 269.5 266.3 266.2 268.7 268.6 266.6 260.2 254 252.7 253 252.4 250.5 247 243.3 243.9 242.8 239.1 234.6 232 230.9 233.9 229.3 221.4 206.9 201.6 197.8 194.7 191.6 189.5 188.3 191.8 197 200.9 201.6 196.1 187.3 179.3 175.5 179.2 184.3 185.7 189.9 189.5 182.5 172.7 172.1 173.4 175 176.4 178 183.1 189.5 195.6 205.3 214.4 224.9 234.1 241.2 244 245.8 251.9 256.1 259.7 260.5 262.3 268.1 273.3 275.7 273.4 271.2
303.3 301 298.3 294.2 288.8 283.6 278.5 274.9 272.3 267.8 270.5 272.2 272 269.5 262.8 255.1 253.2 252.5 252.7 251.9 248 245.9 247.9 246.5 241.9 236.8 233.2 231.5 234.8 230.4 222.2 209.2 203.6 200.1 197.7 194 191.3 192.2 194.1 199 202.7 204 199.3 188 181 176.2 180.4 185.5 187.2 189.9 190.4 183.5 173.1 172.5 173.1 176.4 177.8 179.9 185.8 190.3 197.3 205.8 216 225.6 234.7 241.8 245.3 248.6 252.8 256.7 261.8 262.7 264.8 268.2 273.1 275.9 274.5 272.7
304.6 302.2 299.7 295 289 285.4 281.3 277.6 274.5 270.1 274 275.2 275 272.5 265.5 257.2 254 254.1 253.4 252.6 249.9 248.6 250.5 249.6 244.9 238.8 234.2 231.3 234.8 230.3 220.3 210.7 205.8 202.2 198.1 194.7 195.3 195.2 196 200.6 204.5 206.1 201.4 188.9 182.5 177.7 181.7 187.2 188.1 189.1 190.8 183.9 173.9 173.2 173.4 177.2 179.4 181.5 187.9 191.9 198.4 206.8 215.5 225 234.1 242.2 246.9 248.9 253.4 257.3 262.6 265.1 266.5 268.8 273 276.2 275.5 273.6
306.7 303.8 300.4 297.9 291.9 287.3 282.4 279.7 277 272.5 276.2 278.2 277.4 275.3 268.9 259.5 256.3 255.7 254.5 252.4 251.1 250.4 252.7 252.9 248.3 241.3 235.5 231.9 233.9 229 219.6 212.5 207.9 204.2 199 200.4 197.4 197.9 199.3 201.8 205.6 207.6 203.2 189.8 183 179 182.3 188.8 188.7 188.3 190.4 184.5 173.7 173.5 174.3 175.6 180.7 183.4 189.1 193.5 199.4 207.1 216 224.3 234 243.1 248.3 250.7 254.3 258.3 261.9 266.4 267.8 269.5 273.2 276.2 275.2 273.5
308.1 305 302.5 299.4 293.6 289.2 285.4 282.4 279.7 276.8 278.7 281.1 280.3 277.9 270.9 261.8 257.7 256.7 255.7 253.6 252.5 251.8 254.5 256.3 251.7 244.2 237.7 233.2 232.4 227.4 219.4 213.9 209.4 205.6 202.4 203.9 199.2 200.9 199.7 203 207.3 209 204.3 191.7 183.9 180.9 181.8 188.8 189.2 186.6 189.3 184.3 173.3 172.2 175.2 178.7 181.9 184.7 190.2 195 201.2 208.3 216.9 225 235.2 241.6 248.8 252.1 255.5 259 262.7 266 269.6 271.4 274 275.5 276.3 274.8
309.9 306.7 304 300.4 296.3 291.5 287.4 284.8 282.9 280.5 281.1 283.5 282.9 281.1 274.4 264.8 258.3 258.1 257.8 257 254.6 252.9 256.4 259 255.7 247.9 241.4 235.6 231.9 224.3 218.2 214 211 207 207 206.3 203.2 204.4 202.2 203.6 207.5 209.2 204.9 192.1 183.9 181.3 182.8 189.1 189.4 184.8 185.6 180.4 174.1 174.7 175 180.5 183.4 186.9 191.9 196.3 202.5 209.1 216.1 226.2 234.8 240.7 248.6 253.2 256.6 260.2 265.1 267.3 270.9 272.8 274 276.5 276.9 276.1
310.9 308.4 305.4 302.7 298.6 294 289.9 287.3 285.4 282.4 281.8 285.5 285.7 283 277 267.8 261.3 259.2 258.5 259.7 257.2 254.7 258 261.8 258.9 251.7 244.7 239.2 233 224.7 218.4 214.8 212.2 209.9 207.7 208.5 206.1 206.8 204.2 204.1 207.7 209.1 204.9 192.1 185.6 182.1 182.9 188.4 189.2 183.1 175.7 174.8 174.8 174.3 176 181.8 185.9 189.8 194.3 197.7 203.2 209.4 217.9 226 233.8 241.1 249.2 254.6 257 261.8 266 268.9 272.1 275.3 276.1 277 278 277.3
313.3 310 307 303.9 300.7 297 292.4 290.1 287.8 286 284.9 287.3 287.2 284.9 279.1 270 264 259.4 263 262.5 259.9 257.1 260.3 264.2 261.7 254.6 247.8 242.9 235.2 225.7 218.3 215.5 213.3 211.5 210.4 210.6 209.1 209.1 206 205.4 207.5 207.6 203.9 191.1 186.5 183 180.2 186.7 188.4 179 176.2 174.8 175.4 175.2 176.8 183.7 187.3 190.9 195.4 199.3 204.6 210.5 218.1 226.4 233.2 242.3 248 254.6 258.6 262.7 267.2 270.6 273.9 277.6 278.7 279.4 279.6 279.2
315 312.4 308.6 306.9 303.7 298.9 296.2 293.3 289.9 288.4 287.7 288.9 288.1 285.8 281.3 272.7 266.7 261.7 266.7 265.6 262.7 259.6 261.1 266.2 264.3 257.8 250.5 246.6 238.8 229.4 219.5 215.7 215.3 214.2 212.9 212.8 210.9 211.5 208.5 205.8 206.2 205.7 202.2 190.7 184 182.7 180.6 184.6 185.7 176.6 175 176.1 176.1 176.7 179 185.3 189.3 192 196.8 200.9 206.3 210.6 217.9 226.6 233.1 243.5 247.8 254.9 259.4 262.5 267.8 272 275.2 278.7 281.1 281.7 281.4 280.6
316.5 314 310.9 308.2 304.2 301.5 299.1 295 292.9 291.2 289.6 289.3 287.3 285.6 281.9 275 269.1 264.9 269.1 268.5 265.9 261.7 262.3 267.8 266.3 260.2 252.9 248.3 242.2 231.8 222 217.4 216.6 216 214.7 214.9 213.3 213.2 210.3 205.9 204.5 201.4 197 187 185.7 183 181.4 177.9 177.1 175.7 176.3 176.5 176.3 177.6 180.3 186.3 190.4 192.9 197.7 202 207.2 212.1 219.1 227.4 234 241.2 248.4 254.4 260 263.3 267.9 273 276.5 279.9 283 283.8 284.8 282.8
318.4 315.8 313 309.7 307.7 303.6 300.8 297.7 295.2 293.3 291.6 289.1 286.5 284.2 281.2 276.1 270.4 269.5 271.9 270.5 268.6 264.2 263.3 268.5 267.5 262 254.7 250.7 245.3 235.1 225.3 220.1 218.9 218.8 216.4 217.1 215.4 215 210.8 205.4 201.9 197 191.9 185.9 185.8 183.1 182.4 175.8 177.2 177.2 176.7 177.4 178.2 179.5 181.8 187.8 191.4 194.2 198.2 203.5 208 213.2 219.2 227.6 234.5 240 248.8 254 260.5 264.2 268.3 273.5 277.7 280.6 284.7 285.7 286.5 285
320.4 317.4 314.1 311.5 310.1 306.3 303.1 300.3 297.1 295.1 292.4 289.2 286.5 283.2 280.1 277.3 274 272 273.5 272.9 271.2 266.8 264.9 268 267.4 262 256.4 252.3 247.3 239.2 229.4 222.4 221.5 221.1 217.6 218.3 217.1 216.6 212.1 204.6 198.9 192.1 188.5 183.8 184.3 182 177.7 177.8 177.6 177.9 178 177.6 178.6 179.7 182.8 187.7 192.4 195.5 199.1 205 209.2 213.8 219.6 228.1 235.6 240.5 248.9 253.7 260.4 265 267.7 273.6 278.3 281.3 285.7 288.3 288.8 287.2
320.9 318.5 316.1 313 311.3 309.3 305.9 302 300.3 296.6 292.7 289.2 286.2 283.9 281.2 278.9 276.3 274.1 275.6 274.8 273.6 269.3 266.3 266 265.9 261.5 256.3 253.5 250.8 242.2 232.5 225.2 225.1 223.7 219.9 219.3 218.1 217 212.1 203.4 195.6 188.3 185.2 182.7 182.5 180.9 178.5 178.1 178.4 178.2 178.5 178.2 179.1 180.7 183.6 187.1 192.9 197.3 200.2 202.4 208.6 213.3 217.3 227.6 233.2 238.8 246.4 254.3 258.9 264.8 267.9 273.5 278.3 281.8 286.4 289.4 291 289.9
322 320 316.9 314.9 313.8 310.8 307.9 305.1 302.1 298.2 294.5 289.8 287.2 284 282.7 279.8 276.8 276.4 277.3 276.6 275.3 271.5 267.1 266 264.3 260.9 256.8 254.2 251.6 245.4 235.2 229.6 228.2 226.5 222.2 220 219.1 216.8 209.6 200.9 191.2 186.3 182.1 180.6 180 179 178.6 178.8 178.8 179.3 179.2 179.3 180.2 181.9 183.5 188.7 194.9 198.8 202 205.7 210.9 215.3 219.6 227 236.1 236.4 245 253.6 258.6 263.4 268 272 277.7 281.5 286.3 290.1 291.8 291.8
322.6 320.8 319.1 315.8 314.5 313.5 310.7 307.6 304.7 300.8 296.2 292.7 289.1 285.9 282.3 280.5 279.8 278.1 278.2 278.2 276.6 273.2 268.2 266.4 263.8 260.7 257.4 256.1 254.2 247.7 237.5 232.5 230.4 228.9 224.6 220.3 219 214.5 209.8 197.2 187.3 182.4 180.4 179.8 179.6 177.1 179.3 179.4 179.6 179.7 180.9 181.3 181.7 183.4 186.2 189.9 197.4 199.4 203.4 206.8 211.7 215.2 219.4 226.2 236.6 242.9 241.5 250.9 256.9 262.5 267.4 272.1 277.6 281.5 285.5 289.7 292.1 292.4
324.1 321.5 319.7 317 316.2 315.5 312.9 311.1 307.3 303.1 299 294 289.8 287.6 284.9 282.4 281.9 280.2 279.7 278 276.2 273.5 268.6 265.9 263 260.6 257.3 256.2 254.7 249.4 240.9 235.6 232.7 230.8 227.5 220.3 218.5 213.8 209.4 194.2 184.5 181.6 180.9 180.4 179.4 177.1 179.8 180 180.4 180 182.6 183.6 183.3 185.9 188.8 192.1 199.8 201.4 204.3 208.5 212.2 215.9 219.7 227 236.1 244.9 242.5 248.9 254.8 260.6 265.7 270.4 276.4 281 284.7 289.2 291.7 292.2
324.9 322.4 320.8 318.7 317.3 315.8 313.4 310.6 307.4 303.4 298.4 294.5 293.7 289.7 286.6 283.9 283.1 280.9 279.4 277.8 276 272.8 268.1 265.9 262.2 258.9 256.6 254.9 253.6 250.3 243.3 237.5 233.9 233.1 229.6 220.1 217.6 212.3 203 189.8 183.2 181.9 181.3 180.7 180.4 180 180.4 180.8 181 181.6 184.1 185.9 187.4 189.1 191.6 195.1 202.4 204.6 204.4 208.8 212.6 216.4 220.2 226 235.3 245.7 247.6 244.3 252.5 259.9 265.7 268.4 274.9 281 283.2 287.6 290.2 291.2
325.5 324.3 322.6 320.2 318 316.1 311.3 309.3 305.1 302.9 301.9 298.8 294.2 290.6 287.7 285.8 285 281.2 278.7 276.5 273 269.5 266.9 264.8 260.9 257.6 255.7 253.8 252.7 251.3 245.2 239.1 235.9 234.9 230 218.9 217.2 208.3 200.4 188.3 183.2 182.6 182.1 181.2 180.9 180.8 181.4 181.5 181.9 183.3 186.1 188.3 189.7 190.6 194 197.8 204.8 208.1 207.6 208.8 213 217.9 222.1 225.1 235.3 245.3 250.2 246.1 250.2 256 262.9 267 271 277.2 281.8 285.9 288.7 288.6
328 325.1 322.8 321.1 318.8 317.1 313.4 310.4 306.9 305 302.6 299.5 296.9 293.1 289.5 287.7 284.7 280.4 278.5 274.4 269.8 267.4 265.6 263.4 259.4 256.3 254.7 252.8 250.3 248.8 243.6 239.3 237.3 235 229.9 218.6 213.2 207 195.7 186.7 183.6 183.2 183 181.5 180.9 181.6 181.6 181.5 183.1 185.3 187.9 190.5 191.6 193.9 197.6 202.9 208 210.2 210.6 213 212.7 216.9 222.4 227.5 234.6 242.7 251.6 247.1 246.8 250.9 260.2 265.3 268.2 274.6 280.4 284.2 286.4 287.2
328.8 327 325 322.1 321 318.3 315.2 312.1 309.1 307 304.4 302.2 298.8 295.4 292 289.5 286.2 281.4 279.6 276.2 272.1 269.9 266.2 263.3 260.2 255.9 253.9 253.1 250.5 247.3 243 238.9 236.5 233.5 226.3 215.3 212.9 205.8 194 185.8 184.6 184.1 183 182 181.4 181.9 181.8 183.5 185.9 186.7 189.9 192.9 194 197.3 201.3 205.9 211.3 214.2 213.1 215.3 216.7 219.3 223.3 228.6 234.8 242.8 251.1 249.4 246.7 247.6 254.5 261.4 265.8 272.1 277.3 282.8 286.1 286.4
330.8 328.6 326.2 324 322.9 320.2 316.8 314.1 311 309 306.7 304.1 300.7 297.6 295 290.9 287.5 282.7 280.6 277.1 271.9 268.9 265.3 263.7 259.5 254.6 252.1 251.1 248 245.6 242.3 236.9 233.5 229.6 226.4 213.4 213.7 204.6 190.4 185.5 185.4 185.2 183.6 183.1 181.8 180.1 182.7 183.9 188 189.5 193 196.9 199.9 201.2 205.6 210.5 215.4 217.8 216.7 218.6 219.5 219.4 225.3 229.8 235.1 243 250.5 251.3 247.4 248.1 249.2 254.5 263 271.2 277 281.4 285.1 286.7
332.5 330.2 327.3 326 324.9 322.8 319.5 316.4 313.4 310.8 309 306.7 303.4 300.3 296.5 291.9 288.5 284.1 281.6 278 271.1 267.1 264.2 262.4 258 253.3 250.7 248.7 246.1 242.4 239.2 234.2 227.9 223.1 218.1 212.8 208.9 200.8 188.4 186.1 185.4 185.1 184.4 182.8 182.1 182.8 183.4 182.7 190.8 193.3 197.2 202.4 205.1 206.9 210.3 214.8 219.3 220.9 220.7 221.3 222.4 224.3 227.1 232.5 235.8 242.7 249.6 252.4 249.2 250.6 250.7 254.2 262 270 275 280.3 285 286.5
334.6 332.3 329.9 328.4 327.2 324.7 322.5 318.9 315.9 313.7 312.1 309.2 305.5 301.8 298 293 288.4 283 280.9 276.9 270.4 265.9 261.9 257.6 253.6 249 247.2 246.2 243 237.2 231.7 222.9 217.5 215.3 212.2 206.2 201.7 196.7 188.5 187.1 185.2 185.2 183.7 183.6 183.3 183.6 183.4 183.5 193.4 197.3 201.4 207.8 210.8 212.5 214.3 218.7 223.1 224.4 223.6 224.9 226.1 226.7 231.7 237.3 239.6 241.6 247.6 252.3 251.2 253.5 253.7 253.3 260.9 268.7 275.2 278.8 282.5 285.8
