ny/ny11_OST50GRID_20230518/NY11.asc
ncols 200
nrows 200
xllcorner 310000
yllcorner 510000
cellsize 50
[rows 0 to 34 of 200, columns 0 to 77 of 200]
283.3 298.9 315.9 337.1 360.6 379 394.9 401.5 399.5 394.8 394.1 397.1 417.6 430.2 455.3 469.4 480.3 490 499.8 508.2 515.8 520.3 522.4 517.3 508.4 498.9 484.8 460.5 445.6 437.2 430.9 428.9 429.8 427.3 420.8 412 401.7 388.8 360 323.4 293.7 268 244.1 225.4 219 216.1 215.8 215.6 213.9 214.1 219.5 224.5 234.2 246.6 260.2 267.3 266.7 258.7 245.3 220.9 195 178.1 185.7 207.4 224.1 234.4 239.6 244 244.9 234.1 227.5 216.6 201.9 182.5 170.6 178.6 191.6 202.4
281.4 298.1 313 330.7 354.4 376.6 394.5 400.7 387.6 375.7 369.7 389.1 424.1 444.4 458.6 471.5 484.4 496.9 506.1 515.2 524.6 528.5 532.6 531.7 518.7 507.6 495 478.3 459.4 442 422.8 402.9 405.8 405.8 400.5 389.9 378 356.2 324.5 296.2 269.6 245 230.5 223.6 220.3 222.1 219.7 217.4 213.3 213.3 223.1 232.3 242.1 252.1 263.6 270.3 269 260.6 243 218.7 195.2 176.8 192.8 216.8 232.6 241.5 245.9 248.1 255 244.5 238.7 223.6 205.9 183.3 174.5 181 195.8 212.3
280.1 296.1 307.9 320.9 340.8 360.9 377.8 374.6 364.6 352.5 369.7 394.7 426.2 447.2 462 474 489 502.8 513.1 525.3 532.3 533.9 539.9 537.9 532.5 513.6 502.6 489.6 472 453.6 436.6 407.9 382.4 382.6 378 368.8 356.8 332.1 302.1 270.5 253.8 246.2 233.3 226 226.1 225.3 221.6 215.9 213.3 213.3 227.4 242.9 251.9 263.4 270.3 273.8 271.8 260.5 236.4 215.8 189.9 180.2 198.4 223.1 239.3 247.2 251.5 253.9 258.6 249.9 242.9 228.7 205.5 185.8 174.9 182.3 202.4 226.8
273.7 288.6 299.5 309.1 323.4 338.4 347.6 344.7 334.4 344.2 372.9 402.3 428 447.5 463.5 475.6 490.1 509.2 521.9 534.8 542.8 544 543.3 544.7 538.8 519.6 505.5 490.6 473.1 454.9 441.2 422.9 389.7 366.7 357.6 349.6 332.6 311.2 295.4 284.6 277.2 264.6 242.1 232.6 229 229.3 229.1 220.6 219.5 223.3 240 258 265.5 274.1 277.5 279.3 274.5 259.6 232.2 211.8 183.3 183.3 205.3 230.7 244.1 253 257.5 258.8 258.1 251 242.6 229.6 206 187.8 174.9 187.7 207.5 228.1
262 275.7 287.9 297.5 305.5 313.5 316.6 313.9 325 350.4 376.6 403.5 422.3 441.9 459.9 473.9 484.3 506.9 526.6 544.7 553 555.6 548.4 545.3 537.7 523.3 506.7 488.2 469.6 450.2 433.5 418.7 395.8 374.2 366.1 356.7 348.4 335.2 320.9 307.6 295.5 275.9 248.7 245.6 243.1 246.5 242.3 237 236.8 243.8 258.1 275.3 283 292.4 293.5 289.9 276.4 256.9 230.8 206.2 185.5 191.9 211.8 236.6 251 259.3 262.7 262.3 259.8 252.9 244.5 231.5 210.5 187.5 175.3 189 208 228.7
250.7 262.3 274.8 285 291.2 294.7 296.7 306.4 327.4 347.3 370.3 391.8 410.8 429.8 452 466.6 472.4 493.3 521.4 551 563 565.4 555.4 546.4 538.4 525.1 506.9 487.9 464.3 442.2 423.9 408.8 395 388.2 381.1 371.6 366.5 351.7 333.5 320 303.9 282.3 264.6 269 269.7 267.3 263.2 261.2 261.5 267.4 278.8 289.4 302.7 316.4 314.3 298.5 276.6 253.9 226 200.5 186.1 200.5 220.3 243.8 254.9 264.4 266.2 264.8 261.3 256 249.4 231.5 209.2 187.6 178.1 190.1 207.9 229.1
241.2 251.5 262.5 272.4 278.1 282.6 287.1 297.6 311.7 331.3 353.5 372 392.4 413.4 432.4 444.4 456 481 517.2 543.2 568.5 569.6 560.5 550.3 541.3 528.5 509.9 490 469.5 449.8 435.1 422 412.1 404.1 397 388.1 379.9 364.5 345.2 325.3 307.8 290.4 293.6 298.2 301.7 294.1 290 289.1 287.4 287.4 296.7 308.9 330.5 335.2 330.5 299.9 274.1 249.8 221.3 196.4 191.9 207.8 226.7 246.6 259.2 271.9 272.3 266.8 263.6 258.9 246.4 230.4 210 188.7 178.2 187.9 207.6 228.4
236.4 244.9 253 261.2 266.5 270.9 277 285.5 296.4 311 329.9 348.8 369.8 388.4 405 419.4 438.9 466 496 526.4 547.7 563.8 561.2 553 543.2 532.9 515.5 498.2 479.4 461.9 448 436.9 427.7 419.1 410.1 401.4 390.8 379.3 358.8 337 313.6 316.5 327.8 334.4 334.9 323.2 314.3 310.1 308.5 309.9 317.7 340.8 359.9 353.4 337.3 300.7 273.5 243.4 218.3 197.1 193.8 213.1 233.3 253.3 263.9 276.2 278.2 269.7 263.5 255.4 243 228.1 209.7 189.7 177.6 189.3 206.3 227.6
235.2 240.8 247.9 253.3 256.4 260.7 265.3 272.5 283 294 308.8 326.4 345.3 362.2 379.5 399 421.4 446.3 473.4 497.1 519.8 545.9 557.9 555.1 547.4 534.7 522.3 508 491.7 474.7 460.9 450 439.1 430.6 420.9 411 400.7 389.3 370.7 350.2 330.3 346.6 364 372.5 371.6 359.2 347.2 339.6 338.9 342 345.3 371.3 374 359.8 337.3 300.8 269 240.8 217.9 195.3 195.8 221.1 245.6 265.5 273.9 285.7 288.5 273.4 264.3 253.8 242.5 223.3 206.8 188.6 178.9 188.5 205.2 223.5
232.6 237.2 241.4 244.8 247.8 251.5 254.7 261 270.4 281.7 294.1 306.8 323.6 340.7 358.9 379.9 402.3 425.6 449.4 472.3 497.9 527.4 552 549.4 544.6 536.6 525 515.1 501 487.5 471.4 457.9 448.1 438.5 428 416.3 405.5 393.2 375.4 356.1 337.4 365 390.1 404.9 413.2 398.5 388.4 375.7 376.4 383.6 379.5 385.5 376.5 359.6 335.4 299.5 266 240.6 217.5 197.1 210.4 227.6 254.9 274.6 282.3 292.8 295.9 279.6 268.3 254.4 241 220.3 204.2 188.7 179.1 189.8 203.8 219.7
231.3 233.9 236.9 239.3 241 243.7 247.2 252.6 258.9 267 276.8 290.5 304.3 320.1 338.7 359.3 381 405.1 426.9 451.4 478.7 506.1 524.7 532.7 539 535.3 526 518.9 511.1 497.5 481.5 465.4 452.8 442.5 431.3 419.2 406.3 392.1 375 357.1 348.3 379 403.1 419.3 435.3 437.3 432 417.9 419 411.5 399.2 390.1 375.6 356.5 330.8 299.4 268 239.5 216.2 201.4 217.5 236.6 263.4 279.9 291 302.6 298.5 288.3 272.4 257.1 239.2 219.9 203 185.4 181 189.6 201.7 216.8
229.3 232.2 234.5 237 239.2 241.4 243.6 246.1 250.1 255.9 262.9 274.7 288.3 300.7 318.2 338.9 362.3 385.4 407.6 432.4 457.8 480.8 497.2 513.8 528.7 532.2 525 520 514.6 499.8 489.1 474.1 455.1 444.6 432.1 417.6 403 387.7 371.1 361.5 373.7 398.8 415.9 433.3 447.7 453.9 450 447.3 437 422.4 406.5 389.6 371.5 351.4 325.6 297.7 268.5 239.6 213.5 201 226.3 246.5 272.5 287.4 302.4 318.5 308.1 293.4 274.7 256 237.6 220.7 201.5 182.4 182.8 188.4 199.3 213.4
229.4 232.2 234.9 238.6 241.7 244.5 249 253.7 254.4 253.9 255.7 262.4 273.2 286.9 302.3 319.9 342.4 366.1 389.7 413 435.9 456.2 474.7 495.5 515.7 523.2 519.3 515.4 509 496.9 488.8 475.3 458.5 443 429.8 414.2 397.4 380.4 386 390.2 401.2 417.8 432.6 444.3 455.7 458.8 456.5 452.9 441.3 423.7 404.6 387.6 367.2 344.1 320.1 295.7 268.7 239.5 210.6 208.4 235.2 258.8 279.7 301.7 321.1 327.6 318.6 294.8 275.4 254.9 235.9 216.8 198.5 182.9 183.6 187.9 198.5 210.5
229.9 231.6 233.7 237.7 242.3 250.6 261.3 267.4 269.1 266.7 263.9 263.5 266.4 276.6 291.3 305.6 321.8 345.4 368.8 391.3 413.3 434.1 455.2 479.5 500.9 509 510.7 507.9 500.3 490.4 480.9 468.8 456.7 439.2 425.7 408 385.8 394.9 403.5 413 423.4 432.6 445.8 454.8 461.1 462.3 458.4 452.7 439.7 421.2 401.2 383.6 363.9 339.7 316.5 291 266.6 238 209.5 223.1 245.6 268.9 298.3 328.5 349.4 337.8 323.2 298 276 256.6 234.1 214.8 196.1 183.7 185.1 189.5 197.9 207.6
229.5 230.8 233.2 238.2 250.4 263.8 277.6 287.3 288.8 285.6 280.2 278.5 277.5 277 282.8 293.7 308.9 325.5 347 369.1 391.7 415.2 439 463.3 489.2 500.6 503.9 501.4 494 485.3 474.2 462 449.8 435.5 422.5 397.9 394.7 413 419.9 428.2 436.9 444.4 454.8 461.5 464.2 462.1 457.1 448 435 415.8 397.9 378.5 357.8 335.8 311.9 288.6 260.5 230.8 213.5 233.5 256.4 283.3 320.4 352.3 355 344 325.7 301.6 278.9 256.3 233.9 212.2 194.4 184.6 185.5 190.4 196.8 208.2
229.1 231.6 237.8 249.2 267 284.8 299.8 308.3 311 308.1 301.9 297.2 293.3 291.5 293 296.6 304.6 314 332 351.2 375 399.1 424 449.7 474 491.1 496.7 496.8 488.7 480 468.5 456.5 444.8 433.2 415 399.1 413.2 424.4 430.3 437.7 447.4 454 462.3 467.3 465.2 461.7 452.4 440.1 425.2 410 392.4 373.4 352.2 327.7 306.2 282.9 253.6 226.3 220.2 246.2 272.3 307 334.3 356.2 354.7 345.2 327 303.5 282 257.1 232.5 211.5 194.6 186.3 186.1 190.7 196.5 206.7
230.5 239.1 249.4 267.2 288.1 308 324.4 334.5 337.6 338.3 331.9 323.7 316.2 308.7 308.2 309 312.7 321.7 332.5 348.6 366.8 387.5 413.1 440.4 463.4 482.6 491 490.4 482.8 473.6 462.8 452.8 442.2 431.1 415.8 412.7 427.5 433.8 439.1 447.6 454.6 461.8 466.6 469.8 465 459.8 446.3 430.5 416.7 402.5 385.9 367.3 347 323 302 274.2 248.6 224.1 229.2 255.1 285.2 319.2 341.8 356.5 356.2 347.8 331.7 305.1 283.4 259.3 233.5 211.7 194.7 188.1 186.9 188.6 195.6 205.7
236.9 248.7 266.2 289.2 311.4 333.9 352.1 363.6 367.1 367.5 361.9 354.1 345.3 335.6 330.4 328.8 334 342.1 351.4 361.7 368 385.3 409.1 436.4 463.2 482.1 487.6 484.4 476.6 467.9 458.6 449.8 442 425.9 429.1 430 437.7 444.2 449.8 453.4 459.1 461.9 466 468.6 461.7 452.8 438.1 421.9 408.4 394.1 379.4 361.7 341 319.3 298.1 273.3 248.1 225.1 238.3 266.9 300.3 332.8 345.7 357.7 357.2 349.3 331.1 305.9 284 258.4 234.4 212 196.1 189.3 187.9 187.2 192.5 204.2
245 262.9 285.1 310.1 335.5 363 384 393.5 398 396.8 390.8 382.1 373.9 363.3 356.9 353.9 358.1 365.1 374.2 382.7 388.7 396.7 414.5 437.4 463.4 479.2 481.6 477.4 469.1 461.1 454.6 449.1 443.6 434.8 441.1 443 447.2 451.6 455 461.8 465.9 466.6 466.9 464.8 455.7 443.1 429.7 414.5 399.9 386.8 372.2 355.4 336.3 316.1 295.8 273.1 246.5 229.2 250.4 281.6 315.4 339.9 351.5 358.8 358.5 350.4 329.6 307 285.7 260.2 235.4 213.8 198.5 190.3 189.1 188.5 191.9 202.2
255.2 276.7 301.1 328.5 357.7 386.2 406.8 417.6 426.3 424.7 419.2 411.3 403.9 393.4 387.8 385.9 390.6 396.3 404 410.9 416.8 423.8 432.8 444.9 460.8 472.3 472.1 467.1 460 455.9 451.8 448.9 444.8 446.5 448.3 450.1 453.5 457.5 460.3 464.5 469.2 471.5 471.6 462.5 449.9 436.6 421.5 408 393.3 379.5 364 349.8 330.6 311.6 293 270.2 239.9 232.9 258.8 291.3 326.9 344.3 357 359.2 357.4 349.5 330.2 308.1 288.2 263.7 238.6 216.5 200.1 193 190.7 189.4 195.3 201.2
260.6 282.8 308.9 337.9 367 391.7 411.4 422.9 433.3 435.7 433.8 432 429.5 425 420.9 418.1 419.8 425 433.1 440.7 444.6 447.3 452.6 457.5 460.4 459.6 458.2 453.4 449.6 450.6 450.8 450.8 450.1 450.7 453.3 456.8 458.7 462 464.6 469.2 473.4 474.2 470.1 459.2 445.7 430.6 415.9 401.9 387.8 374 359 342.6 325.5 309.7 288.2 260.4 243.9 253.4 275.5 304.5 335.1 348.5 357.9 359.8 355.4 347.4 330.7 311.9 291.4 267 242.5 220 204 196.1 192.6 190.6 193.8 200.7
271.8 293.4 316.1 344.4 371.4 389.8 406.5 424.9 436.9 434.3 432.6 435 440.3 441.4 442.7 446.1 447.9 452.8 457.6 463.5 466.5 464.1 461.6 456.5 453.2 445 436 436.4 446.9 452.1 453.9 454.5 454.5 454.4 457.4 459.4 460.7 464.1 467.2 475.2 484.3 477.1 466.3 454 441 426.2 411.1 397 383.9 370.7 354.8 338.8 323.5 305.4 279.1 254.4 257.7 275.8 288.5 315.6 340.8 351.3 358.4 361.5 356.3 347.5 330.8 314.6 296.7 272.6 246.5 227.4 214.2 198.8 195.3 192.5 193.6 200.4
292.8 307.1 328.7 352.1 371.5 386.8 400 416 423.7 423.7 426.6 430.8 436 439.7 446.2 450.9 459.4 466.8 469.7 473 471.5 465.2 452.4 444.7 436.8 428.4 441.1 448.3 453 456 457.4 457.2 457.1 459.2 461.1 465.2 467.8 466 466.8 472.9 484.1 480.6 461.6 448.5 435.5 421.6 408.6 394.5 382.4 368.6 352.6 336 319.9 299.4 273.8 254.9 266 286.3 300.9 325.5 345 354.9 360.8 363.2 359.2 349.3 333.7 318.5 301.5 280.2 255.5 236.4 223.9 206.1 198.4 194.5 193.8 199.8
319.1 325.1 338.7 358.7 370.6 378.9 387.8 397.5 405.1 411 416.7 423 429.2 434.3 442 450.2 461.7 469.3 465.9 468.9 462.2 452.4 439.5 423.5 422 438.6 449.4 454.7 459.1 462.4 462 460.6 460.8 464.2 468.1 473.9 475.4 470.8 466.4 465 477.6 468.8 455.5 443.1 431.4 419.3 406.2 393.7 381.5 366.9 351.8 336.1 318.3 298.8 270 258.9 280 295.3 311 332 348.9 359.8 362.2 362 359.6 351.8 336.8 321.2 305.3 285.2 263.4 243.2 229 213.3 203 195.6 195.6 200.5
337.2 344.4 351.2 357 364.6 369.5 377.2 385 392.5 399.1 406.5 413.3 421.1 427.8 434.9 443.8 453.9 460.4 460.4 457.6 449.3 437.1 421.9 410.6 426.5 444 453.7 461.8 467.1 468.7 469.7 467.6 466.8 469.4 476.5 480.1 479.5 472.9 466.1 460.2 457.1 455.9 447.8 438.5 428.7 415.7 403.9 392.3 378.9 363.8 349.9 333.5 317.1 295.4 269.4 267.5 289.4 304.2 318.6 337.1 351.8 360.7 363.2 366.4 365.1 355.1 339.9 325.1 309.2 290.5 269.6 251.5 234.6 221.9 210.4 195.9 197.7 201.4
334.2 342.4 349.6 354 357.2 362.3 368.3 375.9 383.6 390.4 397.2 404.3 412.6 419.2 425.6 435.5 446.6 453.9 453.7 447.1 433.3 418.1 397 414.9 433 448 458.8 468.9 476.2 477.3 477.3 476.2 473.6 476 482 485.4 480.6 473.5 464.6 455.4 447.6 443.8 438.8 431.9 423.5 410.2 399.6 389.2 374.7 359.7 345.5 330.8 312.9 293 273.6 282 300.7 311.7 326.5 341.8 355 364 366 369.6 366 355.9 342.8 330.3 315 294.7 276 257.4 242.8 231.4 219 200.6 196.4 202.6
329 335.7 340.7 345 350.6 355.8 362.5 370.2 377.1 384.4 391.8 398.3 404 411 418.3 429.2 442.5 447.8 442.7 431.1 413.7 397.4 397.5 419.7 435.8 448.4 462.6 477 484.5 488.3 487.8 486.5 485.4 484.6 485.5 486.6 481.8 474.1 462.6 452.2 439.6 432.5 427.7 422.6 414.6 403.9 395.7 383.6 369.8 353.6 340.2 326.6 309.7 289.9 283.7 299.4 309 319.2 332.8 347.3 359.2 365.9 368.4 370.1 367.4 359 347.6 335.7 320.4 301.4 282.8 262 246.5 237.4 221.7 202.7 198.6 204.6
324.8 331.3 336.1 343.1 349.5 355.6 361.8 368.2 375.8 382.9 389.7 395.7 400 404.1 409.3 418.4 430.7 436.2 432.8 420.6 402.6 383.9 399.8 416.8 432.8 446.8 463.7 477.6 487.8 494.3 497.5 497.7 495.6 492.8 491.6 490.8 483.7 473.7 461.9 450.1 435.6 424.9 417.8 413.3 408.1 399.7 390.4 377 365.1 352 336.2 322.7 307 288.4 297.6 306.2 315.5 326.1 340.6 351.7 362.3 368.9 371.5 374.1 370.1 362.9 352.1 339.9 324.2 304.3 285.4 266.6 253.2 236.4 222.3 203.4 203.6 208.2
328.1 331.7 337.6 343.5 350.9 357 363.5 369.7 376.2 382.6 388.3 392.3 396 399 401.5 408.6 418.6 424.4 421.9 409 392.5 379.4 395.5 410.1 425.3 441.8 459.7 475.9 488 495 501.4 506.7 510.9 506.6 499.8 495.7 486.6 474.6 461.1 446.8 434.3 421.8 411.6 404.1 399.6 391.8 382.1 371.9 359.7 346.8 332.5 319.7 307 295.5 306.5 315.4 323.4 334.2 346.5 354.4 365.5 372.9 379.5 380.1 377.1 367.8 356.3 344.5 328.1 310 291 267 255.3 244.7 228.6 206.4 206.6 210.8
332.2 334.4 339.6 344.2 350.2 355.9 363.7 371.6 379.5 383.8 386.1 388.2 391.1 393.2 395.1 398.4 404.6 409.2 406 395.7 381.5 382.6 390.7 401.8 415.1 437.2 455.4 471.6 484.1 492.3 499.4 511.6 519.9 521.6 514.3 501.8 490 476.4 462.4 447.3 432.6 420.9 412.3 402.3 387.8 377 367.9 358.7 347.4 336.6 326.6 315.4 305.9 300.9 315.5 324.9 331.8 341.4 349.6 360.2 372.1 381.2 389.9 393.3 384.3 375 361.9 349.7 330.1 313 293.9 275.5 264 249.8 233.6 210.6 205.7 212.7
335.8 337.6 340.5 344.6 349.3 353.9 362.6 372.3 378.3 379.9 382.1 383.5 385.3 386 385.9 386.7 390 392.3 390.5 382.5 366.4 379.9 384.9 394.7 409.6 432.2 448.8 466.2 479.2 489.3 497.2 510.7 522.7 523.7 519.8 510.7 494.4 476.8 463.8 447.1 431.5 419.7 410.9 402.6 393.9 382.9 372.2 360.8 348.5 334.3 323.8 316.1 307.5 309.3 325.8 334.4 338.9 348.7 358.1 370.4 384.3 393.2 398.6 400.1 396.1 385.9 370.1 357 337.8 323.5 301.4 283.1 264.4 251.9 234.7 212.8 206.8 215.4
340.3 341.2 342.3 345.1 348.5 352.6 356.9 362.7 368.7 372.6 375.6 376.7 377.8 378 374.3 375.4 377.4 378.9 377.5 371.7 367.7 373.5 376.8 388 405 427.8 444.7 456.4 470.5 486.4 497.1 510.1 519.5 522.6 521 515.4 502.9 485.1 462.8 445.1 433 420.7 412 402.7 393.6 383.8 373.4 361.7 349.1 335.4 324.5 317.6 323.1 323.7 333.8 340.4 347.9 357.9 366.7 379.2 392 399.7 405.5 404.7 403.6 389.8 375.5 365.4 345.2 325.5 307.9 288.3 268.8 253.6 234.9 214.8 209.3 216.4
345.6 347.1 346.5 346 347.6 349.5 353.2 357.6 362.2 365.5 368.4 369.7 370.4 369 364.2 361.7 364.4 366.3 365.3 360.4 360 360.9 370.5 381.8 401.9 418.5 434.1 447.2 458.9 475.9 490 504.8 515.8 521.1 521.6 518.6 510.4 495 478.2 457.6 438.5 425 413.5 403.5 394.3 386 375 362.7 348.2 333.9 324.8 324.1 329.5 332.5 336.7 342.9 354.3 363.9 374.1 386.3 398.3 406.4 414.2 418.5 413.4 397.6 383.5 366 348.5 327.5 309.2 292.2 271.5 252.9 236.7 216.2 211.9 216.7
357 361.3 356.1 351 347 346.5 348.6 352.1 356.5 360.4 363 364.1 363.6 361.4 358.2 346.8 350.9 353.5 353.4 337.7 347.6 355.9 364.9 374 390.5 412.5 433 445.1 454.7 472.5 488.1 501.1 504.6 511.3 519.2 518.6 514.1 501.8 484.8 469 448.3 432.5 418.5 405.5 394 383.8 373.6 360.2 348.2 333.6 325.8 327 332.7 337.1 341.4 346.6 357.1 367.7 379.6 391.8 405.2 422.9 436.3 439.9 432.7 415.9 391.3 375.3 359 337.8 312.8 296 275.6 255.5 238.7 217.8 213 218.3
357.3 360.2 357.1 354 343.9 339.9 341.9 346.6 352 356 357.9 358 355.1 353.7 352.2 341.9 331.9 340.3 334.9 329.7 333.7 339.1 362.7 374.2 387.1 405.4 423.4 436 447 462.9 473.2 479.9 491.5 503.3 510.7 514.8 516.7 509.2 495.7 481.2 462.5 441.1 424.9 410.9 397.1 383.6 371.7 359.1 349.2 336.3 327.8 332.6 333.6 339.6 344.6 349.7 359.4 370.9 383.4 396.5 414.3 437.1 458.6 465.7 462 448.4 426.8 397.4 374.2 348.6 318.8 296.6 273.1 252.7 237.4 217.3 211.7 219.1
