ny/ny11_OST50GRID_20230518/NY11.asc
ncols 200
nrows 200
xllcorner 310000
yllcorner 510000
cellsize 50
[rows 105 to 139 of 200, columns 78 to 155 of 200]
258 258 255.8 255.2 254.1 253.6 253.6 254.6 256.8 261 261.1 263.2 265.1 267.3 269.9 271.9 273.8 275.8 279.4 281.3 287.6 291.6 299.5 308.7 318.9 330.3 344.2 355.9 371.9 388.8 408.8 429.8 451.2 471.7 491.1 512.4 533.4 552.9 571.2 589.3 605.5 620.4 636 642.2 643.7 655.7 668.7 679 687.5 694.5 708.9 722.7 737.6 757.9 773.2 787.3 799 801.9 797.9 800.2 799.4 798.1 767.5 722.2 699.7 654.5 631.3 607 585.5 557.6 540.6 524.6 509 488 470.8 444.3 416.9 404.6
257.6 256.2 254.2 253.2 250.8 248.5 249.1 249.8 251.2 254.2 255.3 255.6 257.5 259.1 260.9 263.5 265.3 267.1 269.9 270.4 276.3 281 289.1 295.2 302.9 314 327.3 337.2 349.8 364.3 383.6 403 423.2 444.5 465.4 484.3 503.6 521.9 539.3 556.1 571.1 585.9 595.1 603.1 609.6 634.6 653.4 667.6 679 688.1 701.5 718.4 733.6 751.3 769.4 778.5 790.1 796.7 787.7 789.6 791.5 789.7 743.2 699.2 664.5 632.3 605 580.2 556.4 535.1 517.4 508.4 496.7 479.6 465.4 437.9 418.4 404.4
258.9 256.9 253.4 252.2 249.5 247.5 246 244.9 246.9 248.6 247.5 248.3 249.4 250.3 252.3 254.3 255.7 257.3 259.4 260.5 263.4 271.3 277.8 283 289.3 298.5 309.5 319.1 327.9 343 359.9 376.8 397.3 418 437.4 455.9 474.4 490.7 507.5 523.5 537.5 549.8 558.6 566.1 585.3 612.7 635.1 653.4 669.4 684.1 700.5 715.5 724.9 744.6 759.7 770.1 776.8 776.7 774.7 779.1 781.2 780.9 752 696.3 654 620.9 590 563.5 543 516.5 498.5 486.3 480.1 463.4 451.2 437.7 417.7 405.7
257.4 256.3 254 251.5 248.4 245.1 243.5 241.5 241.8 242.7 241.8 240.3 241.2 241.2 242.9 245.1 246.9 249.4 247.7 249.1 257.6 262.8 266.6 271 276.6 285.7 295.1 300.2 310.4 322.8 336.7 350.2 369.9 387.8 407.5 427 444.9 461.7 476.3 491.8 503.5 513.7 520.6 531.3 558.9 587.6 611.6 631.6 649.5 675.6 693.8 710.1 713.6 726.8 741.9 751.5 756.4 761.2 764.5 769.1 770.6 766.8 748.8 704.5 666.2 613.3 584.7 557.3 537.6 512.9 499.7 486.3 476.3 461.2 449.5 441.7 430.1 416.2
255.6 254.7 253.7 251 246.6 242.8 240 238.2 236.7 235.2 233.9 232.7 231.7 232.9 234.5 235.8 238.1 238.7 237.8 241.7 247.8 252.9 256.3 259 264 272.2 278.6 285.1 292.6 304.8 313.6 325.7 341.6 359.5 377.1 395.4 413.4 429.1 445.6 460.3 470.7 480.8 483.9 504.1 532.9 558.2 579.8 598.2 621.1 645.9 684.2 697.6 692.5 705.3 726.8 737.1 736.9 738.1 752.9 758.6 758.1 756.5 743.2 727.1 681.8 634.7 616.1 567.7 557 532.8 514.2 502.7 495.6 474.9 459.1 447.7 447.9 438.5
250.1 249.7 247.2 244.4 240.3 236 235.4 232 229.4 228.1 225.8 223.5 224 223.9 225.7 228.6 228.5 227.3 225.2 231.5 238.1 242.2 244.2 248.3 252.1 258.8 263.5 266.6 276.3 285.6 293.4 303.5 315 329.6 347.2 364.4 382.9 399.5 415 430 441 448.4 450.3 479.9 502.9 526.2 546.9 567.5 589.5 615.8 646.3 662.3 664.9 683.4 701 712.3 711.7 718.5 735.7 742.4 745.5 743.3 738.2 730.2 700.2 709.2 698.1 614.8 592.1 559.5 543.5 531.7 518.4 499.4 481.3 464.5 463 462
235.2 235.7 235.8 234.4 231.8 228.8 227.7 224.2 221.8 220 218.1 216.9 217.2 216.3 217.6 220.7 219.2 215.2 219.2 224.2 226.8 230.3 233.4 239.3 249.1 249.6 249.3 253.6 259.2 265.9 273 284.5 292.4 304.6 316.4 333.8 351.4 370 383.1 398.5 408.3 414.7 430.3 452.2 472.8 492.2 515.8 537.6 557.6 583.3 606.8 626.4 628.4 662.3 670.1 678.4 684.1 692.5 710 724 727.4 725.7 726.6 729.8 728.8 733.2 706.3 659.6 630.1 606.6 595.4 582.5 570.3 532.7 503.9 488 490 493.2
219.1 219.7 221.3 220.8 220.6 218.6 215.5 213.6 212.3 209.3 206.7 210.4 210.1 208.7 208.7 210.3 209 203.1 210.1 212.6 214.3 217.7 221.3 224.1 235.1 244.2 236.4 244 244.2 249.6 258.5 263.9 273.7 284.9 291.8 305.2 320.1 335.8 351.4 365.2 375.2 385.7 406.9 424.7 442.2 462.6 484.7 506.1 525.9 545.1 568.8 582.2 607.5 631.2 639.3 648.8 655.5 664.2 684.1 697.3 699.2 698.6 703.6 707.5 712.8 726.7 727.2 702.5 669.6 660.1 646.5 634.4 589.8 566.2 540.1 522.6 518.2 524.8
203.1 203.8 205.1 206.2 205.6 204.4 202.1 199.3 197.2 194.4 194.2 199.3 201.9 196.8 197.6 200.2 196.4 193.9 196.8 199 200.4 204 208.2 210.8 221.6 235.1 229.5 234.3 243.4 250.3 251.1 250.2 255.4 265.7 276.8 284.4 292.3 304.7 316.4 331.3 345.5 359.2 379.2 396.5 413.3 432.3 453.3 472.3 492.7 511 526.6 546.1 571.8 587.8 613.3 625.1 622 630.5 647.1 659 664 668.3 676.7 681.2 692.5 709.4 713.1 714.5 711.2 692.1 693.2 669.3 633.5 617.4 599.9 571.5 576.8 571.2
182.9 184.2 186.7 187.8 188.7 187.5 186.3 182.8 181.3 179.9 181.5 184.5 184.7 182.6 182.7 184.1 179.9 179.6 184.3 184.8 184.1 189.4 194.1 197.3 202.9 208.6 219.1 230.2 232.8 239.3 243.6 248.7 245.2 250.5 259.3 267.4 274.7 281.5 292.8 302.1 317.8 329.8 347 364.7 383.4 402 421.3 440.6 460.3 477.5 492 518 534.4 551.9 578.3 594.9 586.1 590.9 611.1 619.8 624.5 634.7 645.1 650.4 666.3 682.9 693.3 699.8 705.6 715.2 720.6 705.6 681.5 657.9 648.4 628.2 615.7 592.7
164 165.9 167.7 170.8 171.8 170.6 169.5 167.2 165.5 166.5 170.6 170.3 168.4 166.6 169.9 167.6 166.1 168.1 171.7 174 174.2 177.3 182.1 184.8 187.7 190.8 197.3 203 211.6 213.8 228.7 232.1 232.8 236.9 242.2 248.9 261.2 262.3 275 283.1 290.4 302.8 319.7 336.4 354 371.3 390 409.2 427.7 443.7 464.1 485.1 498.8 526.2 546.3 556.6 556.2 555.9 565.4 575.7 590.8 600.1 608.1 616.6 634.8 652.4 662.2 673.4 682.7 697.4 707.1 721.4 718 703.7 682.7 674 646.2 617.2
145.7 149.6 151.8 153.9 154.9 153.7 152.4 151.6 150.8 154.7 155.9 155.4 153.8 152.8 156.1 155.8 157.2 157.6 159.9 161.6 162.9 165.7 171.9 170.6 172.7 173.6 180.3 185.8 193.4 197.8 198.8 208.9 217 220 222.7 230.4 247.7 250.5 255.6 261.8 268.6 283.2 295 310.1 324.6 341.2 359.5 378.2 396 411.5 433.4 450.5 468.1 493.1 510.1 519.7 522.2 528.4 531.6 542.3 556.3 565.1 573 582 601.9 615.1 626.9 637.6 652.4 664.9 684.3 698.5 708.1 718.3 720.3 708.5 677.2 644.3
134.5 131.8 134.9 137.2 136.9 139.5 141.6 141 140.6 143.4 142.8 143.2 143.2 144.5 147.2 149.4 150.8 147.8 148.5 149.9 151.7 154.2 159.5 156.2 157 165.4 169.5 173.5 180.1 185.4 186.2 190.3 196.9 200.7 206.6 215 231.3 235.6 236.4 241.8 251.4 263.1 272.7 287.7 297.8 313.1 329.9 346.5 365.1 382.4 400.4 418.2 435.6 454.6 473.8 483.9 485.2 500.2 501.2 507.4 520.2 531.1 538.7 547.6 566 578.6 590.8 603.6 617 632.4 646.5 662.3 680.9 700.6 712 724.3 705.9 678.2
125 125.8 126.4 127.1 128.3 131.3 133.5 133.4 135.3 135.7 134.9 135.4 136.6 138.1 141.9 143.2 142.4 141.5 139.8 138.5 140.3 144.2 146 146.8 147.7 154.6 158.7 162.3 163.7 168 169.1 175.3 181.2 187.1 189.8 201.2 212.3 216.1 216.5 222.9 232.1 241.1 256.4 268.6 276.1 284.8 301.1 316.5 335.4 350 368.1 385.5 400.8 418.9 437.2 449.4 452.2 464.5 472.9 475.9 482.8 498.7 507.1 514.7 528.5 544.4 556.9 566.6 581.2 592.6 605.8 622.7 654.2 674.2 687.3 709.1 720.7 714.9
125.8 126.1 126.2 127.1 127.9 128.2 128.8 129.4 130.9 130.7 132 132 132.1 133.3 135.8 136.3 134.8 136 136.1 137.1 137.3 138.1 139.9 139.8 140.9 145.7 148.1 151.5 153.4 153.3 156.1 159.7 165.9 172.9 174 181.5 188.9 194.3 200.3 207.3 216.7 225.2 238.3 249.7 252.7 263.3 275.1 288.8 304.5 319.4 340 352.9 367.1 385.6 402.9 414.7 422 431.9 439.6 445.8 451.3 466.4 474.5 482.9 493.8 506.5 518.3 533.3 546.5 557.8 569.7 592 619.4 636.1 658.4 677.5 689.6 707.6
125.4 126.3 126.2 126.8 127.9 127.7 128.3 128.9 130.1 130.3 131.2 131.4 131.7 132.5 133.8 133.7 134.3 135.5 136.3 137 137.6 138 138.8 139 141 141.1 142.1 144.1 144.9 144 144.1 146.5 151 154.7 157.4 162 169 178.5 187.9 192.9 200.7 208.4 216.5 225.6 231.1 242.2 252.9 264.9 276.3 295.7 307.2 319.3 332.2 351.3 370.1 379.5 391.4 402.7 411 416.8 423.1 435.2 440.9 450.8 462.4 472.5 486.1 498.8 513.3 524.5 536 559 583.4 600.7 622.2 637.6 657 680.4
124.1 124.5 125.9 126.2 127.3 127.7 128.2 128.9 129.2 130.1 131 131.2 131.6 132.3 133 133.8 134.3 135.4 136 136.5 137.4 137.8 137.9 138.4 139.9 140.4 140.5 141.4 141.4 143.2 144.3 145.6 145.6 146.2 147 151.6 160.9 169 175.4 183.8 186.9 189.3 196.1 204.4 210.8 221.8 232.3 243.1 254 265.6 277.1 287.6 299.9 316.7 334.4 345.4 360.9 372.5 382.1 391 398.9 405.4 413.9 425.4 434.5 443.8 453.8 467.9 479.5 491.9 505.7 527 548.3 566.9 586.6 603.5 624.1 639.2
124.2 124.5 125.6 126.6 127.2 127.6 128.4 128.2 128.8 129.5 130.4 130.9 130.9 131.5 132.8 133.5 134.5 134.2 137.1 137.6 135.6 137.2 137.6 139.6 140.1 140.3 141.2 141.8 143.2 144 144.1 144.9 145.9 147.1 148 148.3 155.9 159.5 163.4 170.8 172.9 170.7 175.4 187.7 196.7 202.8 211.8 222.6 232.1 241.3 251.1 261.7 273 287.4 301.4 314.7 328.7 342.6 352.6 361.6 370.7 379.5 386.8 398.3 406.9 413.9 420.2 436.9 447.8 461.4 477.1 498.7 515.9 535.8 550 569.2 583.4 598.8
123.4 124.5 125.3 126.1 126.3 127.2 127.7 128 129.6 130.2 130.2 130.7 132.1 132 132.9 132.8 132.6 133.8 135.2 135.6 136.7 138.5 142.9 143.7 144 143.6 143.3 143.3 144.2 145.3 146.1 147.3 147.4 147.3 148.5 149.1 149.2 152.9 153.5 157.7 159.6 160.9 165.8 173.6 180.2 185.9 193.9 203.5 214 226.3 237.8 248.1 256.9 261.5 274.1 283.9 295.2 309.3 323.1 332.7 339.8 347.6 356.9 365.9 376.4 383.9 389.9 402.4 419.6 432.8 446.5 464.7 478.5 496.1 514.8 536 548.7 562.2
124.2 124.6 124.8 125.4 125.9 126.5 127.7 128.7 129.7 132.6 131.4 133.1 134.6 134.4 134.9 134.4 132.9 134 135.2 135.7 138.9 143.4 145.1 146.5 148 148.6 148.6 148.3 148.1 148.3 149.4 150.3 151 149.8 150.3 150.9 150.9 150.6 150.4 152.9 154.4 159.6 159 161.6 164.9 168.2 179.4 190.6 201.3 213.6 224.6 234.1 241.2 245.4 252.6 262 271.5 280 290.8 302.1 311.5 319.3 329.3 334.7 343.3 348.9 357.5 373.4 390.1 402.4 412.5 429.6 445.1 463.2 480.1 495.5 512.7 525.7
125.9 126.7 129 125.1 126.6 128.4 130.3 129.6 132.6 133.4 135 135.1 135.1 135.7 135.7 135.7 136.5 140.4 143.7 142.6 143.8 147 149.1 151.1 151.5 153.5 154.2 154.6 155.2 156.2 156.3 156.1 156.6 156.5 156.6 155.4 156.1 155.1 153.4 152.2 153.3 155 155.2 156.4 158.8 161 168.3 178 188.5 200.7 210.7 217.1 223.2 227.3 232.5 242.4 254.8 262.4 265 272.9 280.9 291.3 300.1 308 314.1 319.6 330.6 345.1 360.3 372 384.1 399 412.1 429.6 442.8 461 476.8 491.3
143.2 142.9 142.4 141.7 139.3 137.7 137.4 138.1 137.6 138.9 140.2 141.5 140.9 137.5 136.3 137.6 142.3 147.6 149.2 149.8 151.3 153.6 155.1 157.5 159 160.4 162.2 163.4 163.8 165.3 166.1 166.1 166.3 167.5 166.6 163.1 161.2 162.4 159 156.6 155 155.8 156.9 157.5 157.6 158.7 162 164.4 182.4 187.3 192.1 198.9 205.4 209.3 215.1 226 233.3 238.5 243.1 251.1 258.4 266 274.6 282.8 289.1 295.1 306.3 319.9 329.8 339.3 354.1 368.1 382.5 396 413.2 432.3 451.1 461
160.8 159.9 158.3 156.3 154.1 152.9 151.4 152.3 153.9 151.5 151.3 152.9 150.9 145.5 144.9 147 147.5 155.6 156.1 157.7 159.3 160.6 166.6 169 170.3 171.3 171.8 172.7 173.6 175 176.3 177.4 178.2 178.9 177.5 174.4 170.2 169.1 166.6 165.6 163.5 160.6 158.2 158.8 159.7 158.9 160.5 162.5 165.1 170.6 173.5 178.2 190.1 194.5 199.9 206.5 213.3 218 223.6 231 239.7 250.2 252.7 261.9 267.2 273.8 284 295.2 303.3 310.4 324.1 336.7 350.5 366.8 386.1 403.2 417.3 437.7
181.1 180.6 177.6 175.6 172.6 171.7 170 172.1 170.4 169.4 168.6 167 162.9 158 157.8 157.2 160.4 164.8 166.4 170.1 174.2 178.3 180.3 180.9 182.1 182.6 183.1 183.5 184.6 186.3 187 187.5 187.9 188.7 187.9 186.1 180.7 180.8 178.8 178.8 174 174.2 170.5 167 167.6 168 164.9 163.9 164.8 164.6 167.3 175 177.9 183.1 185.8 187.7 194.8 201.2 209 217.8 226.1 234 233.4 241.4 247.2 257.3 264.6 274.4 279.8 287.2 298 309.7 324.7 339.4 357.7 374.8 391.8 419.1
205.2 203.7 206.1 203.5 197.7 196.3 193.3 193.2 189.4 187.4 186.3 182.6 180 176.7 174.6 181.6 180.7 183.9 186.2 190.3 194.2 197.1 196.4 193.7 193.4 194 194.5 194 194.7 197.4 198.2 198.8 198.9 199.7 200.6 199.7 194.1 193.6 192.4 191 191.7 190.6 191.8 187.4 179.1 178.4 175.1 173.4 174.4 175.4 172.3 167.7 172.8 174.9 177.4 179.9 183.1 188.6 198.9 206.1 207.5 213 220 226.2 234.4 242.7 248 253.6 256.3 266.9 278.8 288.8 302.6 318 334.4 345.4 369.8 391.9
234.3 232.3 237.3 240 231.5 223.6 221.5 215.2 213 211.4 209 206.8 203.2 201.3 197.2 204.1 204.1 209.8 213.9 210.3 215.2 216.5 215.1 211 209.3 207.8 207.6 205.3 206.6 209.9 211.3 211.9 214.5 213.3 214.2 214.8 207.7 204.4 209.7 207.7 205.6 206.1 206.3 204.2 195.1 191.6 189.1 186.9 185.5 185 182 176.4 174.7 173.3 174.4 177 178 181.4 186.4 190.4 191.6 202.2 209.3 217.5 223.5 227 229.2 230.9 236.6 248.5 258.5 269.3 285 299.4 310.1 326.2 342.2 362.3
273.8 272.4 267.1 264.6 259.6 256.2 257.6 256.5 240.7 237.9 236.3 232.5 229.9 228.9 224.8 224.4 226.1 227.3 229 231.7 234.8 236.9 234 229.6 226.8 224.7 221.4 220.9 220.8 222.8 224.7 227.7 232.8 230.7 228.1 228.8 222.6 214 217.1 218.4 220.6 220.8 220.4 216.4 212.5 206.8 208.5 203.1 200.4 196 192.3 189.8 186.7 183.9 181.1 179.3 180.9 183.1 181.3 180 185 190.4 197 205.5 206.7 206.6 206.4 214.4 222.7 230.1 239.4 249.4 263.6 278.3 294.7 302 313.9 331.8
314.9 314.4 310 306.7 300.2 292.5 291 288.5 278.7 271.1 267.3 265 260.7 261.3 261.8 254.5 256.4 257.8 261.9 262.8 256.2 257 253 248.5 244.1 241.3 238.6 237.8 236.2 237.9 239.5 240.6 247.8 248 245.5 243.2 239.6 228.3 232.5 234.9 237.4 237.9 235.1 231.4 227.2 222.9 222 216.9 215 211.2 208.5 205.1 202.3 198.7 194.1 189.9 190.8 191.8 190 187 186 184.3 185.3 188.3 192.7 199.4 201.6 206.7 209.1 214.6 222.1 233.9 245.7 260.9 272.2 278.9 291.3 305.7
355.2 357.7 352.9 349.6 342.6 335.2 328.8 320.2 311.8 309.4 302.7 297 294.2 293.6 289.4 287.2 290.7 290.2 288.8 286.5 282.9 275.3 270.6 266.3 262 258.6 255.5 254.1 252.4 253.5 254.2 255.5 258.4 259.8 260 259.7 255.4 246.8 250.9 252.6 254.8 254.2 251.1 248.1 244.5 238.4 236.9 233.6 228.4 224.8 222.4 219.8 216.6 213.4 207.6 206.2 205.6 206.1 205.2 200.1 197.6 194.5 192.9 190.8 190.2 190.4 191.7 194.5 199.8 207.8 214.8 224.1 233.3 240.8 248.3 255.6 265.1 282.5
383.2 387.8 379.5 382.5 379.3 373.8 365.8 361.6 356.3 348.1 339.9 329.9 326.7 322.1 319.4 317.4 316.6 317.8 311.4 306 300.3 292.1 284.3 279.9 275.5 270.5 268.9 267.3 265.9 266.1 268 269.9 271.9 273.7 274.9 274.4 266 263.1 267.9 268.9 270.5 270.3 267.4 265.7 261.2 258.3 256.5 250.2 246.1 243.5 239.8 238 234.7 230 225.7 223.4 221.7 220.7 220.4 215.5 210.6 209 202.6 198.7 196.9 195.8 196.9 199.4 199.2 201 204.6 213.9 221.1 223.1 227.1 238.2 249.1 260.3
404.2 410.6 405.6 406.2 404.4 396.3 392.1 389.1 382 372.5 363.7 358.9 351.2 347.6 342.3 338.3 336.2 335.1 328.3 321 316.5 308.8 300.9 293.6 289.2 284.4 281.7 280.8 279.4 279 281.3 283.7 286.1 287.7 289.6 289.3 285.5 283.6 287.2 285.5 286.7 285.6 283.7 282.3 280 278.5 273.7 266.1 263.7 261.7 258.4 255.4 253 248.9 244.6 242.5 240.2 237.5 235.6 231.7 225.8 223.9 217.3 211.8 205.8 203.7 205.5 209.1 211.9 211.3 208.7 207.2 211.8 215.2 221 228.6 234.5 244.3
413.4 418.9 422.9 421.7 421.4 415.8 410.3 409.8 401.8 392.7 385.4 377.5 370 364.5 361.9 356.9 355 348.5 339.6 333 328.3 322.2 314 306.9 300.8 297.2 293.7 292.1 291.3 291.3 293 294.7 300.2 305 305.9 306.4 304.7 304.2 303.4 301.8 304.4 304.5 303.4 302.2 300.2 296.8 291.6 282.6 280.4 279.7 276.6 273.5 271.3 268.4 263.5 261.8 259.4 257.3 255.3 250.6 245.7 245 241.6 232.1 220.9 219.3 218.2 223.1 226.2 225.8 219.6 211.2 210.2 209.2 209.4 212.1 220.3 227.4
413.5 418.9 423.2 426.2 429.4 424.2 423.2 421.3 413.2 407.6 399.6 390.8 384.5 378.2 374.5 372.6 368.1 358.3 349.8 341.9 332.6 331.5 325 317.6 312.3 308.4 304 302.7 301.1 301.4 304 305.9 311.2 315 317.5 320.1 322.2 322.6 318.8 319.3 322.5 323.2 324.6 322.4 315.2 315.9 309.9 301.9 298.9 296.3 293.4 291.6 289.9 287.2 281.2 280 279.3 277.1 273.2 270 266.5 263.4 257.2 252.3 244.6 240 234.9 242 243.3 241.4 235.1 229 224.1 220.8 214.2 212.3 212.3 215.1
411 419 421.9 425.9 431.1 429.9 428.5 425.5 420.6 417.4 408.4 401 396.2 391.2 385.6 381.6 375.7 367.7 359.1 346.8 346.7 340.3 336.9 331.4 326.9 319.5 314 310.8 310.2 311.7 313.1 316.4 319.1 324 329.3 334.9 335.2 336.1 334.7 337.9 340.6 343.4 345.7 342 339.7 336.8 328 321.7 318.5 316.8 314.6 312.4 310.7 311 310.6 306.1 299.9 298.8 300.3 293.7 290.3 287.6 281.3 272.1 265.8 260.5 259.6 260.6 263 258.8 255 253.7 245.1 236 226.1 219.7 215.9 214.6
408.4 414.3 420.9 428 431.5 434 432.8 427.6 426.4 423.1 418.2 409.5 404.7 399.1 392.2 386.7 380.5 371.7 361.2 361.2 357 351 347.1 342.6 336.7 329.5 323.8 319.7 317.4 318.7 322.6 326 328.9 334.3 339.6 344.1 347.2 348.8 341 354.5 356.7 359.9 362.6 361.8 360.7 356 347.6 342.8 341.3 338.3 338.7 336.3 336.1 335 339.2 338.4 327.9 325.5 327.7 322.8 319 315.2 307.7 297.9 289.3 280.7 280.6 283.1 283.1 276.5 273.3 272.2 263 254 243.3 236 226.3 218.9
