ny/ny11_OST50GRID_20230518/NY11.asc
ncols 200
nrows 200
xllcorner 310000
yllcorner 510000
cellsize 50
[rows 140 to 174 of 200, columns 0 to 77 of 200]
503.9 501.6 499 495.8 492.1 487.3 483.6 485.8 489.5 494 498.6 502.8 507 513.1 519.4 524.9 532 537.1 543.5 549 552.1 553.6 553.8 552.1 548.4 545.4 540.6 534.7 526 517.2 505.5 497 487.8 473.9 468.1 463.3 457.5 448 442.8 442.3 436.6 431.4 431.7 432.3 435.2 435.1 434 434.9 448.3 443.1 431.3 420.3 404.2 385.3 365.2 336.9 308.2 282.7 255.6 237.9 216.6 226.4 250.8 257.7 252.2 234.2 217.9 203.4 228.6 251.5 273.4 299.9 323.4 342.3 361.6 378.7 389.1 398.4
508.5 504.5 499.5 494.3 488.1 482.3 477.7 480 485.8 490.6 495.6 500.1 504 509.2 515.7 523.1 530.7 539 543.8 548.3 552.4 555.3 556 555.9 553.8 550.7 546.5 543.1 537.3 530.1 519.8 512.6 505.5 494.1 481.9 476.3 470.1 461.1 455.4 450.7 446 444.3 448.3 452.1 455.9 448.8 446.2 444.1 449.9 448.2 440.2 425.7 408.3 393.1 369.5 342.6 315 290.3 267.2 244.8 221.5 227.7 250.5 268.4 270 256.7 238.2 212.9 218.7 241.3 265.6 290.1 313 334.1 349.6 367.5 381.5 390.8
509.9 505.2 497.6 490.3 483.4 476.3 468.9 473.3 480.6 486.3 491.7 496.2 500.9 505.8 512.1 521.3 529.4 538.7 544.9 548.8 552.6 555.4 558.5 559.6 558.2 555.7 552 548 545.2 539.7 532.9 525.5 518.1 511.6 501.7 495 487.6 477.2 470.4 462.9 460.4 459.6 461.5 467.3 468.9 467.5 459.9 455.3 451.2 448.5 444.7 429.9 413.3 398.7 377.5 352.3 323.5 296.8 271.8 250.6 227.9 230.7 250.1 271.8 284.6 277.5 260.3 240.2 228.3 231.6 255.8 278.9 301.3 319.8 336.7 349.9 371.3 384.2
509.8 502.3 492.3 483.9 477.2 467.4 462.2 466.5 473.9 480.3 486.4 492.2 497.4 501.8 509.4 518.3 528.1 536.6 543.9 547.7 551.5 554.8 559.2 563.3 562.3 559.5 556.5 553.7 550.9 547.4 540.6 535.7 531.7 526 520 514.7 508.7 498.1 487.7 478.4 476.7 475.4 476.4 481.5 484.1 485.7 481.4 467.8 459.2 452.2 448.3 436.1 417.5 403.4 383.7 363.4 332 306.5 280.9 258.4 238.6 232.4 251.6 275.2 291.5 292.9 281.3 267.4 254 248.8 245.7 265.8 286 306.1 320.6 338.1 358.7 378.9
505.4 497.9 486.7 477.8 470.6 461 454.7 458.9 464.8 473.2 480.8 487.1 491.9 498.1 503.4 509.7 521.3 529.9 537.8 542.7 548.1 554.7 556.9 561.3 562.2 561.4 559 557.7 556.9 555 551.5 547.8 542.5 540.1 537.6 533.8 532.8 526.5 516.9 507 498.4 496.9 495.4 498.6 501.9 499 496.7 485.6 474.6 460.7 448.5 437.5 421 406.9 389.3 368.4 344.5 318.3 292.7 268.7 250.9 236 256.8 277.6 297.4 301.4 298.3 286.7 273.6 263.8 252.5 251.7 273.5 292.6 308 327.3 346.7 367.8
498.6 490 478.6 470.9 462.2 453.2 447.6 450.8 456.5 466.1 473.4 479 485.7 492 497.4 502.5 509.5 517.4 527.5 533.4 541.2 550 553.4 555.2 559.4 559.9 560.2 561.1 561.5 561.9 560.3 559.6 556.7 553.7 552.4 553.2 555 555.8 554.5 546.5 536.9 532.4 526.7 524.3 520.9 514.6 508.8 500.4 487 469.4 454.7 438.9 420.1 407.9 393.2 374.9 353.4 329.1 306.6 280.9 262.9 244.4 258.6 284.2 302.3 312.7 310.5 302 292.1 281.1 270 254.6 259 279.5 298.8 316.9 334.7 354.6
490 482.4 472.8 463.8 454.1 445.2 436.6 441 448.4 455.6 461.2 469.7 477.4 483.3 489.2 495.1 501 508.5 515.6 521.2 528.7 539 545.2 549.3 551.1 553.2 558 562.9 565.7 567.9 568.5 569.1 568.1 567.4 567.2 567.2 570.9 574.7 575.4 578.2 580.1 574.9 573.2 568 557.8 539.2 525.5 516.3 500 483.7 464.1 446.7 427.5 410.7 397 380.3 363.7 340.4 321.1 297.2 276 252.6 265 285.1 306.3 323.8 323.6 312.5 305.5 296.6 286.6 272.1 259.8 267.2 289.1 307.8 324.4 340.9
480.6 473.5 467.1 457.4 447.3 437.2 428.1 432.9 440 445.7 452.1 460.2 468.1 475 481.3 487.7 493.5 498.5 505.6 511.3 519.1 526.8 533.5 540.8 545.1 547.5 557.1 564 568.5 572.6 575 576.8 577.4 579.4 580.7 580 584.8 588.5 591.7 595 597 597 597.1 595.8 589 576.6 556.3 536.6 513.9 493.7 478.3 456.9 438.6 419.7 400.8 390.1 370.8 349.1 328.2 306.3 286.7 264.4 269.6 285.6 312.7 332.8 337.2 327.4 315.4 309.5 301.6 287.1 272 264.2 280.2 299 315.7 330.9
472.3 467 460.2 451.4 441.2 430.9 419.8 425.6 430.9 435.7 442.8 451.4 459.6 466.5 473.2 479.6 485.3 490.7 496.4 503 510.6 517.5 524.6 530.8 535.9 545.9 554.9 563 569.7 574.9 579.9 583.6 586.8 588.6 590.3 592.9 595.5 598 601.4 605.4 608.6 608.4 607.2 606.6 602.5 593.8 583 563.2 534.7 506.2 487.3 467.8 446.2 428.3 409.7 394.1 375.9 355.2 335.4 315.2 302.4 277.7 279.4 295.7 312.4 335.3 345.9 343.5 330.6 318.9 312 299 285.5 271.6 275.1 291.3 304.8 326.7
463.5 458.6 453.1 444.9 435.4 423.9 414.4 417.8 422.6 428.4 434.4 442.1 450.4 456.1 463.2 469.5 475.4 482 487.2 493.4 500.9 508 515.2 523.6 533.6 543.5 553.4 563 570.6 576.8 583.2 588.9 593 595.1 597.1 599.8 602.9 606.1 610.6 614.8 617.3 618.3 615.9 613.2 607.9 601.6 592 579.8 556.4 523.8 498.1 475.2 457.4 436 419.9 402.9 380.5 359.3 341.1 321.9 305.2 284.3 292.8 293.4 313.3 335.9 356 357.7 348.2 332.7 324.1 311.2 299.8 285.7 274.4 283.9 306 324.3
455.3 450.6 445.1 438.9 429.3 417.6 403.7 409.6 416.1 421.1 426.3 432.3 440.4 447.1 452.5 458.9 465.4 472.1 478.5 484.9 490.9 498.6 507.1 520.5 531 541.9 552.1 561.7 570 577.3 584.2 590.2 594.9 598.7 601.5 604.4 608.2 611.2 616 620.9 625.1 625.2 623.7 620.3 616.8 607.1 598.7 588.3 569.3 540.4 509.3 485.3 466.2 446.6 423.7 409.1 387.6 367.9 345.4 327.5 308.1 292.6 293.7 296.8 313.8 340.1 366.1 371.4 364.1 350.4 336.1 326.4 313.3 301.8 286.5 279.4 300.6 321.8
446.3 442.3 437.2 430.4 422.7 411.7 395.5 404 409.5 414.5 419.9 424.4 431.6 437.5 443.6 450 457 462.4 467.6 473.6 477.5 491.9 504.5 515.8 527.6 539.4 550.7 559.9 568.6 577.2 582.9 588.1 594.6 599.1 602.9 607 610.7 614.8 620.2 625.2 628.5 630.8 628.3 625.7 623.8 614.3 604.2 594.5 580.5 561 524.3 497.7 472.8 457.4 437.1 416.8 398.9 373.3 351.8 331.5 310.4 296.6 297.4 302.5 317.4 341.3 366.9 383.2 381.7 371.2 356.2 342.8 329.9 316 300.5 286.2 295.8 318.8
437.3 433.7 427.9 421.9 414.9 404.5 388.4 397.9 403.4 407.2 411.7 416.7 422.8 427.9 433.9 441 447.1 452.6 456 463.5 475.7 487.3 498.7 511 522.6 535.6 547.1 558 567.3 574.3 580.9 586.2 591.2 596.7 602 606.2 611.3 616.6 622.1 628.5 630.5 633.2 631.6 630.5 625.3 619.6 610.3 600.1 585.8 568.1 536.4 504.6 483.4 465.3 447.8 429.3 409.2 382.3 358.9 336.4 313.2 300.3 295.5 307.4 322.2 342.8 368.1 390.6 396.3 395 377.7 360.8 347.5 332.6 317.4 301 292 314
427.4 423.1 419.1 413.2 405.8 396.7 383.3 388.5 396.4 401 405.2 410 415 419.8 426.2 431.6 436.4 440.2 450.5 459.1 471.2 483.3 493.9 505.4 518.3 531.6 543.4 553.4 562.9 569.6 576.5 582.1 586 592.2 598.9 604.1 608.9 614.1 621.5 626 630.1 633.1 633.7 632.9 627.6 620.1 612.9 604.5 593.4 575.7 540.4 506.4 488.8 473.2 458.1 440.5 419.3 390.9 363.4 341.4 317.7 303.6 297.9 310.4 322.5 346.7 370.3 394.7 409.6 412.2 400.6 383.5 369.6 352.9 334.4 317.3 298.7 307.6
417.3 413.5 409.8 405.6 398.2 389.6 373.5 384 389.4 393.6 397.3 401.9 406.4 410.7 416.5 420.8 424.6 436.2 445 455.6 467.1 478.3 489.8 500.4 511.9 525.8 537.3 546.5 555.6 564 570 576.2 581.7 587.5 592.2 598.6 604.8 610.6 617.7 625 630 633.3 634.3 633.9 630.5 622.6 614.6 606.7 598.3 585.1 559.4 513.7 488.2 476.9 463.1 446.8 426.5 395.6 370.8 345.7 324.2 308.7 301.2 315.5 328.7 349.6 373.2 399.9 421.1 424.9 419.7 408.5 393.2 372.7 353.8 333.1 316.1 306.8
409.4 406.1 402.3 396.7 390.1 382.1 371.6 376.1 381.5 385.3 388.8 391.8 396.8 401.1 406 409.9 422 430.8 442.5 453.6 463.8 475.2 485 496.8 505.7 517.1 530.9 539.9 547.4 555.5 563.5 568.3 573.8 579.6 584.8 590.2 598.6 605.3 612.9 618.7 627 632.9 634.1 635.6 631.7 625.5 620 611.2 601.7 591.3 571.3 525.3 495.8 477 464.8 452.7 431.2 402 375.4 352 332 319.1 307.3 322.8 334.5 354.4 377.1 405 432.8 437.2 435.9 429.6 415.1 393.1 371.3 352.7 334 313.8
400 397.5 394.5 389.3 382.7 375.4 363.4 368.1 373.1 376.4 380.6 384.5 388.8 388.2 400.7 410.2 418.1 427.8 439.7 448.9 459.2 470.9 480.2 490.6 500.3 511.6 520.5 530.7 539.1 547.2 554.3 561.3 566.2 571.8 577.8 583.1 590 597.8 605.2 614 622.1 628 633.2 634.6 633.1 628.6 623.6 616.3 608.6 599 575.8 536.2 505.6 483.3 468.2 455.2 436.4 409.4 380.8 357.9 338.8 326.3 316.6 328.1 340.3 358.1 382 410.7 440.8 447.4 450.3 445.3 435.9 414.2 389.9 371.9 352.3 333.8
388.7 388.4 385.7 381.8 376.2 367.4 349.6 362.1 366.4 369.7 373.6 376.5 382.7 390.8 398.7 406.8 415.3 424.6 434.5 444.3 454.9 465.7 475.1 484.1 494.7 504.7 513.6 523.9 529.5 537.5 545.9 552.7 558.9 564.8 570.3 576 583.6 591.1 598.8 607.7 616.7 624.9 630.7 633.6 635.8 632.5 627.5 621.3 614.7 607.2 593.3 558.4 519.8 493.5 473.3 458.6 441.8 414.8 386.7 365.4 339.4 324.6 322.4 331.2 347.2 363.9 391 421.9 453.7 459.4 457.2 454 447.1 433.7 410.9 383.8 367.5 348.9
377 376.8 374.8 373.3 366.9 358.9 342.9 355.3 359.7 361.3 366.9 374.5 381 388.5 396.5 403.8 412.7 421.1 431.5 440.6 450.3 458.8 468.7 477.6 486.4 496.2 505.5 514.6 521.6 527.4 535.9 542.1 549 555.9 563.1 568.6 575.6 584.3 591.2 600.8 611.7 621.5 628.5 633.9 635.8 634.6 631.8 627 620.8 613.7 603.4 580.9 536.1 506.6 482.9 465.5 451 422.4 391.6 368.9 343.4 329.4 328.4 339.6 352.3 370 398.1 430.7 461.7 471 468.6 463.2 453.2 443.3 427 403.2 381.5 364.4
357.9 363.1 364.6 362 356.2 348.1 330.5 347.6 345.9 349.2 364.4 371.9 378.6 386.6 393.5 400.8 408.9 416.4 429.1 437.3 444.3 452 460.9 469.7 476.6 485.4 496.3 504.7 511.9 519.5 525.7 532.1 539.5 547 554.3 561.3 568.4 577.4 588.6 599.2 609.4 618.7 626.8 633.6 637.8 638 636.8 631 625.7 618.5 608.5 591.8 549.7 516.6 492.1 473.5 456.9 429.6 396.1 372.2 348 333.4 333.6 345.4 358.1 378 405.1 436.6 473.2 483.1 480.9 472.8 464 454.9 438.8 418.4 396.6 380.7
365 356.7 351.9 353.2 347 337.5 323.3 329.8 349.6 358.9 365.3 371.4 376.9 383.6 390.8 397.6 404.3 411.5 425.1 431.6 439.1 445.9 453.3 461.4 468.8 476.2 485.7 493.7 502.5 510.8 517.5 521.7 530.5 537.1 545.3 553.4 563.7 573.7 586.2 597.8 607.8 615.9 624.3 632.6 637.7 640.9 640.4 635.4 628.2 620.4 611.6 597.5 561.6 527.3 501.9 479.6 461.4 437.3 401.1 378.6 354.7 336.9 339.7 351.2 365.6 383.6 411.7 442 480.3 496.3 493.2 483.8 474.3 464.5 451.4 432.9 412.7 396
362 352.3 336.6 343.3 340.6 325 315.2 338.5 351.5 358.7 364.5 370.2 375.7 381.1 387.1 393.1 399 406.6 416.5 423 432.1 438.9 446.1 453.9 459.9 468.6 477.4 485.8 492.4 501.1 507.2 513.3 519.2 529 541.8 552.8 563 574.4 586.1 597.5 606.7 614.8 621.7 629.9 635.8 639.5 642.3 636.8 630.3 621.7 612.1 600.1 570.3 534.2 507.2 485.7 464.1 440.4 408.3 386.2 362.6 344.6 352.1 359.3 370.8 390.9 418.8 450.8 483.1 501.1 502.5 494.6 483.5 478.3 462.9 450.5 427 413.5
361.5 349.1 340 321.6 316.6 309.5 325.6 341.1 351 357.1 362.9 368 372.5 377.1 381.9 387.4 393.1 400.3 408.2 415.8 422.5 429.8 436.2 445.7 452.8 461.9 470.2 478.5 486.5 492.7 497.7 506.2 516.1 526.1 537.6 550.6 561.7 573 584.8 594.8 605.3 612.7 618.5 625.9 632.2 635.9 638.3 635.5 630.6 622.7 613.1 600.5 576.9 542.6 516 494.5 469.9 443.1 414 390.5 369.8 350.2 357.5 369 381.8 400.2 425.2 457.5 485.8 506.1 510.7 505.2 491.7 485.6 475.9 463 446.9 428.4
360 348.3 335.3 329.7 308 311.8 329.8 341.6 348.3 353.1 358.9 364.3 367.5 371.2 375.4 380.1 385.6 393 400.5 407 414.1 421.5 428 438.3 445.6 454.9 463.2 470.7 478.6 487 495.9 503.5 511.8 523.4 534.8 548 559 569.2 580.3 591.8 602.9 610.6 617 622.5 627.5 633.1 634.5 633.3 629.4 622.4 613.3 600.7 579.7 545.4 520.4 499.9 475.9 449.9 419.8 394.4 373.4 364.2 369.8 380 395 414 439.6 460.2 492.4 510.3 518.5 511.1 504.5 496.6 489.5 477 462.2 445.8
357.7 344.5 331.5 314.1 294.4 313.9 331.9 339.4 344 348.5 353.6 358.1 361.2 365 369 373.4 378.9 384.1 390.1 396.8 402.1 413.1 425.3 435.6 443.5 453.8 464.5 472.3 479.2 486.4 493.6 501 509.4 519.3 530.2 542.6 552.8 561.6 575.1 584.3 597.3 608.1 614.5 619.8 624.7 628.8 630.7 630.7 626.9 621.3 613.9 602.3 584 557.6 533.6 510.8 485.6 456.7 425.9 400.6 379 376.6 385.4 391.5 407.3 428.1 454.5 469.2 498.9 518.8 523.9 519.1 513.9 507.6 496.8 490.2 478.3 465.7
353.3 339.7 326.9 308.1 295.2 318.2 330 335.9 338.8 341.9 346.1 351.3 354.3 357.7 361.3 365.6 366.9 369.7 375.2 393.8 404.3 416.1 425.6 433.8 441.6 454.3 466.2 472.4 478.8 484.6 490.3 496.9 504.9 515.7 525.9 534 544.6 554.7 566.2 578.6 589.9 601.6 610.5 616.9 621.9 625.8 627.5 628.3 625.8 621.9 615.1 604.7 588.8 563.9 541.6 519.6 498.5 468.8 433.5 406.5 385.8 396 401.2 408.3 423.1 445.8 465.7 479.6 500 525.3 530.2 527.7 523.2 517.8 511.5 501.2 490.7 478.3
346.6 332.9 317.9 295.9 298.5 317.1 326.7 330.7 332.7 335.6 339.4 343.4 346.3 349.3 347.5 351.6 365.6 374.6 384.5 394.6 405.6 415.7 423.9 431.5 438.8 451.9 464.2 470.6 476.1 481.8 487.1 492.9 500.2 508.9 520.3 528.8 536.2 544.5 553.3 563.8 579.8 591.5 600.4 610.9 617.8 622.6 625 625.3 625.7 622.1 616.7 606.2 591.6 569.4 542.4 523 502.8 476.3 442.7 413.9 397.6 411.1 417.9 427.7 437.5 464.1 472.5 496 506.6 527.9 537.9 536.7 531.3 524.7 516.1 510.9 503.8 493.8
337.1 324.7 309.1 281 298.9 316.8 322.4 324 326 328.1 331.1 334.5 336.4 340.4 350 358 366.4 375 384 394.3 404.1 413.4 422.1 429.5 436.1 445.6 454.1 466.7 471.7 476 480.6 486.4 493.2 501.7 512 522.1 528.8 537.5 545.9 555 567.3 579.8 590.8 600 610.8 617.6 621 622.2 623.7 622 617.4 608.7 594.1 571.8 547.3 530.7 513.2 487.2 450.3 422.8 414.9 427.9 436.5 447.2 461.3 479 490.6 507 518 539 554.1 547.7 542.4 533.3 525.9 518.5 514.4 509.6
328 315.4 297.2 277.8 301.5 310.9 314.3 317.1 318.9 320.7 323.3 324.2 330.7 343.3 350.5 356.9 365.2 373.7 383.1 393.2 403.1 411.2 420.6 428.1 435.3 441.4 448.7 458.3 465.9 469.4 473.6 479.3 486.1 493.9 503.1 512.3 521.1 528.9 537.6 546.9 557.8 569.1 578.8 587.9 600.1 610.4 616.4 618.5 621.8 621 617.5 609.3 596.9 577.3 554.8 536.3 518.6 492.8 459.9 432.7 434.6 447.7 457.5 472.7 485.7 492 500.5 511.8 529.6 552.7 564 558.9 550.5 547.1 538.7 530.6 525.2 519.5
315.3 305.5 285.6 275.9 297.3 303.5 307.8 308.3 310.1 309 315.6 328.3 336.4 343.7 349.9 356.1 364.3 373.3 382.7 391.9 401.6 409.5 418.4 426.5 432.4 437.4 442.2 449.4 455.4 459.8 464.5 470.7 477.6 484.8 493.4 503 511.9 520.2 527.9 538.9 548.2 557.2 566.7 575.5 584.6 597.8 609 614.6 618.4 619.8 616.8 609.9 598.3 581.5 559.2 542.2 523.8 497.3 467.3 446 459.6 475.4 490.2 501.9 503.8 506.5 511.9 516.7 544.7 562.7 575 570.7 566.5 556 546.2 539.3 535.5 528.3
308 285 275.6 277.2 292.4 295.7 298.2 300.4 302.2 308.4 321.9 330.1 339.8 347.3 349.8 356.9 364.9 374.1 382.9 391.8 399.9 407.2 412.8 419.3 425.4 430.2 433.7 436.7 438.8 448.6 454.9 460.6 466.9 474.9 484 494.2 502.2 510.5 518.2 526.1 534.5 546 556.4 566.4 574.8 586.1 600.2 610.2 612.3 615 614.3 609.7 601.2 584.4 561.6 542.9 523.2 502.4 475.5 466.6 484.5 500.2 511 520.2 518.3 519.4 523.9 529.7 549.4 576.8 581.8 575.1 570.5 563.6 557.2 548.8 544.7 541.8
308.8 287.5 267 278.8 286.1 288 290.1 290 297.8 315.9 323.4 330.6 343.3 351.1 355.4 360.5 365.5 372.3 379.3 385.2 389.4 394.6 396.6 401.9 406.4 411.9 415.6 419.1 425.2 434.1 442.2 449 456.1 462.2 470 483.1 493.4 501.6 509.1 517.1 525.2 533.1 544.5 554.5 566.2 574.7 584 598.2 604.1 606.9 607.3 605.3 600.4 584.5 565.7 543.7 524.9 503.7 482.4 488.9 506.5 520.8 525.6 531.9 530.9 532.8 535.5 545.6 551 584.8 597.3 588.9 584.6 574.7 568 560.5 558.8 552
303.8 281.6 262 274.7 278.2 279.9 278.4 289.3 307.3 316.9 322.7 329 339.9 349.1 354.8 350.7 353.6 354.4 357.1 361.3 365.1 370 374.6 380.6 383.3 389.5 392.7 399.3 406.5 417.3 424.9 433.5 439.8 447.2 458.9 470.1 480 490.6 497.9 504.8 511.9 520.8 530.1 541.9 551.6 561.4 572.2 583.6 590.6 597 600 598.9 592.8 580.9 563.5 547 528.8 508.6 495.5 507.1 524.8 535.3 538.1 541.3 545.5 549.7 557.2 560.1 566.5 599.4 611.9 603 594.6 587.2 582.5 577.4 569.1 562.6
296 275.1 260.2 267.7 269 274.3 286.3 300.5 313.7 320.9 321.8 324.1 325.6 328.8 335 347.3 356.2 364.3 377.3 385 390.5 394.5 398.1 398.2 403.3 401.7 405.8 404.7 404.2 409.7 414.9 414.9 426.3 437.5 444 450.2 465.3 471.7 480.1 486.3 493.9 503.6 511.9 523.6 537.1 548.4 558.8 569 578.2 585.5 593.6 593.7 588.6 582.3 567.2 554.1 536.5 515.9 512.9 523.9 534.5 542.5 549.2 549.7 555.6 569.1 581.5 578.2 583.1 619.2 622.3 622.1 609.9 598.9 600.3 592.8 585.4 577
286.7 266.5 256.1 257.4 261.9 273.3 281.3 289.3 301.5 307.9 313.8 314.8 332.1 339 349.5 358.9 365.6 373.8 382.1 391.9 403.2 411.2 416.9 420.3 423.8 422.4 420.3 417.8 417.7 422.1 427.5 428.3 428.9 437.2 440.3 443.6 449.5 463.4 465.5 476.1 487.6 495.5 503 513.6 520.4 531.4 544.4 554 563.1 575.2 584.1 587.8 590.4 582.1 570.6 560.9 547.2 533.6 532.1 537.5 545.7 553.7 569.2 576.2 583.1 594.7 608.4 599.1 601.5 631.2 640.2 639.6 630.5 617.8 614.9 608.1 599.6 594
