ny/ny11_OST50GRID_20230518/NY11.asc
ncols 200
nrows 200
xllcorner 310000
yllcorner 510000
cellsize 50
[rows 105 to 139 of 200, columns 0 to 77 of 200]
232.7 214.2 205.6 189.9 175 157.2 134.6 123.4 112.5 112.5 112.5 112.5 112.5 112.5 112.5 112.5 112.5 112.5 112.5 112.5 112.5 112.5 112.5 112.5 112.5 112.5 112.5 112.5 112.5 112.5 112.5 112.5 112.5 112.5 112.5 112.5 112.5 112.5 114.2 115.7 116.8 117.9 118.8 121.6 127 129 138.5 146 148.3 161 168.2 181.1 198.8 214.4 226.1 236.4 248.6 254 253.1 250.6 247.7 250.2 249.5 246.4 242.7 243.7 243.2 240.6 238.8 239.4 240.9 243.7 245.6 249 250.9 254.5 257.5 257.8
249.8 232.4 222.3 211 192.2 171.4 149.1 134.1 127.4 117.3 112.5 112.5 112.5 112.5 112.5 112.5 112.5 112.5 112.5 112.5 112.5 112.5 112.5 112.5 112.5 112.5 112.5 112.5 112.5 112.5 112.5 112.5 112.5 112.5 112.5 112.5 112.5 112.5 112.5 112.5 113.2 114.3 115.7 116.9 119.5 120.6 128.2 137.1 142.6 158.5 165.9 182.4 198.8 207 220.7 239 251.4 260.7 266.1 265.6 262 261.8 261.9 258 254 251.2 248.2 245.2 244.6 243.4 244.6 246.8 249.6 251.5 252.8 256.5 259.4 260.3
274.5 255.5 240.9 232.1 213 191.7 167.7 151.2 140.5 130.8 121.8 112.5 112.5 112.5 112.5 112.5 112.5 112.5 112.5 112.5 112.5 112.5 112.5 112.5 112.5 112.5 112.5 112.5 112.5 112.5 112.5 112.5 112.5 112.5 112.5 112.5 112.5 112.5 112.5 112.5 112.5 112.5 113 113.5 113.1 112.5 118.2 126.7 137 155.9 166.5 181.9 190.3 198.8 211.3 228.9 245.1 256.4 261.7 265.4 267.1 264.1 264.3 261.8 257.6 254.5 252.8 249.6 249 247.5 248.5 249.7 252.2 255.8 256.2 258 260.1 260.2
298.9 280.2 265.5 253 232.2 207.5 183.7 166.4 153.9 142.3 133.6 125.1 114.7 112.5 112.5 112.5 112.5 112.5 112.5 112.5 112.5 112.5 112.5 112.5 112.5 112.5 112.5 112.5 112.5 112.5 112.5 112.5 112.5 112.5 112.5 112.5 112.5 112.5 112.5 112.5 112.5 112.5 112.5 112.5 112.5 112.5 113.1 117.7 131.5 152.5 164.9 174.4 181.3 190 201.9 218.8 235.1 239.5 243.7 247.3 250.8 250.4 259.1 265.4 259.4 257.7 257.4 254.6 252.8 251.7 252.7 253.6 255 257.4 257.4 258.6 259 257.1
324.8 306.1 301.7 278.2 250.2 221.6 197.8 182.2 171.9 160.2 148 138.7 127.2 115.4 112.5 112.5 112.5 112.5 112.5 112.5 112.5 112.5 112.5 112.5 112.5 112.5 112.5 112.5 112.5 112.5 112.5 112.5 112.5 112.5 112.5 112.5 112.5 112.5 112.5 112.5 112.5 112.5 112.5 112.5 112.5 112.5 112.5 112.5 122.4 139.8 154.5 165.8 172.5 181.3 192.2 208.2 214.6 220.4 223.8 227.4 230.6 232.6 241.3 247.5 251.1 250.4 253.7 256.1 256.2 255.7 256.8 257.4 257 256 253.7 255.1 256.9 256.4
346.7 336.1 339.7 305.1 268.7 237.2 212.4 198.2 189.4 176.5 163.1 154.5 146.7 135.1 124 114.4 112.5 112.5 112.5 112.5 112.5 112.5 112.5 112.5 112.5 112.5 112.5 112.5 112.5 112.5 112.5 112.5 112.5 112.5 112.5 112.5 112.5 112.5 112.5 112.5 112.5 112.5 112.5 112.5 112.5 112.5 112.5 112.5 112.5 121.9 134.8 146.7 156.2 168.2 180.6 187.5 192.5 200.6 203.7 207.8 210.5 213.9 218.8 223.8 227.4 228.6 234.1 241.8 246.5 248.4 249.1 248.4 248.5 249.8 248.7 247.8 247.9 247.9
376.1 370.3 368.6 349.4 304.3 262.7 235.1 218.8 206.8 194.1 183.6 176.3 165.4 153.9 141.6 130.8 120.3 112.7 112.5 112.5 112.5 112.5 112.5 112.5 112.5 112.5 112.5 112.5 112.5 112.5 112.5 112.5 112.5 112.5 112.5 112.5 112.5 112.5 112.5 112.5 112.5 112.5 112.5 112.5 112.5 112.5 112.5 112.5 112.5 112.2 116.4 124.7 132.3 142.6 154.1 160.3 167.4 174.4 180.4 187.3 189.3 190.7 195.2 200.4 204 207 212.7 220.4 225.1 226.4 227.6 228.4 230 230.2 231.9 233.2 236 233.8
425.8 412.4 396.2 365.1 327.8 292.9 261 241.2 229.5 217.9 205.5 195.3 185.8 174.2 162.9 151 137.2 128.3 118.9 113.4 112.5 112.5 112.5 112.5 112.5 112.5 112.5 112.5 112.5 112.5 112.5 112.5 112.5 112.5 112.5 112.5 112.5 112.5 112.5 112.5 112.5 112.5 112.5 112.5 112.5 112.5 112.5 112.5 112.5 112.4 112.4 112.2 115.6 120.4 128.9 134.1 141.1 148 153.6 159.4 161.9 166.7 171.6 176.4 180.9 184.7 191.6 196.5 200.5 204.5 206.2 209 211.3 212.1 213.2 216 217.8 218.8
457.2 435.9 419.5 393.4 361.9 323.7 290.7 264.9 249.9 240.1 228.8 216.9 206.9 196.7 184.2 171.4 157.1 144.4 135.2 126.2 116 112.5 112.5 112.5 112.5 112.5 112.5 112.5 112.5 112.5 112.5 112.5 112.5 112.5 112.5 112.5 112.5 112.5 112.5 112.5 112.5 112.5 112.5 112.5 112.5 112.5 112.5 112.5 112.5 112.5 112.5 112.5 113.3 114.1 114.2 116.3 119.3 122.9 127.7 131.3 137.3 142.1 147.4 153.3 156 164.5 170.6 173.8 176.3 180.3 183.9 188.3 192.1 193.8 196.8 199.6 202.1 202.7
465.6 445.7 426.9 411.9 390.7 354 319.2 295.7 276 262.4 251.4 242.9 231 219.6 206.4 192 179 167.6 153.7 145.5 135.4 126.9 116.8 112.5 112.5 112.5 112.5 112.5 112.5 112.5 112.5 112.5 112.5 112.5 112.5 112.5 112.5 112.5 112.5 112.5 112.5 112.5 112.5 112.5 112.5 112.5 112.5 112.5 112.5 112.5 112.5 112.9 113.8 113.9 114 114.3 114.7 115 114.8 115.7 116.2 120 125.2 130.1 136.6 145.6 150.1 151.9 153.1 156.4 160.9 165.8 171 175.5 177.7 180.3 180.8 181.6
467.3 450.3 429.4 419.1 402.5 381.5 351.7 326.5 304.8 290.2 277.6 266.8 255.8 242.8 228.9 214 204.2 191.1 177.5 168.1 158.6 148.8 137.5 128.1 121.9 117.6 116.3 114.9 114.6 112.5 112.5 112.5 112.5 112.5 112.5 112.5 112.5 112.5 112.5 112.5 112.5 112.5 112.5 112.5 112.5 112.5 112.5 112.5 112.5 112.5 112.2 112.9 113.7 113.9 114.2 113.6 114.6 114.3 114.9 115.4 115.9 116.2 117.1 117.1 119 125.9 129 130.8 133.2 137.8 142.5 146.6 150.2 153.8 157.7 159.8 160.5 162.1
468.4 453.8 436.1 423.6 404.9 388.6 372.7 351 329.1 313.9 298.6 285.7 274.7 261.3 247.9 235.7 225.3 211.1 202 189.8 182.2 174.1 162.7 153.7 146.1 139.9 132.1 126 123.4 119.4 116.5 113.7 113.3 113.8 112.5 112.5 112.5 112.5 112.5 112.5 112.5 112.5 112.5 112.5 112.5 112.5 112.5 112.5 112.5 112.5 112.3 112.9 113.5 113.9 114.2 114.3 114.2 115.6 115.7 115.8 116.3 117.6 117.7 116.7 116.5 117.3 117.8 117.8 118 124.1 130.3 128.2 129.4 133.1 138.3 139.2 139.9 142.2
468.3 455.6 439.7 426.7 408 393 377.2 362.1 346.7 328.5 315.5 300.7 290.7 277.1 264.6 251.5 239.7 229.1 221.3 211.8 204 196.4 187.3 177.7 170.6 164.8 156.6 147.9 142.8 137.1 129.9 122.8 119 121 116.5 112.5 112.5 112.5 112.5 112.5 112.5 112.5 112.5 112.5 112.5 112.5 112.5 112.5 112.5 112.5 112.5 113.1 113.2 113.6 113.6 118.5 118 116.4 116.8 117.5 118.3 118.5 119.2 118.7 117.3 117.3 117.4 117.4 118.3 119.8 119.2 120.6 121.7 122 122.6 123.1 128.6 134.6
466.7 455.2 440.3 427.1 413.3 393.9 382.4 370.8 356.6 343.7 328.8 313.6 301.6 291.2 280.2 266.9 257.4 247.4 237.6 230.4 224.9 217.4 209.6 200 194 190.3 183.4 172.1 165.1 159.9 151.4 143.9 135.8 129.9 123.9 120.5 114.7 112.5 112.5 112.5 112.5 112.5 112.5 112.5 112.5 112.5 112.5 112.5 112.5 112.5 112.5 112.5 112.9 114.3 115.4 117.8 117.9 116.7 118.2 119 119.6 120.1 120.9 120.9 120.1 117.6 118 118.6 117.9 118.6 119 120.6 121.5 121.9 122.9 123.9 124.5 125.2
461.4 453.5 438.8 424.7 416.2 402.4 385.7 377.1 364.5 355.8 338.7 326 316.4 304.2 293.3 284.1 274.4 263.9 254.4 247.8 242.3 235.8 231 224.9 219.1 215.8 209.8 198.4 190.9 183.2 173.7 166.4 158.3 149.7 140.7 131.1 127.1 118.9 117.1 114.2 112.5 112.5 112.5 112.5 112.5 112.5 112.5 112.5 112.5 112.5 112.5 113.1 113.9 114.1 118.9 117.9 117.4 118 119.3 120.4 121.7 121.6 121.9 121.8 121.8 120.4 120.4 119.6 119.5 118.4 119.5 119.7 120.7 122 123.5 124.1 124.7 125.4
458.3 447 435.7 424.4 416.9 406.1 394.6 381.5 372.9 362.9 351.9 337.1 326.9 315.7 307.3 299.5 293.5 283.9 277.4 272 263 256.1 250 245.1 240.4 235.1 229 223 216.9 210.5 199.9 192.2 181.7 170.5 160.5 149.9 139.7 134.1 127.7 123.5 117.4 112.7 112.5 112.5 112.5 112.5 112.5 112.5 112.5 112.5 112.7 113.5 113.9 116.9 119.7 119.5 119.3 119.4 120.6 121.9 123.2 123.7 124.1 124 122.7 122.3 121.9 121.5 121 119.6 119.6 120.3 121 121.4 122.6 123.6 124.4 125
451.7 443.4 429.8 420 413.7 405.3 397.5 388.3 380.6 372 362.9 352.2 336 324 316 306.7 299.9 292.2 288.1 281.9 281.4 271.5 264.2 260.5 257.5 255.3 251.1 246.9 241.4 234.7 227.1 217.8 205.2 193.8 182 168.8 158.8 150.5 142.4 135.3 129.5 124 122.2 118.4 113.4 112.5 112.5 112.5 112.5 112.5 116.4 118.4 118.6 120.3 121.2 121.3 121.3 122 123.1 123.3 124.9 125.8 126 125.5 124.8 124.4 123.3 122.2 121.5 120.1 119.8 119.5 121.1 121.1 121.7 122.2 123.4 123.8
440.2 435.3 423.7 417.6 409.5 401.3 394.6 390.6 383.6 374.9 367.4 361.3 350.3 337.3 325.7 315.9 308 301.9 296.8 290.9 288.2 290.3 282.4 279.4 275.8 272.6 271.2 265.4 260.5 254.5 248.3 239.3 231.5 220.2 206.6 192.2 180.8 172 158.6 151.1 147.9 140.8 133.8 128.1 124.5 121.3 115 112.5 112.5 114.8 114.4 116.7 118.2 120.3 120.9 122.4 123.4 124.3 125.1 125.7 127.1 127 127.2 127.2 126.4 125.7 124.8 123.9 122.9 120.9 120.3 119.7 120.3 121.4 121.9 122 123.7 123.5
431.8 426.2 419.7 413.8 407.8 402.9 396.3 390.8 383.8 375.8 375 372.1 361.4 348.4 335 325.5 320.2 313.6 309.5 305.5 307.4 309 299.6 294.5 292.1 291.5 287.4 283.9 277 273.9 269.6 262.2 251.6 243.5 233.9 221.1 208.5 197.7 184.2 172.3 169.4 161.8 152.3 145.4 139 134.5 126.5 120.5 117.1 114.2 113.7 114.2 116.1 118.3 121.4 123.5 125.3 126.3 128.2 128.9 129.9 130.1 130.4 129.7 128.5 128.3 125.4 123.8 122.7 122.3 120.8 121.2 122 121.4 121.7 122.4 122.7 123.3
425.9 421.9 417.5 412 406.3 402.4 398 392.8 390.6 389 385 379.1 367.8 357.4 344.9 334.2 326.9 319.8 317.5 317.7 316.9 320.4 319.6 309.9 309 307.1 304.7 300.9 294.4 289.3 286.3 278.5 271.8 263.3 255.5 245 234.4 223.3 212.4 199.9 188.6 182.8 174.4 167.3 157.6 151.3 145.2 137.9 130.3 123.7 119.8 118.9 118 118.9 121 124.1 126.4 128.5 130.2 131.1 132.5 132.8 132.7 131.3 130 128.7 127.8 127.1 127.4 126.3 126.7 126 124.9 123.1 122.5 122.7 124.3 123.3
420.1 415.8 414.5 411.5 407.3 404.1 400.2 398.3 398.1 396.3 392.4 387.9 378.9 367.6 355.1 341.7 332.7 328 323.6 325.1 329.7 330.4 326.5 322.5 322.9 323.3 317.6 314.1 310.3 302.9 302 296.7 290.6 282.7 274.4 267.5 257.8 249.1 237.8 229.4 217.6 205.4 196.7 190.1 180.6 174.5 167.8 160.8 151.2 143.9 139.3 133.4 128.4 126.3 125 125 126.8 129.7 132.6 133.7 134.3 135.3 134.9 132.6 136.4 136.8 136.8 136.7 137 137.4 137.2 136.7 137.8 135.7 136 134.5 133.3 130.1
412.4 411.9 412.7 410.3 408.8 407.8 409.1 407.5 406.7 403.9 400.3 400.7 396.1 384 371.7 356.3 344.9 335 333.9 333.8 339 350.2 352.3 340.8 335.5 331.2 330.2 323.8 320.9 317.9 312.9 310.7 305.9 300.3 291.8 288.3 282.9 275.6 265.6 256.5 246.5 233 221.4 214.9 206.6 197.6 191.6 183.8 176.8 167.7 160.6 154.2 149.4 141.8 137 133.5 133.3 132.8 133 135.2 137 138.4 137 143.5 145.6 148 148.6 149.8 151.3 151.3 151.6 152 152 152 150.5 151.9 151 147.1
408.1 409.1 410.3 410.8 413.2 413.4 413.5 414.3 412.5 415.5 417.8 418.8 417.8 412 396.9 379.7 366.1 353.1 349.7 349.3 348.1 351.5 360.1 351 344 340.8 335.7 337.3 332.8 328.7 327 323 320.4 315.1 307.5 304.9 299.7 294.3 287.5 281.2 271 261.1 250.2 236.9 229.9 222.7 213.6 210.3 208.2 202.4 192.9 184.1 175.2 166.9 159.6 153.9 148.7 146.2 142.3 139.8 140.4 140.2 137.9 147.7 153.5 161 163.9 165.9 167.9 168 167.9 168.9 168.6 169.8 168.6 168.9 168 164.8
410.7 412.2 412.8 416.6 418.3 420.4 421.3 423.4 424.9 430.3 434.5 435 436.6 438.1 424.1 406.6 388.4 373.9 367.5 364 359.1 358.2 358.2 357.1 353.3 351.4 348.1 344.9 342.8 339.2 338.9 337 333.5 327 320.9 317.7 313 309.1 303.4 296.3 292.5 285.2 273.9 262.2 256.3 250.9 239.2 234.5 236.9 239.7 232.9 219.9 206 198.6 189.8 180.2 169.1 162.7 157.4 151.6 146 142.9 141.7 150.4 160.5 170 176.7 181.6 184.7 184.7 186 186.3 186.4 187.3 187.6 189.1 186.9 184.4
412.7 417.7 419 422.5 425.3 428.5 432 435.7 441 443.9 451.1 453.3 460.6 461.5 460.7 445.7 423 400.1 389.6 386.2 378.1 373.2 370.2 368.1 360.9 356.3 355.2 355.1 351.4 349.6 347.5 345.6 344.2 339.4 333.6 329.2 324.5 321.3 316.8 313.1 306.1 302.3 294.3 283.5 279.6 275.5 266.6 259.4 259 263.6 264.5 255 237.7 229.4 220.6 208 198.3 185.1 177 170 160.5 152.5 145.2 156.8 167 177.6 186.1 196.6 203.3 204.2 204.4 206.9 207 208.5 210.7 211.8 210.6 208.5
421 425 427.9 430.5 433 435.6 440.8 447 454 462.3 466.4 473.1 476.1 480.3 482.9 485.3 471.8 434.7 417.7 403.3 394.6 389.1 385.6 387.2 378.6 371 367.8 364.5 363.4 359 356.4 352.9 351.8 347.8 342 338.2 337.2 331.9 327.3 323.2 319.4 317.9 313.3 306.4 297.4 294.3 291.8 286.7 283.3 281.5 282.9 276.6 264.7 254.7 248.2 238.6 225.1 209.3 196.3 189.1 178.5 165.2 147.8 158.8 170.5 182.2 198.6 211.3 221.6 233.5 230.4 230.6 234.1 236.3 241.1 238.5 239.4 236.9
419.2 427.6 429.7 432 437.6 444.2 450.7 457.6 464.1 469.4 477 481.9 491.8 496.5 499.7 500.5 498.2 485.1 453.5 429.8 416.7 408.4 401.5 401.7 397.7 389.9 379.8 377.9 374.1 370.2 365.3 361.6 358.7 354.7 350.3 345.1 344.3 341.2 337.1 334 331.1 328.1 326.8 324.8 315.6 312.9 312.4 306.2 304.8 301.2 303.3 298.7 291.4 279.5 268.1 257.4 246.4 232.8 218.1 205.6 191.3 176.2 158 156.6 169.9 184.5 208.5 223.7 238.8 254.3 259.3 261.6 267.4 268.5 271.6 279.2 281.5 278.9
428 428.6 437.3 441.4 448.4 452.2 459.4 463.7 468.7 472.9 485 490.2 497.7 506.2 511.1 514.5 517.7 510.6 503 492.6 452.4 435.1 427 420.3 415.2 407.9 400.8 393 387.1 382.8 378 373.5 367 362.6 358 355.1 352.6 351.2 346.1 342.2 338.8 339.1 340.4 338.5 332 325.9 327.8 324.4 325.8 323.7 320.2 319.6 313.8 306.6 298.7 282.1 267.1 246.7 231.1 220.2 202.9 183.8 166 158.6 171.5 192 214 231.2 254.7 271.8 284.3 293.8 303.2 303.7 305.8 313.4 315.3 317.9
441.9 440.1 436.7 444.8 449.5 457.4 465 470.2 479 484.5 490.1 497.8 508.7 513.3 517.2 524 527.9 527 527.6 520.1 500.3 469.9 457.5 446.6 439.4 431.5 423.7 411.8 404.6 394.8 389 383 377.1 370.8 367.2 363.5 360.2 355.2 352.9 348.8 348.4 350.2 350.3 347.9 345.7 341.7 340.2 342.5 345.3 347.1 341.1 335.3 327.7 317.1 315.2 303.3 285 263.1 241.4 232.8 208.3 189.4 169.8 163.7 173.1 195.8 217.8 238 261.5 287 304.9 320.6 335.4 342.5 342.9 346.2 347.2 351.3
448.5 451.1 452.1 457.2 459.9 464.7 473.6 479.7 484.4 489.6 494.6 502.6 512.8 518.3 522.3 530.3 534.8 533.3 532.5 534.9 533.4 515.2 497.8 496.8 472.9 464.7 450.1 431.5 422.9 413.9 403.4 395.1 388.4 380.7 375.1 372.7 369.3 363.1 361.2 359.1 361.4 361.4 361.7 358.8 357.8 353.9 355 355.8 361.1 362.7 356.9 351.4 342.7 332.7 324.6 315 299.8 275.3 251.2 239.1 211.5 193.8 170.7 171.1 171.3 193.1 217.1 244.7 269.7 290.7 315 336 354.4 368.3 374.7 376.5 381.7 377.3
461.3 465.2 468.4 470.2 473 475.1 479.4 484 488.8 494.7 500.3 505.7 514.5 519.9 525.5 530.3 533.5 537 540.9 540.1 540.1 537.7 532.5 522.7 510.3 496.2 479.2 457.1 441.8 434 423.5 410.8 399.7 394.3 386.5 385 380.3 375 370 369.6 372.5 372.9 372 372.7 372.4 366.9 366.3 368.3 374.2 376.7 373 364.9 357.5 344.3 330.6 323.3 310.5 286.6 258.3 236.1 215.7 197.6 179.5 177.8 175.7 189.1 215.7 241.5 266.8 294.3 318.8 344.2 363.2 374.7 384 391.3 397.4 401.1
475.6 476.9 478.6 479.8 480.6 483.1 486.2 489.3 492.7 497.4 501.7 506.9 513.5 519.9 525.4 530.4 535.1 540.6 541.3 545.1 544.6 542 538.6 532.2 522 512 495.5 478.2 461.9 450.8 440.5 431 419.9 412.6 400.6 395.6 391.4 384.3 381.5 379.4 379.1 381 381.7 381.8 383.9 381.1 377.9 380.3 384.5 389.3 389.1 377.9 374 361 348 330.9 313.5 289.7 264.1 235.9 216.6 196 188.9 197.9 183 187.8 210.5 235 263.2 291.3 319.6 346.8 367.4 374.3 382.7 393.4 402.9 407.7
485.2 485.6 486.6 487.2 488 488.8 490.2 492.2 495.4 498.7 502.1 507.2 513 518.6 524.2 528.2 534.2 540.4 543.8 547.6 546.7 546.6 543.4 537.8 531.5 522.3 511.1 495.3 479.6 464.2 455.8 448.4 437.8 428.1 419.6 409.7 403 397.1 399.1 395.7 392.4 389.2 388.4 391.3 406.4 395.7 392.9 394 400.5 398.5 397.5 391.7 387.8 378.7 364.6 341.6 315.1 292.3 262 234.8 215.6 193.2 207.6 217.6 201.6 184.3 200.5 226.7 254.9 284.7 314.5 341.8 362.9 371.9 382.6 395.1 400.3 405.6
492 491.8 492.4 491.6 491.3 490.9 490.3 491.8 495 498.2 501.8 506.3 511.8 518.2 523.5 527.8 532.6 539.3 543.6 547.1 549.4 548.6 548.4 543.8 537.8 531.5 522.2 510.5 496.9 483.4 467.7 462.2 457.7 448.2 439.1 429 419.5 414.9 413.2 411.3 407.5 404.7 400.5 402.9 416.3 414.1 406.9 412.8 421.6 414.4 405.8 398.4 388.4 381.4 369.6 341.8 313.7 289 261.4 235.3 211.6 204.4 226.2 231.5 219.4 200.1 193.6 217 244.6 269.4 295.9 326 351.4 362.8 378.4 389.7 396.8 402.7
498.3 497.7 495.7 494.2 492.7 490.3 487.9 489.3 492.5 496.4 500.2 504.7 510.9 517 522.5 526.9 532.4 538.4 543.7 548.3 551 552 550 548.4 544.4 539.1 532.6 523.9 512.4 499.8 487.6 477 468.6 464.8 455.8 448.2 439.9 433.5 430.2 430.1 422.5 418.8 415.3 415.1 418.6 426 421.9 422.1 435.3 431.9 418.1 408 395.2 379.9 363 338.1 310.8 287 261.4 236.5 211.1 223.3 241.6 244.5 235 215.6 195.7 207.7 236.8 259.9 284.2 311.7 335.7 354.2 369.6 383.9 395 402.1
