ny/ny43_OST50GRID_20230518/NY43.asc
ncols 200
nrows 200
xllcorner 340000
yllcorner 530000
cellsize 50
[rows 35 to 69 of 200, columns 0 to 77 of 200]
205 202.5 200.1 198.2 198.6 197.9 196.6 195.4 194.6 193.7 192.8 186.1 187.7 191.2 190.5 189.5 188.1 186.6 185.2 185.9 185.3 184.3 183.5 182.5 181.6 180.8 180.3 179.9 179.2 178.1 175.3 178 182.6 185.7 188.7 189.8 188.1 186.6 185 184 183.4 183.7 184.5 185.3 185 185.2 185.5 185.7 185.5 184.5 185.2 185 184.6 184.2 183.8 183.4 183.8 183.7 183.4 182.8 181.9 181.2 181.2 181.2 181.1 180.6 180.2 180.2 180.9 180.9 180.7 180.7 180.7 180.3 180.3 180.2 180.9 181.5
206.1 203.5 198.1 201.3 200.4 200 198.4 197.1 196.3 195.3 193.6 183.2 192.7 192.7 191.7 190.5 189.7 188.4 187.6 187.3 186.9 185.9 185.1 184.3 182.6 182.1 181.7 181 180.6 179.6 178.2 178 181.9 184.8 187.9 189.4 189.5 188.4 186.8 185.3 184.5 184.8 185.2 186 186.3 186.4 186.3 186.5 186.5 185.6 185.7 185.8 185.8 184.7 184.5 184.4 184.2 183.9 183.6 183.1 182.2 181.4 181.2 181.3 181.3 180.7 180.3 180.2 180.9 181.2 181.2 181.3 181.1 180.6 180.6 180.7 181.4 181.7
207.5 200.6 204.8 203.5 202.4 201.6 200.1 198.8 197.9 196.7 188.8 191.1 194.8 194.8 193.9 192.7 191.6 190.9 190.2 189.5 188.8 187.7 186.9 186.1 184.2 183.8 183.1 182.2 181.7 181.4 179.2 176.1 182 183.9 186 189.7 191.2 190 188.3 186.8 185.6 185.6 186.3 187.1 187.5 187.2 187.1 187.3 187.7 186.5 186.6 186.6 186 185.2 184.9 184.7 184.4 184.1 183.7 183.3 182.8 182 181.7 181.5 181.4 180.9 180.6 180.3 180.8 181.2 181.3 181.4 181.4 180.9 180.9 181.4 181.8 182.2
206.2 208.6 206.9 205.5 204.5 203.3 201.9 200.7 199.4 196.3 190.7 195.8 196.8 196.9 196 194.8 193.6 192.9 192.3 191.7 191 189.9 188.7 187.9 186.6 185.5 184.5 183.4 182.6 181.7 179.9 178.1 177.5 183.5 186.2 190.2 191.9 191.4 189.8 188.3 186.8 186.7 187.4 188.5 189.2 188.6 188 188.1 188.3 187.2 187.1 187.5 186.3 185.7 185.3 185.1 184.5 184.1 183.8 183.4 183 182.6 182.3 182.1 182 181.4 181.1 180.7 180.8 181.2 181.5 181.6 182.1 181.6 181.5 181.9 182.3 182.7
207.1 210.1 208.8 207.6 206.5 205.1 203.7 202.4 201.2 192.1 198.1 197.6 198.4 198.3 197.6 196.5 195.5 194.8 194.2 193.6 192.9 191.8 190.4 189.6 188.6 187.5 186.4 185.3 184.1 182.4 180.7 179.9 179.2 182.3 185.7 189.1 192.3 192.7 191.3 189.7 188.1 187.8 188.3 189.2 190.3 190 189.1 188.5 188.3 187.6 187.4 188.6 187.8 186.6 185.9 185.1 184.5 184.2 184 183.5 183.1 182.9 182.8 182.7 182.6 182.2 181.6 181.1 181.2 181.4 181.7 182.1 182.6 182.7 182.1 182.4 182.8 183.1
213.2 211.9 210.6 209.6 208.5 207.2 205.9 204.5 200.2 196.8 200.8 200.4 199.5 199.7 199.2 198.3 197.4 196.8 196.2 195.4 194.8 193.6 192.3 191.2 190.4 189.5 188.5 187 185 183.5 182.1 181.5 180.7 181.4 185.3 188 191.1 193.5 192.6 191 189.4 189 189.4 189.9 190.8 191.3 190 189.2 188.6 188.6 188.4 188.9 189.1 188.1 186 185.3 184.5 184.2 184.3 183.8 183.4 183.2 183.1 183 182.9 182.7 182.2 182 181.8 182 182.4 183.1 183.5 183.6 183.1 183.2 183.4 183.5
215.4 214.6 212.5 211.1 210 209.1 208 206.6 197.5 203.2 203.1 202.1 201.5 201.1 200.6 200 199.4 198.8 198.2 197.4 196.6 195.4 194.1 192.9 191.9 191 189.9 188.6 186.5 185.1 183.7 182.9 182.1 181.4 184.1 187.2 190 193.2 193.3 192.3 191.1 190.1 190.3 190.6 191.6 192.6 191.7 190.1 190 189.8 189.6 189.3 189.3 188.8 187 185.9 185.1 184.5 184.5 184.1 183.7 183.5 183.4 183.3 183.2 183.1 182.8 182.6 182.5 182.7 183.1 183.8 184.3 184.5 184.2 184.1 184 184
217.4 216.3 213.8 212.3 212 210.6 209.9 205.8 202 206.3 205 203.9 203.2 202.6 202.3 201.6 201.1 200.8 200.2 199.3 198.4 197.2 195.8 194.3 193.4 192.6 191.5 190.6 187.6 187.3 185.3 183.9 183.5 182.9 181.6 186.5 188.9 192.1 194.1 193.2 192.4 191.6 191.2 191.5 192.4 193.6 193 190.9 190.6 190.6 189.8 189.7 189.8 189.4 188.2 187 186 185 184.6 184.3 184 183.9 183.7 183.6 183.5 183.4 183.3 183.1 183.1 183.3 183.8 184.4 185 185.6 185 184.7 184.6 184.6
218.9 217.8 215.2 214.7 214.2 213.1 211.6 204.5 209.4 208.4 206.9 205.6 205.2 205 204.1 203.4 202.8 202.5 202.3 201.3 200.2 199.2 197.8 196.5 195.3 194.2 193.3 191.8 189.3 189.5 187.2 185 184.8 184 183.6 186.2 188.1 190.7 193.5 193.9 193.1 192.2 192.1 192.4 193.2 194 194.2 192 190.7 190.7 190.4 190.1 190.3 190.6 189.7 188.3 187.4 185.8 185.3 184.8 184.5 184.3 184.2 184 183.9 183.9 183.7 183.7 183.8 184 184.2 184.9 185.6 185.9 185.7 185.3 185.2 185.3
220.4 219.7 217.4 217 216 215.5 212.8 206.3 212.5 210.6 208.8 207.2 207.2 207.2 205.7 205.2 204.7 204.5 204.3 203.3 202.4 201.6 200.1 198.5 197 195.6 194.8 192.7 192.5 192.2 190 186.5 185.7 184.8 184.7 184.9 187.2 189.2 192.1 193.4 193.5 193.1 193.2 193.5 193.9 194.6 195.1 193.3 191.5 191.1 191.4 191.4 191.1 191.5 190.8 189.6 188 186.6 186 185.4 185 184.8 184.7 184.7 184.7 184.4 184.4 184.4 184.4 184.6 184.8 185.2 185.8 185.8 185.8 185.8 185.7 185.7
221.9 220.6 219.3 218.3 218 217 211.5 213.7 215 213.3 210.9 210 209.7 208.9 207.7 207.2 206.6 206.9 206.4 205.2 204.3 203.5 202.6 199.9 198.2 197.6 195.3 194.9 194.1 194.5 192.3 188.7 187.1 185.8 185.6 185.6 186.7 188.8 191 192.7 192.9 193.7 193.8 194 194.5 195.7 195.4 194.4 192.7 192.4 192.6 192.7 191.7 192.1 192 191.1 189.6 187.6 186.6 186 185.5 185.4 185.3 185.3 185.2 185.1 185.2 185.1 185.1 185.2 185.4 185.3 185.9 185.9 185.9 186 186 185.8
222.5 221.8 221.1 219.8 219.7 218.7 210.6 217.6 217 215 214 213.2 212.4 211.8 210.3 208.8 208.4 208.6 208 207 206 205.1 204.5 202.2 200.1 198.1 197.2 196.3 195.8 197 194.2 190.5 188.4 186.8 186.7 186.6 186.9 188.1 189.7 191.7 193.9 193.7 194.3 194.5 195.3 195.8 195.5 195.3 193.8 192.5 193.2 193.9 192.9 192.5 193 192.8 190.7 189.2 187.7 186.9 186.4 186.1 186 185.9 185.9 185.9 186 185.9 185.8 185.9 185.8 185.7 185.8 185.8 186 186.2 186.2 185.8
225.4 224.3 223.3 222.5 221.6 219.5 213.1 219.4 218.8 218 216.3 214.7 213.9 214.2 213.3 211.9 210.6 210.5 210.5 208.8 207.4 206.8 206.4 204.6 201.7 199.4 198.8 198.1 198 198.2 195.4 193.2 189.2 188.2 188.1 187.5 187.4 187.4 188.7 191.3 193.9 194.4 194.7 195.3 196 195.9 195.6 195.1 194 192.8 193.9 194.4 194.1 193.3 194 193.6 192.8 191.2 189.5 188 187.4 186.9 186.8 186.7 186.7 186.7 186.8 186.6 186.4 186.5 186.2 186 185.8 185.6 185.7 186 186.2 186
226.9 226.2 225.5 224.7 223.3 221.3 216 221.8 221.6 220.9 219.2 217.8 216.7 216.1 215.1 213.3 212.7 212.5 212.5 211.6 210.1 208.5 207.9 205.6 202.5 201.7 200.1 199.5 199.3 199 198 193.7 190 191.3 189.4 188.3 188.3 188.2 188.6 191.4 193.6 194.8 195.3 195.8 196.4 196.5 196.1 196 194.7 194.6 194.9 195.1 195.5 194.7 194.4 194.8 194.1 193.1 191.3 189.2 188.6 187.7 187.4 187.5 187.7 187.7 187.5 187.2 186.9 186.9 186.9 186.4 186 185.7 185.6 186 186.3 186.2
228.8 228.3 227.4 226.3 225.1 223.6 217.9 224.1 224 223.3 221.5 220.4 219.4 218.3 217.5 215.9 214.2 213.7 213.5 212.8 211.3 210.3 210 207.7 206.6 203.1 202 201.3 200.9 200.8 200 194.7 191.9 194.8 192.4 190.5 189.6 189.3 189.6 191 192.9 194.9 195.8 196.5 197.7 197.4 197.1 196.7 195.9 195.7 195.9 196.4 197.1 196.3 195.2 195.5 195.5 195 193 190.9 188.9 188.5 188.1 188.7 188.8 188.5 188.1 187.6 187.2 187.1 187.4 187 186.2 185.3 184.8 186.2 186.4 186.2
230.4 230 229.2 228 226.8 225.4 219.7 225.6 226 225.9 224.6 222.8 221.6 220.5 219.6 218.6 216.2 215.1 214.8 214.2 213 211.7 210.8 210.4 207.5 205.2 203.8 203.7 203.2 202.2 201.6 197.7 192.3 197.4 196.4 193.1 191.1 190.4 189.9 190.9 192.8 194.6 196 196.9 197.9 198.2 198.1 197.9 197.2 196.9 196.8 197 198 197.9 196.8 196.1 196.8 196.1 194.8 192.7 189.7 190.4 190.4 190.6 190 189.3 189 188.6 188.2 188.2 188.1 187.8 187 185.6 184.7 185.2 186.5 186.3
232.2 231.6 230.8 229.7 228.5 227 221.4 227.8 228.1 228.3 227.5 226.2 224.6 223 222.2 221.4 219 216.7 216.4 215.9 214.7 213.4 211.4 211.4 209.7 207.7 205.7 204.5 204 203.5 203.5 201.1 195.6 198.3 199.2 195.6 192.9 191.7 191.1 190.8 192.3 194.3 196.2 197.4 198.6 199.5 199.5 199.2 198.7 197.6 197.5 197.6 198.7 199.7 198.6 197.4 197.4 196.7 195.3 191.6 192.1 192.5 192.6 191.6 190.7 190.5 190.1 189.7 189.3 189.1 188.8 188.5 187.7 186.6 185.3 185.1 186.6 186.5
233.9 232.9 232 231.1 230.1 228.4 222.8 229.8 230.4 230.7 230 228.9 227.7 225.7 224.6 223.7 221.5 219 218.3 217.6 215.9 214.2 213.4 212.6 212.1 210.2 207.7 206 205 205.2 204.5 203.8 196.8 200.4 201.4 198.5 195.8 194.2 192.8 192.3 192.2 193.1 195.9 197.7 199.2 200.4 200.4 200.3 200.2 199.4 198.8 198.5 199 200.2 200.5 199 197.9 197.1 196.5 191.6 194.8 194.6 194.1 193.5 192.3 191.7 191.3 190.9 190.5 190 189.7 189.4 189.1 188 186.6 185.4 186.3 186.7
235.3 234.4 233.5 232.7 231.8 230.3 226.4 231.2 232.3 232.6 232.1 231.4 230.1 228.5 226.3 225.7 224 221.3 219.9 219.1 217.9 216 215.6 215 213.5 211.8 210 208 206.8 206.1 206.1 205.7 201.8 199.4 204.6 202 199.8 196.9 194.9 193.9 193.6 193.4 196 198 198.8 200.9 201.1 200.9 200.9 200.9 200.1 198.4 199.1 201 202 200.5 198.8 198.4 198.2 194.2 197.5 197 196 195.3 194.5 193.4 192.6 192.1 191.3 190.8 190.6 190.2 190.2 189.2 187.8 186.6 185.9 186.5
237.1 236.5 236 235.2 233.9 232.5 231.3 231.2 233.7 234.9 234.5 233.8 232.5 230.9 228.9 227.8 226.4 224.3 221.7 220.8 219.7 217.8 217.4 217 216.1 214.3 212.2 210.3 208.5 208.1 207.4 207 205.5 199.1 206 204.8 201.8 199.6 197.7 195.5 194.9 194.4 195.3 198.9 199.7 199.9 200.8 201.2 201.6 201.8 200.9 199.6 199.7 201.6 202.7 202.3 200.6 199.6 196.9 197.4 199.3 199.4 198.2 197.4 196.4 195.2 193.8 192.7 192.1 191.4 190.8 190.6 190.5 190.6 189.3 188.2 187.2 186.3
237.7 239.2 238.4 237.5 235.9 234.5 233.5 231.2 235.1 236.5 236.8 236 234.8 233.3 231.5 229.9 229.1 226.9 224 222.9 221.4 219.9 219.5 218.9 218.1 216.4 214.5 212.2 210.1 209.2 208.5 207.8 207 202.1 206.3 208 205.1 202.5 199.9 197.6 196.6 195.7 196 198 200.8 200.5 201.2 201.6 202 202.2 201.5 200.7 200.9 201.7 202.7 204.5 202.9 200.2 196.1 198 201.1 201.6 200.7 200.2 198.7 197 195.7 194.1 192.4 191.6 191.4 191.1 190.7 191.3 190.7 189.6 188.1 186.7
240 240.9 240.6 239.5 237.7 236.2 235.3 231.5 236.5 238.1 238.3 238.1 237 235.9 234.1 232.8 231.6 229.7 226.6 225 223.5 222.3 221.4 220.6 219.7 218.3 216.9 214.4 211.8 210.5 209.6 209.3 208.8 206.3 204.4 209.5 208.6 205.9 203.2 200.8 198.6 197.4 196.8 197 199.6 201.3 201.7 202.1 202.7 202.6 202 201.5 201.2 201.9 203.5 205.2 205 201.5 195.6 197.9 200.9 203.3 203.1 202.1 200.8 198.7 196.7 194.4 192.7 191.9 191.3 191.8 191.3 191.5 191.8 190.3 188.6 186.9
240.6 242.5 242.4 241.8 240.1 238.1 236 232.1 238 239.6 240 240.1 238.9 237.7 236.6 235.2 234 232.3 229.1 226.7 225.7 224.5 223.6 222.8 221.4 220.1 218.8 216.7 213.9 212.4 211.4 210.4 209.3 209.6 203.1 209.9 210.9 208.9 206.3 203.7 201.4 199.8 198.4 197.7 199.4 202 202.1 202.3 203.2 203 203.5 202.5 201.5 201.8 203.6 205.9 206.3 204 197.4 198.6 201.1 204.4 204.5 203.1 202.7 200.5 198.2 195.8 193.6 192.8 192 192.4 192.5 191.6 192 191.2 189.3 187.4
241 244.3 244.1 243.5 242.4 240.3 238 234.8 238.3 240.9 241.5 241.5 240.3 239.2 238.4 237.4 236 234.8 231.7 228.6 227.9 226.8 225.9 224.5 223.1 221.8 220.7 218.7 215.8 214 212.4 211.3 210.4 211.3 204.9 208.9 212.9 211.7 209.2 206.2 203.6 201.9 200.2 199.1 198.4 201.3 202 202.3 203.1 203.1 204 203.7 202.7 202.5 203.3 204.6 206.2 205.8 203.3 199.3 201.9 203.9 205.5 204.7 203.3 201.9 199.6 197.2 195.1 193.6 192.5 193.1 193.6 192.8 192.1 192 190.2 188.2
243.7 245.2 245.6 245.1 244.7 242.5 239.8 238.5 236.9 242 242.6 242.8 241.6 241.2 240.5 239.7 238.3 237.1 232.9 231.9 230.7 229.4 227.9 226 224.5 223.3 222.3 220.1 218.3 215.4 213.7 212.5 211.5 209.7 209.1 206.9 213.2 214.3 211.7 208.5 205.6 203.9 202.2 200.9 200 199.7 201.8 201.4 202.2 203.8 204.2 204.4 204.4 203.7 204.1 204.5 204.6 205.2 204.5 199.1 201.5 203.6 205.7 205.7 204.9 204 201.9 198.8 196.6 194.9 194.1 193.4 193.7 193.6 193.1 192.5 191.3 189.4
246.6 245.6 247.1 247.1 246.6 243.6 239.9 241 242.4 241.4 243.7 244 243.9 243.6 242.8 242.1 240.7 239 236.3 234.9 233.1 232 230.3 228.3 225.9 224.8 223.8 222.4 220 217.4 215.1 213.4 212 210 211.6 208.4 211.7 216.1 214.5 211.7 208.7 205.9 204.6 203 201.3 200.1 201 200.6 202.2 203.8 204.4 204.6 204.7 204.7 204.7 204.8 204.4 205.4 205.1 204.1 200.6 202.6 205.1 206 206.3 205 203.4 200.5 198.1 196.4 195.6 194.5 193.6 193.3 193.2 192.9 192.3 190.9
248.2 246.7 248.6 248.8 248 244.4 243.7 243.7 244.5 240.8 245.3 245.6 246 245.1 244.7 244.4 243.1 239.6 240.5 237.6 235.8 234.6 233.5 230.9 228.1 226.9 225.4 223.8 221.5 218.7 216.5 214.3 212.9 212 212.4 211.6 210.2 215.9 216.5 214.5 211.6 208.6 207.1 204.9 202.9 201.3 200.7 200.5 201.5 203.2 204.6 205.2 205.6 205.7 205.1 205 204.9 205.4 206.5 206 202.7 203.4 204.6 206.7 207.2 205.8 204.1 201.8 199.3 197.6 196.5 195.1 194.1 193.2 192.9 192.6 192 190.8
250.2 248.7 250.3 250.5 249.4 245.7 246.7 245.7 246.1 244.6 246.4 247.3 248 247.3 246.7 246.4 245.1 242.9 242 241.3 238.5 237.4 236 233.6 230.3 228.7 227 225.3 222.9 220.4 218.2 215.8 214.3 213.5 212.8 212.1 211 215.1 218.4 217.3 214.4 211.7 210 207.8 204.8 202.8 201.3 200.9 201.4 203.2 205.1 206 206.4 206.7 206.4 206.2 205.6 206 207 206.9 205.1 203.8 204 206 208.2 206.4 205.6 202.9 200.6 198.6 197.3 196.2 194.7 193.6 192.7 192.1 191.7 191.4
252.1 251.1 251.6 252.2 251.2 249.9 249.6 248.2 247.8 247.7 246.4 249 249.8 249.6 248.7 248.5 246.7 246.3 245.1 244.3 241.7 240.2 238.8 236.2 232.7 230.3 228.5 226.6 224.8 222.2 219.7 217.2 215.8 214.8 214.2 214.1 212.6 213.8 218.8 219.9 217.4 214.5 213.1 211 208.2 204.9 203.6 202.1 201.9 202.8 205.3 206.5 207 207.4 207.4 207.2 206.6 206.9 207.5 207.7 206.7 205.2 204.3 204.6 206.9 206.7 205 204.1 202.1 200.2 198.6 197.3 195.7 194.5 193.3 192.3 191.8 191.5
254.6 253.4 253.6 253.5 251.6 252.3 252 250.9 250.1 250.7 247 250.8 251.9 252 250.7 249.7 248.3 249.1 248 246.9 245 243.3 241.4 239.2 235 232.8 229.7 227.3 225.9 223.8 221.5 219.3 217.6 216 215.7 215.1 213.7 213.1 217.9 220.9 220.2 217.3 215.4 213.7 210.3 207.3 205.8 204 203.1 203.4 205.5 206.7 207.2 207.9 208.2 208 207.7 207.6 207.6 207.6 207.5 206 204.4 204 206 206.4 205.3 204.4 203.5 201.5 200.2 198.5 197.4 196.3 194.9 193.1 191.7 191
257.3 255.1 254.7 255.9 254.6 254.8 255.3 254 252.4 253.2 252 251.4 253.9 254.2 253.1 252.6 251.2 251.2 250.5 249.9 248.3 246.1 244.2 242.2 238.8 234.7 231.5 228.9 226.7 225.4 223.4 221.7 219.9 218.3 217 216 215.6 214.3 216.3 221.7 222.4 220.4 217.6 214.9 212.2 209.9 207.9 205.6 204.5 204.6 205.3 206.6 207.2 208 208.9 208.4 207.8 207.5 207.5 207.5 207.4 206.3 203.7 204 204.7 205.7 205.9 205.1 204.4 203.2 201.4 199.9 198.5 197.2 196.1 194.2 192.3 191.5
258.7 257 256.1 258.2 255.9 257.3 257.1 257.1 255.5 255.7 255.1 252.8 255.9 256.3 255.7 254.8 253.6 252.4 252.7 251.8 250.7 248.9 246.4 245 241.6 237.2 233.8 231.6 229.1 227.1 225.2 223.6 221.3 220.7 219.2 218.3 217.5 216.3 215.8 220.6 223.8 223.2 220.4 218.1 215.8 213.6 210.6 208.1 205.9 205.6 205.5 207.1 208.1 208.8 208.8 208.4 207.8 207.4 207.4 207.1 207 206.4 205 204 204.4 205.3 206.3 205.6 204.7 204.2 202.4 200.9 199.5 197.9 196.4 194.7 192.7 191.8
261.1 259.3 258.3 259.8 258 258.8 261 260 259.2 258.2 257.8 252.3 257.6 258.4 258.3 256.8 255.2 253.6 254.6 253.6 252.2 250.8 249.2 248.6 246.1 239.8 236.6 234 231.3 228.8 226.7 224.8 223.4 222.7 221.1 221 219.3 218.5 218 218.7 224.5 226 223.2 220.9 220.1 217.6 214.6 210.2 207.5 206.7 206.5 207.3 208.5 208.5 208.6 208.4 207.9 207.4 207.2 206.7 206.4 205.5 205.8 204.3 204.1 204.9 205.6 205.4 204.7 204.8 203.5 202.3 201.1 199.3 197.5 195.9 194.1 192.9
263.3 261.1 259.8 261.5 260.2 261.2 263.9 264.1 263.2 261.8 260.4 258.4 258.7 260.2 260.2 259.1 257.4 255.4 256.1 256.1 254.3 253.1 252.3 251.8 248.3 244.3 240.1 236.8 233.9 231 229 227.2 226.1 224.4 224.1 224.7 222.4 221.3 220.4 219 223.2 226.6 225.5 224.3 223.6 221 217.8 213.3 210.2 208.3 207.6 207.5 208.3 208.9 208.6 208.5 208 207.5 207 206.6 206.1 205.9 206.2 205.3 203.6 204.1 204.4 204.5 204.7 204.9 204.6 204 202.4 200.5 198.8 197.3 195.6 193.9
265.2 263 261.4 262.8 261.8 262.3 265.9 266.8 266.2 264.1 262.3 261.3 258.3 262.4 262.5 261.6 259.3 257.4 256.8 257.8 256.6 255.8 255.7 253.8 252.1 248.8 243.2 239.8 236.9 234.4 231.9 229.7 228.3 227.5 227 227.6 225.8 224.4 222.4 220.8 220.9 227.3 227.9 226.2 226.9 224.4 220.6 216.9 213.5 210.5 209.2 209 208.8 209.4 209 208.6 208.2 207.7 207.2 206.7 206.1 205.9 205.6 205.6 204.7 204 203.9 204.2 204.5 204.5 205.1 204.9 204 201.9 200.7 199.5 197.5 195.4
