ny/ny43_OST50GRID_20230518/NY43.asc
ncols 200
nrows 200
xllcorner 340000
yllcorner 530000
cellsize 50
[rows 35 to 69 of 200, columns 78 to 155 of 200]
181.9 181.7 180.6 181.1 180.3 179.6 177.6 177.4 175.9 174.8 173.6 172.1 169.6 167.2 169.3 171.8 174.5 176.8 177.9 178.4 179.5 181.2 183.4 186.5 189 189.1 189.6 189 188.2 188.3 188.7 187.9 185.7 181.8 179.9 176.4 174.2 172.4 170.6 170.2 170.7 171 170.6 169.4 170.1 169.2 169.1 170.4 173.4 175 176 177.5 178.6 179.9 178.7 175.8 172.8 169.7 167.7 167.8 168.8 169.5 170.1 169.8 169 167.1 165 162.8 162.1 159.6 158.6 158.4 158.7 158 155.3 154.4 154 151.4
181.9 182 181.5 182.8 182.7 181.5 179.2 178.8 177.3 175.7 174.4 173.1 171.4 168.1 168.4 171.3 174.3 176.9 178.2 179.2 181 181.7 183.8 186.4 189.6 190.5 191.4 190.6 189.4 190.2 191.3 190.7 189.4 185.8 182.3 180.2 176.8 175.1 173 172.1 172.1 171.2 171.6 170.6 170.1 169.6 169 169.7 172 174.4 175.2 175.9 176.6 177 176.7 174 171.4 168.9 166.6 165 163.5 163.3 164.1 166 165.6 162.2 160.3 159.7 159.5 156.8 155.3 156.7 158.1 157.7 156.7 153.2 151.4 150.9
182.5 182.6 182.6 182.9 183.5 182.3 180.9 180.6 178.8 177 175 173.6 172.3 170.8 167.6 171.3 174.5 176.7 178.5 179.5 182 182.9 183.4 185.7 189.4 191.1 191.9 192.1 190.8 191.5 192.1 193 192 190 186.8 183.8 181.1 178.2 175.2 173.8 173.6 172.6 172.7 171.9 170.6 170.2 170 169.7 170.6 173.3 174.5 174.9 175.2 174.7 173.7 172.3 170.2 167.6 166.3 164 162.4 160.8 158.6 158.9 159.8 157.8 156 155.7 155.6 153.6 150.9 151.8 154.1 156.8 157.5 155.4 153.1 150.9
182.9 183 183.1 183.3 183.5 183.4 182.9 182.9 180.5 178.6 176.3 174.7 173.7 171.9 169 169.7 174.4 176.6 178.4 179.9 181.5 183 183.5 185.2 190.2 191.5 192.2 193 192 192 193 194.2 194.7 192.8 190.8 187.3 184.7 182.6 179.8 175.8 174.9 174.6 173.1 173.4 171.3 171.1 171.2 170 170.1 171.7 174.4 174 172.9 172.2 171.1 169.9 168.7 166 164.6 163.1 161.8 160.2 159 156.7 154.4 153.9 153.9 152.3 153 151.8 149 147.9 150.5 155.8 157.2 156.8 155.8 153.1
183.3 183.4 183.5 183.6 183.5 184 184.4 183.8 182.8 180.8 177.6 175.3 175.1 173.4 171.2 168.8 173.2 176 178.3 180.1 181.3 182.8 184.1 186 189.7 191.6 191.6 193.6 194 193.1 193.5 194.9 195.6 195.6 194 192 188.4 185.8 183.2 179.2 176.1 176.5 175.4 174.6 173.2 171.6 172.5 171.2 170.1 170.3 172.9 173.7 172.7 171.2 170 168.9 166.4 164.9 163.3 162.3 161.1 159.7 159.4 157.3 155.3 153.3 151.9 149.9 149.8 148.4 146.4 145.6 148 153 157.2 158.4 157.8 155
183.6 183.7 183.9 183.8 183.8 184.2 184.2 184.3 184.3 182.9 179.6 176.7 175.8 174.2 172.3 169.6 171.7 175.4 177.8 180.2 181.9 183.4 185 186.7 190 191.4 191 193.3 194.5 194.7 194.1 195.5 196.9 197.3 196.3 194.6 191.8 188.7 186 181.6 178.3 177.6 177.3 175.8 174.9 173.2 173.1 172.2 171.1 170.1 171.4 173.8 172.3 170.2 169.1 167.7 164.8 163.1 161.9 160.7 160.6 159.2 158.6 157.4 156.2 153.9 151.4 150 148.8 146.6 145.3 144.5 144.7 148.7 152.7 155.7 157.4 156.5
184 184.1 184.3 184.2 184.3 184.5 184.9 185.2 185.8 184.8 181.6 178.7 176.9 175.4 173.5 171 170.3 174.8 178 180.8 183.2 184.5 186 188.6 191 191.8 190.8 192.9 194.9 195.6 194.5 195.6 196.9 198 197.5 196.1 194.3 191.6 187.1 183.9 182 178.2 178.2 176.9 176.3 174.9 173.7 173 171.1 170.4 169 172 171.9 168.9 167.7 166.2 164 161.7 160.2 159.1 159.2 158.5 157.7 157.4 155.7 154.4 152.1 151.5 148.4 146.9 144.1 142.7 141.8 141.5 145.6 151.1 153.6 155.7
184.7 184.8 184.7 184.2 184.3 184.6 184.9 185.9 186.1 185.5 182.6 180 178 176.3 174.5 172 169.8 173.8 177.5 180.6 183.1 184 185 189.3 192.3 192.4 191.5 192.1 194.2 196.1 195.2 195.4 196.9 198 198.2 197.1 195.8 193.5 190.6 186.7 184.6 180.8 179 178.4 176.9 176.7 175.4 173.9 172.4 170.8 169.3 169.2 171.1 168.3 165.8 164.6 163.1 161.3 160 158.8 158 157.4 156.9 156.6 155.1 154.2 153 151.5 149 147.7 143.5 141.6 141.1 140.4 140.2 143.4 148.3 152
185.5 185.6 185.3 184.8 185 185 185 185.8 186.2 186.1 183.8 181.2 178.6 176.5 174.9 172.8 169.4 173 176.1 178.6 181.4 183.4 185.4 188.6 193.1 193.8 192.9 192.4 194.1 195.8 196 195.2 196.8 197.8 197.8 197.6 196.7 194.8 191.5 189 186 182.5 179.1 178.7 177.4 177.4 177.1 175.1 173.2 171.4 170.2 168.3 169.2 167.4 164 163.7 162.9 161 159.9 158.6 157.2 156.7 156.2 155.1 154.1 153 153.1 151.4 149.7 147.7 143.6 142.4 141.5 140.7 139.9 140.1 142.9 148
185.8 185.8 185.7 185.4 185.4 185.3 185.2 185.7 186.1 185.9 185.7 183.1 180.3 176.9 174.9 173.7 170.7 171.8 175.2 177.4 179.8 184.4 187.4 188.4 193.9 194.9 194.3 192.9 193.7 195.8 196.4 195.3 196.5 197.7 197.6 197.4 196.8 194.8 192.6 190.5 187.2 183 179.9 178.8 178.1 177.5 178.2 176.2 173.6 172.1 170.4 168.5 167.2 165.6 163.6 163 162.1 160.7 159.6 158.6 157.1 156 155.5 154.8 153.5 152.3 152.9 152.2 150.3 146.8 142.5 142.3 142.4 141.1 140.4 139.6 140.1 143.4
185.9 185.9 186 185.9 185.8 185.5 185.3 185.4 185.7 186.1 186.5 185.5 181.9 178.7 176.2 173.8 171.7 171.3 173.6 176.9 180.5 184.9 186.8 188.3 193.6 196.3 196.1 194.4 194.7 195.9 196.3 195.8 195.7 197 197.8 197 195.9 195.1 193.3 190.8 188 184.4 181.4 179.3 178.7 178 178.5 177.1 174.5 172.8 171.2 168.7 166.2 165.4 163.5 161.3 160.8 160.3 158.9 158.3 157.1 155.3 154.7 154.4 153.1 151.6 153.8 154.8 149.5 144 142.9 143 143.1 141.5 140.7 139.9 139.7 140.2
185.9 186.2 186 185.9 185.8 185.5 184.9 185 185.2 185.8 187.2 186 183.1 180 177.6 175.3 173.1 171.3 172.6 175.2 179.3 183.9 186.1 188.4 192.3 196.5 197.5 196.1 194.9 195.8 196.5 195.6 195.3 196.4 197.4 196.4 194.8 193.3 192.4 190.4 188 185.3 182.3 180.1 179.2 178.7 178.4 178 175.8 173.5 171.8 169.2 166 163.8 162.2 160.8 160.5 159.6 158.2 157.9 156.7 154.7 154 153.7 151.7 150.2 152 154.3 147.8 144.2 143.6 143.7 144.1 142.3 140.9 139.9 139 139.1
185.9 186.1 186.1 186 185.7 185.5 184.9 184.4 184.5 184.9 186.3 185.6 183.5 181 178.6 176.3 174.1 172 171.8 174.6 178.7 183.3 185.3 187 189.2 194 198.3 197.8 196.6 196.1 196.8 195.6 194.9 195.8 196.6 196.1 194.1 191.4 190.2 189.2 187.4 185.3 182.9 180.5 179.5 178.9 178.5 178.2 176.7 174.2 172.2 168.3 167.4 164.9 162.7 160.8 159.9 158.9 157.6 157.1 155.8 154.2 153.9 152.2 150.8 147.3 147.7 149.8 146.7 143.9 143.5 144 145 143.6 142.1 139.6 137.7 138
186 186 186 185.9 185.7 185.4 184.9 183.7 183.4 183.5 184.8 185.6 184.2 181.8 179.3 176.9 174.8 173.2 171.7 174.2 178 181.6 184.6 186.5 191.1 193.3 195.7 198.7 198 197.1 197.1 195.9 194.4 194.8 195.8 195.7 193.6 191.6 189 188 186.8 185.4 183 180.8 179.8 179 178.6 178.1 177.3 175.2 172.9 171.7 169.6 166 163.4 160.4 159 158.1 157.3 156.6 155.8 154.1 153.1 151.2 146.7 145.9 145.6 145.7 144.6 143.8 143.7 146.7 146.8 144.5 143.6 140.6 138.3 136.8
186.1 186 185.8 185.8 185.6 185.4 184.8 183.4 182.9 183.2 183.1 184.6 184.8 183 179.9 177.4 175.4 173.8 172.4 174.2 177.9 180.4 182.6 185.9 191.2 195 197.3 198.1 199.5 198.4 197.4 195.9 194.4 193.8 194.8 195.1 193.3 191.2 189.2 187.7 187.1 185.4 182.9 181.1 179.8 179.1 178.4 177.7 176.9 175.8 173.9 173.6 171.7 168 165.1 161.9 158.5 156.8 156.7 156.6 155.5 154.1 152.8 149.1 145.9 145.8 146.1 144.6 144.5 144.4 146.4 147.9 147.5 145.7 144.8 142.9 139.6 137.8
186.1 186 185.9 185.8 185.7 186.1 185.1 183.4 182.6 182.6 182.1 183.1 183.9 183.2 180.2 177.9 176.3 174.4 173.5 174.7 178.2 180.8 182 184.5 189.5 194.5 199.4 197.9 198.6 198.1 197.5 196.3 194.4 192.8 193.2 194.1 192.7 190.8 189 187.9 186.6 185.5 182.5 180.9 179.9 179.1 178.4 178 177.5 176.3 174 174.2 173.3 170 166.6 163.2 159.8 156.6 156.2 156.5 155.2 154.4 151.5 147.2 146.9 149.7 149.1 148.8 148.2 147 146.6 147.9 147.9 147.8 146.1 144.1 140.7 138.9
186.3 186 185.9 185.8 185.7 185.7 185.2 183.7 182.6 181.9 181.4 181.5 181.9 182 179.9 177.3 175.6 173.8 174.9 176.6 177.8 180 181 182.9 186.9 191.8 198.8 201.6 199.6 196 195.8 196 193.9 192.1 192.1 193 192.8 191.1 189.5 188.5 187.6 186.6 182.4 180.8 179.8 179 178.3 177.6 177.1 176.4 174.6 174.4 173.4 171.8 169.1 165.2 161.4 158.7 156.1 155.7 154.9 152.4 149.6 147 149.1 150.7 150.2 149.4 149.3 148.2 147.5 148.4 149.2 149.6 147.6 145 142.3 138.6
186.5 186 185.8 185.8 185.7 185.7 185.8 184.5 182.9 181.5 180.6 180 180.1 180.1 178.2 175.8 174.6 174.2 174.7 177 177.5 179.5 180.5 181.6 184.4 189.4 195.4 201.7 203.3 199.4 195.4 195.7 193.7 191.8 191.2 191.6 192.2 191.2 189.5 188.5 187.4 186.6 183.6 180.8 179.5 178.9 178.3 177.5 176.8 176.2 175.2 174.2 174.2 172.8 170.5 166.9 163.1 160.3 157.2 154.3 152.3 149.6 148.2 147.5 151.3 151.2 150.5 149.9 149.9 150 148.7 149.2 149.8 150.9 149.2 146.3 144.8 140.7
186.7 186 185.7 185.7 185.7 185.8 185.8 185 183.3 181.7 180.9 179.8 179 178.2 176.4 174.9 174.6 174.9 175.5 176.1 177.1 179.3 180.5 180.9 182.5 186.2 191.7 198.3 202.6 202.5 197 195.2 193.2 191 190.6 190.7 190.5 191.1 189.7 188.2 187.1 186.5 185.8 182.5 180.2 178.9 178.2 177.5 176.8 175.8 175 174.1 173.8 172.7 170.8 168.9 166.2 162.6 159.1 155.9 153.4 149.7 148.1 152.3 152.5 151.5 150.9 150.2 149.4 149.8 148.3 149.6 150.1 150.6 150.3 148.1 146.4 144.2
186.3 185.9 185.5 185.5 185.6 185.7 185.5 184.7 183.9 182.2 181.1 180.4 179.2 177.1 175.8 175.1 175.1 175.5 176.1 176 177 179.2 179.6 181 182.5 183.6 187.8 194.3 197.9 201.3 201.3 197.2 193.3 189.3 188.6 188.3 189 189.7 189.3 187.8 187.3 187.1 186 184.5 181.6 179.4 178.3 177.6 176.9 175.7 174.7 174.1 173.6 172.7 172.3 170.5 167.9 164.9 161.5 158.1 156.4 150 148.2 152.8 152.3 151.7 151 150.4 149.3 148.9 148.7 149.7 151.1 151.1 151.3 150.6 148.6 146.7
186.4 186 185.5 185.2 185.3 185.4 185.1 184.8 184.2 183.1 181.9 180.8 179.1 176.7 176 175.4 175.2 175.8 176.4 176.7 176.4 178.1 179.2 181 181.9 182.9 185.9 191 193.7 198 200.6 197.8 194.7 189.3 187 186.1 186.7 188 188.7 187.8 187 186.9 186.6 185.2 182.2 179.6 178.6 177.8 176.9 175.8 174.5 174 173.6 172.9 172.6 171.2 169 167.2 164.8 160.7 157.2 149.8 148.7 152.9 152.8 152.3 151.5 150.7 149.6 149.3 148.6 149.8 151.4 151.4 152.5 152.5 151 148.9
186.7 186.3 185.8 185.4 185.2 185 184.9 184.7 184.2 183.6 182.1 180.9 179 177.7 176.5 175.7 175 175.9 176.6 177.2 176.2 178.1 179.6 180.4 181.2 182.3 183.7 188.3 191.4 194.3 198.5 197.9 195.5 191.2 186.8 184.2 184.5 185.6 186.9 187.3 186.7 186.8 187 185.9 184 181.1 179 178.3 177.3 175.7 174.6 174.1 174.2 173.4 172.8 171.7 169.6 168.4 167.2 163.8 158 150 149.2 153.3 153.5 153 152.2 151.1 150.3 150.2 149.8 148.8 150.5 152.2 153.6 153.7 153 150.6
186.7 186.7 186.1 185.7 185.3 185 184.7 184.6 184.1 183.7 182.6 181.2 179.8 178.6 177.4 176.1 175.2 175.3 176.1 176.8 176.5 176.9 178.8 178.9 180.4 179.9 181.1 185.8 188.3 192.1 195.6 196.4 195.5 190.7 186.2 182.5 182 183.3 185.3 186.2 186.4 186.1 186.5 185.5 184.5 181.9 179.7 179 178.2 176.6 175 174.4 174.1 173.7 172.8 171.5 169.9 168.4 166.1 163.7 156.7 149.7 152.3 155.2 155.1 154.3 153.2 150.9 150.7 150.8 150.8 149.8 149.7 151.8 153.8 154.8 154.5 152.9
187 186.9 186.6 186 185.5 185 184.6 184.5 184.4 184.1 183.1 182 180.7 179.5 178.2 176.8 175.5 174.8 175.4 176 175.9 175.3 176.9 178.3 178.6 178.7 180.8 183 184.4 187.8 191.8 192.4 192.9 190.4 185.7 181.9 180.4 181.1 182.1 183.8 184.7 185.2 185.8 185.5 185.1 183.2 181.2 179.8 179 177.9 176 174.5 174.1 173.7 173.2 171.8 170.3 168.9 166.9 163 154.3 149.8 157 156.5 155.3 154 153.3 152.8 151.8 152.2 152.2 151.3 149.8 150.4 152 154.2 155.5 154.6
187.9 187.6 186.8 186.1 185.5 185 184.6 184.7 184.6 184.3 183.7 182.8 181.6 180.3 179 177.7 176.4 175.7 175.5 175.5 175.5 175.4 176.3 177.2 177.4 178.9 179.7 180.7 180.8 182.2 186.2 187.7 187.9 188.1 183.7 181.9 179.8 178.5 178.6 180.6 182.7 184.2 185.3 185.1 184.3 183.2 181.7 180.4 179.8 178.5 176.9 175.2 174.6 174.1 173.2 172.1 170.8 169.5 168.3 164.3 154.7 150.3 157.2 158.1 155.1 153.8 153.4 153.1 152.4 152.6 152.3 151.6 150.3 150.2 151.4 153.7 156.4 156.1
189 187.8 187 186.3 185.8 185.1 184.8 184.9 184.8 184.6 184.6 183.6 182.2 180.7 179.6 178.3 177.3 176.2 176 175.6 175.5 175.4 175.2 175.6 177.9 178.7 179 179.7 179.7 180.2 180.3 181.6 182 182.3 181.4 179.7 178.6 177.2 175.8 177.5 180 182.8 184.4 184.5 184.3 183.6 183.1 181.2 180.5 179.6 177.8 176.1 175 174.4 173.6 172.9 171.9 170.6 169.3 164 155.5 150.9 155.9 159.5 157.2 154.1 153.8 153.4 153.1 152.7 152.4 152.4 151.4 150.5 151.2 152.8 155.8 157
189.2 187.6 186.7 186.5 186.1 185.6 185.2 185 184.8 184.8 184.7 184.1 182.6 181.1 179.9 179 178.2 176.9 176.3 175.8 175.5 175.3 175.1 175 178 178.2 178 178.7 179.5 180.4 179.7 179.1 178.2 177.7 177.1 177.5 176.5 175.3 174.9 175.1 177.1 180 182.9 184 184.2 184.1 183.8 182.3 181.5 180.8 179.3 177.2 175.7 175.2 174.5 173.7 172.4 171.2 168.2 162.9 155.4 152.4 155.9 161.3 159.4 155.8 154.1 153.7 153.6 153.4 153.3 153.6 153.4 151.3 151.6 152.8 155.4 157.5
189.3 187.7 187.3 186.5 186.3 186 185.5 185 184.8 184.7 184.6 183.9 183 181.5 180.3 179.3 178.7 177.4 176.2 175.7 175.5 175.3 175 174.8 175 176.1 177.1 178.3 179.1 180.2 181.1 180.5 179.5 177.3 176.4 174.7 173.7 173.6 173.7 174.1 174.8 177.2 180.4 183.2 183.6 184.3 184 183.6 183.1 182 180.6 178.2 177.2 176.2 175.5 174.1 172.7 170.4 167.2 162.6 155.9 154.1 157.3 161.3 161.2 158 155.1 154.3 154.2 154.1 154.4 154.7 154.4 153.6 152.8 152.7 153 156
189.9 189.1 188 186.5 186.6 186.3 185.8 185.3 184.9 184.7 184.4 183.8 183.1 181.7 180.7 179.7 179.2 178.2 176.9 176 175.6 175.2 174.9 174.7 174.5 174.5 176.2 177.5 178.5 180.1 181 181.8 180.3 178.3 176.2 175 173.9 172.7 173.1 173.8 173.9 174.4 177.5 180.7 183.3 184.1 184.1 183.9 184.1 183.3 181.8 180.2 178.5 177.6 176.3 173.2 169.5 166 162.6 158.5 153.8 156.2 160.5 163.2 163.5 161.1 158.4 155.2 155 155.1 155.5 156.1 156.2 156.1 153.5 152.9 152.7 153
191.1 190.1 188.5 187 186.6 186.5 186.1 185.6 185.2 184.7 184.5 184 183.2 182.1 181.2 180.2 180.4 179.5 177.9 176.7 176.1 175.8 175.3 175 175 174.4 174.8 177 177.8 179.1 180.7 181.6 181.4 179.7 177 174.5 173.6 172.7 173.1 173.5 174 174.3 174.6 177.3 181 183.6 184.5 184.4 185.1 183.9 182.4 181.2 179.5 177.1 172.7 168.7 165.1 161.7 156.6 152.9 155.3 159.6 163.5 165.7 165.9 164.5 162 158.6 155.7 156.4 157.1 157.7 157.9 157.5 155.7 153.8 152.9 151.8
191.4 190.9 190 187.6 187.2 186.8 186.6 186.5 185.9 185.3 185.2 184.6 183.7 182.5 181.4 180.9 180.3 179.9 179.3 177.7 176.4 175.8 175.4 175.3 174.9 174.7 174.6 175.3 176.2 178.6 180.6 181.3 181.8 180.2 178 175.2 173.9 173.1 172.7 173.3 173.8 173.8 173.7 174 177.6 181.4 183.8 185.1 185 184.6 183.3 181.3 177.5 172.7 167.5 162.8 158.5 153.6 154.7 157.7 160.8 164.3 166.8 168.2 167.2 167.7 165 161.4 157.2 157.1 158 158.9 159.4 158.5 158 155.1 152.7 151.8
191.6 192.7 191.1 188.9 187.5 187.2 187.2 187.1 186.7 186 185.2 184.1 184.4 183.6 182.3 181.2 180.7 180.5 180.3 178.7 177.2 176.1 175.8 175.1 174.7 174.4 174.5 174.9 175.6 177.5 179.2 180.3 181.5 180.8 179.2 177.6 175.5 173.7 173.2 172.9 173.3 173.4 173.1 172.8 173.7 177.8 181.9 183.8 184.7 185.9 184 181.2 174.4 168.3 161.5 156.6 156 156.4 158.7 162.2 166.3 168.8 170.5 169.6 168.1 169.7 167.6 163.9 160.6 157.8 158.6 159.5 160.5 159.8 160.2 158.1 155 153.3
191.9 192.8 192.4 190.8 188.1 188.1 187.9 187.7 186.8 185.9 185.7 185.1 184.1 183.7 183 181.6 181.1 180.8 181 180 178.3 176.9 176.8 175.7 175 174.5 174.7 175 175.3 175.9 178 179.6 180.8 181.5 180.1 178.8 176.1 174.5 173.4 172.8 172.9 171.9 172.4 172.2 172.1 174.3 178.6 182.3 183.8 185.3 183.8 179.1 171.4 163.9 156.9 159.2 161.5 162.7 166.1 170.3 172.5 172.5 172.1 171.3 169.6 170.1 170.3 168 165.7 159.8 159.2 160.1 161 161.5 161.2 160.5 157.9 155.2
193.2 192.8 193.3 193.1 189.5 189.1 188.9 188.5 187 186.1 185.4 184.7 184 183.5 182.8 182 181.1 180.7 181.1 180.8 177.4 177.9 177 177.2 175.8 174.8 174.8 174.9 175.1 175.4 176.2 178.4 179.9 181 181.5 180 177.5 175.6 174.1 173.2 172.8 172 171.7 171.6 171.5 171.9 174.9 179.5 182.7 184.3 183.5 176.5 167.4 158.3 158.4 167.3 172.5 173.6 175.3 175.7 175.5 173.6 172.5 172.2 171.3 171 172.2 171.7 169.9 164.1 160 160.7 161.5 162.6 162.6 162.5 160.4 157.1
193.6 193.4 193.8 193.8 192.3 189.6 189.4 189.1 187.7 186.4 186.1 185.3 184.4 183.3 182.8 182.2 181.4 180.8 180.6 180.5 178.2 178.6 178 177 176.3 175.3 174.9 174.9 174.9 175.3 175.6 176.5 178.9 180.6 181.7 181.2 178.8 176.5 175.2 173.8 173.1 172.2 171.6 171 171 171.2 172 175.8 179.8 182.8 182.1 174.8 165.2 157.7 163.1 171.5 176.9 178.5 178.7 178.2 177.3 175.7 174.1 173.7 172.6 171.3 172.6 174.6 173.2 168.2 161.7 161.4 161.8 162.9 162.7 163.9 162.1 159.8
