ny/ny43_OST50GRID_20230518/NY43.asc
ncols 200
nrows 200
xllcorner 340000
yllcorner 530000
cellsize 50
[rows 140 to 174 of 200, columns 0 to 77 of 200]
332.7 335 336.4 337.5 340.1 342 342.3 340.5 338.4 337.5 335.3 333.3 332.2 331 327.8 326.4 327 327.4 327.2 326.1 326.5 329.7 334.7 347.8 340.4 337.3 335.6 333.7 335.1 333.9 334.1 331.8 329.3 323.1 322.1 322.7 319.5 320.2 323.4 319.8 319.2 319.8 318.2 314.2 307.9 303.2 300.8 298 295.6 295.2 295.7 295.2 291.9 287.6 284.3 282.5 280.7 279 276.9 274.5 270.6 266.8 262.9 258.7 255.5 252.8 252.7 250.3 249.2 243.9 238 233.7 231.3 234.8 239.4 243.8 246.3 248.5
335.7 337.4 337.9 338.8 340.3 340.6 340.6 340.3 338.3 337 334.9 332.7 331.7 330.8 327.8 325 325.5 326.1 325.9 324.9 324.6 326.2 330.3 335.4 336.1 335.1 332.4 332.1 333.8 333.8 330.7 331.6 331.7 326.4 322.3 323.2 321.6 320.4 324.7 323.7 320.4 320.9 319.7 317.3 312.6 307.9 304 301.5 299.9 298.4 297.7 297.1 293.7 289.9 286.4 283.5 281.7 279.9 277.6 274.7 271.1 267.1 262.6 257.7 253.8 251.8 251.9 250.7 249.3 245.7 239.5 234.5 231.5 234.8 238.8 243.8 246.6 249.8
338.2 339.4 339.6 340 340.5 340.5 340 339 337.6 336 334.7 332.1 331 330.4 327 323.8 323.9 324.7 324.6 323.6 323 323.9 326.6 329.9 332.5 332 330.9 329.9 331.8 333.4 329.4 332.4 329.8 329.9 325.9 322 322.5 320.3 324.4 326.5 323.6 321 321 318.8 316.4 312.1 307.4 305.1 304.9 302.9 299.7 296.8 293.6 290.1 286.6 283.7 282.2 280.6 277.1 273.6 270.2 266.5 262.2 257.3 252.9 250.8 250.3 249.3 248.4 244.9 240.2 235.3 233 235.1 238.3 242.6 245.5 249.1
339 341.2 340.9 341 340.9 340.8 339.3 337.2 335 334.6 334.5 331.8 330.4 329.7 327.1 323.5 322.3 322.7 323.2 322.2 321.3 322.2 323.1 325.5 328.3 330 329.2 327.5 328.9 331.5 331 328.4 330.1 328.8 330 325.6 321.6 320.7 323.4 325.4 325.7 322.5 319.9 319.4 318 315.3 311.1 309.7 309.1 306.3 302.7 298.6 294.4 290.4 286.9 284.1 282.5 280.1 275.9 272.1 268.6 264.8 260.9 257.1 252.7 250.2 249.3 248.4 247.5 243.8 238.8 235.6 233.2 232.8 237.5 240 245.4 246.7
341.1 342.7 341.4 341 340.7 340.9 339.4 336.4 334.7 334.7 334.3 331.6 329.8 329 326.9 322.9 321 321.2 321.3 321.2 320.5 320.7 321.1 322.3 324.3 327.2 327.2 325.9 325.6 328.3 331.4 328.3 327.9 330.5 330.9 329.2 324.6 320.5 322.3 325.6 326.1 325.6 322 318.1 317.2 316.8 314.3 311.5 310.9 309.3 305.8 301.4 296.7 292 288 284.3 281.9 279 274.8 270.5 265.9 262.4 259.5 256.4 252.9 250 248.5 247 246.1 244.4 238.2 234.1 232.1 231.3 236.5 239.6 244.2 246.3
341.9 344 340.9 340.8 340.5 341 340.4 338.4 334.7 334.7 334.3 331.2 329.3 328.7 326.8 322.9 320.5 319.6 319.6 319.6 319.6 319.6 319.5 319.9 321.9 324.5 325.1 324.2 323.4 325.3 329.4 329.1 326.5 331.7 330.4 332.5 328.1 323.9 321.1 325.6 325.9 325.3 324.1 319.7 316.2 316.6 315.5 313.9 312.7 311.7 308 303.9 299 293.7 289.4 285.2 282.2 278.6 274 269 264.4 260.6 258.3 256 253.2 250.8 248.4 245.7 243.8 242.4 236.7 233.3 231.5 230.6 232.3 238.6 240.3 247.1
330.7 336.6 337.5 338.9 339.7 340.6 340.7 339.7 334.7 334.7 334.7 332 329.5 328.2 326.6 323.4 320.4 319.1 318.8 318.8 318.6 318.2 317.9 318.4 319.7 321.7 323.3 323 320.8 323.8 327.4 330.2 328.2 329 331.7 330.5 329.5 327.5 322.5 323.9 326.6 325.2 323.1 320.8 316.6 315.6 315.1 314.6 314.1 312.9 310.5 306.4 300.9 295.6 290.9 287 283.7 279.7 274.6 269.1 264.7 261 258.2 256.1 254.2 252 249.3 245.7 243.8 241.9 237.3 233.9 230.4 229.4 229 234.9 238.2 238.6
323.2 327.9 332.3 336.1 337.5 338.9 340.6 340.2 335.2 334.7 334.6 333 330.4 328.8 328.1 324.8 320.8 319.1 318.9 318.1 317.3 317 317 317.4 318.5 319.8 321.5 321.6 320.2 322.1 325.5 330.6 325.6 328.6 327.8 327.5 328.2 329.2 326.2 321.2 324.3 324.9 323 321.1 317.5 316.6 316 315.1 314.3 313.5 311.8 308.2 302.9 297.9 293.3 289.2 285.6 281.4 276.5 271.4 266 261.8 258.8 256.4 254.7 253.3 250.4 246.9 244.3 243.4 238.8 235.3 231 229.1 228 230.9 232.4 234.2
316.4 321 326.3 331.2 335.5 337.9 339.4 340.9 336.4 334.7 334.6 334.8 332.1 329.5 328.8 326.1 321.3 319.3 319 318.8 317.7 316.2 316.1 316.4 317.2 318.2 319.9 320.2 319.3 320.1 323.3 329.5 330.8 324.9 326.4 325.6 325.5 328.5 327.5 324.3 323.2 322.6 322.4 321.5 319.2 317.5 316.4 315.6 314.7 313.5 312 310.1 305.8 301.2 296.5 292.1 288.7 284.7 279.7 274.5 268 263.2 259.4 256.6 255.6 254.4 252.8 249 244.7 242.2 240.5 236.5 232.4 228 226.7 227.9 229.5 233.9
310.7 316.1 320.5 326.4 332.2 336.2 337.9 340 338 334.8 335.3 336.6 333.9 330.9 329.8 328 323.2 319.7 319.2 318.8 317.9 316.7 315.6 315.4 316.2 316.9 318.5 318.5 317.6 318.2 321.1 327.1 331.6 325.1 327.4 324.9 324.6 331.1 328.2 327.4 324.7 321.2 321.3 322 320.6 319.5 317 316 314.8 313.7 312.7 311.3 308.9 304.7 300.5 296 292 287.9 282.6 276.9 271.1 265.8 262.1 258.6 256.9 255.3 254.5 251.9 247 242.5 241.4 238.8 234.7 230.6 227 225.2 228 234.4
306.1 312 317.1 322.5 328.9 334 336.6 338.8 337.8 336.4 336.6 338.4 337 333 331.2 329.4 325.2 320.8 319.3 318.8 318.7 317.5 316.6 315.6 313.7 314.1 316 315.4 315.6 315.4 318.6 323.7 329.6 328.2 319.8 326.3 324.2 326.8 331.5 329.4 328.3 323.1 319.5 320.8 322.1 322 319.2 317.6 314.9 314.1 313.2 312.1 310.1 307.2 302.7 298.8 295.1 290.1 286.1 280.5 274.1 268.4 264.7 261.2 257.6 255.9 254.3 252 248.5 244.6 241.3 239.9 236.5 231.8 226.4 223.7 225.4 232.4
303.8 309.5 314.5 319.7 326.3 332.1 334.9 337.4 337.8 337.1 337.8 339.5 339 334.5 332.3 331.1 327.3 322.4 320.1 319 318.3 318.1 317 315.8 315.4 315.3 312.7 311.6 311.7 313 315.6 319.6 326.4 328.2 322.8 328.5 325.3 321.9 328.1 331 329.4 326.9 322.1 319.6 321.9 323.9 322.8 319.5 317.3 315.3 314.2 312.5 310.9 308.1 304.5 300.4 296.1 292.8 289.1 283.7 276 271.4 266.8 262.5 258.4 256.1 253.6 250.7 249.1 246.8 241.3 239.5 237 232.4 226.2 222.3 223.3 226.4
303.5 308.3 312.9 317.7 323.8 329.7 332.5 336 338.4 338.4 339.7 341.3 341.2 337.1 333.6 332.2 329.3 324.2 321.1 319.6 319.5 318.4 316.9 315.8 316.4 316.3 315.5 313.4 310.1 310.1 312.3 315.5 322.6 326.1 324.7 321.1 327.6 325.9 326.7 334.5 332.1 329.9 326.4 321.8 321 323.2 324.8 322.6 319.7 317.7 316.5 314.3 312.6 309.7 306.5 302.1 297 293.4 291.3 286 277.8 272.4 268.7 264.8 261 257.2 254.2 250.9 247.6 245.5 241.7 240.6 237.5 233.2 227.4 221.4 221.4 224
302.4 307.2 311.7 316.1 321.6 327.1 331.3 334.9 337.8 339.8 341.5 342.9 343.1 338.2 335.1 333.6 330.9 326.6 322.4 320.5 319.8 319.3 317.2 316.3 317.5 317.4 316.4 314.5 312.1 308.1 308.6 312 317 321.8 324.4 323.1 325.3 329.6 327.7 330.5 334 332.3 330.4 325.4 322.2 321.9 324.7 325.3 322.3 319.9 318.4 316.6 315 312 307.1 302.8 298.1 294.2 290.6 286.7 282.7 275.3 270.4 267.4 264.2 260 256 252.1 246.5 243.5 241 239.9 237.8 235 228.3 222.2 221 222.5
301.6 306.1 310.6 314.4 319.8 325.2 329.8 333.4 336.5 339.6 341.6 343.5 343.8 339.4 336.6 335 332.5 328.4 323.9 321.3 320.5 319.8 318.1 315.9 318.1 318.1 317.2 315 312.2 308.8 306.3 307.7 311.7 317.8 324.4 324.6 324.3 329.7 329.1 329.3 336.1 334.5 333.3 328.8 325.3 322.3 323.4 327.1 325 322.7 319.4 318 316.8 314.4 309.9 304.5 298.7 294.3 291.6 287.2 283 279 273 269.5 266.5 262.5 258.3 253.8 248.8 243.7 240 239.2 237.5 234.8 229.5 223.8 220.5 221.3
301 304.9 308.6 312.8 318.3 323.8 328.4 332 335.1 338.2 341.2 343.6 343.7 340.7 337.6 336 334 330.3 326.1 322.1 321.1 320.2 318.8 317.8 318.6 318.6 318 315.8 312.3 309.4 305.3 306.3 307.8 315.3 326.2 327.7 325.4 325 331 332.7 332.8 337 335.4 332.2 329.2 326.1 323.5 327 327.4 324.5 320.8 318.3 316.6 314.3 311.9 307.2 301.2 295.3 290.4 287 284.1 281 276.4 271.6 267.9 264.2 260.1 255.7 251.4 245.6 239.7 237.1 237.8 234.5 230.5 225.2 222 221.2
301.3 304.8 308 312.2 316.7 322.1 327 330.3 333.5 336.6 339.5 342 343.1 341.3 338.3 336.4 334.8 332.2 327.8 323.5 321.3 320.3 319.4 318.3 319 319.7 319 316.9 313.4 309.8 305.6 304.7 305.5 312.1 325.5 332.3 329.3 326.5 334.2 334.7 333.2 336.2 337.4 334.7 331.9 330.6 328 323.8 325.1 324.5 322.2 319.2 315.8 314.1 311.5 308 303.3 297.6 292.3 287.6 284.8 281.8 277.8 273.7 269.7 265.5 261.7 257.3 253.5 247.6 241.4 236.2 235.8 234.5 229.9 225.9 223.3 219.5
302.8 307.5 309.6 312.2 315.9 320.7 325.4 328.6 332.1 334.9 337.6 339.9 341.5 341 339.3 337.8 336.4 333.3 329.4 324.8 322.2 321.2 319.8 319 319.6 320.1 320.3 318.5 315.2 311 306.9 303.5 304.1 309.3 321.8 335.7 333 330.1 328.6 334.5 336.8 335.1 340.1 337.3 334.5 333.2 332 327.7 321.4 321 321.6 320 316.5 310.5 307.6 306.2 303.2 299.8 295.8 290.9 285.9 282.7 277.6 273.9 270 266.4 262.3 257.7 253.7 249.2 243.4 237 233.4 234.6 230.6 226.2 222.9 220.6
304.2 308.8 311.3 313.7 315.7 319.7 324.3 327.6 331 333.9 336.8 339 340.3 340.2 340.1 339.2 337 334.4 330.7 326.7 323.1 321.7 320.2 319.6 319.7 320.6 321.5 319.9 316.4 312 307.5 302.4 302.6 305.8 316.5 337.4 338.6 333.2 330.4 331.7 338.6 337.6 341.8 340.2 337.5 333.5 333.8 331.3 325.8 319.2 318.3 318.1 314.9 310.8 304.8 299.9 300.5 298.8 295.9 292.2 289.3 285.6 280.2 274.8 270 266.1 261.9 257.1 253.3 249.9 245.8 238.9 233.9 230.5 227.3 225 221.8 220.3
305.6 309.8 313 315.2 316.5 319 323.7 327 330.2 333 335.9 338.2 339.8 340.1 340.2 339.9 337.4 335.5 332 328 324.1 322.2 320.6 319.9 319.8 321.1 322.3 321.6 318.3 313.7 308.5 302.6 302.4 302.4 312.6 331.7 342.9 338.4 334.7 336.7 343.3 341.5 340.4 339.9 338.1 335.6 334 332.1 328.2 322.4 318.3 314.5 310.4 307.2 302.4 297.1 293.7 293.7 293.6 291.8 289.3 287.4 283.8 279.2 273.2 267.5 262.6 257.4 251.7 249 246.5 240.9 236.3 229.4 224.7 221.8 219.5 218.9
306.6 311 314 316.5 317.8 319.2 323.4 326.7 329.7 332.4 335.2 338 339.1 339.4 340.4 340.1 338.1 335 332.6 329.4 325.4 322.9 321.4 320.5 320.1 321.1 322.6 322.6 319.6 315.2 309.3 303.1 299.5 300.3 310.1 324.7 348.1 344.1 339.3 342.9 344.3 344.1 342 340.4 337.5 335.5 334.7 332.1 329 324.8 320.8 317.1 313.2 309.3 305 299.4 295.4 290 287.6 286.9 285.6 284.8 282.3 279.8 275.1 270 263.7 258.2 251.3 247.1 246.2 243 238.2 231.3 224.8 220.9 218.7 217.7
307.3 312.1 314.7 316.8 320.1 321.1 323.6 326.7 329.3 332 334.5 336.9 337.9 338.8 339.6 340.1 337.5 334.9 333.2 330.7 326.9 323.7 322.2 322.1 321.5 321.6 323 323.3 320.6 315.8 309.9 303.4 296.9 299.3 306.7 319.4 339.5 349.4 344.1 353.8 350.1 347.2 344.5 343.2 340.7 336.7 335.5 334.5 329 326 322.3 318.4 314.1 310.5 306.3 301.9 297.8 293.6 289.8 287 282 277.4 272 272.4 272.4 268.2 263.7 257.9 251.7 246.9 244 243.9 240.1 233.7 226.5 221.1 218.4 217.2
307.8 312.8 314.9 317.8 320.6 322.6 324.1 326.9 329 331.1 333.5 335.2 336.4 337.4 338.5 339.5 338.3 334.9 333.2 331 328.3 324.5 322.8 323.5 323.4 322.7 323.6 323.9 320.7 316.3 310 302.6 294.4 298.4 305.1 316.1 330.8 352.7 350.1 352.9 355.4 352 347.8 343.8 340.2 339.4 334.7 333 329.7 326.5 322 318.8 315.8 312 307.1 303 299.1 297.2 294.2 290.7 286.4 280.5 275.4 269.1 262.5 262 262.3 256.6 250.7 245.7 243.1 242.4 241.3 236.7 230 223.4 219.6 217.2
309.2 312.6 314.8 317.6 320.7 323.6 325.3 327 328.7 330.6 332.6 333.9 335.1 335.6 336.5 337.8 338 335.4 333 330.8 328.6 325.5 323.6 324.3 325 323.1 323.7 324 321.3 316.6 309.3 301.9 293.3 296.2 304.8 314.1 327.4 347.8 353.4 351.7 361 356.8 352.3 347.2 342.1 337 335.1 332.3 327.7 323.2 321.9 319.5 316.4 313.5 309 304.5 301.4 299.7 297.6 293.9 287.8 282.4 277.1 271.9 267.3 260.8 253.7 250.1 246.1 242.9 240.8 239.6 239.8 236.8 231.1 225 220.6 218.1
309.5 311.7 314.3 317.4 320.3 323.2 325.9 327.9 329 330.7 332 333.1 333.8 334.2 334.7 335.2 334.1 333.6 332.6 330.4 328.1 325.7 324.4 324.8 325.7 324.7 323.8 323.8 321.6 316.5 308.5 301.7 295.6 293.9 304.2 312.7 323.4 348.3 354.6 355.9 354.4 361.7 356.7 350.9 344.3 337.8 336.1 333.6 330 324.5 319.7 318.4 317.4 312.8 307.9 305 303.9 301.8 299.2 294.8 289.8 285.2 279.6 273.2 268 263.2 257 250.8 246.2 242.1 239.2 238.1 236.7 235.5 231.1 226 220 217.7
309.3 311.3 314.5 317.4 320.5 323.6 326.6 328.7 329.5 330.8 332 332.8 333.2 332.9 333.1 332.5 332.1 332.4 331.5 329.9 327.7 325.6 323.5 323.9 324.9 324.5 323.5 323.2 320.8 315.7 307.4 300.7 294.5 293 303.4 312.4 321.5 337.6 353.7 355.8 357.6 356.1 360.6 354.6 348.2 339 338.7 333.4 326.8 322.9 321.2 317.5 315.3 312.9 309.4 306.5 305.1 302.5 299.9 296.5 291.6 286.8 280.8 274.3 268.9 264 259.5 253.9 247.2 243.1 238.9 236.4 232.9 230.8 229.5 223.9 218.6 215.1
309.6 312.3 314.6 317.4 320.8 323.9 326.6 328.6 330.1 331.2 332.2 333.1 332.8 332.1 331.3 330.3 330.5 331.6 330.4 328.4 325.9 323.6 321.7 322.4 323.2 323.6 322.9 321.6 318.7 314 304.5 298.9 292.5 291.7 301.6 311 320 329.2 349.3 353.9 354.5 355.8 353.4 348.3 342.3 337.8 332.5 333.5 327.8 324.9 322.7 318.9 316.1 313.7 309.8 305.4 303.8 301.5 298.8 296.3 292 288.1 281.8 275.7 271.1 265.9 260.9 256.1 250.6 244.5 239.2 236.6 233 227.1 222.8 220.3 217.1 214.4
311.1 314.1 315.5 318.2 321.3 324.1 326.3 328.4 330.2 331.6 332.9 333.7 332.9 332.2 330.4 328.6 329 329.7 329.1 327.3 325.1 322.3 318.6 318.7 320.9 320.5 320.3 319.5 315.9 310.2 301.3 295.4 291 288.2 299.9 307.2 317.3 325.2 334.3 350.4 348.7 347.4 345.2 343.4 339.8 337.2 333.9 330.3 327.3 327.5 324.9 321.2 318 315 310 304.5 301.3 300.3 297.7 295.5 290.6 285.9 281.5 276.3 272.9 267.2 263.1 257.8 252.7 245.7 240.9 235.6 233 227.5 223.1 218.8 214.9 212.3
312.1 315 317.1 319 321.8 324.7 327 329.5 331.3 332.9 333.9 334.3 333.2 332.3 330.3 328.2 327.7 328.3 328 326.3 324.4 321.4 316.9 315.4 317.5 317.4 316.7 315.4 312 305.2 297.2 292.2 287.6 286.1 297.5 303.2 312 320.1 327.4 330.8 331.4 332.2 334.6 335.6 335.9 333.2 329.7 329 327.1 320.9 327.3 322.2 318.6 315 309.8 302.7 298.6 296.2 293.9 291.8 288.8 283.5 278.8 274.8 271 266.2 262.9 257.8 253.4 245.7 241.7 236.6 232.1 227.6 222.5 217.7 213.4 211.3
312.9 315.8 317.9 319.4 322.6 325.7 328.5 330.8 332.5 334.4 335.6 335.1 334.1 333 330.1 327.9 326.8 326.7 327.1 325.5 323.6 320.7 316.6 312 312.8 311.8 311.3 310.6 306.8 300 293.7 289.1 280.1 288 294.3 299.5 306.9 314.1 321.4 323.4 321.9 322.1 326.3 328.3 328.9 326.8 323.9 322.1 319.2 315.1 314.1 312.3 309.2 303 295.6 289.6 285.5 282.3 278.7 277.6 276.3 275.7 273.7 270.4 266.4 263.6 260.4 256.2 250.1 245.6 241.3 235.9 230.8 226.6 221.6 217.3 212.8 210.2
313.8 316.3 318.7 320 323.1 327.1 329.5 331.6 333.6 335.3 336.4 335.9 335.1 333.7 330.7 327.6 326 325.7 326.2 325.8 324.1 322 317.8 312.2 309.3 307.1 306.2 305.4 302.3 296.3 290.2 286.2 280.8 282.8 290 295.1 299.2 307.9 313.4 314.9 314 314.8 317.2 320.4 320.4 319.1 317.2 314.7 311.2 307 305.8 302.3 296.3 290.4 281.2 274 270.4 266.5 264.3 262 260.5 260.1 259.3 260.6 261.2 259 255.9 252.5 247.5 243.4 238.9 233.5 228.6 224.2 220.2 215.8 212.3 209.1
316.1 319.1 320.8 321.5 323.3 328.5 330.3 332.3 333.5 335 336.3 336.6 335.2 334.5 331.6 328.5 325.9 325.2 325.9 326 324.4 321.7 317.3 312.8 309 304.9 302.3 300 296.1 291.4 287 283.5 279.5 275.6 286.6 289.8 292.5 299.2 304.7 306.2 306.5 307.6 309.8 311.6 312.7 311.4 309.7 307.3 303.5 299.6 298.1 293.4 287.3 280.6 272 264.5 258.5 256.6 254.5 252.6 251.1 250.5 250.6 252.8 255 253.8 252.4 249.7 245.7 241.7 235.9 229.4 224.8 221.8 218.2 214.1 210.9 208.5
319.4 321.5 322.3 323.3 324.4 329.1 331.5 332.3 333.5 334.5 336.2 336.6 335.9 334.9 332.7 329.2 326.1 325 325.3 325.3 323.2 320.4 316.4 314.5 310.6 306 301.4 296.7 292.3 285.9 282.1 278.3 275.8 271.5 279.5 283.8 286 290.6 295.7 297.4 299.2 300.9 302.6 303.2 304.7 303.5 302.1 299.6 296.6 292.9 290.3 286.8 281 275.2 268.2 262.6 257.7 255.8 254.1 252.5 248.4 245.6 245.5 245.9 249 250.1 248.7 246.8 243.5 239.9 235.1 228.5 221.3 217.9 215.8 213.2 210.2 208.3
321.5 322.7 324.1 325.1 326.4 328.8 332.3 332.9 333.3 333.6 335 335.3 335.6 335 333.5 329.2 326.2 325 324.6 325.4 325.9 324.7 323.1 319.4 312.7 308.6 302.9 298.6 294.6 289.9 285.2 280.7 279.3 276 270.9 276.4 278.6 282.5 286.7 289.7 292.8 294.7 295.6 296.4 296.7 295.5 294.1 291.9 289.5 285.5 282.8 279.7 274.8 269.5 263.5 259.5 259 258.7 257.4 254.5 250.2 246.1 242.2 242.3 243.4 245 244.7 243.7 241.5 238 234 228.1 220.7 215.2 212.5 211.2 210.5 209.7
323.6 323.9 325.9 326.5 325.7 326.2 334 334.6 334.6 333.6 334.8 334.7 334.7 334.6 333.4 329.4 325.9 324.6 324.7 327 328 326.6 325.6 321.5 315.4 310.7 306.1 301 296.8 291.4 286.3 281.8 280.1 277.2 272.3 265.9 270.9 274.5 278 282.2 287.1 288.7 288.9 288.1 288.6 287.4 286 283.9 281.5 279 276 272.6 265 261.1 257.4 255.3 256.6 257.7 259.7 258.3 253.2 248.4 244.4 239.4 237.9 238.6 239.9 240.7 239.5 237.1 233.2 227.4 221 214.6 210.7 208.2 207.5 208
