ny/ny43_OST50GRID_20230518/NY43.asc
ncols 200
nrows 200
xllcorner 340000
yllcorner 530000
cellsize 50
[rows 105 to 139 of 200, columns 78 to 155 of 200]
228.1 226 221.7 216.8 215.1 213.2 211.7 210.7 209.7 208 206 205.4 204.4 202.6 202.3 202.2 201.6 201 199 196.7 195.8 194.7 193.2 191.3 191.4 190.9 190.9 191 190 190.7 190.9 188.7 185.8 185 184.7 184.6 184.6 184.7 184.6 184.5 184.6 184.7 184.3 182.2 181 181.1 181.2 180.5 181.4 180.8 179.7 179 174.8 176.4 179.3 180.3 181.1 183 182.3 180.3 179.9 180.2 180.4 179.9 178.4 177.8 176.8 176.3 176.3 176.5 176.9 177.2 177.4 177 176.6 171.9 165.1 165.4
226.5 228.7 224.8 219.4 216.6 214.5 212.7 211.3 210.6 209.5 207.5 206.6 205.5 203.7 202.5 201.7 201.6 201.4 199.2 196.9 195.9 195.3 193.8 192 190.7 189.5 190 190.5 190.2 190.1 191.3 189 186.3 184.7 184.5 184.3 184.2 184.3 184.1 183.5 182.8 183.4 182.8 180.7 180 178.8 179.3 178.8 178.2 177.6 177 176.4 173.6 178.7 180.6 181.9 181 182.7 184 181.9 180.7 181.3 180.7 180.3 180 179.7 178.6 177.6 176.5 176.6 177 177 177.1 176.6 175.7 172.4 166.1 165
223.3 229.6 227.6 222.4 217.6 215.6 214.2 212.5 211.8 210.5 208.8 207.4 206.7 204.8 203 201.7 201.7 201.7 199.6 197.2 195.7 194.5 193.5 191.4 190.1 189.1 189.5 189.7 190 189.5 189.9 186.3 184.9 184.8 184.7 184.5 184.4 184.4 184.2 183.6 182.6 181.9 180.9 180.6 180.2 178.6 177 175.8 174.9 173.9 174.8 176.2 178.5 180.2 181.2 183.9 182.7 181.6 183.5 183.3 181.5 181.9 181.1 181 180.9 180.9 180 178.7 177.1 176 176.6 177.4 177.4 176.6 175.8 174.7 169.3 165.2
219.5 227 229.4 225.2 220.1 217.3 215.2 213.4 212.5 212 210.2 208.2 207.5 206.3 204.1 202.6 201.7 201.8 200.3 197.6 196.8 195.2 193.3 190.6 189.4 189.1 188.8 188.4 188.7 188.9 186 186.7 187 184.8 184.6 184.3 184.6 184.8 184.7 184.2 183.5 183 182.9 182.3 180.9 179.5 178.6 177.6 174.4 175.4 178.2 180.2 180.6 181.2 181.7 182.8 183.9 182.5 182.9 184.4 182.9 182.5 181.6 181.8 181.7 181.7 181.6 179.9 178.3 176.7 176.1 177 177.4 176.8 175.7 170.9 168.8 170
214.9 224.6 230.2 227.6 222.7 218.2 216 214.2 212.9 212.5 211.1 209.2 208.3 207.7 205.3 203.6 202.3 201.1 200 199.2 196.9 195.4 193.2 189.8 190.1 188.5 187.7 187.5 187 187.4 185.7 189.3 189.2 186.2 184.3 184.3 184.6 185 185.2 185 184.6 184.5 184.2 183.8 182 180.3 178.9 177.8 174.2 178.7 182.5 182.4 181.1 181.1 181.9 182.9 184.1 183.5 181.7 183.8 184.6 183 182.2 182.5 182.6 182.5 182.6 181.2 179.6 178 176 176.2 177.2 174.8 171.5 169.6 173.6 173.3
215.8 220.3 228.5 230.3 226 219.1 216.7 214.9 213.3 212.7 211.8 210.3 208.7 207.9 205.9 203.9 202.5 201 200.6 199.1 197 195.9 193.6 191.1 191.6 188.9 187.3 187 186.9 186.1 187.2 189.5 191.1 188.9 185.5 184.4 185 185.6 185.9 185.9 185.5 185.1 184.8 184.5 183.3 181.1 179.3 177.9 174.2 180 181.5 182.5 182.1 182.1 182.6 183 183.9 184.6 183.7 182.5 184.7 183.7 182.8 183.1 183.3 183.2 182.9 182.4 181.1 179.5 177.5 175 175.8 171.3 175.1 171.6 174.4 174.1
221.7 213.2 221.9 227.4 228.6 220.4 216.9 215.5 213.8 212.9 212 210.6 208.9 208 206.1 204.2 202.5 201 200.4 199.7 197.8 195.8 193.4 192.2 192.6 189.7 187.5 186.4 186.5 187.1 187.8 188.9 190.9 191.1 188.4 185.5 185.7 186.3 186.7 186.7 186.5 185.9 185.5 185.4 184.5 181.9 180.1 177.8 174.5 178.6 180.8 182.1 183.1 182.5 182.9 183.6 183.5 184.9 185.4 184.3 185.3 184.3 183.5 183.5 183.6 183.5 183.2 182.7 182.2 181.1 179.4 175.4 172.6 173.9 176.8 174.1 175 175
222.9 216.3 215 224.4 228.2 222.3 216.6 215.2 213.7 212.3 211.1 210.8 209.5 208 206.4 205.2 203.5 201.8 200.4 200.2 197.8 195.4 192.7 193.6 194.1 191.1 188.1 186.5 186.3 187 187.7 188.6 190.4 192.7 191.8 188.9 187 187.3 187.7 187.8 187.6 186.8 185.8 185.9 185.9 183.7 181.1 177.9 175.4 177.8 180.8 182.4 182.9 181.8 182.3 183.2 183.5 185.1 186.1 186.1 185 186.3 184.7 184 184.1 183.8 183.4 183 183.1 182.9 180.6 174.9 171.9 174.1 176.3 174.7 175.8 176.1
224 220.8 210.1 219.1 224.1 222.3 216.4 214.2 212.2 211.1 211.2 210.7 209 207.4 206 204.7 203.2 201.5 200.3 198.9 196.5 193.5 193.8 195.5 194.6 191.8 188.9 186.6 186.2 186.5 187.3 188 189.6 193 194 192.5 190.9 188.7 189 189.3 188.8 187.3 186.2 186.8 186.9 185.1 182.2 179.2 175.7 177.7 179.9 182.4 182.2 181.9 182.6 183.3 184 184.6 186.2 186.2 185.4 186.6 185.9 184.9 184.7 184.1 183.7 183.4 183.3 183 182.5 173.8 173.4 174.9 175.6 174.9 174.7 177.1
224.2 221.2 209.9 210.1 216.4 218.8 213.3 208.4 207.4 210.2 211.1 210.2 208.5 206.8 205.3 204 202.6 201.4 200.2 198.6 196.5 194.2 196.1 196 195.4 194.4 190.7 188 187.7 186.4 187 187.8 189.8 191.7 194.9 195.6 193.7 190.5 190.3 190.3 189.8 189 187.3 187.8 187.3 186.6 184.9 180.9 176 177.6 179.6 180.8 181.5 182.5 183 183.5 184.1 184.8 185.1 185.9 185.3 186.3 187.5 186 185.2 184.7 184.2 183.3 181.5 182.9 184.1 178.4 171.9 175.2 176.1 174.6 173.7 177.6
225.2 223.1 218.4 208.3 209.5 209.7 207.5 204.4 203.4 205.5 209.8 209.9 207.8 205.8 204.2 203 202.4 201.2 200.3 199 197.4 195.8 197.4 196.5 195.7 195.3 193.7 191 188.4 186.6 186.7 187.9 189.1 190.6 196 197.4 197.1 192.6 191.3 191.6 192 191.5 190.7 189.4 189.2 187.3 185.2 181.7 175.7 177.2 180 180.2 181.5 182.6 182.6 182.8 183.6 184.8 185 185.1 185.1 186.3 187.6 187 186.2 185.2 183.9 182.9 181.1 181.7 184.9 184.7 177.9 175.3 176.8 175.4 173.2 175.6
226.6 225 221.6 218.1 207.9 207.1 205.6 211.6 209.8 202.2 208.5 209.4 207.4 204.7 202.9 200.8 201.1 201.8 200.1 198.6 196.7 196.5 197.2 196.8 196.4 196.1 195.2 193.9 189.4 186.9 186.8 187.7 190.1 190.4 195.6 197.8 197.7 194.3 192.6 193.1 193.4 193 191.3 189.6 187.8 186.2 184.4 181.3 177.7 176.7 177.9 179.6 181.1 182.1 181.6 181.4 182.8 184.5 185 185.4 184.6 186.2 187.4 187.4 186.7 185.6 184.7 183.3 182 181.2 184.6 185.8 184.2 175.8 176 175.9 174.1 175.1
226.1 227.6 225.5 222.6 219.1 215.5 213.6 213 210.6 204.2 202.6 207.3 206 200.8 197.2 196.1 195.5 196.6 198.9 198.1 197.1 196.4 197.3 197 196.9 196.7 196 194.2 190.8 187.7 186.9 187.8 189.1 190.7 194.2 197.3 199.3 197.1 193.6 194.4 194.4 193.5 193.3 190.1 187.5 185.4 184.1 182.1 177.4 175.7 177.2 178.8 180.6 181.5 181.2 181 182.5 183.8 184.6 185.2 184.8 185.5 186.8 187.6 187.1 186.4 185.9 183.9 182.9 181.9 182.7 185 187.1 184.2 176.2 176.6 174.6 175.2
225.5 228.3 228.6 226.4 223.5 219.3 216.5 214.6 212.2 208.2 200.4 200.6 200.1 197.9 201.3 199.2 197.5 195 193.6 197.3 196.6 196 196.5 197.2 197.3 197.2 196.5 193.6 189.9 187.9 187.1 188.4 188.7 191 192.3 196.5 199.3 198.9 194 195 195 194.2 193.3 190.9 187.7 184.1 182.9 181.6 177 175 175.9 178.4 179.9 180.8 181.2 180.9 181.8 183.4 184.3 184.9 184.9 184.6 186.2 187.7 187.5 187.2 187 185.1 184.2 183.4 182.6 184.2 187.1 186.6 177.1 174.4 176.7 177.1
225.7 228.3 231.4 230.2 226 221.7 219.4 217.6 214.7 209.4 204.6 199.3 199.4 204.1 202 199.4 198 196.8 193.5 192.5 196.1 195.8 195.9 197.4 198 197.9 197.6 195.5 192.2 188.9 187.8 188.9 188.7 190.3 191.7 194.1 198.3 202.1 196.1 194.1 195 194.2 192.3 190.8 187 183.9 182.1 180.5 176.7 174.9 175.3 176.4 178.6 180.2 180.8 180.8 181.1 182.6 183.7 184.8 184.7 184.7 185.7 187.6 187.9 188 187.2 186.7 185.6 184.7 183.2 183.8 186 188.4 185.2 176.1 179.2 179.5
226.4 227.2 230.9 231.7 229 225.2 222.1 219.3 215.9 211.3 208.9 208.1 207.8 205.4 203 200.7 197.5 195.8 194.4 192 195.5 195.5 195.3 196.4 197.9 198.7 198.2 197.5 194.8 190.3 188.7 188.7 188.9 189.7 191.7 193.2 197.4 202.7 201.3 194.4 194.7 193.6 191.8 189.9 187 183.8 182.1 180 177.1 175.7 175.4 176.4 177.6 179.6 180.4 180.9 180.6 181 182.7 183.9 184.5 184.8 185.1 187.3 188.8 188.5 187.6 187.3 187.3 185.5 184 183.7 185.1 188.1 186 178.3 183.1 181.8
228.1 227.1 229.7 233.4 232.5 228.8 224.6 219.3 216.7 215.5 211.9 211.2 209 207.6 206.8 202.9 199.5 195.9 194.8 191.6 191.3 195.3 195.4 195.5 197 198.5 198.7 198 196.8 192.2 189.6 188.7 189.1 189.6 191.6 193.2 196.8 201.7 203.5 195.8 193.2 192.7 191.2 189.3 187.7 184.3 180.8 179.2 176.8 175.2 175.7 175.6 176.3 178.4 180.3 180.9 180.7 179.8 181.5 183 184.5 184.7 184.9 186.3 188.8 189 188.6 187.7 187.8 186.7 185.1 183.9 184.6 186.7 185.4 181.1 185.8 184.8
229.4 228.8 228.3 232.4 234.7 231.7 226.8 220.1 216.8 216.3 214.6 212.6 208.7 210.3 209.7 205.8 201.4 197 193.1 191.8 190.4 194.9 194.8 195.1 196.2 197.7 198.8 198.3 196.9 194.4 191.2 189.2 189.6 190 191.4 193.4 194.8 199.8 203.5 196.5 191.1 191.2 190 188.7 186.9 184 180.9 178.4 176 173.8 174.1 174.1 175.6 176.8 178.5 180.9 180.5 179.4 180.5 182 183.9 184.8 184.6 185.1 186.8 188.9 189.7 188 188.4 187.4 186.7 184.9 184.1 185.8 186.3 181.1 186.8 187.3
229.6 230.3 228.1 231.1 234.5 233.2 229 225.1 219.8 217.5 217.7 216 210.2 211.5 212.8 208.7 203.6 198.8 192.5 191.8 191.4 189.7 194.6 194.9 195.3 197.1 198.7 198.6 197.7 196 192.5 190 190.1 190.5 190.8 192.1 193.3 197 201.6 197.3 189.6 189.7 188.3 186.9 184.8 182.6 180.5 178.3 176.3 173.3 172.8 173 174.4 175.4 177 179.5 178.6 179.1 179.3 181.2 183.2 184.3 184.1 184.6 185.7 187.8 189.2 188.5 188.7 188 187.3 186 184 185.5 186.3 181.5 187.4 189.1
230.4 231.6 230.2 229.5 233.7 234.9 232.1 228.7 224.8 221.2 218.6 217.5 213.2 212 213.6 211.8 207 201.3 194.5 191.2 191.2 188.6 194.1 194.5 194.7 196.1 197.2 198.1 197.6 196.4 194 191 190.5 190.7 190.1 190.9 191.7 193.2 197.5 197.5 188.9 187.9 186.6 185.1 183.2 181.6 180.1 177.5 175.4 173.2 172.9 172.6 172.7 174 176.2 177.1 178.3 178.7 179.4 180.2 182.2 183.7 183.9 184.3 185.2 186.3 188.3 188.9 188.6 188.3 187.6 187 185.2 183.3 180.5 183.6 188.5 189.7
232.2 231.5 232.5 230.8 231.3 234.9 234.7 231.2 227.4 224.2 221.6 219.1 215 212.8 213.6 214 208.5 202.2 196.4 192.1 190.8 188.2 191.1 194.1 193.8 194.7 195.7 196.9 197.4 195.7 193.9 191.3 190 189.6 189.3 189.5 190.1 190.9 192.7 194.5 188.3 185.8 184.9 183.4 181.9 180.9 179.4 177.5 175.6 173.1 172.4 173.1 172.3 172.4 174.2 176 176.8 178 178.4 179.1 181 182.8 183.6 184.2 184.5 184.7 187 188.7 188.5 188.2 187.9 187.9 185.4 182.3 180.7 184.7 186.9 189.4
234.8 232.5 234 231.9 230.6 234 235.9 234.1 230 226.7 224 221.8 217.4 215.2 214 215.2 213.5 205 198.6 193.8 191.5 189.5 187.4 188 192.5 193.3 194.4 196.2 197.3 195.6 193.9 191.9 190.1 188.6 188.7 188.9 189.1 189.4 188.4 186.9 183.9 183.1 183.2 182.8 181.4 179.9 178.2 177.4 176 173.3 172.1 172.6 172.2 172.1 172.7 174.7 176.2 176.6 177.4 178.3 179.7 182 183 182.6 182.9 183.2 185.9 188 188.1 188.1 188.3 188.6 184.6 182.5 181.1 182.1 184 187
237 233.9 233.8 232.1 230.4 232.3 236.3 235.8 233.1 229.4 226.7 223.6 220.4 217.1 214.6 215.6 216.4 210.9 202.6 197.6 192.3 190.4 189.1 186.5 186.1 191.5 193.2 194.9 196.5 195.9 194.2 192.6 190.3 188.2 187.9 188.4 188 187.2 184.1 183.9 183.9 182.7 181.7 181 180.6 179.6 178.3 176.7 176.8 174 172.6 172.1 171.6 171.7 171.8 173.2 175.4 176.1 176.9 177.6 178.4 181 182.7 182.9 182.5 182.5 184.8 186.4 187.2 187.4 188.9 189.1 188.5 184.9 181.8 182.7 182.8 184.9
238.6 236.1 233.8 231.1 231.1 231.2 234 236.5 235.4 232 228.9 227 224.2 221.3 216.2 215.3 216.8 215.9 209.6 201.1 193.8 190.8 190.3 189.3 187 184.6 191.3 193.2 194.9 195.4 194.3 193.2 191.2 188.5 187 184.8 184.4 184.8 186.4 186.2 184.5 183.4 182.4 180.9 179.9 178.9 177.8 176.7 175.7 174 172.7 171.9 171.2 170.9 171.4 171.9 174.3 175.7 177.2 177 177.7 179.4 181.5 182.8 182.3 181.9 183.1 184.7 185.9 186.7 188.5 189.5 188.9 185.2 184.6 183.3 182.8 183.9
240.1 238 234.9 234.3 230.3 230.7 232.5 235.7 236.3 233.9 231.3 230.1 228.4 224.3 218.9 216 216.8 218 214.2 205.4 197.1 191.4 190.6 190.2 188.7 186.3 183 190.9 191.9 194.1 193 191.8 191.1 188.5 184.9 186.4 186 186.4 186.9 185.4 183.8 182.6 181.3 180.3 179.4 179.1 177.2 176.6 175.7 174.1 173.3 172.7 171.7 170.5 170.5 170.9 172.9 175.2 176.9 176.7 177.5 178.3 180.5 182.8 182.8 182 182.3 183.6 185 185.9 187.5 189.4 188 185.8 186.9 184.2 183.1 183.2
241 239.4 237.5 234.7 235.3 232 231.5 234.1 236.6 235.8 233.5 231.8 230.5 228.2 222.1 217.7 216.7 218.1 217.2 210.4 200.1 193.1 191.1 190.9 189.4 186.7 184.1 184.6 189 190.8 191.3 191 190.2 186.1 186.9 187.5 186.7 185.6 185.5 184.4 183.3 182.5 181.3 179.7 179.5 179.1 178.2 176.1 175.4 174.1 174.7 173.4 172.3 171 170.5 170.6 171.4 173.6 175.8 176.5 176.7 178.2 179.5 182.3 183.1 182 181.9 182.5 184.1 185.4 186.9 188.9 188.6 186.8 188.2 185.8 183.7 183.6
241.8 241.4 239.1 236.6 235.2 235.5 231.7 231.9 233.4 235.7 234.3 231.7 232.6 228.4 224.5 219.4 216.4 216.8 217.9 213.8 205 196.4 191.1 190.7 190 188.3 186.4 183 182.8 187 189 190 188.2 186.7 188 187.7 187.1 185.7 184.6 184 183.6 182.7 181.7 180 179.2 178.3 177.8 176.5 174.7 174.1 174.2 174 172.8 171.4 170.4 170.4 170.6 172.6 174.6 176.2 176.5 177.6 178.8 180.4 182 182.2 181.7 182 183.5 185.1 186.5 188.5 189.8 185.4 189.1 187.5 185.3 183.6
242.3 242.3 240.9 238.6 235.4 238.7 233.2 232.5 230.9 232.9 234.3 231.1 229.8 229.6 224.8 221.6 217.7 218 218.4 217 210.7 201.3 193.5 190.7 191.4 188.7 187.2 185.7 181.9 181.9 184.6 186.9 186.1 187.7 186.8 185.8 186 185.6 184.1 183.7 183.3 182.3 181.2 179.8 178.4 177.2 176.3 175.1 173.9 173.7 173.7 173.4 173.1 171.7 170.4 170.2 170.3 171.3 173.3 175.2 176.4 177.3 178.3 180 181.4 182.2 181.8 181.9 182.8 184.9 186.4 188.4 189.8 189.1 188.2 189.2 186.9 185.2
243.3 243 242.2 239.9 236.8 235.9 232 232.5 231 229.5 231.3 230.8 228.2 227.4 224 221 218.7 218.7 218.1 218.8 216.2 209.3 197.8 192.7 191 190.6 187.5 186.5 184.2 180.6 181 185.2 187.5 186.5 186.3 184.7 185.2 185.6 184.1 183 182.4 181.7 180.5 179.6 179.3 176.8 175.6 174.4 173.9 173.2 173.1 172.8 172.7 171.5 170.9 171 170.4 170.6 172.3 174.2 175.9 177.1 178.4 179.6 180.9 181.6 181.6 182 182.1 184 186.6 188 189.6 187.7 191.2 191.7 189 186.7
243.4 243.5 242.8 240.8 237.7 236.2 234.8 229.8 232.1 228.6 228.5 228.8 228.5 225.5 222.4 220 217.6 218.4 217.5 218.9 218.8 214.1 204.1 195.6 192 190.6 188.6 186.5 184.2 181.6 180 182.2 185.9 185.6 185.3 183.4 182.8 183.8 184.1 182.5 182 181.4 180.3 179.5 178.8 176.6 175.1 174.2 173.8 172.8 172.6 172.6 172.1 171.2 171 171.3 170 170.6 171.6 173.2 175.4 176.8 178.1 179.5 180.1 181.2 181.5 182.3 182.9 184.3 187.2 188.9 189.5 188.4 194.5 194.6 191.4 188.1
244.1 244 243.4 242.5 240.2 236.7 235.4 234.1 233.9 231.6 227.2 226.3 226.1 225.3 221.8 219.4 216.3 215.8 217 217.4 219.2 217.5 211.9 200.8 194.3 191 188.6 187 184.4 181.8 179.8 179.5 182.4 183.4 183.7 182.7 182.2 182.8 183.2 182.5 181.8 181.2 180 179.2 178.3 177.1 175.5 174.3 173.6 172.9 172.5 172.6 171.9 171.2 170.7 171.3 170 170.3 171.2 172.9 174.6 176.4 177.8 178.9 180.3 181.3 182.6 182.8 182.6 184.2 187.1 189.1 188.5 190.9 195.4 196.5 194.4 190.8
245 245.1 244.1 243.3 241.9 238.6 236.8 235 234.5 233 228.9 224.7 224 222 220.5 218.4 215.1 212.8 216.2 215.3 216.9 218.1 215.1 206.4 196.5 191.2 188.2 186.3 183.7 181.5 179.8 178.9 179.5 181.1 181.2 180.7 181.7 182 182.4 182.3 181.6 181 180.3 178.6 178.3 177.7 176.3 175.1 174.4 173.6 172.8 172.5 172.1 171.5 170.9 170.9 170.9 169.7 170.2 172.7 175.1 176.7 178 178.5 179.5 181 182.8 183.6 183.5 183.8 185.7 188.8 190 190.4 195.6 197.6 197 194.5
245.6 246.7 245.6 244.1 243.4 240.9 237.6 237.4 235.1 233.3 230.8 227.7 223.7 219.9 218.4 217.3 214.3 211.7 210.6 213.4 213.6 215.4 215.7 210.5 199.2 192.1 188.8 185.5 183.5 181.8 180.4 179.4 178.2 179.3 179.1 178.8 179.6 180.2 180.7 181.2 181.3 180.6 179.3 178.7 178.4 177.7 177 175.9 175.2 174.3 173.5 172.9 171.9 171.4 170.8 170.8 170.7 169.7 169.7 171.7 174.6 176.6 178.1 178.6 179.3 180.4 182.8 183.8 184.1 184.3 185.6 188.1 190.6 189.4 194.9 197.8 198.5 196.6
245.6 247.7 247.3 244.8 245 243.7 240.8 238.1 236.4 234.7 231.6 228.5 223.8 219.2 216.1 215.7 214 210.9 208.8 209.1 210.5 211.6 214 211.4 202.7 194.1 190.1 186.3 182.9 182 181.1 180.2 178.9 177.9 177.5 177.6 177.5 178.1 178.8 179.4 179.8 180 179.3 179.1 178.6 177.4 176.7 176.4 175.2 175.3 174.9 173.3 171.3 171.2 170.9 170.5 170.3 170.1 169.2 170.1 173 176.1 178 179.2 180.3 180.5 182.3 183.9 184.8 185 185.7 187.2 189.4 191.7 192.8 196.9 198.8 198.3
245.4 247.4 249.5 246.3 245.2 245.3 242.3 239.5 238 235.8 233.3 229.6 224.9 220.3 215.4 213.3 212.5 210.3 207.3 205.8 206 206.8 209.5 211.2 206.3 198.8 192.2 186.7 182.7 182.3 181.5 181 180.3 177.7 177.3 177.3 177 176.5 177.3 178.7 179.7 180.1 179.3 178.9 178.4 177.3 176.7 176.8 176.4 176.2 175.1 173.5 170.9 170.9 170.7 170.4 170.5 169.9 170.2 169.4 171.5 174.9 177.4 179.1 180.2 181 181.4 183.5 184.8 185.8 186.3 186.9 188.5 190.6 190.6 193.5 198.2 199.1
