ny/ny18_OST50GRID_20230518/NY18.asc
ncols 200
nrows 200
xllcorner 310000
yllcorner 580000
cellsize 50
[rows 144 to 179 of 200, columns 81 to 161 of 200]
97 106.9 118.4 124.3 126.4 128.8 133.1 137.7 143.4 150.8 157.9 162.9 168.3 175.1 181.1 185.6 187.5 187.2 184 177.2 169.6 163.1 158.8 155.9 153.4 152.1 151.2 153.1 154.1 154.7 154.6 155.1 155.9 155.3 155 153.7 153.5 150.1 146.7 144.6 142.9 150.3 152.6 148.1 153.2 148.7 142.9 137 131.3 127.2 120.7 118.1 125.5 131.6 136.2 139.9 143.7 147.8 164.5 175.3 184.2 189.8 194.3 192 187.3 183.8 180.7 177.8 173.1 168.5 164.8 161 161.3 163.2 164.1 164.2 162.7 157.9 152 146.8 141.3
101.5 110.8 121.3 133 128.6 130.9 134 137.2 141.4 147.8 152.6 156.1 160.1 165.1 170.8 175.7 178.3 181.1 180.2 174.1 166.4 159.6 155.6 152.6 150.5 148.6 149 150.7 152.2 152 152.1 152.1 153.1 153 153.7 153.4 152.4 149.1 146.7 144.6 144.9 155.2 154.6 152 152.1 148 142.9 137.4 131.8 127.5 121.4 118.1 124.6 131.4 135.7 139.9 143.2 149.6 168.3 181 186.7 190.9 194.6 192.7 188.1 184.7 180.7 176.5 172.2 168 164.4 160.5 159.3 161 162.2 162.4 161.3 157.4 152.5 147.7 142.8
104.2 112.6 122.5 133.2 136.9 136.9 134.3 136.5 140.1 145.3 149.1 152.8 156.6 160.4 164.3 167.7 170.8 176 176 171.4 163.9 157.3 152.5 149.3 147.2 145.5 146.9 148.5 150 150 149.7 150.8 153.5 153.9 152.8 153.2 151.8 148.5 146.6 144.7 146.1 154.3 154.2 151.7 150.8 146.8 141.7 136.7 131.7 127.6 122.2 117.5 125.3 130.7 135.1 139.3 142.5 157.4 172.8 182.7 188.3 191.7 193.7 192.4 189.6 186.1 181.8 177.3 171.6 167.1 163.7 158.4 157.3 158.3 159 159.5 159.6 157.3 153 148.8 144
105.3 113.8 124 137.2 142.8 144.7 141 137.5 139.9 143 146.5 150.4 153.8 157.4 161.4 163.3 165.2 169.3 170.9 167 161.8 155.7 149.7 146.4 145.1 143.4 144.7 147.1 148.1 148 148.7 154 162.8 156.6 154.2 152.8 150.2 147.6 145.5 144.4 144.8 152.4 153.2 150.6 148.9 145 140.5 135.6 130.8 127.1 119.2 116.3 123.2 130.5 135 139.1 146.4 161 174.6 184.1 188.4 191.4 192.8 191.9 189.4 187.3 183.3 178.8 171.3 165.8 161.8 157.4 157 157.4 157.6 157.8 157.6 155.4 152.7 148.1 143.4
102.5 113.1 122.8 136 143.8 149 143.6 139.1 139.1 140.1 142.6 146.1 150.1 153.8 157.7 159.7 161.7 163.6 165.6 163 159.2 154.2 148.6 144.5 142.3 140.5 143.5 145.2 146.8 147.2 148.9 156.3 163.5 159.7 154.8 152.4 149.8 147 145 143.8 144.2 149.1 151.2 149 146 143 138.6 133.8 130.2 127 118.5 116.8 124.9 131.1 135 139.1 148.5 162.4 175.9 182.2 187.5 190.4 191 190.5 188.8 186.9 184.9 180.6 173.2 165.1 159.7 156.9 155.5 154.6 155.2 155.6 155.4 153.4 151.3 146.8 142.2
104.9 113.8 122.9 134.2 143.5 149 147.9 143.8 139.7 139.1 140.8 143.5 147.2 151.3 155.2 157.2 159 160.8 162.1 160.8 157.1 152.4 146.8 142.5 139.7 136.3 139.8 144 145.9 147.9 151.6 159.6 163.9 160.3 155.6 152.5 149.9 147 144.6 143.1 142.9 146 148.2 146 143.3 140.3 136.5 132 129.2 126.5 114.7 116.4 127.8 131.7 135.7 140 149.9 163.9 173.8 179.9 184.8 187.9 189 188.1 186.7 186 184.7 181.5 175.9 168 160.1 156.3 154.6 151.5 151.9 153 153.3 151.4 149.3 145.2 139.5
103.2 112.7 121 132.1 142.9 148.3 149 145.1 140.7 138.3 139.6 142 145.6 149 152.5 155 156.3 157.8 158.9 158.4 154.3 149.4 144.5 140 136.8 136 140.5 143.4 146 148.3 155.3 160.1 163.8 162.1 156.4 152.4 149.2 146.9 144.1 142.1 141.4 143.2 144.6 142 139.6 137.6 133.9 130.4 127.8 126 113.9 119.9 128.9 132.7 136.5 142.4 152 163.5 172 176.3 180.6 184.6 186.3 185.3 184.4 184.1 183.9 181.4 176.9 169.6 161.9 156.7 154.1 151.5 145.3 150.3 150.5 149.1 145.7 141.1 135.5
104.4 112.2 120.1 131.5 141 144.7 146.7 145.6 141.3 138.6 138.5 140.9 144.6 147.9 150.1 152.2 154 155.9 157.2 155.7 151.5 147 141.8 137.4 133.6 133.6 139 142.2 145.5 149.7 154.8 160.2 163.4 162.4 156.2 152 149.2 146.2 143.2 141.1 140 142.6 142.2 138.8 136.3 134.1 131.2 128.8 127.5 116.8 113.4 121.7 129.9 133.6 137.8 143.6 153.2 163.4 169.8 174.3 177.8 181.6 183.6 182.6 182.2 182 182.1 180.4 177.6 171 163 157.3 154.1 150.4 139.9 146.5 147.1 146.1 141.7 136.6 130.8
104.3 111.8 120.6 130 138 142.1 144.4 146.2 142.7 138.6 137.7 139.1 141.4 145.2 148.3 150.4 152.2 154.3 154.7 153.4 149.8 144.2 138.9 134.5 130.6 132.2 136.2 141 145.1 148.8 154.1 160.2 163.4 161.8 156.7 151.6 148.6 145.4 142.3 139.9 138.4 140.4 141 136.3 133.8 131.5 128.7 127.2 127.5 126.7 110.8 122.5 129.8 133.7 138.5 144.5 153.5 161.6 167.2 171.4 174.8 179.2 181 179.7 179 179.1 179.4 178.4 177 170.9 163.4 157.6 153.7 149.5 143.3 142.4 143.4 142.5 136.6 131.5 126.6
107.8 113.9 121.4 129.9 136.9 140.4 143.1 146.1 144.5 139.2 135.8 137.9 139.1 141.6 144.3 146.6 148.7 151.8 152.8 151.4 147.8 142.4 137.2 132.1 128.1 129.9 134.3 138.6 143.2 146.7 152.1 158.8 162 160.8 156.3 150.3 147.1 144.4 141.1 138.5 136.6 138.1 137.3 134 131.4 129.1 126.8 125.8 127.3 126.3 111.7 121 129.3 133.3 138.1 143.5 152.8 160.1 164.7 167.9 171.8 175.8 177.2 175.7 175.3 175.5 176.3 176.5 175.2 170.2 162.8 157.1 153 147.7 141.6 129.8 138.9 137.5 132.6 127 122.5
108.5 114.3 121.8 129.4 135.7 139.1 142.2 145.5 146.4 141.4 137.5 137.3 138 139.1 140.5 142.7 144.7 147.9 150.5 149.5 146 140.7 135.3 130.1 126.9 127.9 132.1 136.7 144.6 149.8 153.4 158 160.4 159.4 155.3 149.5 145.2 143.3 139.8 137 135 133.6 133.5 130.5 128.7 126.3 125 126.4 127.5 125.4 109.3 120.4 128.5 132.4 138.3 143.9 151.2 157.5 162.3 165.9 170.2 172.7 172.8 172.9 172.7 172.5 173.2 173.6 173 168.7 162.6 156.5 151.9 146.2 138.9 129.2 134.3 132.3 127.7 122.1 117
108 114.7 121.1 128.6 134.4 137.7 141.1 144.1 147.1 143.4 138.8 138.3 137.7 137.3 138.4 139.4 140.9 143.6 146.9 147.4 144.6 140.2 133.5 128.3 125 125.3 129.4 141.4 149 154.8 161.4 159 158.5 157 153.5 147.7 143.6 141.2 138.5 135.3 132.8 130.8 130.9 128.1 126 123.5 124.6 127.5 128.4 120.5 107.9 122 127.1 131.7 138.1 145.6 151.7 156.5 160.3 162.3 168.4 171.7 170.7 169.5 169.3 168.9 170.3 171.2 170.5 166.4 161.7 155.5 149.1 143.2 137 131.4 128.5 126.7 122 116.8 111.8
106.8 113.4 120.6 127.9 133 136.2 140.1 144.3 147.4 145.3 141.2 138.5 137.6 137.6 136.1 137 139.2 140.9 143.7 144.7 142.6 138.6 132.3 126.8 123.4 124.2 131 146.9 152 156.2 162.4 157.3 156.2 154 150.3 145.2 141.5 138.2 136.8 133.4 130.8 128.3 128 126 123.5 121.9 124.2 127.7 127.7 114.9 105.5 119.9 127.1 132.1 138.6 146.5 153 155.6 158.6 161.7 167.6 170.1 168.1 166 165.5 165.5 167.9 168.3 167.6 163.9 159.8 153.5 146.7 140.6 133.9 127.2 115.7 121.3 116.4 111.9 108.9
107.5 115.2 120.2 126.6 132.2 135.8 140.3 144.5 146.5 146.2 143.7 140.1 141.1 141.3 136.3 133.7 135.8 137.3 139.7 141.5 140.1 138.1 131.5 124.9 121.8 123.7 130.7 146.9 153.2 155.9 158.9 155.4 153.3 150.8 146.6 144 139.9 135.1 134.2 131.5 128.7 126.6 125 123.6 121 122.1 123.5 126.6 124.6 111.9 106.2 120.6 126 132.8 139.1 145.6 151.8 153.6 157.1 161.2 165.8 166.6 164.8 163.6 160.9 163.1 164.6 165.8 164.4 160.4 156.5 150.9 144.1 137.7 130.9 124.5 119.9 116.8 113 108.5 103.3
107.3 114.1 120 126.4 133.2 136.1 140.8 145.2 146.2 146.7 146 141.8 140.9 139.6 136.2 133 132.7 134 135.7 137.7 137.9 135.9 129.9 123.2 120.7 122 128.8 142.8 151.6 153.9 156 153.6 150.4 147 143.3 141.7 138 132.7 131.3 129.4 126.8 124.8 123.3 121.6 119.3 120.7 123 125.4 122.4 106.2 106.8 121 122.5 131.5 138.6 145.8 148.6 151.9 155.6 159.5 162.5 162.7 161.2 160 157.5 159.1 161.4 162.9 161.1 156.7 151.5 147.4 140.2 134.2 127.6 121.1 115 111.3 109.4 103.2 100.9
106.2 113.5 119.4 126.1 130.8 136.3 142.3 146.9 147.1 148.2 149.4 144.7 141.6 140 136.7 133.2 129.1 130.6 132.1 134 134.7 134.1 129.4 122.3 119 120.5 129 141.4 148.2 151.3 153.2 151.8 148.1 142.4 140.7 139.1 134.7 131.8 129.7 127 125.4 123.2 121.3 119.6 117.7 118.7 121.1 124.2 121.1 104.3 105.9 117.8 124.9 132.2 139.2 143.2 147.5 150.7 154.7 157 158.8 158.8 157 155.1 153.1 155.1 158 159.2 157.2 153.4 148.1 141.9 136.4 130.4 123.5 118.3 113.1 109.7 105.2 100.7 100.8
106.4 112.6 119.7 125.8 130.8 136.9 146 149.5 149.5 150 150.5 144.9 140.7 138.5 135.6 132.3 128.7 126.8 128.6 130.3 131.1 131.3 128.6 121.6 117.9 118.7 126.6 139.3 145.8 148.8 150.1 149.1 145.4 139.9 138 136.4 131.9 127.3 126.8 125.9 122.7 122.2 120.2 117.9 116.3 116.7 119.8 122.9 119.7 103.1 102.5 116.7 130 135 138.6 142.5 145.9 149.4 153.3 155.5 155.1 154.6 152.7 150.3 150.7 152.3 154.3 155.1 153.2 147.6 142.5 137.5 132.4 126.7 120.2 114.7 109.5 105.5 101.3 100.5 100.4
105.7 109.4 117 126.5 133.1 141.1 149 151.2 151.1 150.5 149 146.5 141.1 137.1 134.6 131.5 128.4 124.5 124.7 125.7 126.6 128.2 126.9 120.8 116.9 117.9 124.1 136.4 142.5 145.3 146.9 146 143 138 135.6 132.9 128.2 124.7 122.6 122.4 120.1 119.4 118.6 116.6 115.1 114.5 118.1 121.4 117.6 100.2 106.1 120.8 129.2 133.3 137.3 140.9 144 147.2 151.4 152.1 151.6 150.9 148.8 146.5 146.8 148.6 150.2 151.3 149.4 143.4 138.5 133.6 128.7 123.5 116.4 111.5 107.3 98.9 99.8 99.9 100.1
102.6 110 117.9 126.1 135.1 144.1 150.7 153.6 151.9 151.2 149.5 147 140.9 135.3 132.9 130.3 126.9 123.1 121.4 121.9 123.4 125.1 124 120.9 116.6 115.8 122 133 139.3 141.7 143.1 142.5 139.9 136.2 132.7 129.9 126.8 123.1 122.4 122 117.8 116.9 116 114.9 113.8 113.1 116.8 119.9 117.3 103.8 105.3 117.7 127.2 131.9 135.7 138.7 140.4 143.8 149.6 148.5 147.9 146.5 144.8 144.1 143.3 145.1 146.6 148 146.3 142.2 135.4 130.6 126.2 120.8 114.1 108.2 99.6 99.6 98.6 99.2 98.5
100 110.4 118.7 126.7 136.1 145.6 152.3 155.8 153.8 151.8 149.2 145.7 140.3 134.9 130.8 128.3 124.1 121.3 119.1 118.5 120.1 122 123.1 119.2 115.1 114.3 119.2 129.4 135.1 138.5 139.4 139.1 137.5 133.4 130.8 128.8 124.7 122.4 120.8 118.8 116.2 114.6 114.3 113.3 111.5 110 113.8 117.9 114.8 103.7 105.4 117.3 124.2 129.8 133.1 136.1 138.6 142.7 145.2 145 144.4 141.8 140.7 140.3 140.1 141.8 143.2 144.5 143.4 140.3 134.6 127.4 123.5 117.9 110.9 103.3 98.4 98.8 97.7 97.8 100.9
98.8 109.1 119.4 128.1 140.5 148.4 153.3 156.5 155 152 148.4 144 138.4 133 128.2 125.4 122.8 120.6 117.5 116.6 117.3 119.6 120.7 118 114.3 113.5 116.1 125.9 131.8 134.9 136.2 135.8 134.5 130.9 128.5 126.2 123.6 120.2 117.5 119.3 117.4 114.8 112.5 111 111.1 111.3 111.8 117.1 113.5 105 100.6 114.6 120.7 125.5 129.8 132.7 135 138.4 140.2 140.3 139.2 139.1 138.5 137.4 137.8 139.2 140.2 141.9 140.8 137.9 132.2 124.4 119.9 114.5 105.3 100.7 97.7 98.2 100.7 106.9 110.8
97.2 111.1 122.5 135.9 150.3 153.5 155.3 155.7 154.8 151.8 147.4 142.4 136.7 131.1 125.8 123.7 123.3 120.6 116.2 115.3 115.2 117.1 118.2 116.2 113.5 112.8 114.2 121.6 127.6 130.9 132.6 132.5 131.4 129.1 127.1 124.7 121.2 118 115.4 114 117.7 117.8 112.6 110 110 110.1 109.5 115.1 113.4 107 95.6 110.4 116.9 120.7 124.4 128.7 131.5 134.4 135.9 136.7 137.4 137 136.4 135.5 135.7 137 139.4 140.7 139.2 136.3 130.2 121.9 117 109.7 100.8 99.1 98.5 97.9 103.1 109.2 110.9
100.4 111.1 123.1 137.2 152 156.5 156 155.3 153.8 150.3 145.4 140.4 134.3 129.1 124.5 122.3 122.2 119.4 116.6 114.4 113.9 115.5 116.7 115.4 113.3 112.2 112.6 116.7 122.1 126.7 128.6 128.7 127.6 126.7 124.7 122.6 119.7 116.3 113.9 111.9 111.6 116 114.2 109.4 108.9 108.8 106.6 111.5 110.2 106.4 94.5 106.8 112.4 117.8 121.3 124.8 127.3 130.5 132.9 133.8 133.5 134.3 133.6 133.1 133.8 136.5 139 140 138.6 135 128.8 120.3 114.4 105.4 100.6 98.8 98.7 97.2 104.5 109.6 113
101.7 111.5 123.2 135.8 148.8 154.6 154.6 153.6 151.9 148.9 143.9 138.6 132.4 128 123.6 120.2 119.8 118.4 116.4 114.2 113.3 115.2 115.5 114.2 112.9 111.6 111.4 113.9 118.5 123 124.9 124.5 123.6 123.4 122.3 120.3 117.5 115.6 113.1 111.6 111.5 114 108 107.6 107.7 107.9 102.1 108.2 107.6 104.4 90 104.7 107.3 115.1 118.3 121.3 123.6 126.3 130.8 131.7 131.3 131.2 130.8 131.2 131.5 134.6 138.9 139.6 138.1 134.1 126.9 119.1 113.8 106.8 100.2 98.4 97.1 98 105.1 110.7 116.2
100.2 111.7 123 134.6 145.3 150.7 152.4 151.7 149.7 146.6 142.1 136.7 131.1 126.2 121.7 119.1 118.4 117.9 117.4 115.2 114.4 114.6 115.2 113.6 112 110.5 110.7 112 115.7 119.8 121.8 120.9 120.5 120.1 119.8 118.5 116.9 114.9 112.9 112 109.8 112.1 107.5 106.7 106.2 107 106.7 104.8 104 100.2 86.7 102.2 108 111.9 115.8 117.9 119.9 121.2 127.1 128.5 128 127.5 128.3 129 129.9 134.5 138.9 140 138.1 133 124.5 118.1 113 106.1 99.6 98.3 98.3 100 107.8 111.9 118.3
96.8 111.2 122.7 132.6 142.3 146.8 149.4 148.6 147 144 140.4 135 129.7 124.5 119.7 118 117.6 117.7 117.6 115.6 114.4 114.3 114.1 113.5 111.9 111.1 108.6 110.8 113.4 117.1 118.7 118.2 117.7 117.2 116.6 116.1 116 115.1 113.1 111.7 109.3 108.6 109.6 105.8 104.6 105.8 104.8 99.5 100 86.3 90 102.7 110.6 113.4 113.4 115.3 117.6 119.4 123.5 125.5 124.9 124.9 125.9 126.7 128.7 134.2 138.6 140 137.6 131.1 122.6 116.5 111.7 103.5 98.5 97.9 98.7 101.7 108.1 113.5 119.6
98.1 108.2 121 127.2 138.6 143.6 145.9 145.5 143.9 141.6 138.3 133.4 128 122.9 119.5 117.3 116.6 116.4 115.9 115.1 113.8 114 112.7 112.7 112.4 111.7 110.5 109.3 111.2 114.4 116.6 116.5 116.1 114.7 114.1 114.4 114.8 114.9 113.4 111.5 110.9 107.3 108 104.5 102.7 103.1 98.8 95.8 85.4 88.3 103.5 106.5 110.6 113.6 113.4 113.2 115.3 117.5 120.3 122.3 124.3 124.5 124.7 126.1 127.4 133.3 138 139.2 135.5 128.1 120.7 115 100.9 97.4 96 97.8 97.7 102.6 109.7 117.3 120.6
97 108.1 118.3 127.7 134.8 139 141.5 142.6 141.6 139.4 136 131.8 126.5 121.2 119 116.4 115.1 114.9 114.8 114.4 112.9 112.9 112.3 112.7 112.6 112.3 111.1 106.6 110.3 112.9 114.6 114.5 114.3 112.7 112.1 112.4 113 113.2 113.8 113.7 111.8 106.3 106.4 106.7 100.9 98 83.8 82.7 84.3 82.6 90.6 105.7 108.8 112.4 113.4 112.7 113.5 115.5 117.4 120.3 122.4 121.9 123.8 126.2 126.8 131.4 132.4 131.7 131.7 125.3 118.6 111.5 97.4 99 99.5 99.2 95.6 103.5 110.1 117.7 121.2
96.9 106.2 114.6 125.6 130.8 134.9 137.6 138.5 139.1 136.8 134.1 130 124.3 119.9 117.2 115.3 113.9 114 114.4 113.5 111.5 111.1 112.4 112.7 112.6 112.6 112 108.7 108.6 110.9 112.7 112.5 111.7 110.8 110.3 110.7 111.5 113 114 114.5 113.2 109.6 100.5 107 102.2 81.9 83.7 84.1 84.2 84.4 84.5 88.2 103.5 107.7 111.5 112.6 112 114 115.7 118.2 119.9 119.9 123.1 123.1 121.5 110.5 109.7 114.3 117.1 120.9 108.2 94.3 100.9 105.3 105 104.7 102 104.5 110 117.8 122.2
95.9 105.3 114.1 122.7 128 131.6 134.4 135.7 136.5 134.3 131.7 127.8 123.5 119.7 116.7 114.5 113 112.8 113.2 112 110.1 109.5 110.9 111.8 112.5 112.8 111.6 107.8 105.4 108.4 110.2 110.7 110 109.3 108.6 109.3 109.4 111.6 113.3 114.9 113.2 109.2 103.1 102 93.1 81.1 82.7 83.3 83.9 84.4 85.1 83.1 94.8 101.6 107.6 111.3 111.1 112.5 114.2 114.5 118 119.1 121.3 115.1 105.4 91.8 93.5 92.9 92.5 101.4 94.8 103.8 108.2 112.8 116.2 112.6 108.4 104.4 110.1 117.2 122.6
96 105.4 114.4 120.6 125.6 128.8 131.4 132.8 133.6 131.3 128.7 125.9 122.5 119.2 116.4 113.6 112 111.4 111.6 111.3 109.7 108.7 110.2 113.2 113.2 112.2 110.7 108 104.6 105 109.1 109 108.2 107.6 107 107.1 108.3 109.6 110.6 110.9 107.3 104.7 102.3 91.4 93.4 82.6 82.7 83.1 83.6 84.5 85.2 85.3 85.9 100.6 105.7 111.1 111.9 111.7 110.5 115.3 116.6 117.3 112.5 100.6 93.3 94.3 96.4 100.8 102.6 103.9 109.2 111.1 113.9 119.5 122.1 118.1 112.7 106.2 111.6 117.1 122
95 104.6 113.5 119.8 123.8 126.6 129 130.1 131.3 128.6 127 124.4 121.6 118.9 116.2 113.4 110.4 109.6 110.9 111.8 110.1 108.5 109.6 112.6 112.9 111.9 111.1 108.4 106 105.3 107.2 107.1 106.4 106.1 105.5 105.3 107.2 106.3 106 99.9 93.2 92.6 94.6 84.8 94.9 83.4 82.4 82.8 83.4 84.1 85.3 85.5 83.5 99.5 105.4 111.6 111.8 108.3 112.6 113.6 114.9 113.2 104.8 90.5 93.4 98 109.7 116.1 118.4 116.5 117.7 120.1 119.8 126.8 125.2 120.4 116.1 107.9 112.3 117.6 121.4
94.4 102.8 112.1 118.5 122.9 125.5 127.6 128.9 130.2 128.3 126.4 124.4 121.7 118.5 115.9 113.3 110.6 108.8 109.6 110.9 110 109.3 110.1 111.9 112.4 112 111.2 109.8 106.3 100.7 105.7 104.9 103.5 102.4 103.9 103.8 104.9 93.9 76.9 79.7 79.5 80.2 78.8 78 82.8 86.2 79.2 82.2 83.4 87.3 98.5 101.6 90.5 100.8 105 112 110.3 110.4 111.1 113.1 110.5 107.9 91.5 93.2 98 112.1 119.8 126.7 126.3 127 125 129.5 126.7 129 126.8 122.4 118.1 111.2 114.5 119.6 125.4
94.5 101.9 109.9 116.6 121.8 123.8 125.6 127.2 128.3 126.2 124.2 122.3 120.7 117.8 115 112.4 109.8 108.1 109.1 109.8 109.1 108.6 108.5 110.7 112 112.3 111.3 110.3 106.5 102.2 101.9 103.2 101.9 100.7 100.4 102.5 101.1 76.3 78 79.3 80.6 81.5 82.1 82.5 82.1 84.5 83 83.2 88.4 105.3 115.2 116.4 98.9 92.1 105.6 108.5 106.9 99.7 109.3 108.5 96.4 93.8 92.1 98.4 109.5 121.3 126.3 133.2 131.8 131.9 135.6 134.4 129.7 129 128 124.7 123.6 117.2 116.6 122 128.5
93.5 101.5 108.2 114.9 120 122.1 123.9 125.7 126.5 124.3 121.9 120.3 119.3 117 114.3 111.5 108.9 106.9 107.9 108.5 108.6 107.9 108.1 110.4 112.3 112.9 111.4 110.2 107.1 103.2 94.9 101.4 100.2 98.4 97.9 99.7 92.9 78.1 78 79.5 81.1 81.8 82.3 83.9 85.2 90.9 91.5 92.3 97.1 109 112.1 118.2 112.3 85 104.1 97.9 87.1 93.3 89.4 90.6 90.2 90 93.5 106.3 115.5 122.8 132.9 136.6 135.9 137.6 136.2 134.9 131.3 129.3 128.2 126.4 125 119.4 118.8 123.3 130.1
92.2 100.2 107.4 112 117.9 119.9 121.6 123.5 124.4 122.3 119.9 118.6 117.6 115.8 113.1 110.5 108.1 106.4 106.5 107.2 107.9 107.6 107.3 110.1 112.7 113.4 111.9 109.5 107.1 102.7 97.9 95.6 97.2 93.2 97.5 98.6 89.9 76.2 78.4 79.2 80.6 88.3 93.8 88.2 89.7 89.8 93.3 94.7 99.9 111.2 119.8 119.6 114.6 92.4 89.5 85.9 105.7 109.4 111.4 110.2 103.7 101.9 105.5 110.7 123.9 134.9 136.8 143.6 144.3 139.5 137.1 134.2 134.7 130.8 129.2 127.4 125.2 122.4 124.2 126.8 131.7
