ny/ny18_OST50GRID_20230518/NY18.asc
ncols 200
nrows 200
xllcorner 310000
yllcorner 580000
cellsize 50
[rows 0 to 35 of 200, columns 81 to 161 of 200]
166.9 155 147.7 141 133.8 129.5 131.8 140.8 152.7 157.3 158.9 161 163.6 165.5 163.9 157.3 157.6 159 159.7 158.5 158.2 156.7 153.1 153 148.9 144.9 140.9 137.9 140.1 140.4 140.1 138 135.8 129.7 113.2 112.9 114.2 113.3 117.4 131.6 139.8 142.1 145.8 154.6 166 174.6 174.7 175.8 178.5 181.2 182.9 185.8 186.7 188.8 193.1 195.9 199.2 199.5 197.7 194.6 193.8 193.7 198.5 204.7 207.5 210.4 213.4 215.7 214 211.5 211.7 207.3 201.5 202 204.1 211.7 219 225.2 228.6 226.2 218.8
161.5 152.2 144.8 140.4 131 129.3 143.3 145.7 150.5 164.1 171.7 172.3 170.1 171.3 166 161.9 150.9 155.2 156.8 156 155.9 153.9 150.8 151.5 145.9 143.2 141.9 134.8 138.9 139.2 139.1 138.1 136 114.3 113.1 113.5 111.6 115.7 117.1 127.8 128.2 133.3 140.6 150.1 164.2 172.3 173.1 174.6 177.4 178.9 180.3 182.4 186.5 191 193.9 197.5 201.9 201.8 199.4 198 195.5 196 204.8 207.4 208 213.4 218.2 220.4 217 215.9 213.8 208.8 205.9 206.1 209.6 214.2 218.9 225 224.9 221.2 216.7
154.3 143.1 142.2 139.1 131.4 135.2 142.5 144 152.5 167.7 173.8 185 182.3 178.1 171.9 163.1 152.4 151.9 153.1 153.9 153.8 149.8 147.8 147.4 141.4 140.9 139.2 136 138.1 138.8 138.8 140 124.2 112.3 112.9 111.6 115.2 117.9 121.6 128.2 138.2 148.7 157.2 152.5 163.8 169.6 170.9 172.1 173.4 175.7 177.5 183.1 185.9 190.3 194.3 200.1 202.9 203.2 202.4 202.6 199.5 202.3 208.8 212.6 215.8 218.6 221.5 220.6 220.3 220.2 217 212.9 210.8 209.2 211.6 214.3 219.5 222.2 220.3 217.6 215.2
154.6 144.6 135.5 129.1 127.8 137.1 143.3 142.9 155.5 168.8 174.5 185.9 189 187.5 178.8 166.7 153.2 146.7 150.8 150.6 149.7 146.7 145.8 143.1 139.2 139.2 136.1 131.7 138.5 138.6 139.7 136.8 111.2 111.9 111.3 113.9 117.3 124.9 135.9 142.9 153.4 163.2 163.4 160.8 164.4 167.4 168.8 168.9 169.7 170.2 176.5 181.4 185.6 188.8 194.2 201 203.3 204.8 203.6 204.6 205.7 207.1 210.8 216.3 218.7 220.3 221.1 222 222.5 222.1 220.9 215.9 215.5 210.9 209.8 214.1 218.5 219.2 216.6 214.8 213.6
153.8 144 135.4 129.8 126.3 140.1 142.2 144.9 158 167.4 180.3 188.2 189.3 188.5 181.3 172 158.7 145.4 148.2 147 145.4 142.1 142.7 140.7 138 136.2 131.1 134.1 136.6 137 139.9 122.2 111.1 110.5 113.3 116.7 127.2 142 147.7 155.7 166.5 169.1 166.7 163 162.5 164.7 165.5 165.9 167.1 170.6 175.1 181.2 184.5 187.2 193.8 199 201.3 204.3 204.9 206.6 206.7 207.8 211.1 215.8 217.4 218.6 219.8 221.6 220.9 221.4 222.2 220.4 219.1 216.5 213.5 213.3 216.1 216.7 214.3 212.9 212.1
152.6 141.5 134 128.6 125.1 137.2 139.3 148.3 159.2 169.3 177.8 188.3 190 185.8 179.7 171.5 158 146.5 145.9 144.5 142.7 139.6 139.6 137.9 135.2 132.3 127.2 134.3 135.8 132.3 126.6 110.6 111.3 111.2 115.8 129.5 141.9 154.2 157.5 167.4 173.3 174.5 168.5 164 162.9 164 166.8 168.3 169.5 171 176.1 180.6 183.4 186.9 192.6 196.2 199.2 202.9 205.2 204.7 205.9 208.2 210.6 212.6 215.1 216.2 217.8 219.4 219.1 221.3 225.6 221.7 221.4 220.2 215.1 214.8 215.6 214.4 212.5 211.7 211.2
149.8 138.7 133.7 128.2 125.6 135.9 140.9 152.7 162.8 171.8 180 186.6 188.7 184.4 175.9 165.7 153.9 147.2 143.6 142.2 140 137.1 136.1 133.9 134.8 129.6 129.6 132.5 130.8 125.6 110.8 110.1 110.1 115.6 128 141.7 156.1 164.7 171.5 177.4 181.6 177.1 172.2 168.7 168.4 168.8 167.9 172.9 170.8 176.1 180 178.7 182.2 187.2 192.5 194.8 197.4 201.6 203.5 203.1 203.4 205 208.1 211.2 213.1 214.7 216.5 218.5 220.4 222.1 224.3 223.5 223.2 219 217.7 216.4 215.7 212.4 210.7 210.1 209.5
147.4 138.6 133.8 126.4 125.3 135.8 143 153.3 161.7 171 180 185.4 189.7 182.8 172.8 161.6 149.4 144.8 144.1 141 135.6 135.4 133.2 134.2 133.4 123.5 127.9 129.9 124.4 110.6 109.9 109.3 118.3 130.5 140.4 154.4 166.5 174.5 183.3 186.9 184.1 180.6 176 172.6 170.4 169.9 178.9 180.3 173.9 179.1 179.7 179 184.4 189.2 192 195.3 202.3 203.6 203.8 202.6 201.6 203 205.4 208.2 210.7 213 214.8 218.5 221.5 220.7 222.2 223.7 226 220.3 220.2 218 215.6 210.9 208.4 208 207.5
145.2 138.5 133.1 129.1 124.2 133.3 142.5 152.7 160.4 168.7 177.4 182.9 183.9 178.9 167 156.3 146.8 142.9 143.8 141 134.9 132.9 127.4 130.9 127.9 114.8 122.4 117.4 109.3 108.9 108.6 117.8 128.3 138.5 152 167.4 172.2 182.4 191 191.3 188.3 184.1 177.1 174 178.2 182 184 181.1 182.4 178.8 177.3 181 188.2 192.3 199.5 202.9 204.7 203.3 201.4 198.2 199.3 201.2 202.8 206.1 208.8 211 214 217.5 220.2 219.1 222.1 226.1 228.7 225.5 223.6 221.1 217.5 213.9 208.8 207.1 206.8
143.4 137.2 128.6 125.6 122.4 130.7 142.3 151.5 158.6 166.8 173.9 178.6 178.1 171.6 160.4 150.4 142 140.6 142 138.1 130.2 125.5 124 122.8 118.9 108.2 108.6 109.2 109.5 109.2 114.4 124.8 134.8 148.2 160.2 170.6 177.5 189.5 194.8 193 190 185.1 179.8 185.6 183.5 183.7 183.8 186.4 191.7 183.9 187.3 189.6 196.3 200 203.1 204.5 204 202 197.3 194 196.4 198.9 200.7 204.1 206.8 209.5 212.7 215.8 218.9 219.6 224.1 228.5 229.3 233.8 229.5 226.5 225.7 217.9 210.7 207.7 207.3
141.7 133.6 133.2 126.6 121 129.5 138.9 146.6 153.9 160.6 166.2 171.9 172.3 165.6 155.6 147.5 138.2 137.9 137.8 132.8 122.8 123.8 120.9 107.8 107.1 107 108.1 107.4 109.3 113.1 120 128.8 139.6 153.5 166.1 178.7 187.7 193.4 196.6 192.2 189.4 190.4 192.2 198.8 189.4 191.7 197.5 201.5 197.2 192.4 201.1 202 203.4 203.6 204 203.3 202.8 200.7 194.1 191.1 194.6 196.2 198.6 201.4 203.8 205.5 208.6 212.7 217.2 221.7 225.6 229.7 233 237.2 233 230 223.7 221.3 216.9 212.2 209.5
139.9 138 135.4 127.7 121.5 130.4 138.3 143.2 147.5 154.7 160 164.3 164.3 157.1 151.3 143 134.9 134.2 131.6 126.1 117.6 113.9 105.6 107.7 106.5 107 107.5 109.1 111.4 119.7 129.3 141 147.6 159.8 170 180.4 188.8 195.2 194.7 189.4 191.2 193 197.2 198.7 198.7 205 204.5 205.8 198.7 202.8 204.1 205.2 204.2 203.4 202.6 201.9 200.9 199 193.2 189.7 192.5 196.4 197.4 200.2 202.8 204.7 206.7 210.9 215.5 221.1 225.4 229.9 240 237.9 235.5 233.3 230.8 225.5 221.6 217.7 214.1
139.1 139.2 135.5 128.8 119.1 126.8 136.3 140.3 144.2 148 153.2 156.8 155.5 148.4 144.3 138.9 129.3 130 124.1 117.2 104.8 104.7 105 106.6 106.7 107.2 107.4 108 113.6 125.2 140.1 153.5 161.8 167.2 174.3 180 188.4 196.6 192.1 189.6 192.4 195 196.6 197.9 207.4 211.8 210.6 200.8 208 206.3 205.3 205 203.2 202.1 201.2 200.4 198.1 194.1 190.7 187.8 192.1 194.6 196.5 199.4 202.3 204.3 207 209.6 212.9 217.7 223.6 230.5 236.8 236 235.2 233.9 231.4 226.7 221.7 217.6 212.7
137.8 139.9 135.8 130.2 123.4 124.5 132.3 137.9 139.9 143 147.3 150.3 148.7 142 135.5 130.8 124.7 120.4 114.4 104.7 104.8 104.3 105.4 106.4 107.1 108.7 116.1 123.1 133.5 146.2 154.2 160.1 169.9 171.8 175.5 180.8 186 191.8 189 192.7 201 205.8 197.5 197.9 212.4 213.8 204.4 208.1 208 206.1 205.4 203.8 201.9 200.5 199.7 198.8 195.2 191.3 185.6 188.1 191.6 194.2 194.8 198.4 201.8 204.7 207.9 209 211.7 215.5 221.7 229.2 233 233.2 232.1 231.9 227.2 224.2 219.6 215.5 210.9
139.3 139.9 137.2 132.7 127.6 115.4 128.3 134.4 136.1 139.1 142.1 146 141.4 134.8 127.5 121.6 117.2 109.5 104.8 105.2 105.2 105 103.6 112 123.2 127.3 134.9 143.5 152.7 159.9 163.3 165.5 165.8 170.5 175.8 181.5 186.2 186.2 187.7 200.6 207.4 209 199.4 204 211.5 207.8 207.4 207.4 206.6 204.3 203.7 202 200.2 198.6 197.8 196.3 192 188.1 183.3 187.5 191.1 193.7 195.7 198.1 201.4 204 206.7 208.8 211.3 215.7 221.3 226.3 229.8 228.5 226.9 225.2 222.2 221.1 217 214 209.6
147.1 147.3 146 139.2 129.5 124.8 117.5 130.7 133 135.1 138.2 140.1 134.3 126.8 119.3 114.6 105.1 104.1 104.6 105 102.2 105.9 123.2 132.2 142.1 143.8 152.2 159.2 161.8 167 169.1 172.2 173.1 170.5 174.2 178.7 182.2 187.3 198.5 207 210 209.9 202.3 205.9 208 206.9 208.2 206.2 204 202.7 201.8 200.2 198.4 196.7 195.2 192.6 189 184.1 185.9 188.2 190.7 191.5 194.5 197.9 201 203.4 205.4 207.8 210.8 215.5 220 224.1 226.7 224.8 222.3 220.7 219.1 217.8 214.6 211.8 208.5
160.3 156 153.2 142.3 132.1 126.6 115.7 119.9 129.8 131 132 133.7 127.6 119.8 110.7 103.5 103.7 104.1 104.2 102.6 111.6 124.1 136.9 143.5 152.8 158.8 163.1 167.2 169.9 175 178.6 182 178.5 173.2 177.4 179.5 183.9 191 200.9 205.5 205.8 204.4 198.4 203.2 204.5 206.4 205.6 202.8 200.8 200.8 199.8 198.4 195.8 194.2 192.4 189.7 185.7 180.7 184.3 187.8 189.7 191.8 194.4 197.6 200.5 202.2 203.9 208 212.4 217.6 221.9 223.2 223.4 221.6 219.7 218.4 216.6 214.3 211.3 209 206.7
169.2 168.8 161.9 147.4 133.8 126.8 115.8 113.7 126.1 126.7 127.7 126.3 118.4 109 102.7 103.4 103.9 104.1 103.4 112 123 136.8 146.3 154.4 162.5 165.7 170.7 175 179.6 185.8 190.4 188.5 179.2 174.3 176.1 180.5 183.5 191.7 199.2 202.4 202.1 199.1 196.5 200.7 201.1 201.7 201.6 199.6 198.5 198.8 197.9 197 195.9 193.7 190.8 187.1 182.3 179.9 182.7 186.6 190 191.5 194.3 197.4 199.8 201.8 203.8 208.4 214.1 219.1 221.2 219.7 218.6 216.2 214.8 213.9 212.8 210.6 208.5 206.5 205.2
175.3 178.9 170 157.2 137.3 126.3 119.9 111.5 121.1 123.7 124.1 119.3 110.4 101.8 102.4 103.2 103.4 101.9 109.6 120.6 133.8 147.9 157.3 165.7 171.2 173.4 175.7 180.5 185.5 191.4 194.8 191.9 182.7 177.4 177.3 180.6 185.9 190.8 196 199 197.9 195.4 196.4 197.8 198.2 198 197.5 196.9 197.4 197.8 197.1 196.8 196.1 193.1 189.5 185.6 180.6 181 182.3 186.1 189.2 190.1 192.5 195.5 198.5 200.1 204.8 208.9 216.8 217.6 217.6 215.9 214 213.2 212 210.8 209.8 207.3 205.9 205.6 205.2
180.8 177.8 172.6 163.3 146.2 129.2 120.9 111.1 112.4 119.9 119.6 114.3 101.4 102 102.4 102.4 101.6 104 115.1 130.6 144.3 156.9 166.7 176.7 177.9 178.2 180 183.9 188.5 191.7 192.1 189.5 181.3 177.2 179.5 182.6 186.5 190.5 193.5 195.3 193.7 192 192.4 193.7 194.1 194.2 193.9 194.1 196.1 196.4 196.7 196.4 195.1 192.1 188.7 185.2 179.3 179 181.8 186.8 188.5 190.4 191.9 193.6 197 199.8 205.3 211.9 214.8 215.9 216.9 213.5 212.1 211.6 209.8 207.4 206 205.3 205.4 204.8 204.3
179.2 175.7 167.6 159.9 146.3 128.6 120.3 116.6 108.1 115.6 114.9 106.7 101.6 101.4 101.9 101.5 106 117 129.5 143.7 154.1 160.6 172.3 177 178.1 176.7 181.3 184.5 188.2 188.4 186.7 183.7 179.6 177.6 180.1 183.1 186.3 188.3 191.8 193.2 190.9 189.3 191.7 191.4 191.3 190.7 189.6 191.6 193.7 195.4 196.9 195.9 194.5 191.7 188 185 180 178.1 181.9 184.7 187.3 189.1 191.3 193 195.7 202.8 207.9 213 215.4 215.2 215.1 212.6 211.2 210 207.7 205.2 203.4 202.3 202.3 203 202.2
180.7 174.5 166.6 154.4 139.6 127 121.2 117.2 112.7 107.1 111.3 100.8 101.1 100.4 100.5 111.6 118.4 124.6 133.7 145.9 155.9 161 166.5 167.1 168.9 172.4 176.3 182.2 187.9 187.1 183.4 181.5 179 176 179.8 182.6 185.1 187.7 191 190.4 188.1 187.9 189.5 188.9 189.1 188.6 187.7 190 192 194.3 195.9 195 193.8 190.6 187.2 184.7 181.2 177.3 180.5 182.6 186 187.4 189.6 191.5 196.3 202.4 207.9 212.8 214.5 214.8 214.5 211.8 210.4 208.2 205.7 203 200.9 201.3 201.5 201.5 200.8
182.7 176.2 167.2 157.1 140.9 127.9 120.8 116.1 113.4 106.6 99.9 99.2 99.6 101.6 110.6 119.9 122.9 129.7 137.9 148.6 153.6 157.2 160.6 163.5 166.6 170.4 174.9 182.3 186.4 184.1 181.1 179.2 177.5 174.4 179.3 181 184.1 187 188.9 186.8 184.3 186.2 186.9 186.6 186.4 186.2 185.8 187.4 189.8 191.8 193.7 192.6 192 189.3 185.7 183.1 180.2 177.5 180 180.6 184.1 185.7 187.7 190.4 197.5 203.5 208.4 212.2 213.5 213.9 213.6 212 209.4 206.4 203.9 201.4 201 201.2 201.2 200.7 200.6
179.5 172.4 164.7 154.6 142.6 127.9 118.3 114.6 109.3 104.5 98.8 100.6 101.1 109 119.1 124.2 126.8 133.8 141.5 147.8 152.4 155.4 158.2 161.2 163.8 168.2 171.8 177.5 181.6 179.6 178.3 177.2 174.7 174.1 177.7 179.8 183.1 185.5 185.2 183.3 181.3 184 184 182.7 183.4 183.3 183.7 184.4 186.1 187.9 189.7 191.3 190.1 186 183.9 181.5 178.6 176.7 178.8 180.3 182.3 184.5 186.3 192.4 198.8 203.9 208.8 212.2 213.2 214.4 214.4 212.3 209.7 206.5 203.1 200.5 201.2 200.6 200 200 200.5
178 170.4 159.5 147.3 137.6 128.7 117.4 113.1 109 104.5 99.9 100.6 102.6 113.7 122 126 129.2 132.6 143.7 147.4 150.8 153.7 155.9 159 160.9 164.8 167.3 170.6 174.6 175.7 174.6 174 170.4 173.3 175.5 178.4 181.3 181.8 181.2 180.3 178.3 181.9 180.8 179.2 177.9 180.4 181.7 181.6 183.6 185.5 186.6 187.9 188.1 182.9 180.7 178.9 177 176.3 177.2 178.7 179.8 182.4 188.5 194.7 200 204.6 209 212.6 214.3 215.8 215.5 212.9 209.6 206.2 201.2 200.5 200.1 199.3 198.8 199.3 200.5
176.2 166.9 157.2 145.6 134.4 125.4 116.1 111.4 106.2 103 98.8 99.2 109.2 114.8 120.3 126 130.3 134.8 141 144.2 148.1 150.7 153.5 155.7 157.4 161.9 163.9 166.8 169.3 169.8 169.7 169.5 164.9 170.1 172.6 174.9 177 177.8 177.2 175.8 175.9 176.4 175 175.3 176.8 178 178.5 179.6 181.5 182.6 183.6 185.7 182.5 178.9 177.4 176.7 175.7 177 177.5 178 178.6 182.7 188.6 195.6 201.4 206.4 210.7 214 216 217.3 217 214.9 209.3 205.1 201.2 199.6 198.9 198.7 199.3 199.8 199.5
175.8 165.9 155.4 144.2 132.7 120.9 113.4 110.1 104.3 100.7 99.4 106.7 111.8 116.7 121.5 124 128.6 135.7 137.9 131.4 136.1 137.2 136.6 136.1 143.3 158.9 162.2 161.4 153.5 157.8 158.7 162.2 165.7 162.9 164.7 166 168.1 172 172.7 170.9 171 170.7 170.7 171.2 171.7 172.5 175.3 177.2 179.2 179.7 181.1 182.5 179.7 176.6 175.8 174.9 174.4 175.6 177.7 179.1 183.7 188 192.7 196.1 201.8 207.2 212.1 215.1 217.7 218.8 219.2 216.3 209.7 204.5 201.3 200.2 199.3 198.9 199.3 200.8 200.4
171.5 162 150.8 141.1 129.5 116.3 111.5 109.3 103.2 101.9 106.9 110.6 113.3 117.9 119.8 121.4 123.3 124.5 124.6 133.5 140.7 144.3 148.1 152.1 152.6 150.3 153.1 164.1 169 173.7 174.7 174.4 179 181.3 180.4 179.2 180.2 178.3 171.2 170.7 170.7 170.7 170.7 170.7 170.7 170.7 170.9 174.2 177 178.8 179 179.6 177.2 175.4 175.1 174.8 174.4 179.5 181.1 181.1 184 189.8 193.7 197.3 202.2 208 213.2 217.1 218.5 219.1 219.4 215.3 209.5 204.5 201.4 201.1 200 199.2 199.5 201.6 201
168.5 157.7 148.8 138.1 128.1 115.1 109 106.3 96.2 106.2 107.6 110.3 114 115 115 118.8 125.7 131.1 138.4 148.5 154.9 160.1 165.6 167.2 169.7 171.5 171.1 181.4 185.6 189.4 186.3 185.6 193.2 196.8 197.4 194.9 193.1 186.8 180.3 176.8 176.9 180.2 177.4 174.8 170.7 170.7 170.7 170.8 172.6 175.4 176.7 176.5 175.4 176 177.9 178.6 179.9 184.2 187 187.6 189.2 192.4 192.9 197.2 202.4 208.6 213.7 216.8 217.7 217.9 217.9 213.6 209.1 204.3 201.8 202.5 202.2 201.2 200.2 203.3 203.7
164.1 154.5 144.5 136.6 126.3 114.3 109.6 101.5 99.7 100.1 106 109.2 112 111.9 116.3 125 131.3 139.3 155.3 167.6 171.2 178.6 180.6 180.7 185.4 187 185.7 191.1 194.4 195.5 190.8 193.6 202.5 208.1 211.3 208.3 201.7 194.3 185.5 185.3 182.9 183.8 186 187.9 185 180.5 172.7 171.4 171.8 172.7 176.2 175.8 177.4 179.6 179.5 179.6 183.3 189.2 192 193.9 196.5 198.4 197.7 196.8 202 206.6 211.8 215.6 216.4 216.2 215.9 212.9 208.1 204.7 203.7 203.7 204.1 203.8 204.9 206.7 206.4
160.8 151.4 141.8 133.3 123.5 113.6 105.3 95.3 99.6 100.3 103.9 109.8 109.9 106.6 119 131 136.6 149.6 167.4 175.7 182.6 188.1 190.6 194.3 195.3 196 193.2 197.2 197.3 195.1 188.3 195.5 206.7 214.3 216.9 215.5 207.9 197.2 189.4 186.4 186.2 194.2 195.7 194 193.1 187.8 172.7 173.2 173.6 174.2 178.9 179.7 184.3 183.5 184 182.9 187.2 194.2 198 199.8 202.9 205.1 205.6 204.6 203.9 205.8 210.2 213.6 215.3 214.8 213.8 210.2 206.3 206.5 205.3 206 205.8 206.7 207.9 209.1 207.7
160.9 151 140.3 130.9 122.8 112.8 103.3 95.2 99.3 101 104.2 107.4 105.8 113 127.5 134.7 142.5 155.3 168.5 181.4 187.9 194 197.6 196.8 200 197.7 195.6 200.5 199 190.7 187.3 198.9 208.8 214.3 218.1 217.1 208.3 198.9 190.6 187.8 198.3 205.4 207.5 206.5 201.6 195.2 186.3 181.5 176.2 179.1 182.8 185.6 190.1 188.9 189.5 189.2 191.9 199.9 201.4 205 207.7 210.3 211.6 211.3 210 209.3 209.1 210.6 212.1 212.3 211.3 209.4 206.8 209.2 207.3 207 208.4 209.7 210.9 209.6 207.9
159.5 148.4 137.9 129.4 119.6 111 102.4 97.3 99.1 101.8 104 102.4 104.9 120.5 130.6 136.5 149.5 163.1 173.2 183.2 189.5 196.8 199.1 202.2 201.3 194.9 199.1 198.7 194.2 185.2 185.8 194.1 207.6 214.5 216.7 214.6 208.9 200.7 192 194.1 201.3 208.3 213.1 215.6 210.7 201.8 193.3 185.5 180.2 184.3 188.5 190.9 190.1 194.3 195 196 202.7 204.4 206.5 208.8 211.6 215 217.2 218 218.2 215.6 212.2 210.8 210.4 210.9 209.2 208.8 208.5 210.5 212.3 211.5 212.7 212.3 210.7 210 207.8
157.7 146 135 128.8 117.7 107.9 100.5 96.8 98.1 100.3 102.5 99.3 114.2 124.9 130.3 140.3 156.2 164.6 175.6 182.6 186.1 193.3 197.5 199.8 198.7 194.6 194.7 193.1 188 182.6 183.9 189.4 201.4 210.8 215.5 214.7 210 200.5 198.2 199.9 203.2 209.6 215.4 216.1 212.3 205.1 195.3 189.7 185.3 190.1 197.5 197.6 199 200.4 200 204.3 208.9 209.6 209 211.8 215 218.2 220.9 222.7 224.1 223.3 214.6 211.5 210.9 209.6 207.9 208.5 210.3 211.7 212.7 213.6 214.2 213.4 212 209.4 206.1
155.1 143.7 136.2 125.9 119.1 109.4 99.5 96.4 93.1 99.8 100.6 102.5 119.5 126.2 131.3 144.8 158 162.8 173.5 179.5 183 187.9 192.5 193.4 190.5 189.6 188.5 186.6 181.6 179.3 182 185.7 194.3 205.9 212.6 211.2 207.2 202.3 201.3 202.2 206.2 211.4 216 216.8 213.7 207.8 200 195.6 191.4 198.4 202.3 200 202.5 204.5 208 209.9 210.4 212.4 211.2 214.3 217.3 220.2 224.7 226.4 226.7 222.1 214.2 210.9 209.8 208.1 206.9 207.9 209.8 211.5 212.7 213.5 214.2 213.4 212.7 209.1 208.5
152.6 144 136.6 128.6 118.1 108.3 99 95.9 92.6 97.1 94.6 109.4 119.3 126.9 134.1 147 154.8 159.1 169.8 175.2 179.2 181.2 183.2 184.8 182.8 182 181.6 179.7 177.2 176.3 178.3 182.8 189.9 200.5 204.9 205.8 203.6 200.7 202.3 206.3 212.6 220 220.9 219.9 217.1 211.4 205.3 200.7 197.1 202.7 204.8 206.5 206.7 207.1 210 211.8 213.2 215.2 213.2 216.4 219.6 222.3 226.8 227.1 226 220.2 212.9 210.5 209 207.1 206 206.8 208.8 210.7 212.1 212.9 212.8 211.1 211.9 212.1 211.1
