ny/ny18_OST50GRID_20230518/NY18.asc
ncols 200
nrows 200
xllcorner 310000
yllcorner 580000
cellsize 50
[rows 36 to 71 of 200, columns 0 to 80 of 200]
54.6 53.9 53.3 55.4 55.1 64.8 70.5 70.8 70.4 65.5 64.1 64.5 68.7 67.7 69.5 67.9 69.7 70.4 72.4 69.3 71.9 72.1 74.1 76.5 80.4 85.5 90.7 94.7 95.9 95.8 96.3 97.3 98.1 99.6 102.8 112.7 117 119.3 120.8 122.6 122.8 119.6 117.1 118.9 121.4 124.7 124.5 124.5 122.5 130.7 132.6 132.2 134.5 138.1 139.7 141.4 139.8 140.5 142.8 144.5 145.9 147.2 151.8 158.3 163.3 168.5 175.2 180.1 183 186.9 191.5 194.8 206.3 205.3 204.2 202.5 199.7 194.2 188.4 175.3 163.8
53.2 53.8 53.6 54.6 60.2 66 70.1 71.8 71.6 67.2 64.2 64.3 66.7 68.9 67.2 66.6 68.1 67.5 69.1 69.3 68.8 70.2 73.1 76.1 79.5 84.2 89.9 93.4 94.9 95 95 96.2 97.7 100 102.6 112 116.6 118.8 120.3 121.7 122 118.9 116.1 118.3 119.2 121.5 120.8 119.9 126 129.4 131.4 131.7 134 136.4 139.1 141.1 139.2 138.7 140.5 142.3 143.6 148 151.4 156.9 162.9 168.1 172.8 178.5 180.9 184.9 189.9 197.7 207.3 205.9 207 204.3 200.1 192.7 186.3 178 168.2
53.3 54.1 53.6 55.8 63.5 70.3 72.6 73.3 72.6 69.1 65.4 64.4 64.2 69.3 66.5 65.6 65.9 65.3 65.5 64.4 66.2 68.5 72.3 75.7 78.7 82.6 87.6 90.8 93.3 93.9 93.5 94.9 97.4 98 103.9 111.1 115.8 117.9 118.9 120.2 121.2 118.2 115.2 117.2 116.2 117.4 121.8 124.6 127.3 128.3 129 131.2 134 136.3 139.2 140.7 137.3 137.5 137.7 142 145.6 147 151.7 158.7 163.3 166.8 171.1 174.7 178.5 182.8 189.7 200 207.5 206.2 205.9 201.7 196.6 188.5 176 176.3 170.7
53 53 53.1 59.1 67.3 72.6 74 74.5 73.5 70.5 66.1 64.8 65.2 69.7 69.1 65.3 64.8 64 63.3 63.3 66.2 65.5 71.4 74.1 77.4 81.5 86.8 90.7 93.2 93.6 93 94 96.3 96.4 102.3 110.3 114.8 116.6 116.9 118.6 119.7 117.4 114.8 115.6 116.5 119.9 122.2 124.8 127 128.5 129.2 129.6 132.3 135.5 137.9 141 136.8 136 140.4 145.1 148.6 148.3 151.1 158.2 161.8 165.4 169.3 172.5 175.9 182.2 190.2 201.5 206.2 205.2 203.3 197.4 191.5 185.2 175.7 175.3 169.2
53.1 53 56.4 61.9 70.7 73.3 74.8 73.8 72.9 71.2 69.7 69 68.4 66.7 69.7 66.6 65.2 64.5 63.1 63.5 64 65.3 66.5 72.8 76.3 80.2 86.1 90.5 92.5 93.5 92.4 92.4 94.5 93.4 102.8 109.5 114 115.5 115.7 117.7 118.2 117.7 115.5 115 117.4 120.1 122.5 124.9 126.3 127.4 127.8 129.1 130.6 135 137.7 139.3 134.7 136.6 143.6 149.2 151.6 149.2 150 156.3 160.2 164.3 167.8 170.8 174.1 182.1 190.7 200.9 204.4 202.7 198.4 191.1 185 178.7 174.6 175.2 164.7
53 51.9 59.2 66.3 71.5 72.9 74.7 74.7 72.8 73 72.4 72.6 72.6 71.4 70.6 69.6 64.9 64.6 63.1 63.6 63.5 66.7 64.6 70.4 74.3 78.9 84.7 89.5 92.6 93.8 91.5 90.8 92.7 95.1 102.3 108.5 113.1 114.3 114.4 116.1 117.4 117.2 110 113.6 117.4 120.1 121.7 123.8 125.1 125.5 125.8 126.4 129.4 134 136.8 135.1 133 141.7 148.1 152.7 153.7 149.1 149.3 154.4 159.1 163.1 166.5 169.9 173.6 181.7 190.7 200.5 202.5 200.2 193.7 185.6 180.3 177.1 171.6 166.1 163.3
57.6 59.2 59 66.7 71.5 73.6 75.2 74.7 72.6 73.4 72.9 74.4 74.7 75.4 75.9 71.4 69.2 63.7 63.4 63.5 63.6 63.5 63.7 65.9 73.2 77.6 83.1 88.4 92.2 92.5 90.5 90.2 91.6 94.2 100.1 107.3 112.4 114 113.5 114.7 116.1 115.8 110.4 115.2 117.7 118.2 119.5 122.5 123.1 123.5 123.8 124.8 128.3 133.1 133.3 128.7 140.1 146.9 151.7 154.4 154.3 148.7 149.1 151.3 156.9 160.4 164.9 168.4 172.6 182.1 192.6 200.9 200.2 197.2 187.6 180.1 176 172.9 169 164.5 161.3
60.5 60.6 59.6 63.7 70.1 73.4 76.3 75 73 73.1 72.9 74.5 76.8 79.3 79 71.7 72.2 67.1 63.1 63.5 63.7 63.6 67.3 63 71.1 76 81.4 87 92 92.6 89.8 89 89.6 92.4 99.5 106 111.2 112.3 112.5 113.4 114.9 115.6 110.6 113.6 118.2 118.5 119.1 121.3 122.1 122.6 123.2 125.8 128.5 131.8 129 135.6 143.7 149.9 153 155.5 154 148 147.5 149.1 154 157.4 162.5 167 171.7 183.2 194.5 199.8 198.4 193.7 184.5 177.4 173.6 170.7 167.8 163.6 160
60.1 57.4 57.7 61.7 66.3 71 75.5 74.9 72.8 73.4 74.1 76.3 79.2 81.9 83.2 80.1 72.7 73 66.6 63.3 63.7 63.5 63.6 64.4 66.8 74.7 81.1 87.5 92.9 93.5 89.3 88.5 88.8 93.1 99.2 105.5 109.4 110.4 110.8 112.2 113.8 115.4 110.7 114.5 117.8 119 118 120 121.3 121.4 121.4 124.9 127.6 126.5 126.5 138.4 144.9 151.2 154.5 156.9 153.4 148 146.2 147.3 151.9 155.2 160.5 165 171.9 184.3 193.8 199.8 197.7 192 183.6 176 172.3 169.5 166.6 163.3 159.5
58.7 57.5 59.4 62.2 65.4 68.7 72.2 72.5 72.8 73.2 74.7 77.4 80.1 82.8 84.9 83.6 80.1 74.3 71.8 66.3 63.5 63.5 63.4 67.7 66 74.1 80.5 87.6 93.5 94 89 88.4 88 93.9 98.2 104 107.2 108.4 109.4 110.8 112.4 114 111.3 112.4 115.6 116 117.5 118.7 120.2 120.4 116.6 122.3 123.2 123.3 131.5 138.7 145.7 151.9 155.7 157 152.7 147.3 144.5 145.9 150.1 153.6 159 163 169.6 183.2 191 197.7 196.3 189.7 181.7 174.3 170.4 166.7 163.8 160.3 155.9
59.1 58.3 59.9 61.5 65.4 65.9 68.8 71.5 71.5 72.4 73.9 77 80 83 84.6 85.1 81.9 78.6 75.5 71.2 65.8 63.7 63.5 64.7 64.9 72.3 80.4 87.2 92.8 93.3 89.5 87.1 87.1 92.5 96.1 102 105.7 107.6 108.3 109.5 111.1 112.6 111.3 108.3 112.8 113.2 114.1 117.3 118.1 117.3 115.4 118.6 120.5 126.2 131 138.5 146.1 153.2 157.2 157.6 151.6 146.8 143.5 145.4 148.8 152.2 157.2 160.3 167.5 180.6 189.8 195.9 193.9 186.9 180.1 173.5 167.2 162.9 160.7 158 154.5
59.2 59.5 60.1 61 62.8 64.8 67.4 69.8 71 71.8 72.6 75.7 78.8 82.3 84.9 86.2 83.3 80.8 78.2 76.2 72.7 68.9 65.3 65.7 68 71.4 77.8 86.2 90.4 92.2 89.7 86.5 86.2 89.9 97.2 101 104.1 105.7 106.9 108.2 109.7 110.7 111 104.1 112.2 112.8 114 115.6 115.6 115.1 115.3 118.4 121.2 123.7 129.3 138.8 146.4 153.7 158.4 158.1 151 145 142.1 143.9 147.5 151 155.4 159 166.1 178.2 188.4 194.6 192.5 184.2 177.5 171.6 164.6 160.2 159.7 158 154.2
61.3 59.6 58 57.7 58.5 63.2 66 67.1 69.2 70.5 71.9 74.3 77.6 81 84.3 85.9 83.9 81.5 79.3 78.5 77.1 72.7 70.8 68.6 68.4 70.9 77.9 83.4 87.2 89.5 87.4 85.2 84.7 90.2 94.9 99 101.8 103.9 105.3 106.6 108.1 109.5 109.1 101.1 110.4 112.4 112.5 112.2 112.8 113.4 115 117.6 120.2 122.8 130.7 139.1 146 154.3 158 157 150 143.7 141 141.9 146.2 149.9 153.5 156.9 165.6 176.6 186.5 192.5 190.6 182 174.7 169 163.2 159.9 159.8 158.6 156.1
61.4 59.9 57.7 56.9 57.3 61.3 64.9 65.3 67.1 69.1 70.5 73.2 76.4 79.7 82.7 84.8 84.7 82.3 80.5 79.2 79.4 77.8 73 71.4 70 69.6 76.3 78.8 83.8 86.4 86.2 83.4 85.3 90.7 94.2 96.9 99.5 102.1 103.7 105.1 106.5 107.8 107.5 99.1 109.4 108.7 109 109.9 110.8 112.5 114.9 116.3 118.5 120.9 130.8 138.9 145.6 152.5 155.8 155.4 148.3 141.6 138.9 141.9 144.9 148.2 151.7 155.6 164.4 174.5 183.8 189.3 186.8 178.7 171.1 165.4 162.2 160.3 161.7 164.5 160.8
59.5 61.1 58.7 57 56.2 59.5 62 63.5 65.1 67.5 67.5 70.7 74.8 78.3 80.8 83.4 84.2 83 81.6 80.1 78.5 78.2 77.9 72.2 72.2 71.9 75.7 77.1 79.2 83.6 84.7 82.4 83.7 89.2 92.7 95 97.4 100 102.3 103.5 105.2 106.8 107.4 96.7 99 106.1 108.1 108.3 109.2 111.6 113.6 115.1 118.2 121.7 130.6 137.3 143.8 150.6 154.9 153.8 147.7 141.5 136.9 139.5 143.2 146.7 150.3 154.6 162.7 172 183.1 184.5 181.9 175.3 168.1 163 160.2 161.2 167.5 165.7 160.9
56.5 62.1 60.9 58 55.1 56 59.2 61.5 62 65 66 68.6 72.1 76.4 78.9 81.4 83.4 83.9 82.6 81.2 77.7 72.1 77.7 78.4 72 73.3 70.8 75 77.6 81.4 83.1 81.6 82.1 88.7 92.4 93.6 96 98.4 100.3 101 102.4 103.9 104.7 95.2 107.2 107.5 107.8 108 108.1 111.5 112.4 114.8 117.8 121.3 129.9 135.6 141.6 148.1 152.2 151.6 147 140.7 135.7 136.9 140.8 144.1 148.2 153.2 161 169.4 176.4 179.1 175.2 171.3 164.4 159 156.9 158.2 165.8 163.4 158.5
52 60 61.2 59.7 58.1 56.7 57.9 59.1 60.1 61.9 63.5 66.5 69.8 73.5 76.4 78.8 81.2 83.6 84 82.9 81 79.3 77.6 78.1 78.6 70.9 70.6 73.5 75.8 80.6 83 81.5 81 87.9 91.9 92.6 94.2 96.2 97.9 99.1 99.7 101.2 101.1 96.2 105.7 106.3 106.3 107 106.9 110.3 112.9 114.5 116.7 119.7 128.6 134.7 139.4 145.7 149.3 149.6 145.1 139 134.2 135.3 139.6 143 146.8 151.7 158.7 166.9 175 175.1 171.6 167.2 160.1 154.3 152.3 155 163.6 160.1 154.8
51.9 59.4 61 56.9 55.3 55.4 56.5 57 58.1 59.2 61 63.5 67.2 70.8 73.9 76.6 79.1 81.6 83.2 83.6 82.3 79.5 77.3 75.5 77.9 75 72.8 72.9 74.6 78.2 82.1 81.2 79.7 86.8 90 91 92.2 93.9 95.6 96.9 92.3 93.4 100 102.9 104.3 105 104.3 104.6 106.4 110.5 112.1 114.1 115.9 118.5 126.4 133.2 138.4 144.9 146.6 147.3 143 137.6 132.9 134.2 138.5 142.1 145.8 150.1 156 163.9 170.9 172.5 168.7 163.2 156.7 150.9 149.3 152.5 158.7 156.1 151.8
55.1 57.1 57.8 54.4 53.8 54.3 54.5 55.5 56.4 56.1 58.4 60.1 64 68.1 71.3 74.1 76.8 79.2 81.4 82.5 82.5 80.4 78.5 76.7 74.4 77.5 70.9 69.2 74.4 77.5 79.9 79.3 79.5 84.3 88.3 89.8 90.6 92 93.6 93.4 89.8 95.5 99.5 102.8 103.5 103.8 103 104.3 106.8 110.3 111.5 113.6 115.7 118.3 123.2 130.7 136.1 142.5 144 145 141.4 136.9 132.1 132.5 136.9 139.9 143.9 147.9 153.5 161.5 167.7 169 165.1 159.6 153.3 148.6 145.3 149 153.4 152.1 147.2
54.6 57.2 56.9 53.7 53.5 53.5 52.4 54 55 55.1 55.7 57.1 60.8 65 68.9 71.6 74.4 77.1 79.3 81.5 82.1 81.1 79.5 77.8 75.9 76.9 76.6 72.1 73.1 75.7 77.5 76.6 77.7 83.2 86.5 88.6 89.1 90.2 90.1 84.4 93.2 95.3 98.9 101.9 102.2 102.8 101.9 103.2 106.1 109.4 111.1 113.2 116.1 119.4 123.1 130 135.6 140.4 142 143.1 139.6 136.1 131.3 131.6 135.5 137.9 141.6 146.4 151.5 159.2 165.3 166.5 162.3 155.9 150.4 145.3 141.6 144.8 147.5 147.1 142.9
55.2 56.9 56.1 53.8 53.5 52.6 52.5 54.1 56.4 56.8 55.4 55.7 58.5 62.8 66.4 69.4 72.2 75 77.8 80.8 82.4 81.8 79.6 77.9 76.3 75.4 76.4 71.5 69.1 74.2 75.6 75.6 75.4 81.1 84.8 87.6 87.6 87.7 84.2 89.2 91 93.7 98.9 102 100.7 101.9 100.6 101.9 104.5 106.5 109.8 112.8 114.7 118.7 123.5 130.9 135.6 138.8 140.2 141.2 138.1 134.7 129.7 130.1 133.5 136.1 139.6 144.2 149.6 157.1 163.3 164 159.7 152.4 146.7 140.3 138.8 140.5 142.6 141.8 137.8
55.1 55.1 54.3 53.4 52.8 52.1 53.5 54.6 56.5 56.7 55 55.7 56.6 60.5 64.3 66.6 68.3 70 75.7 79.8 82.5 83.2 80.7 78.2 77.5 76.9 76.6 77.3 70.4 72.6 73.6 74.3 73.4 78.9 82.3 86.9 87.3 83.3 78.6 87.6 89.6 93.6 98.5 100.7 99.7 100.9 99.5 100.7 103.6 109.7 111.3 112.8 114.2 117.6 123.4 131.8 135.7 138.2 140 140.1 136.8 133.4 128.5 129 132 134.3 138.7 142 147.1 154.6 161.6 162.1 157.9 149.7 142.7 136.2 135.9 136.9 137.4 135.6 130.8
54 53.8 53.4 53.7 52.7 52.9 54.8 55.4 56.6 57 55.2 55.6 55.8 57.7 62.2 63.3 63.8 64.6 70.1 77.1 81.3 83.7 82.7 80.2 79 78.4 78.5 74.9 70.4 70.1 71.8 73.4 72.6 75.9 80.5 86 84.7 81.7 81.9 85.7 89.3 92.8 96.7 99.1 99.2 100.2 98.6 99.5 103.2 109.4 110.3 112.3 114.2 119.5 123.7 132.3 134.5 137.3 140 138.7 136.3 130.7 127.1 127.6 130.4 133.5 137.2 140.8 144.8 151.6 159.5 162.2 158.8 149.4 140.4 134.9 133.1 133.4 133.1 130.8 125.5
55.6 53.8 52.9 53 54.4 54.9 55.1 55 55.2 57.1 54.7 55.8 56.6 57.9 58.9 59.7 60.4 63.3 68.2 73.6 78.6 82.4 82.8 81.4 80.3 80.1 79.6 77.3 73.8 68.3 68.5 71.3 69.4 74.2 79.3 85.1 83.8 76.6 81.3 83 85.4 89.1 93.7 97 98.9 99.8 98.2 98.7 102.5 108.3 110.3 115.3 115.1 118.8 123.6 130.7 133.1 135.8 139.2 137.5 134 128.9 125.1 124.7 128.7 132.5 135.8 138.7 142.6 150.6 158 162.7 157.1 148.6 140.4 134.3 130.1 129.3 129 125.9 120.3
54.2 54.3 53.5 52.8 53.8 55.9 55.9 54.5 54.3 54.3 54.8 57.3 58.6 59.3 58.3 58 60.2 64.5 68.9 71.3 75 79.5 81.8 82 81.4 81.6 82.2 79.3 73.1 70.4 70.1 68.4 69.4 72.7 76.2 83.2 82.5 74.8 76.3 83.2 90.6 93.7 95.1 95.1 98 98.9 98.3 97.7 101.9 107.7 108.4 111.4 116.5 120.7 124.5 129 131.5 134 137.7 136.6 132 126.7 123.7 122.5 127.3 131.4 134.2 136.8 140.6 147.7 156.2 160.2 154.1 146.2 139 133 128.3 126 125 121 114.8
53.1 53.8 55.4 53.9 54.5 54.8 57.5 55.4 54.7 53.6 53.9 57.3 59 60.2 59 59.3 61.4 65.4 69.7 70.7 72.4 75.7 79.4 80.6 80.9 82.4 83.6 81.5 76.4 71.8 67.2 66.7 67.4 70.3 74.1 80.2 79.4 72.7 75.3 84.6 92 97.3 99.4 98.2 97.7 97.6 97.5 95.8 100.8 105.5 106.4 111.2 116.2 120.3 124.1 127.4 129.8 132.6 135.7 135.3 130.3 125.4 121.6 121.8 126.3 130.1 132.3 134.9 138.4 145.7 154.7 158.2 153.3 144.2 136.4 130 125.3 122.3 120.5 116.2 109.9
52.2 54.1 56.5 54.8 54.8 56.2 58.6 56.8 57.7 54 54.1 56.3 59.1 60.9 61.8 62.9 64.3 66.9 71 72.7 72 74.1 76.6 78.2 80.2 82.4 84.2 83.3 79.3 71.1 70.9 69.2 65.7 67.9 72 78.4 77.3 72 74.9 84.7 92.4 98.4 101.6 99.8 97.9 96.1 95.5 94.5 98.2 103.4 107 109.3 113.3 118.4 123.6 126.1 128.2 130.8 133.6 133.6 128.8 123.3 119.6 122 126.4 129.2 130.7 132.8 136.5 144.6 153.4 154.6 149.7 141.4 133.3 126.4 121.5 118.9 114 110.6 104.3
52.1 54.5 57.1 55.6 55.3 57.3 57.9 56.2 59.5 55.8 53.5 56.7 61.2 64.5 68.1 68.4 68.4 67.9 67.8 68.7 69.7 71.4 74 76.7 79.2 81.3 83.9 84 81 74.3 69.6 66.3 67.1 66.2 69.3 73.5 69.8 69.6 77.6 84.6 91.2 97.2 101.2 101.3 98.8 95.7 93.6 93.5 98.1 104.4 105.2 107.3 111.7 116.9 122.1 125 127.3 129.5 132 132 127.1 121.4 118.4 121.4 125.1 128.1 129.6 131.1 135.6 143.6 149.5 149.1 145.8 137.2 129.7 123.1 117.8 114.8 108.5 101.6 98.9
52 54.4 57.8 57.3 55.2 56 57.2 55 60.1 57.7 54.2 59.4 63.4 67.3 74.6 74.6 72.3 68.8 64.8 63.5 64.9 67.7 71.3 74.3 77.3 80.9 83.6 85.5 82.9 76.9 71 70 64.6 65.5 67.3 71.5 68.1 73.8 79.3 84.1 89.7 95.9 101.1 102.5 100 95.8 91.3 94.7 98.6 102.9 103.4 108 111.7 116.3 120.4 123.5 125.9 127.5 130.2 130 126.4 121.2 116.7 120.5 123.7 126.8 128.5 129.6 135.5 141.6 143.8 144.1 141.2 133.3 125.9 118.7 112.9 110 107.2 101.5 97.6
52.2 54.5 57.6 59 56.8 55.1 56.9 55.8 58 60.3 55.1 60.2 64.5 72.4 78.2 78.8 75.8 71.3 66.7 63.4 62.2 64.2 67.8 71.3 76.5 79.9 83.2 85.5 83.5 79.6 74.9 67.4 65.1 67.5 65.9 66.4 67.6 73.8 79.1 83.9 89.9 94.9 100.4 102.4 100.5 96.1 88.6 93.2 97.2 98.5 104 108.6 112 115.3 118.4 121.5 123.5 125.5 127.1 127.3 124.8 120.4 114.7 118.1 121.8 125.5 126.9 128.1 133.8 136.2 138.3 138.4 136 129.1 122.2 114.8 109.4 106.2 102.9 99.4 94.1
52.1 54.4 57.1 58.5 57.1 56.4 56.1 56.5 55.7 57 54.7 56.8 65.3 74.9 80.9 80.7 77.8 73.3 68 63.2 61.3 62.3 64.6 67.7 72.8 78.1 81.8 84.7 84 82.7 77 68.5 66.5 63.4 64.6 65.2 65.6 72.2 76.6 84.3 89.8 94.5 99.5 100.9 99.9 95.8 88.2 89.7 94.2 96.7 104.6 108.4 111.1 114 116 119.6 121.4 123.5 124.2 123.2 122.7 119.3 113.7 116.8 120.8 124.3 125.9 126.6 129.4 131.6 133.8 134.1 130.3 123.4 116.9 111 106 102.8 100.3 95.5 89.6
50.7 54.4 57.2 58.5 58.2 57.3 57.6 56.6 55.4 54.8 54.3 56.5 65.7 76.4 81.1 81.5 79.7 75.7 70.8 64.8 60.9 60.6 62.7 64.8 68.7 74 78.8 83.4 84.8 83.6 77.7 68.7 65.2 63.9 67.6 64.5 64.7 68.9 75.5 82.6 87.9 93.7 98.7 99.6 99.3 96.1 91.4 91.2 92.8 96.9 104.2 107.3 110.6 113.1 114.9 117.6 119.4 122.2 121.6 121.8 120.5 117.9 111.7 114.2 120.4 122.7 124.4 125 125.9 127.9 129.6 128.5 125.7 119.7 112.5 106.6 102.1 98.7 96.1 92.3 85.9
50.3 54.7 57.5 58.3 58.6 59.3 60.1 60.7 55 55.1 54.9 57.2 66.8 76.9 80.5 82.3 81.3 78.2 74.1 67.7 63.2 60 61.6 61.3 63.8 69.7 75.1 80.5 83.5 82.7 78.1 70.2 63.8 66.3 62.6 63.9 64.6 70.6 76 81.5 86.6 92.1 97.5 98.3 98.3 96.2 92.7 86.2 90.8 95.9 102.4 106.8 110.2 112 113.8 115.6 118 120.9 119.8 119.9 118.5 116 109.7 113.6 119 121.1 122.4 122.6 122.9 124.1 125.5 124 121.5 114.4 108.5 103.4 98.4 95.2 92.3 89.1 83.1
50.3 55.1 56.2 55.3 56.9 58.4 57.4 61.6 60 55 55.6 58.6 69.2 77.1 81.4 84.3 83.3 80.6 77.6 70.8 65.4 61.2 59.5 60.4 60.7 67.6 73.3 78.7 82.4 82.5 78.3 72 64.8 63.4 61.5 66.5 63.2 67.7 75.2 80.7 85.6 91.4 96.8 96.7 96.5 95.8 93.2 80.3 88.7 94.8 100.8 105.6 109.5 111.2 112.5 114.3 117 119.5 117.9 117.2 116.6 114.6 108.6 112.9 117.5 119.7 120.4 120.2 119.7 120.6 121.7 120.4 116.8 108.7 104.4 99.4 95.1 91.4 88.5 85.4 80
50.4 51.9 50.1 53.4 52.7 51.1 50.9 50.9 50.3 50.5 57.7 61.6 72.7 79.3 82.8 86 85.4 82.8 79.5 73.2 65.4 60.5 57 57.4 59.8 65.3 71.4 76.5 81 80.8 78.3 73.3 67.2 61.9 61.5 61.7 62.5 65.2 73.3 79.8 84.7 90.9 95 94.9 95.4 94.3 90.5 79.9 83.8 93.3 99.1 104.5 108.5 110.1 112.1 113.1 116 117.6 116.2 115.1 113.9 112.5 107.4 112.1 115.5 117.4 117.8 117.5 116.2 116.8 118.2 117 112.3 105 100.5 96.1 92.4 87.9 84.9 80.2 79.3
50.6 49.2 50.2 49.1 48.2 48.3 50.3 49 48.8 50.1 59.8 65.8 75.1 80.6 85.3 87.4 87.7 84.5 80.7 74.3 65.8 60.8 58.5 58.4 59.8 64.6 69.1 74.1 78.1 79.1 77.1 73.9 68.4 60.9 63.2 60.6 63.7 65.2 72.4 78.3 83.4 89.6 92.9 93.1 93.7 92.4 89.5 81.1 82.5 90.5 97.3 103 107.5 109.4 111.1 112.2 114.7 115.8 114.5 113.1 111.8 109.2 105.3 109.9 113.4 115.9 115.6 114.7 113.2 113.7 114.8 113.5 107.9 100.7 97.5 93.9 89.5 84.4 79.9 79 78.1
