ny/ny18_OST50GRID_20230518/NY18.asc
ncols 200
nrows 200
xllcorner 310000
yllcorner 580000
cellsize 50
[rows 72 to 107 of 200, columns 0 to 80 of 200]
52.1 51.8 52.6 51.7 56.2 56.4 51.6 48.8 47.9 48 61.4 69.2 74.9 80.4 86.2 89.1 89.1 85.5 81.3 77.2 68.3 63 60 58.8 59.6 63.7 67 70.8 74.4 75.9 75.8 72.3 65.9 59.6 60.7 58.8 60.4 64.3 70.6 76.5 81.9 87.6 90.5 90.7 90.8 90 89 84.7 79.6 87.4 95.7 100.8 104.5 108.3 109.3 111.2 112.6 113.1 112.1 111 109.7 107.2 103.6 105.3 110.2 114.4 113.6 111.8 110 111.1 111.6 110.3 104 98.7 95.9 92.5 88.1 80.7 78.4 77.6 78.6
50.6 54.3 54.6 54.8 56.1 56.3 52 49.9 48 47.9 60.6 66.1 72.6 79.6 85.7 89.8 89.8 86 82.1 78.1 70.9 64.5 61 59.7 60.1 62.5 64.7 67.9 71 72.7 73.4 70.1 64.3 59.2 59.8 58.4 60.8 65.6 69.1 75 80.3 85 87.3 87.2 87.2 87.5 87.8 85.2 78.5 87.3 93.9 99.1 101.7 104.8 107.1 109 110.2 110 109.6 108.5 106.8 104.5 101.8 103.1 108.2 112.4 111.5 108.8 106.8 107.3 108.2 106.1 101.8 97.4 93.4 89.9 83.4 78.4 77 77.2 81
49.3 54.2 55.3 56 55.4 56.4 52.7 49.3 47.6 53 59.5 64.4 71.2 79.4 84.8 89.1 89.8 86.3 81.9 77.7 72.7 66.4 61.4 59.3 60 61.7 63.4 64.6 68.5 70.5 70 67.7 62.3 58.3 58.9 58.7 60 64.3 68.8 73 78 82.4 84.6 84.2 83.9 84.1 84.6 81.8 82 87.9 91.8 97.4 100.5 102.6 105.1 107.1 108.1 108 107.3 105.9 104 101.7 100.9 102.2 105.6 108.8 108.2 105.3 103.7 105.6 105.8 103.5 98.3 94.5 92 89 78.7 77 76.3 79.6 85.1
54.8 55.2 57.6 57.7 58.5 57.6 52.6 47.4 49.8 56.7 59.8 66.4 72.5 78.8 83.9 88.4 88.4 85.2 81.6 77.6 73.1 67.3 61.6 58.7 60.3 60.6 62 63.7 65.3 66.8 66.7 64.8 61.2 57.7 58.5 58.3 59.3 63.4 68.6 72 75.8 79.8 81.8 81.3 80.6 80.8 81.3 76.6 81.1 85.3 90.1 95.3 99.5 101.6 103.3 105.6 106.2 106 105.2 103.5 102.4 100.2 99.9 101.1 101.9 103.9 104 101.7 101.6 102.6 100.5 99.1 96.5 93 89.6 87.6 77.4 76.2 77.4 82.3 87.8
56.1 55.2 57.1 60.5 61.1 58.3 48.7 48.4 50.4 58.6 61.6 67.6 73.5 79.4 83.8 87 86.4 83.3 80.6 77.2 73.3 68 62 57.8 58.2 58.7 60.5 62 62.7 62 62.3 63.2 61.6 58.3 56.2 60.2 58.9 62.9 68.1 68 73.4 76.9 79.1 78.5 77.8 77.1 76.9 74.3 78.9 82.9 87.4 91.9 96.2 99.5 101.5 103.9 103.9 104.2 103.8 101.6 100.7 99 100.1 100.5 101.1 101.5 100.2 98.4 99.8 99.2 99.8 97.7 95.6 92.3 88.3 81.3 76.7 77.4 80.3 85.5 89.5
59.7 55.4 55.8 59.6 61.3 55.5 47.2 49.9 55.6 59.5 65.3 67.6 73.3 78.8 82.6 84.3 84 81.7 79.1 75.7 71.9 67.1 61.6 57.2 55.7 56.7 58.2 59.6 60 60 63.1 63.6 61.5 57.9 56.7 58.1 59.6 64.4 68.5 68.5 71.6 73.9 75.7 75.6 74.9 74.2 71.2 73.9 78.1 80.7 85.2 90 94.6 98.3 100.3 101.4 102.5 102.4 101.1 99.8 97.2 99.7 101.9 102.4 103 103.5 101.8 97.5 96.8 98.4 97.6 96.3 94.2 92.1 88.6 83.4 79.6 76.3 78.8 86.3 91
60.8 62.6 60.8 59.6 59.9 49.6 47.9 52 55.5 58.5 66.3 67.2 72.5 77.5 80.1 81.7 81.8 78.8 77.4 74.1 70.2 66.3 62 57.2 54.5 55 56.8 58.2 58.1 58.6 61.4 62 59.7 57.6 55.9 57.7 57.4 63.3 68.5 70.6 67 70.9 72.5 72.4 72.1 71.5 68.5 74.9 75.6 78.1 83 88.4 92.3 95.4 98.2 99.2 99 100 99.5 98.5 97.3 101.4 103.7 103.3 103 103 101.9 99.3 92.6 93.9 94.5 94.6 92.6 91.5 87.4 83.2 78 76 79.2 86.5 89.7
67.3 64.4 63.9 59.8 54.6 46.9 51.7 59.9 57.5 56.4 64.8 66.7 70.4 74.6 76.9 78.4 78.8 76.3 74.2 71.8 67.5 65.4 63.3 57.1 53.6 54.1 55.9 56.8 56 57.4 60.1 62.3 58.8 56.9 63.7 57.5 56.6 62.5 68.2 71.8 68.5 68.4 69.5 69.4 69 68.8 67.7 71.3 72.4 74.8 81.3 86.6 90.4 93.9 95.8 97.1 98 97.7 97 96.1 96.9 101.1 102.5 100.9 101.5 101.8 102.4 100.1 96.2 91 89.2 90.3 91.3 89.8 85.9 85.2 80.2 73.1 81.7 87.1 88.3
68.2 66.3 64.6 62.5 53.1 48.1 57.7 59.6 61.3 58.5 59.6 65.3 67.4 70.7 74.1 75.7 75.9 73.8 72 69.6 64.9 63.3 61.2 57.1 53.3 53.4 54.6 55.6 55.2 56.2 58.1 60 57.9 59.1 54.6 57 57.2 62 66.4 68.1 65.5 67.7 67 66.6 66.6 65.7 67.5 69.2 70.3 73.7 80 85.2 89.5 92.3 94.3 95.1 95.7 95.6 93.4 92.4 95.7 98.4 98.8 98.6 99.3 100.8 101.9 100.4 96 91.9 86.5 86.1 91.2 90.2 88.3 87.1 81.9 75.8 81.6 86.2 88
67.6 66.4 65.5 64 46.5 49.8 53 56.8 61.6 61.2 61 63.2 65.9 65.4 67.2 72.7 72.7 72.2 70.4 66.9 62.5 60.9 60 56.2 52.5 51.7 53 53 54.2 54.9 55.7 56.4 56.8 57.2 55.7 56.4 58.8 60.2 63 63.5 63.6 64.3 64.9 64.6 64.7 65.2 67.2 67.5 69 72.7 78.8 84.3 88.6 90.9 93.1 94.4 94.6 93.4 91.2 91.6 93.6 97.9 99.6 99.4 99.1 100.3 100.4 98.2 94.4 90.3 85.7 84.8 88.9 91.2 90.5 88.2 79.3 74.5 75.9 79.8 86.7
73.7 64.9 64.8 64.4 46.5 50 50.4 52.8 57.7 60 61.3 67.8 70 67.9 64.4 64.9 69 69.1 68.2 64.1 60 59.5 59.1 55.6 52 50.9 50.4 50.1 53.2 54.1 53.9 54.1 55.4 54.7 53 53.5 58.1 60.7 61.8 62.2 62.7 63.3 67.1 64.3 65.3 65.8 66.5 66.5 68.1 71.8 77.9 83.4 87.3 89.9 91.9 93.4 93 91.7 89.4 92.1 94.8 100.1 101.8 101.3 101.4 100 96.3 93.7 90.7 87.5 84.8 85.1 87.2 91.6 89.8 84.8 76.2 76.2 80.7 87.6 90
80.1 70.1 64.7 66.2 55.5 49.5 50 50.4 53.3 58.6 62.6 68.9 70.4 67.5 64.6 62.1 64.9 66.6 65 62.5 59 58.5 57.1 54.4 50.5 49.5 49.4 50.1 52 53.1 53.2 53.4 54.9 52.9 53 53.7 56.9 58.6 61 61.1 62 62.5 63.2 63.3 64.6 64.8 64.9 64.9 66.7 71.5 77.5 82.5 86.4 88.9 90.4 92 91.1 89.7 87.3 94.3 96.4 99.1 99.6 99.5 98.9 97.4 95.4 93.2 89.7 87.2 84.6 81.6 84.1 88.1 84.4 79.5 75.4 74.7 80.3 86.8 97.9
81.9 75.4 67.4 63.6 60.3 46.5 49.4 49.7 50.8 55.3 63.5 68.9 70.9 66.9 64.3 60.4 60.8 62.2 61.2 59.4 58 57.2 55.8 53.4 50.2 48.7 49.3 49.9 50.5 51.8 52.4 52.8 52.4 50.8 52.5 54.3 56.7 58 59.8 59.2 60.3 61.7 63.3 64.9 63.4 63.6 63.7 63.9 64.7 70.4 76.2 81.3 85.4 87.4 88.8 90.8 89.7 87.5 90.1 94.2 94.6 94.7 95 95.1 95 95.5 96.3 94.8 89.4 86.9 85.2 80.4 79.5 82.1 80.2 77.9 73.5 75.4 81.4 91.8 108.6
82.9 79.7 72.6 65.2 59.9 57.6 46.5 49.1 49.3 53.1 62.8 66.5 69.6 66.7 63.1 58.5 57.4 57.7 57 57.4 57.1 55.5 55 53.4 50.2 48.3 49.2 50 50.3 50.5 51 50.4 50.8 51.8 53.1 54.1 56.4 57.2 59.7 59.1 60.2 60.9 61.2 63 64.5 62.4 62.9 63.4 63.9 68.9 75.4 80.1 84.3 86.2 87.4 89.5 88 87.7 89.4 90.9 91.8 92 92.2 91.3 90.2 93.4 93.3 92 87.5 87.2 84.3 79.5 78.6 77.8 76.8 75.4 71.3 78.5 91 103.3 112.1
83.1 81.1 74.9 67.3 62.3 57.5 54.3 47.1 48.8 50.2 63 63.9 66.9 65.8 62.3 57.7 55.1 55 55.9 56.3 56.1 53.8 53 52.2 49.1 48.4 48.7 49.3 50.4 50 50.8 50.7 51.6 52.1 53 54.1 56.3 57.4 57.8 59.1 59.5 59.6 60.6 61.4 62.6 62.3 62.3 62.2 63.6 67.9 74.9 79.4 82.6 85.8 87.8 88.1 84 89.3 90.1 90.7 92.4 93.6 94.7 93.5 90.2 89.4 87.6 86.3 85.1 85.1 82.7 79.6 76.6 74.4 74 74.1 79.9 88.4 99.4 107 115.2
81.4 80 74.8 68.5 63.7 57.9 51.7 49.8 48.6 48.6 58.4 63.5 63.9 63 61.7 57.4 53.4 53.8 55.7 55.6 55.1 53.2 51.7 50.7 48.6 48.4 48.8 49.1 49.4 50.2 50.9 50.7 51.1 51.6 52.7 53 53.2 57.8 57 58.4 59 59.7 60 60.7 61 66.2 61.2 61.4 64.7 67.8 73.8 78.4 82 84.8 86.7 86.7 82 89.6 90.2 90.6 93.2 95 95.9 96 94.4 93 94.1 91.1 86.9 83.1 80.5 76.7 73.8 73.6 72.4 72.9 84.5 95.2 101.4 109.1 118
79 77.2 73.5 67.7 62.9 57.9 49.9 50.6 49.7 46.4 57.5 63.6 63.2 62.6 60.8 56.4 52.6 53.1 52.2 54.2 53.7 52.4 50.5 50.7 48.4 49.2 49.3 49.2 49.2 49.9 50.2 50.1 50.7 51.3 51.9 52.4 52.8 55.9 56.6 57.4 58.7 58.8 59.1 59.8 60.5 60.8 61.3 63.5 66.2 69.6 74.1 78.2 80.7 84 85.6 84.1 86.2 89.8 90.4 91 93.5 96.1 96.9 96.8 96.5 96.4 96.1 92.7 88.8 82.8 77.7 74.6 72 71.1 72.2 79.7 90.3 97 102.1 109.6 118.6
76.4 73.5 70.3 65.6 60.9 54.5 48.8 49 49.1 46.4 57.2 61.8 62.2 62.6 59 55.8 51.7 50.6 49.2 51.5 52.3 51.3 49.8 49.5 48 48.1 48.9 49.4 49.2 49.6 50.1 50.5 50.7 50.7 51 51.9 52.5 55.5 57.2 56.6 57.1 57.9 58 58.9 59.9 61.6 68.3 64.5 68.3 71.1 74.5 78 80.1 82 84.3 79.9 87 89.9 90.3 90.6 94.6 97.4 98.4 98.6 97.9 97.4 95.5 93.2 88.5 81.8 75.1 72.2 70.9 70.2 75.9 82.2 91.6 96.3 102.1 109.1 117.7
72.9 69.4 65.6 63.6 59.2 53.2 48.8 49.1 48.7 52.3 55.6 58.8 59.8 60.4 58.1 55.2 50.6 48.4 47.5 48.8 50.6 50.4 48.8 48.6 48 48 49.3 48.7 48.9 49.1 49.5 49.5 49.9 50.3 51 51.5 51.7 55.2 55.9 56.4 57.1 57 57.3 57.3 58.3 60.1 62.4 65.2 68.3 71.9 75.4 78 79.6 81.5 81.7 80.3 86.2 89.7 90.9 91.5 96.8 98.7 100 100.6 99 97.4 94.1 92 87.8 81.9 72.5 69.4 70.8 72.7 77.2 83.6 92.4 95.3 101.5 107.8 115
67.8 64 62.4 60.1 56.3 48.7 48.9 48.5 47.8 51.8 53.5 55.9 57.6 57.1 56.1 53.6 49 48.1 47.6 47.7 49.2 48.3 48.1 48.6 47.9 47.9 49.6 48 48.4 48.7 48.9 49.8 50.2 51.7 50.9 50.9 50.9 55.1 55.9 55.8 56.4 56.7 57.2 57.2 57.7 59.6 60.8 68.8 68.3 72.4 76 78 79.6 80.6 79.1 79.8 85.2 88.7 90.9 92 97.6 100.2 101.5 101.9 100.4 96.6 93.5 90.9 87.1 79.9 69.8 71.4 72.2 73.4 77.1 83.7 90.5 94.4 99.8 106 113.3
62.6 60.8 58.6 56.7 49.5 49 48.8 46.8 50.2 50.4 50.6 52.5 56.8 54.4 53.6 50.3 47.9 48 47.7 47.4 48.6 48.7 47.7 48.2 53.5 56.6 55.9 49.8 49.2 48.4 49.4 49.6 49.7 50.5 51.6 53.3 54.3 53.7 57.7 57.8 56.1 56.7 57.1 56.4 57 59.4 61.2 66 69.6 73.2 76.8 78.2 79 79 75.6 81.7 86.3 88.5 90.4 91.6 96.8 100.8 102.4 101.8 99 96 93.2 91.1 87.2 67.7 72.2 71.6 71.7 72.5 74.7 81.1 89.6 93.3 98.3 104.8 113.5
57.4 56.9 54.2 50.8 48.5 48.7 46 49.3 49.9 49.5 49.3 49.4 50.7 50.7 51.6 48.4 47.3 47 46.8 48.3 48.3 48.4 48 48.5 51.1 58.7 59 58 51.9 49.8 48.6 48.7 49.3 50 52.2 54.8 56.3 55.7 55.8 59.9 56.5 57 57.2 57 57.1 59.2 61.6 64 68.9 74.6 78 77.9 78.7 76.5 77.7 82.4 85.8 88.8 91.3 93.8 96.3 100.8 100.8 99.2 97.5 94.9 92.7 90.4 79.1 70 72.3 71.7 71.9 72.3 73.3 76.5 85.3 91.5 97.6 104.6 112.7
54.3 52.5 48.9 48.3 48.3 45.8 48.4 49.4 49.5 49.1 48.6 48.2 47.8 48.6 49.7 47.8 46.5 46.7 47.1 47.9 47.9 48 48.6 49.6 51.4 55.1 57 57.1 54.4 49.4 48.7 48.4 49 50 53.1 55.7 57.1 57.5 56.1 60.3 57.2 56.7 56.8 57 58.5 59.5 61.4 61.3 70.2 76.8 78.7 77.1 77.5 73.5 77.1 81 86.6 90 93.9 94.7 95.4 98.6 98.6 97.1 95.3 93.3 91 88.5 69.3 71.2 71.6 71.9 71.9 71.9 72.8 74.3 80.8 91 97 102.4 110.4
48.4 50.6 48.4 48 48 47.6 48.8 48.9 49.1 48.7 48.5 48.3 47.6 47.6 47.7 45.8 48.1 48 47.9 47.9 48.4 48.9 52.1 53.2 52.3 52.3 52.7 52.3 51.1 49.1 48.8 48.7 48.5 50.6 54 56.4 57.4 57.9 56.1 57.4 57.5 56.5 56.9 57.4 57.7 59.4 64.1 61.1 70.3 70.6 77.7 76.9 76 72.2 75.9 82.1 87 91 93.8 93.3 94 95.6 96.1 95.3 93.5 91.9 89.7 85.7 67.5 70.8 71.2 71.6 71.5 71.5 72.2 73.3 77.4 86.9 95.2 100.8 108.4
51.7 55.1 48.3 47.7 45.4 48.9 48.9 48.7 48.7 48.7 48.5 48.4 47.5 47.3 47.5 47.7 48.3 48.2 48.1 48.3 48.7 51.4 53.1 53.5 52.6 51.3 51.3 49.9 49.3 49.4 49.7 49.4 49 49.9 54.8 56.3 57.9 58.9 56.3 56.1 55.4 57.4 57.3 57.1 57.3 59.6 63.6 62 69.1 74.5 75 75.7 74.2 72.6 76.9 82 86.4 91.5 93.5 91.8 92 92.9 93.2 93.4 92.2 90.6 89.1 84 69.2 69.7 71 71.3 71 71.1 71.8 73.1 75.8 82.6 91.8 99.8 106.3
50.1 48.8 51.6 48.4 45.1 49.1 48.9 48.5 48.5 48.5 48.4 48.2 46 47.8 48.3 48 47.5 48 48.2 48.4 48.9 50.6 52 52.3 51.3 50.7 50.4 50.2 49.9 49.8 50 49.4 49.9 53.5 54.8 56.3 57.6 57.6 56.8 57.6 57.1 56.8 57.5 57.7 57.1 59 60.4 65.1 69.1 72.7 73 75 71.7 71.9 76.4 82.1 87.3 91.9 91.2 90.2 89.5 89.4 90.2 90.7 89.2 88.8 87 71 68.9 66 69.8 70.6 70.3 70.8 71.3 72.5 75.1 79.6 88.7 98.4 105.1
50.2 48.7 49.2 48.1 48.5 48.6 48.7 48.8 48.5 48.3 48 47.2 47.1 48.3 47.8 47.5 46.1 46.6 48.1 48.3 48.8 49.2 50.6 50.3 50.5 50.5 50.5 50.3 50.2 50.2 50.3 49.8 53.9 54.5 55.3 56.2 56.8 57 56.1 57.7 61 57.2 57.2 57.6 57.4 58.5 60.9 65.7 68.4 71 74.9 72.9 70.4 71.7 77.2 82.4 85.7 90.3 89.5 88.7 86.6 86 85.9 86.6 85.2 83.7 76.7 69.9 69.1 67.6 65.7 68.9 75.1 72.8 72 73 74 79.6 88.2 95.7 103.5
51.5 49.2 48.6 44.9 48.2 48.3 48.4 48.5 48.5 48 48.1 47 47 48.1 47.4 46.4 45.5 47.2 47.9 47.9 48.9 48.7 49.1 49.6 49.8 50.4 50.4 50.3 50.5 50.7 49.8 51.2 55.4 56.8 55.6 56 56.5 57.9 55.7 57.5 56.3 57.1 57.5 57.2 57.1 58.2 61.7 65.8 69 70.9 72.6 71.6 69.5 72.6 77 81.1 85.2 88.6 87.3 85.3 83.3 82.3 82.5 82.7 81.6 77.8 69.1 69.1 69.2 68.3 66.3 69.4 78.6 77 73.2 74.8 75.1 78.6 82.8 90.2 101.4
49.8 48.4 47.3 47.3 48 48 48.1 48.1 48 47.5 47.2 46.6 46.3 46.8 46.3 45.3 46 47.5 47.6 47.9 48.6 48.4 48.4 49.1 49.6 50.2 50.5 50.9 51.1 51.2 50.8 51.3 54.5 58 54.9 53.4 53.6 53 55.1 57.6 55.5 56.9 56.9 56.4 56 58.7 60.9 65.8 68.5 70.3 71.8 70.3 69.6 72.7 76.6 80.7 84.7 86.5 83.7 82.5 79.9 78.8 78.6 78.9 77.7 68.6 68.4 68.5 68.8 68.2 67 81.4 78.8 78.4 76.7 75.4 77 77.9 81.3 84.9 101
48.8 47.7 44.8 48 47.8 47.7 47.8 47.7 47.5 47.3 46.4 46 45.9 45.5 45.5 45.9 46.8 47.6 47.7 48.1 48.4 48.4 48.5 48.8 49.3 50 50.7 51.4 51.6 51.6 51.6 50.8 53.6 54.8 52.4 55.1 56.1 56.5 57.1 57.8 56.4 60.1 56.6 56.1 59.6 60.3 60 65.1 67.7 69.7 70.5 70 68.5 71.2 77.1 81.1 84.6 84 81.1 80.2 77.1 74.9 74.8 75 69 67.9 67.5 68.1 68.3 67.8 66.2 81.2 78.6 78.1 76.2 76.1 77.1 80 83 83.5 97.3
47.6 47.4 47.6 48.2 47.9 47.5 47.4 47.2 47.1 47.2 45.9 45.7 45.4 45.6 46.1 46.5 47.5 47.5 47.5 47.7 48 48.4 48.5 48.9 49.4 49.8 50.6 51 51.7 51.8 51.2 51.1 51.1 51.7 54.3 56.5 58.5 58.6 58.5 57.5 57.6 57.6 58.5 58.9 62.3 62.6 58.9 63 66.8 69 69.6 68.3 68.1 69.3 77.4 82.3 84.2 83.1 79.2 75.9 73.4 71.1 70.2 69.5 67.4 67.4 67.4 66.5 67.8 66.8 80.3 80.1 78 76.6 77.6 76.5 76.9 79.2 85.6 85 88.9
47.1 44.4 48.1 48.1 48.4 48.3 47.2 46.9 46.2 45.5 45.1 45.6 46.6 46.2 45.5 46.5 46.9 47.4 47.5 48.2 48.2 48.3 48.5 49.1 49.6 49.8 50.3 50.9 51.3 51.9 52.2 52.1 52.1 52.8 54.8 56.2 57.2 58.7 59.4 58.7 60.2 62.3 61.4 60.2 64.7 65.2 62.4 59.5 66.3 68 66.8 66.4 66.7 71 77.6 82 84.6 82 77.7 73.5 70.6 68.2 67.8 66.9 67 67 67 66 65.7 66.5 75.4 77.6 77.2 74.9 76 77.6 76.5 78.3 86 85.9 86.5
47.3 47.3 47.3 47.7 48.1 47.9 47.2 46.2 45.4 46.8 45.9 47.2 47.4 46.8 46.5 46.7 46.9 47.5 48.2 48.8 49.1 49.2 49.2 49.4 49.7 50 50.6 52.1 51.6 51.5 52 52.4 52.2 52.8 54.7 55.9 57.6 59.4 59.2 59.8 58.3 60.4 61.3 62.2 66.7 69.6 66.6 63 64 64.8 65 65.4 65.7 69.2 70 82.3 83.5 80 75.2 70.3 66.9 66.3 66 65.9 66.3 66.5 66.6 66.6 64.9 75.6 80.1 77.6 77.2 77.2 77.2 78.1 77.2 80.9 85.7 85.9 87.7
47 47.7 47.8 47.9 47.9 47.9 47.1 46.1 47 47 47.2 47.5 47.4 47.3 47.4 47.7 48 48 48.2 48.9 49.2 49.5 49.6 49.6 50.1 50.6 51.3 52.4 52.7 51.6 51.7 52 52.6 52.9 53.9 55.6 57.1 59.4 60.8 61.3 59.2 59.8 60.9 64.2 67.9 71.5 69.3 64.9 63.8 64.2 64.5 64.8 65.5 68.4 76.6 79.3 81.7 77.1 72.3 66 65.6 65.5 65.3 65.5 65.7 65.9 66 64.8 66.8 84.2 86 79.7 77.1 76.6 76.7 78.1 79.6 79.6 87.3 84.1 86.5
44.1 48.5 47.7 47.7 47.6 47.6 46.4 46 47.9 47.7 48.1 47.9 48.2 47.9 47.4 47.5 48 48.5 48.7 48.9 49.2 49.5 49.6 49.7 50.3 51.1 51.8 52.6 52.4 52.1 51.9 52.4 52.5 52.7 53.5 53.8 56.2 58.8 61.1 62.4 60.2 62.9 62.8 65.3 69.5 72.1 69.8 65.9 63.7 62.9 64 64.3 66.1 69.2 76 70.6 79.3 75.5 66.6 65 65.2 65.1 65 65.2 65.6 63.7 64.6 66.3 66.8 84.7 84.5 79.4 77 76.4 75.9 76.9 77.9 79.7 81.7 83.7 85.9
47 47.6 47.4 47.4 47.7 46.7 45.9 45.7 47.1 47.8 48.7 48.7 50 48.8 47.6 47.5 48 48.6 48.9 49 49.1 49.4 49.5 49.7 50.6 51.3 52 52.5 52.2 52 52 51.5 51.3 52.4 53.4 53.7 54.1 57.9 60.8 62.8 64.6 60.4 63.9 66.9 69.6 71.3 70 67 63.8 62.3 63.7 66.3 70 73.1 76.2 78.1 77 74.5 64.1 64.9 64.9 64.7 64.6 65 63.7 65 65.7 66.2 72.8 84.4 81 80.6 78.7 76.2 76 76.7 78.3 79.4 83.1 85.1 85.6
