ny/ny82_OST50GRID_20230518/NY82.asc
ncols 200
nrows 200
xllcorner 380000
yllcorner 520000
cellsize 50
[rows 35 to 69 of 200, columns 0 to 77 of 200]
515.2 509.1 512.7 513.5 512.4 509.6 506.7 504.2 500.8 494.2 484.1 490.2 492.3 491.4 488.1 481.4 475.9 468 459 454.9 445.8 434.3 435.9 436.8 438.3 445 450.7 456 458 457.4 451.9 443.2 437.4 433 429.9 426 420.4 427 460.3 474.2 475.2 477.7 483.1 486.5 482.3 488.1 488 485.9 490.6 474.9 467.6 460.7 449.5 435.4 414.4 407.5 404.6 405 405.8 406.8 406.8 409.1 420 432.9 443.1 454 463.8 472.8 486.8 504.6 512.9 516.4 519 524.3 526.6 528.7 532.2 528.4
514.5 507.8 508 509.8 510 508.9 507.6 504.8 500.2 493.1 484 483.6 484.5 483.9 481 475.3 470.5 461.6 454.5 449.9 436.3 438.2 438.5 439.7 446.4 451.3 455.3 458.8 461.1 460.3 456.1 445.2 440.5 433.1 429.2 426.2 420.5 422.3 425.1 446.8 455.1 463.5 469.8 477.1 472.8 467 459.2 465.9 462.9 447.9 436.7 425.5 414.7 406.5 405.7 405.4 406.2 406.9 406.8 408.7 411.1 417.8 428.9 439.8 450.3 460.7 472.7 488 497.7 509.5 514.1 518.6 520.6 527.1 531.9 534.4 534.9 532.3
508 502.3 502.7 505 505.9 505.7 504.6 502.6 498.1 491.2 482.1 477.1 478.6 477.2 472.9 467.6 462 456.4 452.1 443.3 437.6 439.8 440.5 448.5 452.4 455.2 457.5 458.6 460.4 460.8 458 449.9 443.6 436.1 432.8 426 420.7 420.9 421.7 421.7 422.8 428.4 433.4 437.2 435.1 427.7 422 416.9 413.1 408.8 408.2 409.3 409.6 409.1 408.5 409 408.2 408.4 409.7 412.4 418.6 426.8 436.8 446.8 456.1 467 480.9 497 505.2 514.1 521.6 522.2 522.5 530.1 537 538.5 538.8 539.3
512.1 505.9 498.1 500.5 500 500.3 499.2 497.9 494.6 487.1 477.5 471.4 472.7 470.1 464.9 461.1 457.5 453.5 445.1 436 440.5 441.5 444 453.4 456.1 458.1 458.6 457.8 459.1 459.8 457.5 452.1 442.2 437.3 434.3 431.9 421.6 418.8 419.5 419.9 419.2 418.1 418.1 416.5 415.3 414.7 413.7 411.5 412.3 412.6 412.4 412.9 411.7 411.1 410.9 410.1 410.4 410.6 414.1 418.3 427.4 435.2 441.2 448.4 459.5 470.6 483.6 499.8 508.8 516.5 521.2 523.7 524.3 531 535.6 538.5 540 540.7
511.1 506.9 501.1 492.8 491.5 492.7 493.6 492.5 487.8 479.2 472.9 470.3 465.2 464.8 462.5 459.3 457.2 449.9 440.8 439.6 441.7 442.7 448.8 456.8 459.9 460.7 459.6 458.2 457.4 457.2 454.8 451.3 443.9 438.3 434.5 431.7 427.4 417.2 418.9 418.1 417.6 416.6 416 414.6 412.1 411.9 411.8 412.4 416.5 417.8 416.2 416.4 414.3 412.5 411.8 416.1 419.2 422.7 425.8 434.5 437.5 442.6 449 457 464.7 475.2 488.1 503.4 506.9 511.2 519.3 526.6 523 531.4 536.4 538.8 541.7 543.2
505.4 502.7 500.7 498.6 495.6 489.4 486.6 484.6 479 473 468 465 461.7 460.7 458.3 455.9 452 442.9 439.6 442.4 443.2 445.4 451.2 458.4 461.6 462 460.5 458.7 456.9 455.7 453.6 451.1 446.4 440.7 436.5 432.2 429.6 419.4 415.7 416.1 414.9 414.1 415 414 414.7 413.4 414.1 418.5 421.7 422.1 421 421.2 419.7 424 427.9 432.4 436.7 441.6 446.2 452.5 448.6 455.6 459.5 464.1 473.2 484.4 488.9 500.9 508.5 508.7 511.5 517.2 520.7 529.1 538 539 541.9 545.5
499.6 496.9 494.9 493.6 491.1 486.3 477.7 476 472.4 467.4 463.6 460.8 457.5 456 453.1 448.9 445.3 441 444.3 444.6 445.6 449.2 454.3 459.7 462 462.1 460.7 458.8 457.5 456.4 454.8 452.1 448.3 444.1 438.7 433.3 430 428.3 421.9 419.4 417.6 416.4 417 421.2 421.9 420.2 421.7 423.3 427 427.1 426 434.4 437.1 443.7 451 457.9 459.8 462.2 463.3 464.3 456.3 465 468.2 472.6 482.6 493.5 500.3 502.7 508.3 512.4 510.6 515.7 519.9 526.7 539.4 541.8 542.2 546.4
495.1 493.5 492.6 489.5 487.6 481.9 475.1 469.2 465.5 461.9 458.2 455 453.9 452.5 449.8 446.1 444 446.3 447.4 448.2 448.4 451.2 456.4 460 461.7 461.8 461.1 460.1 458.8 457.4 456.1 453.5 450.3 446.9 442.4 437.2 434.7 431.1 426.7 423.8 422.3 423.5 426.9 430.9 430.8 432.1 431.9 429.4 430.5 432.5 442.9 454.2 458.7 463.3 470.6 476.8 471.6 469.7 471.1 469.4 470 472 474 483.9 494.5 502.2 507.2 509.2 510.6 509.8 510.5 515.1 519.9 528.3 542.1 542.7 543.6 545.2
489.4 488.5 486.8 485.2 482.2 476.4 469.9 465.9 459.4 458.8 455.5 453.8 452.4 450.6 448 444.7 449.2 451.1 451.8 452.3 452.6 454.4 456.7 459.6 461.6 462.7 462.1 461.2 460.2 458.7 457.2 454.8 452.3 449.2 445.6 443.3 439.8 434.9 430.8 428 430.8 434.9 435.7 437.7 439.2 441.4 439.4 440.7 438.2 437.4 448.5 470.4 473.2 474.6 478 481.5 482.7 477.6 473.8 472.6 474.5 477.8 480.2 493.7 502.8 506 510.1 515.4 515.8 509 510.1 514.1 518.6 524.9 542.3 544.7 543.7 546.2
479.6 479.5 477.1 477 472.8 467.8 464.7 461.8 458.7 456.4 455.3 453.3 451.6 449.7 448.6 452.1 455 455 455.1 456.1 456.8 459.2 460.2 460.4 462.1 462.9 463 462.1 461.6 460.2 459.1 458 454.9 451.3 450.6 448.4 443.1 439 436.5 437.2 439.6 443.3 445.8 444.1 446.6 449.3 452.7 454.5 451.3 450.9 445.3 465.4 479.2 481.6 484.6 487.5 489.9 488.4 476.8 473.9 476.8 478.8 481.1 501.4 505.9 509.6 513.1 517.5 518.2 516.7 511.7 512.2 515.6 523.4 538.7 545.4 546.8 547.2
470.7 471.1 472.8 470.3 468.5 465.1 461.4 458.9 457.4 455.7 453.2 452.7 449.5 449.6 451.4 457.8 459.5 458.4 458.4 459.8 461.1 462.6 463.7 463.5 463.8 463.7 463.8 463.6 462.9 462.1 462.1 460.2 457 455.5 455.4 451.8 450 447.3 445.9 445.7 447.4 450.2 451.5 452.2 455 460.2 466.9 473.3 464.5 457.8 444.5 458.4 473 483.7 488.9 491.9 494.8 496.4 491 480.4 478.3 480.7 486.2 502.8 509.5 513.4 514.8 518.3 518.6 519.1 517.3 514.6 517 524.7 532.2 545.9 546.2 547.5
470.8 468.5 466.4 465.3 466.3 462.8 460.1 458.7 457.4 455.8 454.2 452.2 451.1 452.8 458.2 461 461.9 462.2 463.2 464.2 465.3 466.7 466.7 464.1 465.4 466.3 466.6 466.5 465.5 465.1 464.2 462.4 461 462.3 460.8 458.9 459.3 460 460.6 462.4 462.4 462.1 463.3 464.5 467 468.3 468.6 467.8 463.6 461.4 450.8 459.9 473 486 492.4 495.3 497.9 500.3 500.8 490.5 486.7 483.5 494 507.4 513.6 516.5 516.9 519.1 519.6 520.6 520 521.2 524.1 524.9 530.8 539.8 545.6 547.7
471.7 469.6 467.6 464.6 463.1 461.6 459.9 458.5 457.4 456.5 453.7 452.1 455.7 458.2 461.3 463.4 464.3 465.9 467.5 468.7 470 471 470.3 469.1 468.8 469.2 469.2 469.3 469 468.9 468.9 468.8 468.4 469.4 468.7 470 472.2 475.7 479.2 481.9 481.7 476.6 474.6 475.8 480 480.6 481.7 479.2 475.9 472.5 457.6 466.8 475.5 487.7 494.3 498.4 501.6 503.6 503.5 500.7 496.5 486.8 492.7 509.3 515.6 517.3 518.8 520.1 521.2 522.1 523.5 526.7 530.3 531.1 531.4 535.5 545 547.3
471 468.8 467.1 465.5 462.4 460.8 459.5 457.8 456 455.8 453.8 453.8 459.5 461.9 464.5 466.6 469 470.8 472.2 473.6 474.8 475 474.7 472.5 471.8 474.6 475 476.2 477.4 478.4 479 478.7 477.6 475.5 477.5 480.6 484.3 488.1 492.1 493.5 492.6 488.1 485.9 485.1 486.4 489.4 491.3 491.8 485.8 472 461.2 479.2 484.8 489.5 492 497.8 503.1 504.6 504.9 504.3 503.5 491.2 495.7 502.4 515.9 518.3 519.7 520.7 521.8 524.5 527.8 529.6 535.7 536.9 535.4 535.2 539 546.1
476.2 474.9 471.3 468.4 467.6 460.8 458.9 458.7 457.3 456.1 455.8 460.8 464.4 467.6 470.3 472.4 475.1 477.6 479 480 480.6 480.9 480.8 478.4 477.3 483.5 484.8 486.2 487.7 489.1 488.9 488.2 486.8 481.4 486.3 492 495.9 496.4 500.8 505.9 505.1 498.7 496.1 493.3 492.7 493.4 495.4 497 494.6 484.3 462.2 486.5 491.2 494.9 495.8 494.9 498.8 503.2 505.8 506.1 504.6 497.8 501.1 502.6 513.1 518.1 520.3 521.7 525.3 528.1 530.3 533.7 539.2 542 540.2 537.8 537.5 541.1
480 480.1 476.1 474.2 470.4 460 462.4 464.9 463.7 460.1 462.4 465.9 471.5 476 478.3 480.3 482.5 484.7 487.1 488.9 489 488.2 488.8 487 486.4 491.7 492.8 494.9 496.3 497.1 497.3 496.5 495.1 489.8 495.6 504.7 509.8 507.6 511 514.5 512.1 506.4 502.2 499.9 498.5 495.6 496 497.1 496.6 491.4 465.1 491.4 498.4 501.1 502 500.9 499.6 503.5 506.2 507.1 505.8 504.9 508.5 508 508.6 518.2 521.5 524.3 528.5 530.3 532.1 536.7 540.7 544.3 544 540.7 540.1 540.9
482.6 481.8 480.3 476 466.7 464.8 472 473.1 466.8 465.6 470.9 474.9 480.1 483.4 486 489.3 490.9 493.3 496.6 498.3 498.7 497.4 496.8 497.8 495.6 499.7 501.2 502.1 503.4 505.1 504.7 506.2 505.3 496 507.1 514.9 516.5 517.6 516.9 516.5 516.3 509.8 510.3 507.8 506.3 500.5 497.4 496.3 495.4 490.2 470 493.5 502.8 505 505.6 504.8 502.7 505.6 507.1 508.2 508 507.7 510.6 513.9 515.9 516.4 522.9 526.1 530 532 535 537.6 541.7 547 550 549.1 549.4 550
483.2 482.4 480.3 474.5 462.4 473.9 477.4 476.8 470.1 473.4 479.6 484.2 488.5 491.7 493.7 495.9 499.6 502.4 504.4 507.2 507.7 506.2 506.7 506.7 505.4 506.5 509.7 511.7 512.3 514.7 518.4 520.6 515.9 503.9 515.2 518.3 518.5 518.8 517.6 517.1 516.6 512.7 512.3 511.9 510.8 504.6 500.7 497.8 494 482.1 486.1 501.1 507 509.8 509.3 507.6 506.9 507.7 508.1 509.3 509.7 509.1 511.7 516.3 519.2 522.9 521.8 526.1 531.4 533.5 536.2 539.9 544.8 551.7 554.3 555.6 556.4 557.6
483.2 482.4 479.9 471.9 470.7 479 481.1 480.9 479.9 483 488.5 492.9 496.9 500.4 500.2 501.5 506.7 510.1 512.6 515.8 516.3 516.2 515 514.9 517.2 515.7 517.5 520.4 521.8 522.6 523 522.6 520.1 519.2 513.1 517.4 519.4 520.4 518.4 517.4 516.3 515.9 514.6 513.2 513.4 510.6 504.7 495.7 495.8 482.5 496.8 505.9 510.4 513.9 513.9 512.6 510.7 510.9 510.8 511.4 512.2 512.2 515.3 518.5 522.1 526 528.2 527.9 529.9 534.3 538.9 544 548.7 554.5 555.7 558.4 559.1 559.4
482.7 481.2 476.6 471.2 475.8 483.5 484.5 486.1 487.2 490.5 495.2 500.3 504.4 507 509 509 514 517 519.4 522.9 524.5 524.3 524 521.6 522.4 517.3 521.4 523.4 526.5 528.4 529.4 528.4 525 521.8 516.7 515.5 518.4 520.1 519.8 517.3 516.9 516.5 514.9 513.7 513.9 510.7 504.6 504.3 496.4 489.2 493.9 507.8 511.1 516.8 517.4 516 514.5 515 516.2 516.2 516.2 517.1 519.3 521.8 525.7 530 532.4 535.7 537.1 539 539.7 541.8 550.4 555.7 557.5 558.8 559 561
482.2 479.5 476.3 474.7 482.7 487 489.4 491.9 493.6 496.3 501.3 506.2 510.4 512.9 515.2 516.2 518.3 524.1 527 529 530.3 530.1 529.7 527.9 527.2 522.7 526.9 527.4 530 531.9 532.5 531.3 529 525.9 525.9 517.9 521 521.6 521.3 519.4 519 518 516.1 515 512.4 511.9 511.1 508.3 502.9 499.2 493 508.6 511.5 517.1 518.4 518.4 518.3 519.1 520.8 522.4 522.2 521.7 523.2 526 531 536.7 539.1 541.3 542.8 544.5 545 541.6 542.3 553.2 555.5 558.3 560.7 562.4
482.1 479.6 477.5 479.3 486.9 490.6 493.6 498.1 501.1 506.2 509.2 511.9 515.5 518.7 522.4 526 527.2 528.7 531.2 532.7 533.7 533.6 532.8 532.5 532.4 526 532.2 533.1 533 534.2 534.9 534.1 533.3 531.9 532 528.9 528.8 527.6 524.5 521.4 520.1 518.5 517.2 515.7 515.4 515.3 513.9 511 506 501.7 494.9 507.9 513.5 516.1 518.5 518.7 520.8 522.4 524.5 526.4 526.3 525.7 527.6 532.5 539.4 541.9 543.7 546.7 549.2 550.6 550.8 548.8 548 550.7 555.7 559.6 563.7 565.5
481.6 479 478.6 485.7 490.1 494.3 499 503.6 508.5 512.5 515.9 519.5 523.7 526.5 528.8 531.3 532.1 533.9 535.7 537.3 537.6 537.9 538 538.7 537.8 531.5 538.1 539.5 539.8 539.3 539 538.1 536.3 534.8 535.1 534.6 532.9 530.8 527.9 523.6 521.3 519.1 517.4 516.1 517.9 517.4 516.1 511.7 510.8 503.7 500.6 504.1 514.4 517.4 519.5 520.8 523.5 527.3 529.5 530.4 531.6 530.7 530.4 536.8 542.2 544.9 547.2 549.4 551.2 552.5 553.5 554.2 552.4 555.5 556 562 566.1 566.7
481.6 480.1 481.9 490 493.9 499.7 505.8 509.8 515.5 521.2 524.4 525.5 527.7 529.6 531.6 534.7 538.1 540.6 543.1 545 545.9 545.1 543.3 543.5 541.3 538.5 540.7 542.9 543.4 542.6 542.3 541.6 540.3 538.1 537.7 537.3 535.1 534.2 531.3 527.1 523.5 520.9 518.6 518.4 519.3 519.1 517.2 517.3 514.3 507.8 513 511.5 515 515.8 521.7 524.6 527.3 532.1 535.8 537.5 538.1 537.5 537.3 539 543.2 548.2 550.1 551.6 552.5 552.9 554.9 558.1 559.4 561.7 564.1 565 567.4 568
481.4 482 488.1 495.3 499.3 505.2 510 516.9 522.4 525.4 528.4 530.4 533.4 536.3 538.9 542.5 544 546.3 548.1 551.1 552.1 550.4 548.4 546.9 545 542.8 541.2 544.3 545.5 545.9 545.4 544.4 542.3 541.3 540.6 538.9 537.7 535.2 532.7 529.6 526.5 523.3 520.3 518.6 519.6 518.8 519.9 519.5 516.9 508.1 517.1 518.8 518.5 517.7 522.4 526.9 531.1 535.4 539.6 541 541.5 541.2 541.2 542.4 546.9 550.2 552.1 553 555.3 557.5 559.2 561.4 563.3 565.3 566.1 567.6 567.4 570
482.7 486 495.4 499.5 504.2 508.8 516.3 521.4 524.5 529.1 532.2 535.5 538.7 541.6 543.7 546.5 548.4 551.4 553.5 555.6 556 554.8 554.3 551.3 549.4 546.6 545 545.2 547.9 548 547 545.9 544.4 543 541.9 540.7 538.2 536.3 534 531.5 528.6 525.9 523.9 521.1 521.5 519.2 521 521.3 518.9 510.8 519.3 522.1 522.8 520.6 525.1 528.8 533.6 536.9 540.9 542.7 543.8 544 544.5 547.3 551.6 553.4 553.7 557.1 560.2 563 563.8 565.5 565.4 566.3 567.9 570.3 571.3 572.6
492.1 489.8 498.5 504.1 507.3 514.4 521.4 525.3 528.6 531.8 535.1 538.8 542.5 545.7 548.5 553.3 557.8 559.6 561.2 561.6 559.8 559.6 558.9 556.4 553.9 551.4 549.7 548.8 550.4 549.3 549.4 547.2 547.3 545.5 544.2 542.3 539.9 537.5 535.5 532.1 530.2 528.1 525.6 522.5 521.5 521.3 521.9 523.1 521.3 515.7 521.9 524.8 527 528.5 527.6 530.6 535.4 539.7 542.7 544.4 547 548.1 550.5 552.3 555 557.3 558.7 559.9 562.8 565.4 565.6 567.8 570 571.6 572.7 575 575.3 575.6
496.7 498.1 498.3 507.2 513.9 520 524.7 528.8 532 534.7 536.8 540.7 543.8 548.3 555.5 559.5 562.3 564.1 564.6 565.5 564.9 564.2 563.8 562.1 559.8 558 555.1 551.8 554.3 553.4 552 550.7 550.9 549.5 547.6 545 543.4 540.6 537.6 535.8 533.2 530.1 526.7 525.1 524.6 524.3 525.1 525.4 525.3 517.9 525.3 526.2 529.8 531.5 532.4 531.2 536.5 542.1 546.3 548.7 551.3 551.8 554.1 556.9 558.5 560.4 563.3 563.1 564.9 566.8 569.2 571.8 575.2 576.5 577.9 578.9 579.6 580.2
502.3 504.6 506.1 506.4 517.1 522.7 528.3 531.4 534.5 536.8 539.5 542.6 548.9 556.2 561.6 564.7 566.8 569.1 569.3 568.9 569.3 568.2 568.1 567.5 566 563.8 561.2 556.4 559.5 558.2 557.2 555.4 555.1 553.6 550.6 548.2 546.5 543.6 541 539.2 535.4 532 529.3 527.1 527.2 527.1 528.1 526.7 528.2 523.8 526.1 529.9 531.2 533.9 535.4 536.1 538.3 541.7 550 553.5 556.2 557.1 557.9 560.3 562.1 563.8 566.5 567.3 567.5 569.6 572.8 578.1 580.9 581.4 582.5 583.2 583.4 584.1
507.6 510.5 511.7 509.5 519.1 526.7 530.4 533.6 536.5 540.1 544 548.3 554.6 559 564 566.5 568.8 570.8 571.9 572.9 573.3 572.3 571.7 571.2 570.4 569.6 569.8 567.8 566.5 564.3 563.2 560.9 559.6 558.1 555.3 551.7 549.4 546.4 544.5 542 537.5 535.5 531.9 529.5 530.8 529.6 530.7 530.2 530.9 528.4 524.9 533.7 533.6 535.9 538.7 542.1 542.9 547.4 550.8 555.8 559 560.3 562.3 563 564.7 566.7 568.5 569 570.5 573.5 577.1 581.2 583.3 584.5 585.7 586.1 586.2 585.6
513.1 516 517.7 519.2 514.2 526.7 531.2 534.4 538.5 543.3 547.3 553.6 557.7 563.6 566.8 568.5 571.2 572.8 573.8 574.9 575.7 575.4 575.8 576.1 576.2 580.9 583.3 579.3 574.7 571.8 569.2 566.2 564.4 561.7 559.3 556.5 553.7 551.6 548.8 544.8 543.1 539.1 536.6 533.9 535.1 533.8 534.6 534.7 534.7 531.4 529 536.9 536.5 540 541.7 544.8 545.7 548 551.4 557.3 560 562.2 562.6 564.6 566 567.7 570.7 572.5 576.5 579.9 581.4 583.3 586.7 588.7 589.9 590.1 591 589.7
518.2 520.6 522.3 524.3 526.4 524.5 532.4 537.4 541.3 545 550.3 556.5 561.4 565.4 568.8 570.5 572.9 575 576.5 578.1 581.4 582.5 582.5 579.9 581 585.3 587.5 586.5 581 577.9 574.7 572.3 569.6 567.1 563.1 561.2 558.8 555.8 552.3 550 547.7 544.3 541.2 538.7 538.9 537.6 538.1 537.8 538.9 535.2 530 540 541.8 542.1 545.7 547.7 551.1 554.5 557 560.9 562.6 563.9 564.9 566.4 568.8 571.2 574.4 579.1 582.7 584.8 585.2 587.9 591.5 592.3 593.2 592.8 591.3 591.1
523.9 525.9 526.5 527.9 530.6 533.2 531.7 538.8 543.1 547.4 553.6 558.6 564.1 567.7 570.9 572.7 574.6 576.7 580.1 586.2 590.4 590.2 589.3 585.3 585.4 588.5 589.8 589 585.9 582.7 580.2 577.3 573.2 569.3 567.3 564.8 562.4 559.3 555.6 554.5 551.5 548.1 545 543.8 543.2 542.3 543.4 543.2 543.5 540 532.8 543.8 547.3 548 549.2 551.7 554.5 557.5 561.3 562.6 565.5 566.5 567.9 570.1 573.4 575.5 578.2 581.9 586.6 591.1 591.9 592.1 592 593.1 595.4 597.3 597 596.9
527.2 529.4 530.9 533.4 534.8 536.9 539.9 537.1 545.2 549.4 556.1 561.7 566.5 569.9 572.1 574.6 576.9 580.3 585.6 590 591.4 594.4 595.1 592.8 593.7 593.8 593.7 593.1 589.2 586.2 583.1 578.5 574.3 572.3 570.9 568.9 565.7 561.7 559.9 558.1 555.6 552.4 551.3 549.2 549.5 548.3 548.1 548.2 548 546.6 541.2 539.8 550.9 551.9 551.8 554.9 557.8 560.5 562.3 564.6 566.4 568.6 570.4 572.4 575.1 578.1 581 586.4 594 596.1 595.3 594.8 594.1 595.8 600.6 603 604 602.9
531.4 533.5 536.2 538.1 539.8 541.7 544.3 545.2 544.4 552.3 558.2 564.4 568.9 571.9 574.2 576.4 579.5 584.8 589.4 590.7 592.7 596.2 597.6 594.5 599.4 599.7 598.9 596.8 593.7 589.7 584.2 579.5 578.8 577.8 576.8 574.2 569.7 568.2 566.6 563.9 561.6 559.3 557.1 556.4 555.8 554.4 553.9 553 551.9 551.6 548.5 537.7 550.8 554.7 555.3 556.1 558.7 561.1 562.6 565.2 566.9 568.9 571.3 573.6 576.5 580.7 585.8 592.3 598 599.6 599.4 601.6 602.3 605.2 609.9 612 612 608.4
