ny/ny82_OST50GRID_20230518/NY82.asc
ncols 200
nrows 200
xllcorner 380000
yllcorner 520000
cellsize 50
[rows 35 to 69 of 200, columns 78 to 155 of 200]
527.6 526.6 531.9 535.6 540.4 542.9 543 542.7 543.3 543.6 542.1 540.6 540 538.7 537.9 531 523.4 520.9 520.2 517.6 517.8 508.3 494.7 487.2 485 480.4 471.3 458.5 444.5 436.5 431.1 425.6 420.5 416.3 411 406.5 400.9 398 396.4 394.7 393.2 391.6 390 388.2 388.9 390.7 391 388.3 383.1 377 371.2 361.3 352.5 344.2 337.1 335.8 356.7 368.4 380.1 389.9 393 394.8 392.9 392.2 389 343.2 339.5 339.2 338.9 344.9 357.3 367 358.9 350.1 339.3 325.5 318.3 320.9
531.5 529.4 528.9 533.4 537.8 540.9 540.9 540.3 540.4 540.6 540 539.7 540.9 539.4 538.4 536.4 531.6 522.1 519.8 519.7 520.7 519.8 513.7 497.8 475.5 468 462.4 451.4 440.2 430.9 422.2 416.7 411.6 409.2 407.7 405.5 403.6 399.2 397.1 394.4 392.2 390.2 388.5 386.6 384.8 384.7 383.7 382.2 380.9 379.1 378 374.7 368 360.6 351.3 334.3 333 337.9 341.2 352.7 362.3 368.3 372.3 370.9 371.9 342.7 338.9 338.7 344.4 347.1 353.2 351.8 343.9 336.5 325.7 319.2 323.1 331.2
534 532.4 528.2 529.5 535.7 540.3 540.1 539.7 539.5 539.7 539.1 535.5 532.9 533.7 532.3 535.4 534.7 526.9 520.6 518.4 517.8 516.7 512.3 505 491.8 472.5 452.1 437.5 427 419.9 417.1 410.2 405.9 402.7 399.5 400.1 401.6 400.9 399.8 396.5 392.9 390.3 387.5 384.7 382.5 380.2 377.9 375.1 370.8 368.1 367.1 364.7 361.6 354 345.5 339.1 335.2 333 335.2 334.5 333.5 331.4 329.9 337.7 340.6 337.5 337.2 337 337.4 337 335.8 336.2 333.5 325.6 320.8 323 332.7 339.6
540.1 534.1 531.5 529.6 531.3 537 539.8 540.3 539.8 539.7 538.6 537.8 531.5 528.1 526.1 525.5 526.4 523.3 521.2 516.4 511.4 509.1 507.2 502.1 492.3 471.5 436 431.1 426.7 421.9 414.2 410.1 405.6 402.3 399.2 396.3 395.3 396.4 397.3 397.3 395.3 391.3 387.5 384.6 381.5 378.4 375.3 371.7 365.8 360.4 356.4 354.9 352.5 348.4 342.6 339.4 338.8 337.1 333.6 332.7 332.2 333.8 332.9 331.7 330.5 328.3 326.9 328.2 329.2 331 329.8 327 325.3 322.2 326 333.6 342.6 349.6
543 542.5 541.7 536.2 529.6 531.8 537.6 539.5 539.9 539.1 537.2 536.1 533.3 533.6 531.5 527.8 528.6 532.6 527.5 518.2 514.3 511.1 505.6 499.3 488.5 454.5 450.4 452.5 439.8 434.4 427.3 420.3 409.4 404.4 398.3 395.5 392.6 392.3 391.4 391 391.5 391.2 388.8 384.5 381.3 378.1 375.7 371.4 366.2 361.4 356.9 354.7 351.6 349.2 345.9 342.9 339.1 337.9 336.3 336.1 334.7 333.6 332.5 331.8 331.2 330 328.8 328.1 327.3 326.6 324.9 324.9 326.4 330.2 336.2 342 350.1 356.3
546.5 545.2 544.1 543.2 535.6 530.3 532.5 536.8 538.2 539.3 540.6 539.3 535.3 535.2 534.3 529.4 529.5 528.6 525.8 521.1 517.2 513.7 507.4 497.7 485.9 480.5 473.7 464.7 460 455.1 447.1 436 427.7 417.5 406.4 399.1 396.4 392.3 388.6 386.1 384.7 385.4 386.2 385.5 381 377.7 375.7 373.5 371.5 366.5 361.1 358.7 356.3 354.1 351.8 345.5 344.8 341.9 340.8 338.5 335.5 334 332.8 331.9 330.8 329.5 328.7 328.2 328.2 328.1 328 333.7 338.7 337.9 348 352.5 356.4 363.4
547.4 548.7 547.4 547.8 541.9 530.8 531.3 532.8 536.6 540.5 541.4 540 538.2 536.8 533.8 525.2 525 521.2 515.2 518.9 518.2 514.4 507.5 494.3 498.3 498.1 495.4 487.6 483.7 483.3 475.5 463.4 452.2 439.5 428.6 415.1 409.1 399.4 395.8 391.8 387.6 383.4 380 378.9 378.6 377.5 374.9 372.1 370.4 368.7 366 363.5 361.5 359.1 356.7 352.3 351 347.5 345.4 341.8 339.2 337.1 335.3 333.8 332.9 331.6 330.4 329.5 331.1 336 339.5 342.9 353.9 357.6 360.3 363 366.5 370.4
548.4 549.5 549.1 548.3 540 532.5 531.6 531.2 530.9 535.5 540.1 541.1 539 537.6 529.4 523.3 519.9 514.5 513.7 515.2 516.3 514.7 503.8 505.2 505.3 505.5 504.2 502.7 499.5 499.5 494 485.6 469 452.6 441.2 432.2 423.5 413.7 405.6 397 391.3 388.5 384.5 380.6 377.2 374.7 371.7 370.8 368.9 366.3 364.5 363.1 361.9 359.6 356.3 357.7 353.4 353.6 351.2 347.7 344.4 342.5 341.2 342.1 344.8 345.1 347.9 349 350.3 351.3 355.4 354.8 361.2 368.1 373 376.3 375.5 376.5
548.6 549.3 549.1 549.8 543.4 539.5 536.7 530.4 530.8 529.3 531.6 535.4 534 530.9 525.4 522.3 519.1 514.2 512.9 512.7 512.1 509.3 508.7 510.6 511.4 511.6 510.8 508.8 506.4 503.6 497.8 490 472.4 460.3 451.3 443 435.6 425.6 421.3 414.2 406.3 398.7 394.5 387.2 384.3 381.1 374.3 372.3 370.1 367.3 366 364 360.9 361.7 361.4 360.4 358.6 358.5 358.8 357.7 356.5 355.4 355.9 358.1 363.3 371.1 368.4 367.3 368.7 365.6 364.6 368.3 373.8 379.7 381.7 386.4 385.1 383.6
548.6 549.8 550.2 550.4 548.3 544.3 541.3 537.9 530 528.6 526.3 525.8 525.4 523.4 521.4 518.9 515.5 513.1 512.1 511.9 510.8 510.6 511.4 513.7 515.4 516.7 518 515.1 513.7 512.5 508.5 499.6 484 467.9 456.3 448 441.4 435.9 429.5 424 418 412.1 405.6 400.3 395.1 389.1 385.6 381.8 379.3 375.9 371.4 369.7 365.6 364.3 363.6 363.2 363.6 364.3 365.9 368.1 368.9 374.3 378.8 379.6 380 380.4 380.8 383.4 382.3 378.2 378.1 381.9 382.9 387 387.7 390 389.6 388.4
548.9 550.4 550.9 551.2 550.4 545.3 543 541.3 542.4 535.7 528.8 526.8 525.3 524.3 522.4 519.8 518 515.2 514.5 513.3 513.3 514.8 517.2 518.5 519.1 520.6 520.9 519.3 517.3 513.9 509.4 501.3 487.8 472.7 462.1 454.8 448.3 446.6 439.1 433 427.7 420.7 413.9 408.6 404.5 399.6 395.9 391.9 389 385.2 383.7 379.7 377.1 373.6 370.9 368 370 371.2 374.9 379.4 386.8 391.9 392.4 391.5 390.6 392.6 396.6 394.2 391.3 389.5 389.6 390 386.9 391.9 392.6 391.9 391.7 390
549.3 549.9 550.5 551.6 550.4 546.5 544.4 544 543.3 543.5 536.5 530.4 528.1 527.5 526.1 524.4 520.9 518.4 517.7 516 516 518.9 522.5 524.2 524.1 524.3 524.8 524.7 526.1 519.3 514.8 507.4 493.9 478.2 470 464.2 460 456.8 454 447.2 440.3 432.8 424.7 418.4 413.4 409.9 404.8 400.8 398.1 394.3 391.9 389.5 387.3 385.7 383.6 383.1 382 378.6 385.2 390.2 398.2 399.4 399.3 397.6 396.8 397.8 397.5 396.7 395.7 396 396.2 395 389.9 394.7 395.1 393.2 392.8 390.9
549.9 552.7 550.8 551.4 551.2 547.1 546.4 545.4 544.6 543.5 540.8 533 529.2 528.3 527.6 525.9 523.1 521.1 519.8 518.4 518.8 522.5 526.4 528.1 528.9 528.3 528.3 528.2 527.5 525.9 517.7 514 505.9 490.1 481 474.1 468.3 466.6 461.7 455.6 450.1 443.3 434.7 428.4 423.4 418.5 414.8 410.5 407.3 403.6 401.1 398.1 398.3 396.2 394.6 394.3 392.4 384.8 395.3 403.1 407.4 404.9 403.4 401.6 399.4 399.4 399.8 403.9 403 401.1 400.6 399.3 398 395.4 395.5 396 395.2 394.3
552.7 555.5 553.3 553.2 552.9 551.5 547.6 546.6 545.1 543.7 541.4 539.2 532.2 529.6 528 526.8 525.5 525 523.6 522.1 519.1 524.7 529.2 531.4 531.3 530.4 529.7 529.3 527.9 525.8 519.7 514.9 508.8 494.7 486.6 480 476 482.1 480.2 475.2 473 462.9 449.7 439.9 432.7 428.6 424.8 421.3 417.2 415.2 413.7 411.3 408.3 405.7 405 401.9 399.6 397.7 402 408.8 409.8 408.9 407.3 405.6 403.9 403.6 407.5 407.1 405 403.4 402.1 400.9 399.8 399 397.5 397.4 396.5 395.6
548.6 557.2 560.2 559.2 556 554 549.7 547.8 546.3 544.9 543.4 541.6 535.7 534.6 531.2 531.3 531 529.3 528 526.9 525.2 525 530.9 532.8 531.9 530.3 530.3 530.2 528.6 527.2 524.1 515.9 510.8 498.9 491.7 487.5 484.9 491.8 501.5 504.2 499.3 489 471.4 456.8 445.4 437.8 432.5 428.7 424.9 422 419.9 416.8 414 412.5 410.3 406.8 403.4 404.9 405.4 407.3 408.8 409.3 409.6 409.9 410.2 409.6 409.8 409 407.5 406.1 403.4 401.8 401.1 398.7 399 399 398.1 396.8
544 549.8 555 558.6 558.9 557.1 554.6 552.9 549.3 546.4 545.3 543.3 541.3 539.4 537.3 536.8 535 533.8 531.7 531.1 529 524.5 531 532.6 532.7 531.6 529.1 528.7 527.2 526.7 523.6 516.4 511.5 502.4 495.8 495.1 496.4 502.2 512.3 526.1 525.6 509.8 489.1 473.4 458.7 448.2 440.2 433.6 428.8 425.5 423.2 420.6 418.1 416.2 414.3 412.4 409.4 411.1 411.1 411.1 410.5 410.6 414 414.1 412.8 411.8 410.7 409.8 408.9 407.6 405.5 403 401.7 402.3 402.2 401.5 400.4 399.6
551.1 551.6 552.6 556.5 559.8 560 559.6 557.4 554.6 550.8 547.1 545.6 543.6 541.8 540.6 539.3 537.2 535.4 534.4 532.7 531.4 526.2 531.8 533.7 533.3 531.8 529.1 527.5 525.6 522.9 521 515.6 511.2 506.1 502.8 506 513.3 515.9 519.6 526.2 528.9 517.6 500.9 484.5 470.3 456.9 447.3 439.9 434.1 429 426 424.1 422.2 420.7 419.1 417.2 414.2 416.4 417.7 418.4 417.7 416.3 415 414.8 414.1 412.9 411.9 410.7 409.7 408.6 405.3 405.6 405.9 406.6 406.8 406.5 406 404.9
558.3 558.8 558.9 559.8 561 561.3 559.4 558.1 555.6 552.6 549.9 547.9 545.7 544.7 542 540.2 538.3 537.1 535.6 533.9 532.1 528.1 530.9 534 534.9 533.3 530.6 527.5 524.8 522.6 520.8 519.7 517.3 513.8 511.8 518 521.9 523.6 524 525.3 529 525.7 511.5 495.3 480.4 465.1 453.8 444.4 438.8 433.6 429.8 428 426.4 425.7 424.1 421.3 417.7 421.2 424.7 426 425.6 424.9 423.4 421.2 418.4 415.2 413.1 411.8 409.2 407.1 408.6 409.7 411.7 412.4 413.7 412.9 415.3 415
560 560.7 562.8 565.7 566.3 565 563.4 561.1 559 556.5 552.2 548.9 545.5 544.1 542.9 540.8 539.2 538.1 536.3 534.6 532.6 530.4 529.4 533.4 535.4 534.9 532.6 529 526.3 525.5 525.1 523.7 520.3 517.8 515.2 523.5 526.2 526.1 525 525.2 528.7 526.5 519.3 507.3 491.1 473.6 461.1 450.3 443.4 439.3 436.3 434.2 433 431.4 429.1 425.6 422.4 425.3 429.5 431.4 431.9 431.6 429.9 427.4 424 419.3 413.7 411.9 411.6 413.5 414.5 415.8 417.7 420.7 422 420.5 422.5 422.5
561.2 561.4 563.9 566.9 569 569.6 567.5 564.7 561.7 558.8 553.8 549.2 545.2 544.2 543.8 541.6 539.1 537 536.2 534.1 532.1 530.2 528.9 530.6 534.4 534.3 533.6 533.3 531.1 529.4 526.4 523.8 521.4 518.1 515.9 522.8 525.4 524.6 522.2 521.7 522.8 524.7 519.3 508.5 493.7 477.4 465.8 456.5 449.2 444.8 441.7 440.8 439.8 438.6 435.9 431.7 427.1 426.8 429.3 429.6 429.8 429.5 427.8 425.3 421.8 416.4 416.6 416.6 418.1 418.4 420.6 422.3 426 426.2 427.1 427.4 427.8 426.9
564.2 564.8 564.1 563.6 565.6 567.3 567.3 566.1 563 559.8 555.8 552.8 547.9 544.2 542.4 539.4 538.6 537.7 534.5 534.2 533.9 532.6 530.8 530.2 532.8 536.5 536.8 535.2 532.4 530.2 527.4 524.5 521.3 519.1 515.4 519.9 521.8 520.6 517.7 516.3 516.3 518.1 516.4 506.7 490.6 477.1 466.4 458.6 452.7 448.7 446.1 444.8 444 442.4 440.1 435.6 429.2 431.1 430.1 429.3 428 426 423.6 421.1 418.9 420.5 422 422.8 425.6 428.3 430.3 431.4 431.5 431.3 431.3 430.9 431.5 431.1
566.9 567.2 566.7 565.5 563.2 564.4 564.9 565.2 563 560.5 557.4 554.4 550.2 546 542.9 541.8 539.6 537.4 538.7 537.2 537.9 536.3 533.4 531.9 532 536.7 537.8 536.3 533.5 530.6 527.5 525.9 521.6 518.4 515 514.5 515.9 516.6 515 512.6 512.3 512.8 511.8 503.7 490.3 478.1 467.7 460.2 454.5 450.7 448.5 446.8 445 442.9 439.6 437.1 430.7 436.4 435.1 433 430.1 426.9 423.3 422.5 427.1 428.9 430.6 432.1 435.1 437.6 435.5 434.7 434 433.7 432.7 431.6 433.2 433.5
568 568.1 568.2 568 565.2 562.8 562.4 563.3 562.3 560.1 556.4 552.7 549.3 546.4 544.4 542.8 541.1 540.8 540.6 540.8 541.5 540.6 539.2 534.9 533.8 535.9 538.8 536.2 533 532.3 530 527.4 523 519.5 516.3 514.8 513.2 508.6 512.4 510.4 508.5 506.8 506.6 499.9 488.6 478.8 469 463.1 457.7 453.2 449.5 447.6 444.4 439.8 436.6 439 440.6 440.4 439.8 437.5 434.6 425.6 429.1 433.1 433.8 435.3 437.2 437.9 439.9 439 438.5 437.8 436 435 434.1 433.8 433.9 435.1
568.7 569.1 569.3 568.8 567.4 564.7 562.8 562.2 559.4 557.6 554.9 552.7 549.8 547.3 545.2 542.9 542.2 543.1 542.9 542.2 543.6 543.3 541.8 539.4 537 538.3 539.6 537.4 535 532.4 531.3 528.2 523.9 519.8 517.4 515.8 513.5 510.7 505.4 504.7 503.1 501.8 500.6 495.3 487.6 478.2 471.8 466.5 461.8 457.3 452.8 449.2 446.5 446.4 446.4 449.4 450.9 449.2 444.4 440.4 431.9 427.6 438.8 440.2 440.7 441.8 442.2 441.6 441.9 441.3 440.9 440.2 439.2 438.1 437.4 436.7 436.2 436.8
570.7 571.4 572 571.5 569.9 567.8 565.2 562.3 560.4 559.1 557.8 555.3 551.3 547.9 546.5 545.8 545 545.3 545.4 546.8 547 547.4 547.1 546.2 543.8 543 541.7 539.1 535.8 534 531.5 528.3 524.7 521.1 517.3 516.1 512.6 510.3 506.4 501.4 498.1 496 493.1 489.3 484.7 479.3 474.1 469.2 465.2 461.1 456.7 452.1 454.3 456.2 458.7 460.5 459.3 454.2 445.9 434.5 431.9 431.3 441.2 443.1 445.1 447 447.1 446.5 445.4 444.6 442.3 442.7 442.6 441.9 441.3 440.8 439.7 439.3
572.8 572.4 573.5 572.8 572.8 572.2 570.1 568.9 566.1 563.2 562.1 558.2 555.2 550.9 548.5 548.3 547.7 547.9 549.3 551 552.4 552.1 553.1 552.4 550.8 548.7 545.3 542.3 538.7 535.4 532.7 530.2 528 523.7 519.3 516.7 514.1 512 508.4 503.1 498.3 493.3 489.6 487 483.4 479.5 475.7 472.3 468.3 464.5 456.7 457.9 460.2 462.8 465.3 465.8 461 453 442.1 435.3 433.3 438.6 442 443.5 446.9 450.2 451.8 451.3 450.2 448.2 446.2 445.9 445.7 445.9 445.3 444.6 443.6 443.2
575.8 576.5 576 576 575.9 573.5 574.1 574.3 572.9 570.1 567 563.9 560.3 555.5 552.4 550 549.8 549.5 550.9 554.4 557.1 557.9 557.1 556.2 553.7 551.3 548.6 544.6 540.7 536.4 532 531.3 528.8 524.4 519 515.7 514 512.2 509.6 505.6 500.1 494.6 488.2 484 481.4 478.5 475.8 473 470.1 464.8 464 464.2 464.4 467.6 468.8 466.2 460.1 449.6 441.3 437.1 437.3 446 446.7 447.5 450.3 451.8 452.8 452.4 451.4 450.1 449.4 449 448.9 448.8 449.1 447.8 446.5 445.8
580.3 579.9 579.4 578.6 577.7 577 576.9 576.8 576 573.8 571.8 568 564 560.4 556.4 552.4 551.6 551.7 551.9 558.6 560.3 559.7 559.7 558 556.4 553.4 549.6 546.3 542.2 537 532.7 530.5 528.9 523.7 519.2 515.7 514 513.9 511 506.9 501.7 496.2 489.1 482.9 479.4 477 475.3 473.2 465.9 470.4 470 468.7 469.1 471.6 472.3 467.7 460.5 449.9 442.7 438.8 442.6 453.3 455.2 455.8 454.4 453.7 453.6 453.1 452.6 452.2 452 451.9 451.9 452.6 452.4 452 451 449.6
584 583.4 582.4 581.3 579.7 579.1 578.9 578.8 578 577.1 575.5 572.4 568.4 564.9 560.6 556.1 553.8 553.7 554.4 558.2 560.1 558.8 557.9 557.7 555.4 553.6 549.9 546.7 543.5 538.5 533.7 529.5 526.2 522.3 518.2 515.7 514.4 513.3 510.3 505.9 500.8 495.9 489.5 482.8 478.6 475.6 474.2 471.4 473.9 474.5 473.9 472.7 472.9 473.9 473 468.6 462 453.1 446.9 443 441.1 453.7 457.4 458 457.5 455.9 455.7 455.7 455.8 455.4 455 455.4 456.1 457.6 457.9 457.7 455.7 453.1
586 585.8 584.9 583.4 581.7 581.2 580.8 580.6 579.7 578.8 577.1 575 570.6 569.4 565.1 561.4 558.1 556 555.8 556.8 559.5 558.7 558.1 557 556 553.7 550.2 547.3 544.4 539.9 533.4 529.9 526.1 522.7 519 515.8 512.1 511.2 508.1 503.5 498.8 493.7 488.3 482.8 478.2 474 475.1 476.1 476.8 477.2 476.7 475.9 475.3 474.4 473.1 469.9 465.3 459.7 455.1 450.3 442.5 451.5 455.6 457.6 458.8 458.6 460.1 460.8 460.4 459.8 459.6 461.6 462 461.9 461.9 460.6 459.3 457.2
589.4 588.3 588 587 584.8 583.4 582.8 582.3 581.6 580.7 579.2 577.1 575 572.7 568.7 564.9 561.5 559.8 556.7 558.4 560.1 559.2 558.9 556.4 554.9 552.7 549.2 545.3 540.3 536.6 531.3 527.4 524.8 521.2 518.3 514.7 511.4 509 505.5 501.9 497.3 492.1 487.1 481.9 478.1 476.1 477.7 478.6 479.4 479.4 478.7 478.1 476.6 474.9 472.8 470.2 467.5 464.9 461.9 458 442.7 454.7 461 462.1 462.1 462.7 464.3 464.6 464 464.5 465.4 464.6 463.9 464.1 462.5 461.2 459.9 458.7
590.5 590.1 590.5 589.7 588.8 586.9 585.8 584.6 583.8 582.5 581 578.9 575.6 573.2 569.6 565.6 564.4 563.3 560 560.6 561.1 561.5 560.5 557.6 555.5 551.7 546.3 542 538.7 535.6 532.4 528.9 523.4 519.6 516 512.6 508.3 505.6 503.3 500.1 494.9 490.6 486.4 482.1 478.3 479.6 480.2 480.7 481 480.4 480.4 480 479.3 476.4 473.1 470.8 468.7 467 465.4 462.2 445.8 458.6 464.3 464.8 465.2 467.1 468.2 468.1 466.9 466.8 467.5 467.8 467.9 467.8 466.5 464.4 462.5 461.4
596.6 595.7 594.2 593.3 592.8 591.6 589.6 588.1 586.5 584.6 582.6 580.2 577.3 574.6 571.7 569.2 565.1 564.7 565.4 565.4 565.6 565.3 564.1 562.5 558.8 554.9 550.7 546.1 541.7 537.3 534.7 530.9 526.6 520.9 515.4 510.6 505.8 502.3 499.9 497.7 493.7 489.7 486 483.4 482.1 481.9 481.9 482 481.7 481.2 480.7 480.4 479.2 477.3 474.4 471.5 469.4 468.1 466.7 464.6 453.4 458.3 466.3 467.2 469.1 470.7 471.2 470.2 470.9 469.6 469.9 471.1 471.8 471.4 470.5 471.1 468.6 465.4
602 599.7 599.7 597.9 597 595.5 593.9 592 589.6 587.4 584.5 581.5 578.4 575.7 573.7 570.1 565.9 566.6 568 567.9 567.9 567.4 566.3 564.7 561.4 558.2 554 548.7 543.9 539.7 535.3 532.6 528.2 523.1 519.1 513.9 508.6 504.7 500.1 495.9 491.5 488.7 486.1 485 485.3 484.7 483.6 482.3 481.6 480.5 480.2 479.3 478.2 476 473.5 471 468.7 466.7 459 450.3 449.6 463.5 468.5 470.5 472.4 473.6 473.8 473 472 472.4 473.5 478.2 479.8 478.5 476.5 476 474.1 472.1
606 602.6 601.2 601.1 600.7 599.5 597.6 595.5 592.4 589 585.9 582.8 580 577.1 575 573.2 571.6 570.7 570 569.6 570.1 568.7 568 566.1 563.4 559.7 554.8 549.6 546 541.7 537 533.9 530.4 526 522.1 516.9 511.3 506.5 502 496.9 492.1 488.3 487.1 486.7 485.8 485.3 483.8 482.3 481.2 480 478.6 476.8 474.9 472.9 470.2 467.7 465 461 453.4 460.5 463.8 468.8 471.8 473.8 475.1 475.9 475.6 475.5 474.7 476.6 479.2 484.7 485.6 485.4 483.6 481.5 479.4 479.8
