ny/ny82_OST50GRID_20230518/NY82.asc
ncols 200
nrows 200
xllcorner 380000
yllcorner 520000
cellsize 50
[rows 140 to 174 of 200, columns 78 to 155 of 200]
601.3 601.7 602.1 602.3 602.3 601.8 600.4 598 594.9 590.6 585.8 576.1 570.4 565.6 561.1 556.4 549.4 532.2 506.7 483.5 490.1 468.5 473.8 473.6 473.8 482.5 487.5 495 502.1 510.2 520.5 527.5 535.1 550.4 558 564.4 568.8 572.8 577.3 574 564.6 561.6 559 555.7 541.4 536.8 536.3 532.3 527.7 525 522.9 521.4 518.6 515.8 512.3 508.5 502.7 492.2 479 474.6 477.8 484.5 487.7 491.2 495 499.3 502.2 503.7 503.2 503.2 503.1 502.8 502.4 502 499.4 497.5 495.4 494.8
598.5 599.1 600 600.3 600.4 598.8 597.6 594.9 592.1 588 583.2 575.9 570.4 564 559.8 556 549.7 533.1 510.3 485.9 495.4 476.9 461.9 467.9 461.5 470.6 478.7 485.7 491.9 498.1 508.6 514.7 530.1 546.5 549.6 557 568.5 575.1 578.6 581.7 579.4 574.1 561.1 563.4 560.7 550.7 540.6 532.4 528.8 525.7 523.5 521.5 519.3 515.6 512.1 509.3 504.9 495.3 483.7 473.3 471.9 475.1 481.7 486.8 492.4 495.8 497.2 498.3 497.4 498.3 499.1 497.9 497.6 497.1 495.9 491.3 490.2 488.3
595 596.3 597.3 597.7 597.7 596.9 595.2 592.4 588.9 585.2 580.1 576.8 571.8 563.8 558.3 555.3 548.8 533.5 510.7 493.5 493.7 493.1 485.8 468.8 459.7 462.1 472.8 479.8 485 487.5 490.7 516.7 529.6 535.4 551.6 561.6 569.3 576.1 579.9 583.3 586.2 585.9 584 580.1 570.4 551.2 542.3 533.3 529.1 525.9 523.6 522 518.9 515.8 512.7 510.5 508.3 500.2 489.4 478.3 469.6 469.4 473 480.6 487.6 491 493.1 493.4 492.7 493.8 494.7 494 493.2 491.7 489.7 487.7 485.6 483.2
590.3 591.2 593.3 593.9 593.8 592.8 591.4 589.4 586.4 582.3 579.2 576.4 571.9 566.5 560 554.9 546.6 530.3 510.5 498.9 489.9 480.3 475.4 469.6 461.1 456.4 466.8 470.8 475.8 477.3 493.1 508.9 521.4 535.9 547.8 559.8 570.9 578.7 583.2 586.1 589.3 590.1 587.7 584.9 576.2 553.8 544.9 537.7 529.9 527.9 525 522.1 519 516.4 514.8 512.1 508.7 504.2 496 484.2 475 467.3 467.7 473.4 480.8 486.4 489.2 490.6 490.6 490.7 491.1 490.5 488.9 487.6 485.6 484.8 481.9 479.1
582.5 585.6 586.3 587.4 588 587.3 586.8 585.2 583.3 580.6 578.1 575.8 572.5 567.1 562.2 555.1 532.7 512.1 497.6 489.6 486.5 471 457.9 455.5 455.5 456.1 456.9 461.3 466.2 474 484.6 494.5 518.9 532.3 546.6 560.9 573.2 582.1 587 590.1 593.2 593.7 591.1 587.2 580.7 560.8 546.7 543.6 536 530.3 527 523.3 520.4 518.2 515.6 512.9 509.1 504.2 499.1 490 475 467.3 463.6 469.3 475.4 481.2 484.2 486.8 487.5 489.1 488.9 488.8 487.7 484.9 483.1 479.7 476.3 471.6
575.4 578.7 580.5 579.7 581.1 581.6 581.7 581.4 580 578.3 577.2 575.3 572.5 567.9 564.2 540 515.2 488.6 469.9 464.7 467.1 468.5 466.9 455.5 456.5 455.8 455.8 457.6 463.4 469.4 479.8 489.2 509.5 529.2 546.6 564.5 577.4 585.6 591.3 594.9 597.2 595.8 593.1 589.5 580.6 563.9 549.9 548 542.4 533.1 529.7 526.8 523.8 520.6 517.2 513.7 510.2 505.1 498.8 490.3 479.7 468.9 462 464.8 469.6 475.3 480.5 483.7 485 485.5 486 486.4 485.1 482.2 478.5 473.6 469.5 465
565.2 568 570.9 573.6 575.8 577.1 577.7 577.4 576.7 576.6 575.2 572.3 566.8 564.7 551.2 538.3 514.7 494.7 485.6 481.5 483.6 480 468.6 462.9 459.4 457.4 455.2 455 460.7 464.4 473.2 487.2 511.9 529.3 550.6 567.4 579.7 587.4 594.7 598.1 597.5 596.8 596.5 589.2 579.4 563.4 553.5 552.4 547.7 539.2 535.8 532.6 528.4 525 520.6 515.8 510.9 506.5 499.3 490.4 479.3 469.8 465.5 460.1 466.6 470 475.7 479.3 481.3 483.2 481.6 480.9 480.4 478 472.8 468.1 462.9 457.1
557 560.1 560.1 560.1 568 572.1 571.1 572.6 573 573.7 572.4 573.5 577.2 571.5 563.2 555.1 537.4 524.1 510.6 498 493.8 483.5 470.9 465.2 462.5 458.1 453 455.6 455.5 458.3 468.1 485.7 505.2 532.3 550.7 568.2 578.4 586.9 593.8 595 593.2 593.4 590.3 583.6 573.7 562.8 558.3 556.5 552.9 547 543 537.1 532.7 527.5 522.6 517.4 511.2 506.5 499.7 491.5 481.4 470.7 465.3 458.9 463 465.6 469.2 472.3 475.8 478.6 476.2 474.2 473.7 471.8 465.4 460.9 457.1 452.2
538.2 537.5 545.5 551.6 558.3 566.7 567.8 571.5 572.8 573.2 574.9 578.5 579.3 575 567.9 561.3 551 534.6 524.2 510.3 494.1 478.9 468.8 464.5 459.9 451.9 453.4 452.8 453.3 455.6 465.9 481 502.6 524.8 543.2 560.7 573.7 584.2 588.6 589.1 587.6 583.8 579.1 574.8 569.2 562.6 559.8 557.9 554.6 550.6 544.6 538.4 533.4 528 523.1 518 510.5 504.6 498.9 490.9 483.1 474.4 467.1 459 457.3 461.1 463.9 466.2 468.8 470.7 470.8 467.9 463.2 462.2 458.3 454.3 452.3 449.6
534.8 535.7 538.2 543.2 552 554.2 566.1 570.8 572.6 573.6 576.6 577.6 575.6 575 570.8 561 544.4 530.3 514 503.6 488.7 478.8 469.6 462.1 453 451.8 451.6 452.9 452.9 454.3 461.2 480.3 497.3 516.9 532.5 548.7 564.8 580.4 582.4 582.3 578.7 573.9 571 567.3 562.3 557.1 557.5 557.2 554.9 550.7 542.8 535.8 531.8 526.3 520.2 513.9 507.9 501.5 495.1 488.7 481.1 476.2 471.1 463.9 456.5 452.1 457.8 460.3 462.6 463.4 463.2 459.2 455.8 452.8 451.6 448.8 449.5 446.2
513.7 519.4 524.5 524.7 531.1 533.4 543.8 554 560.4 562.8 561.3 560.4 560 560.9 558.8 547.2 533.3 521.8 511.2 501 487.9 477.7 470.9 463.9 454.8 452.1 451.6 453 453 453 457.3 475.2 492.7 511.4 526.4 542 556.9 571.3 573.5 572.5 568.3 562.6 560.7 557.7 552.9 549.8 551.9 554.3 550.9 547.3 540.2 530 526.5 522.1 516.9 512.4 507 500 493.3 487 481.1 478.1 474.4 466.2 461.7 456 449.5 449.8 454.9 448.2 454 451.4 448.3 443.9 442.5 442.8 443.2 441
502.4 503.8 505.3 502.9 501.7 506.8 514.6 523.8 532.3 545.2 551 553.4 555 554.9 546.3 535.4 525.8 518.2 511.9 500.5 490.5 478.8 471.9 464.8 459 453.1 451.9 451.6 451.6 452.8 453.9 467.1 487.3 506 522.7 538.9 554.3 561.5 561.3 557.7 554.8 548.6 548.3 546.5 544.2 543.4 546.9 549.9 544.7 540.2 535.5 526.3 521.1 517.3 513.9 510.3 506.1 499.4 493.1 488.5 483.8 479 475.5 471.3 464.5 461.1 461.6 459 451.1 442.4 444.2 443.8 438.7 435.9 432.2 432.4 430 428.1
492.8 492.7 491.7 493.1 492 493.1 495.5 503.7 513.9 527.4 538.7 540.5 539.5 536.7 533.5 525.1 518.6 513.4 507.1 499.3 491.1 482.2 475.1 469.8 464.9 459.6 452.8 451.6 451.6 453 453.4 461.9 480.4 500 519 536.5 547.3 546.9 547.9 544.5 539.7 536.6 538.5 538 537.8 537.9 541.4 541.1 538.3 535 531.6 525.3 526.8 523.2 516 508.6 503.3 499.5 494 489.9 485.3 481.8 477.8 473.1 469.2 465.4 461.6 459.9 457.5 451.7 442.5 432.7 433.7 430.3 426.1 423.2 420 418.1
485.5 486.5 487.3 488 488.2 489.3 490.1 495.8 503.1 512.4 520.7 521.4 521.5 522.5 522.5 521.4 516.8 511.6 505.1 496.4 488.7 481.2 473.5 470.2 467.6 463.6 457.3 451.6 451.6 451.6 453.2 460.1 475 492.9 512 527.8 531.8 532.7 534.4 531.8 529 526.9 529.6 529.2 528.6 532.4 533.7 536.5 537.3 534.7 533.6 533.3 527.6 523.3 518 511.2 503 497.8 493.8 491 485.5 481.5 477.1 473.6 469.4 465.2 461.9 458.6 455.8 452.2 447.3 440.8 429.5 423.8 420.9 418.6 415.3 413.6
478.1 479.1 480.9 482.7 484.3 485.7 487.4 490.7 495.6 502.2 509.2 511.8 511.8 511.6 511.1 509.4 507 505.3 500.3 492.8 486.8 479.8 472.9 465.8 462.9 461.8 459 455.4 453.1 451.6 452.6 460.9 472.5 485.9 501.1 517.6 517.4 516.6 518.5 517.7 513.2 516.4 520.4 519.6 518.5 524.5 529.1 533 535.1 533.7 533 529.9 523.4 518.6 517.1 513.7 505.1 498.9 494.1 490.7 485.9 480.8 476.8 473.6 469.4 465 461.6 458.5 454.5 451.1 446.2 441.3 435.5 432 428.8 422.9 420.4 419
471.6 472.2 473.6 474.6 478.3 481.2 483.2 485.6 487.7 491.5 496.7 500 499 498.1 496.6 494.6 493.5 493.4 492.9 488.5 483.4 477.9 471.4 464.7 458.8 457.4 456.6 454.2 454.7 447.8 455.4 461.1 470 479.6 492.1 501 502.6 502.3 504.9 503.2 499.9 504.6 508.3 507.3 507.9 515.7 524.1 531.1 533.1 530.2 527.7 524.4 518.6 516.9 517.2 517 513.4 504.2 496.3 490.3 487.1 481.9 478.1 474.4 470.8 467 462.8 459.4 456.5 452.1 447.3 442.5 437.2 432.5 429.7 425.7 421.8 420.7
465.8 466.4 467 468.5 470.4 473.9 477 479.6 481 483.4 483.6 485.6 484.1 482.7 480.8 480 480.2 481.8 480.2 477.4 475 471 466.7 461.1 454.9 452.5 451.4 449.1 451.3 443.8 454 458 464.8 474.1 482.4 485.1 486.1 486.2 488.7 487.6 488.2 493.6 494.7 492.3 496.8 505.5 518.4 523.8 527.3 524.9 522.9 519.9 515.3 513.6 512.5 513.8 514.4 512.2 505.9 498 490.8 484.4 480.1 476.7 474.3 469.3 466 462.2 458.4 453.3 449 444.8 440.3 435.7 432.2 429.6 426.6 422
457.1 459.7 461.9 462.8 464.2 466.3 468.8 471.7 473.8 475.7 475 473.7 473.4 471.9 470.4 469.8 468.2 467 465.4 463.5 461.7 459.7 456.6 453.1 450.8 447.4 446.5 444.5 446.5 443.5 450.1 452.6 457.7 465.8 472 472.9 471.7 471.8 473.1 472.9 475.6 482 485.2 485.6 488.9 497.4 508.3 515.4 521.2 518.6 517.5 513.6 510.1 508.8 506.7 507.6 508.5 507.3 504.1 502.2 497.2 492.3 486.5 482 479.1 475.6 472.1 468.3 464 460.5 456 452.3 449.4 445.1 440.9 437.7 432.2 426.3
454.1 450.7 452 457 460.2 461.7 462.7 463.7 465.5 467.2 468.2 468 467.5 465.5 462.9 460.6 459.6 458.2 455.9 454.5 453.3 451.3 450 449.3 448.3 445.4 442.5 441.4 441.8 440.3 446.5 448.3 451.4 455.8 460.9 462.1 461.7 461.5 462.2 463.7 467.7 474.5 478.5 481.5 484.5 491.1 500.6 507.1 514.2 513.2 509.9 504.6 500.2 497.5 498.1 499.1 498.9 499.6 499.1 499.4 499.6 497.8 494.8 492.1 488.2 485 481.4 477.1 471.9 468.4 463.7 459.5 456.1 452.8 448 443 438.2 433
456 453.6 449 447.9 453.1 457.8 460.2 461.2 462.1 462.2 462.3 462 462 460.7 459.1 457 455.5 454.1 452.5 450.7 449.5 447.9 447.6 447.4 446.7 444.4 441.8 438.8 437 436.9 442 444.5 446.1 448.5 450.2 452 453.2 454.3 455.9 458 462.1 468 472.2 474.1 478 483.2 491.3 501.5 507 505.9 501.6 495.5 495 493.2 493.1 490.8 489.1 491 492.5 493.5 494.5 494.8 493.3 491 487.1 484.2 480.8 476.6 473.1 468.6 463.1 459 456 450.7 445.7 441.3 437.2 433.7
460.2 458.6 454.6 447.9 445.8 450.4 457.1 458.1 459.8 460.4 460.7 460.5 460.2 459.4 457.9 456.4 454.8 452.8 451.1 449.5 448 446.4 445.7 445.6 445.4 444.5 442.3 439.3 436.8 433.3 434.4 437.4 438.9 440.9 443.6 444.9 445.6 447.2 450 452.6 456.4 462 464.8 469 471.6 475.5 483.7 493.9 498.7 497.7 494.9 492 489.4 486.3 483.4 484.2 484 484.8 485.3 486.4 487.6 487 485.3 482.5 479.1 475.8 473.7 471.3 468.7 464.6 460.5 455.2 450.8 446.3 442.1 438.4 435.4 431.9
461.6 460.1 458.2 450.6 445 442.8 441 454.5 457.4 458.7 459.1 458.8 459 458.3 457.4 456 454.2 452.2 450.4 448.5 446.5 444.9 443.3 442.7 442.5 442.5 442 440.6 437.6 435 431.7 430.1 431.5 433 434.8 436.6 438 440.1 443.1 445.8 450.5 454.8 459.7 464.1 467 471.3 478 488 489.8 488.9 487.5 485.1 482.5 477.4 476 477 478.7 479.9 480.9 482 483.7 483.8 482.3 480.1 476.9 472.8 470.2 467.7 465.2 461.1 456.5 451.2 446.8 442.7 440 437.1 433.9 430.1
462.7 461 459.5 457.2 449.9 446.6 442.9 442.2 453.7 456.5 457.3 456.8 457.7 457.6 457 455.6 454.4 452.6 450.4 447.9 445.3 443.3 441.6 440.1 439.5 439.5 439.8 439.3 438.3 436.6 433.8 431.4 428.1 424.5 428.2 429.3 430.5 433 435.3 438.5 442.6 447 452.2 456.9 461.6 466 471.8 480.8 481.9 480.5 479.4 477.5 474.2 467.8 468.7 469.1 471.3 474 475.5 476.8 478 478.2 477.1 476.3 473.7 471 467.6 465.4 462.4 458.4 453 447.9 444 440.8 437.8 434.9 430.7 426.3
464.3 462.8 461.2 459.4 457.4 452.9 445 438.9 442.9 448.9 453.6 454 455.5 456 456 455.4 454.3 453.1 451.2 448.1 444.7 441.9 440 437.9 436.1 436.3 436.5 436.8 436.3 435.5 433.8 431.8 429.2 426.8 421.5 423.4 426.5 427.3 429 431.5 434.6 439.1 443.7 448.3 453.3 458.3 463.1 474.4 475.4 474.8 473.5 469.8 464.7 459.9 459.8 461.5 464 466.5 468.2 469.7 469.8 468.7 469 468.3 467 466.2 463.8 461.4 458.3 454.1 448.9 443.7 440.2 437 433.5 429.9 426.1 422.1
466.5 464.7 463 461 458.7 456.9 452.7 441.8 437.7 435.6 442.3 450 451.9 452.5 452.8 452.4 452 451.5 450.2 447.3 444.2 441.3 438.2 435.7 433.4 432.3 432.3 433 433.2 432.6 431.8 431.2 429.3 427 424.2 419.8 420.5 423.6 424.4 425.7 427.5 431 435.4 440 444.8 449.8 455.4 464.1 467.3 466.6 464.4 461 452.7 450.1 449.1 450.2 452.7 457.6 460.1 460.8 459.5 460.1 460.4 459.7 459.5 459.3 458.1 456.7 453.6 449.4 444 438.8 435 431.2 427.5 424.3 420.7 417.7
467.7 466.7 464.8 462.8 460 457.3 455.9 453.6 448.2 438.1 434.2 436.3 446.8 448.8 449.6 449.7 449.3 449.2 448.2 446.9 444.3 441.2 437.8 434.9 432.2 429 429 429.1 429.5 429.6 429.7 429.4 428.7 426.7 424.1 421.4 416.1 419.2 419.9 420.3 421.2 424.5 428.3 432.8 436.9 441.1 446.2 453.6 459.4 459.3 454.5 450.7 445.3 444.5 443.5 443.5 445.9 448.5 449.7 450.2 450.4 451.1 450.9 449.8 449.2 449.3 449.7 450.1 447.7 442.7 437.2 431.8 427.5 424.6 421.2 418.5 415.6 413.3
469.1 468.1 466.1 464 461 458.1 455.9 454.1 451.7 448.5 432.9 432.8 431.2 438.6 445.3 447 447.2 447.2 446.8 445.9 444.1 441.2 437.9 434.6 431.7 428.5 426.2 426 426.1 426.4 426.7 427.2 426.8 425.9 423.3 420.5 410.8 409.2 415.4 416.4 417 418.8 421.7 425.6 430.4 433.7 436.5 440.2 449.9 450.3 445.7 442.8 439.1 438.1 435.9 436.7 437.9 440.4 441.5 441.4 441.3 442.1 441.6 441 440.8 440.2 440.3 441.4 438.9 434 428.6 424.2 420.8 417.8 415.2 412.7 410.2 406.5
467.8 466.7 465.5 464.5 463 460.6 457.6 454.9 451.8 449 445.9 437.5 430.7 426.9 429.1 436.8 444.2 445.5 445.7 444.9 444.2 441.6 439.1 435.1 431.3 428.4 425.1 423.5 424.3 425.2 425 424.9 424.8 423.9 422.6 419.6 416.9 413.2 405.8 410.7 411.4 414.1 416.3 419.2 423.3 427.1 429.8 432.5 433.5 440 439 436.2 433.1 430.7 429.2 430 430.6 432.3 433.5 432.8 433.4 433.7 434.4 434.9 435 433.5 433.2 433.6 430.1 425.2 420.8 417.5 414.8 412.1 409.4 406.4 404.2 401.9
464.7 464.2 463.2 462.3 461.2 459.4 458 456.5 454.2 451.4 448.4 445.7 440.3 433.5 426.4 425.5 431.7 438.8 443.4 443.9 443.3 442.1 439.9 436.5 432 428.8 426.5 424.2 422.5 423.8 423.7 423.6 423.5 423.2 422.4 420.3 417 414.2 411 402.3 404.1 409.5 411.9 414.6 417.1 420.5 423.3 424.9 425.5 425.1 424.7 427.7 425.2 423.6 422.4 423.3 424.3 425.4 425.7 425.8 426.7 427.7 428.6 429.4 430.2 428.8 426.4 424.5 420.4 417.5 414.9 412.5 409.7 406.8 404.7 402.5 400.8 399.1
461.3 461.6 461.1 460.1 459 457.7 456.2 454.1 452.1 450.3 448.2 446.6 444.8 443.5 441.2 432.3 422.5 421.6 433 441.4 441.8 440.9 439.5 436.9 433.6 430.5 427.3 424.7 422.8 422.4 422.5 422.4 422.1 421.8 421.4 420.5 418.4 415 411.7 408.1 399 403.7 408.5 410.6 413 415.1 417.1 418 418.3 418.1 418.5 417.3 416.3 416.8 416.5 417.7 418.9 419.6 419.4 419.4 419.7 421.5 423.2 424.4 425.3 423 421 418 415.3 412.5 410.5 408.1 406 403.6 401.7 399.4 398.3 396.4
457.7 460.2 460.6 459.4 458.3 457.1 455.8 453.4 451 448.9 447.2 445 443.2 442 440.5 439.6 438.5 426.3 419.7 429.6 440 439.3 437.9 435.6 433.2 430.3 427.2 424.8 422.9 420.4 421 420.5 420.7 420.2 419.9 419.7 418.8 416.4 412.7 409.9 407.3 396.5 402.9 408.1 410.2 412.1 413.9 414.7 414.6 414.2 413.2 412.5 411.6 412.6 412.5 413.5 414.1 414.4 414 414.1 414.4 415.4 417.2 418.2 417.5 416.8 415.8 413.4 410.8 408.3 404.8 402.3 401.3 399.6 397.9 396.4 395.4 393.7
453.2 459 459.9 458.9 457.8 456.4 455.1 453.2 450.9 448.5 446.6 444.8 441.9 440.7 438.9 437.6 435.9 433.2 417.4 421.4 437 437.3 436.5 434.9 432.7 430 427 424.9 423.1 421.5 419.1 419 419.2 418.7 418.3 418 417.5 416.4 413.9 410.8 408 403 393.6 405.6 408.4 410.3 411.7 413.3 413.6 413 412 411.5 409.5 409.9 409.8 409.2 408.8 409.2 409.5 409.2 409.4 410.7 411.4 411.8 412 411.3 410.1 408.4 406.3 403.9 401.2 398.9 397.3 396.1 394.6 393.3 392.5 391.4
453.4 454.6 459.8 459.7 458.3 455.9 453.6 450.5 447.8 445.8 443.7 441.6 439.3 437 435.2 433 433.8 433 418 421.8 436.2 436.6 435.7 434.2 432.1 429.8 427.1 424.8 422.9 421.3 419.7 416.5 417.4 417.1 416.6 416.1 415.5 414.7 413.5 411.2 408.4 405.9 390.8 397.3 406.6 407.9 409.8 411.3 412.3 411.7 411.2 410.4 409.8 409.2 408.7 408 407 406.5 405.5 405.3 405.7 405.5 405.8 406.1 406.2 406.4 405.6 404.3 402.6 400.4 398.8 397.1 395.8 394.2 392.7 391.3 389.8 388.5
462.4 448.8 455.1 461 459.3 457.8 456.1 455.4 452.9 451 448.5 443.2 442.1 441.4 439.3 437 432.6 426.1 416.6 417.7 434.7 435.5 435.1 434 432.1 430 427.4 425.3 422.7 421.1 419.6 417.9 413.8 415.5 415.3 414.4 413.6 412.7 411.5 410.2 407.9 405.6 398.8 392.3 405.6 406.5 407.4 408.6 409.2 408.8 408.5 408.2 407.4 407.3 407.2 407.6 406.9 406 404.2 403.4 402.3 400.8 400.6 400.5 401.6 402.7 403 402.4 401.3 399.9 398.8 397.4 395.9 394.4 392.8 391.3 390.1 389.2
464.6 456.6 447.3 453.4 458.9 458.9 457.7 455.5 453.3 452.3 446.3 431.3 427.5 438.8 439.3 437.6 435.5 431.9 419 413.6 429.5 432.8 433 432.2 431.3 429.9 427.9 425.9 423.5 421.7 419.3 417.8 416.4 413.3 412.2 411.7 408 409.3 409.2 408.7 407.2 404.1 389.3 396.6 404.9 405.1 405.2 405.6 405.7 405.5 405.2 404.9 404.8 404.4 405 406.4 406.5 405.7 403.5 401.8 400.4 399.6 398.6 397.6 397.2 398.1 399.5 400 399.9 399 398.5 397.9 397.4 396.5 395.1 393.5 391.8 390.7
