ny/ny82_OST50GRID_20230518/NY82.asc
ncols 200
nrows 200
xllcorner 380000
yllcorner 520000
cellsize 50
[rows 70 to 104 of 200, columns 0 to 77 of 200]
535.1 537.5 539.7 542.4 544.6 546.7 549.9 551.3 552.5 555.4 561.7 567.9 571.3 573.9 576.1 579.4 583.6 586.6 589.9 593.5 596.8 599.7 602.1 602.9 603.6 603.3 603.1 601.5 598.3 594 585.3 586.2 586.6 584.9 581.9 578.4 576.3 575.7 574.2 572.5 570.2 566.9 563.5 561.2 561 559.6 558.8 557.2 554.1 555 553.7 549.3 546.5 555.8 557.1 556.9 557.8 559.6 562.4 565.8 567.3 568.8 570.7 574.9 579.3 584.2 589.3 595.8 601.7 604.5 605.7 605.8 607.2 608.7 609.9 613.7 615 615.3
539.7 542.3 544.7 548.5 550.6 552.1 555.2 557.3 559.4 556.7 565 569.4 573.1 575.6 579.1 582.6 588.4 589.6 591.4 596 601.1 603.5 605.6 606.6 606.9 606.5 605.2 604.3 601.8 597 589.6 593 593.3 589.9 585.5 581.5 581.4 582.6 581.7 579.1 576.5 573.2 570.2 567.6 566.1 564.3 562.2 559.9 557.7 556.4 555.5 553.1 543.2 556.6 558.3 558.2 560 561.1 563.6 565.8 567.7 569.3 571.8 575.9 582.5 588.5 595.8 601.2 603 605 608 609.3 610.8 610.8 614.3 620.1 620.5 618.4
546 547.9 550.8 553.5 555.7 557.6 559.8 562 563.5 565 565.3 569 573.6 577 581.4 585 588.9 590 590.7 600 603.2 606.7 609.1 609.5 609.5 607.9 607.1 605.8 603.4 598.9 597.8 598.2 597.7 592.6 587.8 585.4 584.7 588.5 586.4 582.4 578.9 575.6 572.3 570.6 568.9 566.4 563.9 560 560.2 558.4 557.2 557.1 551 555.6 558.9 562.3 565.6 565.2 566 567.1 568.6 570.7 575.5 580.2 590.9 595.3 596.3 599.1 603.1 606.2 609.6 613.5 614.2 615.4 618.3 620.8 622.6 622.6
550.4 552.3 556.3 558.4 559.4 561.8 563.6 565.4 567.4 568.8 570.2 572.4 575.1 576.6 580.3 584.5 587 597 600.7 603.7 606.7 608.5 611.6 613 611.6 609.1 607.5 605.9 602.7 602.8 602.8 602 598 594.8 591.2 588 587.2 588.8 587.3 583.8 579.2 576.8 574 572.1 570.1 567.3 564 562.4 561.7 559.8 558.9 558.2 554.4 556.6 560.5 563.2 566.6 566.1 568.1 569.1 572.2 578.5 586.1 590.7 593.1 596.9 598.9 600.1 602.4 606.5 613.2 617.3 617.8 620 620.9 623 624.5 624.8
554.8 557.6 559.7 562.4 563.5 564.9 566.1 568.1 570.1 571.1 572 573.5 576.9 581 585.2 592 596.1 600.5 604.4 606.7 609.2 609.9 613.4 615.8 614.1 608.9 607 605.1 605.3 605.2 606.1 604.5 602.1 597.1 593.1 589.4 589 589.1 587.9 585.1 582.1 578.2 575.5 573.3 569.2 567.9 566.3 564.6 562.9 560.3 559.2 559 550.6 559.4 562.4 564.7 566.1 567.6 569.4 570.8 576.1 586.7 591.7 594.4 596.3 597.2 599.6 601 603.6 608.5 614.7 618.2 620.1 623.4 625.1 626.4 627.7 629.6
560 562.4 562.9 565.3 566.6 567.5 569.1 570.7 572.1 573.4 575.3 578.4 582.2 584.6 591.6 595.5 600.1 602.6 607 610.2 611.1 614 616.3 617.4 615.3 610.5 608.8 607.1 607.4 607.9 608.5 606.7 604.4 602.2 596.9 592.7 590.4 590.6 589.5 587.9 585.8 581.4 578.7 576.8 574.8 572.7 569.3 566.4 562.8 560.8 559.5 557.3 557.6 559.6 562.4 564.6 566 567.4 569.2 572.2 582.3 589.7 593.7 598.2 599.6 600.1 600.6 602.6 605.6 610.2 614 617.9 621.4 625.5 628.5 631.2 634.2 633.8
563.2 564.7 566.4 567.8 569.2 569.7 572.1 573.6 575.2 577.7 581 584 589 588.9 595 599.2 602 605.6 609.5 613.6 616.8 616.3 617.8 617.9 615.9 614.9 610.7 610 609.5 609.6 610.4 608.3 606.3 603.8 599.3 597.9 593.1 592.4 591.8 591.3 590.6 588.4 585.5 582.4 579.9 577 572.3 567.9 564 560.9 559.1 558.7 556.5 559.9 562.2 564.4 565.1 566.3 569.1 575.2 586.3 590.4 597.4 600.8 599.4 601.2 599.9 603.8 607.2 610.3 614.7 618.2 622.5 628.5 634.1 638.1 638.1 637.7
566.7 567.7 569.2 571.7 572.3 574.5 577.1 579 580.2 583.5 587.1 589.7 593.9 595.1 597.3 601.1 603.6 606.9 611.1 616.6 617.8 618.2 619.1 619.2 618.6 617.3 614.9 611.5 612 612.8 612.6 611.6 608.7 606.4 603.9 600.9 596.7 593.1 591.6 591.5 592 589.8 588.5 585.5 582 579 573.6 570.2 567.5 564.4 561.4 560.4 559.3 560.7 563.3 565 567 567.8 571 580.6 589 594.7 598.7 600.9 601.2 602.8 604 605.5 609.7 613.2 616.6 620.6 626.9 633 634.5 638.6 639.2 639
570.2 572.9 574.7 576.1 577 579.4 582.2 585.8 588.4 589.4 594.4 595.7 598.1 599.9 600.3 602.2 604 608.3 613 617.8 619.2 618.6 620.4 621.1 619.7 619 615.5 615.4 616.2 616.3 614.3 614.6 613.2 608.7 604.7 600.4 597.4 594.3 593.7 592.9 591.4 591.4 590.1 587.2 582.3 579.1 577.4 574.9 571.1 567.8 565.2 562.7 562.1 560.5 565 567.2 569.2 572.1 575.8 585.8 591.2 597.9 600.2 601.8 603.3 605.3 607.8 610.9 612.9 615.7 620.4 625.5 631.1 632 633.8 637.3 639.2 639.8
575 578.1 579.3 581.1 582 584.6 588 590.8 593.7 595.9 598.8 600.5 602.2 603.2 603.7 604.6 607 610.7 616 620.4 622.5 621.7 623.3 622.4 622.1 620.3 619.3 617.9 618.2 616.9 617.3 616.1 614.6 611.3 607.2 602.2 599.1 597.3 595.5 594.8 594.9 593.6 590.6 588.8 585.9 583.3 580.9 578.3 575.6 571.5 567.9 565.5 565.1 564.8 565.4 570 572.6 577 583.1 590 595.7 598.4 601.1 603.4 605.1 607.6 611.9 617.4 620.9 621.6 625.9 630.9 633.4 635.6 635.2 638.9 641 641.5
581.6 583.6 584.8 586.4 589 590.2 593.5 595.7 599 600.9 602 604.9 605.4 606.5 607.3 608.4 612 617.6 621.8 626 627.6 625.9 626.9 626.3 626.1 624.9 622.8 620.2 620 619.5 618.9 618.1 616.6 614.3 611.3 606.5 600 598.7 597.9 595.6 596.7 595.1 593.1 590.3 587.5 584.4 581.6 580.2 577.2 574.4 572.2 569.9 570.8 571.2 571.8 574.3 577.7 581.1 587.7 594.4 598.9 601.5 603 605.3 607.9 610.6 615.4 622.6 626.9 629.9 632.1 634.7 637.9 641.3 642.8 643.2 642.9 642.7
587.1 589 591.3 592.2 594.7 595.4 598.5 601.7 605 607.5 608.8 609.6 611.7 611.7 613.4 614.5 621.5 627.4 628.8 631.1 633.6 635.8 639.7 638.7 638.5 638.8 638.2 631.9 628.1 625.3 621.5 620.7 619.7 617.2 612.5 607.6 600.8 599.5 600.9 600.5 599.3 597.1 595.1 593.2 590.7 587.5 585.5 582.8 579.9 577.8 575.2 573.9 573.3 577.5 579.5 576.6 582.1 584.9 590.3 597 600.7 603.5 605.7 607.8 610 613.4 618.2 624.8 629.6 634.2 638 641.5 644.1 645.9 647 647.4 646.3 646.6
592 595.2 596.8 598.3 599.8 601.5 604 608.7 611.8 614.4 614.2 615.1 618 618.2 621.4 622.8 627 631.2 633.6 638.5 642.1 642.8 643.7 643.8 643.6 643.4 642.4 638.5 633.6 630.8 627.8 627.4 625 621.5 616.5 609.5 604.9 603 603.7 603.5 601.1 598.8 598.2 596.8 594.8 592.5 588.9 585.6 583.1 580.7 577.9 578.1 576 583.4 584.6 583.3 587.5 590.5 595.1 597.7 601.3 604 607 609.8 612 615.8 622.1 627.2 632.6 638.4 644.4 648 650.1 650.6 651.6 651.8 651.9 651.5
599 600.4 602.2 603.5 605.3 607.4 610 614.1 617.8 620 620.7 621.7 624.5 628 630.9 633.1 633.9 637.9 641.2 643.3 644.5 645 644.3 645.1 644.4 644.2 644.2 644.5 639 636.9 639 642.7 636.3 629.3 618.5 612 608.1 605.6 603 604.4 601 601.6 601.8 601.2 599.4 597.3 593.9 589.9 587.7 584.9 582.9 582.2 583.6 587 589.5 590.5 589.7 595.1 597.5 600.8 603.2 606.4 609.5 612.8 616.2 620.7 625 629.5 636.5 643 650.6 654.3 657.2 657.9 660.1 661.2 659.1 656.5
603.4 605.4 607.3 609.4 611.7 613.8 616.6 617.4 622.3 625.5 628.6 632.5 635.3 638.4 639.4 640.7 641.5 642.3 644.3 645 645.5 644.8 644.7 646.3 644.8 644.7 645.9 646.8 646.3 644 642.3 645.9 644.4 635.2 623.6 616.2 611.5 609.7 607 605.7 601.5 603.4 604.8 604.2 603.8 602 599 596.6 593.9 589.9 587.2 586.9 589.5 585.9 593.1 593.4 596.2 596.6 600.9 602.5 606.8 610.1 615.1 618.6 622.2 625.7 628.7 633.3 639 646.4 653.5 658 663.8 666.6 668.5 671 666.3 664.1
607.4 610.4 613.9 615.6 618.2 620 623.8 627.6 630.8 636.7 640.4 641.8 641.7 643.8 643.8 643.4 645 645.2 645.5 646.3 645.9 646.1 645.4 647.1 647.8 646.8 648.1 648.3 648.8 648.6 648.5 646.5 647.8 644.1 636.4 628.7 620.7 613.8 610.9 608.3 607.4 606.8 607.3 607.7 607.2 603.9 603.9 602.2 599.4 595.5 593.3 592.8 594 593.8 596.3 596.9 599.9 599.6 602.8 605.4 608.6 613.1 618.2 622.3 625.3 629.8 633.3 636.6 641.6 648.4 655.8 660.5 667.6 672.2 671.5 673.5 672.7 671.9
612 616.6 619.6 621.8 627.1 633.6 638.2 639.4 640.4 643.7 645.1 644.4 645.1 645.6 645.2 645.6 647 646.8 646.5 647.5 647.6 647.8 647.9 648.7 649.8 649.5 650.3 649.5 649.7 649.3 650.4 650.3 650.5 648.3 645.4 637.2 630.4 626.3 619.6 614.3 612.5 611.6 610 608.3 606.9 606.9 607.3 605.7 603.9 601 597.9 598.3 598.7 598.4 596.9 601 603 604.6 605.2 608.3 611.2 615.2 620.8 626.3 629.9 633.7 637.9 641.7 647 654.7 659.8 665.6 671.3 676.5 678.2 677.5 673.5 672.1
617.8 620.7 625.8 634.5 644.9 645.6 647.2 646.9 647.6 647.7 647.8 646.3 646.5 646.6 646.7 647.8 648.5 647.9 647.7 650 652.6 652.1 652.3 651.7 651.6 653.4 653.5 653.4 652.3 652.4 653.5 653.6 652.5 650.5 648.7 645.5 643.1 637.6 627.3 619.9 617.8 616.5 612.7 608.2 608.5 608.3 608.3 607.1 605.2 603.2 602.4 602 602.2 601.4 601.3 603.5 605.1 607.8 606.5 611.8 614 618.8 624.8 629.1 632.5 636.9 640.8 645.7 652.5 658.6 663.3 668.3 672.1 676.7 678.9 680.5 679.7 677.4
621.4 627.6 637.4 646.3 649.4 650 650.4 648.3 648.6 650.1 649.7 649.5 649.3 648.3 648.2 650.5 650.3 649.6 649.9 652.1 653 652.6 653.4 654.3 655.4 656.8 656.8 655.4 655 655.9 655.9 656.1 654.8 652.9 651.7 649.5 648 645.1 638.2 632.2 626.9 620.9 617.8 613.5 609.8 609.9 608.1 607.6 605.6 604.8 604.5 604.1 604.7 604.3 603 603.9 605.7 607.8 612.3 613.4 617.8 621.9 626.8 631.7 635.4 639.8 644.2 650.8 656.4 661.8 667.3 671.5 673.5 676.8 678.8 680.2 682.8 680.2
627.7 640 647.2 650.5 651.2 651.1 650.9 649.6 649.2 651.5 651.6 653.6 652.3 651.3 650.4 652.2 651.8 653.3 651.7 652 653.4 654.3 654.4 655.1 656.9 658.7 658.2 657.1 656.9 657.1 658.7 659.9 660.2 657.8 655.5 652.9 650.5 649 644.8 644.7 640.4 633.3 627.9 621.3 615.8 614.7 611.1 610.1 608.5 608.1 607.2 606.8 607.3 607.2 605.7 606.7 609.8 613.1 616 616 617.9 623.6 629.2 633.5 636.9 641.7 647.2 654.9 659.9 666.1 670.4 674.1 674.7 676.5 677.8 680.4 684 684.3
638.8 648 650.7 651.5 652.8 653.6 650.9 650.7 652.3 652.5 654 654.1 654 654.7 654.7 654.6 653.8 654.6 654.5 654.1 654.8 656.3 656.1 658 658.6 659.9 660.2 660.2 659.5 659.8 661.2 663.6 664.8 664.3 660.6 658.2 657.8 654.3 652.3 652.2 648.8 646 637.9 631.9 628.4 624 620.3 616.5 614.4 612.3 613.1 612.9 612.5 612.3 611.3 613 615 618.2 620.1 621.2 624.7 627.3 630.7 634.9 639.2 644.1 651.6 656.9 663.1 668.5 671.9 674.2 675.2 676.7 678.4 681.2 683.2 684.6
642.1 649.5 652.2 652.3 653.7 653.3 652.8 652.2 654 655.2 656 655.8 656 657.2 657 656.9 656.9 657.2 655.8 657.4 657.6 657.7 658.6 660.3 661.8 662.4 663.7 664.1 663.9 663.4 666.5 669.8 670.4 668.4 664.1 664.6 662 660.7 658.3 657 655.3 654.6 650 644.6 642.7 638.4 636.9 633.3 627.9 624.3 623.7 622.7 620.6 619.8 619 621.1 622.9 624.9 626.8 627.7 629.5 632.2 634.8 638.3 643.6 649.4 655.3 661.8 667.3 671.4 672.6 674.1 675.5 676.9 678.8 680.8 682.5 684.2
644.1 651.1 651.5 652.4 653.1 654.2 653.5 654.3 655.6 658.4 660.1 660 660.2 662 660.9 662.3 663.2 663.6 662.6 663.3 662.2 662.5 663.7 665 666.8 667.6 668.9 673.2 676.2 678.3 683.2 686.1 683.6 680.2 677.3 674.9 671.6 670.4 664.7 661.6 660.6 660.6 658.3 656.1 657.2 656.4 654.6 653.1 649.5 645.8 644.2 641.3 637.7 633.1 630 631.1 632.1 633.3 633.3 634.7 635.7 638.4 641.7 644.2 648.8 653.4 659.7 666.3 669.6 672 674.1 675.2 676.5 678 678.8 679.9 681.6 683.3
645.4 649.6 650.4 652.1 654.8 654.8 655.5 657.9 658.2 661 663.2 666.2 668.5 670.1 671.3 672.2 672.7 673.4 672.6 670.8 672.6 673 671.5 674.5 675.5 676.1 683.6 689.7 693.6 694.3 698.5 700.4 699.9 694.4 690.3 687.5 684.3 681.8 675.6 669.1 666.8 666.2 666 668 667.6 665.9 664.5 663.1 662.3 659 656.8 654.7 652 647.7 643.1 641.7 641.1 641.3 642.3 643.1 644 645.6 647.4 649.9 653.9 657.7 665 668.4 670.2 672.7 674.8 676.9 677.7 678.5 678.5 679.6 681.3 682.9
641.9 648.2 650 653.2 656.5 658.4 658.3 662.5 664.5 667.2 669.8 672.5 675.1 676.7 679.1 681.9 683.8 685.8 685.7 683.2 686.7 685.1 682.6 684.8 687.9 690.7 694.6 698.6 701.5 702.3 703.7 705.5 704.7 702.2 698.7 696.8 695.1 694.4 692.1 684.8 679.3 675.8 672.8 671.5 672.1 670.9 670.4 669.5 669.3 668.3 665.9 663.4 659.9 655.4 651.5 649.5 647.6 647.8 648.2 649.5 650 651.3 653.5 656 658.9 662.5 667.3 669.4 671.5 674.1 675.5 677.3 677.8 678 678.4 679 680.3 681.6
649.1 649.2 652.1 654.3 655.9 660.1 665.5 669.5 672.3 675 676.8 678.1 681.6 685.5 688.5 691.6 692.6 693.8 695.3 695.3 694.4 691.9 691.8 693.3 694.9 698.7 700.9 703.9 706.6 708.1 709.7 711 709.8 707.5 705.5 704.8 703.4 703.2 701.6 698.9 694.5 687 680.3 676.9 676.9 675.1 673.8 673.1 674 672.8 671 669.3 668.4 665.4 661.8 659.2 656.3 656.1 656.2 656.4 657.3 658.6 658.9 661.5 664.2 667.4 669.9 671 672.6 674.4 675.1 675.6 676.5 677.1 677.5 678.5 678.9 680.4
651.1 651 652.8 656.9 661.1 666.4 671.1 675.2 677.8 679.7 682.3 685 690 695 698.4 700.6 702 702.3 701.7 702.8 700.7 701.3 698.9 700.7 701.5 705 708.2 711 714 715.5 717 718.2 716.8 714.7 712.7 712.2 711.7 710.5 707.9 705.2 701.7 697 690.2 684.2 682.5 680.5 678.1 678.4 678.9 678.3 676.2 674.2 672.8 669.2 667.2 666 665 662.7 663.1 663.4 663 662.4 662.6 664.1 666.8 669 671 673 672.9 673.4 674.6 675 676.2 676.4 677 678.5 678 678.2
651.9 653.3 657.1 661.6 666.9 671.3 674.6 677.9 680.2 683.6 689.1 693.3 698.8 702.9 705.7 709.2 710.1 710.9 712.4 712.9 711.8 711.5 709.5 710.8 709.1 713.4 717.2 719.4 721.4 724 725.4 726.4 726.5 725.5 724 724.1 723.3 721 718.2 713.1 708.4 702.7 697.5 693.5 689.7 685.8 684 684.3 684.7 683.1 681.2 678.8 676.7 674.9 673.3 671.9 670.8 668.7 668 667.7 667 666.8 666.1 668.1 669.4 670.1 672 672.4 672.7 673.4 674 674.9 675.7 676.6 676.7 678.1 677.8 678.8
654.5 656.6 661.9 666.9 671.2 674.2 677.8 681.5 685.8 690.3 696.1 703.3 709.8 712 714.4 716.8 718.2 719.2 720.6 720.3 720 720.7 720.5 719.2 718 719.8 724 724.7 728.1 731.3 734.8 734.8 738 738.7 737.4 735.9 732.5 732.9 729.6 722.9 715.9 710.5 703.6 701.6 698.6 697.1 693.4 692.8 693.8 691.9 689.7 686.9 684 682.2 680.2 678.4 677.5 676.7 674 673.2 672.9 671.5 670.3 671.2 670.8 671.4 672.7 673.9 673 673.6 674.1 675.4 675.1 675.4 676.1 676.2 676.6 676.6
657.1 661.5 666.5 671.5 674.4 678.5 682.4 687.3 692.3 697.8 705.1 711.8 716.1 719.6 721.3 722.2 723.6 726 727.1 726.9 727 727.6 729.2 730.8 728.8 728.6 731.3 730.9 734.6 738.7 741.2 743.3 746.1 748.3 748.6 750 748.9 744.2 738.9 732.6 726.3 719.8 713.7 711.2 710.9 710.1 705.5 703.5 702.7 699.4 698.6 694.5 693.5 693.2 690.8 688.9 686.6 683.1 681.7 679.6 677.9 677.4 675.1 674.3 673.3 672.9 672.7 673.1 673.2 674.7 675.2 674.5 673.8 675.3 675.2 674.9 676.5 675.2
660.8 666 671.8 674.8 678.5 682.5 688 692.8 698.8 704.6 712.4 718.4 722.6 725.7 727.7 729.3 731.8 733.4 737.3 737 736.2 735.7 736 738.5 737.7 739.1 736.2 737 741 745.6 747.7 750.5 751.2 752 751.2 753.1 754.6 752 750.3 743.8 737.5 731.5 726.6 723.6 722.6 720.6 717.4 714.7 713.1 711.5 709.4 703.8 704.9 703.2 700.3 697 693.9 690 687.7 685.9 683.8 681.8 679.8 678.2 675.8 675.5 674.2 673.4 673.4 673.5 674.6 674 673.1 673.3 673.8 673.8 674.1 673.8
666.9 670.4 675.6 679.3 683.4 688.3 693.5 699.5 705.9 712.3 719.1 724.1 727.7 730.3 736.7 742.3 741 742.3 745.4 746.2 745.2 744.6 744.8 745.5 744.2 741.2 742.3 747.2 749.4 753.8 756.6 756.3 756.4 755.7 754.2 753.8 754.6 755.3 753.3 753.8 750.3 745.1 737.6 734.2 733.3 733.2 730.6 727.7 726.4 722.5 717.3 717.1 715.9 713.6 711.5 708.6 703.6 697.7 692.5 690.7 688.8 686.2 683.5 680.3 678.7 677.2 674.7 673.6 672.9 672.3 671.9 672.1 672.6 672.6 672.8 672.4 672.6 672.7
672.7 675.4 680.1 684.6 689.4 693.6 699.1 705.5 713.5 719.6 724.7 729.7 733.8 742.9 748.8 750.9 749.7 754.4 756.6 756.3 755.2 755.5 754.7 753.1 751.5 749 749.8 748.1 751.2 757.7 755.8 756.7 755.3 754.1 751.9 752.5 752.1 753.5 753.8 754 754 753.8 748.2 744.6 746.1 750.1 746.7 741 736.5 735.8 735.9 730.4 726.4 724.3 721.3 717 712.2 705.8 698.5 692.5 691.1 690 687.4 684.6 681.6 679.8 676.6 674.4 673.4 672.4 671.3 669.5 671.1 671.6 671.7 671.5 671.4 671.8
676.3 681.4 685.7 690.6 696.1 700.2 705.6 712.6 720.2 725.4 731.7 739.4 745.8 754.9 756.4 757.1 761.6 765.3 765.5 765.9 763.5 760.4 758.4 758 757.6 754.1 752.2 751 750.5 750.7 749.1 750 748.3 748 747.4 749.9 751.4 752.7 753.8 753.5 754.5 755.6 754.2 752.5 753 757 753.1 749.1 745.7 746.8 746.3 741.9 737.6 733.9 730.3 724.5 718.9 712.2 704 695.4 692.6 690.7 690.3 687.4 684.1 681.3 678.3 676.2 674.1 673.1 665 656.9 667.8 667.6 668.9 668.5 668.4 669.4
681.6 687.6 692.3 698.4 704.6 709.7 714.4 721.5 727.7 734.7 742.5 752 755.4 760.2 765.4 770 772 773.2 773.8 772.4 767.2 765.4 762.6 761 757.6 752.9 750.9 749.4 747.7 743.9 740.2 745.6 743.1 742.8 744.9 738.6 736.6 735.4 739.1 747.8 753.2 755.1 753.5 753.4 754.5 756.9 756.1 754.4 752.7 752.8 751.4 749.7 744.6 740.8 736.7 731.2 724 717.9 711.8 701.6 694.7 694.1 693 689.9 686.1 683.6 679.9 678.7 675.4 672.8 671.5 664.9 650.7 654.5 661.6 662.7 664.6 665.5
