ny/ny42_OST50GRID_20230518/NY42.asc
ncols 200
nrows 200
xllcorner 340000
yllcorner 520000
cellsize 50
[rows 105 to 139 of 200, columns 78 to 155 of 200]
242.3 245.7 248.1 252.1 259.6 265.1 269.7 278 280.1 277.8 274.5 271.2 266.4 263.8 259.6 258 256.5 259.9 263.3 273.8 279.2 282 280.9 279.8 278.5 275.6 271.8 268.4 266.1 263.3 259.5 254.8 249.8 249 246.6 242.1 235.1 226.4 213.4 202.2 186.8 173.5 170.5 167.3 162.5 158 155.6 153.7 152.7 152 152.4 154.7 159.4 167 178.8 197.8 219.5 223.6 216.2 203.8 187.3 171 157.6 144.8 146.1 146.6 146.6 147.6 154.6 159.4 162.7 165.9 169.4 171.5 172.7 174.4 176.4 177.8
241.8 245.3 248.6 254.1 262.5 268.2 272.9 276 278.2 279.4 277.3 274.3 267 264.4 260.7 259.8 259.1 263.9 265.2 275.6 281.9 284.4 285 283.4 282.8 280.8 276.4 272.4 268.6 265.3 261.7 256.1 249 235.6 234.2 232.1 224.8 215.4 204.5 194.2 182.2 171.5 168.1 166.2 160.8 157.4 155.2 153.5 152.6 152 152.7 155.9 162.5 172.7 189.8 210.6 228.9 233.5 222.3 205.1 185.6 167.2 149.6 144.8 146 146.5 146.8 147.3 150.4 155.3 160.1 163.5 167.6 168.9 170.3 173.3 176 178
240.4 244.1 248.2 259.2 266.6 271.4 276.5 279.3 279.5 278.4 277.3 274.8 268.1 262.7 261.1 261.2 261.2 264.1 266.2 275.2 284.3 287.3 287.9 286.5 287.9 287.2 283.9 277.9 271.4 267.3 263 256.8 249.4 242.2 232.6 218.2 214.1 205.8 197.7 189.2 179.1 171.5 168.7 165.7 160.5 156.9 154.9 153.2 152 152.3 154 158.6 167.5 177.8 194.8 214.7 233 235.8 223.2 204.1 182.7 162.6 145.8 145.8 146.2 146.6 147.1 147.6 148.8 151.8 157.1 161.6 165.5 166 168.7 172.7 176.8 178.7
238.9 242.8 251.6 264.5 271.5 275.4 280.3 282.7 282.8 280.7 276.4 273.6 268.8 259.9 260.8 261 260.6 261.4 263.7 273.8 281.3 288.4 290.2 288.8 286.8 287.3 288.6 280.8 273.2 268.1 263.4 256.8 246.8 235.5 227.5 215.2 205.3 198.4 189 185.8 177.3 170.4 167 164.9 160 157.4 154.9 152.9 151.3 151.6 153.6 157.9 167.1 179.4 194.2 213 232.9 235.3 221.2 200.9 178.6 156.9 144.8 146.2 146.9 147 147.3 147.7 148.4 150.7 154.7 159 162.5 164 166.7 172.3 177.4 178.8
238.4 243.1 255.3 268 275.6 279.6 283.1 285.8 286.3 284.2 277.9 271.9 264.1 257.4 259.9 260.1 259 258.7 260.9 268.8 275.4 283.1 288.3 289 284.8 285.6 284.6 279 271.5 264.7 258.6 252.8 243.7 230.6 217.3 207.8 203.7 197.8 188.2 179.3 180.2 175.9 168.4 164 159.9 156.8 154.5 152.6 151.1 150.7 152.7 157.4 164.3 176.3 191.6 209.4 226.3 230.6 216.7 195.9 173 149.8 144.8 147.3 147.1 147.2 148.3 148.6 149.2 151 154.3 156.9 159.8 162.8 166.1 170.9 176.3 177.4
238.5 243.8 257.2 268.8 277.3 282.2 285.3 288 289.1 286.8 281.4 272 262.7 254.1 256.7 259.2 257.7 254.9 259 265.4 271.8 275.3 281.6 283 280.8 275.2 274.9 272.3 267.6 261.2 251.9 242.6 234.3 223.7 214.3 204.1 197.1 193.1 194.3 191.1 187.8 183.1 173.4 167.6 162 156.8 153.7 152.2 151 149.7 152.8 157.6 162.7 173 187.9 204 219.3 220.3 204.3 185.5 164.4 147.1 146.5 148 147.4 148.4 149.8 150.5 150.8 151.8 154.2 158.1 161.1 164.6 165.7 170.6 175.9 178.2
238.8 241.7 257.1 268.7 275.3 282.4 286.3 289.4 291.4 289.8 284.9 273.1 264.2 252.7 250.4 252.1 252.2 251.9 257.6 263 269 272.4 274.4 274.8 273.5 269.9 262.9 263.2 259.9 253.7 246.5 235.9 226.8 217.6 211.2 207.3 204.7 201.9 199.3 196.6 191.3 185 178.6 168.7 164.4 158.4 152.6 150.6 149.4 148.8 151.8 157.1 162.7 171.6 184.8 195.8 204.6 201.3 184.6 167.1 150.1 146.1 146.5 148.3 148.7 150.7 152.6 153.7 153.8 154.9 154.7 158.3 163.2 166.8 167.6 170.1 176 178.4
239.8 242.5 255.1 268.1 273.9 279.5 285.6 290.6 294 292.6 287 277.5 260.7 252.4 248.2 247.6 248.3 251.1 254.6 261.2 268.6 270.9 272.1 272 269.9 266.9 259.5 249 245.7 240.6 233.6 225.4 219.3 217 214.7 211.9 207.9 204.1 201.1 198.7 193.8 187.1 178.9 169.6 161.7 154.3 150.8 149.1 148.1 149.1 151.4 155.2 161.6 169.1 174.1 180.8 184.7 180.4 166.3 153.1 146.2 144.8 147 148 149.8 151.8 155 157 157.2 156.7 156.9 158.4 160.9 164.1 166.6 169.4 174.4 176.8
240.7 241.2 251.9 266.3 274.7 280.6 285 289.8 293.9 294.3 288.9 277.9 258.4 252.5 248.3 243.9 247 249.6 252.4 258.2 266.1 267.5 268 268.6 267.2 261.4 253.4 243.1 233.3 228.2 225.8 223.6 220.2 218.1 215.6 211.7 208 205.8 202.9 200 195.5 188.8 176.8 170 160.2 151 149.6 148.3 146.5 147.7 149.9 153.4 156.6 158.6 160 162.7 164.1 160.6 152.3 146.2 146.4 149.5 149.5 148.8 150.8 153.7 157.1 160.6 159.3 157.6 157.5 159.7 162.6 165.8 169.5 171.5 173.6 175.1
243.5 241.3 248.2 263.4 274.4 280.6 286.1 286.3 291.7 294.2 289.2 275.8 258.3 251.6 246.2 242.1 245.5 248.2 249.3 255.7 263.5 264.1 261.2 260.9 258.1 252.4 244 235.9 232.8 231.2 227.7 223.5 220.6 218.5 216.4 215.6 213.6 210.4 210.2 210.9 206.3 189.4 179.4 168.3 154.1 149 147.8 146.7 144.6 144.6 144.6 144.6 144.6 144.6 146.3 146.9 146.9 145.1 144.8 146.9 149.7 154.5 151.4 149.1 150.7 153 157.7 159.8 157.6 156.5 157.7 161.7 163.3 166.6 171.6 176.3 178.3 181.6
244.4 242.3 245.9 263.2 271 277.8 284.3 287.7 286.8 287.7 283.6 271 258.2 251.5 246 239.3 244.4 246.2 244.8 250.2 257.8 259.1 256.6 251.5 248.7 244 239.1 237.6 235.8 233.3 229.4 226.5 225.4 222.3 220.5 221.9 222 222.4 230 232.5 214.2 193.1 178 165.2 152 144.6 144.6 144.6 144.6 144.6 144.6 144.6 144.6 144.6 144.6 144.6 144.6 144.6 147.1 149.4 155 156.8 153.4 150.9 150 151.7 154.8 155.9 155.5 156.2 159.3 161.9 164.4 168.4 173.4 178.9 181.5 181.4
245.8 243.3 244.7 258.1 268.5 274.5 277.7 282.1 284.3 281.5 275.9 264.3 257 251.3 246.5 239 241.7 243.8 240.1 244.7 249.7 252.2 250.2 249.6 248.5 245.9 243.2 241 239.6 240 239.4 237.1 237.5 238.9 239.1 239.2 238.8 240.1 250.4 251.4 227.1 201 178.4 163 151.5 144.6 144.6 144.6 144.6 144.6 144.6 144.6 144.6 144.6 144.6 144.6 144.6 144.6 148.7 154.2 158.7 158.9 154.7 151.2 151.1 151.5 151.7 152.5 154.9 158.3 162.9 162.8 165.8 171 174.6 180.6 183.8 185.1
248.5 244.7 247.5 253 262.2 269.9 273.4 274 275.6 274.3 269.9 263.9 256.2 250.3 245.9 239.9 236.7 238.4 233 236.7 243.6 248 249.4 251.4 254.5 253.9 250 248.9 249.9 254.1 257.4 257.1 257.2 263.1 265.2 264.7 260.1 256.8 262.7 258.8 237.3 204.3 181.2 161.1 146.7 144.6 144.6 144.6 144.6 144.6 144.6 144.6 144.6 144.6 144.6 144.6 144.6 144.6 149.6 157.2 160.7 160.2 155.7 151.1 151.9 152.5 153.1 153.4 156.6 162.2 164.3 163.4 167.4 173 176.7 182.5 186.4 187.5
251.1 246.4 248.4 251.7 259.7 268 270.8 272.1 273.9 273.5 270.2 264.5 256.7 249.5 244.6 240.8 230.3 226.1 226.6 229.9 238.9 246.1 250.3 254.7 259.9 262.6 261.4 259.9 261.8 268.4 273.4 276.6 277.5 280 282.5 283 273.8 261.7 260.3 251.1 218.5 194.2 173.1 157.2 144.6 144.6 144.6 144.6 144.6 144.6 144.6 144.6 144.6 144.6 144.6 144.6 144.6 144.6 152.5 158.4 160.8 160.3 156 152.9 152.4 152.7 153.4 154.6 158.3 164.2 164.6 165.2 170.8 175.2 179.4 184.1 189.4 189.6
253.3 247.9 247.5 250.3 255.2 264.6 269.6 272.1 273.4 271.8 268.8 265.7 259.1 250.2 243.2 239.3 231.9 226.4 219.6 225.5 233.8 243.7 252.5 258.3 264 269.8 272.4 270.6 272.8 277.5 283.9 287.6 287.9 287.2 286.8 283 267.8 252.6 234 222.7 204.3 180.2 158.1 145.6 144.6 144.6 144.6 144.6 144.6 144.6 144.6 144.6 144.6 144.6 144.6 144.6 144.6 144.6 153.2 158 159.2 157.6 155.3 154.3 153.8 153.2 154.3 155.7 159.6 164.1 165 167.1 173.1 177.3 180.4 185.5 191.1 194.1
254.6 249.3 246.5 248.5 250.6 257.9 267.1 273.4 274.6 272.3 268.3 265.1 259.9 248.3 238.2 236.3 230.6 224.7 219 218.4 227.3 237.4 251.4 260.1 267.1 273.5 278.6 279 278.9 281.5 286.9 289.4 287.2 281.9 275.7 262.5 248.3 229.8 210.5 198.6 181.3 157 145 144.6 144.6 144.6 144.6 144.6 144.6 144.6 144.6 144.6 144.6 144.6 144.6 144.6 144.6 144.6 152.6 156.7 157.3 154.9 155.2 155.5 154.6 153.6 155.6 158.6 159.7 163.5 166.1 168.7 175.1 179.5 182.3 186.6 192.3 196.4
257.8 251 247.4 246.5 247.5 252.6 263.6 271.9 274 271.5 265.8 261.4 254.6 244.5 236.6 234.3 229.7 222.4 216.9 211.7 219.3 228.8 242.7 256.4 265.2 272.8 277 276.6 277.1 275.4 276.2 274 270.3 261.6 250.9 236.8 222.4 205 187.1 170.1 154.5 144.6 144.6 144.6 144.6 144.6 144.6 144.6 144.6 144.6 144.6 144.6 144.6 144.6 144.6 144.6 144.6 144.8 153.1 156.9 155.3 153.3 155.2 156.7 155.1 155.5 156.9 158 161 164.3 166.7 169.8 175.9 180.4 183.8 187.7 193.4 197.1
263.5 253.7 249.4 247.5 246.8 249.2 257.2 266.8 271 268.1 254.7 243.7 238.4 235.2 231.5 228.1 225.4 218.7 210.6 203.4 208.5 217.1 227.9 240.3 251.1 256.8 258.6 259.8 257.6 253.4 249.3 246.2 241 232.3 221.5 208.2 195.6 179.2 163.4 151.7 144.6 144.6 144.6 144.6 144.6 144.6 144.6 144.6 144.6 144.6 144.6 144.6 144.6 144.6 144.6 144.9 146.9 147.6 151.1 153.9 152.4 153.1 154.2 155.8 156.6 157.7 159.1 161 163.6 166.5 168.9 170.8 173.6 180.2 185.2 188.6 192.9 197.5
267.7 256.5 250.7 248.3 246.1 245 247.9 255.6 258.3 252.5 242.5 235.2 227.2 223.6 221.2 215.5 212.9 208.8 204.5 198.9 194.9 201.4 206.7 213.9 222.3 228.5 230.1 229.8 226.4 223.2 218.6 215.8 210.8 202.3 193.3 182.9 170.1 159.3 151.4 146.8 144.6 144.6 144.6 144.6 144.6 144.6 144.6 144.6 144.6 144.6 144.6 144.6 144.6 144.6 144.6 145 146.9 147.6 148.9 150.9 151.8 153.1 154.5 156.1 157.7 159.5 161.6 164.2 166.5 169.6 172.3 173 174.7 180.6 185.5 190 194.2 199
263.7 257.7 253.7 249 246.4 239.9 236.9 238.2 238.7 238.2 235.7 231.5 226.1 221.2 216.5 211.6 208 204.5 201.2 196.2 193.8 191.6 191 193.3 196.9 200.8 201.3 200.4 196.1 194.6 191.4 187.9 185.1 179.1 174.8 168.7 161.5 152.3 148.4 144.6 144.6 144.6 144.6 144.6 144.6 144.6 144.6 144.6 144.6 144.6 144.6 144.6 144.6 144.6 144.6 146.3 147.3 148.6 148.5 150.8 151.9 153.2 155.3 157 158.7 160.7 162.8 165.6 169.4 172.8 175.8 175.8 177.5 181 186.4 191.2 196.2 200.6
257.2 256.3 252.6 247.3 239.6 233.5 230.3 229.1 229.6 230.2 228.5 227.3 224.2 221.4 217.1 211.4 207.7 204.3 198.8 194.5 191.5 189.2 187.7 188 187.6 183.3 182.9 181.6 181.5 179.7 174.7 174.4 170.9 168 165 161.9 157.1 150.4 146.4 144.6 144.6 144.6 144.6 144.6 144.6 144.6 144.6 144.6 144.6 144.6 144.6 144.6 144.6 144.6 145.2 147.2 148 149.1 148.8 151.3 152.6 154.2 156.1 158 159.9 161.8 164 167.3 171.3 174.9 178.2 179 180.7 184.2 189 193.3 197 202
248.4 247.5 244.8 238.8 231.6 226.8 224.9 224.1 224.4 224.9 225.6 224.1 222.3 219.9 216 210.3 206.4 202.5 197.1 193 190.3 187.3 185 184 182.4 180.8 177.4 173.2 167.3 167.6 166.4 164.3 163.3 161.9 159.6 156.4 153.7 149.8 144.8 144.6 144.6 144.6 144.6 144.6 144.6 144.6 144.6 144.6 144.6 144.6 144.6 144.6 144.6 144.6 146.6 147.5 148.6 149.7 149.3 152.1 153.7 155.3 157 158.4 160.6 162.5 164.3 167.6 172.5 175.7 179.3 181.6 182.8 186.2 190 194.9 199.2 205.3
230.1 228.3 228.6 224 220.7 219.2 219.8 220.3 220.7 221.2 220.5 221.2 220 217.5 213.4 209.2 204.2 200.1 196.5 196 194.4 189.5 186.3 180.7 178.7 176.9 175.4 175.7 174.8 167.6 160.8 159.8 158.1 156.5 155.6 152 150.2 144.6 144.6 144.6 144.6 144.6 144.6 144.6 144.6 144.6 144.6 144.6 144.6 144.6 144.6 144.6 144.6 144.6 146.7 147.8 149 150 149.9 151.7 153.6 155.6 157 159.5 161.4 164.8 167.1 166.6 169.9 176.7 179.9 182.4 184.5 187.8 193.2 197.2 201.7 207.5
225.5 221.7 218.9 217 214.9 214.2 216 216.7 216.7 217.7 216.3 216.9 216.2 213.6 210.2 207.7 201.6 197.9 195.9 197.6 194.9 190.9 190 185.3 181.1 180.5 180.5 179.4 174.9 169.5 165.9 158.1 154.2 152.6 150.6 148.6 146.6 144.6 144.6 144.6 144.6 144.6 144.6 144.6 144.6 144.6 144.6 144.6 144.6 144.6 144.6 144.6 144.6 144.6 146.7 147.8 148.7 149.7 150.8 152.1 154 156.4 158.8 161.9 166.3 168.1 170.7 176.3 173.4 173.1 181.1 183.9 186.8 190.1 195.2 199.1 203.4 210.6
223.3 220.4 216.4 214.6 211.6 210.3 212.1 212.8 212.7 214.2 213.1 212.7 212.5 209.5 206.5 204.5 199.2 196.7 198 197.4 193.1 191.8 190 183.4 179.9 178.2 176.7 175.4 171.7 166.5 162.7 162.2 156.4 151 148.1 145.2 144.6 144.6 144.6 144.6 144.6 144.6 144.6 144.6 144.6 144.6 144.6 144.6 144.6 144.6 144.6 144.6 144.6 144.6 144.6 147.9 149.2 150.6 151.6 152.6 154.7 157.7 160.1 165.5 171.4 174.3 171.4 179.6 178.7 177 180.7 185.7 189.5 192.5 196.1 201.6 205.8 213.2
232.1 227.7 223.6 217.5 211.4 205.6 206.1 208.7 208.6 209.2 209.2 208.4 208.4 205.7 201.5 199.5 196.1 197.4 198.5 195.1 191.9 191.1 187.4 179.4 175.8 174.4 172 170.3 166.8 163.5 161.4 160.7 152.9 145.1 144.6 144.6 144.6 144.6 144.6 144.6 144.6 144.6 144.6 144.6 144.6 144.6 144.6 144.6 144.6 144.6 144.6 144.6 145.2 146.4 146.9 147.9 149.9 151.6 152.9 154.4 155.6 154.7 159.1 170 174.9 176.5 178.7 182.1 184.4 182.8 180.8 187.3 191.7 195.6 199.3 204.2 209.4 215.2
231.8 227.4 222.4 217.8 212.9 204.2 199 204 204.4 205 204.9 203.7 203 202.1 198.1 194.7 196 198.3 197.4 193.5 191.7 189.2 184.3 178.7 171.7 170.3 168.2 165.8 161.7 158.2 157.5 156.9 144.6 144.6 144.6 144.6 144.6 144.6 144.6 144.6 144.6 144.6 144.6 144.6 144.6 144.6 144.6 144.6 144.6 144.6 145.4 147.3 146.9 146.8 147.6 148.2 150 151.9 153.8 155.8 157.3 158.9 164.3 171.5 177.3 177.9 181.7 184.8 187.3 188.3 182 188.9 193.8 198 201.5 206.2 212.8 218.1
230.3 226 220.2 216.2 211.8 205.1 194.1 198.4 200.3 200.9 200.6 199.7 197.7 195.3 194.6 194.9 197 199.3 196.2 192.7 191.2 187.5 181.4 177 170.2 165.4 163.3 161 157.2 153.9 154.1 145.7 144.6 144.6 144.6 144.6 144.6 144.6 144.6 144.6 144.6 144.6 144.6 144.6 144.6 144.6 144.6 144.6 144.6 145.1 149.9 147.3 147.1 147.2 147.7 148.7 150.6 152.6 154.5 156.8 158 162.9 167.3 173.5 179.3 180.9 185 187.9 190.4 192 184.6 190.2 196 200 203.9 210.5 216 221.3
228.9 224.7 218.6 214.3 210.3 203.6 197.1 191.1 196.3 195.9 195.5 194.9 194.2 191.6 193 195.4 197.6 197.5 193.5 190.6 188.5 184.7 179.1 174.4 167.1 159.5 158.6 156.9 154.5 151.1 144.7 144.6 144.6 144.6 144.6 144.6 144.6 144.6 144.6 144.6 144.6 144.6 144.6 144.6 144.6 144.6 144.6 144.6 144.6 149.6 149.5 147.1 147 147.2 148.2 149.6 151.3 154.1 156.5 159.1 160.8 165.2 170.8 175.3 180.8 184.8 187.9 190.7 193.3 194.9 192.7 189.5 196 201.8 206.5 212.6 218 224.1
226.6 221.3 216.6 212.5 208.4 200.2 191.7 187.5 188.8 192.5 190.8 190.7 189.1 189.3 191.5 194.6 196.4 194.5 191.8 188.8 185 182.2 177.3 171.6 165.6 156.7 152 150.6 148.1 144.6 144.6 144.6 144.6 144.6 144.6 144.6 144.6 144.6 144.6 144.6 144.6 144.6 144.6 144.6 144.6 144.6 144.6 144.6 144.6 148.9 147.7 147.2 147.2 147.4 148 149.9 152.1 156.9 159.6 163.2 164.2 165.1 170.8 177.7 181.7 187 190.9 193.6 196.1 197.7 199 199.4 195.7 202.3 208.7 214.8 220.1 227.5
225.2 219.3 214.6 210.9 206.3 197.4 197.2 191.1 186.4 179.5 183.8 185 182.3 186.9 188.9 192.3 193.3 191.3 188.6 185 182.4 177.8 174.3 169.3 161.6 156.4 152.2 147.3 144.6 144.6 144.6 144.6 144.6 144.6 144.6 144.6 144.6 144.6 144.6 144.6 144.6 144.6 144.6 144.6 144.6 144.6 144.6 144.6 144.6 148.9 148.8 147.9 147.8 147.8 149.1 151.3 155.1 160.5 165.2 169.8 170.8 166.5 175.1 180.5 184.5 189.3 192.7 196 198.7 200.6 202.3 204.7 195.2 202.1 211.4 217.8 223.8 229.5
221.7 217.1 211.3 207.6 203.2 198.6 195.9 191.2 186.4 183.5 178.2 179.1 182.1 184.3 186.5 188.8 189.8 188.2 185.9 183.1 176.9 174.2 171.8 166.5 157.7 156.5 152.9 146.9 144.6 144.6 144.6 144.6 144.6 144.6 144.6 144.6 144.6 144.6 144.6 144.6 144.6 144.6 144.6 144.6 144.6 144.6 144.6 144.6 144.6 149.9 148.4 148.8 148.9 148.9 151.4 157.8 163.5 166.6 171.9 176.3 176.1 177 176.4 182.7 187.8 192.3 195.1 197.7 201.1 203.5 206.4 209 209.6 201.7 211.8 219.4 225.5 232.2
215.8 209.9 206.4 203.9 203.8 198.9 195.2 191.8 187.2 184.4 179 169.2 178.4 181 183.2 186 185.9 184.4 180.5 177.3 173.3 168.7 164.8 160.1 156 155 152.6 148.7 144.6 144.6 144.6 144.6 144.6 144.6 144.6 144.6 144.6 144.6 144.6 144.6 144.6 144.6 144.6 144.6 144.6 144.6 144.6 144.6 145.5 148.3 148.9 149.4 149.8 153.4 158.5 164.4 168.6 172.3 176 179.5 183.6 183.3 180.5 184 190.6 195.5 198.2 200.6 204.3 206.7 209.6 212.6 212.9 215.4 207.4 213.6 225.4 233.5
211.7 208.6 205.9 205.7 203.8 198.8 194.9 190.6 186.6 184.8 178.9 171.1 172.6 177.6 179.9 182.1 181.4 177.7 175.8 173.5 168.8 165.2 161.4 154.5 152.5 154.5 151.8 145.7 144.6 144.6 144.6 144.6 144.6 144.6 144.6 144.6 144.6 144.6 144.6 144.6 144.6 144.6 144.6 144.6 144.6 144.6 144.6 144.6 148.7 149.6 150.3 150.9 155 159.3 164 169.6 173.9 177.7 179.9 183.7 188.3 189.7 190.4 182.1 190.7 198.7 201.5 203.5 207.6 210 213.3 215.9 218.6 222.4 225.3 227.2 219.6 235.9
210 207.6 205.6 207.7 204.5 199.7 195.2 190.7 187.1 182.2 177.3 169.6 167.9 174.3 177 176.6 174.1 172.7 171.8 169.8 165.4 162 158.2 152.5 150.3 151.2 150.2 144.6 144.6 144.6 144.6 144.6 144.6 144.6 144.6 144.6 144.6 144.6 144.6 144.6 144.6 144.6 144.6 144.6 144.6 144.6 144.6 147.9 152.2 156.5 154.9 154.4 160.1 162.9 168.9 174.1 178.7 182.6 186.3 189.9 193 195.3 197.2 198.3 191.8 198.4 204.4 207.2 210.9 214.3 216.6 220.1 223.6 226.5 229.6 233.2 236.5 235.5
