ny/ny42_OST50GRID_20230518/NY42.asc
ncols 200
nrows 200
xllcorner 340000
yllcorner 520000
cellsize 50
[rows 140 to 174 of 200, columns 78 to 155 of 200]
209.2 207.4 207 207.5 202.8 198.9 193.7 189.4 186.2 181.3 173 165.1 164.6 170.1 171.4 170.8 170.1 169 168.2 165.9 161.5 158.6 154.6 149 147.6 147.7 144.6 144.6 144.6 144.6 144.6 144.6 144.6 144.6 144.6 144.6 144.6 144.6 144.6 144.6 144.6 144.6 144.6 144.6 144.6 144.6 148.8 153.2 161.2 163.3 161.6 158 162.4 166.6 173.1 177.9 182.6 186.1 190.3 194.3 197.3 199.2 201.1 201.9 204.4 197.1 205.5 209.2 214.7 218.2 220.5 223.8 227.8 230.9 234.1 237.4 241.5 234.4
209.9 207.7 207.7 205 201 197.6 192.5 187.4 183.1 179.1 173 164.2 161.6 163.6 166.3 167 165.7 165.1 164 162.2 158.4 154 151 146.1 144.6 144.6 144.6 144.6 144.6 144.6 144.6 144.6 144.6 144.6 144.6 144.6 144.6 144.6 144.6 144.6 144.6 144.6 144.6 144.6 144.6 150.6 156.4 163.4 167.8 168.8 167 164 164.1 170.5 176.2 181.4 185.3 188.7 192.6 197.6 200.8 202.7 205.4 207.3 209.6 201.9 209 215.4 218.6 221.7 224.5 228.1 232 235.7 239.8 243.3 245.8 246.6
209.1 207.4 204.2 201.6 199 195.3 190.3 184.5 179.4 175 169.5 160.8 157.1 161.6 160.2 162.9 163.1 162.6 161 158.7 155.8 150.4 148.2 144.6 144.6 144.6 144.6 144.6 144.6 144.6 144.6 144.6 144.6 144.6 144.6 144.6 144.6 144.6 144.6 144.6 144.6 144.6 144.6 144.6 152.2 158.1 163.8 168.6 172.8 174.2 172.2 168.4 168.2 174.6 181.3 185.8 188.9 192.2 196.4 200.6 204.3 206.8 209.5 212 214.7 213 212.7 219 222.3 225.1 227.9 231.6 235.8 239.9 243.9 247.6 250.6 252.7
207.4 204.1 200.9 198.2 195.4 190.1 186.5 183 176.7 171.5 166.1 160.1 156.9 155.8 154.8 158.1 158.9 158.9 157.8 155.4 150.7 147.9 147.2 144.6 144.6 144.6 144.6 144.6 144.6 144.6 144.6 144.6 144.6 144.6 144.6 144.6 144.6 144.6 144.6 144.6 144.6 144.6 144.6 147.6 156.2 161.3 165.2 170.5 176.2 178.6 176 171.6 173.6 180.5 185.5 189.9 192.7 196.7 200.7 204.7 207.7 210.2 213.5 216.1 218.9 216 216.7 222.8 225.6 228.3 231.7 236.1 239.6 244 248 252.1 254.8 257.2
203.1 200.8 196.2 194.4 191.5 186.2 183.3 178.9 173.9 169.1 164.5 158.3 155.7 154.4 153.2 152.1 152.7 151.2 150.2 149.4 148.6 147 145.6 144.6 144.6 144.6 144.6 144.6 144.6 144.6 144.6 144.6 144.6 144.6 144.6 144.6 144.6 144.6 144.6 144.6 144.6 144.6 147.6 150.3 157.5 164.4 168.4 172.6 177.8 181.7 179.3 176.2 178.1 184 189.1 192.9 196.3 200.4 204.4 208.3 211.2 213.8 217.2 219.6 222 219.5 219.9 226.3 228.9 231.9 235.6 240.4 244.4 248.2 252.8 257 259.9 262
199.1 196.4 191.1 188.6 185.9 182.2 179.6 175.5 170.6 166.3 162.1 156.7 155.5 155.3 156.7 152.6 150.8 150.4 149.8 149 148.3 147.6 145.6 144.6 144.6 144.6 144.6 144.6 144.6 144.6 144.6 144.6 144.6 144.6 144.6 144.6 144.6 144.6 144.6 144.6 144.6 146.4 148.6 151.5 159.4 165.2 170.2 175.3 179.5 183 179.6 177.3 182.1 187.8 192.9 196.4 199.3 203.5 208.1 211.6 215.3 218.4 221.4 224.3 227.1 227 220.2 228.9 232.3 235.9 239.6 244.7 250.1 254.4 258.6 262.5 265 267.4
194.8 191 186.1 183 180.7 178 175.8 172.7 166.8 161.5 158.3 156.6 158.2 159.4 157.3 152.9 150.3 149.4 149.1 148.8 148.3 147.6 146.4 144.6 144.6 144.6 144.6 144.6 144.6 144.6 144.6 144.6 144.6 144.6 144.6 144.6 144.6 144.6 147.2 147.3 147.3 148 150.8 157.4 156.6 162.9 169.1 177.2 180.4 181.2 178.7 179.8 185 190.1 195.4 199.5 202.6 206.6 211.5 216.2 221.4 223.7 226.7 229.5 231.5 231.4 230.5 224.2 236.2 240.3 244.7 249.7 255 259.2 263.8 268.8 272.9 274.6
190.9 183.8 180.4 178.2 176 174.7 172.7 168.5 162.1 158.3 158.2 160.7 162.5 161.3 158.1 154.1 151.2 149.5 149.1 148.7 148.2 147.5 146.4 144.6 144.6 144.6 144.6 144.6 144.6 144.6 144.6 144.6 144.6 144.6 144.6 144.6 144.6 144.6 149.1 148.8 149.9 150.8 155.3 159.8 161 158.7 165.8 176.5 178.6 178 180.3 184.1 188.8 192.3 197.2 202.2 205.8 210.2 215.6 222 227 230.4 232.9 234.6 236 236.7 235.8 230.7 241.7 245.7 249.9 254.7 259.9 264.7 269 273.6 277.6 280.5
186.1 178.3 173.9 172.4 170 170.6 168.3 162.1 164.3 162 162.4 164.6 166.6 163.2 159.4 157.3 153.5 150.4 149.3 148.2 147.6 147.2 145.8 144.6 144.6 144.6 144.6 144.6 144.6 144.6 144.6 144.6 144.6 144.6 144.6 144.6 144.6 145.9 150.2 151.2 152.8 153.2 156.4 160.3 162.4 164.5 160.5 168.9 173 176.8 182.4 187.6 192.1 195.6 199.4 204.8 208.9 213.8 219.7 225.9 230.5 234.4 237.3 239.5 241.2 242.4 241.8 235.3 246.7 251.8 256.4 260.9 265.7 270.1 275.1 279.2 282.8 285.4
184.1 178.6 168.4 167.5 167.6 164.1 164 167.5 166.1 163.8 166.4 169.8 170.1 165 162.7 159.7 153.9 149.5 150.9 151 147.4 147.3 144.6 144.6 144.6 144.6 144.6 144.6 144.6 144.6 144.6 144.6 144.6 144.6 144.6 144.6 144.6 147.9 149.8 151.5 153.9 156.2 158.1 161.8 164.9 168.5 173 171.8 172.2 177.9 183.3 188.5 193.8 198 202.1 208 212.7 218.5 224.4 229.8 234.1 237.8 240.6 243 245.3 247.8 248.7 244 249.3 256.8 262.4 268 271.9 276 280.4 284.6 288 290.9
180.9 176.3 170.6 166 164.7 163.6 166.6 169.2 166.9 169.4 173.1 174.9 171.3 167.3 164.8 159.9 154.4 151.5 148.2 150.7 146 145.6 144.6 144.6 144.6 144.6 144.6 144.6 144.6 144.6 144.6 144.6 144.6 144.6 144.6 144.6 144.6 148.3 149.8 151.3 154.5 159.6 166.7 168.5 170.9 172.9 175.6 175.2 176 180.9 185.4 190.2 195.3 200.8 206.2 211.7 216.8 222.7 228.6 233.8 238 241.7 244.4 246.9 249.9 252.6 255 252.7 251.8 263 269.1 274.5 278.7 282.5 285.9 289.9 293.7 297
178.2 175.4 167.8 165.6 164.7 165.9 169.7 169.5 170.8 174.4 178.3 176.9 170.9 165.8 162.9 157.5 153.5 151.9 148.8 149.5 144.6 144.6 144.6 144.6 144.6 144.6 144.6 144.6 144.6 144.6 144.6 144.6 144.6 144.6 144.6 144.6 146.1 150.9 150.9 152.3 154.5 164.4 169.2 172.4 175.4 178 179.3 176.8 176.6 183.4 188.9 194.3 199.7 204.3 209.6 215 220.7 227 232.6 238.2 243.1 246.1 248.5 251.4 254.5 257.7 260.2 259.4 254.5 269.4 275.4 281.3 285.3 288.3 291.6 295.3 299 303
176.5 173.5 168.1 166.4 165.7 169.1 170.6 171.1 174.3 177.8 181.7 176.8 170.1 164.8 158.6 153.8 152.8 152.2 151.1 150.3 144.6 144.6 144.6 144.6 144.6 144.6 144.6 144.6 144.6 144.6 144.6 144.6 145 145.3 144.8 146.1 148.6 152.8 152.9 158.7 162.3 166.6 171.2 176.5 179.8 182.6 182.5 180 179.5 183.2 192 199.5 205.1 208.9 212.7 217.6 223.8 229.6 236.6 242.5 248.7 253 256.1 258 260.1 263.1 265.8 266.3 263.6 276.5 281.9 287 290.2 293.5 297.1 300.6 304.4 308.4
172.1 170.3 168.7 167.4 167.1 170.7 170.1 172.8 176.3 179.5 182.5 176 170.1 164 155.3 150.4 149.9 148.3 146.7 144.6 144.6 144.6 144.6 144.6 144.6 144.6 144.6 144.6 144.6 144.6 144.6 144.6 146.5 147.2 147.2 148 149.6 154.2 155.2 160.6 164.5 168.8 172.8 177.5 182.3 187.1 185.1 183.4 187.2 188.9 198.1 204.3 209 212.5 216.8 221.4 226.8 232.8 240.1 247.6 254.6 260.1 264.3 266.9 269.4 271.5 273.9 274.2 266.2 283.4 288.3 292.7 295.8 299 302.7 306.6 310.4 315
175.6 171.6 168.3 167 167.5 168.4 169.4 173 177.9 182.3 182 175.2 168.3 162.4 154.5 147.7 144.6 144.6 144.6 144.6 144.6 144.6 144.6 144.6 144.6 144.6 144.6 144.6 144.6 144.6 144.6 145.1 148.4 149.5 150.3 150.3 151.7 154.8 155.3 161 164.8 169 173.3 178.5 184.7 187.8 187.6 191.2 194.8 198.1 203.2 206.8 211.2 216 220.3 225.2 230.5 237.7 244.8 252.2 260.6 267.4 271.7 274.7 277.4 279.7 282.6 284.3 282.9 291.8 295.4 299.2 301.1 304.2 307.9 311.7 317.1 321.3
178 173.4 168.6 165.9 165.6 165.8 168 174 179.8 183.8 180.9 175.4 167.6 160.7 151 144.6 144.6 144.6 144.6 144.6 144.6 144.6 144.6 144.6 144.6 144.6 144.6 144.6 144.6 144.6 144.6 144.8 150.8 153.8 155 154.6 156 157.4 155.3 160.3 164.6 169 173.9 180.3 185.6 187.9 191.3 195 199 202.6 205.5 209 213.1 218.2 223.8 228.6 235.1 242.7 250.7 258 265.8 273.8 278.3 281.9 285.6 288.7 290.4 290.2 294.6 298.7 301.7 305.6 306.8 309.8 314.4 319 323 327.3
181 174.3 169.2 165.7 165 164.9 166.1 175.1 181.2 181.7 179.3 173.7 167.2 160.9 149.2 144.6 144.6 144.6 144.6 144.6 144.6 144.6 144.6 144.6 144.6 144.6 144.6 144.6 144.6 144.6 144.6 144.6 150.8 156.7 158.8 160.5 161.4 157.2 155.6 159.1 164.2 168.8 173.4 180.1 184.3 188.6 194.2 199.1 202.1 205.1 208.6 212.9 216.8 222 228.7 234.3 241.2 249.5 258.4 267.9 276 281.6 284.9 288 291.1 294.5 299.1 300 303.8 306.7 309.5 311.5 313.5 316 320.9 325.6 329.3 332.8
182 174.6 169.6 166 165.2 164.1 165.9 174.8 178.6 177.7 175.2 171 165.3 158.4 148.4 144.6 144.6 144.6 144.6 144.6 144.6 144.6 144.6 144.6 144.6 144.6 144.6 144.6 144.6 144.6 144.6 144.6 149.5 156.5 161.9 164.8 165.1 158.9 156.5 158 162.4 167.8 174.4 179.2 183 188.5 195.3 200.7 204.1 207.8 211.4 216.4 222.2 228.3 233.7 241.2 249 258.8 267 276.3 283.9 289 292.4 295.6 297.8 302 307.7 309.2 302.9 315.4 318.6 319.8 320.5 324.1 327.4 331.6 335 337.2
181 174.4 169.3 165.6 165.7 166.8 166.3 171.3 174.1 172.2 170.4 167.9 163.1 157.4 147.1 144.6 144.6 144.6 144.6 144.6 144.6 144.6 144.6 144.6 144.6 144.6 144.6 144.6 144.6 144.6 144.6 144.6 145.3 155 160.8 165.4 166.8 161.3 157.4 159.7 164.3 170.2 176 179.6 183.5 188.7 195.2 201 206 209.1 215.2 219.7 225.3 232.2 240.1 248.5 258.2 267.5 276 285.2 293.5 297.1 299.9 302.7 306.1 310.6 316.4 318.2 314.4 322.7 325.9 326.1 328.1 331.6 334.3 337.5 339.5 341.3
183.6 173.9 169 167.7 169.7 169.6 166.3 167.1 166.7 164.7 165.3 163.5 158.6 153.1 147.4 144.6 144.6 144.6 144.6 144.6 144.6 144.6 144.6 144.6 144.6 144.6 144.6 144.6 144.6 144.6 144.6 144.6 144.6 154.4 158.6 163.5 166.6 163.6 161.8 163.9 170 174.3 177.9 180.7 184.2 191 195.6 202 207.8 212.5 218.1 223 230.3 237.2 247.6 256.8 266.8 275 285.1 295.4 301.1 305.3 307.8 311.5 315.4 320.8 325.8 327.3 320.7 331.9 333.8 334 335.2 338.8 339.7 341.7 343.2 344.3
179.5 172.8 169.4 168.9 169.8 167 164.3 163.4 162.9 162.3 162.6 157.8 152.7 148.7 147.4 144.6 144.6 144.6 144.6 144.6 144.6 144.6 144.6 144.6 144.6 144.6 144.6 144.6 144.6 144.6 144.6 144.6 144.6 151.1 158.2 164.6 168.8 169.3 167.6 170.1 174.5 178.7 181.4 183.9 187.5 193.1 198.9 205.4 210.3 216.1 223.4 229.4 238.7 249 256.9 265 273 283.1 293.2 302.9 308.2 313.4 318 322.3 327 330.7 335.4 335.2 330.8 340.2 342.1 340.7 342.2 343.4 344.8 345.5 346.4 346.9
177.4 173.5 170.3 169.1 166.9 162.6 160.9 162.6 162.9 162.3 160.1 154.7 151.5 149.2 149.7 146.1 144.6 144.6 144.6 144.6 144.6 144.6 144.6 144.6 144.6 144.6 144.6 144.6 144.6 144.6 144.6 144.6 144.6 148.4 158.2 166.9 172.6 172.2 171.4 176.1 179.9 182.6 184.7 186.5 189.2 194.5 201.9 208 214.5 220.2 227.8 239.6 249.5 259.4 266.7 273.3 281.7 289.8 301.1 309.3 315.3 320.3 324.6 331.8 339.7 342.9 344.1 343.9 334.1 346.8 348 347.8 348.3 347.5 348 348.7 349.3 349.6
175.6 171.8 168.9 166.5 162.1 159 160.1 164.1 163.4 160.7 156.2 153.1 149.9 149.3 149 144.6 144.6 144.6 144.6 144.6 144.6 144.6 144.6 144.6 144.6 144.6 144.6 144.6 144.6 144.6 144.6 144.6 144.6 145.7 159.8 167.4 173.7 174 174.9 180 183.2 185.9 188 192.1 196.3 199.2 204.7 210.8 217.5 227.1 239.9 252.2 262 267.8 273.2 280.3 287.9 298.2 310.3 316 321.6 326.3 332.3 343.5 351.3 354.8 353.4 351.8 349.9 354.3 357.2 353.1 353.1 352.2 351.2 351.8 352.1 350.6
171.6 167 165.1 162.9 160 159.5 160 162.7 161.7 157.8 155.9 152.2 149.1 147.7 144.6 144.6 144.6 144.6 144.6 144.6 144.6 144.6 144.6 144.6 144.6 144.6 144.6 144.6 144.6 144.6 144.6 144.6 144.6 148.9 159.2 165.7 172.2 175.8 178.2 182.7 186.3 189.2 191.5 195.2 199.5 202.6 206.2 213.8 224.4 240 252.3 262.6 269.8 274.7 279.9 286.7 295.3 306.4 318.9 323.8 328.4 335.3 344.3 356.6 363 361.9 361.9 359.1 355.5 360.4 362.4 357.6 357.4 356.5 354.8 354.7 354.2 352.7
161.9 160.5 160.6 160.8 160.5 159.2 160.1 161.1 158.3 155.8 153.6 150.1 147 144.6 144.6 144.6 144.6 144.6 144.6 144.6 144.6 144.6 144.6 144.6 144.6 144.6 144.6 144.6 144.6 144.6 144.6 144.6 144.6 150.2 158.2 163.6 172 178.8 183.2 186.7 189.6 192.2 195.1 198.2 202.6 205.7 211.6 221.5 234.2 250.8 263.5 272.5 276.3 281.3 287.6 294.6 304.6 316.1 327.3 332.3 338.4 347 357.2 367.3 370.6 369.4 368.3 363.5 361.7 363.8 363.7 361.7 360.8 360.3 358.2 357.5 355.9 354
159.5 159.8 159.5 160.1 159.6 160.7 163.2 161.6 156.8 154.9 153.4 150.9 146.4 144.6 144.6 144.6 144.6 144.6 144.6 144.6 144.6 144.6 144.6 144.6 144.6 144.6 144.6 144.6 144.6 144.6 144.6 144.6 144.6 152.4 159 166.2 172.9 180 185.7 188.6 192.8 195.8 198.5 201.4 205.7 209.4 218.8 232 246.8 263.1 272.6 280.8 285.3 291.5 298.4 304.1 314.2 327.7 337.3 344 352.5 361 371 376.7 376.3 376.2 372 369 360.4 367.5 366.6 365.1 363.9 363.5 361.9 360.3 357.1 355.9
160.5 160.1 159.8 159.8 161.1 166.1 166.5 161.3 158.3 158.8 157 150.4 145.2 144.6 144.6 144.6 144.6 144.6 144.6 144.6 144.6 144.6 144.6 144.6 144.6 144.6 144.6 144.6 144.6 144.6 144.6 144.6 147.2 153.8 161.8 168.5 174.7 179.1 184.4 189.8 194.9 199.2 201.9 205.4 210.9 216.6 229.3 243.9 257.5 272.6 280.8 287.4 293.8 299.1 306.7 315.4 327.7 342.6 353 361.7 370.4 376.1 385.4 385.6 383 381.2 376.3 366.8 370.2 371.4 369.9 368.6 367.3 366.5 365.1 364.3 359.3 358.1
162.4 161.1 160.5 160.8 165.6 168.3 165.4 159.8 160.9 160.3 155.3 150 145.1 144.6 144.6 144.6 144.6 144.6 144.6 144.6 144.6 144.6 144.6 144.6 144.6 144.6 144.6 144.6 144.6 144.6 144.6 144.7 153.2 159 164.6 170.2 175.6 180.1 185 190.8 196.6 202.1 205.7 209.9 215.8 224.9 242.1 256.4 271.3 280.4 286.3 293.7 300.1 308 315.3 328.3 343.2 363.6 372.8 384.2 392.4 391 393.1 391.5 389.1 384.9 378.5 374.3 376 374.9 373.3 372 370.4 368.6 366.7 364.3 361.9 360.3
167 163.6 161.3 162.6 167.6 167.2 161.9 161.2 161 157.5 152 145.1 144.6 144.6 144.6 144.6 144.6 144.6 144.6 144.6 144.6 144.6 144.6 144.6 144.6 144.6 144.6 144.6 144.6 144.6 144.6 151.8 162.4 164.7 167.4 172.2 177.1 182.1 186.9 191.2 198.3 204.1 209.1 214.2 223.6 241 255.9 269.6 278.8 285.6 293.5 302 309.4 317.1 329.8 343.4 367.7 382.5 400.4 414.9 406.3 401.1 399.8 397.3 391.9 387.3 378.9 380.5 380.6 378.8 377.5 375.8 373.7 370.9 368.1 366.2 365.2 363.9
170 165.9 162.3 163.4 164.4 161.7 159.6 160.3 158 153.6 146.3 144.6 144.6 144.6 144.6 144.6 144.6 144.6 144.6 144.6 144.6 144.6 144.6 144.6 144.6 144.6 144.6 144.6 146.5 147.2 148.4 159.3 165 168.1 172.5 177.6 182.6 185.4 189.4 194.3 200.6 209 217.9 225.8 240 254.6 266.2 276.2 287.1 295.4 303.7 315.1 325.4 340.7 351.8 372.7 392.7 400.8 418.8 419.9 415.4 410.2 405.9 400.9 395.1 389.7 383.1 385.7 385.2 382.7 382 379.8 378 374.3 368.7 368.7 368.2 367.2
171.6 166.7 161.9 162.3 160 156.8 155 156.1 154.5 148.9 144.6 144.6 144.6 144.6 144.6 144.6 144.6 144.6 144.6 144.6 144.6 144.6 144.6 144.6 144.6 144.6 144.6 147.4 148.1 152.5 157.6 166.4 168.9 174.2 177.3 181.6 184.3 186.9 191.7 197.5 205.7 215.5 226.5 237.4 250.1 264.7 274.1 285.3 296.7 308 320.8 335.2 348.7 361.5 378.1 400.7 412 417.8 423.9 424.1 423.1 416.8 411.4 405.1 399.5 394.9 389.5 389.7 389.3 388.3 388 385.2 381.9 379.5 372.3 371.5 371 369.9
171.5 163.9 161.4 158 154.3 150 149.8 151.5 148.8 144.7 144.6 144.6 144.6 144.6 144.6 144.6 144.6 144.6 144.6 144.6 144.6 144.6 144.6 144.6 144.6 144.6 146.3 148.4 151.5 156.9 163.5 167.7 173.5 177.7 181 183.7 186.9 190 195.8 204 212.5 222.8 236.7 248.1 262.2 274.1 282 297 311.3 326.5 341.5 357.7 372.1 387.9 408.7 419.4 426.4 429.7 428.9 430.7 428.7 422.7 415.7 409.3 404.7 399.4 397.4 394.6 395 394.9 392.8 388.3 385.4 382.6 377.1 374.5 373.6 372.5
165.9 160.3 156.4 152.2 149.4 147.6 145.8 144.6 144.6 144.6 144.6 144.6 144.6 144.6 144.6 144.6 144.6 144.6 144.6 144.6 144.6 144.6 144.6 144.6 144.6 144.6 147.3 148.8 152.6 162.6 168 173.2 180.1 181.5 186.2 188.4 193.7 198.9 205.3 213.3 220.8 230.8 244.8 259.8 276 288.6 299.2 313.7 335.3 352.7 374.4 385.2 405.1 423.8 428.4 432.4 435.5 436.5 434.9 434.9 431.5 426 419.2 414 409.8 403.5 402.9 401.9 402.6 401.4 396.8 392.9 386.7 383.7 380.8 377.9 376.9 375.5
161.8 157.9 155 151.5 149.7 147.4 144.6 144.6 144.6 144.6 144.6 144.6 144.6 144.6 144.6 144.6 144.6 144.6 144.6 144.6 144.6 144.6 144.6 144.6 144.6 147.3 147.5 151.2 158.9 168.8 173.5 178.9 182.2 190.7 193.3 196 202.7 209 215.5 221.6 228 238.8 252.9 274.3 292.3 306.3 319.9 344.6 371.3 389 413.4 423 444.1 438 439.4 441.8 445.2 442.4 440.4 438.5 434.7 429.1 423.4 418.8 410.5 414.1 412 410.4 409 406.2 402.1 396.5 389.6 385.2 383 381.2 380.4 378.8
158.3 155.5 154.2 155.9 151.8 147 144.6 144.6 144.6 144.6 144.6 144.6 144.6 144.6 144.6 144.6 144.6 144.6 144.6 144.6 144.6 144.6 144.6 144.6 145.9 148.8 150.4 155.2 167.7 174.1 181.6 184.6 190.5 198 199.3 204 212.2 218.6 224.8 230.9 236.9 249.1 272.3 308.6 323.6 333.9 349 385.3 406.9 436.9 441.9 446.6 448.2 446.9 449.3 451.1 451.8 448.5 446 442.4 439.1 433.2 428 419.7 425.2 423.2 419.4 417.5 416.8 412.3 406.7 401.2 393.5 388.4 385.9 383.8 382.7 379.8
