ny/ny42_OST50GRID_20230518/NY42.asc
ncols 200
nrows 200
xllcorner 340000
yllcorner 520000
cellsize 50
[rows 105 to 139 of 200, columns 0 to 77 of 200]
387.4 386.6 384.5 384.8 380.8 386.3 388 379.2 368.7 356.4 339.9 316 294.9 277.6 266.2 260.6 254.9 255.6 258.4 254.2 253.1 254.1 254.2 255.4 260.7 268 274.3 282.7 297.9 315.9 335.7 355 371.9 389.4 402.5 409.8 404.8 388.3 375.1 361 344.5 339.1 333.4 334.4 338.5 351.7 365.5 375.7 381.7 378 369.2 357.8 345 339.7 335.8 331.1 326.4 321.8 316.3 311 304.3 297.2 289.2 281 276.5 272.2 265.2 266.2 264 259.5 255.3 250.3 244.9 246.8 247.4 245.5 239.8 238.6
375.3 372.5 372.2 371.1 367.2 367.8 368.2 361.9 354 342 325.1 307.3 287.7 270.4 260.2 255.6 255.2 261.1 259.4 254 253.2 255.5 255.3 257.2 261.9 267.9 274.2 284.3 298.9 319.5 337.9 358.5 376.8 394.1 407.5 415 408.3 391.4 382.4 365.2 347.4 344 342.2 341.4 347 359.9 373.3 383.2 387.9 383.4 375 363.5 351.2 345.1 340.9 335.5 329.9 324.1 317.8 310.6 304.9 299 288.8 282.2 278.3 272.4 266.2 266.6 264.1 259.4 254.5 249.1 246.6 246.6 247.7 245.3 240 238.4
361.8 359 356.8 358.3 355.5 349.9 347 339.9 333.1 325 307.4 293 277.2 265.7 258.8 256 258.5 263.1 258.2 253.8 253.8 255.7 254.3 257.2 262.1 268.3 274.6 285 302.6 323.8 342.4 362.1 382.1 397.8 411 416.3 410.8 398 386.2 367.7 351.3 348.4 347.3 346.4 356.2 368.8 382.4 390.5 393 389.7 380.9 369.3 357.5 350.9 346.3 340.3 334.5 328.5 320.5 311.6 305.1 298.9 289.4 283.8 279.4 272.4 267.2 265.9 263.7 259.1 252.6 249.4 246.9 247.8 248 245.3 240.4 237.7
350.4 350.8 346.3 341.2 338.9 335.9 327.8 318 314.6 305.4 290.7 282 271.6 263.7 257 256.8 262.1 263.7 255.1 254.2 253.8 254.7 253.9 255.1 262.2 269.5 276.5 285.8 307.5 329.4 348.3 365.8 386 402.7 414.9 419.8 409.2 405.6 391.7 374.5 357.2 352.4 351.7 353.2 366 377.8 391 398.2 398.3 396 387.5 375.5 365.4 358.8 354.8 351 344 335.6 324.9 312.9 305 298.3 290.5 285.2 280.9 273.7 268 264.3 260.4 256 252.4 250 248.2 249.3 249 246.6 241.4 237.9
345.1 343.4 340.8 335 330.3 324.4 316.6 307 299.8 293.1 286.4 279.8 269.6 261.3 256.4 257.3 263.4 261.5 254.1 253.4 253.6 254 253.9 255 261.4 270.2 278.9 292.9 315.4 335.3 354.1 373.2 391.7 408.2 420.1 423.5 417.7 412.1 398.3 379.9 363.6 357.2 356.3 363.8 376.6 389.6 402.7 407.6 407.2 403.8 395.2 384.1 376.8 372.8 367.8 361.7 352.8 341.8 328.3 319.8 307.8 298.1 290.5 285.6 281.1 273.9 268.4 265.5 260.7 258 254.9 251.1 250.7 251.7 251.9 249.5 243.1 238.1
337.3 339.6 337.1 334 326.3 317.8 311.4 302.9 295.7 286.8 281 275.6 266.8 259.2 256.4 258.2 264.2 258 254.3 254.1 253.4 253.7 254 255.1 262.4 270.5 281.6 297.7 322 342.5 361.3 381.9 399.1 414.6 426.5 429.3 428.3 418.1 405.4 389 371 363.6 362.1 374.5 388.8 402.6 414.2 417.9 418.8 415 408.3 400.9 394.5 386.5 378.9 370.2 359.7 347.7 331.6 318.8 307.6 298.3 289.9 285.3 280 273.7 271 266.9 263.6 259.1 255.3 252.6 253.6 254.4 254.6 252.3 245.1 238.9
328.7 331.3 328.8 324.7 316.4 310.7 303.9 294.8 287.2 280.8 275.3 270.8 264.7 257.9 256.9 261.3 264.3 256.7 253.9 254.3 253.9 253.9 254.4 256.5 263.4 272.5 284 302.6 328 348.6 368 388.4 405.6 421.2 431.9 430.3 434.3 425.4 412.2 396.6 377.9 371 370 387 402.8 417.7 427.5 430.8 431.8 428.3 423.1 415.8 408.3 398.5 387 376.6 365.4 352.8 333.8 320.7 308.9 298.1 289.3 284.4 279.4 276.1 272.8 269.6 265.9 260.4 255.7 256.2 256.6 257 257.4 254.2 247.8 241.4
318.2 316.8 315.5 311.1 307.3 301.5 295.4 287.9 279.4 273.8 270.3 267.4 261.3 257.5 258.3 263.6 262.3 256.1 254.6 253.7 254.1 254.2 254.9 256.5 264.5 276.3 289.6 308.7 332.5 353.8 373 394.4 411.8 426.9 436.6 433.4 439.2 431.7 418.4 404.3 386.1 379.6 385.9 402.8 418.4 432.1 440.6 444.3 444.2 440.8 434.9 427.4 418 406.6 394.2 381.2 366.9 354.6 336.5 320.9 308.6 298.3 289.4 284.4 280.4 277.8 273.2 269.7 264.6 261 256.5 259 259.5 259.7 259.5 255.9 249.8 243.9
309.5 307.4 303.1 299.5 294.7 289.6 285.6 277.1 272.5 265.3 264.4 262.5 259 257.7 262.1 264.5 260.6 255.4 254.8 254.3 254.4 254.6 255.3 257.2 265.9 278.4 294.7 313.8 335.7 357.8 375.9 397.4 414.5 428.8 433.8 443.8 444.6 437.6 427.9 416 397.1 391.4 405 419.6 434.2 445.7 453.5 457 455.7 450.6 445.4 440.1 431.6 413.7 396.8 382.8 368 354.4 337.8 321 307 297.7 290.2 284.9 281.2 278 274.8 270.7 265.9 262.2 258.1 260.2 260.9 262.1 261.5 257.5 251.5 245.1
298.4 301.2 297.3 292.4 283.5 275 271.3 267 265.3 260.9 259.4 258.7 258.3 258.8 262.5 261.9 257.9 255.4 254.9 255.1 254.5 254.5 256.2 260.3 269.1 282.9 297.9 315.3 332.7 357.1 374.4 395.7 412 423.3 435.8 448.4 448.4 445.1 437.5 425.7 407.1 409.6 424.8 437 448.3 458.3 465.7 467.5 466.4 464.1 458.4 451.7 440.9 424.8 397.2 383 368.3 354.1 337.4 318.7 305.3 296.8 290.6 285.5 282 279.7 276.7 270.8 266.1 261.6 259.8 261.3 262.6 264 263.2 259.2 253.4 248.3
297.2 289.3 290.8 285.5 276.7 268.8 264.5 262.4 260.5 259.9 259.3 259.3 261.5 261.7 259 258.3 255.7 255.7 254.9 254.5 254.5 255.9 257.4 262.9 272.3 283.3 301 319.2 337.1 358.2 372.6 391.2 406.9 423.5 435.6 443.8 449.8 448.5 443.5 434.9 421.3 428.6 442.3 453.3 462.4 470.7 475.3 476.7 475.9 472.5 466.4 457.3 447.2 429.5 398.9 382.8 367.8 353.1 334.9 315.9 304.8 298.6 291.5 286.7 282.5 279.9 276.9 269.9 265.5 261.9 260.7 262 264.6 266.1 265.1 261 255.2 249.8
293.1 286.7 285.4 282.2 275.1 271.8 265.2 262.6 261 260.8 259.8 260.1 264.3 262.9 257.5 256.8 256 255.7 255.3 256.3 256.3 256.9 260.1 266.1 275.3 283.7 296.7 314.3 337.2 357.2 372.8 388.5 404.2 418.6 432.3 439.7 447.7 451.3 447.4 440.3 434.3 445.9 455.9 466.5 475.3 482 486.2 486.5 483.3 477.8 471.9 461.8 451.5 431.1 399.1 380.5 366.2 352.3 334.1 316.3 306.1 299.4 291.7 287.5 282 279.5 277.3 273.6 267.8 262.5 261.2 264.1 267 268.7 268.9 264.1 258.3 252.3
288 282 277.8 276.4 272.3 270.4 265.6 263.1 262 261.2 260.7 261.3 265.3 262.4 257 256.2 255.9 255.7 256.2 259.2 259.4 258.5 263.3 268.6 277.1 287.7 298.8 308.4 327.5 351.5 365.5 381.6 399.1 412.6 425.4 433.4 439.7 447 446.8 448.5 445.8 456.1 466.6 476.6 485.9 492.5 495.3 493.8 489.7 482.7 474.4 466.2 452.9 429.8 397.9 377.4 364.7 350.3 334.5 315.2 307.3 298.6 292.4 288 282.6 281.6 279 275.1 269.2 263.4 263.2 266.4 269.5 271.8 272.3 266.9 261 255.1
283 277 272.2 270.4 269.6 267.2 265.3 263.7 263 264.4 264.5 264 265.3 261 256.9 256.3 255.9 255.8 257.7 263.4 261.3 262.9 267.3 272 279.4 290.8 299.7 305.2 326.7 349.4 365.7 377.3 391.3 404.2 415.4 424.6 428.9 435 440.4 450.6 454.9 462.6 474.1 484.8 494 500.2 502 498.9 493 485.4 476.6 468.1 452.4 431.3 401.3 374.9 360.8 348.4 330 315 305 297.7 291.9 287.7 284.7 283.3 281.4 276.7 270.6 263.8 265.5 268.6 271.6 273.6 276.2 272.4 262.6 256.6
276.8 272.9 271 269.5 268.1 265.8 267.4 268.5 269.4 270.4 268.1 265.9 264.2 260.5 256.9 256.5 256.1 256.4 260.4 265.9 264.4 265.9 269.7 274.3 281.5 292.7 302.1 306.2 326.1 345.5 363.9 376.5 384.9 399.5 408.7 416.6 422.6 428.7 435.9 445.6 454.1 460.6 474.5 486.9 497.6 504.2 504.8 500.4 495.4 486.3 479.2 468.1 452.5 433 404.2 375.7 360.4 346 323 313.1 302.6 297 292.1 287.7 285 285.5 282.9 277.8 272.8 266.1 267.2 271.1 273.2 274.9 278.9 278 267.4 259.1
277.5 278 276.8 275.1 272.3 273.6 275.5 275 276 273.5 269.8 264.9 261.4 257.9 256.2 257 256.6 257.5 263.7 268 265.7 267.4 271.3 276.5 283.8 293.3 302.3 308.4 319.6 339.7 352.3 370.3 380.2 387.7 398.4 408.2 416.1 421.5 429.3 438.6 448.5 456 469.8 483.1 495.1 501.9 503.8 500.7 495.3 487.4 479.4 467.1 449.7 429.4 403.1 378.3 356.2 342.9 320.2 308.5 301.4 296 291.3 287.2 285.9 287 284.5 278.8 272.9 267.5 268.4 272.1 274.6 276.8 282.8 283.5 275.2 262.2
286.7 287 282 282.9 282.1 282.9 282.4 281 277.7 272.3 267.4 261.9 258.8 256.8 256.8 257.2 256.7 258 265.6 267.8 266.6 267.2 270.5 275.8 281.5 288.5 297.8 306.4 313.5 329 341.8 358.5 368.5 378 385.4 394.4 404.5 412.8 419.6 425.7 437.8 446.5 461.5 474.6 485 493.1 497.5 496.4 493 485.6 476.2 460.5 443.1 423.2 398.2 375.3 352.9 338.8 320.2 306.6 299.5 294.2 289.8 287.2 286.7 287.7 284.1 277.9 272.1 268 268.6 272.3 275.6 279.6 286.1 287.2 281.8 267.9
293.1 289 286 285.5 287.8 287.7 285.4 283.3 276.6 270 264.4 260.4 257 256.9 256.9 257.3 256.5 259.4 267.6 268.6 267.5 267.2 268.5 272.1 275.8 281.9 292.8 302 306.8 314.5 327.2 334.8 345.3 359.5 369.2 379.2 387.5 398.3 408.6 414.8 424.4 433.7 447.6 462.9 474.1 481.8 485.5 485 482.7 476.8 465 448.8 431.9 416.7 391.7 369.8 348.7 332.6 315 305.3 297.6 292.7 288.1 286.4 285.9 284.7 281.4 276.3 271.6 267.6 269.3 275.1 276.8 280.5 286.1 286.2 281.7 270.6
294 286.5 287.8 286.7 286.7 283.8 282.3 279.8 273.3 267.1 261.8 258.2 257.3 257.2 257.1 257.9 257 260.5 266.4 268.7 266.8 267.1 268.2 269.8 271.5 273.6 276.7 284 288.3 295.1 301 305.2 316.2 335.5 351.6 360.3 370.1 380.5 391.3 402.3 412.3 422.6 433.2 446.8 459 467.4 471 471.6 467.2 459.5 448.8 436.1 421.9 403.9 381.6 362.3 341 327.3 313.8 303.8 295.9 291.4 286.9 285.1 284.6 282.7 279.1 274.2 270.3 268.1 269.7 275.6 276.6 278.2 282.2 279.7 274.9 270.4
293 286.8 285.9 283.3 280.5 278.1 275.5 272.4 267.7 263 258.9 258.2 257.7 257.5 257.4 258.3 257.3 261 267 268.2 266.2 267.1 268.3 270.1 272 274.2 276.2 278.5 280.4 284 290.7 298.1 305.6 315.3 327.3 337.2 348.4 360.9 374.4 386.9 396.5 407.7 420 430 441.9 448.7 452.4 452.2 448.1 440.2 430.8 419 406.5 388.7 370.2 349.9 335.9 322.8 306.6 302.8 295.4 290 285.5 283.8 282.1 278.7 274.7 272 268.7 267.4 267.6 270.7 272.6 272.1 270.6 269.1 267.8 266.7
290.8 286.8 282.4 277.9 275.1 272.4 269.5 266 262.7 260.8 259 258.5 258 257.9 259.4 258.5 257.9 263.1 270.2 268.4 266.1 267.1 268.6 271.3 273.6 276.5 280.7 283.4 288.3 290.9 289.4 291.5 298.8 306.3 314.2 321.8 328.5 335.3 347.4 373.3 384.1 395.4 405.4 417.2 428 431.5 431.1 429.1 423.8 415.1 405 393.5 383.3 369.5 353.4 335.1 323.1 312.9 303 301.6 294.5 287.8 282 279.8 278 275.1 270.9 269 266.7 264.9 266 264.7 265.4 265.7 266.3 264.5 263.1 260.5
291.2 285 279.5 274.4 270.4 267.4 264.2 262.7 260.8 259.8 259.2 258.8 260.8 265.1 264.8 260.6 258.3 263.9 270.9 269 266.2 268.4 270.1 273.6 277.6 280.1 283.8 288.3 291.1 295.6 299 297.8 298.2 307.5 315.2 322.1 326.9 334.7 342.3 354.1 372.7 386.5 394.2 404.9 410.6 412.2 410.7 407 399.4 388.4 372.4 355 353.5 341.2 329.2 320 306.9 301.9 297.4 294.4 291.1 285.7 280.5 276.2 272.1 269.7 264.5 261.6 261.9 261 260.1 260.7 261.9 261.2 258.7 254.3 250.8 247.8
287.9 283.8 277 272.2 266.9 264 262.8 261.2 260.3 261.5 263.6 265.3 267.8 270.4 268 263.3 259.8 263.6 267.3 266.2 266.3 268.2 272.1 275.9 277.6 281.5 285.1 290.3 295 298.3 302.7 307.5 306.1 305.4 314 320.3 327.8 334.3 344.2 357.4 370.5 377.4 383.4 390 392.9 394.8 394 387.6 379.8 362.7 351.1 339.8 330.6 318.7 309.2 300.3 295.1 293.8 292 290 287.3 283.4 279.8 275.6 271 265.6 260 256 255.4 256.1 253.4 248.3 247 248.5 244.8 245.9 244.2 234.6
282.2 279.3 274 267.8 264.6 263.8 262.7 262.5 265.1 268.1 271.1 268.5 272.8 273.7 270.2 264.4 260.6 261.9 263.6 264.7 266 269.4 273.4 276.9 279.6 282.9 287.4 290.8 296.3 301.3 305.7 310.2 314.1 309.7 311.5 318.1 324.8 336.2 347.8 359.1 366.7 370.7 376.8 382.1 384.3 387.9 387.5 381 373.4 361.9 351.5 334.3 322.8 315.1 306.1 296.9 293.5 291.3 290.2 288.9 285.6 282.9 281.2 275.2 270.4 266 260.3 254.5 248.2 246.8 243.1 237.9 235.1 234.4 235.2 233.2 229.6 228.2
277.7 274.2 267.5 266.5 268.8 268.4 268.3 270.2 272.2 272.9 274.7 268.9 273.9 273.7 269.1 262.6 260.7 261.6 262.5 264 267.1 271.1 275.7 279.2 283.3 288.8 292.2 297.1 300.9 305.4 308.8 313.1 317.1 319.7 316.9 321.3 328.9 339 345.9 352.1 357.2 361.6 366.8 373.4 376.8 381.8 382.4 382.1 379.3 370.1 358.7 341.9 320.4 309.7 302.7 298.1 295.2 292 291.7 290.5 285.7 283.4 281.4 274.6 269.5 264.9 259.4 252.7 246.7 242.2 239 236.2 234 231.8 231.6 229.2 230.1 228.5
271.7 269.3 273.6 275.7 275.1 275.8 276.7 276 275.9 277.4 275.5 268.8 270.4 269.8 264.7 260.3 260.6 261.3 262.4 264.9 267.7 271.2 278.1 283.5 289.1 293.6 297.2 301.3 305.7 309.8 313.6 316.8 319.5 322.7 324.6 325.1 326.5 334.3 335.6 342.2 346.6 353.6 361 369 373.5 376.2 380.2 385.7 387.7 389.7 374.3 351.7 332.2 316.9 309.4 302.9 298.9 295.7 295.3 292.7 286.6 284.8 281.3 274.2 268.1 262.9 258.6 251.3 247.9 243.7 238.7 235.7 234.2 233.5 234.6 232.9 234.5 234.9
269 276.4 281 280.4 279.6 281.2 280.3 278.5 277 279.3 276 267.2 263.5 263.2 260.8 260.3 260.3 261.4 262.6 265.3 267.6 272.9 280.1 283.6 292.2 298.8 301.5 305.8 308.9 313 316.6 320.1 323.1 326.6 329.1 330.6 330.6 336.7 341.6 345.7 349.3 353.5 358.9 364.5 369.4 373.8 379.9 387.9 398.1 400.6 394.6 376.6 349.9 330.5 320 308.9 302.2 300.3 298.3 294.1 288.4 286 280.3 272 265.5 260.4 256.8 252.2 248.3 243.1 238.2 235.3 234 235.5 235.7 235.5 236.9 235.5
270.7 275.3 279.5 280.5 283 283.7 280.7 279.2 280.3 281.3 276.7 267.8 263.1 260.5 260.3 260.1 260.2 260.9 264.1 268.8 272.2 278.9 283.5 291 296 300.5 306.4 309.2 314.1 318.6 320 323.5 326.6 330.1 332.6 334.6 335.2 337.5 343.7 347.4 352.8 357.6 360.9 362.5 366.9 373.8 383.2 394.9 408.1 410.7 406.9 391.2 367.4 348.7 333.8 318.6 310.4 306.5 301.5 295 288.5 285 277.9 269.1 263.2 258.7 255.5 252.2 247.8 242.8 238.5 235.6 235.8 237.3 237 237.6 236.7 234
272.2 271.8 274 276.8 281 280.7 277.8 281.2 285.3 285.9 279.2 271.3 262.9 260.4 260.5 260.7 260.5 261.1 263.9 270.7 276.4 282.1 289 295 301 305.2 306.8 313.8 318.9 322.1 323.8 326.2 329.3 333 336.3 338.7 340.9 344 343.6 349.9 355.1 360.8 364.8 364.5 367.1 374.2 387 400.1 412.7 415.7 414.5 406.2 391.8 371.9 351.1 340.4 323.9 314.1 304.1 294.3 286.1 280.7 274 265.8 260.3 257 255.3 251.3 246.4 241.9 238.2 236.4 237.4 238.4 238.2 237.2 234.6 232.1
277.6 274.1 273.4 274.6 276.6 279.7 283.4 287.3 290 288.7 281.7 274.7 266.1 262.2 261.5 260.7 260.7 261.7 263.9 270.2 279.4 286.5 292.7 300 305.5 308.9 314.4 315.2 322.9 323.7 327 329.4 332.5 336.2 339.8 342.5 345.4 348.8 351.2 352.2 357.3 362.8 366.1 367.6 371.2 375.9 387.9 402.2 411.6 415 410.4 409.8 396.1 391.7 373.8 358.1 342.3 326 309.5 292.7 281.4 274.2 268.4 262.9 258.8 257.6 256 251.1 245.9 241.4 238.1 237.3 238.4 237.8 237 235.3 232.9 230.4
279.9 279.9 281.3 281.8 283.7 286.2 290.2 293.3 294.7 291.8 285.1 276.4 268.5 265.6 261.2 261.1 261.2 263.2 267.7 274.1 282.5 292 299 306.3 313.7 315.2 320.6 323.3 325.3 327.5 329.5 332.2 335.4 339.7 344.6 348.5 351.9 355.3 356.3 356.1 357.8 362.5 366.7 370.6 376.4 381.3 386.7 395.9 404.3 409.3 405.2 402.2 395.7 394.4 386.5 372.5 357.9 342.9 315.8 289.4 274.6 268.2 263.1 260.1 259.3 257.9 255.5 250.8 244.8 240.1 236.7 235.7 236.4 236.2 236.6 233.5 230.9 227.7
280.9 282.9 286.1 287.4 286.7 288.7 292.6 295.7 296.8 292.4 285.7 276.1 269.2 264.7 261.3 261.5 261.7 266.8 273.8 280.2 288.5 297.7 303.9 311 319.3 323.9 325.6 327 328.4 331.2 333 335.9 339.2 343.6 347.6 352.5 356.2 358.6 359.9 359.3 359 363.1 368 371.9 380.9 388 394.4 394.9 398.1 399.2 399.2 395.9 393.3 384.2 385.5 380.9 369.1 354.8 327.8 286 266.7 261.7 259.2 258.3 258.8 257.7 254.8 250.1 243.4 238.8 234.8 232.9 232.8 234.5 235.4 231.9 228 224.8
280.6 283.7 286.7 287.6 288 289.6 293.4 296.2 295.5 291.2 283.9 275 268.7 264.1 261.7 261.7 262.1 265.6 275.5 283.7 291.3 298.7 306.2 314.6 323.3 328.2 329 329.9 331.9 333.9 336.4 339.4 343.1 350.3 351.8 356.5 360.7 361.8 363.3 363.1 361.8 365.5 372 375.6 385.7 393.9 398.2 397.7 398.9 397.6 394.8 384.4 385.3 377.9 372 366.6 369.6 351.7 313.2 275.9 258.1 255.7 256.1 257.3 258.3 256.8 253.3 248.4 241.9 237.7 233.9 231.4 230.1 227.6 230.8 225.6 220.5 218.6
279.9 282.8 285.7 287 287.9 289.8 293.1 294.9 294 288.9 281.2 272.3 266.6 262.5 261.8 262 262.8 266.3 276 284.5 292.9 302.1 311.5 318.9 325.7 329.9 330.9 331.5 335.7 337.5 339.4 342.2 347.4 357.9 361.4 362.5 364.9 366 366.9 366.7 365.6 368.5 374.6 378.5 389.5 401.2 400.7 397.4 397.3 395.2 392.7 381.4 376.9 368.9 361.7 359.5 355.9 332.1 300 266.4 253.3 250.8 254.1 256.9 257.4 254.9 251.7 246.5 240.7 237.3 234.6 233.3 231.4 229.2 223.4 219.9 218.1 213.8
279.9 282.4 284.8 287.1 288.3 291.2 293.7 295 291.5 285.9 280 270.3 264.9 262.1 262.2 262.7 263.5 267.2 276.2 286.6 297.4 307.3 315.6 323.2 328.4 332.3 334.5 337 339.8 341.4 343.8 347.1 352.6 362.9 366.8 367.2 367.5 369.1 369.5 369.1 368.9 369.3 374.6 380.3 390.5 399.5 402.9 398.8 394 389.7 386.4 381.1 374.8 369.7 359.7 350.4 337.7 319 285 255.2 247.6 248.4 251.4 254.3 254.3 252.3 249.3 245.6 242.2 238.3 235.9 234.1 232.3 229.9 226.1 222.3 218.3 214
