ny/ny42_OST50GRID_20230518/NY42.asc
ncols 200
nrows 200
xllcorner 340000
yllcorner 520000
cellsize 50
[rows 0 to 34 of 200, columns 0 to 77 of 200]
326.8 325.4 325.5 323.5 322.9 323.2 322.3 321 318.9 316.5 314.5 313.6 312.5 312.5 312.5 311.5 309.5 306.9 303.1 300.1 296.2 292.5 288.8 286.1 285.3 284 285.2 284.8 280.5 276.6 273.5 271.2 270.5 271.1 271.8 272.5 272.7 272.5 270.3 268.3 266.1 264.7 264 262.5 259.2 255.5 252.8 251.5 252 252.9 254.5 254.9 253.1 251.4 250.3 249.6 249.1 247.5 247.4 248.2 247.5 244.2 242.2 239.3 234.7 230.4 233 232.6 231 228.2 223.8 219.6 215.9 214.3 212.9 211.4 209 207.3
326.4 324.2 323.7 323 323.6 324.1 322.7 320 318.3 316.2 314.3 313 311.5 310.2 312 311.4 308.8 306.2 302.5 299 294 289.5 286.3 283.9 281.1 278.6 281.2 282 277.4 273.5 271.1 270.2 269.9 270.4 271.1 271.7 272.3 272.7 271.7 269.8 267.9 266 264.5 263.2 260.3 256.7 254 252.8 253.7 254.6 255.6 256 255 253.7 252.4 251.9 251.5 249.8 248.7 249 248.8 246.1 242 235.2 236.1 236.1 235.3 234 232.6 228.8 223.3 218.9 216.5 214.9 213.4 211.3 208.9 206.8
325.6 323.4 323.6 322.5 323 324.4 324.3 321.1 319 317 316 315 313.2 312.9 313.7 312.9 310.4 307.6 303.4 300.2 295.7 290.7 287.6 284.9 280.4 278.3 276 276.4 274.9 271.6 270.4 269.4 269.4 269.9 270.6 271.3 271.9 272.8 272.7 271.2 269.3 266.6 265 264.7 261.8 258.3 255.3 254.3 255.2 256 257.1 257.8 257.4 256 254.6 253.7 253 252 250.8 250.8 250.4 247.4 239.3 240.5 243.2 240.4 237.6 236.2 233.3 228.9 223 219.5 216.8 215.3 213.2 209.9 208.4 205.7
325.6 323.2 323.1 323.6 322.4 325.3 325.4 322 319.2 317.6 317.2 317.2 313.8 313.5 315 314 312.2 309.3 304.4 300.9 296.6 293.4 290.2 286.2 282.5 279.7 277.2 274.3 272.7 270.6 269.6 268.7 268.8 269.8 270.8 271.5 272.4 273.3 273.1 272 270.5 268 266.1 266.3 263.1 260.3 257.7 256.1 256.5 257.4 258.4 259.3 259.1 258.5 256.9 255.7 254.8 253.7 253 253.6 252.1 246.4 243.5 246 246.6 242.7 240 237.8 234.9 231 225.7 220 217.4 215.6 213.1 211 208.3 205.9
325.1 323.4 323.1 323.4 321.1 327.8 326.4 323.5 320 318.9 319.7 319.7 316.5 314.3 316.1 314.8 312.4 310 305.8 301.8 297.6 294.6 292 287.6 283 280.4 278 276.1 274 270.1 268.7 268.3 268.2 269.2 270.4 271.7 272.8 273.8 273.4 272.5 271.9 269.2 268.5 268.9 265.5 262.8 260.4 258.5 258.4 259 259.9 260.7 261.5 260.9 259.2 257.5 255.7 255.1 255.2 255.4 252.2 247.7 249.5 250.9 249.6 245 242 240 237.4 232.5 226.8 219.7 217.4 214.9 212.9 211.1 209 206.6
323.8 320.7 320.7 320.2 317.2 322 328 325.3 321.6 319.9 321.5 321.2 318 313.9 315.1 314.3 312.3 309.4 306.7 302.9 298.5 295 292.7 287.9 283.6 280.7 278.5 275.3 273.4 270.1 268.1 268 267.9 268.4 269.6 271.2 272.3 274 274.5 274.1 273.6 271.5 271 270.4 267.4 265.5 263.1 261.1 260.4 261 262.3 263.1 263.7 263.5 261.6 258.9 257 256.8 256.2 255.7 251 252 254.7 255.5 252.1 247.5 244.3 242.1 238.9 234 227.8 220.2 218.1 214.6 211.8 210.8 209.2 207.7
322.3 319.2 316.8 314.3 313.5 316.7 319.8 321.5 321.4 320.3 323.1 321.8 319.1 314.9 312.3 311.8 310.4 307.5 304.1 302.1 298.5 294.8 292.4 287.2 283.6 282 278.4 275.6 272.6 268.7 268 267.8 267.7 268.2 269.4 270.8 272.2 274.3 275 275.6 274.5 272.4 271.4 270.8 269.2 267.6 265.5 263.7 262.3 262.7 264.8 265.8 266.9 266 264.3 262.3 259.9 258.5 257.4 256.8 253.9 257.8 260.2 258.1 254.5 250 246.9 243 239.6 234.1 227.5 220.5 216.8 213.9 211.9 210.5 209.2 207.5
319.4 317.8 315.2 313 310.9 311.2 312.8 316 317.7 317.9 319.3 321.2 318.9 315.2 312.3 309.2 305.2 303.5 300.9 299 296.3 294.5 291.4 285.7 283 282.2 278.8 276.6 271.7 268.6 268.5 267.8 267.6 267.9 269.4 270.7 271.9 274 275.5 277.5 275.2 272.9 271.9 271.1 270.6 269.4 267.8 266.1 264.7 265.8 267.4 269 269.6 268.7 267.1 265.1 263.1 260.9 259.1 258 257.2 261.6 263.4 261 256.8 252.5 249.2 245.1 240.3 235.1 227.9 220.2 216.6 214.1 212.4 210.6 209.3 207.3
316.6 313.3 312 309.9 308.7 305.8 307.3 311.6 313.7 314.6 315 316.6 319 316.5 312.6 309.3 305.1 301.1 298.7 296.1 293.8 292.2 289.2 284.3 280.9 280 278 275.6 269.3 267.9 268.6 268.5 267.7 267.9 269.2 270.5 271.6 273.6 275.7 278.1 275.8 273.5 272.5 272.2 271.6 271 269.7 268.1 268.2 269 269.9 271.7 272.5 271.5 270.4 268.6 266.5 263.8 260.8 257.8 260.8 265.3 266.1 264 260.1 255.7 252.4 247.5 243.4 236.9 227 221.3 216.8 214.7 213.2 212.2 210 207.8
311.9 308.8 304.9 304.4 305 303.4 303.5 307.8 308.8 309.3 310.5 311.2 312.8 313.9 313.5 308.4 303.6 300 297.3 293.7 290.8 288.6 285.4 281.2 277.4 277.2 276 273.3 268.1 267.1 267.7 268.1 267.7 268 268.9 270.1 271.1 273 275.5 278 275.9 274 274 273.6 273.9 273.7 272.7 270.8 270.6 271.3 272.3 274.2 275 274.5 273.4 272 269.8 266.4 262.4 258.3 263.7 267.4 268.4 267.2 263.1 258.4 254.3 249.5 244.2 236.9 227.7 221.3 216.2 214.7 212.7 211.8 210.4 208.7
308 304.9 301.1 298.9 299.7 300.2 299.7 303.5 305.2 305.3 305.3 306.7 307.1 308.5 309.6 306.6 302.2 297.5 294.4 291.7 287.8 284.4 280.9 277.9 274.6 273.5 271.6 269.1 266.8 266.3 266.6 267.1 267.5 268.2 269.2 270 271 272.7 276.1 278.4 276.5 275 275.1 275.4 275.9 276.1 275.8 273.7 273 273.5 274.8 276.7 277.2 276.7 276.4 275.3 272.5 268.6 263.3 265.4 267.6 269.4 270.3 269.1 265.1 259.7 255.3 251 245.2 237.8 227.6 221.7 217.4 217.3 214.3 212.1 211.3 209.3
301.5 297.1 293.5 295.1 297.8 299.1 296.1 297.8 300.1 301.1 301.8 301 301.6 302.5 302.1 303.7 298 296 290.9 288.3 285.9 282.3 279.8 276 273.4 270.5 268.3 267.2 266.5 265.9 265.7 265.9 267 268.3 269.2 269.9 270.7 272.2 276.6 279.6 277.1 276.1 276.3 276.5 276.9 277.4 277.3 275.7 275.1 275.1 277 278.5 278.5 278.4 278.6 277.4 273.8 269.6 265.2 267 268.8 270.8 271.7 269.2 264.9 259.7 255.2 251.2 245.5 235.9 227 221.7 220.3 218.1 214.3 212.7 211.5 209.1
297 294.1 292.3 293.5 297.3 300.2 295.8 293.6 294.8 296.2 298.2 295.3 296.3 296 295.2 294.2 293.2 289 287.9 285.6 283.2 281.2 279.6 277.2 273.7 270 268.5 267.4 266.6 265.7 265.6 265.5 266.7 268 269.1 269.9 270.5 271.3 275.9 278.9 277.5 277.4 277.1 277 277.4 278.4 278.2 277 276.6 276.3 278.3 279.6 280.2 280.5 280.5 278.5 274 268.4 266.8 268.1 269.6 271 271.3 268.1 263.9 259 254.7 250.9 245 235.6 229 222.9 222.3 218.4 214.4 213.9 211 208.9
293.1 291.9 291.3 292.1 296.5 299.2 297 293 291 292.9 294.8 290.8 289 290.6 289.7 288.3 288.2 286.7 284.3 283.2 281.4 280.4 279.5 276.8 273.2 270.3 268.3 267 266.1 265.6 265.4 265.2 266.4 267.7 268.9 269.8 270.2 270.7 274.9 276.9 276.7 276.9 276.9 276.9 278.3 279.5 279 277.9 277.4 277.2 278 279.2 280.7 281.2 281.4 277.7 270.8 268.4 268.7 269.4 269.9 270.8 269.7 266.1 262.1 257.3 253.1 249.9 245.5 234.8 228.6 225.3 223.9 218.1 215.6 213.5 210.7 209.8
290.6 290.4 290.3 291.6 295.9 299 297 293.4 290.3 289.5 291 289.4 285.3 285.2 285.9 285.7 287.5 284.7 282.4 281.1 280.2 280.2 278.3 275 272.1 269 267.4 266.5 265.8 265.5 265.3 265.1 266.1 267.3 268.9 270.2 270.5 270.7 275.9 276.4 274.5 274.5 276.3 277.1 278.6 279.7 280.2 279.9 279.6 278.7 277.6 277.8 279.4 280.9 279.5 273.2 270.5 271.1 269.4 269.4 269.7 269.9 268 264 259.7 254.8 249.7 245.6 239 233.6 227.8 226.6 223.7 217.7 216.4 211.9 211.8 210.5
289.2 289.1 289.7 291.4 294.8 297.4 296.1 293.2 290.5 287.5 287.6 286.7 284.5 284 284.3 284.9 285.1 282.2 280.4 279.3 278.8 276.8 273.2 271.7 269.2 268.3 267.1 266.2 265.6 265.3 265.1 265.5 265.9 267.7 269.3 270.5 270.7 271.7 276.3 276.1 276.3 276.4 277.4 277.9 279.3 280.6 281.2 281.8 281.9 280.8 278.6 277.9 278.7 278.8 277.5 271.9 274.5 273.1 271.1 270.3 269.3 268.6 265.7 261.4 256.7 252.7 250.8 246.2 237.5 231.9 228.3 225.5 220.9 217.9 214.7 212.7 213.1 210.8
289.3 289.4 289.7 290.5 293.5 296.7 296 294.1 290.4 286.3 286.3 284.8 283.5 283.4 283.4 284 283.1 281.1 279.9 277.6 276.2 278.3 278.1 275.8 271.8 269.6 268 265.7 265.4 265.1 265.5 265.7 265.8 267.5 269.5 270.7 271.4 272 274.2 276.6 277.5 277.5 278 278.7 280.3 282 283.8 284.1 283.2 281.4 279.5 279 279.5 278.8 274.4 274.4 276.3 274.4 272 271 268.7 265.2 262.5 259.1 254.9 252.1 248.9 242.8 236.2 231.5 227.5 225.5 221.8 216.7 214.2 213.7 212.4 213.1
289 289.2 289.4 289.6 292.7 296.4 296.7 293.6 290.1 285.5 285.2 284.1 283.3 283.1 282.9 283 281.8 280.3 278.7 277.9 278.9 279.8 279 275.9 273.7 271.8 268.9 265.7 264.8 265.4 265.6 265.6 265.7 267.3 269.2 270.4 271.4 272.3 274.2 276.2 278.5 279.3 277.7 278.8 281.5 283.2 286.4 286.5 285.1 284 282.6 283.1 281.5 280.3 275.1 279.5 278.1 275 272.8 270.6 267.2 263.2 260.1 257.2 252.6 249.4 246.6 242.2 237.3 230.7 228.5 226.9 220.9 215.1 214.1 213.8 212.9 218.2
288.4 288.6 288.8 289.1 291.9 295.6 297.2 293.1 288.1 284.9 284 283.3 282.8 282.3 282 281.7 280.6 279.4 278.2 278.7 280 280.4 279.5 276.7 274.6 273.1 271 265.3 264.2 264.8 265.2 265.5 265.6 267.2 268.8 270 271.3 272.8 274.6 276.4 278.2 278.7 278.2 279.6 282.1 284.2 287.1 288.8 288.1 286.1 286.2 286.7 285 279.6 281.9 280.5 278.6 275.4 273.3 270.7 266.3 262.2 259.2 255 250.5 247.6 245.4 240.8 234.5 232.3 226.8 220.3 218.9 217.2 215.2 214.6 214.8 219.9
288.1 288.1 288.4 289.1 291.9 295.5 296.9 293.9 286.6 284.2 283.4 283 282.5 282 281.7 280.8 280.2 279.7 279.3 280 280.8 281 279.3 277 275.1 274.3 272.4 265.7 264.2 264.1 264.4 264.8 265.5 267.6 269.5 270.4 271.5 274.1 275.9 277.4 278.5 278.3 278.6 280.1 284 286 287.9 291.1 291 289 287.6 288.1 284.8 286.7 285.6 282.8 279.7 275.5 273 269.3 265.5 261.7 256.4 251.5 248.7 247 242.7 238.3 235.1 230 222.9 226.1 226 223.6 221 217.6 218.8 221.1
287.7 287.8 288.4 289.2 291.4 294.7 296.4 293.8 287.8 283.9 283 282.6 282.2 281.8 281.7 281.7 281.1 280.5 280.2 281.6 282.1 282.2 279.8 277.1 274.4 273.4 269.6 266.3 264.3 264.2 264.4 264.7 265.8 268.2 270.5 270.9 272.2 275.1 277.1 278.5 278.4 278 279.3 281.4 284.9 287.4 286.9 286.9 289 284.2 286.4 286.7 288.2 288.8 286.9 283.6 279.3 275.2 272.3 268.4 262.9 259.2 253.3 251.3 247.5 243.8 239.6 237.5 234.8 227.8 224.1 229.1 227.7 225.7 223.3 218.6 221.9 223
288.1 287.8 288.3 289.3 291 294.2 295.3 292.2 287.4 283.9 282.9 282.2 282.1 282.2 282.2 282.2 281.4 280.8 281.1 282.5 283.1 282.4 280.1 277.6 274.8 271.9 270.1 266.6 264.9 264.1 264.2 264.5 266.3 268.8 271.1 271.5 273.2 276.1 278.1 279.2 278.3 277.9 279.2 281.5 284.5 286 286.3 285.5 285.2 286.3 290.4 290.4 288.2 286.7 284.1 281.4 277.9 273.9 269.2 264.2 258.8 254.4 253.1 250.5 247.9 243.9 240.2 237.5 231.1 226.2 227.4 229.8 228.3 226.2 223.7 220.4 223.7 224.1
288.6 287.8 288.2 289.3 291.6 294.1 294.2 290.3 286.6 284.2 283.2 282.9 282.7 282.9 283 282.6 281.6 281.1 281.4 282.9 283.2 281.9 280.2 278.4 275.6 272.8 270.7 267.4 265.4 264.7 264.1 264.1 267.1 269.8 270.7 272.3 274.3 277 278.6 279.4 278.4 278 278.4 281.6 284.4 284.7 285.5 285.8 286 288.1 291.6 289.6 286.7 284.4 281.8 280.1 276 270 267 263.2 259.1 257.6 254.6 249.6 247.3 245.7 240.4 234.5 229.3 229.5 231.6 230.7 228.4 225.6 223.7 223.5 223.8 224.2
289 287.8 288.2 289.7 292.2 294 292.4 289.9 287.2 284.8 284.1 283.8 283.5 283.9 284.4 283.3 282.3 281.5 281.8 282.2 282.3 281.3 279.6 278 276.2 273.6 272.3 269.5 266.8 264.6 264.2 264.2 267.6 270.9 270.5 272.3 275.3 276.7 278.4 279.3 278.5 278 278 279.8 282.1 283.3 284.3 285.1 283.9 288 290 287.3 283.9 284.4 278.8 276 272.1 272.4 269.7 265.3 260.4 259.3 253.2 248.8 248.3 246 239.3 232.4 235.4 235.9 233.7 230.9 227.6 225.3 224 224.3 224.3 224.6
289 287.9 288.4 290.1 292.2 293.3 292.6 290.8 288.3 285.8 284.7 284.6 284.9 285.9 285.9 285 283.7 282.4 282.4 282.3 281.8 280.8 279.5 278.2 276.7 275.2 274.2 271.3 267.1 264.5 263.7 265.4 268.4 268.4 271.9 272.9 275.9 276.8 277.8 278.7 278.2 278.3 278 278.2 279.6 281.2 281.4 282.5 285 286.6 286.1 286.8 288.3 287 285.2 280.4 275.8 273.7 269 264.4 262.1 258.9 252.2 249.3 247.3 241.5 235.2 235.2 239.5 237.2 234.4 231.2 228.3 226.9 225.2 225.1 225.4 225.5
289 288.2 288 290.1 291.6 292.6 292 290.7 288.4 286.2 286.5 285.7 286.2 287.5 287.4 286.6 285.2 283.5 283.8 283.3 282 281.2 280.1 278.7 277.9 277.4 275.9 272.1 267.1 265.1 263.9 265.5 267.8 270.3 271.4 273.6 276.2 277 278.1 278.1 278.2 278 278 277.7 279.2 280.8 282.4 285 284.4 284.5 286.1 288.4 287.9 287.3 285.5 279.6 277.3 273.2 268.4 265.8 263 257.5 251.3 250 245 237.4 234.9 240 240.1 236.9 234.2 231.4 229.7 227.3 226.4 226.2 227.6 226.9
288.7 287.4 288.3 290.3 291.9 292.7 291.9 290.8 288.8 289.7 288.5 287 288.3 289.1 288.8 288 286.2 284.7 285 284.7 283.3 282.1 281.2 280.4 279.9 279.5 277.4 273.4 267.9 265.6 264.6 266.8 269.6 272.1 272.4 274.5 276.5 277.3 277.5 277.4 277.2 276.6 276.8 275.9 280.1 281 281.6 284.8 284.5 284.2 286.3 287.4 287.2 287.1 283.1 279.3 277.9 273.4 268.8 266.6 263.2 256.9 253 249.3 244.3 236.3 238.1 243.4 240.1 236.1 233.5 232.9 231.4 228.6 227.8 227.7 229.3 227.9
287.8 286.7 288.5 290.8 292.5 292.8 292.2 291.2 291.4 292.4 292 288.5 289.8 291.3 290.9 289.4 287.6 286.1 286.4 285.8 285 284 283 282.2 281.8 280.8 278.5 273.7 269.3 265.4 262.7 269.1 271.3 272.4 271.8 273.9 277.1 277.4 277.9 276.3 276.2 277 276.8 274.1 277.3 279.8 282.2 284.1 283.6 284.3 286.4 287.1 286.4 286.7 282.9 280.6 278.8 273.2 269.7 266.2 261.5 256.9 253.2 249.3 244.8 236.9 241 244.6 241 236.8 235.1 235.5 233.4 230.3 229.6 229.9 230.5 229.5
286.1 287.5 288.9 290.8 292.2 292.4 292.1 290.8 293.5 294.8 293.6 289.8 291.9 293.5 292.4 291 289.2 287.8 290 287.6 286.8 285.9 285.1 284.2 283.4 282.1 278.6 274.1 269.6 265 262.1 269.8 272 273.9 273.2 274.6 276.1 277.7 275.3 275.8 274.5 272.8 270.4 271 274.4 278.8 281.5 283 282.9 284.1 286 286.5 286.7 284.9 281.5 280.2 276.9 271.9 268.4 264.6 259.8 257.2 253.5 251.6 245.7 237.6 242.9 245.3 241.7 238.3 237.6 237.6 234.6 232.3 231 231.7 231.7 230.8
286.1 288.2 289.5 290.4 291 291.6 290.8 292.1 295.1 296.5 294 291.4 294.4 295.9 294.5 292.5 290.3 289.4 289.5 289.4 288.9 287.9 287 286.7 285.4 281.7 277.9 274.6 270.3 266.5 262.1 268.3 272.1 272.2 271.9 271.9 273.8 276.5 273.8 275.3 274.1 270.1 265.5 269.1 272 276.9 279.2 281 281.6 283.9 285.3 285.7 286.2 283.4 280.5 278.7 274.2 270.5 267.4 263.1 258.2 256.6 255.4 253.9 244.4 238.7 244.3 245.5 242.3 240 239.8 239.5 235.6 233.8 231.9 233.2 232.6 231.9
287 289.3 290.3 289.8 290.1 289.7 288.9 293.1 296.3 297.4 293.8 293.6 296.8 298 296.8 294.3 291.4 290.4 290.8 290.9 290.9 289.8 289.2 288.4 285.9 281.4 277.7 274.8 271.2 267.4 268.8 262 266.2 271.6 269.6 269.3 272.2 272.2 273 271.8 272.3 266.7 263.5 265.1 269.9 274.4 276 278 281.5 284 284.9 284.7 284 281.4 280.3 277.8 272.7 268.8 265.7 261.8 258.8 256.7 255.6 249.5 241.8 241.7 247.8 246.1 243 240.9 241.7 240.7 237.5 235.1 233.6 234.2 233.6 233.2
287.9 290.6 290.7 288.6 288.1 286.9 289.5 292.6 295.3 297 293.8 295.1 298.7 300.4 299.2 296.2 293.3 292 293.2 293.6 293 291.5 290.3 289.1 285.5 281.2 277.8 274.9 272.2 268.7 271.1 270 260.6 265.4 266.8 269 269.3 268.9 271.8 270.5 269.1 265.5 262.9 262.4 266.3 269.5 271.1 274.3 280.3 283.3 283.7 283 281.5 279.8 278.1 275.2 271 267.2 264.3 261.7 258.2 256.7 251.3 244.2 244.5 249.6 249.6 246.9 243.9 242.3 242.6 241.4 239.1 236.5 236.1 236.4 235.5 234.9
289.8 292.4 291.3 288.2 286 283.2 289 291.5 293.4 295.5 294 296.5 300.5 302.8 301.5 298.4 295 294.3 294.8 295.7 294.1 292.6 290.8 288.9 284.6 281.1 278.9 276.1 273.3 271.8 271.7 270.2 264.8 260.1 261.2 264.3 268.5 269.6 269.8 269.7 268.9 265.3 262.5 261.2 262.4 263.4 265.1 269.5 276.1 279.9 280.5 280.5 278.8 277.8 276 271.9 268.5 265.3 263.3 259.6 256 251.1 245.9 245.8 251.4 252.2 250.5 247.6 245.2 243.7 243.7 242.2 241.5 238.6 239.2 237.9 236.5 235.7
291.8 293.9 291.6 288.7 284 281.8 287.2 290.2 291.8 292.9 293.4 297.9 302.6 304.7 303.7 301.1 297.6 296.1 296.5 297.4 295.7 293.6 290.6 286.6 283.2 280 277.7 275 275.6 275.3 272.8 269.7 266.7 262.2 259.9 260.1 266.4 270.4 270.3 269.6 268.1 265.1 263 261.5 260.6 260.8 261.4 264.7 268.8 273 275 274.9 274.4 274.3 272.1 268.4 264.8 262.2 259.8 256.6 251.4 245.6 246 252.9 254.3 254.3 253 250.2 247.5 246.4 246.2 245.4 244.5 240.8 241.3 239 237.2 236.3
293.4 294.9 292 288.7 284.5 279.3 283.7 288.5 289.8 290.2 292.2 297.9 303.8 306.4 306.2 303.7 300.1 298.7 299.2 299.2 297.2 294.5 290.2 286.2 282.8 282 279.2 276.4 277.7 277.4 274.7 270.9 267.5 263.5 259.6 260 265.8 270.1 270.3 268.3 267.5 264.7 262.4 261.1 260.5 260.3 261.3 263.8 266.3 268.3 270.4 271.2 270.9 270.6 267.5 263.9 260.2 258.5 255.5 251 245.9 247.8 252.8 256.3 256.7 258.2 256.1 252.9 249.3 250.2 249.9 249.2 246.6 242.9 242.3 239.8 237.2 236.4
