ny/ny40_OST50GRID_20230518/NY40.asc
ncols 200
nrows 200
xllcorner 340000
yllcorner 500000
cellsize 50
[rows 0 to 34 of 200, columns 78 to 155 of 200]
632.5 619.1 608.3 603 597.2 591.4 593 591.4 601.1 612.2 627.7 655.3 682.8 707.4 726 735.6 739.3 736.7 732.7 724.9 708 680 644.2 612.8 585.8 550.2 523.4 495.3 474.8 457.1 451.4 451.4 451.4 451.4 457.1 462.9 483.2 501.2 516.2 531.4 545.2 559.3 568.8 571 575.2 586.4 590.1 604.2 605.7 578.6 534.1 522.7 546.3 560.8 514.2 483.4 463.7 444.6 432.2 429.8 435.1 430.9 434.4 432.8 448.8 465 484.4 509.5 542.4 578.4 604.1 637.9 667.8 684.5 695.2 704.4 709.6 711.3
623.8 603.9 593.1 580.5 574.1 568.5 569.6 568.5 579.3 590.2 608.7 634.5 664.5 688.8 713.2 725.9 731.5 731.4 726.5 719.6 699 671.9 635.4 605 575.5 545.5 523 503.8 493.8 457.9 451.4 451.4 451.4 456.4 463.1 472.3 494.2 521.1 532.3 545.7 562.6 574.7 581.2 585.3 589.7 596.6 607.5 624.1 631.6 608.8 570.6 572.8 582.9 618.2 584.9 550.1 496.2 469.9 457.2 451.7 444.8 443.9 438.2 437.8 445.2 462 480.1 503.3 534.1 569.8 603.5 637.6 668 682.3 693.5 703.6 708.2 709.9
640.5 614 586.6 561.1 551.6 546 548.6 552.4 561.7 575.3 595.6 620.1 650.9 675.7 701.8 719.1 727.7 729.7 726.4 715.1 689.9 668.8 636.6 600.4 576.2 547.5 530.6 519.5 496.2 469 460.4 466.3 472.2 465.1 470 485.6 508.2 533.2 548.7 563.5 581.8 587.6 595.4 602 606.4 614.9 635 648.7 661.7 647.1 634.6 623.3 648.4 656.5 641.6 588.7 538.6 504.5 484.8 468 454.1 448.3 440.5 440.4 441.4 455 474.3 500.2 531.3 563.7 599.1 638.5 666.2 677.2 690.1 698.6 702.8 705.5
670.8 637.5 593.1 556.9 540.2 536.8 536.3 541.1 549.1 563.4 586.4 611.5 638.4 662.4 690.6 713.7 724.4 727.7 728.7 708 693 665.7 631.3 601.7 578 558.7 546.3 544.8 510.4 484.9 477.1 485.5 483.4 479.6 485.1 503.1 527.8 546.6 564.2 579.6 594.5 602.6 608.9 617.5 628.9 642.1 665.6 678 688.4 671.9 690.8 667.5 691.3 691.4 671.8 633.9 576.6 536 504.9 485.7 468 457.5 451.3 449 449.1 453.6 473.3 497.4 530.5 563 594.4 635.8 659.3 671.5 683 689.9 694.6 699.3
669.1 633.6 588.3 550.9 530.3 530.7 529.1 530.1 538.9 554.2 577.9 606.7 630.5 652.1 678.6 701.5 718.3 726 727.7 709.8 692.5 671.6 639.9 606.4 588.7 572.9 565.6 554.8 537 518.3 504.2 505.7 500.5 496.7 500.3 519.6 540.5 562.6 578.7 595 609.8 621.5 626.8 638.8 654.5 672 689.3 705.7 717.5 707.2 721.9 708.7 716.8 713.7 696.7 672.7 626.8 586.2 547.7 515 488.6 469.6 463.4 457.7 456.8 462.9 474.6 495.6 524.3 557.1 592.3 628.8 652.8 664.7 674.3 681.3 686.5 691.6
630 608.8 571 540.6 527.2 526.7 523.3 528 537.7 559.6 580.6 606.2 627 647.5 672.2 694.1 710.7 721.9 724.4 707 692.6 676.7 644.4 617 604.3 590 580.2 586.8 576.2 560.5 540.1 531 520.8 514 521.5 536.3 557.7 580.7 598.5 614.6 630.5 640.9 655.9 673.3 688.1 702.5 719.5 733.5 742.1 742 746.6 743.5 735.2 728.9 718.5 700.7 673.3 622.7 594.1 563 508 487.3 474 467.1 470.3 473.5 477.7 497.6 520.9 554.7 586.7 622.5 643.2 655.2 664.3 671.8 677.3 683.5
588.5 571.5 549.6 534 524.2 521.6 518.2 531.2 542.3 558.1 583.5 604.5 623.3 646.4 670.2 690.8 707.5 715.9 717.9 710.7 695.1 676.2 653.1 630.7 619.4 603.7 601.5 609.6 611.4 585 566.9 555.7 544.6 537.5 543.3 562.4 572.9 593 616.3 633.9 650.6 668.2 683.7 701.2 717.4 729.5 743.3 753.1 757.8 755.9 751.2 741.7 732.1 720.6 714.5 698 674.9 646.4 601.2 553.9 526.7 494.9 483.7 477.4 477.8 483.2 490.9 493.9 524.1 552.6 585.7 618.9 633.9 645.5 654.3 661.7 667.7 673.8
555.8 544 528.4 516.7 508.7 505.8 512.7 531.2 551.1 568 584.3 606.8 626.9 645.8 669.2 689.3 704.7 714.5 716.2 711.3 696.8 682.1 658.9 638.9 631.4 619.9 628.1 625.5 638.5 625.3 614.1 603 576.2 568 571.1 582.9 592.7 611.9 633.3 653.3 675 693.6 712.4 727.6 739.5 749.8 759.2 765.8 762.5 754.8 745.3 736.2 722.3 715.7 710.2 702.1 680 639.1 596.8 570.4 547.8 518 499.4 487.8 486.8 501.1 506.8 516.5 528.3 558.2 588.3 609.9 625.1 636 645.4 651 656.5 663.5
524.1 515.3 505 496.1 489.5 497.5 513.9 532.8 551.9 570.9 587.8 605.7 630.6 650.5 669 687.3 702.3 711.3 710.8 708 694.9 674.6 656.4 643.8 646.9 648.5 628.6 639 652.7 659.4 660.9 652.6 623.7 612.1 599.9 608 611.8 628.1 649 675 698.9 720.9 737 747.2 753.2 760.3 766.3 764.2 755.4 749.3 738.7 727.4 717.1 706.8 700.8 696.9 686 645.4 621.3 593.9 584 551.2 528.1 506 502.1 510.4 520.6 532.7 537.2 566.8 586 602.9 616.2 626 633.9 639.8 644.4 650.3
496.5 490.4 484.4 479.3 483.9 497 513.8 532.2 553.6 573.8 592.7 613.2 634.5 653.5 669.5 685.1 698 704.9 702.1 688.7 671.2 652.7 634.8 617.9 628.9 626.3 609 624.7 641.4 653.6 680.9 688.9 683.2 654.8 632.5 627.3 631.8 644.9 668.8 697.5 725.9 746.2 752.5 757.4 762 767.2 765.6 757.8 748.7 740.6 729 718.6 706.9 696.7 690.6 688.9 686.8 667.2 646.4 627.6 607.7 577.8 544.8 528.7 526.3 526 530.6 542.3 550.5 565.4 580.9 594.4 606.6 615 621.4 625.5 628.8 634.9
475.6 469.9 465.8 466.6 482.4 498.6 516.6 535.8 557.4 575.1 594.6 617.7 638.7 656.4 673 684.8 692.4 689 676.7 661.9 637.8 618.9 605.1 583.4 589.4 592.5 584.8 584 608.5 642.7 671.4 685.9 696.9 698 673.1 648.5 649.4 666.7 689 720.4 747.1 756.8 761.6 765.6 766.9 766 760.2 748 740.3 730.1 719.5 709.8 696.4 685 679.9 678.9 677.9 672.7 669.4 671.3 654.1 607.9 577.5 557.4 555.8 550.8 553.8 555.7 561.8 564.7 574.2 585.9 597.6 605.5 609.5 610 612.5 616.8
458.5 452.9 444.5 464.5 483.7 499.5 518.8 540.8 561.4 581.3 601.2 620.7 641.5 659.7 675.2 687.9 675.4 662.5 649.4 627.5 607.3 591.7 572.6 548.6 546.8 554.3 557.9 565.6 586.5 619.3 641.1 663.4 681 696.8 694.8 676.3 676.7 692.1 714.5 745.5 761.1 765.6 769.5 770.5 767.9 760.9 750.6 739.5 729.7 720.4 708.2 699.1 683.8 676.2 669.3 669.1 670.9 671.1 670.9 675.2 675.3 662.1 610 593.8 587.3 578.7 580.7 577.1 571.9 571.8 572.4 579.3 589.5 593.9 597.8 599.2 602.1 604.6
438.5 435.8 439.9 462.5 482.2 502 525.4 546.9 567.4 586.1 605.8 624.5 646.4 663.7 678.5 676.8 647 631.2 615.3 597 578.7 555.4 543.5 528 522.3 527.8 540.9 552.4 568.1 589.6 612.2 633.2 659.8 690 706.9 707.5 712.5 725.9 747.5 760.4 768.3 773.1 774.7 772.4 764.7 753.4 741.8 730.6 719.7 709.5 698.3 686.2 675.1 665.8 660.5 659.7 662.3 664.8 666.2 670.2 674.9 672 652.9 643.7 629.4 610.5 597.6 585.2 578.4 576.5 574.5 576.8 581.3 580.4 582.7 581.6 586.4 588.8
420.6 415.4 434.4 457.6 483.6 512.3 531.8 556.7 576.6 593.5 613.3 632.7 652.2 667.5 673.1 653.6 627.7 596.3 584.6 568.9 553.2 529.9 515.3 509.3 505.1 513.2 526.4 544.7 558.8 572.1 594.5 619.2 645.4 674.7 699.5 721.8 742.4 758.7 767.9 772.9 775.9 778.6 775.9 770.2 758.2 744.3 732.1 719.1 709.2 699.8 683.1 673.4 661.8 652.2 644.9 648.9 652.5 655.9 659.3 663.4 667.5 669.8 664.8 651.3 634.7 618.6 605.1 592.6 584.4 581.5 575.3 573.9 573.3 572.5 571.3 570.3 574.4 576.1
403.6 405.6 426.8 452.2 481.6 509.2 532.7 556.4 580.8 599.6 621.8 641.8 658.2 671 662.8 634 603.7 573.1 556.4 537.5 523.4 503.2 493.9 489.4 490 503.9 509.2 530.7 549.2 566.1 585.1 607.2 635.8 665.1 691.1 713.7 739.3 759.3 768.7 773.6 776.6 777.2 774.2 766.2 752.6 737 722.2 708.2 694.6 684.6 668.9 658.9 649.7 640.1 631.1 637.2 643 645.1 649.8 656 663.1 667.9 664.8 652.2 635.2 620.8 611.9 600.3 591 582.5 579.5 575.5 570.4 566.4 563.4 561.1 560.5 560.6
387.6 401.3 414.4 440.9 472 506.4 530 552.9 580 604.4 625.4 647.2 664.2 667.5 642 613.1 577.6 549.4 524.1 510.3 491.8 485 480.5 475.3 482.2 493.8 507.8 524.7 540.9 559 578.1 600.1 624.2 650.3 677.7 706.3 733.4 751.9 763 771.1 774.4 774.3 770.2 761.2 748.1 730.9 713.4 694 675.2 668.9 657.5 647.5 638.1 629.2 621.6 624.3 630.1 636.9 642.6 650.6 657.7 662 659 648.1 637.9 630.1 621.7 612.5 603.1 593.5 584.4 578.4 570.2 565.1 559.2 554.2 553.2 553.1
384.1 393.2 404.1 428.9 455.5 489.5 519.6 545.7 571.3 597.7 615.8 642.1 658.2 658.2 627.9 593.5 555.6 523.3 505.4 490.1 475.8 468.8 467.3 466 477.6 489.7 503.7 519.2 537 552.4 569.4 590.6 614.5 642.2 672.4 702 727.4 747.1 760.1 769.3 771.6 770.4 766 757.1 746 730.2 714.4 693.4 677.1 661 647.7 634.8 626.9 619.6 613.4 614.6 621.9 628.2 634.4 645 654.4 660.1 653 652.8 647.8 641.6 633.8 624.5 616.5 606.9 595.1 583.4 574.3 566.7 559.8 550.5 546.3 546.3
377.2 381.3 393.5 416 439.1 468 498.7 530.2 556.8 584.2 606.7 627.4 647.6 642.7 616 575.7 536 505 489.5 474.7 465 460.2 462.2 464.1 473 485.1 499.5 516.5 533 546.8 564.8 587.5 613.2 643.8 672 700.7 723.8 745.5 755.7 766.4 770 767 761.8 753.3 742.6 729.7 715.7 700.5 686.4 671.4 658.7 645.9 633.2 622.5 611.9 603.9 611.2 617.9 629.6 641 650.2 656.3 658.2 659.3 656 652.5 646 637.9 625.6 616.7 603.9 592.7 581.1 568.9 558.9 550.5 543.8 540.8
372.2 377.6 384.4 400.5 426.1 447 477.1 507.3 538.5 566 590.1 616.5 631.9 620.5 590.8 554.4 520.4 491.4 475.1 459.9 455.9 451.4 455.7 460 469.5 482.7 496.7 513.1 527.9 541.9 561.4 586.1 616.2 643.1 672.6 699.3 722.7 740.7 752 764.4 767.5 764.8 758.9 750.1 740.5 727.6 715.3 699.5 686.2 670.8 658.5 648.3 637.3 625.8 611.6 599.4 599.5 608.4 621 632.6 643.8 652.2 659.4 663.3 662.8 655.6 646 635.6 626.4 615.2 604.3 594.5 580.8 571.1 559.5 547.7 540 532.4
366.7 368.4 371.3 384.5 402.9 425.7 452.2 478.3 507.3 539.3 563.9 587.5 606.3 595.2 573.5 536.2 503.2 477.7 458.7 448.7 444.2 445.4 449.6 457.8 468.4 482.5 495.9 509.4 522.8 539.7 562.5 588.3 616.5 645.9 674.9 701.7 723.5 738.5 752.1 763 764.9 762.3 756.7 747.4 737.8 724.8 711.9 695.2 681.2 665.9 654.4 644.5 634.9 622.5 610.6 597.6 587.1 596.3 607.6 621 634.6 647.6 658.1 662.8 662.2 654 647.3 637.6 626.1 616.1 604.4 592.7 582.7 569.9 554.8 544.3 533.3 524.1
371 361.5 362.2 372.6 390.6 410 429.1 454.4 483.4 512.2 536.5 557.9 571.6 566 544.9 513.9 487.3 465.1 446.1 435.9 433.2 442.3 449.9 456.3 467.8 480.6 494.2 506.1 519.4 540.5 566 591.9 620.1 647.9 677.1 703.3 723.2 739.9 751.5 758.9 762.6 761.2 755 746.1 734.8 721.2 705.6 686.4 670.5 658.1 648.9 639.8 628.6 614 601.8 590.6 577.6 587.2 595.8 610.4 624.6 638.7 652 653.6 652 646.9 638.1 627.6 620.2 610.8 600.2 590.3 581.6 566.4 549.2 537.8 525.1 515.7
376.9 363 359.3 364.4 376.3 391.5 409.8 430.8 457.5 485.3 506.1 523.9 536.5 531.5 515 493 468.9 452 433.3 426.4 430.9 440 447.5 455.4 467.5 479.5 490.1 502.9 519.5 540.8 565.5 594 623.2 652.3 678 701 723.2 742 755.5 762.8 763.3 759.5 751.7 743.2 730.8 714.3 693.3 673.1 658.2 649.7 641.8 629.6 616.4 604.2 591.6 582.3 571.3 578.4 585.8 596.3 610.4 626.4 640 643 642.7 633.2 622.6 613.6 608.8 603.7 593.2 583.7 575.6 558.1 542.1 528.2 514.6 503.9
376.9 363.4 348.1 348.8 354.9 371.7 392.3 404.6 426.6 445.4 474.4 496.9 501.8 500.1 488.2 475.4 454.3 439.2 422.5 419.2 429.2 436.7 445.2 455.3 467.2 477.5 488.9 502.2 517.3 540.8 567 595.2 624.2 652.6 678.8 702.9 727 746.9 761 765.1 761.4 756.6 748.2 737 723.4 703.5 680.8 659.9 643.3 630.4 628.7 617.8 605.5 595.5 586.3 576.2 567.9 570.2 574.4 582.7 596.4 611.2 623.9 625.4 621.8 613.7 609.8 601.7 595.5 591.5 582.8 574.2 564.6 550.2 529 513.3 503.2 491.1
372.1 357 345 335.7 344.7 353.5 364.6 374.6 393.6 417.3 450.8 461 457.8 463.9 461.1 453 441.5 426.7 418.3 416.2 424.8 434.4 444.9 454.5 464.4 476.7 487.8 500.3 517.9 540 564.6 594 623.1 648.1 676.3 703.4 727.4 748.2 759.4 761.2 758.6 752.5 742.9 730.5 711.6 688.3 667.4 647.3 631.7 629.2 615 603 596.7 584.4 577 571.3 565.7 561.4 566 571.1 581 594.7 606.4 609.7 606.5 599.3 592.3 588.4 584.4 579.4 571.9 563.9 552.8 535.8 517.8 498.5 487.7 473.1
374.7 352.8 340.7 336.1 333.2 338.2 347.2 358.4 374.5 394 421.6 425 421.1 425.6 433.1 432.5 425.8 414.5 409.5 409.8 420.9 431.4 441.6 450.7 462.7 476.5 486.9 499.7 518.4 539.1 565.4 593.5 618.3 645.2 672.8 700.3 723.2 740.8 753.8 756.4 754 747.8 738.6 722.7 700.5 679.3 657.1 653.6 649.9 643.4 627.5 609.9 595.8 588.6 580.5 570.8 564.7 559.9 556.8 560.5 570 577.5 589.5 591.3 588.2 582.6 574.5 570.8 569.5 567.3 562.9 557.3 540.9 518.1 499.1 485.9 478.2 468.1
375.2 357 339.6 333.7 331.3 330.4 334.6 343.1 357.2 376.8 390.6 393.3 394 400.7 404.6 410 407.1 402.3 397.4 403.8 416.4 428.8 439.5 448.6 459.8 473.5 486.8 501.5 519.1 541.3 563.6 588.6 609.2 631.1 661.5 692.6 718 736.7 749.8 752.4 749.5 744.4 735.3 721.3 699.1 681.7 674.7 672.3 666.8 654.5 635.8 618.1 611.2 604.6 597.1 583.9 573 564 558.5 552.9 557.3 562.9 566.7 565.3 566.1 557.6 559.7 549.8 551.1 549.6 542.1 537.4 518.9 498.8 487 480.5 472.4 452.8
376.4 358.3 340.1 331 330.1 327.6 327.2 332.6 341.2 355.6 368.5 369.8 369.5 367.7 375.8 380.5 387.1 389.5 385.1 396.7 409.2 425 436.3 447.6 457.2 469.6 486.4 503.7 522 543.5 566.4 591.5 617.3 641.1 667.2 690.5 713.2 732.7 746.4 748.8 746.4 740.8 733.3 722.8 710 696.4 690.7 688.1 679.3 660.9 643.9 634.6 629.2 622.2 615.2 602.3 584.1 573 565.2 557.7 548.3 549.7 553.6 553.9 550.8 545.4 540.7 541.8 532.7 523.8 518 506.8 501.9 490.2 472.1 464 451 443.1
384.1 364.5 345 333.5 329.9 327.1 323.7 326.2 329.1 338.6 345.8 346.8 350.8 347.3 352.1 360 368.2 375.6 380 390.1 406.5 421 433.1 443.6 453.1 468.7 486.8 506.5 528 548.4 571.2 594.5 618.1 641.2 666.1 688.4 710.1 730.5 743.7 747.2 744 738.3 731.5 723.2 714.5 706.4 701.6 697.4 690.4 676.2 661.2 655.1 647.5 638.8 628 615.3 600.4 583.1 572.1 565.5 551.8 543.8 540.5 540.3 538.7 537.9 533.3 526.8 517.3 506.2 496.1 489.5 488.5 473.1 459.3 451.5 443.2 436.9
398.1 373.1 351.1 338.9 335 330.4 326.7 320.9 323 325.1 328 329.7 331.5 331 332.7 342.5 353 359.3 366.7 381.1 399.4 417.2 429.8 443.8 456.3 473.5 491.1 511.7 533 553.6 575.3 594.9 616.6 639.2 661.4 685.2 706.1 726.8 741.9 745.8 741.9 736.3 729.5 721.7 714.7 707.5 701.9 697.6 693.9 685.4 679.5 667.1 657.2 648.2 634.4 626.6 614.3 598.5 579.1 568 554.4 544.6 534.5 532.7 530.3 527.2 524.6 521.8 509.1 493.3 491.3 469.1 461.4 467.5 462.4 457.4 450.7 436.4
405.6 380.9 361.2 351.2 343.7 336.5 327.9 323.3 316.8 316.8 313.4 315.2 317.7 317.5 319 324.9 336.1 340.4 361 378.5 397.4 414.4 433.4 448.2 462.9 480.6 497.4 519.6 538.9 557.4 576 596.1 614.5 633.6 654.9 677.6 699 722.1 737.5 743 738.7 733 726.5 720.1 711.5 705.5 700.9 696.9 693.4 688.4 679.9 670.2 660.4 649.2 636.2 630.6 621.6 607.9 588.7 574.8 560.8 548.2 539.4 535.1 527.9 523 516.4 502.1 495.9 482.3 490.7 497.1 480 461.4 454.3 455.9 455.6 450.6
411 390.3 373.3 365.3 352.1 345.8 335.9 326.7 316.9 304.3 300.8 304.7 308.3 303.5 305.1 313.4 321.7 342 359.3 374.1 393.2 410.6 432.7 451.7 466.7 485.2 502.8 524.6 543.4 563.2 581.3 598.4 614.1 630.4 644.1 665.3 688 711.5 729.1 736.3 732.7 726.9 721.7 715.7 709.8 705.3 700.7 695.4 689.7 684.7 677.3 668.3 657.9 648.2 640.4 634.7 626 611.1 595.3 581.7 567.7 555.3 545.3 540.7 535.9 531.8 521 497.7 511.7 509.9 510.5 497.4 480.6 469.4 455.9 440.7 436.4 430.9
422.2 401.2 389.7 377.2 369.6 354 338.8 325.7 311.2 299.8 295.6 295.6 299 301.5 309.4 315.8 327.4 343.4 351.7 368.5 388.6 408.9 431.4 451.4 471.7 489.8 505 526 546 563 579.4 597.8 613.7 627.4 637.2 654.6 675.4 694.9 719.5 724.6 723.3 720.9 716.3 712.1 708 703.5 698.7 693.4 686.4 681.7 673.5 664.3 657.9 649.7 640.8 632.8 622.3 611 598.4 586.4 573.9 560.9 556.7 549 543.5 534.4 527.3 522.5 517.6 513.4 505.6 498.3 488 474.6 457.3 440.8 427.3 427.7
429.7 416.8 399.2 391.8 381.2 363.2 345.2 325 311.5 299.9 295.6 295.6 296.3 299.8 306.6 314 320.4 329.8 346.5 368.2 389.4 412.5 433.2 454.4 475.9 495.1 508 521.4 543.9 561.7 574.4 591.2 604.7 608.8 621.3 634.6 649 671.9 688.7 702.2 707.1 711.4 708.4 709.2 706.3 702.7 700.5 693.6 682.8 672.3 666.6 660.8 654.5 646.7 638.5 628.2 617.2 608.3 598.2 587.9 573.9 574.2 565.7 551.4 548.2 542.7 533.7 532.4 532.4 524.6 513.9 503.6 494.6 480.4 463.6 439.7 422.7 425.3
442.9 428.6 415.2 410 397 377.4 353.9 334.8 316 307.6 295.6 295.6 295.6 296.5 300.9 306.7 313.6 326.2 347 360.6 388.1 413.6 434.9 460.1 476.7 500 511.1 519.6 538.9 555.6 565.3 570.1 574.5 582 594.5 606.4 626.1 644.9 662.9 678.6 685 696.3 702.8 704.9 703.8 702.7 700.8 694.5 686.5 675.1 661.4 650.3 647.1 639.2 626.6 616.3 610.9 603.1 597.1 591.1 585.4 578.9 567.9 563.4 546 541.8 536.7 537 533.6 533.5 519 509.2 501.3 491.2 461.2 442.9 427.3 426.3
444.2 436.7 432.1 425.9 412.6 391.4 368.8 345.8 324.5 309.5 295.6 295.6 295.6 295.6 295.8 301.9 310.7 325.4 344.8 365.4 389.1 412.8 435.3 455.7 477.2 494.3 510 513.4 529.4 537.7 546.1 550.4 551 556.5 569.4 583.9 608 625.8 648.1 660.1 672.5 683.1 692 696.3 702.1 704.9 703 697.5 689.2 678.5 665.5 644 632.8 624.5 616.8 611.5 614.7 613.1 606.5 597.3 592 585.9 569.1 556.8 549.2 544.1 542.1 539.2 534.9 530.3 526.1 522.8 516.5 484 461.2 440.2 427 410
