ny/ny40_OST50GRID_20230518/NY40.asc
ncols 200
nrows 200
xllcorner 340000
yllcorner 500000
cellsize 50
[rows 35 to 69 of 200, columns 0 to 77 of 200]
455.6 453.4 453.1 455.6 457.1 466.8 476.6 505.7 521.9 558.3 582 582.8 575.9 560.7 532.1 500.3 477.2 465.6 454.1 443.2 436.9 437.8 444.9 456.8 471.4 495.5 513.1 512.6 527.6 520 510.2 503.1 484.7 476.3 458.3 435.2 406 387.6 369 348.9 329.9 307.8 294.3 282.6 271.1 267 264.5 262.3 266.2 269.9 276.6 285 296 310.8 326.9 342.6 359.6 374.3 389.4 408.1 424.6 423.3 454 483.5 516.2 544.9 576.1 605.7 636.6 657.2 659.4 627.6 583.4 542.6 509.2 484 468 455.5
449.4 448.4 452.3 456.2 461.7 468.1 484.9 515.7 532.7 551.9 588 584.1 570.5 552.4 525 505 474.9 463.3 452.1 438.8 428.6 425 431.1 433.3 453.7 466.3 476.5 485.4 500.5 507.5 508.1 501.8 488.4 478.1 464.3 439.1 407.5 387.8 369.1 348.6 330.8 310.8 292 284.4 269.5 266 263.9 261.3 264.3 268.5 274.6 285.9 300.3 313.4 326.1 339.2 352.6 365.6 378.2 394 406.4 427.8 454.8 486.9 516.5 548.2 578.8 609.7 635.5 653.3 650 612.3 579.7 535.9 508.2 482.8 471.4 462.7
446.4 444.8 450.2 457.2 464 475.4 492.3 510.3 533.1 558.5 573.2 581.9 563.6 543.6 527.7 497.5 474.8 460.9 451 431.1 418.9 412.1 415.6 422.2 433.7 442.2 450.4 463.6 479.2 495.7 498 498.3 493.1 480.5 468.8 442 412 389.3 371.8 351.4 333.6 312.5 293.3 279.4 270.7 269.1 266 259.7 265.3 268.5 277.4 289 303.4 314.7 326.2 335.7 346.1 357.6 368.3 375.5 401.4 427.5 457.8 486 515.7 546 575.2 604 630.6 646.3 624 581.9 555.3 532.3 514 498 484.9 472.5
438.5 438.8 448.2 456.3 463.6 478.4 496.5 518.4 535.6 558.2 569.5 573.4 560.8 546.2 532.1 492.9 474 453.3 442.7 423.2 408.4 402.9 407.8 412.2 418.9 428 437.4 449.6 466 485.6 493.6 497.1 495.1 483.9 469.8 450.3 410.5 388.3 368.6 351.8 336.7 315.6 296.3 279.9 268.6 265 260.9 259.4 262.4 275.5 281.2 293.7 309.8 316.5 324 329.6 337.7 347.3 355.8 377.1 400.3 426.1 456.1 489.6 516 545.5 578 607.6 634.7 647.5 608.5 572 549.7 535.4 521.6 512.2 500.7 491.9
430.9 436.9 447.8 456.5 464.6 479.5 497.7 517.4 539.4 555.4 568.6 575.4 563.4 538.4 522.1 491.6 471.7 449.2 438.9 413.3 402.1 394.8 399.5 400.3 407.8 416.7 426.4 438.7 455.1 473.3 486.7 494.6 495.2 488.8 471.2 452.9 416.4 390.2 371.6 354.7 342.5 323.8 299.8 280.2 268.2 261.8 260.1 258.1 262.7 271 278.5 289.6 301.2 312.3 316.2 325.9 332.8 331.5 350.9 371.8 398.1 427.7 460.5 492.5 520.5 550.7 580.5 611.2 637.2 649 617.9 587.6 565.2 553 542.3 522.1 510.1 509.6
424.8 439.4 451.5 459.6 466.8 480.7 491.8 511.3 532.7 550.7 563 568.2 560.2 532.3 497.4 474.8 455.5 438 423.1 409.9 398.9 390.3 390.7 389.6 397.8 408.4 418.8 432 446 464.7 482 491.6 497.2 492 477.9 449.8 422.7 392.4 370.3 356.3 343.2 327.8 303.4 280.9 266.9 259.5 257.2 259.8 264.7 271.5 279.6 288.3 297.1 304.5 310.1 319.3 319.6 324.4 345.8 366.3 394.2 426.1 461.1 493.5 526 557.1 589.8 623.9 649.8 666.9 643.8 610.1 588.5 579 561 551.9 539.1 543.3
425.6 436 452.6 461 471 486.8 502.1 513 532.1 549.6 565.3 563.7 549.7 523.2 488.4 461.9 447.3 436.2 420.1 404.8 394.8 389.4 386.1 381.6 388.9 397.9 410.6 426.4 442.5 459.3 478.9 493.3 498.6 496.6 471 453.7 422.4 394.4 371.7 360.3 342.5 329.2 306.4 282.8 262.8 257.1 254.8 260.1 265.5 272.8 280.5 287.1 293 298.1 301.8 307.4 308.5 322.1 338.8 362.2 389.2 423.1 460.7 496.6 528 562.6 597.8 631.6 660 678 670.5 640.3 620.3 612.4 602.6 597.5 592 601.1
424.2 437 455.3 463.4 468.1 483 501.8 523.1 532.6 547.3 562.6 558.9 540.8 515 482.9 453.9 443.7 433.4 419.3 400.3 387.1 381 371.9 372.1 378.8 390.3 403.8 419.8 434.3 452.5 472.8 485.8 492 492.3 466.4 447.4 412.8 377.4 356.6 345.6 334.6 325.3 312.8 283.7 262.8 253.4 255.3 259.3 270 280.3 284.7 288.5 290.4 292.7 295 300.5 300.6 313.3 333.7 357.4 384.2 418.7 455.1 493.8 532.5 567.8 602.7 635.8 663.2 682.2 691.4 683.5 659.3 655.1 652.7 647 646.7 645.2
422.2 439.6 454.9 461.7 468.7 479.8 502 521.4 541.2 550.3 559.2 557.9 542.4 506.7 475.6 447.9 423.1 406.1 395.9 384.3 370.9 368.3 355.9 357.8 368.4 381.9 396.7 412.4 427.5 445.9 464.1 481.1 493 484 454.1 422.6 395.1 365.2 345.8 332.9 323 307.7 304.1 278.8 263.1 249.8 256.2 266.3 272.3 285.6 290.5 291.4 289.9 288.2 284.6 288 290.1 304.6 327.1 352.2 380.6 417.1 450.7 494.3 531.5 567.3 602 641.4 668.2 688.6 705.3 716.2 709.7 703.4 697.4 692.5 682.2 658
420.5 435.5 448.5 456 463 475.1 491.6 511.7 537 549.7 559.2 553.4 539.8 501.2 472.6 445 416.9 389.6 375.7 366.8 356 352.7 343.4 348.1 360.5 374.5 390.7 406 421.4 437.6 453.9 471.4 482 475.6 445.6 406.3 374.4 351.2 334 317.3 305.2 303.3 290.5 273.9 258.1 249.9 261.3 272.4 280.8 285.9 292.7 297.4 293.9 279.9 277.2 280.1 282.7 300.5 319.4 345.3 376.7 410.7 446.4 482.8 525.8 565.3 600.8 637.7 666.3 688.5 708.4 724.5 744.5 749 735.9 706.3 680.3 652.7
416.6 434.2 442.5 451.9 455.1 463.4 483.8 504.1 522 534.7 546.3 547.8 536.8 500.8 471.7 442.4 415.4 383.1 362.9 354 341.5 339.4 333 339.4 353.8 368.6 384.6 399.7 412.2 429.6 447.4 465.8 474.2 461.8 422.6 387.9 360.8 339 320.9 305.9 292.5 286.1 277.9 263.2 249.3 248.9 257.4 270.6 281.7 290.2 296.6 299.8 296.3 279.4 271.3 273.2 281.3 299.7 320.5 344.1 373.5 405.1 435.6 470.4 513.3 559.6 594.5 630.4 661.7 687.8 710.1 730.9 747.6 753.7 728.6 698.7 672.1 637.9
419.2 430.1 439.5 448.5 451.5 463.5 477.7 497.3 515.7 531.2 539.3 540.5 532.8 499.8 466.5 441.4 411.6 378.4 352.9 342.4 332.1 328.8 328 335.5 347.9 362.3 378.1 393 406.2 422.1 441.3 463.7 467.6 451.4 412.5 377.5 349.1 324.8 303.9 287.3 273.3 259.8 262.7 252.4 243.9 252.6 268.2 280.3 288.3 295 299.3 299.9 295.9 277.1 265.5 266.9 279.7 296.2 316.7 342.2 370.3 405.4 441.9 484.8 522.3 559.8 596.1 630.9 660.6 688.7 709.7 732.9 743.6 737 712 684.8 654.3 622.1
407.5 427.5 437.4 442.9 448.2 467.1 484.2 498.4 513.5 526.9 531.3 528.8 518.6 495 461.9 434.2 405.8 369.3 342.8 332.7 323.8 323.2 325.6 334 344.8 358.4 373.7 387.9 400.3 415.5 432.3 449.4 459.4 436.6 400.1 363.5 335.3 311.1 284.2 268.3 261.2 248.9 249.2 243.8 244.1 251.4 273.2 282.3 290.6 300.3 300.7 300.1 294 268 260.7 263.2 276.5 290.1 307.9 333.9 365.2 402.8 442 478.1 518.9 566 606.9 636.5 665 687.2 708.6 725.9 733.2 724.1 690.2 661.9 632.2 601.5
399.7 419.4 429.2 430 442.8 463.7 483.8 498.3 517 527.2 524.3 514.9 507.7 481.5 453.2 434 397.3 365.1 338.2 326.8 320.4 320.3 322.1 327.8 340.6 355 371.1 384.9 397 410.8 427.1 442 445 419.8 387.4 347.2 325.5 295.9 272.2 256.2 249.6 242.8 242.4 242.3 246 259.4 279.3 285.4 296 304.5 301.4 299 284.4 263.4 256.8 258.7 274.2 285.8 304.8 332.1 363.9 400.1 438.7 477 519.1 567 600.1 630.5 659.4 679.9 699.3 713.5 717.9 700.2 664.1 626.9 599.5 580.8
393.3 407.7 414.6 425.9 437.8 460 482.8 501.2 513.9 527.4 522.1 509.3 496.6 475.3 453.2 421.4 390.8 358.7 333.1 323.6 318.3 318.3 322.3 329.4 342.7 355 369.7 382.1 393.5 406 420.3 438.5 434.6 405.3 365.5 331.3 306.3 281.2 261 246.5 242.4 241.2 241.5 243.7 252.6 270.9 283.5 292.2 302.1 307.3 303.8 291.2 274.3 255.6 253.4 257.6 269.9 286.3 306 332.2 362.9 398.1 441 477.8 515.3 554.5 591.6 624.8 649.5 669.9 686.1 698.8 703.1 676 633.9 594.3 566.1 553.6
384.2 397.9 408.5 420.1 433.6 456.6 479.1 495.1 507.9 513.2 515.1 506.9 485.3 460.6 436.1 413.8 389.3 355 331.7 321 318.2 316.6 322.9 328.7 342.8 355.2 366.8 378.5 390.6 403.6 416.4 434.6 421.1 383.3 342.6 314.5 290 270.6 251.3 241.2 239.9 240.1 242.6 246.2 258 277.9 290.1 298.5 305.6 311.3 304.2 287.5 268.2 250.4 251 254.8 268.7 284.8 306.4 332.4 362.9 402.5 439.4 476.5 513.8 550.8 589.4 616.7 638.2 656.7 670.9 685.2 692.1 653 607 574.6 546.6 532.6
376.1 391.8 401.7 416 431.9 457.8 477.4 491.5 503.5 507.6 508.7 501.2 479.7 461.6 426.9 406.4 382.8 352.9 329.4 318.7 316.1 315.5 320 326.7 338.9 352 363.9 376.1 385.3 401.3 412.6 426.9 407.3 365.3 331.4 306.4 281.9 261.1 245.8 240.9 238.9 241.5 246 252.3 269.7 283.5 295.3 303.8 309.7 314.2 304.8 279.9 261.1 247.4 248.4 255.9 269.4 285.8 307.9 335.5 363.9 397.2 433.1 470.4 506.8 547.9 582.4 604.4 623.5 640.8 657.1 670.7 681.6 643.8 604.1 564.2 540.7 524.5
372.1 388.2 396.9 411.2 426 450.5 475.2 487.6 497.5 507.8 502.4 495.2 474.7 450.2 422.4 396.3 371.1 342.6 325.6 317.1 314.8 314.5 321.1 330.6 341.2 349.9 361.4 372.6 382 396.3 409.2 411.4 387.6 354.5 323.5 299.1 277.5 254.1 242.4 238.1 238.8 246 252.1 260.6 275.4 289.2 301.9 310.2 313.4 316 303.8 274.8 253.1 244.4 245.7 254.9 271.2 287 307.4 333.8 360.9 391.2 428.8 465.5 506.4 547.2 573.2 592.5 610.2 628.8 645.1 662 672.6 639.7 600.4 569.1 540.8 522.7
361.4 374.4 390.3 406.9 423.1 441.4 462.7 480.8 489.9 490.7 495.4 490.6 466.5 439.2 413 388.9 366.4 342.3 322.5 315.8 311.7 314.7 321.6 331.6 342.5 350.9 360.8 372.8 379.8 393 402.9 402.7 375.5 348 316.4 293.1 272.6 253.5 240.1 236.6 242.6 250.7 255.3 266.3 278.5 293.5 308.7 316.7 316.4 308.4 297.5 270.7 248.2 242.7 246.9 256.3 269 288.1 308.3 331.8 355.3 388.5 426.7 462.9 505.5 539 563.7 580.4 598.5 617.7 636.3 653.2 666 657 605.5 580.7 543.7 520.7
357.2 370.4 388 401.1 414.2 438.4 451.7 471.4 474.1 473.8 483 480.1 452.4 431 399 375.7 357.9 342.1 321.1 313 311.4 315.6 320.6 330.2 339.4 348.6 359.6 368.8 378.7 389.3 399.8 394.5 364.4 339.6 311.1 289.5 271.6 249.3 237.7 237.9 243.3 252.8 259 267.6 281.2 299.1 310.7 319.5 319.8 308.8 293.8 267.2 244.7 240.1 245.6 255.3 269.6 286.1 306.4 329.7 358.1 392.1 424.7 457.6 493.7 530 553.3 572.4 591.2 610.4 630.1 647.9 663 661.1 622.6 591.1 561.9 533.5
358.2 370.9 382.7 396.2 411.6 429.4 442.9 454.2 465.8 464.4 467.7 464.8 444.5 417.1 399.1 370 348.6 334.9 323.3 314.4 310.9 315 318.5 327.7 336.6 345.9 358.9 367.5 377.6 386.5 394.8 379.6 360 324.2 305 284.9 263.9 242.7 235.1 237.1 244.8 251.9 260.6 272.7 288.6 303.5 310.5 316.4 322.3 310.8 290.3 264.5 241.3 238.9 245.7 255 267.8 283.7 304.9 329.2 356.7 386.2 422.8 463.7 498.1 526.5 545.8 566.3 584.6 604.3 625.6 645.8 663.4 672.7 651.6 607.5 577.8 548
351 365.5 376.5 390.4 402.6 414.6 433.6 436.4 444.2 448.1 447.5 444 428.4 406.2 392.2 371.3 346.7 333.4 323.5 312.2 309.9 312.4 318.3 323.9 333.9 345.5 358.1 367.3 377.1 384.6 390.2 372 342.2 318.1 298.7 282.7 259.2 239.8 232.7 235.6 246.2 258.3 267.9 282.4 298.4 308 313 320.1 325.6 311 287.2 260.9 239.3 238.1 245.1 254.6 267.4 283 303.6 326.6 355 389.1 428.7 471.5 497.8 522 542.9 561.3 581 602.7 623.9 644.8 663.3 675.7 669.2 629.7 595.6 558.6
346 359 372.6 385.3 393.6 403.4 415.5 420.3 424.1 431.1 427.2 423.9 416.5 401.3 390.2 369.5 349.2 337.3 319.9 312.3 308.5 311.1 315.1 322.1 331.1 343.7 355.4 362.9 373.1 381.1 390.8 366.3 332 316.2 298.2 274.9 251.2 235.6 231.5 234.3 243.2 256.4 273.1 289.8 306.6 316.8 322.4 325.3 324.5 308.7 283.4 257.3 235.4 236.9 243.1 254 267.7 284.2 303.8 327.5 356.9 392.5 432 471.5 498.8 520.5 540.1 561.1 580.4 601.7 623 644.4 664 678.9 683.8 647.3 593 561.9
341.7 353.3 365.5 380 386.9 392.6 398.8 401.4 406.5 412.9 410.4 408.8 402.9 400.6 383.4 368 352.6 336.2 320.3 311.4 308.1 309 312.9 318.9 331.3 341.5 350.5 358.7 367.9 377.6 386.4 363 329.7 308.1 291.7 265.6 244.7 233.1 230.4 234.7 247.8 265.6 276.4 293.9 308.1 319.5 325.5 326.5 329.6 310.9 280.1 253 233.9 235.3 243.4 253.7 268 284.2 304.1 331.9 360 398.7 434.1 473.5 500.1 520.5 539.1 559 580.3 600.7 622 643.2 662.7 680.8 685.4 650.6 599.1 572.7
338.5 348.1 362.5 375 380.2 383.7 387.5 385.6 390 393.3 394.5 395.2 390.6 388.3 375.9 363.7 354.3 338.2 323.9 310 309.9 307.7 309.4 315.5 323.7 336.9 346.3 356.3 362.8 378 381.5 354.7 323.5 307.1 285.4 259.5 239 229.7 231 242.4 255.6 273.7 282.4 294.9 302.8 314.9 321.9 329.2 332.4 311.3 277.1 250.1 231.6 233.7 241.6 251.1 267.6 283.2 307.8 340.7 379.4 410.6 448.7 468.1 496 516.5 533.7 555.7 577.4 598.4 618.8 639.4 659.6 679 688.3 660.1 615 594.3
330.4 343.5 357.7 369.1 375 378.4 377 378.2 378 381.5 388.1 381.2 380 381.2 371.4 361.1 352.3 337.4 325.2 311.9 308.1 304.4 306 312.7 326.3 332.9 343.4 351.8 357.8 371.7 363.1 337.1 314.2 306.2 271.8 254.3 234.9 229.2 232.5 248.8 267.1 281.8 288.5 297.9 306.4 315.7 328.5 337.3 325 298 271.1 247.8 229.3 232.2 239.4 253.5 266.7 287.3 312.7 344.2 376.6 414.2 448.6 482.4 507.7 521.4 528.4 551 572.2 592.8 614.7 636.1 656.7 674.5 688.5 686.2 651 637.8
325.3 339 353.6 363.9 369.3 369.5 369.4 370.1 368.6 372.5 375.5 369.1 369.6 371.8 369.4 354 348.2 336.6 325.5 310.5 305.9 304.6 304 312.7 323 331.2 339.3 347.4 352.6 357.2 347.1 328 307.4 286.2 260.7 243.3 231.5 228.8 236.8 254.9 274.4 283.2 296.8 304.2 313 324.9 334.9 337.9 323.1 296.1 269.4 243.9 228.4 229 237.1 249.4 268.5 288.7 315.1 344.1 375.5 415 455.3 490.6 522.6 541.8 553.9 563.8 568.7 591.4 608.9 628 652.7 673.6 691.2 698.4 699.4 681.4
323.1 335.7 350.1 360 364.8 364.6 365.2 368.8 362.4 361.8 361.3 361.7 362.5 362 358.1 356 346.9 335.4 323.7 309.8 304.4 301.9 308.1 314.3 319.3 323.9 332.2 338.6 345.8 349.6 346.8 329.4 298.5 282.2 255.9 239.8 231.8 229.2 241.1 260.8 276.1 289.5 303.6 310.1 318.3 327.4 337.4 342.4 317.9 293.7 265.4 240.4 226.9 227.5 236.4 251.5 269.6 292.1 317.2 345.5 380.2 415.9 456.9 496.9 532.6 556.8 572.4 584.6 595.7 606.2 619.2 635 657 676.7 692.9 699.1 697.6 693.7
317.7 331.4 345.3 354.6 359.6 360.8 362.3 364.6 360.3 356.7 356.4 356.4 355.7 355.7 351.5 348.2 341 332.1 318.1 310.3 302 299.9 303.5 311.2 313.4 321.8 327.4 334.7 338.3 337.7 334.4 310.1 283.2 266.5 252.4 238 229 229.2 247.5 269.4 282 295.1 306.4 316.8 324.6 333 336.6 339.4 314.6 289.1 259.1 235.9 225.5 225.8 235.6 249.4 269.5 293.9 321.9 350.8 387.6 422.1 464.2 504.1 538.9 564.1 585.2 603.4 616.5 626.6 640.5 653.1 670.5 684.8 695.3 701.1 700.4 693
314 323.4 340 350.7 355.5 357.9 359.3 359.9 357.6 352.6 354.7 354.9 351.8 345.7 343.3 339.3 331.9 329 315.6 309.5 306.5 301.4 300.6 302.7 304.3 314.5 320.7 330.4 334.5 337.6 329.5 311 276 259.8 245.6 231.2 225.8 232.5 249.7 271.4 286.5 299.3 310.6 320.9 332.1 339.5 338 332.2 311 280.4 253.7 234 223.4 224.8 233.6 251.3 270 293.7 323.3 353.9 387.6 429.3 471.2 506.2 542.7 573.9 595.2 612.3 626.8 638.7 651.2 665.3 678 691.3 700.3 704.2 700.7 696.3
309.6 321.2 330.7 341.1 349.1 352.3 354.4 353.9 352 348 349.3 350.1 346.7 343.8 338.8 337.5 333.9 329.5 318.5 310 303.4 299.4 298.5 298.8 300.4 311 318.5 322.2 327.6 330.9 313.4 296.7 265.8 257 243 228.6 222.7 235.2 255.1 274.4 288.1 299.7 313.4 325 336.3 342.2 339.9 320.1 297 275.8 251.3 230.6 222.2 225.9 237.6 251.6 271.3 296.9 326.1 357.2 394 432.3 467.7 504.1 545.4 574.3 602.4 619.6 632.5 642.9 655.8 669.3 681.9 694.9 702.9 705.3 701.8 694.8
307.3 319.9 330.4 338.8 344.9 348.5 349.3 349.1 346.9 343.8 344.7 346.1 343.8 340 338.1 335.3 333.8 329.2 322.3 314.3 305.7 299.4 295.4 298.4 299 306.1 315 320.9 322.4 320.8 305.1 279.2 250.8 243.8 238.5 229.2 225.7 238.5 259.9 277.2 289.2 301.8 313.1 327.9 340.9 347.7 345.8 317.2 294.5 272.9 246.3 225.2 221 226.1 237.5 255.2 276 302.1 329.8 359 396.9 434.6 470.6 506.8 544.6 579.4 599 615.9 629.6 640.4 653.7 669 682.9 694.8 703 703.3 699.8 693.4
303.7 315.6 326 333.9 340.3 342.4 342.4 341.9 341 340.1 341.3 342.1 340.5 338.3 338 335.2 333.3 328.4 321.6 315.2 306.3 301.5 294.6 295.4 294.8 298.6 309.9 313.9 323 310.7 302.6 265.3 243.2 237.5 239.8 225.2 225 244.3 266.5 279.8 292.7 302.4 316.1 331.4 347.5 352.5 341.7 318.1 292.2 269.5 242.3 224.4 219.6 226.1 238.6 255.2 278.7 305.7 331.2 362.4 396.8 435.4 473 509 548.8 581.4 598.8 611.6 622.8 636.3 651.8 667.8 680.3 693.4 701.6 698.6 695.1 686.2
300.1 312.4 321.6 328.6 334.1 335.7 335.4 335.8 336.8 336.7 337.9 339.3 339 337.7 335.6 333.1 331.9 327.5 323.1 315.2 308.5 305.1 297 292.8 292.4 291.9 296.3 303.4 311.9 297.7 284.6 255.5 238.5 236.1 228 219.4 223.7 246.7 268.5 281.6 295.4 306.9 322.9 341.3 354.3 354.5 338.8 314.3 289.3 264.2 239.5 222.9 217.6 227.5 239.6 259.6 282.5 308.3 333.4 362.1 395.5 437.8 473.7 506.6 549.2 573.6 587.8 598.5 614.6 630.1 646.1 663.2 676.7 689.4 694.4 692.8 686.4 675.8
298.2 307.9 316.2 321.6 327.2 328.6 329.2 332.4 334 336.2 337.5 339.1 339.8 338.8 336.4 332.4 330.5 327.7 322.5 314.6 309.8 304 298.6 293.2 286.7 286.5 288 291.9 292.5 284 262.8 249.4 239.8 229.4 222.9 208.4 227.8 250.9 268.3 282.2 296.6 311.3 331.1 353.2 361.4 358.4 341.5 313 285.6 262.3 238.6 222.5 217.9 228.5 243.5 261.7 284.5 307.7 334.8 363.5 397.8 438.1 471 505.4 538.9 559.2 571.4 588.4 605.3 621.5 639.5 657.5 671.8 681.7 685.7 683.2 670.9 657.2
