ny/ny40_OST50GRID_20230518/NY40.asc
ncols 200
nrows 200
xllcorner 340000
yllcorner 500000
cellsize 50
[rows 140 to 174 of 200, columns 78 to 155 of 200]
312.6 310 309.3 302.1 305.3 305.5 307.9 310.8 306.2 296.4 290.7 289.3 286.8 292.9 292.6 291.2 288.1 291.3 296.7 302 301.3 289.4 274.9 262.1 249.5 237.4 225 209.1 191.1 170.6 152.9 149 149 150.7 151.9 152.3 152.7 156.9 161.8 164.7 178 195.5 208.3 219.9 230.7 234.9 247.7 256.9 271.5 287.2 291.3 300.1 304.2 302.7 305.6 318.2 330.9 350.7 352.1 354 351.5 349.8 338.8 336.5 331.6 322.5 313.1 311 309.4 309 309.4 309.4 309.2 309.2 308.5 308.7 308.9 308.8
308.1 304.3 302.9 298.9 303.7 304.9 301.7 300.9 295.8 289.2 282.2 282.5 283.2 280.5 281.6 278.4 282 287.3 286.6 290.5 290.1 281.1 270.8 265.6 252 237.6 226.8 211.5 192.7 171.8 155.8 149 149 151.9 152.1 152.1 152.6 157 162.2 164.6 175.8 192.8 201.2 215.3 224.9 232.7 243.4 252.2 264.8 277.2 284.3 293.6 297.3 295.9 303.8 311.5 331.1 338.8 340.2 342.7 344.3 349.5 338.5 329.2 328.7 324.9 314.2 311.1 310.7 310.1 310.4 310.9 310.1 308.8 310 310.8 309.6 309.3
305.6 303.5 296.8 293.5 302.2 296.9 290.7 291.9 288.4 282.5 279.2 276.6 273 275 274.5 275.2 279.5 277 278.2 279.7 281.4 279.6 273.1 267.5 257.4 242.2 224.4 213.9 201.9 179.2 161.3 150.2 149 151.4 151.9 151.8 152.5 158.8 161.4 165.7 173.6 184.2 194.5 203.2 214.7 228.5 238.5 247 260.4 272.1 277.9 286.7 289.8 295.4 303.2 308.1 321.9 329.4 330.6 331.3 341.9 340.5 332.3 323.5 324.1 321.6 317.4 311.7 310.9 310.9 310.7 310.4 308.9 308.8 309.7 310.9 310.3 309.6
305.9 305.5 304.1 300.7 292.7 290.1 283.2 285.1 282.4 277.1 276.3 275.7 268.5 268.8 271.9 274.5 272.8 273.3 274.6 276.8 278.9 278.3 276 269.8 259.5 247.1 227.3 218 202.9 184.7 173.1 153.5 149 150.9 151.6 152 152.4 155.5 158.6 166.4 172.5 179.8 190 199.1 214 224.3 233.1 241.2 253.5 263.8 271.6 276.2 285 292.2 302.9 307.3 315.4 321.9 322 317.9 327.1 329.4 326.8 323.8 317.3 317 316.2 314.3 315.7 315.5 310.5 309.8 308.8 314.8 310.6 310.9 310.3 309.6
306.2 303.9 301.5 296.9 288.7 280.7 277.4 275.9 273.8 268.3 268.9 268.9 265.2 263.7 267.2 270.3 269.3 271.6 272.1 273.4 277.4 274.3 276.7 269 257.9 244.4 228 216.6 200.5 189.9 173.6 153.5 149 151.2 152.1 151.8 153.4 157.3 161.1 165.1 169.9 178.3 184 195.4 209.3 218.1 226.5 234.7 241 257.8 261.8 274 282.7 290.3 296.2 301.9 310.4 316.8 316 308.6 316.4 315.4 315.9 320.1 320.9 317.8 318.8 317.1 319 310.6 309.3 308.3 310.4 315.2 310.9 310.9 310.3 309.7
303.9 301.3 294.5 293 288.2 285.2 277.4 269.1 271 267.6 265.7 264.9 262.9 259.5 263.8 262.2 261 265.5 267.5 266.6 266.8 269 272.2 266.9 256.1 243 230.9 212.9 200.3 187.2 170.3 154.6 149 151.2 151.9 153.6 154.3 156.4 161.2 165.1 171.3 176.6 181.6 187.7 204.2 214.4 222.4 230.9 242.5 254.3 260.6 271.2 278.6 285.4 292.1 294.3 303.1 307.2 306 299.1 307 305.3 306.4 314.9 318.8 314.3 316.1 323.7 316.5 309.8 308.3 310.4 316 312.5 311.2 314.6 312.3 309.6
302.7 301.5 294.3 290.1 281.7 273.9 271.2 267.2 271.3 267.8 265.2 265.3 260.2 258.4 257 257.5 257.8 260.4 261.8 259 257.2 262.2 265.8 262.5 253.2 239.3 227.3 213.8 202.3 189.6 169.8 153.8 149 150.8 151.6 152.1 152.8 154.9 160 164.9 175.4 180.7 184 192.7 208.3 215.3 220.2 228.2 241.7 251.2 258.7 266.8 273.4 280.3 286.5 290.1 295.4 296.8 295.6 291.7 302.6 304.7 307.1 309.2 311.4 315.2 320.8 321 312.8 310.3 309.2 309.3 316.3 312.9 314.3 314.9 315.4 315.2
299 298.8 293.2 288.1 282.7 273.8 267.3 265.2 269.2 263.7 261 258.9 260.3 253.7 254.5 253.5 249.9 252.8 254.1 254.5 253.7 254.5 258.6 253.3 247.9 236.5 225.3 216 206.3 193.3 176.4 156.5 149 149.7 151.6 152.2 152.1 152.8 158.7 165.1 176.4 181.2 186.3 193.4 210.2 218.4 221.4 228.2 238.7 247.6 257.6 264.5 270.3 275.9 279.7 282.2 287 289.8 288.6 285.1 293.6 302.4 298.3 309.9 317.8 315.6 315.5 311.8 310.9 310.3 310.2 312.6 314.2 313.6 317.9 316.8 319.2 320
297.3 295.1 290.5 284.7 280.9 275.1 267.6 264.9 263.7 261.9 261.6 260 253.3 248.7 256.9 253.1 246.8 247.5 249.5 250.2 251.8 247.7 250 246 243.4 231.8 223.9 216.9 209.6 198.9 181.4 162.9 149 149.4 151.2 151.7 151.9 153.1 157.1 161.5 175 182.9 187.5 190.7 208.2 214.7 217.4 226.1 236.4 248.2 253.2 257.2 265.3 267.9 271.7 275.6 279.9 283.8 281.5 280.5 287.7 288.4 299.3 314.3 317.6 315.1 310.1 309.4 309.7 311 310 310.9 310.4 317.3 317.8 322.4 324.6 328.1
296.2 290.9 284.5 283.4 280.4 277.9 269.7 264.5 262.8 261.5 259.1 255 257.6 255.6 250.2 252.3 246.6 240.8 245.5 245.7 243.5 241.4 240.1 237.7 235.6 228.3 224.1 219 207.5 194.1 177.6 164.7 153.3 149 150.6 151.5 151.7 153.8 155 161.8 172.2 183.3 191.6 195.3 205.3 211.3 213.1 222.4 236.9 246.1 248.4 251.6 258.8 262.4 267.3 267 272.6 275.5 272.2 276.2 277.7 285.6 299.2 308.6 310.1 311.3 307.5 306.2 307.8 309.2 308.4 309.3 310.1 313.7 317.1 324.1 328.9 332.5
293.5 289.7 286.6 283 279.8 275.8 269.4 267.2 264.2 261 257.6 260.5 259.6 255.7 244.9 247.1 242.4 234.4 241.3 239.8 238.2 232.8 232.3 232.2 230 223.3 215.4 207.5 201.2 192.2 183.3 168.3 155.1 152.5 151 151.1 151.9 154.1 156.6 165.2 175.9 182.4 191.8 194.7 201.7 209.6 211.6 218.8 235 241.5 243.5 246.9 253 257.7 260.5 261.6 264.8 265.2 262.2 264.9 273.1 277.4 292.5 300.7 305.7 304.2 302.4 301.3 306 307.3 307.5 306 312.8 314.6 320.2 327.1 332.2 335.4
295.6 289.7 285 281.1 279.9 274.6 268.7 267.1 265.4 263.5 262.8 261.4 261.8 258.3 245.6 236.5 231.9 231 233 233.7 231.8 225.9 225.1 225.3 221.7 215.2 207.5 205.4 198.3 194.8 187.1 169.3 158.3 153 150.8 151.7 152.3 154.6 162.4 168.9 171.4 179.7 188.2 194 199.9 204.5 213.7 223 232.5 237.8 239.8 240.6 245.4 248.8 253.5 258.7 263.9 263.5 263.4 264.6 271.4 273.3 278.4 290.3 296.6 300.8 300.2 299.5 302.9 303.8 302 303.9 313.2 320.6 324.5 327.3 332.6 336
293.3 287.2 283.9 280.7 277.2 274.6 267.8 265 263.3 262.8 262 260.9 261.7 258.5 246 235.2 228.5 229.2 228.5 223.2 223.1 217.7 218.2 221.5 217.9 206.8 201.6 201.1 200.5 199 187 170.9 160.8 154 149.5 151.4 152.3 156.8 164.2 163.6 170.2 180.6 187.5 189.6 197.1 202.2 211.6 221 228.9 235.1 237.8 234.1 242 236 247 256.6 262.8 257.1 261.6 264.7 268 268 272.6 283.4 290.9 295 296 293.7 298.5 299.6 294.8 301.2 315.9 324.3 324.3 325.4 329 333.3
293.9 289.1 283.7 279.6 276.5 273.4 265.8 263.2 262.2 262 261.6 258.9 257.1 253.5 245.9 240.6 226.9 224.4 221.9 219.2 214 210.4 211.7 215.9 207.8 200 200.2 199.2 205.9 200.2 188.1 171.7 160.3 153.3 149 151.1 153.9 156.4 159.6 162.1 165.6 174 179.9 186 193.7 201.7 207.8 219.3 221.7 232.1 235.8 234.2 231.8 231.5 242.7 254 256 257.7 261.1 261.9 262.9 262.6 270.1 278.9 287.1 290.5 291.1 284.4 291.6 291.1 285.3 304.2 317.2 321.9 322.6 321.2 323.3 326.7
291.1 284.5 279.2 272.2 272.1 269.1 262 261.6 260.5 260.5 259.8 257 255.9 253 245.5 235.2 232.5 225.2 217.8 209.8 207.1 206.6 208.6 203.8 200.4 198.6 198.7 204.7 206.9 194.5 177.7 169.7 157.5 153.3 149.9 152.7 154.6 154.8 159.9 167.3 169.7 174.7 181.5 191.4 199.2 197.7 207.1 214.5 216.1 227.4 231.8 225.5 226.7 226.6 238.4 248.4 254.6 255.1 254.1 257.4 255.2 259.9 265.9 270.4 280.1 284.7 285.6 281.8 281.3 281.3 288.6 303.4 315.2 314.6 320.5 320.4 320.2 322.9
290.7 283.7 275.2 269.3 266.7 263.5 258.9 259.3 258.1 260 258.2 255.2 253.7 251.5 248.3 238.1 234.2 227.3 216.4 210.3 208.2 198.4 199 197.2 194.7 194.4 199.9 203.1 199.9 186.7 174.2 168 160.9 154.7 149.3 152.2 154.3 157.4 158.7 164.1 170.4 178 184.8 192.1 200.6 202.4 206.2 209.5 216.1 221.8 224.2 222.4 222.8 229.2 238.8 245.5 250.7 251.7 251.4 252.7 260.7 261.3 262.7 265.4 271.2 274.9 280.3 278.7 279.6 283.3 293 299.9 308.9 312.4 314.4 319.7 322.4 330.5
292.3 282.1 274 267.1 262.3 259.6 259.4 258.6 255.3 255.9 254.4 250.5 250.2 250.1 246.7 237.9 235.4 229.2 219.7 211.4 203.8 194 190.8 189.2 188.5 195 198.1 197.3 189.3 176.9 171.1 160.3 157.3 153.8 147.9 152.5 154.4 155.6 161.2 161.5 172.9 177.7 185 192.6 202.4 207.8 209.7 215.4 218.7 219.7 219.4 222.2 227.3 231.7 244.1 248.8 251.2 247.8 251.3 254.7 259.7 261.2 262.7 264 268.2 275 272.2 275.6 283.3 282.2 290.7 298.5 308.3 309.7 313.2 324.1 329.3 339.6
287.4 279.8 273 264.9 258.9 256.8 258.7 256.8 254.7 251.6 250.1 248.1 248.3 247.8 245 238.3 236.1 233.4 222.2 213.9 204.7 192.6 182.4 182.4 183.1 189.8 194 188.8 184 173.5 164.9 162.6 154.7 154.3 149.3 153 154.7 155.8 162.5 165.3 173.6 181 189 199.3 207.1 210.3 213.1 214.1 218.9 222.8 220.4 219.1 224.4 235.8 243.1 248.6 247.1 246.9 250.2 253.4 256.5 261.9 261.8 263.3 271.1 270.9 272.5 274.7 278 280.6 285.5 294.5 305.9 310.2 320.2 332 337.6 343.8
285.3 276.5 269 262.1 257.7 255.6 256.7 250.7 247.3 251.7 252.6 250.2 247.3 246.3 244.5 238.3 234.8 230.3 223.5 213.6 203.3 196 184.2 178.2 180.2 175.4 178.2 183.7 182 172 161.7 156 155.3 154.8 153.8 153.2 155 158.3 169.3 171.5 178.4 183.8 196.5 204.4 209.6 213.8 215.6 212.5 220.6 220.6 219.8 219.1 222.4 224.4 234 246.1 244.2 246.8 251 254.7 255.1 263.4 261.2 260.1 268.4 271 269.4 269.1 267.8 275.5 280.7 296.2 309.4 317.5 326 335.3 341.4 353.3
280.8 274.8 264.6 256.2 253.3 251.4 251.5 247 249.4 250.5 251.6 252.9 249.5 245 241.8 238.5 231.3 228.1 221.8 218.3 205.7 199.9 192.7 180.4 171 169.4 173.1 180.1 186.2 174.8 161.5 156.9 157.3 154.5 154.2 154 154.5 155.3 164.6 172.6 177.7 191.2 197.5 205.5 214.2 215.5 217.9 213.2 218 219.3 218.4 219.8 224 224.5 229.3 230.7 239 246.2 248 252.1 254.2 257.6 258.6 259.7 265.1 264.8 265.3 263.3 265.5 270.2 273.4 295.4 311.8 318.3 328.6 336.4 344.9 356.1
280.5 272.8 261.9 255.8 251.4 247.6 246 247.3 249.2 249.8 252 248.4 246.4 244.4 240.7 234.6 227.8 225.9 222.5 219.4 210.2 202.1 198.2 186.8 184.1 166.1 171.1 173.2 173.6 167.3 163.2 155.5 156.6 155 153.1 153.3 160.1 162.3 171.4 173.3 179.9 190.9 200.2 211.2 216.8 218.4 218.8 213.6 217.1 218.1 218.5 219.1 221.6 225.4 230.9 232.6 238.3 240.4 245.1 250.9 250.6 254.2 254.6 259.3 262 261.6 260.9 263.9 268 268.5 275.6 299.6 310 319.6 329.7 337.6 343.7 360
280.5 274 262 256.9 249.9 247.2 244.8 243.8 244.6 249.4 251.1 249.8 244.4 243.6 239.6 233.7 228.1 224.4 223.7 218.8 208.6 204.7 198.2 200.5 184.2 164.9 168 168.4 166.4 168.7 161 155.2 154.4 153.6 151.3 152.1 159 166 169.3 172.1 182.5 191.2 202.9 214.7 221.9 219.9 217 215.3 220.9 219.7 220.6 219.9 220.2 229.4 232.9 239.1 240.6 244.3 244.4 248.2 250 250.4 250.5 253.2 256.5 258 263.8 264.6 266 271.1 280.7 298.4 308.9 319.4 329.1 338.6 346.5 359.8
281.1 269.7 260.6 256.2 252.5 250.5 242.7 240.8 244.4 244.8 247.9 246.7 244.8 243.2 238 233 229.1 224.4 221.2 215.1 213.7 211.6 203.3 197.2 187.3 172.3 160.5 166.3 164.4 163 158.2 154.7 153.7 151.8 146.5 150.5 156.7 163.5 165 177.4 186.3 195.1 206.2 217.6 225.3 225.7 220.1 222.7 225.3 225.8 222.6 219.1 225.9 233.9 238.6 244 246 245.2 245.6 246.2 246 247.4 248 248.7 253.3 260.9 267.7 268.4 268.7 271.4 278.5 297.4 309.2 318.4 329.6 340 351.1 363.4
274.9 266.9 262.9 255.7 255.4 251.6 240.6 240 238.4 243.1 244.5 244.1 243.5 241 237.8 233.3 229.6 224.9 221.6 219.6 217.3 212.7 206.4 194.7 187.4 178.8 161.4 162.5 163.5 162.7 157.5 154.2 151.8 150.3 144.8 150.5 156 161 168.3 183.6 191.6 201.8 211.1 222.8 230 229.7 227.6 226.7 228.1 226.7 219.8 219.4 227.3 235.6 240 246 249.1 244.4 244.6 244.7 243.1 243.1 243.7 245.8 255 269.7 276.4 276 271 273.1 277.7 297 307.6 318.3 333.7 344 352.5 360.6
274.6 267.2 260.7 257 257.6 250.4 244.5 238.9 236.5 236.9 241.8 241.2 239.7 236.3 236.4 232.2 228.8 225.6 222.9 221.1 220.2 217.3 210.5 198.5 185.9 179.9 164.7 158.4 159.2 156.8 151.2 151.1 148.7 146.7 144 148.3 152.9 162.3 174.1 190.4 197.7 207.5 216.7 228.8 234.9 235 234.1 232.3 231.1 223.4 222.8 222.6 228.8 236.8 240 243.6 244.7 245.5 245.6 244.2 242 240.3 241.5 243.6 258.4 273.3 280.5 283.4 277.1 275.7 281.2 296.6 304.3 327.8 335.1 347.2 354 360.5
272.2 263.2 258.8 254.8 254.8 248.9 244.6 237.4 236.8 234.1 238 240.7 236.5 234.4 233 230 227.7 226.4 222.8 223.3 220.1 221.8 214.8 200.4 185.4 173.8 168.5 155.7 153.9 153.7 150.1 146.5 143.8 146.8 147.7 152.2 156.3 169.1 183.4 191.4 204.3 210.8 220 232 238.1 235.6 236.8 237.5 230.2 225 229.3 228.2 229.8 235.8 239.3 241.6 246.9 247.5 244.8 241.6 239.8 239.3 239.4 244.1 255.4 268.4 275 283 284.4 277.8 282.3 293.9 305.5 317.8 329.8 344.5 354.9 362.1
267.5 259.6 254.2 252.8 252.7 247.6 242.7 237.2 235 235.8 232.4 234.6 236.1 235.7 232.9 229.9 228.2 228.6 229.2 232.6 221.6 214.8 214.6 202.4 187 174.7 168.3 157.2 148.8 153.2 149.3 144.6 149.1 149.9 151.1 158.7 165.1 174.7 185.6 198.6 211.6 216.7 224.8 234.4 239.5 238.7 239 235.9 228.7 227.1 233.5 231.7 230 237.2 241.5 245.4 249.7 249.8 243 238.3 236.7 236.8 241.3 243.5 252.5 262.8 270.3 274.3 282.4 284.2 287.3 302.3 307.8 317.3 325.2 337.9 350.1 359.8
260.2 257.3 253.1 250 251.4 248.3 241.8 237.2 237.1 234.8 232.7 232.6 231.4 233.4 231.4 230.3 230.1 232.4 234.8 231.1 222 214.9 205.1 199 182.6 175.4 167.5 158.3 153.2 148.4 144.9 145.1 148.6 149.4 149.7 154.4 160.4 171 187.3 204.3 211.7 221.4 229.5 231.3 235 239.6 244.6 234.4 232.5 230.1 239.9 234.1 233.2 238 242.5 244.1 247.2 246.4 238.6 235.2 233.9 235.9 242 244.9 250.4 258.3 267.8 271.6 277.2 283.4 290.5 304.2 310.3 319.2 331.3 347 356.3 362.5
260.9 252.5 249.9 246.9 247.8 244.1 239.2 237.3 238 232.9 232.5 235.1 232.3 230.6 230.5 231.5 234.5 237.1 239.5 236.3 223.3 211.9 208.1 196.3 185.2 173.8 172 157 151.8 146.6 143.7 145.1 147.1 146.4 147.3 151.3 156.1 171.1 184.7 197.1 217.5 232.5 240.4 242.6 236.8 236.4 242.6 239.4 237 233.1 237.1 236.8 238.5 239.3 240.3 243.3 245 242.8 235.8 231.5 235.1 237 239.6 246.8 251.8 257.9 266.2 270.7 274.4 281.6 290.5 301.2 317.2 325.8 339.5 351.2 363.7 372.6
255.8 250.8 248.8 244.6 244.9 243.8 239.2 236.5 235.2 232.5 232.3 235.5 234.8 232.2 233.2 234.1 235.7 238.6 240.4 237.8 220.1 213.4 206.6 195.9 185.6 169.2 166 155.9 159.5 149.8 143.6 140.5 143.2 146.2 143.4 147.5 156.2 168.9 186.4 201.6 219.3 241.2 251.9 255.1 249.8 244.4 241.9 245.8 242.6 240.8 239.3 239.1 242 242.6 242.4 241.6 241.7 238.3 233.5 228.4 232.7 231.2 237.4 245.4 249.7 254.2 260.4 270.4 278.8 287.4 294 309.9 327.4 333.7 353.3 358.1 365.8 377.9
248.2 246.2 245.1 241.6 241.4 240.9 233 233.9 232.7 232.1 232.2 233.8 233.1 233.9 235.6 237.1 240.2 240.7 239.2 235.2 225.1 215.5 206.6 195 184 169.3 159.3 154.3 150.7 147.7 147.3 140.8 138.7 140 140.7 145 154.7 171.4 189 203.7 220.5 245.5 255.9 262.5 262.3 258.1 253.1 249.9 245.6 252 247.9 244.4 243.7 241.4 238.5 238.8 237.7 234.8 229.8 224.6 228.2 226 233.4 241.7 247.3 248.9 262.2 270.7 280.9 290 293.1 312.7 329.3 335.9 351.7 358.2 369.4 385.2
243.2 239 237.6 237.2 238 238 233.3 231.6 231.9 231.9 232.1 232.5 234.5 237.8 240.5 243.2 243.5 240.7 236 232.8 223.6 215.6 206.3 198.6 184.2 173.4 164 158.6 151.5 149.1 147.4 143.8 135.3 136 139.2 140.6 150.9 173.2 188.2 207 224.3 243.5 253 272.6 272.3 270.7 267.6 260.4 256.2 257.1 257.4 251.7 247.1 241.5 237.4 235.3 235.5 232.4 228.1 220.6 221.3 222 230.3 240.1 242.8 248.4 258.6 267.9 280.8 288.3 298.1 316.6 330.5 340.8 352.6 361.6 371.4 388.8
244.4 239.2 237.4 233.6 233.4 234.4 233.6 231.2 231.5 231.7 231.9 234.8 237.7 240 243.1 244.3 245 238.1 235.3 231.2 224.3 216.9 210.2 202.7 186.3 176.2 166.9 158.6 148.9 146.5 145.6 142.6 138.3 135.5 135 139.1 152.9 173.2 188.8 207.9 223.7 238.6 250.3 274 273.5 272.6 276.4 273.7 269.3 263.8 264.6 259.6 252.3 244.8 238.2 238.4 231.2 228.6 223.5 217.1 217.3 223 226.4 233.8 242.5 255.4 259 266.7 278 292.7 303.5 317.2 336.7 344.5 351.5 358.9 375.5 386.1
243 238.8 234.3 233.7 232.6 231.7 231.1 231 231.9 233.9 234.9 235 236 237.2 242.4 244.2 242.7 240.3 234.1 228.7 222.8 214.3 208.1 200.6 186.3 176.3 171.2 156.7 147.3 145 140.6 139.9 139.4 136.3 134.3 139 150.8 174.1 192 207.6 220 238.7 248 263.4 271.7 274.9 286.6 287.9 286.6 277.1 268.8 262 256.7 250.7 240.5 237.3 235.8 224.4 220.9 215 213.5 217.5 222.3 232.4 246.6 255.9 258.2 266.2 279.4 292.1 302.3 321 334.5 341.6 353.2 356.9 374.7 382.9
244.3 234.7 235.7 232.3 236 232.6 233.7 232.8 232.5 233.9 237.2 237.9 239.9 241.1 242.5 243 244.2 238.9 235.7 231.9 224.7 218.4 209.4 198.4 189 178.8 167.1 157.8 151.3 145.6 140.5 139.5 139.1 135.9 132.8 137.8 151.9 169.3 189.9 206.3 223.8 234.8 245.7 257.3 268.6 280.4 290.1 290.5 294 287.9 288.9 282.4 263.6 255.3 244.5 237.3 239.3 224.8 219 213.7 212.5 216.3 221.3 231.2 241 251.3 254.3 269.2 281.1 291.7 305.2 313.3 327.3 343.8 346.9 356.3 373.3 382.9
