ny/ny40_OST50GRID_20230518/NY40.asc
ncols 200
nrows 200
xllcorner 340000
yllcorner 500000
cellsize 50
[rows 70 to 104 of 200, columns 78 to 155 of 200]
604.2 590.3 575 562.4 554.9 541.6 515.7 490.8 452.2 419.9 382.2 348 324.7 309.8 296.4 287.8 283.4 278.9 266.9 259.9 267.6 268.9 265.4 264.5 266.4 257.7 249.2 243 238.7 232.2 226.9 224.9 221.1 217.6 217.6 217.7 217 216.6 221.2 235.1 256.3 274 277.6 296.8 310.9 317.8 318.9 335.6 355.8 367.3 365.5 374.8 386.7 398.6 415.9 432.6 451.2 469.3 489 505.9 519.9 532.8 545.4 557.5 567 571.4 576.1 572.6 549.9 506.9 470.5 441.7 418.7 403.1 384.9 365.6 345.2 324.8
585.1 571.9 559.3 550.8 541.4 528.8 505.4 464.6 425.3 398.6 370.5 347.5 327.5 310.3 298.9 290.9 284.8 283.1 280.1 273.8 279.1 278.8 275.7 272.5 269.7 266.1 258.6 251.3 245.6 240.3 233.7 229.3 224 218.2 216.9 216.7 216.5 216.4 216 222.6 239.8 251 270.3 283.6 302.4 305.2 308.2 320.9 342.6 344.8 352.7 370.3 384.2 397.9 413.1 432.7 449.7 468.2 488.7 502.8 517.8 529.2 542.7 557 565.1 572.4 576.2 574.9 547.9 512.6 474.7 441.1 419.4 401 384.4 369.1 355.9 332.5
574 559.6 548.1 536.2 526.9 517.3 502.3 484.6 452.5 404.8 377 341.2 323.2 308.2 298.4 291.9 291.5 288.4 284.4 285.5 286 285.5 281.8 281.9 278.9 275.1 266.3 260.5 253.8 250.1 244.8 237.3 228.7 221.1 216.4 217.4 217 215.9 216.3 215.8 232.8 240 247.4 258.5 271.7 289.1 294.6 304.5 323.2 321.4 345.5 363.5 379.7 396.7 414.4 429.9 447.8 466.9 483 502.7 518.6 526.9 542.2 554.3 564.6 572.4 578.2 578.7 551.5 511.8 476.3 451 432.1 416 393.7 370.4 351.1 339.7
565.2 552.1 537.6 523.1 514.2 503.4 491.9 473.9 442.4 404.3 367.7 338.7 318.5 307.3 300.9 301.4 297.6 292.6 291.6 294.1 298.4 300.8 293 295.6 290.4 281.7 274.2 268.3 265.5 260.6 251.8 242.9 238.6 229.6 217.7 216.4 216.4 215.9 215.2 215.1 218.5 222.9 225.6 234.3 249.2 272.1 275.7 284.4 296.8 318.4 331 356.5 375.2 393.1 411.7 430.3 450.3 464.2 477.9 496.9 508.8 521.6 537.6 552.2 565.1 573.4 580.1 582.5 558.7 534 492.7 473.6 453.4 420.1 393.9 369 346.4 335.2
556.3 546.5 530.3 513.5 498.6 490.6 474.7 456.5 428.9 391.6 358.8 334.6 320.3 310.8 310.1 303.7 299.2 299 301.5 306 311.9 309 301.9 299.3 293.6 290.4 281.4 274.6 269 265.6 259.3 248.7 243.7 236.2 221.9 215.7 215.9 215.7 214.7 214.7 214.5 215.4 224.3 222.2 230.1 248.3 259 258.3 283.5 296.1 317.9 349.1 371.1 388.5 408.8 430.5 446.2 460.4 473.5 485.5 503 515 532.3 547.3 563.1 574.9 581 578 563.8 542.3 508.4 481.1 463.7 435.3 396.7 376.1 355 341.4
549.9 534.1 519 503 486 475.2 458.3 441.8 411.4 383.2 351.9 331 321.9 316.8 314 310.2 306.4 312.7 317.8 323.2 322.3 314.8 307.5 306.5 303.9 302.3 295.8 277.9 273.8 270.2 263.4 249.6 239.5 227 219.6 215.6 215.5 214.8 214.5 214.4 214.2 214.6 213.9 215.3 220 229.5 241.6 252.9 267.6 276.8 300.5 329.9 358.6 384.7 407 429.2 440.8 454.7 470.7 481.3 495.5 511.5 527.1 541.9 556.9 571.2 581.2 579 559.5 532 502.6 472.3 449.7 424 397.1 375.4 359.7 349.7
540.8 523.6 507.2 491.9 475.2 462.4 444.7 422.2 402.3 373.6 347.6 334.2 328.2 325.7 323.9 318.1 315.5 323.7 330.8 332.1 329.7 318.7 313.8 310.4 309.6 312.2 298.3 284.8 276.7 270.5 260.8 255 251.7 239.2 224.3 216.3 215.2 214.9 214.4 214 214 214.3 214.3 214.5 217.2 222.3 229.7 241.5 254.7 263.9 286.3 320.1 348.1 375.3 396.2 428.2 433.2 446.3 460.6 477.1 489.9 508.4 522.7 538 554.4 571.2 572 578 562.1 524.7 506.1 474.1 441.8 420.1 389.1 376.1 366.7 359.6
535.9 521 501.2 483.2 459.5 443.7 426 408.3 388.4 366.2 348.8 342.6 337.1 332.9 326.2 329.9 329.2 333.9 341 343 339.2 328.1 322.1 314.4 316.2 311.6 300.9 293 281.8 276.2 267.2 258.8 250.4 241.1 228.8 223.6 222.9 222 214 214.2 213.3 213.7 213.6 214.5 217.3 219.6 226.1 233.6 243.7 255.5 273.9 301.9 331.4 361.7 387 409.5 418.6 438.5 454.1 469.6 489.1 506.7 522.5 537.9 550.7 564.4 565.1 572 559.9 527.3 496.7 479.3 447.1 416.2 396.3 377.5 376.6 368.2
533.2 517.1 500.4 480.4 465.4 449.3 421.5 395.2 380.6 367.4 356.2 347.5 344 336.2 330 332.9 342 343.5 348.1 354.7 349.2 337.6 331.2 320.8 315.4 307.6 302.7 299.2 287.3 286.2 275.8 264.6 250.5 238.7 228.3 229.4 223.8 223.1 213.4 213.8 213 213 213.3 214.3 216.1 216.5 219.9 224.5 231.8 246.4 270.5 292.8 320.6 348.3 371.1 390.2 408.9 428.9 447.4 465.2 481.5 505.2 524.2 533.3 545.8 560.3 558.3 546.9 547.3 517 488.7 464.4 437.8 415.3 394.8 391.7 387 378.4
531.1 514.3 499.1 478.4 460.8 448 434.1 406.7 385.5 370.1 362.1 352 343.6 341.7 341.1 345.7 350 352.9 355.7 352.7 345.1 341.3 336.4 329.5 322 315.4 304.2 295.3 291.7 290.3 281.6 272 254.6 243.7 225.4 223.2 222.6 217.9 213.2 213 213.1 212.9 212.9 213.6 214 214.3 214.3 216.8 227.7 240.7 264.3 288.4 312.1 334.1 356.3 377.2 402.1 421.7 437.8 461 477.9 503.8 519.4 529.8 538.6 548.7 548 534.4 531.6 503.2 482.6 464.6 433.3 418.2 400.6 406.3 389.4 381.5
529.1 511.1 498.1 479.5 454.8 441.2 430 406.2 386 371.8 359.3 349.8 349.4 352 356 358.1 357.6 356.1 353.7 349.2 345 342.7 339.8 334.8 328.7 318 309.6 304.8 301.8 298.3 285.8 277.7 269.9 259 241 227.9 224.6 213.7 212.9 212.8 212.7 212.8 211.7 212.4 212.4 212.6 212.9 214.7 227 237.9 258.2 282.4 299.2 323.7 350.5 369.9 390.2 410.1 435.3 457.6 471.6 495.2 508 526.9 531.4 537.5 539.2 526 516.9 495.6 481.6 455.6 440.1 418.4 410.1 411.5 393.2 381.7
517.7 505.2 489.5 473.4 450.2 434.4 417.9 398.9 383.9 366.8 363 363.3 364.4 365.4 369.1 370.1 364.5 362 360.8 356.5 354.4 351.5 346.4 343.2 333.1 327.1 317.1 310.3 305.6 299.7 297.6 292.4 276.9 262.6 245.8 230.7 218.6 213.1 212.2 212.1 212 211.8 210.5 212.5 211.8 211.6 211.9 214.5 222 234.7 247.6 263.6 284.8 316.3 340 363.9 381.4 402.4 422.5 445.7 463 476.6 500.2 514.5 522.5 533.3 532.2 520 502.1 489.2 473.8 456.3 439.8 420.3 412.6 403.5 393.5 385.9
515.7 501.9 485.2 467.5 452 435.6 417.3 399 387.1 388.6 379.7 375 374.1 376.4 377.8 378.2 375.4 372.9 369.5 366.5 364.5 359.5 356.5 353.8 343.3 331.1 325.2 318 312.1 307.9 314.9 310.7 295.6 275.7 253.8 239.8 224 212.7 211.8 211.6 211.5 211.1 212.1 212.2 212 211.3 211.6 214.9 225.1 232.5 240 253.9 273.6 302 331.3 356.1 372.1 392.9 412.7 433.9 451 471.1 488.7 503 513.8 515 512.6 504.9 485.9 476.1 468.3 454.9 437 428.3 415.6 402.8 400.5 393
515.8 497.5 482.9 469.3 454.1 436.7 421.8 404.1 402.6 397 394.2 390.2 386.9 387.2 388.2 386.4 388.8 382 376.6 373.4 371.2 365.8 360.1 356 347 343.2 331 325.2 319.3 317.7 316.8 310.4 304.6 293.2 268.7 251 235.2 218.8 210.8 210.9 211.3 211.6 211.3 211 211.1 211 211.1 212.9 222.6 229.9 234.5 248.1 267.7 291.2 320.3 347.1 368.3 387.5 405.1 424.2 443.6 469.9 483.9 494.6 501.8 505.1 509.2 491.6 486.5 478.8 469.1 462.5 449.6 441 422.6 410.6 406.3 392.7
512.8 495.8 483 468.8 458.2 446.6 431.6 424.2 416.8 408.7 404.9 402.8 397.3 400.4 398.8 396.4 393.8 384.2 380.7 380 379.9 375.2 368.7 360.4 351.6 347.3 337.1 331.6 332.7 331 331 322.2 310.3 296.8 280.5 262.4 250.1 232.2 216 211.5 210.7 211.2 210.8 211.3 211.6 210.8 210.8 212.2 216.6 224.6 234.6 253.4 269 290.9 317.2 338.8 360.9 381.6 395.2 412.8 433.2 452.1 468.4 481.8 493.4 502.2 500.4 491.7 486.8 480.7 472.1 460.2 464.4 450.8 427.2 413.4 409.6 392.6
510.8 497.5 484.9 471.9 464.1 452.6 441 433.1 426.2 418.9 415.1 410.1 407.6 406.1 404.5 405.8 399.4 387.5 385.1 384.5 385.8 373.7 369.6 364.7 361.5 353.8 344.9 338.1 342.9 341.6 345.2 336 324.4 310.6 291.9 271.5 261.6 246.2 226.7 211 211.3 210.7 210.5 210.8 211 210.7 210.3 211 215 224.9 239.2 253.1 269.2 289.2 312.2 334.4 353.7 371.9 387.3 397.7 414.9 442.3 455.6 469.5 486.1 489 486.4 489.4 483.8 480.3 469 467.4 462.3 452.5 433.9 413.9 401.6 398.8
509.1 496.6 485.4 475.4 465.6 454.3 447.2 436.3 432.5 427.3 426.9 420.5 417.5 410.9 412.2 408.6 408.4 398.5 394.2 393.8 395.5 380.7 372.3 369 372 361.4 351.4 344.5 344.7 346.2 347.9 341.7 328.3 316.6 314.8 284.5 271.3 260.3 243.6 221.6 210.8 210.5 210.4 210.2 210.2 210.7 210.3 210.1 212.7 220.9 234.5 246.4 262.9 289.7 309.1 323.7 346 362.4 381 394.5 405 425.2 446.1 455.6 468.4 478.9 483.5 489.2 482.8 482.9 467.4 463.2 456.5 443.7 430.3 412.3 400.6 386.7
507.7 497.2 487.5 479.7 470.6 459.2 452.2 444.4 439 440.9 434.3 426.8 423.5 419.4 413.9 412.3 413.7 411.9 404.5 406 409.5 385.1 378.2 375.3 371.3 364.5 363.2 353.4 347 352.3 353.4 345.3 327.8 311.2 303.7 284.5 278.1 266.7 257.2 237.6 216 210.7 210.4 210.3 210.2 210.3 209.7 209.4 210.3 218.6 231.8 242.7 263.4 291 302.9 318.2 337.9 356 379.7 390.5 397.9 411 430 446.1 460.9 463.1 476.5 480.5 485 479.9 473.9 461.6 454.7 438.9 422.1 409 391.8 376.7
508 499.5 492.1 484.1 474.6 464.7 459.6 452.9 446.5 447.6 444.5 433.7 431.5 426.5 422 418 415.9 415 411.5 408.8 412.1 397.9 387.1 384.1 373.7 366.4 358.4 354.5 347.4 346.4 357.7 357.5 332.6 310 298.6 283.9 275.2 263.1 254.8 240.7 225.6 209.8 209.9 209.6 210 210.3 209.6 209.5 209.7 216 232.5 245.2 263.1 284.3 296.7 317 331.4 351.1 370.7 383.9 390.5 403.4 417.1 431.1 447.2 457.5 468.9 478.2 482 478.1 476.8 462.1 450.6 432 416.1 394.5 385.7 377.8
510.3 503 494.7 486.8 480.2 469.6 464.5 458.6 453.7 454.9 457.7 442.7 437.8 432.3 428.3 424.2 422 422.6 421.3 414.4 406.6 410.6 396.5 387.1 375.4 372.7 362.2 355.6 349.2 345.6 340.9 354.5 335.6 319.4 300.3 288.1 269.5 259.6 252 247.9 232.3 212 209.7 209.8 210.3 209.6 209.2 209.2 209.3 214.5 230.2 242.5 258.3 274.7 291.3 309.5 326.9 347 361.7 373.9 384.5 395.3 405.8 417.7 430.8 448.5 462.6 471.9 474.8 471.8 467.7 457 450.2 431.4 405.8 387.6 382 377
511.9 505.8 497.4 491.2 484.8 479.6 471.4 462.3 459.8 460.9 463.4 451.8 442.7 437.3 431.3 430.3 433.1 438.5 436.1 417.5 408.3 405.7 401.2 385.5 377.2 375.7 372.7 361.9 354.7 354.7 342.7 329.4 326 317.8 300.1 287.4 274.4 259.1 246.7 235.9 225 214.8 209.3 209.4 209.8 208.8 209.1 209 209.3 214.2 237.4 244 255.7 270.5 286 302.5 320.8 342.6 356 361 373 390.4 401.8 409.5 427 448.7 464.7 466.7 471.4 464.1 456.4 442 432.9 416 401.7 387.8 372.6 366.2
513.7 507.8 501.3 495.6 491.7 488.6 482.4 472.9 467.7 462.6 464.6 457.7 446.9 443.2 441.6 442.6 441.7 435.9 421.3 410.2 409.8 401.9 403 389.8 387.2 383.2 378.8 365.2 356 357.7 348.3 341.6 325.3 319.8 296.7 283.9 269.3 261.1 244.1 225.6 213.9 210.7 208.5 209.4 209 209.7 209.3 209.1 209.3 217.1 231.9 243 255.3 264.5 278.3 293.8 311.3 332.4 346.2 352.6 363.3 381.3 392.3 408 424.5 450.8 458.3 469 463.6 455.3 443.8 430.3 417.3 406.8 398.7 391.1 376.5 361.9
515.2 509.9 505 500.3 497.4 495.1 489.5 481.4 467.8 460.1 461.1 458.6 452.8 448.6 447.2 451 441.4 430.9 419.3 409.3 405.6 402 399.9 391.2 396.4 391.1 393.6 375.3 358.1 347.1 345.4 346.2 341.7 330.1 297.1 276.6 272.6 267.6 251.3 226.2 211.1 209.6 208.4 208.9 208.7 209.3 209.3 209.1 211.3 221.6 229 239.4 250.7 260.1 267.8 288.7 302.7 315.5 330 343.4 357.5 371.9 388.2 400.7 420.4 445.8 460.1 471.5 463.9 455.1 436.8 417.8 414 409.9 399.1 389.8 370.5 363
519.2 511.8 505.5 501.9 500.7 497.6 495.3 490.4 472.8 460.6 458.7 458.3 458.1 452.7 451.9 457.8 443.5 429.9 421.4 410.2 405.8 400.1 402.1 391.4 389.1 394.4 400.6 381.5 360.6 346.3 344.4 329.3 335.2 325.6 298.7 283.6 273.1 266.2 249.4 226.3 210.9 208.8 208.1 208.4 208.5 208.7 209.2 209.7 213.5 223.2 228.5 235.2 246 253.3 264.8 277.1 289.1 305.8 318.3 338.8 355.5 369.6 384.3 397.4 417.4 442.9 457.9 462.1 451.2 439.1 422.5 409.2 407.1 408.9 396.4 380.6 362.7 360.1
522.2 514.5 506.7 507.3 510.3 508.8 507.4 497.8 481.5 469.5 463.8 458.4 461.4 458.7 460.5 460.3 451 437.4 425.7 416.3 409.6 407.4 396.9 394.2 390.1 394.9 396.2 384 360.9 348.3 330 325.7 314.6 311.4 306.5 285.7 277 271.9 260.4 238.6 214.4 208.1 208 208 208.2 208.7 209.1 210.8 219.8 225.6 231.4 233.5 243.4 251.1 266.5 267.5 276.8 295.7 314.9 331.9 353.1 374.3 385.5 397.9 414.3 438.1 453.5 441.4 419 411.4 405.4 394.3 394.6 395.9 401 374.6 362.4 363.4
517.1 514.7 509.8 517.5 518.2 516.7 512.8 505.9 483.3 473.8 465.5 465.4 462.7 466.5 469.8 464.5 456 448.1 438.9 422.1 406.1 419.3 411.5 400.8 396.8 393.3 393.9 382.4 363.4 349.5 326.8 320.1 312.9 303 309.4 282.5 274.9 277.7 265.1 238.5 216.8 208.1 207.6 207.6 207.7 208.4 208.5 212.9 226.5 234.3 234.9 240.4 244.9 253.9 259 264.4 273.7 287.9 311.7 332.3 360.3 375.2 385.4 402.2 415 423.2 433.1 416.4 401.6 399.2 395.4 391.5 385.1 389.3 383.7 368.2 357.6 354.7
515 513.7 517.4 520.2 522.2 522.6 519.2 505.7 481.2 475.2 471.2 470.2 469.7 483.6 469.1 467.2 446.1 439.4 434.3 416 404.7 408.2 409.8 410 406.7 396.6 385.6 375.2 362.2 345.2 326.2 316.4 317 304 286.3 273.2 267.9 283.8 279.7 240 212.5 207.6 207.4 207.9 209 208.4 208.7 213.7 229.7 239.2 248.1 245 251.8 258.5 260.6 263.7 267.3 289.5 310.3 336 363.9 372.6 386.3 399.2 404.4 412.4 417.2 394.4 393.2 389.8 391.2 383.1 376.9 378.9 371.4 356 347.2 347.7
514 518.4 521.5 519.7 520.7 519.5 510.2 493.6 472.9 470.2 473.8 475.7 481.2 484.4 474.8 463.5 449.8 435.7 422.1 409.3 404 401.7 406 410 407.7 396.7 392.8 388.5 362.3 339 321.9 317.9 313 302.1 270 264.4 259.4 267.7 273.6 244.2 215.7 207.1 207.5 207.2 208.3 208.9 209.6 217.8 228.6 238.6 252.4 252.4 257.1 265.4 259.3 261.2 272.4 294.8 315.1 337.2 353.7 373.1 384.7 387.7 387.5 389.8 387.1 380.4 385.5 383.9 379.2 373.7 373.7 365.5 355.8 348.5 346.5 353.2
520.3 526.6 526.6 505 514.4 502.1 487.7 474.2 462.5 463.2 464 467.5 478.2 472 473.2 475.1 458.2 439.2 423.1 409.6 402.2 398.5 406.6 412.5 408.4 398.5 398.3 391.6 365.7 346.9 317.2 320 328.4 274.3 241.9 240.4 236.6 241.7 252.1 217.8 207.4 206.5 207.4 206.9 208.3 209.8 212 220.6 231.7 244.3 254.3 255.9 258.8 261.1 260.3 265 287.7 297.5 313.4 333.6 353.6 369.7 372.7 370.9 369.2 371.2 368.1 368.4 372.8 371.7 371.1 365.4 357.3 351.4 347.6 346.1 349.7 358.9
526.2 525.1 519.7 491.9 497.9 491.1 473.1 461.3 452.8 452.5 454.8 453.2 467.1 475.4 468.4 477.7 467.3 445.6 434.9 411.1 402.5 397.6 399.1 407.7 405.6 393.4 394.8 390.2 358.4 331 306.9 313.7 322.8 272 228.5 218.5 220.2 223.3 211.5 206.7 206.7 206.7 207.2 207.5 207.5 209.6 215.6 221.5 235 245.3 253.1 256 262.6 262.2 262.4 271.9 282.6 296.7 307.1 330.4 350.1 360.7 358.3 351.8 350.9 350.3 351.3 349.8 355 354 353.6 350.1 351.1 351.6 346 348 353.3 369.7
523.7 521.7 511.6 479.4 461.2 457.8 455.3 443.7 434.8 436.3 440.9 442.9 459.4 460.7 461.7 471 472.5 446.1 428.3 411.2 402 396.8 394.3 399.1 406 394.6 378.4 367.4 339.7 319.6 287.2 285.6 288.7 261.9 225.5 212.4 207.7 207 206.6 206.5 206.3 206.7 206.8 207.4 206.6 209.8 216.8 227.2 242.6 257.4 260.9 260.1 267.8 271.7 268.1 275.2 279.6 295.5 304.5 323.3 338.2 343.2 338.1 337.6 331.7 332.1 331.8 332.6 336.7 340.5 343.9 344.1 349.5 342.3 346.6 351.3 357.6 359
513.8 517.8 491.9 456 441 438.1 435.1 423.1 415 419.8 425.9 428.8 439.2 448 456.9 458.1 450.8 442.7 427 404.5 400.6 395.9 384.9 392.2 387.3 375.3 373.3 347.2 334.5 299.4 265.6 245.8 245.5 234.8 221.7 210.4 207.3 206.5 206.4 206.4 206.4 206.1 206.4 207.4 207.2 213.1 221.2 233.4 248.4 259 267.8 268.7 265 272.9 278 279.2 281.3 289.4 308.1 312 323.2 324.3 320.7 317.3 313.2 318.7 321.2 324.2 331.2 333.3 335 330.9 339 348.3 351.4 349.8 346.8 339.9
493 504.5 493.1 441.7 423.6 424.6 423.7 409.8 399.5 400.3 405.6 414.7 413.5 433.2 430.4 422.7 423.5 414.5 400.3 394 397 403.9 385.8 367.8 369.6 353.4 334 326.5 323.2 286.9 253.7 225.4 219.3 218.2 217.4 214.4 209.6 206.5 206.2 206.3 206.3 206 206.3 205.5 208.4 215.6 224.5 236.6 248.1 260.7 271.9 274.1 268.2 275.3 283.7 287.1 285.2 289.3 297.4 305.2 311.4 311.3 306.6 303.1 301.1 306.6 310.6 316.1 322.1 325.2 327.4 337 345.2 357.3 350 342.9 335.9 332.9
480.8 479.6 448.5 432.7 414.8 412.1 406.4 389.2 383.5 377 383.9 393.2 400.2 415.1 405.6 404.6 406 393.8 384.9 384.8 396.7 405.8 388 370.8 343.4 332.7 322.3 318.1 295.9 270.3 245.3 222.7 218.6 221.1 220.7 222.7 219.5 212.3 206.5 206.3 206.2 205.9 206.5 207.3 207.2 215.1 227.6 241.7 255 266.4 275.4 279.4 274.3 275.6 280.1 283.8 286.7 293.4 296.1 297.2 300.5 297.7 294.5 292.7 295.8 300.9 309.8 314.6 319.3 323.8 329.4 339.3 352.6 355.3 350.9 347.3 340.9 340.2
462 447.9 430.3 420.2 412.9 398.1 389 371.5 361.5 362.9 370.2 379.3 387.8 397 388.7 387.8 392.2 369.4 371.5 374 397.7 395.8 383.8 362.7 339.1 317.9 309.5 307.3 279 257.8 236.4 227.5 219.8 226.6 223 227.5 227.3 219.9 210.6 213.2 206.3 206.1 206.6 207.3 209 221 235.4 247.1 258.7 272.4 281.5 285.1 284.4 285.4 280 286.6 284.1 285.6 287.4 288.8 291 289.4 290.7 292.9 300.2 311.2 318.4 321.2 326.9 328.6 330.3 338.1 355.2 356.6 357.7 358.8 355.3 354.7
