ny/ny73_OST50GRID_20230518/NY73.asc
ncols 200
nrows 200
xllcorner 370000
yllcorner 530000
cellsize 50
[rows 140 to 174 of 200, columns 78 to 155 of 200]
611.3 606.9 603.2 601.4 599.4 597.7 594.7 591.5 589.2 587.3 582.6 577 575.6 576.7 578.2 578.1 577.3 575.4 570.8 561.9 556.7 557 567.8 570.5 571.7 571.6 570.9 572.5 573.4 572.2 569.8 566.8 563.4 558.3 550.9 548 547.5 550.8 554.3 557.3 560.1 562.7 563 557 552.3 551.4 551.2 551.5 551.6 551.4 551.8 552.7 553.7 553.4 550.9 547.8 545.4 543.8 540.4 545.2 544.8 542 537.9 532 524.3 520.4 518.9 515.6 515.3 516.5 516.9 518 519.8 526.4 530.6 534.6 539.8 545.8
609.4 605.4 601.1 598.7 596.3 594.8 591.6 588.4 586.7 585 582.1 578.3 574.5 575.6 575.6 568.7 562 561.9 560.3 557.7 558.1 562.5 568.6 570.7 571.8 571.9 572.1 572.7 572.9 571.7 569.2 566 562 556.5 551.2 548.5 549.5 553.7 554.6 556.4 558.6 562.8 564.2 561.9 555.3 555 556.6 555.3 553.7 553.9 555.6 555.6 554 551.4 547.9 544.6 545.3 545.1 545.1 546.7 544 539.2 534.2 528.6 523.6 523.9 527.3 529.2 527.5 518.2 514.9 516.1 517.8 523 529.6 533.2 538 544.2
607.7 603.9 600.7 598.3 595.4 591.7 588.7 585.8 584.4 584.5 582.6 579.6 575.3 571.9 565.3 563 561.9 561.3 560.7 560.5 562.8 568.9 570.4 570.6 570.7 570.8 569.9 570.5 572.1 570.5 568.1 565.2 561.7 556.3 550.9 549 551.8 555.8 556.1 557.5 559.7 564.9 568.4 567.8 567 567.3 567 564.8 559.8 554.8 553 551.8 550.1 548 545 546.7 548.6 550.4 551.7 551.4 548.4 543.2 536.2 528.1 529.3 535.1 536.6 535.1 531 524.4 517.4 515.3 516.5 521 526.9 530.2 535.1 542
603.8 601.6 600.1 598.5 595.7 591.9 588.1 585.3 582.1 582.9 583 581.1 576.8 567.3 566.6 570.5 571.7 570.4 569.6 570.2 571.8 572.4 571.6 570.9 569.8 568.7 567.7 569 570.5 569.9 568.5 566.4 563.2 557.1 551.7 553.3 556.5 557.6 558.4 559.4 562.9 569.1 573.1 574.9 577.3 576.9 575.4 571.8 566.2 558.9 552.3 549.6 547.8 547 544.2 546.9 552 554.7 555.6 555 552.1 546.1 535.8 529.6 530.7 534.7 535.2 533.2 528.8 524.3 519.9 516.2 516.3 523.5 527.7 529.1 532.9 539.2
600.8 599 597.8 595.6 593 590.3 588.6 586.9 584.4 581 580.5 568.6 568.6 572.9 577.6 577.8 577.4 577.2 576.5 575.8 575.3 574.7 573.8 571.1 570.4 569.8 567.2 565.3 566.6 568.6 568.7 565.7 559.5 555.7 556.9 558.8 560.6 560.9 561.1 565.1 569.7 574.3 577.7 580.3 582.3 580.9 579.2 575.7 570.7 564.6 557.8 550.8 547.9 546.6 544.8 546.3 552.7 555.7 556.9 556.6 553.8 549.4 542.5 534.9 530.4 528.3 526.3 524.5 523.3 518.8 517 515.8 517.2 530.2 531 529.7 530.7 535.3
600 597.7 594.7 589.4 587.8 587.7 588 587.9 586.2 579.2 570.4 573 578.5 581.7 582.3 580.8 579.8 579.2 578.5 577.7 577 576.3 574.8 573 573.7 572.6 568.7 564.2 563.6 562.7 563.5 560.2 561.4 561.2 561 561.7 566.3 567 569.1 573.5 577.5 581.1 581.5 581.5 581.2 580.9 580.7 577.8 573.7 568.7 561.6 553.6 547.9 545.8 545.3 546.1 552.1 554.6 556.2 556.2 554 550.2 545.7 540.9 535.5 529.5 523.6 521 519.3 517.1 515.8 514.4 524.1 535.2 534.7 531.2 529.5 531.3
598.4 596.2 592.4 588.6 584.1 584.7 587.7 586.1 581.2 574 578 583.1 585.8 587 585.5 583.8 582.3 581.2 580.1 579 577.8 576.7 575.2 574.5 575 572.3 568.2 565.4 566.5 565.1 564.3 568.2 567.8 565.4 565.1 564.3 571.7 573.2 576 579.2 582.8 584.6 584 582.1 580.6 580.6 579.2 577.4 573.8 569.3 562.4 553.9 547.2 546.2 546.5 547.8 548.3 550.7 552 551.5 549.8 546.6 543.1 539 533.7 528.4 522.8 518.4 517.2 516.4 515.4 513.5 530.7 536.4 537.5 533.5 528.8 527.2
596.8 593.6 591.4 588.8 586 578.4 576.7 575.8 574.3 580.5 584.9 588.6 589.5 588.6 587.3 585.6 583.9 582.8 581.4 580 578.8 577.6 576.4 576.6 576.6 573.8 569.1 567.2 569.9 568.4 565.8 570.3 570.7 570 569.4 566.4 571.1 575.5 578.4 582 584.7 586.2 585.2 582.8 579 578.8 577.7 575.2 571.3 565.5 558.1 553.4 548 546.9 548.9 550.7 552.6 551.8 551.3 550.1 545.9 543.4 541.6 539.7 535.9 531.4 524.8 518 516.3 515.5 514.4 514 525.6 532.1 535.3 534.8 530.7 525.7
593.9 590.8 589.2 580.5 580.3 581.2 583.2 584.2 585.5 586.9 589.3 590.6 590.2 589.4 588.2 586.9 585.6 584.1 582.6 581 579.8 578.5 577.5 577.4 577.9 575 570.4 569.8 572.9 569.4 568 571.9 574.5 574.8 574 570.1 570.9 574.6 578.1 582.4 584.7 585.1 583.5 581.4 578.3 575.1 574.7 573 572.5 570.1 565.8 556.6 548.1 551.1 554.4 556.5 557 556.2 554 549.9 543.8 539.6 540.9 540.6 537.7 532.7 525 517.5 515.6 514.6 512.8 513.8 515.6 523.7 528.5 531 529.8 524.9
593 590.2 585.5 581.7 583.6 586.3 588.1 589.1 590 590.6 591.2 591.7 591.3 590.6 589.5 588.2 586.9 585.4 583.9 582.3 580.5 579.3 578.3 578 578.7 578.2 573.4 570 571.9 567.3 572.3 576.9 579.3 578.4 576.2 571.5 572.8 576.7 578.3 579.8 582.3 581.5 579.9 577.3 576.1 577.5 577.9 577.4 573.2 572 567.8 559.3 550.2 554.5 558.2 559.8 559.3 557.2 552.7 544.7 537.1 536.5 541.6 542.5 540.2 535.9 527.8 519.5 516.2 514.4 512.6 513.7 515.2 516.2 522.5 527.2 527.4 523.3
593.9 589.8 582.6 585.1 587.7 590.1 591.6 592 592.4 592.8 593 593 592.4 591.8 590.9 589.7 588.3 586.8 585.2 583.6 581.9 580.2 579 578 579.2 578.5 575.2 571.1 570 572.4 577.7 580.3 581.3 579.9 575 570.4 576.4 579.3 581.2 582.9 583.1 579.9 577.5 578.1 581.3 582.7 582.6 580.4 575.1 567.7 566.8 562.3 554.2 557.8 561.7 562.3 560.8 557.4 551.5 541.2 535.6 536 543.1 544.5 542.3 538.4 531.6 521.4 517.6 514.5 513.2 513.4 514.9 516.2 523.3 528.8 529.4 523.7
589.4 584.7 585.1 587.7 590.3 592 593.4 594.1 594.3 594.7 595 594.8 594.3 593.6 592.5 591.4 590 588.5 586.8 585.1 583.4 581.8 579.9 578.1 577.6 575.9 573.8 573.2 571.6 576.6 580.2 581.4 580.9 579.1 574.4 572.4 577.6 581.4 584 585 583.6 579.9 577.5 579.7 583.3 585.5 585.4 583.3 578.3 570.6 562.7 561.5 561.1 565.6 566.8 565.1 561.5 557.4 550 540.4 534.4 533.1 539.2 541.7 540.2 536.5 530.9 522.2 517.9 514.5 512.1 512.8 514 518 525.9 530.7 530.6 525.1
587.7 587.1 589.6 591.2 592.7 593.9 595.2 595.8 596.4 596.7 597 596.7 596.2 595.3 594.3 593.2 591.8 590.2 588.5 586.8 585.1 583.1 581 578.5 576.9 577.6 575.8 574.1 576.7 580.6 582.5 583.7 583.5 580.9 574.9 575.7 579.2 582.2 585.9 586.2 583 579 580.8 580.9 584.1 587 587.3 586 583.1 577.7 568.7 564.4 567.7 570.9 569.1 565.2 560.6 554.3 547.3 538.9 533.6 532.1 531.4 534.4 535.4 532.1 526.4 520.4 516.5 513.5 511.8 512 512.5 522.5 527.9 530.2 529 525
590.7 592.5 592.6 593.7 595 596.2 597 597.7 598.4 598.7 599 598.5 598.2 597.3 596.1 594.9 593.6 591.9 590.3 588.4 586.7 584.6 582.4 580.8 580.9 580.3 578.5 575.6 576.5 580.6 584.1 584.3 583.2 578.8 578.1 579.4 581.1 584.1 586.6 585.3 581 582.7 584.2 585.4 586.5 587.5 587.5 586.7 584.1 577.9 575.7 569.1 567 570.5 569 564.4 558.5 550.7 542.3 537.7 539.1 538.6 536 531.8 528.5 525.8 522.6 519.1 515.7 513.6 511.5 511.3 511.4 517.1 527.2 527.7 526.1 524
595.5 596.1 595.4 596.2 597.4 598.3 599.1 599.7 600.4 600.8 600.9 600.8 600.4 599.4 598.2 596.8 595.4 593.9 592 590.2 588.4 586.2 584.1 582.7 582.6 581.8 578.8 578.8 580.8 580.2 582.2 583.5 583.5 582 585.3 586.4 587 589.3 590.1 587.8 582.6 587.9 590.2 590.6 589.8 587.3 585.5 585.6 586.9 586.2 582.6 577.8 574.6 571.6 568.5 564.7 557.8 549.7 542 543.2 545.6 547.2 546.5 543.1 540.2 536.4 531.2 524.2 515.9 514 514.2 514.4 511.4 513.5 526.6 526.3 524.8 523.5
599.3 599.7 598.6 598.1 598.8 599.8 601.1 601.8 602.6 603.2 603.3 603.3 602.8 601.6 600.4 599 597.5 595.9 594.4 592.7 590.9 588.3 586.2 584.2 583.1 581.9 579.8 583.6 584.6 585.8 586.7 586.1 586.6 587.2 590.1 592.4 591.7 593.1 592.8 590.8 586.5 592.2 593.7 592.4 588.9 585.8 585.4 588.5 590.3 589.5 586.6 582.4 577.5 572.6 568.7 564.3 557.9 549.1 543.5 546.3 550.3 552.9 552.7 550 546.8 542.3 535.4 525.3 516.1 515.7 515.5 515.4 512.8 511.6 524.2 521.6 521.5 522.4
603.6 602.6 600.3 599.9 600.2 601.3 602.7 604.2 605.2 605.6 605.9 605.7 604.9 603.7 602.5 601.1 599.7 598.1 596.6 595.2 593.2 590.5 588.4 586.4 584.8 582 583.1 586.7 589.3 591.8 591.9 591.6 592.4 591.9 591 594.8 595 595 595 593.8 594.2 595.6 596.3 593.3 586.4 587 587.7 591.4 592.7 591.9 588 582.3 576.2 569.6 566.3 561.2 554 549.3 548.5 548 550.9 554.1 555 552.8 548.9 544 536.3 527.2 518.3 516.3 516.1 515.5 513.1 510.4 514 508.4 508 513
606.2 605.3 603.4 601.5 601.5 602.9 604.6 606.2 607.6 608.8 609 608.7 607.7 606.4 604.9 603.3 601.8 600.2 598.6 597.1 595.4 593.2 591.4 589.7 588.4 583.4 588.2 591.7 594.8 596.1 596.4 596.6 596.5 596.7 596.3 598 598 597.8 597.6 597.6 599.2 599.6 597.5 591.1 586.6 589.4 592.8 595.3 595.4 592.8 588.3 582.2 574.4 566.8 559.8 555.1 554.9 556.5 555.1 553.1 553 555 556 553.9 550.3 545.6 538.1 530.2 521.5 517.9 516.6 515.7 514.6 512.8 511.2 511.1 509.2 508.5
608.3 608.4 606.9 604 603.3 605.5 607.7 609.3 610.8 611.8 612 611.6 610.3 608.8 607.3 605.7 603.7 602.1 600.5 599.2 597.6 596.2 594.4 592.6 590.1 586.4 593.3 596.9 600.1 600.8 600.9 601.2 601.5 601.7 600.9 600.9 600.9 600.5 600.4 600.6 600.1 599.8 596 590.3 587.8 591.5 595.2 596.8 595.8 592.8 587.7 580.9 572.3 563.9 558 559.4 560.5 560.7 559 557.5 556.6 556.9 555.3 552.9 549.7 545.7 540.1 534.1 524.7 519.2 517.5 516.5 515.8 514.7 514.7 515.2 513.3 510.4
611.3 611.9 610.8 607.5 607.3 610.6 612.9 614.2 614.8 615.4 614.9 614.2 612.8 611.3 609.7 607.9 605.7 604 602.5 601.1 600.1 599.3 597.7 595.8 592.9 589.4 597.3 601.1 603.6 603.9 604.2 604.2 604.6 605.2 604.6 603.8 603.4 602.9 602.2 601.4 599.8 598.2 594.9 590.5 589.4 590.6 593.7 594.7 594.2 590.5 585.5 579.8 571.5 562.8 561.3 562.8 563.2 562.6 561 559.9 558.5 556.4 553.2 549.9 546.2 542.5 539.1 535.3 530.4 522.7 518.9 518.1 517.6 516.4 517.3 517.3 515.3 511.6
614.3 615.1 615.2 613.9 614.9 616.9 618.2 618.6 619.1 618.9 618.2 617 615.2 613.6 612 610.7 608 606 604.5 603.4 602.4 601.8 601.1 599.4 594 592.6 599.8 603.2 605.9 606.8 606.9 606.9 606.7 607 606.7 605.9 605.5 604.9 604.3 603.4 602.8 600.7 598.3 595.4 592.9 593.1 591 591.8 591.2 588.1 583.2 577.2 570.4 565.1 567.5 569.7 569.4 567.7 565.5 563 559.7 556 552 547.9 543.7 539.1 535.6 534.4 532.8 528 522.6 520.3 519.3 517.5 517.4 516.8 513.8 509.8
620.4 622 622.3 621.9 622.1 623.2 622.9 622.9 623.1 622.3 621.3 619.6 617.7 615.8 614.2 612.5 610.4 608.3 606.3 605.1 603.9 603.5 602.7 599.5 593.2 599.3 602.2 604.8 607.3 609.1 609.7 609.6 609.4 609.1 608.5 607.8 607.5 606.9 606.3 606 605.3 603.8 601.8 600.1 598.9 596.5 590.5 588.4 587 582.6 580.8 580 578.1 576 577.1 576.9 575.4 572 568.1 563.9 559.2 554.9 550.7 546.6 542.3 536.7 532.6 533.9 532.6 529.5 525.6 521.8 519.4 517.2 516 512.4 509.5 513.1
627.7 628.9 628.9 628.8 628.4 628.1 627.8 627.1 626.7 625.9 624.5 622.3 620.3 618.3 616.1 614.3 612.3 610.3 608.2 606.6 605.3 603.1 600.3 600.5 600.5 601.6 605.6 607.7 608.3 609.7 611.2 612 611.7 611.4 610.1 609.7 609.3 608.8 608.2 607.6 606.7 605.2 602.5 600.4 598 595.3 589.6 587.2 586.9 584 585.7 584.5 582.3 581.8 580.1 578.1 575 570.6 566.1 561.3 556.2 551.8 548.1 545.2 541.7 537.2 531 529.1 527.6 524.1 520.7 519 516.9 512.5 513 515.7 518.6 522.6
634.6 634.7 634 633.4 632.7 632.1 631.6 631.1 630.3 629.5 627.5 625.1 622.9 620.6 618.2 616.1 613.8 612.1 610.2 608.5 607.3 606.9 605.4 607.7 606.4 606.8 610.2 611.4 610.1 610.9 612.2 613.7 613.7 613 611.9 611.4 611 610.4 610 609.2 607.8 606.3 603.7 600.9 597.7 593.7 589.1 585.4 585.7 586.1 586.1 584.3 583.9 583.2 581 576.8 571.7 566.4 561.1 556.4 551.5 547.3 544.5 542.5 540.2 537.2 533 528.5 524.9 520.5 518.5 516.4 514.8 515.8 518.7 520.2 521.7 524.2
639.6 639.2 637.9 636.9 635.7 635 634.6 634 632.9 631.8 629.9 627.8 625.7 623.5 621.1 618.2 615.5 613.7 612.2 611 609.9 608.3 609.2 611.6 610.7 612 615.2 614.2 612 612.6 614.5 615.6 615.7 614.6 613.2 612.9 612.7 612.3 611.9 610.8 608.8 607.8 606.3 603.5 601 598.5 594.4 587.9 582.2 583.8 584.4 584.7 585.5 584 580.8 576.4 570.3 564.7 558.6 553.4 548.1 543.9 541.3 538.5 536.3 533.7 530.6 527.8 524.9 521.2 517.8 517.7 517.7 519.5 520.9 522.4 524.7 525
642.4 641.6 640.1 638.8 637.7 637 636.5 635.9 635.3 634.2 632.8 631.3 630 627.9 625.3 621.3 617.4 615.2 613.7 613.7 613.7 612.1 612.7 615.7 615.9 615.8 614.8 613.5 614.9 615.7 616.7 617.5 617.7 617.4 616.4 615.6 615 614.5 614.1 612.8 611.5 610 608.3 605.7 603.8 602.8 599.4 594.3 585.9 581.1 582.2 586.2 586.6 584.2 580.7 576.3 570.4 564.2 558.4 553.1 548.3 543.5 539.5 535.5 532.6 529.9 527.7 525.7 523.3 520.3 518.7 519.8 520.4 521.6 522.6 527.2 530.3 528.6
644.3 643.2 641.9 640.6 639.8 639 638.7 638.3 637.7 637 636.4 635.4 634.1 632.8 629.2 624.3 619.1 616.5 615.1 616.5 617.8 615.8 613.5 618.4 620.3 621.9 619.5 618.8 622.6 621.6 619.4 619.9 620.1 620.1 619.6 619 618.4 617.9 617.2 615.8 614.5 612.4 609.5 605.8 604.2 604.3 602.8 598.7 593.3 585.2 578.5 581.4 585 583.3 579.9 575.5 570.1 565.2 559.4 554.7 549.6 544.9 540.7 536.1 532.2 528.5 526.2 524 522.2 520.4 520.7 522 522.9 523.9 528.1 532.4 535.9 534.2
646.4 645.2 643.6 642.8 642.2 641.7 641.2 640.9 640.5 640.2 639.7 639.5 638.3 637.3 635.1 630.6 625.3 619.4 617.9 620.6 621.6 617.6 615.9 621.7 624.1 625.6 623.8 625.3 626.5 624.9 622.3 622.4 622.6 622.6 622.6 622.3 621.8 621.3 620.4 618.8 617.4 616.2 613 606.3 602 602.8 603.2 601.1 597.7 592.4 585.3 576.6 571.6 574 574 571.9 568.3 564 559.5 554.5 549.9 543.9 538 533.4 530.1 527.8 525.5 522.9 521.8 522.4 523.4 523.5 524.1 526.6 531.9 538.3 540.1 538
649.6 648 646.4 645.5 644.9 644.4 643.9 643.4 643.1 643 643 642.8 642.2 641.3 639.7 636.4 632.1 628.3 627.5 625.2 623.6 618 618.7 623.1 625.7 627.5 627.8 627.7 627.1 626.6 625.2 625.8 625.1 625.2 625.4 625.6 625 624.4 623.3 621.7 620.3 618.8 616 612.2 605.6 600.4 600.7 600.5 597.5 591.3 582.1 573.9 568.6 562.4 561.1 563.6 562.9 559.6 554.2 548.3 541.4 536 533.8 532.6 529.2 528.4 526.1 528.2 530.1 530.9 528.6 525.6 524.9 526.8 530.9 537.2 539.9 539.1
652.8 651.3 649.7 648.6 647.6 647.1 646.6 646 645.8 645.9 646.3 646.3 645.6 644.4 642.9 640.6 638 636.3 632.5 627.3 622.1 619.1 623.1 625.7 627.9 630 631.2 631.9 632.5 632.9 631.4 629 628 627.9 627.6 627.3 626.8 626.3 624.9 623 621.2 618.5 614.8 611.4 606.1 605 601.5 597.8 594.7 590.9 588.7 584.5 578.3 568.6 560.4 553.7 551 547.5 542.7 541.3 543.3 546.8 545.3 536.5 529.1 527.8 531.5 537.7 541.1 541.2 538.8 531.4 526.8 525.1 527 530.9 534.5 536
656.6 655.1 652.9 652 651 650.2 649.5 648.8 648.6 649 649.4 649.7 648.8 647.4 645.8 644.7 643.7 641.8 638.7 633.1 625.6 622.6 624.5 628.7 632.2 633.5 634.3 634.8 635.3 635.5 634.7 632.5 630.3 629.2 628.8 628.4 627.9 626.7 625.2 623.4 621.2 617.4 613.5 611 610.5 610.7 608.5 605.5 601.3 596.5 590.7 584.9 578.3 569.8 563.2 557.2 549.4 547.4 547.2 552.3 553.8 552.3 547.5 538.9 529.4 529.9 536.5 544.6 549.2 548.5 543.5 535.5 527.9 523.9 523 524.3 527.2 530.7
660.2 658.2 655.4 655.2 654.5 653.7 652.9 652 650.9 651.3 651.6 651.2 650.5 649.5 648.4 647.6 646.4 644.4 640.5 635.5 628.5 626.6 629.9 635.1 636.8 637.1 637.8 638.1 635.9 636 635.2 633.8 631.6 630.5 629.9 629.8 629 627.6 625.8 624 621.8 617.9 614 611.8 612.4 612.2 609.3 604.2 597.8 591.3 585.2 579 573.2 566.6 559.8 555 556.3 555.1 554.4 555.4 555.7 553.1 549.1 542.4 534.2 533.3 539.5 546.4 551.7 551.5 547.6 540.4 532.7 525.2 521.4 519.7 519.6 523.7
664.2 662.1 660.1 659.1 658.5 656.8 655.9 654.7 653.9 653.7 653.2 652.5 651.9 651.3 650.3 648.7 647.4 645.4 642 637.4 633.3 636.1 638.4 638.5 639.4 640.3 640.5 639.8 636.9 635.6 635.2 634.1 633.3 632.8 632.3 632.2 631.4 629.4 627.2 624.9 622 617.8 614.2 614.6 615 613.6 610 604.2 597.7 590.4 583.9 577.3 570.8 563.4 559.2 562.6 565 565.4 564 561.8 559.1 555.1 550.8 544.9 538.7 534.9 538.9 543.5 548.3 548.8 546.1 541.8 536.3 531 528 525.9 520.9 515.7
670.1 670 668.4 666.9 665 662.3 660.1 658.8 658.2 657.7 656 655.2 654.3 653.4 652.1 650.3 648.8 646.9 643.8 639.9 637.1 641.8 641.8 641.1 642.1 643 642.4 642 639 636.3 635.4 635.1 635.3 635.5 635.2 634.5 633.5 631.4 628.6 625.8 622.6 619.6 618.8 619.9 618.9 615.8 611.2 604.9 598.1 591.1 584.9 579 571.9 564.2 563.4 567.7 570.7 571.3 569.5 566.1 562 556.9 551.7 546.4 540.5 536.2 536.8 539.7 541.5 542 540.6 538.9 535.9 532.8 531.1 528.1 524 519.1
676.9 675.9 674.7 673.4 671.3 668.9 666.2 664.9 663.8 662.1 659.8 658.7 657.7 656.6 654.6 652.3 649.9 647.5 644.9 641.2 639.2 644.5 643.5 643.5 644 644.7 644.6 644.6 640.4 637.9 637.4 637.5 637.3 637.3 637 636.2 634.8 632.9 629.7 626.8 624 621.6 620.4 619.8 617.6 614.5 608.8 601.6 594.3 588.6 583.8 578.3 570.7 566.8 566.1 571.2 575.6 576.1 573.4 568.8 562.7 557.1 551.9 546.7 542.5 538.3 537.9 538.9 538.8 539.5 538.7 536.5 535.3 532.3 529.6 527.9 527.3 525.9
