ny/ny73_OST50GRID_20230518/NY73.asc
ncols 200
nrows 200
xllcorner 370000
yllcorner 530000
cellsize 50
[rows 140 to 174 of 200, columns 0 to 77 of 200]
759.8 767.3 775.9 782.2 787.9 795 805 817.6 834 837.2 825.3 814.6 803.9 793.7 785.2 777.3 769.8 762.7 756.2 750.4 744.5 739.1 734 729 723.5 717.6 706.7 709.7 708.6 705.1 699.4 691.7 685.9 684.4 684.9 685.7 685 684.2 683.7 685.3 684.6 683.4 682.4 680.8 681.5 684.4 689.6 692.1 693.4 694 694.5 694.3 691.6 685.4 681.4 679.5 678.5 678.2 679.4 678.3 673.7 667 662 659.5 657 653.8 650.7 647.9 644.9 641.9 638.7 635.2 632.3 629.5 626.5 623 619.3 615.3
754.9 761.2 769.6 777.3 782.8 788.6 796.6 806.7 817.6 824.2 819.9 812.2 802.7 794.6 786.7 780 773.4 767 761.2 755.6 749.7 744.1 738.9 734 728.4 724 720.8 719.4 716.7 713.4 709.4 705 700.9 695.1 693.3 693.4 692 691.5 692.2 694.5 694.4 693.1 691 690.2 691.8 692.1 693.3 694.8 695.6 695.9 695.2 694.4 691.3 685 682.1 679.4 678.3 677.6 678.4 675.1 668.8 664.4 661 657.3 654.4 651.1 647.9 645 642.3 639.3 636.1 632.9 629.6 626.3 623.3 619.2 616.1 613.3
751.3 756.5 762.5 771.2 778 782.5 788 795.7 805.4 811.9 812.3 806.7 800.5 794 787.8 781.8 776.5 771.7 766.3 761.2 755.5 749.5 744.3 739.7 735.9 732.1 729.1 726.8 724.2 721.2 717.6 714.1 710.1 704.4 701.1 701 699 697.2 697.1 697.8 698.6 698.4 697.8 697.2 696.6 696.3 696.6 697.3 697.6 697.1 696.5 694.8 689.6 684.6 681.9 677.6 674.1 673.5 672.7 669.6 665 662.6 659.2 655.4 651.7 648.4 645.2 642.4 639.8 636.7 633.5 630.3 627 623.6 620.1 615.9 612.2 610.5
746.1 750.8 755.9 763.1 772 777 780.3 785.5 793.3 801.8 803.6 800.9 796.1 791.1 787.4 783.2 778.9 774.9 771.7 767.2 761.5 755.4 749.8 745.4 741.9 738.8 736.1 733.7 731.1 728.4 725.7 721.7 716.9 714.3 712.9 711.2 708.5 705.4 702.3 701.2 701.4 700.8 700.3 700.2 699.9 699.6 699.6 699.6 699.4 698.6 697 695.2 690 684.6 680.1 675 671.1 669.2 667.4 665.4 663.2 660.6 656.7 652.8 648.8 645.6 642.5 639.9 637.3 634.6 630.9 627.7 624 620.6 617.1 613.4 609.4 606.2
740.1 745.4 749.7 754.4 761.5 769.4 775.2 778.2 784.5 791.2 795.6 794.8 792 788 784.9 783.9 782.1 779.7 777.9 774.5 768.7 762.1 756.2 751.6 747.8 745.1 742.4 739.9 737.4 734.8 732.1 729.3 724.7 723.9 720.9 718.4 715.8 712.2 708.7 705.5 704.2 703.6 702.7 702.6 702.1 702 701.8 701.7 700.7 699.3 697.5 695 691.1 685.4 678.6 673 670 667.8 665.7 663.5 661.3 657.9 654 650.1 646.2 643.2 640.5 638 635.5 632.4 628.8 625 621.3 617.6 614.1 610.8 607 603.5
734.4 740.8 745.4 748.5 753.3 759.6 767 773 777.6 782.5 786.1 786.9 785.5 782.8 781.6 782.9 784 784.7 785 782 775.8 769.3 763.7 759.2 755.3 752 748.9 746 743.4 740.9 738.4 735.4 733 730.5 727.5 724.8 721.6 718.5 715.3 712.2 710.2 706.6 705.4 705 704.3 704.2 704.1 703.2 702 700.1 697.2 693.9 690.5 683.7 676.6 672 669 666.3 663.7 661.4 658.6 655 651 647.1 644.1 641.2 639.1 636.7 634.2 631 627 622.9 618.6 615 611.7 608.4 605.3 602.4
727.5 733.5 739.4 744.8 748 752.1 758.1 767.1 772.8 775.3 777.4 778 778.2 777.7 779.8 783.5 785.7 787.3 787.4 784.4 779 776.1 772 767.3 763 759.6 756.4 753.1 749 746 743.1 740.7 738.6 736.5 733.3 729.4 726.3 723.5 721.9 719.1 715 712 709.5 707.7 706.4 705.6 705.3 704.1 702.6 700.1 697.1 693.6 690 683.4 675.9 670.5 667.1 664.6 661.9 658.3 655.3 651.8 647.6 644.4 641.8 639.7 637.6 635.4 633 629.7 625.4 621.2 616.7 612.8 609.4 606.3 603.6 601.1
722.4 726.7 732.6 738.1 743 746.3 750.2 759.1 767.5 770.9 772.1 772.6 774.3 777.4 781.8 785.4 788 790.1 790.2 787.2 784.2 782.3 778.9 775 770.8 767.6 764.1 760.3 755.8 751.3 746.1 745.6 743.5 741.3 737.7 733.4 729.8 727.1 725 722.9 719.3 716.8 714.3 710.9 708.2 706.8 705.8 704.4 701.9 699.3 695.9 692.4 689.8 683.4 675.5 668.8 664.6 662.3 658.8 655.1 651.9 648.3 645 641.9 640 638.2 636.1 634 631.7 628.1 623.8 619.4 614.9 611 607.2 604.7 601.9 599.2
715.6 719.6 725.3 731.4 737.5 741.5 745.8 755.7 761.2 765.8 764 770.5 774.9 777.9 783.4 788.4 792.2 794.8 795.7 794.4 791.6 788.7 785.3 781.6 778 774.7 770.5 766.7 761.4 755.1 751.4 750.3 747.7 744.8 741.7 737.3 733.7 729.9 727.7 725.5 722.9 720.2 717.1 713.5 709.8 707.1 705.2 703.6 701.3 697.9 694.8 692.2 689.6 682.5 673.8 667.2 662.4 658.7 655.5 652.4 649.1 646.4 643.5 640.7 638.7 636.8 634.8 632.4 629.4 626.2 622.1 617.8 613.7 609.6 605.8 603.3 600.2 597.2
707 711.4 717.8 723.9 730.7 737.2 743.1 749.1 749.8 750.4 760.3 770.4 775 778.3 783.8 791 796.9 799.7 801.7 801.1 798.7 796.3 792.9 789.6 785.1 781 776.3 772.4 767.4 764 759.4 755.3 751.5 747.8 745 741.3 737.2 732.9 729.9 727.2 724.7 721.5 718 714.6 711.1 707.7 705.2 703.3 700.5 696.7 693.6 691.4 689.3 681.3 672.5 665.6 660.9 657.1 653.6 650.5 647.3 644.5 641.7 639.4 637.3 635.4 633.2 630.6 627.2 623.6 619.7 615.6 611.5 607.8 605 602.3 599.2 596.1
698.5 706.1 715.7 718.8 723.7 731.5 735.9 738.4 745.6 756.8 768.1 776.6 780.7 780.6 786.2 794.5 800.9 805.3 808.5 808.5 806.8 804.3 801.4 798.1 793.5 787.9 781.9 777.8 774 770 765.4 760.5 754.8 750 747 744.6 739.4 734.8 730.9 728.1 725 722.1 718.9 715 711.2 708 705.6 702.6 699.8 695.8 692.2 689.9 686.8 678.2 669.8 664.1 659.5 655.5 651.7 648.6 645.7 642.9 640.5 638.2 635.8 634.1 631.8 628.3 624.6 620.9 617.1 613.2 609.5 606 603.7 601.5 599.7 597
692.1 702.2 713.4 713.8 717.8 718.8 720.8 738.4 750.2 757.8 765.5 776.5 784.3 787.7 789.3 797.9 806.1 811.7 814.8 815.6 815.4 813 809.7 806.2 801.1 795 788.5 782.3 777.8 773.5 769.3 764.1 757.9 752.3 747.4 743.8 739.7 735.7 731.6 728.5 725.4 722 718.1 714 711.2 708.4 705.3 702.1 698.1 694.6 691 687.4 681 673.6 668.5 663.1 658.4 654 650 646.8 644 641.5 639.2 637.1 634.6 632.2 629.7 626.2 622.4 618.5 614.3 610.5 607.1 604.4 601.9 600.8 599.7 596.7
685.6 689.6 696 694.9 696.9 711.2 729.6 740.8 748.3 754.5 762.2 772.7 781.8 789.3 793.6 801.2 811.3 817.9 821.3 823 823 821 818.1 813.9 808.1 801.3 794.5 787 781.1 776.1 771.5 765.5 759.8 752.8 745.9 741.4 738.3 735.5 732 728.2 724.5 720.7 715.9 711.5 708.6 706.2 703.6 700.6 696.2 692.4 687.9 681.9 675.2 670.8 666.8 661.2 656.3 652 648.3 645.1 642.6 640.2 638.1 636.1 633.5 630.7 627.7 623 618.5 615.7 611.6 607.3 603.5 601.4 599.4 597.3 592.2 588.3
670.5 675.2 671.3 677.5 700.3 717.8 728.4 738.5 745.6 752.4 759.5 770.3 780.1 789.4 797.8 805 814.6 823 831.5 833.9 831.6 828.4 824.9 820.5 814.1 806.9 799.2 791.2 784.5 778.7 772.9 766.8 761.3 754.7 745.9 740.9 738.2 735.5 731.3 728.1 723.4 718.1 713.4 709.1 706.2 703.7 701 697.5 693.1 687.3 681.5 675.4 671.3 667.3 663.3 658.5 654 650.1 646.9 643.9 641.5 639.4 637.4 635.2 632.6 629.7 626.1 621.8 618.4 609.1 608.1 603.7 600.6 596.9 595.1 589.5 590.2 589.2
651.1 646.8 664.7 688.8 709.4 718.1 727.2 737 743.6 750.7 758.2 768 778.2 787 797.1 807.1 817.6 830.5 841.5 844.6 842.7 838 831.6 825.4 818.6 810.8 802.8 794.3 786.2 779.6 774.2 768.4 760.3 751.4 745.4 741.9 738.7 735.4 731.5 728.2 723.7 716.9 711.6 707.4 703.7 700.8 697.5 692.7 687.2 681.1 676.9 673.1 668.3 664.2 660.1 655.5 651.9 648.3 645.5 642.9 640.9 638.9 636.9 634.5 631.8 628.3 624.6 620.5 616.2 611.2 605.9 600.6 597.6 594.6 592.3 591.9 593.4 594.3
634.9 655.9 678.2 692.9 710.1 720.4 726.4 734.8 741.8 749.2 756.1 765 774.9 784.5 794.5 805.8 817.4 830.1 842.6 847 846.9 844.4 837.8 829.3 821.6 813.7 805.7 796.1 787.2 780.4 774.9 769.3 761.3 752.6 747 743.6 739.5 735.4 730.8 726.9 722.7 716.5 711.1 707.3 702.5 696.4 691.7 686.1 680.5 677.3 672.1 667.4 665.1 661.1 656.9 653.4 650.5 647.2 644.9 642.4 640.4 638.4 636.4 633.9 630.5 626.9 622.8 618.7 614.5 609.2 603.3 599.3 596.5 594 596.1 596.6 597.6 598.9
641.7 657.4 676.2 690.5 708.5 720.3 724.2 731.4 739.5 746.3 752.9 761.6 770.7 779.7 790.5 801.7 813.2 825.2 836.8 846.2 847.8 846.7 840.6 832.2 824.3 816.2 806 795.9 787.3 780.8 775.7 770.2 761.1 752.5 748.3 745.7 741 735.4 729.9 725.4 721.2 714.7 709.3 706.6 703.1 695.4 685.8 680.8 676.7 673 667.1 663.3 661 657.9 654.4 651.6 648.6 646.2 643.8 641.8 639.9 638 635.8 633.2 629.2 624.6 620.4 616.2 612 605.8 600.2 596.9 596 598.6 600.1 600.3 601.7 603.2
642 656.8 673.5 686.4 700.5 712.5 719.4 727.6 736.3 743 749.2 756.4 765.5 775.5 786.2 796.4 807.3 818.7 828.7 838.8 844.7 845.1 840.4 834.4 826.6 816.5 805.8 796.7 788 781.3 776.4 770.2 761.2 753.9 749.4 746.6 741.9 735.9 730.1 724.9 719.3 712.5 707.8 704.8 699.9 692.1 684.6 678 673.3 668.5 664.1 660.8 656.8 653.6 651.3 648.9 646.8 645 642.8 641.1 639.1 637.1 634.3 631.2 627.1 622.3 617.4 613 608.6 602.3 598.7 600.5 601.8 603.4 603.9 604.2 604.4 605.5
641.9 665.3 679.5 689.8 701.8 710.3 718 724.6 732.1 738.6 743.7 751.7 760.8 771.6 781.6 790.3 800.4 811.8 822.1 829.9 837.2 840.9 839.4 836.8 827.4 814.8 804.9 796.4 788 780.9 776.1 770 761.3 755.3 751.7 747.3 741.9 736.3 730.4 724.3 717.3 709.8 705 702.1 695.9 686.2 680 675.3 670.1 666.5 663.1 658.6 653.6 649.9 648.2 647.1 645.4 643.6 642 640.3 638.3 636.2 632.7 628.8 624 619 614.1 609.5 605 602.6 603.4 604.6 605.7 607 607.1 607.2 606.7 607.5
645.7 665.2 680.1 692.1 700.6 707.6 715.8 723.1 729.1 736.7 739.7 747.1 758.2 769.7 778.8 785.8 794.6 805.1 814.9 824.7 834 838.1 837.7 834.1 824.2 812.5 803.5 794.9 786.4 779.5 774.9 769.4 760.5 753.4 750.9 746.7 741.5 736.2 730 722.4 715.8 708.6 704.1 700.4 691.6 681.8 676.5 671.9 667.8 663.6 660.1 654.9 651.1 649.2 646.9 644.5 643.9 641.9 640.9 639.5 637.5 634.8 630.9 626.3 621.4 616.1 610.7 606.5 604.3 606.8 608.4 609.4 608 610.2 611 609.8 608.8 609.4
658.8 665.5 680.1 690.7 700.6 708.5 714.7 721 727.4 735.6 742.8 749.1 757.2 767.8 776.9 783.9 791.1 800 809.1 819 830 834.7 832.7 826.8 818.6 809.3 802.2 793.5 785.1 778.4 773.7 767.9 758.4 750.2 747.8 744.5 740.1 734.1 716.5 709.8 705.7 704.5 702 698.3 690.8 681.7 674.7 669.5 666.4 661.7 657.4 652.3 649.3 646.7 644.1 641.9 640.4 636.6 634.2 636 635.7 632.5 628.3 624.2 619.7 615.5 608.2 605.3 608.7 611.8 613.3 614.1 613.6 613.8 614.2 612.8 611.2 612.4
670.8 674.8 680.3 689.7 698.5 706.5 712.2 719.5 724 727.1 739.5 752.9 760.5 765.7 774.1 780.5 786 793.9 803.3 812.1 820.2 825.3 823.1 818.7 812.6 806.7 800 792.9 784.9 778.1 773.7 769.3 760.9 750.7 747.1 742.9 738.4 732.7 725.1 719 710.8 703.9 698.2 693.9 687.9 681.3 674.4 669.2 665.8 663.2 659.1 655.8 650.6 645.9 643.1 641.4 640 638 635.3 630.1 629.6 626.3 623.3 621 617.4 613.1 608.5 612.2 614.9 617 618.1 619.1 617.8 616.7 618.3 617.1 616 618.6
674 677.2 681.1 686.7 694.2 701.5 708.2 720.2 727.5 733.6 742.5 754.2 763.7 763.6 768.3 771 775.5 784.5 795.6 804.4 810.9 815 815.7 813.2 809.4 804.2 798.5 790.9 778.9 775.2 772.2 767.9 761 750 746 740.8 733.5 723.4 716.9 710.5 704.8 702.1 695.9 691.2 685.6 679.8 676.7 673.6 669.6 665.2 657.3 652.4 650.2 648.9 647.3 645.4 642.8 639.8 636.7 632.5 630.3 627.5 619.4 616.1 614 610.6 614.3 618.4 620.6 622 623.1 623.8 621.6 620 623.2 623.7 624.4 626.7
674.1 677.3 680.6 685.2 689.4 696 703.9 714.8 726.1 732.3 750.9 758.6 762.6 763.4 763.1 763.1 764.5 769.8 787.8 796.2 802.5 807.1 809.4 808.7 805 801.1 791.8 784.6 780.4 776 765.5 756.5 758.4 752.6 746.3 741.3 736.7 731.9 725.7 719.5 711.6 703.7 696.8 690.8 684.7 681.6 678.7 675.2 671.4 665.9 659.3 656.1 655.5 653.6 651.4 648.7 645.6 641.5 638.5 634.6 631.9 626.3 620.6 614.9 618.3 619.6 620.9 623.9 625.7 626.9 628 628.1 624 623.3 628.8 630.4 632.2 633.9
674 677.3 680.6 683.6 686.6 691.8 700.3 710.6 722.1 728.7 743.4 758.3 761 761.9 765 768.4 772.6 778.8 788.1 790.9 795.5 800.2 801.8 801.2 798.6 795.9 792.2 786.4 781 776.2 770.4 765 759.6 753.3 746.7 741.9 734.1 726.8 721.8 716.3 712 705.2 697.7 690.6 684.3 679.7 676.7 673.8 669.1 666.8 665.7 662.9 660 657.6 655.1 651.7 648.5 644.5 640.1 634.1 625.9 622.7 622.5 620.4 623.8 623.5 625.6 628.8 630.7 631.8 632.8 631.5 629 627.1 633.1 636.9 638.9 639.4
671.6 676.2 679.7 681.9 685.6 695.5 696.9 705 718.7 725.8 735.5 750.1 757.2 759.8 763.8 769.3 774.8 779.4 782.9 785.5 788.4 792.3 793.3 793.6 792.6 790.1 787.1 783.3 779.1 776 770.9 765.8 759.5 753 747.6 742.7 737.2 729.2 721.1 714.1 706.1 700.8 694.2 688.1 683.3 679.7 676.2 673.1 672.6 671 669.3 665.8 663 660.7 658.8 656.1 653 648.1 642.2 633.1 628.6 631 631.8 626.5 630.9 630.8 629.3 634.5 635.7 636.8 638.1 637.7 637.3 634.6 635.8 642.4 643.5 642.8
668.2 673.4 678.9 680.5 683.7 692.3 691.5 698.9 711.5 722.2 728.9 739.7 750.5 756.1 759.6 763.5 768.7 773.4 777.4 780.3 783 785.2 786.5 787.5 786.5 784.8 782.6 780.5 778 775.3 771 766.3 760.1 753.7 747.4 742.6 737.3 730.2 722.6 715.6 709.3 702.8 696.4 691.5 685.9 681.6 678.2 675.2 673.8 672.2 672.5 669 665.7 663.1 660.8 658 654.8 649.1 642.3 636.9 632 639.2 635.4 633.1 639.3 638.7 633 637.2 639.4 641.6 643.5 643.6 643 641.8 638.1 640.3 643.7 644.4
664.8 669.4 673.9 678.4 681 683.4 686 693.4 703.7 715.1 724 731.3 740.6 749.4 756.2 759.2 762.6 767.1 771.6 774.9 777.7 780.1 781.9 783 782.9 781.8 780 778.5 776.8 774.6 770.4 765.4 759.5 753.4 747.3 743 738 731.2 724 718.3 712.8 706.2 699.5 693.2 688.8 684.6 680.5 676.4 674.7 676.1 673.5 670.8 667.7 665.3 662.6 659.4 655.7 651.1 647.6 644.6 635 642 639.2 638.1 642.1 641.2 640.3 642.2 643 644.8 647.4 648.5 647.9 644.3 643 643.1 644 645.5
659 665.2 670.7 675.7 678.9 681.6 684.4 687.5 694.1 705.6 716.2 723.5 731.2 739.3 748.2 755 758.2 760.4 764.7 768.7 772.3 775 777 778.7 779.7 779.5 778.8 777.2 775.6 773.6 770.1 765.1 759.3 754.1 748.6 744.3 740.2 733.8 726.5 720.5 715.2 710 704.7 698.6 694 688.7 683.2 677.6 676.9 676.6 674.4 671.8 669.3 666.9 664.2 660.6 656.5 652.8 651.1 646.6 642.5 646 643.5 641.9 643.5 645.1 644.9 645.7 646.5 647.1 649.4 649 646.9 645.3 645.9 646.5 647.4 648.7
652.9 657.9 665.1 671 676 678.9 682.3 684.4 688.5 698.1 708.4 717 723.3 730.7 738.7 746.6 752.8 755.9 758.1 760.9 765.1 768.3 771.6 773.6 775.3 776.4 776.4 776 774.7 772.6 769.4 765.2 760.1 756.1 751 745.6 740.6 736.9 730.6 723.9 718 713.4 708.8 704.2 698.8 693.1 685 680 679.9 678.5 675.4 672.8 670.7 668.8 665.7 662.3 658.1 654.1 651.3 641.8 648.4 649.4 647.1 646.2 647 648.5 648.8 649.6 650.1 650 650.9 649.4 648 647.4 649.3 650.7 651.4 652.6
648.8 653 658.7 665.2 672.5 677 680.3 683.3 686 691.2 700.4 709.1 716.3 722.3 729.5 736.7 743 749.1 753.6 756 758 760.8 764.8 767.8 770.1 771.9 772.9 772.7 772.1 771.2 768.8 765.1 761.3 756.7 750.3 744.4 740.5 737.9 733.2 727.1 721.3 716.2 711.5 706.9 701.9 695.2 687.6 685.3 682.4 679.8 676.7 673.9 672.1 670.1 667.1 663.7 660 656.1 651.9 645.8 652.7 652.7 651.4 651.2 651.3 651.6 651.8 652.7 653.4 653.6 653.2 652.5 652.3 653.1 654.9 655.4 655.9 656.7
646.4 650.1 654.7 659.6 667.6 674.4 678.9 682.2 684.7 688 693.2 701 709.3 715.9 721.1 727.7 733.9 739.6 744.9 749.3 752.4 755.5 758.2 760.8 763.7 766.6 768.7 769.4 769.6 769.8 768.1 764.9 760.7 755.7 750.2 744.1 740.5 739.2 733 727.2 722.7 718.3 713.8 709.3 704.2 699.2 693.7 690 685.1 680.6 677.7 675.5 673.8 672.2 669.5 666.3 663.4 659.7 656.7 656.2 657.2 656.5 655.7 655.2 655 655.1 654.9 655.6 656.6 656.9 656.1 655.4 657.3 658.7 660.1 660.3 660.2 660.4
643.9 647.9 652.2 656.8 662.3 671.4 676.7 680.4 683.2 685.6 688.4 694 701 708.4 714.5 720 725.1 730.4 735.7 741 746 751.5 754.6 755.5 757.1 760 763 766 767.3 768.1 767 764.9 759.6 751 745.8 744.9 740.9 738 730.7 726.3 723.2 719.3 715.6 712.8 709 704.2 698.4 694 688.9 683.5 679.7 677.8 675.8 674.3 672.1 669.1 666.2 662.9 659.8 660.9 661.1 660.4 659.8 659.2 658.9 658.4 658 658.4 659.4 659.9 659.8 658.9 660.8 662.6 663.9 664.2 664.2 664.2
641.7 644.1 648.3 653.4 657.7 665.8 673.7 678.3 681.7 684 685.9 688 693.2 700.2 706.9 713 717.9 722.1 726.7 731.8 737.9 744.9 750.2 751.4 753.3 754.3 756.1 762.3 765.2 767.3 767.2 764.6 758.5 745.2 744.8 750.9 744.9 739.2 735.7 730.7 726.6 723.8 720 716.2 711.6 707.5 701.7 696.8 691.8 686.8 682.7 680.1 677.9 676 674.1 671.9 669.8 664.9 664.6 665.2 664.8 664.3 663.6 662.8 662.1 661.6 661.3 661.5 662.2 663 663.6 663 664 665.9 667.1 668.3 669.4 670.4
637.7 641.5 645 649.9 655.5 660.6 668.5 675 679.3 681.8 683.9 686.1 689 692.5 698.9 705.4 710.4 715.2 718.9 722.8 727.9 733.6 737 741.8 743.4 750.7 754.8 760 764.8 767 766.6 762.7 752.9 738.2 749 753.4 749.8 745.4 743 737.8 732.4 729.2 724.1 719.2 714.5 710.7 704.8 699.9 694.8 689.7 685.5 682.6 680.1 677.9 676.2 674 671.4 668.6 669.8 668.8 668.3 667.8 667.1 666.3 665.4 664.8 664.5 664.9 666.1 667.6 668.3 668.8 670.5 672.9 674.2 675.6 676.6 677.8
