ny/ny73_OST50GRID_20230518/NY73.asc
ncols 200
nrows 200
xllcorner 370000
yllcorner 530000
cellsize 50
[rows 35 to 69 of 200, columns 0 to 77 of 200]
490.6 499.5 507.6 514.2 519.2 523.2 526.7 529.4 532 533.4 534.2 534.8 535.5 536.5 536.7 535.6 532.7 529 523.4 517.2 512.5 508.6 509.6 512.2 517.4 523.8 530.9 533.9 536.8 543 545.5 548.9 553.2 558.1 564 566.7 568.5 570.4 573.3 577.4 582.7 589.1 595.7 603.9 611.1 617.4 623 621.5 616.6 614 610.4 605.9 602.5 599.8 593.4 586 579.7 575.7 571.8 567.4 561.2 558.7 559.5 558.7 557.6 556.9 556.7 556.4 555.6 552.9 548.4 543 537.3 530.7 521.7 511.4 493.9 474
496.1 504.3 511.9 518.5 523 526.8 530.3 533 535.3 536.7 538.1 539.1 539 539.7 539.7 538 535.1 531.5 526.8 520.6 515.1 510.9 509.8 514.6 520.6 528.1 535.3 539.4 542.9 546.9 547.8 553.2 559.8 563.4 565.1 566.6 568.6 571.6 575 578.4 583.6 591.7 599.8 607.7 614.5 621.3 623.3 620.9 616.4 613.7 610.9 606.7 603.2 600.7 596.8 589.6 581.3 576 572.9 569.5 564.4 561.6 561.9 560.4 559.2 558.5 558.2 557.9 557.1 554.2 549.5 544.6 538.5 531 522.1 511.8 494.9 473
500.8 509.5 517.1 522.4 526.7 530.5 533.8 536 538.2 540.3 542.3 543.1 542.8 542.9 542.6 541.4 537.7 534 530.4 524.3 518.3 514.1 509.8 515.4 521.8 529.1 535.8 541.1 545.4 549.7 553.7 556.6 560.2 565.2 566.5 567.6 568.8 572.2 576.2 579.8 584.9 593.3 602.1 609.7 616.6 624 622.4 619.1 615 613 611.9 607.5 603.7 600.6 597 591.1 582.2 575 575.6 573.1 567.8 564.3 563.8 562.3 560.5 560.2 560.5 559.5 557.7 554.2 551.4 547.2 540.2 532.9 522.9 510.9 494.2 471.9
505.5 515 522.9 527 531 534.6 536.9 539 541.1 544.6 545.9 546.2 546.5 547.3 546.2 544.2 540.7 537.5 533.8 528 522.2 517.6 511.6 515.6 522.2 529.7 536.4 541.7 546.1 550.8 556.6 561.8 562.9 565 567.4 568.5 569.6 572.3 575.3 580.2 585 592.9 600.9 607.4 614.3 619.6 617.5 615.2 613.8 613.1 612.9 608.5 604.1 600.3 597.3 592.3 585.3 578.7 578.9 575.5 570.3 567.4 566.1 564.7 563.4 562.5 560.5 558.9 557.9 556 553.1 549 541.7 533.5 523.6 510.4 493.3 469.4
510.4 521 527.4 531.4 535.4 538.5 539.9 542.4 544.7 546.7 548.2 549.4 550.2 551.4 551.4 548.2 543.9 541 537.2 531.9 526.1 520.1 515.4 513.8 522.2 530.3 537.1 542.3 546.9 551.8 557.5 563.2 564.7 565.4 567.5 569.7 571.5 574.1 577.7 580.7 585.4 591.5 598.1 603.8 608.9 611.8 612.7 612.6 612.5 613.4 612.9 609.4 604.2 600.3 597.8 594.2 588.1 581.2 580.2 576.8 574.3 569.8 567.3 566.5 565.2 563.7 561.7 560.9 559.6 557.7 554.5 549.8 542.8 534.9 524.3 510.7 493.1 471.6
510.5 524.1 530.9 535.3 539.4 542 543.4 544.2 547 548.8 551.1 553.3 555 556.3 556.7 552.7 547.5 543.9 540.6 535.2 529.1 523.7 518.4 514.6 522.3 530.7 537.5 543.2 548 552.9 558.9 564.4 566.5 567 568.4 570.6 572.7 575.3 579.7 583.9 589.6 595 599.4 603.6 607.2 609 610.2 610.8 611.9 613.5 611.8 608.1 603.3 600 596.8 593.9 589 584.3 582.3 580.8 577.3 571.9 568.6 566.9 565.6 564.4 563.4 562.4 560.9 558.9 555.3 550.6 543.6 534.2 524.3 510.3 487.2 473.3
512.2 524.3 533.9 539.2 543.5 547.5 549.9 547.6 549.1 551.2 554 557.7 559.8 560.9 560.9 557.1 551 547.2 543.1 538.5 534 528.3 521.5 517.3 521.8 530.6 537.5 544 549.1 554.1 560.3 566.2 568.6 568.9 569.7 571.4 574 576.6 580.7 586.5 591.9 597.7 602.8 607 610.4 610.9 611.4 611.6 612.5 612.8 611.1 607.7 604.5 599.8 598.9 597.4 592.2 586.9 585.6 583.2 579.7 575.1 571.1 568.7 566.9 565.5 564.5 563.6 562.1 559.7 556.1 550.8 543.7 534.2 524 507.3 487.3 474.5
512.6 525.8 536.5 542.3 547.4 551.4 557.8 554.9 554 556 558 561.5 563.3 564.6 564.5 560.9 555.2 550.5 546.3 542.1 537.9 532.1 525 520.5 522.3 530.4 537.6 543.8 549.8 555 561.3 567.7 570.6 570.9 571.2 572.4 575.2 579.4 582 587 593 598.7 604.1 608.7 612.5 613.1 612.9 613.4 614.7 615.3 614.2 611.1 607.2 602.3 600.6 599.6 593.3 589.7 588.3 585.5 581.9 577.9 573.7 570.5 568.7 566.9 566 564.6 562.8 560.1 556.4 551 543.7 533.2 523.3 504 484.6 481.9
518 528.9 539.2 544.7 549.7 554.6 562.3 562.8 561.5 561.8 562.8 564.9 566.2 566.6 566.2 563.3 557.9 554.4 550.8 545.9 541 535.8 529.2 522.6 522.8 530 537.1 543.8 550.2 554.8 559.8 566.3 570.1 572.3 572.7 573.7 577.1 582.3 586.1 589.8 595.6 600.8 606 610.4 614.6 615.4 615.2 615.7 616.3 616.8 615.4 612.2 608.2 605.2 601.3 600.8 596.3 593.3 591.6 588.1 583.9 579.9 576 571.9 569.5 568.3 566.9 565 562.5 559.9 556.5 551.7 543.8 533.6 521.4 500.6 479.2 491.3
521.4 531.4 540.7 546.8 553.1 557.9 565.3 568.7 568.5 568 568.1 568.8 569.1 569.1 568.7 565.4 561 558.9 554.4 548.5 543.6 539.4 532.7 526 522.7 529.6 537.9 545.1 550.8 555.3 559.5 565.8 569.7 572.9 574.4 575.4 578.9 584.6 589.2 592.4 598.4 605.3 609.6 613.3 617 617.8 618.7 619.4 619.7 619.1 615.9 614.1 611.7 608.8 605 603.4 600.2 596.9 594.4 590.7 585.9 580.9 576.5 572.8 570.7 569.3 567.7 565.9 563.9 560.4 556.1 551.6 542.6 532.2 517.4 492.5 492.1 505.5
523.5 533.1 542.5 548.8 554.5 560 567.4 573.1 572.9 572.5 572.6 573 572.7 573.2 574.5 568.5 565.3 563.6 558.5 551.7 546.7 542.5 537.6 531 525.6 529.4 538.5 544.8 550.8 556 560.1 567.1 572.6 574.4 576.5 577.8 580.5 586.9 591.8 595.1 602 609.6 613.7 617.6 620.3 622.1 624 624.7 624.1 621.7 619.3 618.1 614.9 611.5 608.9 606.8 602.7 599.7 597 592.8 587.3 582.2 578 574.6 572.5 570.7 568.8 566.9 564.8 561.4 556.1 550.5 540 528.7 510.9 486.1 501.5 517.3
525.5 534.1 544 549.7 555.5 561.6 567.4 576.7 576.9 576.7 577 577.3 576.1 575.8 574.8 572.4 570.7 568.3 563.1 556.2 550.4 545.9 541.6 535.8 530 526 537.1 543.4 548.9 553.8 559.2 565.6 572.2 575.4 577.4 579.7 582.4 586.9 592.4 597.8 606.4 614.3 619.2 622.6 625 628 631 631.6 628.6 625.4 623.2 621.3 617.9 613.3 610.6 609.9 605.4 602.4 599 595.1 590.8 585.4 580.4 577.1 574.7 572.5 570.6 568 565.6 561.4 554.4 547.4 536.8 524.5 500.5 497.3 515.2 528.7
528.2 535.3 544.3 551.1 556.7 562.7 568.1 577.9 579.6 580.2 580.3 580.4 578.8 577.9 575.9 575.3 575.5 573.6 568.9 561.3 554.2 549.6 545.4 540.5 534.8 532.3 534.5 543.8 548.8 554.2 559.9 567.4 574.9 577.1 578.3 580.6 584 588.5 594.3 601.6 610.9 617.8 623 628.6 634.3 641.4 643.4 639.6 633.9 629.7 627.3 625.8 621.4 616.3 612.8 611.2 608.2 604.9 600.9 597.2 593.1 587.4 583 579.9 576.4 573.9 571.4 568.9 566.4 560.6 552 543.4 531.5 510.6 491.7 510.6 526 535.9
524.2 535.4 543.9 551.6 557.8 563.4 568.4 577.3 581.5 582.7 582.7 583 581.7 579.6 578.1 577.8 579.1 579.4 575 568.5 560.2 553.2 549.1 544.4 540.9 538 531 540.7 548.3 554.5 559.8 567.1 575.9 579.6 580.6 582.2 586.8 592.6 598.2 604.3 614.7 620 626.1 633.1 643.1 649.5 649.1 645.8 640 635.3 632.8 631.3 624.9 619.6 615.2 612.8 609.7 607.2 603.9 599.8 595 589.2 583.8 580.2 576.7 574.7 572.4 569.4 566.5 559.2 548.4 534.7 512.6 494.2 506.3 518.8 533.7 542
529.5 536.6 543.8 551.6 558.6 564.4 570.1 577.3 582.8 584.6 584.9 584.8 584.3 583.4 582.7 582.5 584.6 584.9 581.5 579.6 567.6 557.6 552.8 547.7 547.2 543.2 537.2 538.6 548 554.3 559.6 566.9 576 580 582.1 584.1 587.1 594.7 602.1 608.4 618.8 623.2 628.2 636.5 647.1 651.5 651 649.6 646.5 641.1 637.5 637.1 631.2 622.9 618.2 614.7 611.5 609.4 605.8 601.5 597.4 592.7 586.2 582.4 577.8 575 571.7 568.6 564.3 554.1 541.1 521.6 498.3 506.9 513.5 527.1 540.5 547.8
525.6 539.1 545.2 553.7 560.2 566.1 572 578.1 583.3 586.3 587.4 587.2 589.2 592.4 590.7 589.7 593 591.7 586.2 582.3 571.7 562.2 554 554.3 552 546.8 542.2 536.7 545.4 553.7 559.8 566.5 575.7 580.4 582.7 585.5 590.8 598.5 604.9 610.7 621 626.4 632.5 639 648 653.6 653.3 652.4 650.5 644.8 640.4 642.9 636.8 626.7 621.8 618.2 614.1 610.9 606.9 602.5 598.3 591.9 587 583.7 579.3 574.5 570.9 566.3 558.9 546.1 529.3 504.2 509.3 519.9 520.6 535.5 547.7 554.4
540.9 534.3 547.3 555 562.6 568.6 574 580.6 584.6 586.7 589.8 597.2 601.6 602.8 597.3 595.4 598.3 598.9 590.2 579.3 572.6 564.4 562 560.2 556.2 551.1 547.4 541.8 541.9 551.6 559.4 566.1 573.9 580.5 583.2 586.6 593.7 604.1 608.8 612.1 622.4 629.7 637.1 641.6 650.6 655.7 655.2 654.5 653.2 648.2 642.9 643.6 640.8 630.7 625.1 622 618.2 613.5 607.8 603.5 597.8 591.3 587.2 584.1 580.7 576 570.8 565 553 533.7 512.8 510.9 524.2 532.8 528.9 541.9 552.4 559
547.8 541.5 547.8 556.1 564.4 571 577.2 583.1 586.6 587.5 594.3 607.1 609.5 604.7 597.2 594.3 592.1 596.7 594.5 582 574 570.5 567.7 563.6 560.2 556.5 553.1 547.9 548.8 551 558.6 564.7 572 579 584 587.5 594.9 607.1 613 614.8 623.3 631.2 639.1 643.4 653.3 657.6 657.1 656.2 654.8 651.4 646.3 644.3 643.7 633.4 627 624.9 621.2 616 609.3 603.8 598 591.4 587.9 585 580 573.5 567.6 559.4 545 520 515.6 526.1 537.5 540.2 531.1 547.8 556.3 562.1
553.3 551.4 548.2 558.8 566.4 572.8 580.6 586.5 589.1 589.1 596.2 608.1 604.2 595.4 593.3 591.9 590.4 589.9 591 584.1 578.9 577.4 572.3 568 564.7 560.6 556.6 553.7 555.2 551.6 559.3 564.4 570.7 577.5 583.8 588.3 594.8 607.8 616.2 618.9 624 630.5 637.6 643.2 651 657.3 658.4 657.5 656.1 654.2 649.3 644 644.7 635.1 628.5 625.5 621.6 616.7 610.4 604.1 597.5 590.8 587.8 583.3 574.4 567.9 561.5 552.6 536.2 518.6 526.4 537.5 544.3 548.2 544.3 552.2 560.9 565.6
559.5 557.5 548.9 561.6 568.2 575.3 586 589.4 591.2 591.2 591.6 594.1 594.4 593.5 592.7 592.7 592.9 591.4 588.2 586.7 585.5 582.3 577.5 574.2 569.9 564.7 559.1 559.6 559.7 552.5 558.6 564.4 570.5 576.9 582.5 587 588.8 606.5 617.7 623 624.3 629.2 635.8 641.9 648 653.8 658.1 659.1 657.6 656.7 652 644.1 643.1 633.7 629.1 625.3 621 616.2 611.2 604.4 596.7 590.8 587.2 579.5 573.8 566 555.6 541.3 525.1 522.7 536 546.5 552.3 554.6 556.5 548.9 564 568.5
564.2 562.4 552.2 564.3 570.7 579.2 588.9 591.7 593 594.9 595.2 595 595.1 594 594.7 595.3 595 594.3 592.9 591 589.6 586.9 583.4 580.1 575.9 570.5 560.5 567.2 566.4 560.2 553.9 560.9 566.7 573.4 580.2 584.9 591.4 602.4 615.1 624.3 624.3 628.4 633.2 639 645.4 650.1 655.7 659.3 659 657.7 652.7 645.2 638.2 632.4 629.2 625.3 621.5 616.6 610.7 605.4 595.2 591.4 588.7 582.9 578.1 569 561.7 542.1 524.1 535.3 545.7 554.3 559.7 561.7 562.1 563.4 565.3 570.8
568.8 567.6 565.8 566.9 573.3 583.1 591.9 594.9 596.8 603.6 600.5 597.4 596.3 594.8 595.6 596.9 598 597.8 596.5 594.8 593.3 591 588.6 585.6 581.9 575.3 568.2 573.9 572.3 567.5 562.5 563.1 569.9 576.1 575.2 584.3 590.3 598.5 610.8 620.8 625.1 627.9 631.8 636.3 643.1 647.7 651.9 656.4 658.5 657.2 651.4 646 639.8 634 629.1 625.4 622.8 617.3 610 604.3 596.1 591.9 589.3 583.2 576.6 569.3 557.2 537.1 531.3 542.3 552.9 561.7 565.5 567.6 568 568.1 567.3 573.1
573.6 571.8 569.9 565.2 576.5 585.6 593.9 602.5 604.8 613.4 604.9 599.6 597.8 595.6 597.4 600 601 601.2 600.1 598.5 596.1 593.8 592 590.1 586.7 577.5 574.8 581.2 578.8 574.8 569 562.4 574.7 579.9 581 585.1 591.6 598.2 607.3 617.3 625.1 628.6 632.2 635.8 640.5 646.1 650.6 653.7 655.6 654.4 650.3 646.2 640.9 635.4 630.2 625.5 622.5 617.8 610 602.3 597.8 593.6 588.8 584.5 578.3 569.1 557.1 536.4 539.8 549.4 561 568.1 571.5 571.7 572.6 571.2 570 575.5
578 575.6 575.5 573.1 578.7 587.7 596.4 609.6 611.5 612.6 602.2 601 599 598.1 599.9 602.4 604 604 603.1 601.2 598.4 595.7 593.9 592.8 589.5 584.1 581.9 586.5 585 582.1 576.7 569.2 576.2 583.5 587.2 585.4 591.3 598.8 606.4 614.3 621.5 625.8 629.9 634.5 639.5 644.5 649.1 651.8 653.2 652.6 649.7 644.4 639 634.8 631.7 628.2 624.4 614.3 599.7 595.3 593.2 589.6 584.3 580.8 574.5 565.9 554 531.3 545.2 558.4 568.3 574.2 576.5 576 575.8 574.4 574.3 580.3
582.8 580.6 582 582.7 577.8 589.8 595.8 602.3 608.2 602.8 600.4 602.9 600 598.4 602.4 604.6 606 605.7 604.9 603.8 600.7 597.8 596.5 594.6 592 588.1 589.5 591.2 590.2 588.7 583.9 577.8 576.9 586 590.9 593 592.6 597.8 605.3 612.7 619.7 624.5 629.7 636.2 640.8 643.2 646.9 651.8 654.3 653.1 648.8 641 634.8 631.9 629.6 624.2 617.8 613.9 603.9 603.4 592.4 587.8 585.3 580.9 574.7 560.4 548 534.2 554.1 566.8 574.5 579 580.8 580.1 579.1 576.2 580.7 585.9
588.2 585.8 587.5 588.6 586.2 590.6 596.4 598.9 600.8 599.4 602.1 604.2 599.5 600.8 604.1 606.5 607.5 606.7 606.2 606.1 603.9 601.2 598.5 596.6 594.4 592 593.6 594.8 594.8 594.5 590.2 584.5 580.7 586.2 593 596.3 597.7 599.5 603.2 611.5 619 625.7 630.8 635.7 640.2 642.9 646.8 651.6 653.8 652.7 644.5 637 636.6 633.2 631.4 628.4 617.8 614.8 606.9 597.1 588 585.8 584.2 582.2 575.9 565 552.4 540.5 562.8 574.4 579.5 583 584 583.7 583.4 579.5 585.9 591.3
592.7 591.1 592.4 592.5 592.9 590 595.3 597 598.4 600.4 603.6 604.6 599.9 602 605.6 607.7 608.8 607.7 607.4 607.7 605.6 602.8 600.5 599 596.4 595.2 597 598.6 598.7 599.1 595.8 590.2 588.7 585.3 594.6 598.6 602 604.5 607.2 607.5 615.4 625 632.2 635.2 638.3 641.9 646.3 651 652.7 649.3 642.8 642.2 642.5 640.7 632.6 628.2 622.5 611.4 607.4 600 591.2 588.3 587.9 584.3 578.6 568.9 553.2 554.8 570.8 579.9 584.7 587.4 588.7 588.2 587.2 582 590.4 596.2
596.9 595.6 595.6 596 595.8 595.7 595.5 596.7 597.7 600.2 603.4 604.1 601.7 604.5 606.8 608.4 610.2 609.2 609 609.7 607.2 604.5 603.6 601.1 597.9 597.9 599.9 601.9 603 603.7 601.2 595.8 593.5 588.6 596.6 600.7 604.8 608.2 610.8 612.8 613.3 621.5 631.2 635.8 637.4 641 645.3 648.2 649.4 647.2 648.3 648.8 645 638.4 627 622.8 617.4 614.8 610.7 599.8 591.6 591.9 588.6 586.6 582.7 570.9 548.5 565.7 578.1 585.7 589.8 592.3 592.8 592.7 592.3 589.1 593.4 600.9
598.8 598.4 598.5 598.6 598.3 597.8 596.6 597.2 598.3 600.3 604.3 606.3 604.5 605.6 608.7 609.6 612.3 611.3 610.8 610.8 609.1 609.7 609 605.8 602.1 600.3 602.1 605 607.2 608.3 605.9 601 598.3 593 601.7 602.7 606.8 611 614.4 616.5 617.9 618.7 627.9 634.9 637.4 640.4 643.5 646.1 649.3 651.5 651.6 650.2 644.2 635.4 630.5 626.3 621.5 617 609.1 599.8 595.1 594.1 591.1 591.2 585 569.2 553.1 572.3 584.8 590.9 596 599 599.6 599.4 598.5 596 598.2 606.4
601.2 600.3 600.4 600.8 599.8 598.6 597.8 598.4 599.4 602.2 606.7 609.6 608.7 607.5 610.4 613.3 615.6 615 613.4 612 611.9 615.3 615.7 612.1 609.3 605.5 605.3 608.7 610.4 612 609.8 605.2 602.5 598.2 601.5 607.4 611 613 616.6 621.4 623.2 620.2 624.3 631.6 636.9 640 642.9 646 649.9 651.5 651 647.6 641.8 635.1 632.4 628.3 622.6 615.3 607.7 602.3 598.5 597.1 595 593.5 585.1 564.9 562.1 579.7 588.8 594.6 601.6 606.9 606.9 605.3 604.2 602.7 602.6 612.4
603.1 602.5 602.2 602.2 601.3 599.5 598.5 599.5 600.9 603.9 608.7 612.7 613.3 611.5 614.1 617.3 619.5 619.7 617.7 615.9 616.4 620.2 621.3 618.5 617.3 613.4 611.1 613.9 614.1 615.5 613.6 609.3 606.4 600.8 606.5 611.2 615.9 617.3 619.5 623.8 626 624.7 628.1 630.1 634.9 639 642.3 645.7 648.7 651.5 651.3 646.5 639.4 635.2 633.9 630.6 622.5 614.3 607.9 603.6 600.7 600.8 597.6 593.2 582.1 557.7 573 586.3 591.8 597.9 605 611.4 611.7 610.5 610.1 609 608.7 617.9
604.6 604.6 604.2 603.7 602.6 600.8 599.8 601 602.3 605.5 610.8 615.9 617.3 615.3 618.7 621.6 623.5 623.8 623.3 622.5 622.6 624 626 623.7 623.9 621.9 616.9 619.9 619.3 619.1 617.4 614 610.5 608.4 611.7 615.5 618.6 621.1 623.2 625.8 628.6 628.7 631.9 635.2 637.3 638.3 641.3 644.2 647 649.3 648.6 644.2 638.6 636.1 634 630.4 623.4 614.8 607.5 605.4 605.7 603.2 598.8 591.1 574.4 565.9 581.5 590.9 595.8 600.9 608.4 614.8 616 616.2 615.5 615.3 614.5 622.7
606.8 606.6 606.2 605.3 603.4 601.9 603 604.5 606 608.7 613.8 617.8 620.2 620.5 622.1 625.6 627.7 628.2 628.2 629.6 629.8 627.9 629.5 628.4 628.4 627.8 622.5 626.4 623.9 622.9 621.2 618.5 615.1 612.5 615.8 619.7 622.3 625.8 628.2 629.9 631.6 632.3 634.6 638.1 639.5 639.2 640.7 642.7 645.6 647.6 646.1 641.4 637.6 636.2 633.5 630.1 624 616.8 613.7 610.2 609.3 604.4 597.5 584.5 567.6 575.7 588.3 595.3 599.2 604 612.3 618.6 620.3 620.8 620.4 621 621.3 626.9
608.9 608.4 607.7 605.6 604.2 605.1 606.2 608.1 609.8 612.1 615.8 619.6 622.6 624.2 624.9 627.8 630.1 631.9 632.6 636 639.2 635 635 632.8 631.2 628.6 625.7 628.9 628 626.3 624.9 622.9 618.9 618.7 620.4 625.5 625.7 629.1 632.5 633.6 634.2 635.2 637.6 640.4 640.5 640.2 641.2 642.5 644.2 645.3 644.5 640.7 637 635.2 631.9 629.1 624.4 618 618.4 613 609.8 603.8 593.2 577.7 573.4 585.8 594.6 598.3 602.8 607.3 614.7 622.4 624.4 624.3 624.6 625.6 626.4 630
611.2 610.8 609.3 606.9 607.4 608.3 609.5 611.5 614.4 617.3 619.2 622.4 624.9 627.3 627.4 629.8 632.3 633.8 634.6 640.3 647.7 644.8 641.9 636.1 633.1 631 630 631.5 630.5 630.1 628.9 627.4 627.2 624.6 625.7 630.1 630.2 631.6 635.3 635.9 635.5 636.6 639.7 641.5 641.5 641.5 641.6 642 642.6 642.9 642.4 640.2 636.9 633.7 631.2 629.1 625.3 623.4 620.3 613.6 608.2 600 587.8 572.7 586 594.5 600.7 602 607 612.7 617.9 625.6 629.2 629.1 628.5 630.7 631.3 632.4
