ny/ny73_OST50GRID_20230518/NY73.asc
ncols 200
nrows 200
xllcorner 370000
yllcorner 530000
cellsize 50
[rows 105 to 139 of 200, columns 78 to 155 of 200]
583.4 585 585.8 585.3 584.8 584.2 582.7 581.1 579.5 578 576.8 576 574.7 573.5 572.4 571.4 569.8 568.1 566.3 564.2 561.5 558.3 555 551.8 549.4 549.1 550.6 552.7 557 562.8 568.6 573.1 578.7 582.9 585.6 588.3 589.5 590.1 592.9 596.5 600.6 603.6 605.9 607.1 606.9 607 606.7 605.3 604.9 602.3 605.3 604.3 604.9 606.3 606.9 606 605.8 606.2 606.6 605.8 602.4 598.1 595.8 593.2 593.2 592.3 588.4 583.2 577.9 571.5 565.3 561.1 558.3 559.9 562.7 566.4 570.4 572.9
572.8 580.4 581 581 580.8 580.6 579.5 577.7 576.6 575 573.6 572.5 570.7 568.8 566.6 565.2 565.2 563.5 561.9 560.4 558.4 555.4 553.4 550.9 548.8 548.2 550.2 552.5 556.2 563.5 567.7 572.1 575.6 579.2 583.5 586.8 588.4 588.3 589.3 592.7 596.7 600 603.6 606.4 607.2 607.8 607 605.1 603.5 602.1 602.3 603.4 604 604.4 605.2 605.8 605.1 606.3 607.1 605.4 600.8 593.5 589.6 589.8 590.8 589 585.2 581 576.2 570.3 564 559.8 557.9 558.7 560.1 561.1 566 573.7
565.6 565.2 566.1 568.7 572.5 575.7 572.3 574.5 573.6 572.4 570.6 568.2 566.7 565 561.5 559.4 559.2 558.9 557.8 556.3 554.5 553.6 551.7 549.9 548.4 547.2 549.4 552.3 556.9 562.1 565.4 568.5 572.2 576.4 580.6 584.7 587.3 586.9 586.6 590.2 592.9 596 598.9 601.4 602.4 604 604.6 604.7 604.7 604.5 602.5 600.6 603.6 604.9 605.4 605.2 604.7 604.7 605.7 605.5 600.9 593.1 587.2 586.1 588 586.5 582.3 578.6 575.3 571.2 565.5 561.6 559.3 557 559.1 560 564.4 571.8
573.3 567 563.9 564.1 563.2 561.4 562.1 562.3 562.7 564.4 559.9 554.9 553.7 556.4 556.3 555.1 554.7 554.4 553.5 552.1 551.4 550.9 550.4 549 547.9 546.4 547.1 550.4 556 559.8 562.4 563.8 568.6 573.6 577.4 581.2 584.5 585.5 585.1 586.7 588.8 591.4 594.2 596.2 596.1 597 597.1 597.3 600.1 601.3 600.4 598.2 601.9 603.7 604.3 604.7 605.2 606 607.3 607.2 603.7 597.3 589.2 586.3 586.8 585.4 583.9 581.5 577.4 572.3 567.2 562.4 559.3 557.4 557.6 559.3 563.6 567.3
579.6 576 572.4 564.1 567.4 561.9 560.1 559.5 558 557.1 555.6 555.5 556.9 555.4 552.9 551.1 550.2 549.8 549.5 548.8 547.5 549.3 549.1 548.7 547.5 546.3 546.4 546 549.9 552.9 555.5 559.5 566.5 571.2 574.6 577.9 580 582 582.7 584.2 585.9 588.1 590.8 593 593.6 593.4 591.3 592.1 593.7 596 597.3 597.4 599 598.9 600.9 603.6 604.8 606.8 608.4 608.6 605.7 599.7 592.4 585.9 583.8 585.1 583.9 580.8 577.2 572.6 567.5 562.9 559.3 557.1 557.3 559.5 563.7 566.4
581 578.1 574.9 574 572.2 570.3 568.9 566.7 561 563.2 560.9 559.6 557.3 556.4 555.6 554.8 552.1 551.4 550.1 550.3 549 547.1 546.8 549.2 548.6 547.1 548.8 546.1 545.1 546.9 550.3 555.5 562.3 568.3 572.3 575.6 577.9 579 579.7 581.5 583.7 586 587.8 589.8 591.3 591.3 590.9 590.4 590.6 592.6 593.4 596.8 596.6 595 594.6 597.5 600.6 604 606.3 606.9 604.7 601.1 595.3 589.6 584.6 582.4 581.2 578.7 575.3 571.4 566.5 561 557.1 556.3 559.6 565.2 569.6 570.7
582.1 579.7 578.3 576.5 574.7 573 572.5 567.1 569.4 568.4 565.8 563.3 561.4 559 556 554.8 554.6 554 554.5 553.3 550.9 549.2 547.8 545.3 548.9 547.9 547.5 547.2 543.9 543.9 547.4 550.4 556.3 563.1 568.8 572.6 575.2 576.1 577.1 578.9 581.2 583.1 584.9 586.7 588.3 589.2 589.1 589.4 588.4 586.1 588.9 593.7 594.4 593.4 588.9 590.2 594.3 597.8 601.4 602.4 601.5 598.6 593.8 588.5 583.4 580.4 578.4 576.5 572.8 568.4 564.9 558.9 555.1 561.8 569.3 574.2 576 575.6
583.6 581.7 579.6 578.5 577.1 575.7 573.6 573.9 572.8 571.3 568.6 566.4 564.1 561.2 558.3 559 559.3 558.6 557.5 556 553.3 551.9 550.4 548.4 545.2 544 547.1 546.1 543.2 541.8 545.5 548.4 551.5 556.5 562.3 567.8 571.3 572.2 574.4 576.2 578.5 580.4 581.5 583.2 584.4 585.3 585.8 587.2 586.9 583.4 583.1 588.7 590.5 591.6 588.9 586.2 588.2 591.5 593.9 594.1 595 593.3 589.4 585.1 580.8 578.8 576.3 574 574 571.6 564.7 557.9 555.6 567.4 573.3 575.9 575.9 575
584.7 583 581.2 579.6 578 576 576.8 576.4 575.9 573.7 571.1 569 566.2 561.9 561.4 563.1 562.7 561.9 560.7 557.9 555.5 554.6 553.6 551.3 548.1 544.5 546.2 546.9 542.2 541.1 543 548.1 550.4 552.4 555.4 560.3 564.9 565.8 570.4 573.3 575.2 577.2 578.5 579.2 579.4 579.6 580.7 582.9 584.4 583.8 579.3 580.2 584.6 587.4 588 585.6 584.2 586.3 586.9 586.7 586.4 586.9 584.3 581.3 578.7 577.5 575.3 576.4 575.2 571.3 564.6 558.9 553.4 560.1 567.7 571.6 572.5 570.4
585.7 584.2 582.4 580.5 578.4 577.9 578.4 578.2 577.8 575.6 573.1 570.1 566.6 562.9 565.5 566 565.2 564.2 562.4 559.5 557.1 556.7 556.2 554.3 550.6 546.3 541 543 541.8 541.3 540.8 546.1 551.3 554.1 552 553.7 556.1 559.7 565.4 568.3 571 573.4 574.6 575.4 575.1 574.6 575.1 578 579.8 580.6 579.3 574.9 577.5 582.2 584.5 584 583.4 578.7 577.1 578 578.7 579.8 579.1 577.9 576.1 575.7 575.1 575.8 574.1 570.8 566.8 561.3 555.4 552.2 557.3 561.7 565.5 564.7
586.7 585.4 583.7 581.8 579.1 579.4 579.9 579.7 579.1 576.7 574.1 570.3 566 566.3 567.4 567.5 566.3 565.3 563.5 560.4 558.8 557.7 557.5 556.4 552.2 547.1 548.2 540 540.9 540.6 540.4 542.2 549.3 550.2 548.3 549.5 551.8 554.5 558.2 561.6 565.2 568 570 571.2 571.2 570.7 570.9 572 573.2 574.4 573.8 569.7 572.8 577.7 580.3 579.2 578.8 576.8 569 568.3 570 571.2 572.8 572.7 574 574.3 574 573.5 571.4 568.3 564.7 561 557.8 552.5 550.6 556.3 559.6 561.1
588.3 586.6 584.8 582.9 579.6 580.6 581.3 581.3 580.4 578 575.1 571.8 568.9 568.1 568.9 568.9 567.6 566.4 564.6 562.6 560.9 559.6 558.2 556.9 552.7 551.3 551.7 549.3 544.2 540.3 538.3 540.9 550.7 550.4 546.9 545.8 547.2 549.2 551.6 554.3 558.7 561.5 563.8 565.8 567.4 567.9 569.1 568.5 565.7 566.4 567.1 563.3 569.5 573.1 573.8 572.7 572.1 571.6 565.3 559.7 561 563.3 565.6 570.1 573 572.8 570.6 568.7 565.4 562.5 559.9 557.7 556.1 553.7 546.6 552.6 555.9 557.8
589.5 587.7 585.7 583.3 579.2 581.2 582 581.9 581.3 578.9 575.9 572.9 570.9 570.7 570.5 570.3 569.1 567.9 566.5 564.8 563.2 561 558.6 557.1 555.4 554.9 554.4 551.3 545.4 541.3 539.4 541.1 551.5 551.5 546.7 541.1 542.7 545.1 546.6 548.8 553.7 555.5 557.2 558.6 561.5 563.7 566.5 565.7 563.5 562.7 561 559 565.6 567.9 567.6 566.4 565.8 565.1 561.3 556 553.7 555 563.5 568.3 569.7 568.3 565.3 561.8 559.1 557.1 555.2 554.7 552.7 550.9 547 549.4 552.9 555.4
591.2 589.6 587.2 584.5 581.3 581.8 582.8 582.6 581.8 578.9 576.1 573.3 571.4 572.3 572.1 571.5 570.5 569.5 567.8 566.1 564.2 562.3 560.1 558.8 556.4 554.6 553.1 550 545.1 540.2 537.8 542 547.9 548.7 545.1 539.2 537.2 538.8 541.4 544.8 548.4 550 550.4 551.1 553.1 557.7 559.8 560.5 560.9 560.3 559.2 551.3 560.8 562.9 561.4 558.4 558.8 557.9 557.3 553.9 549.4 551.3 558.1 563.6 565.4 564.1 561.1 558 554.4 552.1 550.3 546.8 542 538.6 539.8 543 549.1 548.7
593.4 591.7 589.5 586.9 584 582.9 583.6 583.7 581.9 578.7 576 574.4 574.1 573.8 573.4 572.7 571.7 570.3 568.8 567.1 565.1 563.1 561 558.7 556.1 553.1 548 542.4 539.8 540.3 537.5 539.1 543.5 547.3 545.4 540.1 536.5 535.9 536.2 538.2 539.5 541.1 542.9 542.5 542.6 547.7 549.8 552.4 554.1 554.4 555.2 549.9 552.3 554.9 553.2 552.4 551.6 551.8 552.6 551.9 547.3 549.1 556.1 560.5 561.5 559.8 556.9 553.8 550.1 546.7 541.8 534.5 538.4 540.7 542 543 543.1 544
596.3 594.5 592.3 589.4 586.1 584.9 585.6 584.9 582.4 579.1 576.6 575.6 575.7 575.7 574.9 573.9 572.4 570.7 569.1 567.5 565.2 563.1 561.1 557.2 553 548.5 547.3 547.8 546.4 546.8 542.4 535 538.4 541 540.3 538.4 536 534.9 533.8 532.1 531.7 531.5 533.4 535.2 537.3 541 543.6 544.6 545.7 545.4 546 544.5 541.4 546.9 546.9 547.2 543.7 544 545.9 546.2 544.5 551.4 555.9 559.4 560.2 558.7 556 552.5 546.9 539.3 534.8 542.2 549.2 553.6 553.9 552.2 551.8 551.2
599.2 597.3 595.1 592.3 589.5 588.1 587.7 585.9 584.1 581.1 577.9 577.5 577.5 577.1 576.3 575.1 574 572 570 567.9 566.2 563.4 561.2 556.2 549.9 547.7 551.7 552.2 552.3 551.7 549 543.4 537.7 534.7 535.3 535.4 535 533.8 532.7 534.4 534.6 533 532.1 530.8 534 536.1 538.7 539.6 539.4 535 533.3 535.4 536.1 538.1 540 541.8 538.7 535.1 539.1 537.6 545.9 552.9 557.8 560.2 559.9 557.4 554.2 549.7 542.6 534.3 541.9 552.3 557.2 558.2 557 555.9 554.2 553.4
601.5 599.7 597.4 594.8 592.8 591 589.1 587.6 586.4 583.8 580.6 579.5 579.2 578.5 577.5 576.4 575.3 573.7 571.7 569.6 567.7 565.2 562.3 555.5 547.9 551.5 553.9 554.8 553.8 551.5 549.9 547.8 545.5 540.2 536.9 535.8 534.9 534 534.4 536.8 538.9 534.7 531.4 530.7 533.5 534.6 533.4 532.5 529.4 526.2 531.9 529.4 525.4 525.4 528.8 531.9 530.9 529.8 532.5 535 540.2 547.2 551.6 555.3 554.9 552.4 549 545.6 540.4 531.2 546 555.4 558.2 558.2 557 555.2 553.6 552.5
603.8 601.7 599.4 597.1 595.8 593.4 591.1 589.2 588 586.2 583.4 581.6 580.7 579.6 578.4 577.3 576.1 574.9 573.4 571.6 569.6 566.9 562.8 553.8 549.5 553.2 555.3 554 551.9 550.8 552.5 551.4 548.3 543 539.4 537.7 536.4 537.1 542.1 544.8 542.2 534.3 530.7 533.5 539 537.9 533.7 531.4 526.9 540.4 542.1 542.5 539.9 534.7 530.2 525.4 526.8 527.5 531.1 535.3 538 541.6 545.2 547.7 548 545.8 543.7 542.4 536.9 533.9 544 550.3 553.3 554.1 553.2 551.6 551 551.8
605.6 603.6 601.4 599.8 597.8 595.4 592.7 590.8 589.6 587.8 585.4 583.5 581.8 580.5 579.3 578.2 577 575.7 574.4 572.9 570.7 567.7 563.2 553.6 551.6 555.7 556.2 554.2 551.8 552 554.8 554.5 550.5 544 539.9 540 543.8 549 549.1 545.8 540.9 534 530.2 530.1 529.5 530.1 528.1 528 538.1 542 544 544.3 542 538.7 535.6 530.3 526 526.4 532.8 539.4 541.2 540.1 538.4 537.9 537.2 535.8 536.2 536.3 531.6 532.4 537.1 541.9 545.2 547.6 548.1 548.7 550.4 552.1
607.4 605.3 603.2 601.3 599.3 597.3 595.4 593.5 591.8 589.5 587 584.6 583 581.7 580.4 579 577.6 576.3 575.1 573.7 571.5 568.1 563.5 554.3 553.4 557.9 558.1 555.3 552 551.9 554.2 555 552.3 546.1 541.7 545 550.3 552 549 543.3 537 530.9 530.3 530.4 530.5 530.2 532.6 537.3 541.9 546.2 545.5 542 538.1 536.4 533.5 529.2 526.6 523.9 532.7 542.1 542.5 539.8 534.7 530.9 528.8 526.2 524.5 526.4 527.3 534.9 534.6 534.7 537.9 540.9 545.9 551.6 556.1 558
609.1 607 604.9 602.9 600.9 599.1 597.4 595.5 593.6 591.3 588.5 585.6 584 582.6 581.6 580.1 578.3 576.9 575.7 574 571.6 568 562.6 555.6 555.5 559.9 560.5 557 552.8 550.7 552.4 553.6 553.4 550.7 548 550.4 553.8 552.4 548.1 540 532.4 531.6 529.9 531.8 532.5 532.1 538.9 542.6 546.5 547.6 543.6 538.3 536.8 537.5 536.9 532 528.4 525.3 524.5 538.4 540 537.2 531.2 526.7 525 522.1 527.7 536.3 537.8 543 541.8 538.5 536.3 540.5 546.7 553.9 558.9 561
611.2 608.6 606.6 604.4 602.3 599.7 597.9 596.2 594.2 591.9 589 586.1 584.2 583.3 583.1 581.7 579.8 577.7 576.2 573.8 571.3 567.4 561.3 561.1 557.8 557.7 558.3 555.7 552.6 550.2 550.6 552.3 553.9 554.5 553.6 554 553.1 550.8 544.1 535.4 532.9 530 534 533.8 536.1 539.8 543.1 546.5 547.3 545.5 540.4 538.9 542.8 544.5 541.2 533 527.8 526.5 523.9 534 538.4 535.9 529.4 524.5 522.8 521 520.6 532.9 539.3 544.7 546.2 543.4 539 538.6 544 549.8 556.2 559.1
614.2 611.4 608.4 605.7 602.9 599.9 597.4 595.6 594 591.6 589.1 586.4 584.2 583.2 583.9 583.6 581.3 579 576.6 574.1 570.2 566.8 567.9 565.9 561 556.7 554.3 552.4 551.4 549.6 549.7 552.2 553.6 554 552.3 550.6 547.7 543.6 537.7 532.9 532.6 533 534.9 536.6 541.8 545.5 547.5 548.5 547.7 544.8 540.4 542 546.2 545.8 541.3 532.2 527.9 526.2 524.8 528.5 535.1 533.1 527.7 523.2 522.3 521.3 521.1 520.6 528.3 537.7 542.8 543.2 540.9 538.7 540.2 544.3 549.8 553.2
615.7 612.9 609.8 607.1 604.3 601.1 597.2 594.2 593 591.6 589.1 586.3 583.2 581.6 581.9 582.1 581 579.1 576.7 573 569.3 569.3 569.7 566.3 563 558.7 554.8 551.6 549.5 548.3 549.7 552.4 554.2 553.4 550.4 546 541.6 537.1 531.8 535.7 535.8 536.1 537.3 542.1 547.4 548.8 549.3 549 547.5 545.4 542.5 542.4 544.4 544.3 541 532.9 528.9 527.7 524.9 522.6 526.7 526 523.5 522.5 521.9 521.4 522.3 520.3 519.8 526.4 533.5 537.4 540.2 539.7 539 539.7 543.3 548.4
617 614.1 611.3 608.6 606 603.2 599.7 595.9 592.3 590.6 589.7 587.2 584.4 581.7 579.3 579.9 579.6 578.5 575.7 572.5 571.6 571.8 568.8 565.6 562.7 559.7 556.4 553.1 548.5 546.6 549.6 553.1 554 553.2 548.7 542.7 536.2 537 538.4 538.1 541.4 545.2 545.7 549.1 550.9 550.9 550.2 549.4 547.1 546.7 546.1 544.5 543.8 543 540.8 533.5 529.6 528.2 525.6 524.3 522.7 522.5 523 524.7 528.3 532.8 533.1 522.4 519.1 518.4 523.9 530.6 536.2 538.4 538 539.6 544.4 550.7
617.6 614.7 612.2 610.1 607.7 605 602.2 598.3 593.6 590.8 590.5 589.4 588.3 586.5 580.4 577.6 577.6 576.8 574.8 574.3 574.7 571.8 569.1 565.1 561.6 558.3 555.3 551.8 547.1 545.6 548.1 551.8 552.2 548.3 542.8 537.1 539.3 543.5 547.6 551.9 554 552 550.4 553.1 553.8 553.4 552.3 549.7 547.7 548.7 548.3 546.3 544.3 542.9 539.1 532.8 528.7 526.7 525.7 526.8 525.5 530.1 528.6 527.1 529.7 533.7 530.9 527.8 519.4 518.5 519.9 526.4 534 537 537.6 541.3 547.2 552.7
618.2 615.4 612.9 610.8 608.6 606.5 603.8 599.7 595.2 592.1 591.7 590.8 589.8 588.3 583.9 579.9 577.2 576.2 576.9 577.5 576.1 572.8 568.3 564.3 560 556.5 553.7 549.7 545.9 544.7 545 544.9 542.2 540.9 539 540.3 544.2 550.2 554.7 557.3 556.9 553.4 554.5 557.1 557.7 557.6 555.3 551.1 549.6 550.9 550.5 547.3 544 542.2 539.6 535.4 529.6 526.3 528.5 533.2 535.6 535.9 533.5 529.5 531.3 534.7 532.4 524.3 519 518.5 520.4 531.4 536.7 535.5 536.8 541.7 547.2 552.5
618.7 615.9 613.5 611.1 609.1 607 604.2 600.6 596.3 593.1 591.4 590.1 588.9 587.4 584.8 581.6 578.7 578.2 578.6 578.5 576.4 572.2 566.9 562.4 558.1 554.7 550.3 546.7 545.1 542.6 542 542 540.3 539.1 538.9 544 548.5 552.8 556.1 558.7 558.6 555.1 557.2 561.4 562.5 561.2 557.4 552.6 551.7 552.6 552.1 547.6 543.8 542.6 541.6 538.1 531.8 526.7 532 537 539.6 539 535.8 532.2 534.7 535.4 530.5 521 519.8 518.8 521.2 538.5 539.6 532.6 535 541.2 546.2 550.9
618.7 615.6 613.2 610.9 608.8 606.7 603.9 600.7 596.4 592.7 590.1 588.7 587.4 586.2 584 581.8 579.9 579.6 578.9 578.2 575.8 570.1 564.9 559.9 553.9 547.7 546.9 546.6 543.8 543.2 542.6 541.6 540.7 540.4 543.8 547.6 551.2 555 556.8 559.1 560 557.8 558.5 561.8 563.1 562.2 558.2 553.8 550.9 550.7 549.2 544.9 542.2 542 541.8 539.6 534.3 527.9 533 538.5 541 540 535.9 531.8 532.9 532.8 525.5 520.6 519.6 519.4 526.2 541 541 532.8 531.7 538.7 544.9 549.4
618.6 615.5 612.7 610.4 608.3 606.1 603.3 599.9 595.5 590.7 587.8 586.8 586 584.8 582.9 581.2 580.5 579.8 579.2 577.6 574.1 567.7 560.3 552.7 547.8 550 549.1 548.2 546.2 545.1 544.5 543.1 543.5 541.9 548.2 550.7 553.4 558.1 559.8 558.7 559.5 558.3 556.2 557.4 559 560 558.2 555.2 551.1 547.7 543.5 540.9 540.5 540.6 540.4 539.5 535.5 528.9 532.1 539 541.7 540.8 536.9 532.7 529 525.5 521 519.8 519 518.2 535.3 540.5 539.9 531.9 528.6 535.6 544 549.3
618.3 615.2 612.4 609.8 607.7 605.3 602.6 598.9 594.1 588.2 585.8 585 584.2 583.3 582 581.1 580.4 579.5 578.5 576.8 571.5 564.3 553.3 552.2 553.7 554.2 553.9 555.6 556 554 551.9 550.6 548.6 545.2 545.4 550.9 555.7 560.9 563 561.6 559.8 558.2 554.2 553.3 554.8 556.6 557.1 555.9 552.7 548.8 542.1 539.6 539.3 539 538.5 537.7 535.3 531.4 536.7 543.2 545.2 544 541.4 536.7 531.6 525.3 520.7 517.7 518 522.2 535.9 539.1 537.2 530.4 526.8 533.6 543.2 548.6
616.9 613.6 610.9 608.2 606 604 601.2 598.2 593.3 589.9 585.2 582 582.8 582.3 581.4 580.8 580.1 580.2 579.6 574.8 568.5 559.2 550.6 559.7 563.4 563.3 563 564.4 565.8 565 563 560.6 556.2 548.8 544.4 547.5 553.9 560.6 563.5 564.4 562.9 560.3 554.8 551.5 551.7 553 554.2 553.8 552.5 549.4 543.3 539.1 539.2 539.4 540.6 542 541.3 536.5 543 548.6 549.5 547.6 543.8 537.7 530.1 522.9 519.7 517.3 517.9 518.2 531.4 533.9 532.1 528.1 525.9 531.4 542.3 547.8
615.5 611.8 609.1 606.5 604.1 602 599.6 596.7 593.8 591.1 585.1 579 580.4 580.8 580.7 580.1 579.9 580.7 578.6 573 564.5 554.6 558.8 566.8 568.8 568.7 567.6 569.4 570.3 569.9 568.1 565.4 561.2 553.2 546.2 545.1 548.1 555.5 561.4 564.5 565.8 563.7 557.6 551.9 550.9 550.5 550.3 550.4 549.3 547.5 544.6 542.3 542.6 546 548.6 548.4 548 542.7 543 549.6 549.9 547.5 543.2 536.8 527.7 520.8 517.3 517.5 518.4 518.3 524.7 529 529.4 527.8 524.6 533.5 541.3 546.9
613.5 609.6 606.7 604.2 602 600 597.5 594.8 592.2 589.8 584.5 578.3 576.9 578.4 579.2 579.2 578.9 578.4 574.9 568.8 558.1 554.9 563.8 569.1 570.7 570.7 569.7 570.6 572.4 571.8 569.7 567.3 563.6 556.6 548.7 546.6 547.1 550.1 557.9 562 564.3 564.6 561.5 554.8 551.5 550.9 550 549.9 549.9 549.4 548.8 549.5 550 551.8 551.7 549.9 548.6 545.9 540.2 547.3 547.9 545.7 541.5 535.3 526.3 520.1 517.8 516.5 517.6 517.6 518 520.9 522.1 522.4 527.7 534.2 540 546.7
