ny/ny10_OST50GRID_20230518/NY10.asc
ncols 200
nrows 200
xllcorner 310000
yllcorner 500000
cellsize 50
[rows 0 to 35 of 200, columns 82 to 163 of 200]
536.1 542 546 554.6 562.5 572.3 571 572.1 573.3 573.6 572.8 573.7 569.2 565.8 557.2 545.7 527.4 505.4 484.3 463.9 448 434.5 431.6 448.7 463.5 464.9 477.5 477.1 501.4 523.4 547.7 571.1 592.7 605.6 618.8 627.7 642.8 653.9 652.5 651.5 655.2 658.5 661.2 665.2 665.8 673.5 698.5 730.9 743.1 752.8 752.7 736.1 726.1 712.1 705.6 644.3 588.4 564.1 545.2 546.1 504 444.4 412.6 396.6 386.9 392.7 374.3 345.1 310.8 280.7 243.2 218.4 197.5 181.7 164 151.3 140.1 135.8 132 131.6 131.5 130.4
523.8 530 539.4 549.8 560 570.9 568.4 564.6 569.8 568.2 564.5 561.9 558.6 553.8 549.5 533.5 514.6 490.6 474.3 459.5 440.3 429.5 427.7 436.5 447.6 454.1 461.2 474 496.7 524.4 549.2 583.5 597.2 613.3 624.3 633.2 645.9 657.5 647.8 642.2 643.2 649.9 646.6 647.9 650 659.8 680.3 703 721.4 728.3 729.4 723 712.4 699.1 686.7 664.5 634.2 598.1 559.7 537.4 505.5 460.3 433.3 416.6 404.1 404.3 396.8 372.6 363.9 305.2 268.5 238.3 214.8 196.2 177.1 160.8 148.6 143.8 139.5 130.2 131.3 130.5
509 520.3 531.1 542.3 556.4 560.6 562.2 559.8 559.2 559.9 557.3 556.3 553.8 548.7 541.4 523.4 496.6 477.7 462.5 450.6 434.1 425.5 426.8 432.5 439.2 447.8 455.5 472 497 524.9 549.1 584.7 599.7 620.4 632.5 639.8 645.6 648.5 638.3 632.6 632.3 632.9 633 631.3 631.3 640.6 649.5 676.9 702.5 715.6 713.2 707.9 697.3 684.1 676.4 666.6 651.8 610.2 580.5 554.4 511.2 478.8 464.3 438.3 437.3 466.7 429.1 400.6 375.3 339 305.3 260.8 233.3 209.6 185.2 170.4 158.4 144.9 136.7 129.1 135.8 134.8
499.5 513.2 523 533.4 546.8 552.8 553 554.2 555 554.8 552.7 550.9 549.6 544.6 534.9 516.5 486.4 465.9 452.3 435.3 424.9 419.9 426 431.8 439.8 449.2 455.3 471.6 499.6 526.2 557.1 583 601.6 618.2 634.5 640.8 646.3 642.8 641.1 623.6 620.7 617.9 617.3 614.8 616.9 625.6 636 659.3 687.3 701.9 699.4 693.5 683.9 676.8 666 661.4 650.6 634 605.8 581 532.2 514.3 503.5 475.7 483.7 482.1 447.9 410.1 386.5 346.1 306.6 277.7 255.9 220.9 202.4 186.5 167.7 147.7 134.7 128.4 128.6 132.5
493.4 508.3 517.1 526.3 539.1 544.1 546.5 549.8 551.8 551.4 548.9 547.7 543.1 538.1 527.7 507.1 476.2 457.8 443.1 428.1 420.5 419.1 426 433.7 444.1 451.4 457.6 473.4 498.4 532.9 564.7 585.6 605.5 621.2 632.4 640.3 638.2 638.8 631.4 614.7 609.3 607.8 601 600 602.8 610.7 626.6 647.6 676 680.5 683.5 676.8 671.4 663.1 659.4 657.2 651.2 643.5 615.1 590.8 573 549.2 532 508.8 513.5 497.5 461.3 422.3 389.9 356.3 325.2 296 266.2 240.5 219.8 198.8 179.4 160.4 146.3 137.5 127.5 126.5
489.7 505.4 514.2 522.8 531.9 538.6 542.1 547.8 548.8 550.4 547.9 543.4 534.8 528.9 518.6 494.2 464.8 451.9 435.3 422 415.6 412.8 428.5 435.5 441.5 448.1 457.8 476.6 502.5 542.6 568.8 592.7 607.3 626.8 635.9 642.4 631.2 639 620.6 605.8 600.2 595.5 588.4 584.2 589.4 596.3 613.1 636 652.1 662.4 667.7 665.3 658.7 655.4 652.4 650.3 648.2 638.9 619.6 592.8 575.5 556.8 542.8 517.8 508.9 495.4 476.9 442.4 408 380.9 351.8 317.9 280.9 263.4 242.9 217.2 195.9 179 164.3 150.9 138.3 127.6
489.5 503.5 511.6 519.2 536.4 537.9 539.8 549 546.8 549.1 548.4 542.2 529.1 514.5 503.5 481 460.1 446 427.8 415.4 411.1 411.1 425.1 437.9 440.2 442.1 461.1 481.4 509.7 550.7 575.9 605.1 609.6 622 631.6 632.4 624.2 625.2 609.5 595.3 589.2 587.6 573.1 570.4 572.7 580.2 601.1 619.7 633.9 647.8 653 650.7 650.8 647.5 648.6 645.5 636.6 631.1 613.2 585.6 573 551 535 519.2 501.9 493.1 482.8 462 426.9 398.9 367.1 330.9 311.4 289.2 264.2 240.4 217.2 196.9 177.9 164.7 152 137.7
489.4 501.1 510 519.8 531.2 536 535.8 543.4 548.9 545.7 542.6 538.9 528.3 517.1 484.8 469.5 454 439.7 422.6 409.5 408.5 410.5 415.6 427.1 435.3 444.9 461.5 484.4 515.3 554.9 586.9 603.8 616 621.6 623.3 623 613.8 603.9 597 584 575.6 567 558.5 555.7 558.2 563.5 580 597.3 614 630.6 640 642.4 640.8 641.6 643.7 638.3 628.5 619.9 599.1 580.3 558.9 546.3 530.5 509.3 494.8 487.5 486.1 484.4 447.8 416.4 380 359.4 342 316.4 290.2 262.2 234.9 214.2 196.6 182.1 165.1 146.6
490.8 502.1 512 520.8 533.3 534.8 534.3 536.1 544 538.8 538.7 533.8 525.1 516.4 488.9 464.8 447.7 432.3 417.4 404.4 406.4 410.1 410.7 417.6 427.8 442 461.3 488.2 519.9 554 592.3 604.6 617 619.9 620.4 610.4 606.5 587.8 581.6 570.3 566 557.1 548.5 542.1 542.9 548.8 561.4 582 603.1 619.6 632.5 636 635.6 635.7 638.2 627.7 618.9 611.2 588.3 567.1 544.8 529.3 519.7 503.9 487.6 481 485.5 483.5 460.1 430.4 418.2 393.8 368 342.3 311.4 278.6 255 235.3 214.6 196 178.3 161.4
490.5 505.2 512.5 522.4 529.8 535 531.8 531.7 539.1 534.5 529 528.3 520.1 510 489.9 460.6 444.4 428.8 413.5 402.8 412.4 410.2 410.1 414.1 422.6 441.3 465 491.3 522.7 567.1 590.4 608.7 613.7 615.8 610.6 602.4 591.6 578 565.2 562.3 553.8 545.3 536.9 531.1 531.2 537.2 549.4 568.7 592.2 615 618.7 628.7 630 626.5 627.7 615.5 604 592.9 575.3 561.5 531.7 514.7 508.9 489.3 476.9 472 478.6 485.2 479.8 485.8 465.5 430.2 401.3 373.1 337.2 301.6 279.2 251.5 227.1 207.5 186.8 170.9
490.3 508.4 522 526.9 531.3 534.5 529.9 527.4 525.4 522.1 520.6 518.3 512.7 504.6 490.2 459.5 438.2 422.2 407 401.9 411.3 409.9 410.3 418 430.7 448.8 468.9 494.5 524.1 568.8 588.7 604.4 615.3 610.6 601.8 600.4 577.8 564.3 553.6 549.5 539.3 532.4 528.6 518.9 521.1 527.7 536.4 558.6 577.4 592.2 608.7 618.6 616.7 614 607.7 600.6 586.4 579.6 561.5 544.4 518.1 498 485.3 472.8 463.9 459.5 472.2 486.2 514.8 529.8 507.7 467 435.3 402.1 360.4 326 297.5 263.9 237.7 219.4 200.8 183.4
492.5 504.6 521.1 530.9 530 528.2 524.7 518.9 515.5 505.7 511.2 510.5 506.3 497.6 480.4 452.8 431.8 414.4 395.4 408.9 411.8 412.3 415.7 425.7 437.2 452.9 473.4 497.7 527.3 569.3 588.8 597 609.2 605.6 594.2 592.7 574.2 550.7 544.3 533.5 529 520.9 518.5 518.5 518.5 523.5 531.4 548.7 564.3 578.7 597.1 602.4 601.2 598.7 589.2 583.1 565.9 555.8 542.1 532.6 506.9 484 469.3 460.1 454.6 452.3 466.5 489.6 524 564.2 539 491.3 445 404.6 376.7 350.8 319.8 286.8 255 232.3 213.6 196.4
488.5 501.9 518.7 527.6 527.2 520.7 514.6 508.5 501 497 497 494.7 493.2 488.4 469.8 447.5 424.3 405 386.5 405.6 411.2 415.4 419.8 429.9 443.4 465.1 476 500 539.7 564.6 582.5 589 592.7 596.6 579.2 573.5 559 542.6 533.1 526.5 519.4 518.5 518.5 518.5 520.6 522.9 528.4 535.8 551.2 564.6 584.4 580.2 583.8 576.9 567.4 555.8 530.9 518 534.1 520.7 494.1 469.4 455.6 448.4 445 449.7 463.2 493.7 526.6 594 572.7 519.1 479.2 452.2 413 380.1 334 301.6 271.1 244.5 224.1 206
483.6 495.4 509.4 518.3 519.2 515.4 506.3 494 488 484 481 483.4 481.8 479.7 458.1 438.8 408 389.8 379.3 398 410.3 417 423.2 434.4 450.9 462 474.5 501.4 545.5 562.6 577.3 584.7 584.9 578 570.8 556.4 545.1 537.8 523.2 518.5 518.5 518.5 518.5 519.9 521.8 522.6 523.2 525.8 538.1 554.7 561.6 561.2 565.4 552.7 536.7 515.6 497 484 484.8 490.6 467.7 449.4 441.2 437.7 439.5 449.4 471.1 499.8 534.8 597.5 602.1 567.6 521.5 481.3 445.6 407.3 373.6 322.4 287.7 258.1 235.4 218.9
479.8 489.6 499.9 509.3 511.5 507.3 493.4 485 479.9 474.5 471.5 473.3 470.1 463.4 445.1 412.7 396.3 376.3 371.6 390 407.9 419 423.9 442.9 446.9 460.1 473.6 497.7 537.3 563.8 570.3 584.7 579.9 571.6 557.3 547.8 542.4 534.5 519.3 518.5 518.5 518.7 520.4 521.9 520.7 521.1 520.5 520.5 525.6 530 542 532.4 527.7 507.1 498.4 488.2 464.9 457.8 461.5 455.3 444 430.2 425.3 428.5 437.7 455 481.1 511.4 548.4 594.1 607.3 577.7 542.2 507.1 473.1 430.5 393.6 352.4 306.1 271.7 246.4 227.9
482.9 489.7 496 502.1 506.7 498.4 485.2 475.4 472.4 468.9 465.2 463.4 451 435.8 412.8 390.3 380 362.2 358.1 379.8 405.6 417.7 426 435.6 446.7 454.4 472.9 492.3 519.2 553.6 565.3 573.9 573.8 563 553.9 544.6 540.1 534.2 521.6 518.5 518.5 521.1 522.9 522.6 519.1 517 513.9 513.8 514.9 511.2 503.9 493.5 485.6 469.9 451 443.7 436 443.4 442.5 437.5 424.3 416.5 416 424.7 439 462.8 489.1 521.7 576.1 610.3 608.9 585.5 551.5 519.9 484.1 450.6 404.1 357.4 320.7 282 252.2 232.6
490.1 496.8 501.6 501.1 497.4 488.8 477.2 473 470.2 467.4 462.2 448.4 427.4 407.3 392.7 380.5 370.5 350.7 357.4 381 403.6 419.5 427.8 429.2 438.5 452.4 465.7 485.7 515.4 551.3 558.8 561.1 561.3 561.7 555 541.5 532.7 536.2 521.4 518.5 519.1 522.9 527.5 522.7 517.4 511.7 503.9 507.1 502.3 493.5 480.1 468.4 454.3 438.1 428.4 417.3 409.5 416.6 423.2 416.4 411.6 408.9 414.6 425.8 447.5 471 499.8 530.7 574.1 612.7 607.4 584.3 557.3 521 486.8 456.3 406.6 374.3 330.3 291.7 257.5 231.1
499.3 502.7 505.4 504.2 496.3 484.9 476.3 472.9 471.4 468.5 463.5 443.7 409.3 386.4 375.7 374.3 359.8 341.7 353.1 379.1 396 419.9 428.4 428.2 430 443.5 456.8 482.2 505.3 541.5 554.4 551.8 558.2 550.6 543.5 536 530.7 522.8 517.7 519.1 522.5 526 526 522.7 514.6 503 495.6 493 487.5 474.7 464.2 451.5 434 422 409 401.7 402.3 407.9 409.9 407.6 405.6 407.2 417.6 433.8 454.9 478.8 510.9 548.2 581.5 610.4 605.8 585.5 558.2 520.9 485.8 454.3 411.6 378.6 338.5 298 263.7 233.2
503.9 507.1 509.4 506 496.7 486.6 477.9 474.5 476.1 473.6 462.3 435.5 402.2 374.1 361.6 362.3 353.1 335.3 347.1 373.7 394.4 415.3 426.2 424.8 424.5 435.3 444.1 465.8 493.9 519.5 543.5 542.1 537.2 537 535.3 531.2 527.3 519.2 514.7 518.5 520.6 524.2 527.5 525.5 517.4 498.6 487.9 478.3 470.8 460 447.6 434.8 420.8 406.3 396.4 392.9 391.7 395.8 404.4 400.6 400.6 409 425 441.9 460.4 488.7 520.1 558.2 596.4 606.5 599.5 584.7 552.5 521.8 483.5 447.1 414.3 372.3 345.6 302 266.9 235.5
513 515.6 516.5 512.2 502 489.5 482 480.9 481.3 475.8 457.7 425.6 394 367.7 346.7 347.8 345.5 332.7 342.6 368.3 391.3 411.4 423.2 419.3 417.8 419.7 425.7 445.7 471.2 494.4 525.2 524.7 523.5 524.9 525.5 522.5 517.2 516.7 512.8 513.2 514.5 519.6 520.9 522.1 511.1 496.3 478.9 464.4 458 445.4 430.6 419.4 405.8 396.8 391 386.6 385.8 388.3 395.6 394.7 401.8 417.1 433.1 447.3 466.3 492.2 525.5 562.5 599.2 601.4 592.3 577.1 550.1 519.9 484.9 441.2 408.3 374 335.3 296.9 263 234
517.9 524.1 525 518.5 509.4 499.8 495.5 495.8 491.2 481.8 461.6 427.9 394.3 364.2 340.4 336.7 337.2 327.9 334.7 358.8 383.8 406.7 419.9 414.2 410.3 409.4 415.1 427.9 450.6 476.9 514.9 514.2 511.2 511.9 515.8 516.5 515.3 514.8 508.7 506.6 511.8 518 521.3 508.5 495.8 489.4 467.7 455.2 443.7 429.1 416.4 408.3 398 391.6 388.4 385 384.7 385.5 388.2 397.2 409.7 427.3 439.9 456.3 480 506.4 541.1 575.6 594.1 593.8 585.5 567.9 546.1 511.2 475.3 438.2 400.1 361.3 326.2 297.5 261 232.3
524.9 530.6 531.4 528.8 524.2 520.3 517.6 508.8 499.7 485.6 465.4 428.3 395.6 368.3 340.9 328.1 328.3 320.3 329.5 354.1 374.4 403.5 417.7 411.8 403.8 401.3 403.4 411.6 432.4 453.6 493 499.9 500.4 498.5 504.6 510.4 512 509.1 505.2 502.1 503.8 505.2 505.8 500.2 481.9 481.2 459.6 447.8 432.3 415.9 408.4 399.6 392.9 389.8 385.9 384.8 384 386 390.9 403.3 417.6 432.7 448.1 465.4 490.1 521.2 551.3 578.1 591.4 587.1 578.3 558.9 535.2 504.8 469.5 436.7 397.7 355.9 322.9 288.7 257.7 232.8
534.1 538.4 538.9 540.8 536.5 534.3 530.2 517.7 505.7 489 467.5 437.2 401.1 370.3 345.5 325.9 319.6 318 323.7 346.8 367.8 389.6 408.9 411.8 398.4 392.5 392 396.1 415.3 437.5 476.9 484.1 487 490.6 494.6 503.9 510.9 505.7 505.2 494.9 498.9 498.4 500.4 491.3 472.8 460.7 451.1 439.7 425.6 412.3 401.8 392.7 385.8 382.7 381.2 382.1 385.8 388.9 396.8 408.6 423 439.6 456.8 477.3 510.4 535.3 563.3 578.6 585.9 583.7 572.4 554.1 528.4 498.1 463.4 428.1 391.4 352.8 317.6 284.7 253.5 226.1
545.9 549.4 549.8 550.2 550.4 544.3 535.2 522.1 507.8 492.9 472.5 442.3 407 376.3 351.3 331.4 315 317.1 320.6 339.9 359.7 381.4 395.6 407.2 395.7 385.4 382 382.1 395.1 411.5 439.1 459.2 471.9 477.7 486.1 495.7 511.4 502.8 504.8 491.7 489.8 495.2 484.5 476.2 465.3 455.1 445.7 432.2 419.7 408.6 399.6 387.1 377.9 373.4 371.2 380.9 387.1 391 402 414.6 430.6 447.9 464.4 494 529.1 552 578.7 584 584.2 579.2 567.1 549.8 528.8 495.2 455.2 421 381.7 346.6 312.5 278.9 249.8 222.5
556.2 559.6 561.5 563.6 559.5 549.5 537 525.7 508 496.4 480.5 451.9 414.4 383.4 354.7 332.9 313.5 313.7 314 330.2 348.4 370 381.6 390.6 391.4 380.7 370.8 368.4 377 392.6 412.3 425.9 451.2 466 474.1 487.9 486 494.2 494.4 485.6 483.7 483.2 477.1 466 456.9 450.2 442.3 428.9 415.3 403.2 391.2 379.9 371.1 365.1 368 376.6 385.6 395.8 407.4 420.6 438 453.3 475.1 515.9 543.7 572.9 586.3 589.4 585.9 576.9 563.1 547.4 523.4 491.8 453 414.2 377.1 345.8 310.6 280.7 249.9 221
567.4 572.5 575.3 575.9 568.4 557.6 542.3 530.1 513.5 497 485.6 463.3 433.1 393.4 362.9 338.4 317.5 309.9 311 322.4 336 356.1 366.9 374.8 393.4 377.5 362.2 357.6 363.8 377 390 411.5 436.4 454.6 464.5 469.8 477.2 485.9 484 480.9 478.7 476.1 471.8 460.5 451.9 444.1 437.8 424.1 412.1 396 381.7 370.5 362.5 356.3 367.6 373.4 384.5 398.3 411.6 425.7 443.4 459.6 491.6 524.5 563.6 589 595.6 591 586.1 573.5 558.4 543.5 520.8 486.8 448.2 409.3 373.5 338.4 304.9 274 245.2 215.3
594.1 597.5 597.4 593.2 578.1 562.3 550.2 542.3 523.5 503.5 488.2 466.9 433.5 403.9 370.3 346.1 327.6 307.6 305.9 314.5 326.6 338.4 351.8 355.3 368.9 372.2 353.9 347 348.5 360.2 378.6 397 419.9 442.7 452.4 461.9 470 473 477.7 474.6 471.1 472.8 459.4 453 448.1 441.4 430.1 417.1 394.1 379.9 369.9 361.2 352 355.5 360.4 368.9 383.1 396.3 415.9 432.8 450.9 468.7 502.3 541.3 575.1 596.9 604.1 593.1 586.6 575.2 562.6 536.4 511 485.7 444.6 405.7 370.1 335.3 300.3 266.2 237.9 209.7
624.3 625.1 619.1 602.8 581.6 566.4 555.5 545 532.5 513.9 488.5 466.5 438.2 408.7 381.8 355.4 335.5 320.4 305.4 305.7 317.4 330.1 336.5 337.2 342.9 346.4 341.4 332.3 333.6 347.5 362.2 379.1 398.2 417.6 441.1 451.6 463.3 466.3 473.2 471.7 464.7 471.2 453.8 447.9 444 440.2 427 408.2 383.5 368.8 360.3 352.1 340.7 347.6 356.9 366.3 380.5 398.9 416.5 437.9 455.3 478.9 516.8 550.8 583.9 606.1 605.6 592.6 585.1 576.4 565.6 539.4 505.3 472 440.1 398.8 363.1 331.9 297.2 261.3 232.4 203.9
654.3 649.8 631.8 607.6 587.1 571.2 556.1 546.3 533.9 517.3 497.5 475.9 456.6 423.2 393.4 369.6 349.5 332.7 316.3 301.3 300.4 316.5 329.4 330.5 322 325.9 325 319.9 321.4 329.8 341.5 362.1 377.2 395.5 414.6 436.1 450.8 459.3 462.5 462.1 459 465.7 451.1 443.2 440.5 435.1 419 403.8 373.9 358.7 348.2 340.7 328.3 343.9 351.9 365.4 381.9 398.6 421.9 441.9 459.3 486.4 524.1 559.8 593.4 614.8 605.8 592.9 583.9 574.6 564 536.2 497.7 461.6 427.1 393.3 357.8 327 295.6 258 228.9 200.2
674.8 663 641.3 612.8 589 574.6 559.7 545.8 537.2 525.1 506.5 480.4 464.7 439 410.4 387.9 363.3 343.8 326.5 307.3 290.1 297.6 313.4 311.5 305.9 303.5 306.9 307.2 310.7 314.3 321.6 335.5 352.7 372.4 394 414.4 442.1 446.1 456 459.7 456 452.2 442.2 441.3 436.7 425.3 413.7 386.2 362 348.7 337.1 327 317.2 334.3 348 364.1 382.7 399.2 423.1 443.9 464.5 495.4 534.6 577.6 610 618.3 603.5 592.1 578.1 574.1 562.3 527.9 489.3 454.6 417.9 385.2 350.9 322.8 286.7 254.4 223.1 195
680 670.5 652.6 622 592.9 572 559.4 548.2 537.5 527.5 508.9 488.6 476.3 457 430.7 403.8 377 364.2 338.8 315.2 296.4 280.4 295.4 295.4 289.5 286.2 289.9 287.8 296.6 298 303.5 315 330.7 353.9 376.6 397.8 417.3 436.1 449.6 459.2 455.3 444.1 435.7 432.9 436.9 426.4 408.1 369.5 351 339.1 328 316.1 309.8 326.8 343.3 364.8 383.9 400.8 428.7 446.6 471.9 501.3 550 584.9 623.4 614.6 599.4 588.4 577.1 568.5 548.3 514.1 480.5 442.8 411.2 377.6 344.3 314.9 280.8 247.5 218.9 190.4
681.9 673.4 661 631.5 597.1 576.5 558.8 546.8 535.2 527.3 513.1 493.9 476.1 463.6 448.8 409.2 411.3 383.1 355.6 328.5 301.5 285.8 272.1 281.3 278 274.4 276.6 276.9 280 284.5 287.9 297.5 310.6 331.4 355.1 378.1 402.5 431.1 443.6 453.2 456.4 446.2 434.8 427.7 421.1 412.8 384.9 361.7 340 328.4 317.3 306.6 305.7 323.9 347.5 366.7 384 404.8 425.5 452.6 477.9 515.9 550.6 593.2 616.9 606.6 594 584.3 571.6 556.4 528.4 498.6 470.7 432 401.5 368.9 333.7 301.9 280.2 245.3 211.1 185.2
682.3 672.2 660.5 632.6 602 576.8 560.9 547.6 535.1 524.4 509.1 491.2 476.5 466.4 454 439 437.6 414.2 375.6 347 321.1 296.9 280.4 267.5 269.6 264.7 264.9 264.8 268.6 270.5 273.6 280.1 291.6 311.9 331.9 361.1 389.8 417.6 442.1 445.1 447.4 444.5 434 425.1 418.6 406.9 371.7 350.2 333.5 317.6 306 298.1 303.4 324.4 347.5 368.4 390.2 410.4 430.6 452.7 494.4 531.7 564.3 594.9 607 599 585 577.3 565.5 543.2 507.8 484.8 455.8 424.9 391.6 362.4 324.8 289.7 262.3 230.5 202.3 179.1
679.8 670 658.1 634 601.6 578.5 555.7 545.3 532.4 518.8 502.7 490.6 477.8 468.7 459.6 453.4 445.3 431.3 397.9 370.4 343.9 316.3 292.9 276.5 269.3 262.6 249.1 253.2 252.2 254.8 259 263.4 272.4 292.9 311 337 367.2 396.4 428.3 440.8 445.1 444.4 433.8 423.1 412.4 392.2 367.9 339.8 315.5 307.5 296.5 286.1 297.5 324.6 343.3 373.3 396.9 415.1 434.5 456.9 495.9 553.1 587.4 600.4 603.6 589.9 578.4 567.2 550.7 522.5 495.5 472.5 440.6 415.2 385.8 352.2 315.8 280 249.1 222.3 193.5 170
674.9 665.8 653.6 633.1 599.9 574.8 554.2 540.6 526.8 511.8 499.3 488.1 477.4 469.7 462.9 458.8 452.7 443.5 424.2 392.4 357.8 341.4 317.7 286.1 273.4 267.1 255.3 233 240.3 238.3 242.3 245.9 254 273.8 293.6 320.8 340.8 383.9 415 430.1 436.7 437.7 428.7 421.7 408.2 381.2 354.8 332 313.1 292.7 287.1 279.8 297.4 323.3 340.8 375.9 397.9 410.9 433.6 457.3 496 536.5 595.6 601.9 588.4 580.8 566.2 555 536.8 506.2 484.5 457.8 427.4 401.6 376 343.6 310.2 274.7 243.6 214.1 188.6 162.9
668.6 659.5 646.4 621.5 592.7 566.9 548.4 533.8 519.2 508.3 495.1 485.5 474.4 469.4 464.2 461.9 457.9 444.6 437.1 424.3 412 383.4 334.2 301.5 282.5 268.8 250.4 235.4 223.1 226.6 227.3 229.3 239.3 255.1 275.6 299.3 317.3 346.3 373.4 403.5 431.2 431.3 423.9 415.2 408.9 378.6 364.4 326.6 306.6 292.7 275.7 269.8 305.8 320.9 338.8 372.9 387.9 409.7 434.7 463.6 503.5 561.1 605.2 597.7 583.4 569.6 560 538.8 512.7 485.7 463.7 438.6 417.7 393.4 364.7 336.5 302.5 273.4 238.7 208.3 183.1 157.5
