ny/ny10_OST50GRID_20230518/NY10.asc
ncols 200
nrows 200
xllcorner 310000
yllcorner 500000
cellsize 50
[rows 108 to 143 of 200, columns 82 to 163 of 200]
92.3 101.2 115.4 121.9 115.6 102.8 92.1 82.9 74 70.6 71 62.7 62.7 62.7 62.7 62.7 62.7 62.7 62.7 62.7 62.7 62.7 69.8 93.6 116.1 135.4 154.4 178.5 198.4 223 248.7 273.7 297 323.4 375.7 429.3 470.5 506.3 505.7 523.4 560.4 566.6 572.5 575.1 571.8 573.4 574.8 576.5 578.8 585.4 585.5 583.8 580 572.7 568 561.9 552.2 545.5 535.8 522.7 509.6 495.7 479 465.7 451.9 441.8 430.5 418.9 410.6 399.3 388.7 377.2 362.8 346.2 330.5 316.9 303.8 295.2 282.9 274.8 267.1 262.8
97.2 103 117.6 120.6 108.2 99.5 86.9 77.1 68 64.6 62.7 62.7 62.7 62.7 62.7 62.7 62.7 62.7 62.7 62.7 62.7 62.7 86 114.1 140.8 163.5 183.6 205 229.3 253.2 278 303.5 325.9 354.5 377.5 446.8 500.4 513.3 543.8 555.3 560.4 564 566.1 564.3 562.9 565.3 566.6 569.4 572.6 577.2 579.8 580.3 575.2 569.1 561.7 553.3 541.5 532.3 520.7 509.3 494.9 480.1 465.4 451.7 441.8 431.7 421.2 413.4 406.2 395.5 386.4 373 361.1 345.1 328.7 315.8 302.1 291.1 281.1 272.4 265.9 259.7
100.1 106.3 118.2 111.8 100 94.3 80.9 69 64.5 62.7 62.7 62.7 62.7 62.7 62.7 62.7 62.7 62.7 62.7 62.7 62.7 71.7 103.6 135.1 162.9 189 213.4 232.5 257.2 283.1 327.7 332.6 356.5 384.6 418.7 459.5 505.7 519.9 535.1 544.6 551.1 555 554.8 553 553.6 555 556.9 559.9 560.6 569.8 573.8 576.2 569.3 563.6 554.6 540.3 529.5 514.9 504.4 491.8 479.6 463.9 449.4 437.7 428.3 419.8 411.4 405.2 400 392.5 384.2 372.1 360.2 342.7 326.9 311.1 299.5 288.2 278.4 269.1 260.3 257
103.7 105.9 105.4 99.1 93.3 87.1 78.5 68.7 62.7 62.7 62.7 62.7 62.7 62.7 62.7 62.7 62.7 62.7 62.7 62.7 75.8 85.7 114 149.5 185.6 213.9 239.7 265.2 303.5 316.4 359.6 402.5 390.8 413 440.9 475.4 507 515.1 523.9 532.8 536.8 539.8 540.5 540.8 539.9 542.7 546.2 548.1 551.4 559.1 564.1 567.7 563.3 556.9 546.5 531.8 514.8 499.4 482.3 474.6 461.9 447.7 434.1 424.6 414.6 406 400.2 397.1 392.6 385.3 380.6 368.8 355.4 335.9 321.6 306.3 294.6 283.3 274.4 263.9 258.3 255.9
115 113.2 98.9 91.4 85.3 78.4 72.9 65.7 62.7 62.7 62.7 62.7 62.7 62.7 62.7 62.7 62.7 62.7 64.6 83.5 95.8 112.6 136.7 169.5 224.4 248.6 266 291.4 320 363.5 397.4 429.7 459.7 446.3 475.4 506.3 509.5 512.5 514.5 520 523.6 522.6 524.4 527 526.2 528.2 532.8 536.8 540.2 544 552.4 555.3 553.2 544.5 531 514.5 497 481.5 468.4 454.7 445 431.1 419.3 409.6 400.5 393.7 387.6 386 381.8 379.6 372.9 361.9 347.3 330.3 314.2 298.6 288.3 274.8 270 260.7 256.6 255.9
122.6 110.8 94.5 82.7 76.9 71.2 68.9 64.2 62.7 62.7 62.7 62.7 62.7 62.7 62.7 62.7 62.7 65.6 78.8 98.6 121.8 137.3 158.4 195.3 273.2 328.3 293.7 318.2 350.8 377 416.9 466 487.4 495.8 500.3 503.9 507.1 508.8 510.4 511.5 513 513.5 512.5 512.1 512.1 513.3 519.3 523.9 526.6 529 530.7 532 529.7 521.5 509.6 493.3 477 462.2 446.1 437.7 426.5 415.7 404.6 395.5 387.4 379.8 372.5 369.4 370.8 365.7 366.6 350.8 336.6 322.9 307 292.1 284.4 271.9 265.1 259.5 255.9 255.9
106.6 101 85.6 75.5 71 69.1 77.1 67.7 62.7 62.7 62.7 62.7 62.7 62.7 62.7 62.7 62.7 83.2 98.9 112.9 142.2 165.1 188.6 236 303 341.9 347.3 370.4 379.4 414.7 454.5 480.2 488.9 492.5 497.5 501.1 503.8 505.6 505.4 506.9 507.5 505.3 501.6 499.6 496.8 498.9 503.7 507.6 509.4 509.4 506.9 507.3 502.1 492.8 483.2 470.2 457.2 443.5 429.2 419.5 410.4 400 390 381.5 373.3 362.9 357.4 354 352.3 355.8 350 336.9 326.8 314.3 301.3 287.9 280.6 267.6 259.6 257 255.9 255.9
88.4 85.6 74.9 69.5 68.8 70.4 73.4 74.3 67.4 62.7 62.7 62.7 62.7 62.7 62.7 62.7 70.5 95.1 120.1 139.1 159.9 188.8 206.5 280 318.5 376.8 423.3 427.6 428.7 480.6 482.9 482.1 488.6 491.2 495.3 497.5 500 500 501.6 501.6 500.6 497.6 492.7 486.9 478.7 483.1 486.9 489.3 490.6 488.4 484 479.3 473.6 466.6 457 445.9 434.4 421.4 409.8 402.2 394.3 386.2 377.9 369.7 360.5 350.7 343.5 341.2 337.8 340.5 328.3 320.9 315.5 303.4 293.2 282.2 271.7 263.9 259.7 255.6 255.9 255.9
75.5 71.8 71.1 68.4 67.5 68.8 70.4 70.4 71.8 66.8 63.1 62.7 62.7 62.7 62.7 62.7 73.4 103.9 136.2 165.7 192.8 233.2 265.3 258.3 310 369.1 403.2 437.6 468.6 479.2 480.7 482.1 485 489.2 492.3 494 494.9 494.5 494.9 494.5 492.2 489 483.5 475.6 460 465.1 468.3 469.5 467.1 466.4 460.4 453.1 447.1 438.4 430.1 419.9 410.1 400.9 394 387.8 382.7 377.1 369.5 361.9 352.3 343.4 335.8 328.9 328.1 322.3 315.4 310.6 304.5 295.6 287 276.4 266.5 263.1 260.3 256.5 255.9 255.9
63.9 66.8 66.2 66.9 68.5 69.1 70 72.7 70.8 71.3 68.9 62.7 62.7 62.7 62.7 61.8 85.5 122.2 154.6 192.8 207.9 255.8 299.6 328.2 359.2 375.4 370 404.3 463 476.3 477.3 479.4 481.7 485.3 487.8 488.4 488.6 487.7 486 485.7 481.2 477.8 473.1 462 440.6 446.3 448.3 449.5 447.8 443 435.7 425.6 419.2 410 403.9 396.6 391.1 386.2 380.6 378.5 373.7 371.1 364 357.3 348 339.4 331.7 323.1 315.2 309.7 305.5 300.2 295.3 286.3 280.7 273.1 261.2 260.2 259 255.9 255.9 255.9
60.1 61.6 65.9 69.5 69.9 70.4 71.5 75.8 69.3 69.2 67.8 62.7 62.7 62.7 62.7 69 101.4 144.5 177.3 229.3 247.1 253.9 324.9 393.4 427.1 438.9 436.8 456.6 474.3 475.6 476.2 477.5 479.8 481.2 482.9 482.3 481.2 479.2 477.1 473.9 470.6 466.6 459.1 446.7 429.4 422.1 430.1 429.5 426.7 419.4 410.1 403.1 394.8 386.8 382.7 378.9 375.6 373.6 372.6 372.8 370 365.5 361.7 353.8 345.9 337.5 329.3 319.6 308.9 301.2 298.5 292.4 284.9 281.1 274.1 270.4 261.1 257.4 256.8 256 255.9 255.9
58.6 62.5 66.7 69.6 69.5 69.3 69.5 73.4 67 65.4 62.1 62.7 62.7 62.7 70.8 89.1 119.5 167.5 210 255.2 286.4 327.1 309.8 370.3 424.4 468.1 481.5 483.5 485.1 479.9 478.9 479.2 478.4 478.1 477.9 476.5 474.8 470.2 458.2 458.3 455.9 451.8 443.4 431.7 415.4 401.1 411 409.5 405.5 399.5 392 383.9 376.5 370 368.6 366.8 364.2 364.8 368.4 370.8 369.6 366.3 361.6 353.3 345.1 338.1 329.6 315.9 305.3 297.3 286.1 281.8 276.1 273.2 268.2 261.6 259.2 257.9 257.7 258.2 257.9 258.6
58.9 59.8 66.9 69.8 68.6 70.8 74.4 68.2 62.3 62.7 62.7 62.7 62.7 79.9 97.8 113.8 142 185.1 255.6 296.6 329.7 350.8 358.2 373.2 400.5 466.7 485.2 482.6 481.9 482.1 479.8 479.8 479.8 477.7 475.5 473.3 468.9 459.8 448.9 430.2 434.9 430.3 422.8 414.7 398.5 380.2 394.9 392.3 388.3 383.2 374.8 369.4 361.4 356.8 356 355.6 357.5 362.6 369.3 371.2 369.9 365.5 360.3 353.3 345.6 338.3 328.5 318.5 305 290.1 283.4 273.1 268.1 262.3 260.6 259.3 260 258.4 260.1 261.8 266.5 271.1
59 59.1 64.6 69 69.1 69.3 67.4 62.4 62.7 62.7 62.7 62.7 69.8 92.3 117.8 137.3 164.5 208.9 294.7 339.3 363.5 391.5 412.7 416.5 422.9 455.7 480.4 480.6 479.6 480.4 483.9 480.1 480 478.9 475.7 471.5 463.5 456.1 445.4 421.4 408.3 397.5 396.7 393 382.1 368.1 380.1 378.4 373.6 368 362 356.9 350.8 347.7 345.9 345.5 352.3 362 368.5 370.2 368.6 364.7 358.8 352.4 345.1 336.7 326.1 315.7 301.1 285.3 269.3 263.8 240 254.1 257.3 259.1 261.2 260.2 264.2 269.6 275.6 281
60.3 59.7 61.5 66.1 68.2 69.6 64.8 60.8 62.5 63 64.6 74.7 87.6 107.7 130.4 157.4 185.5 226.9 321 368.6 394.5 437.1 452.1 467.4 470 478.4 480.9 482.1 479.6 480 480.7 478.9 478.6 477.6 475.6 471.7 468 459.4 447.9 435.2 415.2 394.6 368.5 370 363.9 357.5 367.8 366.5 362.6 355.8 349.5 345 341.1 337.8 337.2 343.6 354 363 368.1 368.5 366.3 362.9 356.3 350.5 344.5 336 322.1 306.9 292.6 273.9 259.8 237.2 227.3 250.8 254.6 260.7 261.7 264.3 272.5 278.1 283.1 290.7
62.9 62.7 61.1 63.1 66.2 65.7 62 62.4 70.1 72.3 78.9 97.7 112.4 127.9 152.1 179.4 216.4 263.3 330 390.1 423.6 456.3 484.1 510.8 497.1 489.1 487.5 483.3 480 477.7 477 476.4 475.1 473.8 472.1 470.4 467 461.3 451.5 437.8 422.6 399.2 373.8 343.5 337.8 353.3 356.3 354 349.8 343.6 337.7 334 331.2 328.4 334 344.9 355.1 362.8 366.6 364.9 363.7 360.7 353.8 348.5 341.6 332.3 318.7 299 279.7 263.1 242 225.3 234.1 244.4 254.3 263.6 268.3 277.9 287.7 298 298.4 296.6
66.1 65.9 65.2 62.3 60.8 61.4 64.7 72.1 82.9 91.7 103.4 121.5 142 157.7 177.7 212.7 261.7 297.9 306 388.6 428.6 485.2 509 517.3 509.5 499.2 487.2 482.4 478.3 474.9 472.9 471 469 467.6 467 465.3 462.1 455.9 447.4 434.9 418 398.2 370.9 343 331.9 343.1 345.7 343.4 337.9 331.6 327.6 323.1 320.6 326.4 338.6 346.6 353.3 358.8 363 361.9 360.7 357.3 353.8 347.2 339.4 323.3 304.5 284.7 265.8 247.6 224.5 229.2 242.1 250.2 258 267.7 286.1 296.3 301.9 305.8 304.3 302.3
70.2 70.9 70.8 70.4 68.1 65.2 74.4 84.5 98.4 115.2 126.8 146.2 169.8 188.6 212 256.2 307.9 357.9 376.9 368.3 430.5 482.5 513.6 520.3 514.2 502.2 490.6 480.1 475.5 471.1 466.4 463.1 460.5 460.2 458.9 457.1 452.9 447 437.9 424.1 408.1 391.2 365 337.1 317.4 332.9 334.1 330.5 325.4 321.8 318.2 311.5 319.1 332.1 340.2 346 350.3 352.7 355.6 357.3 357.6 354.6 350.3 344.6 332.5 312.5 290.7 267.8 244.6 224.9 227.8 244.3 257.4 264.6 272.8 282 289.2 299.7 306.8 307.4 306.3 303.6
75.9 77.7 78.2 76.1 73.1 71.1 78.8 98.6 114.3 132.5 149.7 172.8 194.7 220.2 246.7 318.2 337.9 384.8 420.6 446.9 461.5 473.8 512.7 518.4 512.5 503.4 491.3 480.1 473.2 466.9 455.8 450.6 448 448.3 448.9 447.7 442.6 435.3 424.9 411.9 397.3 377.9 355 327.6 307.1 323.6 323.8 318.6 312.7 309.8 304.8 311.6 322.2 332.6 339 343.9 347.3 348.6 351 351.3 351.9 348.2 345.8 335.4 316.5 294.4 273.7 247.5 226.7 224.7 244.9 257.6 271.4 284.9 294.5 301.2 306.6 310 310.3 309.3 307.1 304.4
82.7 85.8 85.6 82.5 85.1 83.8 94.1 117.1 139.6 154.2 184.1 194.4 222.6 247.4 285.1 331.3 392.6 410.4 447.8 485.5 514.8 510.5 516.2 516.7 509.9 502.1 489.4 478.4 469.9 460.8 441.8 431 432.9 434.7 435.3 433.1 429.1 420.8 411.6 400 384.9 365.9 343.4 314.8 299.2 314.9 312.3 306.3 303.1 295.2 301 318.4 325 330.7 337.3 340.4 343 344.7 345.3 346.3 344.1 340.3 335.7 321.3 298.8 275.6 251.2 228.5 218.8 240.1 260.4 273.5 288.1 307.3 312.7 313.4 313.4 312.9 312.4 309.4 307.2 304.2
87.5 94.2 93.2 91.1 99.8 101.8 115.9 138.8 163.4 181.3 208.1 224.3 249.3 280.4 328.2 376.2 408.5 446.6 476.7 514.6 530 524.8 522.6 515.1 508.5 500.1 487.9 476.3 465.2 453.5 439.2 417 410.4 419.6 419.5 418.7 415.5 407.8 399.9 387.7 373.4 354.1 331.9 300.1 295.2 303.5 300.5 294.7 289.3 292.4 310.4 317.5 322.4 327.4 331.9 334.9 336.8 339 340.1 339.7 337.5 331.8 320.5 301.7 278.1 255.3 227.1 216.3 242.4 262.3 279.4 293.8 308 317.6 320.5 319.8 316 315.2 313 309.5 307.1 303
93.2 101.3 104.5 101.6 114.3 123.6 142.3 161.9 185.3 208.7 235.9 246.6 272 300.5 348.4 400.9 439 476.6 501.3 525.9 532.8 528.9 525.1 518.5 511.1 502.9 489.6 475.2 463 450.3 434.9 413.3 387 401.9 405 404 402.8 397 386 374.2 359.8 342.2 321.1 292.5 283.9 291.4 285.4 276.5 286.1 306.7 313.2 317 320.6 323.9 326.7 327.8 329.8 331.1 331.7 331.1 327.2 315.2 300.8 279.9 256.3 233.6 214.7 238.2 264.5 283.1 297.7 314 319.7 324.3 324.7 322.1 318.3 315.7 313.8 309.5 305.7 302.2
99.7 110.6 115.6 122.5 137.5 146.3 165.3 187.8 214.2 238.9 271.5 269.6 294.1 331.5 371.5 413.8 465 489.2 512.1 521.9 530 532.2 528.4 518.9 512.8 504.7 489.7 474.2 461.9 448.5 434.2 416.4 391.4 378.3 391 391.2 390.1 383.4 374.9 360.5 346.5 330.5 309 283.9 270.2 274.4 265.3 278.6 297.8 307.4 311 313.1 315.6 318.9 320.2 320.7 322.6 320.7 319.6 315.1 305.3 294.4 276.8 256.5 234.2 213.6 233 259.4 279.9 294.4 313.6 325.1 328.7 329.4 327 322.8 318.6 315.9 313.4 309.3 304.7 299.8
112.9 124.1 129.9 149.8 164.6 169.5 184.9 213.7 241.7 269.1 299.3 304.2 318.7 358.6 386.3 430.5 468.9 491.4 509 520.2 529.1 531.3 529.6 518.1 513.1 507.1 490.2 476.5 460.8 445.9 429.9 414.1 393.5 366.9 374 377.4 376.2 370.6 360.4 346.6 333 317.8 296 274.3 259.8 255.2 269.4 290.2 302.3 305.7 307 309 310.4 311.6 312.2 312.6 312.3 308.8 302.6 292.2 282.6 270.2 254.8 230.5 210.8 218.4 244.5 266.5 287.2 296.6 317.5 326.2 331.6 330.8 326 322.3 318.5 315.6 312 307.6 302.5 298.4
137.5 150.1 162.3 166.9 193.1 200.9 209.9 231.6 259.9 290.1 318.7 330.4 348.2 375.7 405.9 437.5 470 489 505.4 515.7 528.6 527.2 528.1 518 511.5 504.2 490.2 475 464.1 447.1 432.3 413.3 386.6 356.4 348.1 350.1 352.9 350.3 344.4 334 318.8 304 282.1 261.8 246.3 260 280.8 297.7 302.6 302.4 302.2 303.8 303.5 303.6 303.3 301.5 299.3 291.4 281.8 270.2 259.2 247.2 230.1 206.7 207.8 234.5 258.9 277.9 291.6 302.5 313.6 319.5 329 326.9 323.1 320.2 317.2 313.7 310.2 305 299.4 295.3
167.6 180.8 189.4 185.7 209 224.9 238 247.9 271.4 308 329.4 347.3 366.1 390.9 416.1 442.9 469.6 489.1 501.9 516.9 524.3 524.8 520.9 514.2 506.7 499.1 486.3 473.8 463.2 448.2 433.6 412.9 390.6 364.7 337.1 317.4 321.6 319.9 320.5 316.2 303.4 287.9 266.4 246.6 243 267.9 288.6 297.1 297.9 296.8 296.2 296.5 296.1 293.8 291.5 286.9 281.6 270.9 260 250 236.8 226.2 211.4 198.6 222.8 240.6 262.2 283.3 302.8 309.9 314.6 318.7 323.2 323.3 320.1 317.8 314.3 310.4 306.9 301 296.2 292.2
202.3 210.8 217.4 208.8 224.7 244.9 257.5 276 280.7 311.1 337.3 359.4 380.9 398.7 421.1 447.4 468.4 487.4 500.6 509.9 518.2 520.6 516.1 509.5 500.3 492.1 483.8 472.3 457.7 443.7 430.2 411 393.6 373 352.1 327.9 302.8 282.4 290 296.3 286.4 270.3 249.9 233.6 254.7 279.2 293 293.9 293.3 292.2 290.6 288.4 287.7 282.4 275.4 268.1 261.8 251.1 238.2 229.3 215.5 205.4 195.6 213.2 233.4 252.3 271.5 293.3 304.7 314 319.4 319.9 320 320.1 318.7 315.4 311 306.2 301.2 295.6 291.4 287.5
240.8 242.6 249 231 210.8 257.1 279.6 295.1 312.5 308.8 346 371.7 389.1 404.4 422.5 444.8 468.7 483.9 494.9 503.6 509.4 511.4 507 500.5 491.1 483.8 476 462.3 450.1 436.2 421.5 406.3 392 373.5 355 336.5 320.2 298.9 268.3 270.8 271.1 254.9 231.7 239.3 264.7 285.8 288.3 289.3 286.3 284.5 282.7 280.4 277.2 267.4 258.1 248.7 237.4 230.1 218.2 204.8 190.7 193.4 208.8 227.1 248.2 269.2 288.6 300.6 307.3 312.6 318.5 318.4 318.1 315.8 313.1 309.7 304.4 299.5 293.1 288 284 280.5
275.9 274.6 274.6 261.6 227.7 243.3 294.8 312.7 327.7 342.3 358.5 377.4 393 408.7 426.6 445.1 465.6 483 493.9 497 502.1 500.4 494.4 487.7 482.1 471.3 463.9 453.1 440 426 413.5 399.2 387 368.5 351.9 334.8 319.6 298.5 275.8 246.2 255 236.5 222.1 247.9 271 280.8 282.8 283.2 277.9 274.9 272.7 269.3 259.4 247.1 234.9 228.3 219.3 208.7 195.9 189.5 201.8 213.1 224.2 241.8 265.3 282.9 297.4 303.7 307.1 311.7 314.9 315.3 316 311.6 307.4 302.9 295.9 289.3 286.4 280.6 276.3 270.5
289.5 292.9 290.7 287.9 252.9 248.1 305.5 325.8 338.9 354.6 368.2 384.8 399.9 412.7 428.6 446.5 464.1 479.2 489 493 490.3 486 482.3 475.5 468 462.2 452.1 440.5 426.3 415.1 402.7 391.3 376.2 362.2 347.5 330.7 312.6 290.1 271 249.9 231.5 220.2 228.5 251.9 265.1 273.4 273.6 272.9 269.3 266.8 260.7 255.6 242.5 230.5 220.4 209.8 199.8 191 186.9 198.1 210.5 223.8 240.5 257.2 275.6 290.1 296.9 302.6 309.6 315.8 314.4 312.6 314.2 310 299.4 289 281.8 277.3 277.4 274.2 268.6 262.8
302.2 306.4 307.5 309.1 292.4 255.8 300.8 336.2 349.2 363.3 378.2 390.9 404.5 416.9 434.1 448.7 461.5 474.1 483.5 484.9 479.8 473 468 463.1 456.3 449.3 438.4 423.1 410.8 400.3 390.9 377.7 363.4 351.8 337.5 321.3 303.1 280.9 263.8 245.3 225.5 209.4 233.6 251.1 258 261.8 262.3 262.4 261.3 255.7 249.9 235.7 224.7 213.5 201.6 191.9 183.7 187.4 199.4 208.5 221 235 255.7 272.3 283.3 292.2 296.9 303.5 311.1 315.2 312.5 307.6 302.2 291.9 282.1 276.3 270.2 265.3 267.1 267.5 261.5 255.6
314.5 319 321.6 324.3 318 279.3 290.8 342.3 358.5 371.4 385.9 396.2 407.2 421.9 439.1 451.7 461.3 469.7 473.2 469.8 462.8 460.3 456.6 449.8 441.3 434.1 419.6 404.8 396 386.9 375 360.4 348.9 335.1 323.2 308.7 289.6 269 250.1 233.3 217.2 206.4 233.8 244.2 248.2 252 253.4 256 253.5 244.9 231.4 219.8 207.9 195.6 181.8 178.6 186.2 198.3 207.6 220.9 237.7 252.4 268.6 277.8 286.1 293.7 295.7 298.2 306 314.6 307.5 299.4 287.9 279.6 272.7 266.4 260.1 254.9 257.3 256.8 250.5 247.4
324.8 327.8 332.8 336.9 335.7 303.2 297.8 343 366.3 379.7 391.9 401.7 412.6 426.6 443.9 455.2 461.1 463.9 464.1 459.6 452.6 450.4 442.9 437 427.8 417.1 398.6 385.6 377.2 367.2 356.1 344.9 330.9 318.8 309.7 293.9 273.1 255.5 236.7 222.5 203.6 215 232.1 236.7 240.1 245.8 247.4 246.7 240.3 227.7 212.4 201.7 191.2 179.1 175.8 183 197.8 209.7 219.7 235.1 250.9 267.6 278.2 283.2 288.9 290.7 292.8 296.2 299 299.7 295.6 286.3 276.7 270.1 264.1 259.2 253.3 244.5 245.6 243.1 240.1 239.7
333.7 338.8 341.9 346.1 349.8 343.8 314.7 351.2 373.8 384.6 395.2 405 416.7 429.5 446.9 454.6 457.8 457.3 452.9 448.4 445.3 436.7 428.5 421.7 412.5 396.3 379.5 368.4 358.6 347.7 338.3 324.1 311.7 302.2 291.3 275.9 258 238.6 225.3 209.4 192.8 216.4 226.6 231.2 236.9 240.1 239.4 234.7 221.8 210.4 197.9 185.4 176.3 172.5 177.9 192.9 207.5 222.2 234.5 249.8 267.3 278.9 283.6 286.8 289.2 289.8 290.3 292.6 294.9 289.9 281.8 273.8 267 262.2 258.8 254.9 247.4 239.5 235.5 232.7 232.2 233.6
339.9 345.4 352.7 356.9 361 362.7 335.7 341.1 375.8 387.4 396.9 407.9 417.2 427.9 442.9 452.4 450.7 448.6 444.6 441.5 433.7 422.8 415 402.3 388.5 376.6 362.3 350.1 342.4 330.6 323 307.4 295.9 283.1 272.7 255.6 239.5 225.2 211.2 194.2 194 212.3 220.2 226.8 230.5 232.1 230.4 221 206.2 191 177.8 169.3 167 171.2 188.4 204.2 221.3 237.4 251.9 264.3 274.8 281.1 285.7 289.9 291 290.5 289.2 288.3 287.8 281.8 273.9 266.7 261.8 256.9 253.3 246.7 240.5 235.7 230.3 226.5 227.2 229.2
345.3 353.8 360.6 366.1 370.4 371.6 356.2 338.5 361.1 389 397.2 406.6 414.7 424.6 436.7 444.5 443.5 438.6 437.7 430.7 419.6 409.5 396 382 372 359.4 347.4 338 323 315.1 302.4 291.2 277.9 262.9 251.7 237.9 223.6 211 197.3 175 200.2 211 219 221.2 221.3 220.5 215.5 202.5 186.6 173.5 163.5 162.1 167.4 179 195.4 217 234.9 253.6 262.2 271.8 277.2 283.2 287.4 289.2 289.3 288.9 287.6 285.9 282.9 276.5 270.3 263.2 258.1 253.2 250.6 244.3 238.6 232.2 226.4 222.9 223.7 224.8
