ny/ny10_OST50GRID_20230518/NY10.asc
ncols 200
nrows 200
xllcorner 310000
yllcorner 500000
cellsize 50
[rows 144 to 179 of 200, columns 82 to 163 of 200]
350.5 360 366.9 372.8 377.3 378.5 376.1 355 364.8 389.9 396.1 402.8 411.7 417.7 425.7 432.8 430.5 429.3 425.4 413.6 404.3 389.7 375.6 364.3 351.8 344.7 331.8 318.1 308.8 296.8 284.1 271.6 256.6 243.7 234 221 209.2 196.2 185.5 167.8 197.7 208.2 212 211.1 210.2 200.1 188.7 178.2 165.8 157.2 158 167.5 178.4 195.2 213.5 236.7 249.4 261.3 270.7 275.6 280.1 284.7 288.3 287.7 286.4 285 283.2 282.6 277.4 273.4 268 261 255.7 251.3 248.4 244.4 236.2 229.3 223.1 221 222 220.9
357 364.3 372.7 380.2 384.8 386 383.4 375 381 389.8 393.5 399.8 406.7 412 415.6 417.8 417.5 416.5 410.4 401.2 386.8 369.1 356.9 342.7 338.4 322 313.7 301.8 289.3 278 267.1 250.1 238.4 228.5 217.7 204 192.9 186.5 171.4 176 196.5 200 199.2 196.2 187.8 178.3 168.4 158.4 151.4 158.5 166.7 180.3 197.6 214.1 232.2 249.6 258.3 266.7 272.4 276.4 280.5 283.1 284 283 283.8 280.4 278 275.7 271.6 267.8 262.1 257.6 253.6 247.7 245.9 242.5 233.9 226.4 221.1 218.5 217.8 216.7
359.6 369 377.8 385.2 389.8 390.9 388.7 386.8 386.9 388.2 391.6 395.3 400 402.4 399.6 397.9 398.8 397.6 390.5 377.6 362.4 348.7 335.9 329 317.7 306.2 293.2 279.7 270.6 260.2 245 232.1 223 214.7 202.7 191.2 184 174.8 156.1 183.4 191.7 188.3 182.2 177.6 166.5 157.7 151.1 149.5 159.3 168.1 181 198 215.4 230.7 247.4 256.5 261.4 266.8 272.6 275.3 277.2 279.5 279.6 278.8 277.4 274.7 272.3 269.1 266.6 263.8 261.8 260.3 254.5 248.1 245.1 239.6 232.7 224.7 221.3 217.2 211.5 211.2
363.9 374.4 382.4 388.1 391.9 394.9 393.2 389.8 387 385.9 386.2 387 387.9 388.4 384.6 381.1 378.2 375.4 367.8 352.3 341.6 328.6 317.5 312.2 298.5 286.6 273.9 260.1 248.9 237.5 225.5 217.8 209.2 200.1 188.6 179 177.5 160.3 161.9 178.7 176.5 168.5 161.1 158.1 149.7 145.1 148.6 158.9 170.5 185.4 199.9 214 230.7 241 251.1 258.9 261.1 264.7 269.5 272.3 270.9 270.9 271.1 272.6 272.5 270.3 266.5 265.1 264.5 262.3 258.8 258.2 256.7 252.9 246.9 237.5 229.5 223.8 220.6 214.8 208.4 207.7
367.4 375.5 383.4 387.3 393.2 394.6 393.2 388.7 383.8 378.4 376.9 373.8 373.3 373 369.5 365.9 360.8 353.2 343.6 331.6 319.5 307.9 303.8 291 279.6 265.8 252.2 241.1 228.3 219 211.4 203.8 195.4 186.2 175.4 175 163.2 147.6 162.5 161 157.3 151.1 149.9 143.6 141.7 148.9 162.2 173.1 182.3 196.7 215.5 227.2 237.1 244.5 251.6 256.6 258.9 260.4 262.3 265 265 263.4 262.4 265.5 265.8 265.4 263.1 262.4 262.3 260 257.4 254.9 254.5 251.7 246.4 236.2 228.8 223.2 218.9 212.7 206.8 202.9
363.8 373.7 377.7 382.5 387.1 381.5 381.9 380.4 371.1 364.3 361.3 359.8 357.5 357.3 358.3 351.7 343 334.4 323.7 310.8 304 295.2 283.1 271.5 259.6 248.2 234.2 222.5 211.7 204.5 197.4 191.9 181.7 175.1 166.7 164.7 149.7 148.4 150.1 146.3 141.9 141.6 138.7 139.8 146.9 161.9 179.3 187.8 199.7 209.4 222.7 230.1 236.8 242.4 250.2 253.3 256.3 258.2 259 259.4 258.7 258.3 259.3 260.5 261.9 262.4 261.7 259.7 261.2 259.4 257.7 254.2 252 249.5 244 235.1 227.9 223 217.7 211.5 205.8 198.8
363.2 370.8 372.8 375.1 373.8 369.5 367.2 360.1 352.8 350.5 347.7 346.4 344.6 341 340.6 339.8 331.8 318.2 307.8 298.8 291.6 278 264.6 254.6 241.7 228.1 214.3 206.6 199 193.9 185.7 178.6 170.9 163.8 159.6 151.1 135.6 140.8 139.4 134.7 134.6 135.5 139.6 146.7 161 177.6 191.2 200.4 209.7 221.5 228.5 233.6 239.5 243 249.5 251.8 253.2 254.6 255.1 254.6 253.4 256.3 257.9 259.5 261.8 262.2 260.6 257.9 257.6 258.8 258.5 253.8 250.1 247.2 242.8 233.6 227.5 223.3 217.5 209.4 202.3 194.7
364.2 367.6 366 366.4 362 355.4 352.7 345 340.7 339.1 338.9 334.8 332.7 327.5 322.6 319.3 316.7 307.1 293.6 289.1 274.5 262.1 250.6 237.8 222.6 211.7 204.3 198.8 191.6 181.8 172.6 165.7 158.9 156.6 150.6 141.3 131.5 133 130.4 130.7 130.5 135.4 144.2 156 168 185.9 196.2 208.5 216.1 224.6 230.9 236.5 240.7 244.9 247.6 249.6 250.3 250.5 249.9 250.4 251.9 256.6 259.5 262.2 263.3 263 261 258.4 256.3 258.5 258.9 254 248.9 244.1 237.2 231 226.7 220.3 217.2 209.3 199.9 191.7
358.1 357.9 358.9 354 348.5 343.5 341.8 334.9 331.1 331.8 330.3 327.3 323.6 316.2 309.2 307.7 301.2 295.4 285.5 277 261.4 248.9 238.8 224.2 208.7 200.4 194.2 188.6 179.2 167.2 159.6 154.6 148.5 144.3 138.2 130.4 126.8 126.4 126.4 127.3 134.5 144.8 155.6 166.9 178.9 189.4 194.6 203.8 216.3 227.7 233.8 237.4 239.9 243.4 245.1 246.6 247.2 247.3 246.5 247.2 251.4 254.7 259.7 259.2 260.7 262.7 261.7 259.1 256.5 257.8 258.6 253.3 248.3 240.7 233.1 225.9 219.6 215.3 211 203 195.6 188.5
351.9 350.7 346.4 343.1 340.1 338.4 330.8 325 327.3 326.9 323.3 322.5 315.9 307.7 300.7 296.2 289.7 285.7 278.1 264.5 248.1 238.1 226.3 210.9 196.8 188.4 183.2 176.7 165.4 157.3 149.5 145.2 135.2 131.4 126.7 124 122.1 124.3 126.4 135.2 148.2 158.7 168.5 181 189 198.6 209.8 211.4 217.7 227.8 233.1 235.8 239.4 242.2 243.7 244.8 245.6 245.6 246.7 247.7 250 251.4 253.9 257.1 262 262.7 262.6 258.5 256.5 255.2 254.8 251.5 244.7 237 229.1 221.4 214.4 210.2 204.5 197.6 190 182.7
342.3 339.4 335.8 330.9 330.8 328.2 320.8 321.6 323.3 319.5 318.7 315.3 309.6 302.6 296.6 289.4 280.4 274.7 267.7 256.3 239.8 227.3 215.2 199.3 187.6 179.4 172 163 154.1 145.4 140.9 136.7 127.9 121.3 119.7 119.6 119.9 127.6 134.5 147.7 162.1 175.4 184.4 194.6 201.4 208 214.2 223.8 227.2 229.8 232.4 234.4 237.3 241.2 242.7 244 245.5 246.5 246.8 247.5 248.5 250 254.1 258.4 262.9 261.4 258.9 257.3 254.9 252.2 250.6 246.5 238.6 231.6 223.6 217.3 210.6 204.8 199.5 192.1 183.8 176.3
332.4 328.9 327.3 323.9 322.6 316.1 314.6 319.7 318.1 315.6 312 308.5 304.6 297.8 291.2 281.6 272.8 265.9 257.5 246.4 232.9 217.6 202.9 190.2 181.2 170.8 159.1 150.7 141.2 136.9 133.3 130.9 120.2 116.4 116.4 115.2 124 132.6 146 161.5 173.9 182.3 193.6 201 209.2 214.5 220.1 224.7 230.6 234.1 237 239.4 240.4 241 242.8 244.5 245.7 246.3 247.3 248.1 248.7 252.7 256.8 261.2 263.2 259.8 256.3 253.7 254.6 248.6 244.3 238.8 232.7 224.4 219 213.2 205.7 199 193.8 184.3 177.8 168.4
324.3 321.5 320.7 313.1 309.2 308 312.3 316.5 315.3 312.1 307.8 307.4 299 289.6 282.2 271.3 262.8 256 250 237.5 223.5 209.6 193.4 180.4 168.5 156.8 146.8 139.9 134.8 131.1 126.7 122.2 114.3 114.7 112.1 125.2 130.9 140.6 154.2 168.6 181.8 191.4 199.2 204.6 212.9 218.4 223.3 228.3 234.7 238.3 241.1 242 242.7 243.5 243.6 244.5 245.9 246.5 247.6 248.5 249.5 252.5 257.9 263.4 263.1 261.8 255.2 248.6 246.3 245 239.9 234.6 227.3 220.9 214.3 205.7 201 196.4 189.1 174.2 164.9 158.8
304.4 303.8 303.2 297.9 299.9 302.4 308.5 314.3 315.6 310.1 305.1 302.9 290.1 281 272.3 264.2 255.4 243.8 235.7 228.7 216.2 199.6 183.6 169.4 153.8 143.7 134.8 130.8 127.6 125.2 119.5 114.2 112 111.2 121.2 129.8 139.6 152.1 164.7 175.3 187.6 194.7 202 210.7 218.1 222.2 226.3 235.7 240.6 241.9 243.7 244 244.7 244.8 244.7 245.7 246.4 246.8 248.3 248.8 249.6 252.9 258.6 264.7 264.4 260.4 253 246.2 242.1 238.3 234.5 227.9 223.2 213.8 205.6 199.3 194.7 188.7 177.3 164.4 153.1 147.4
288.8 288 285.5 284 290.6 306.3 314.4 320.2 313.8 309.9 302.5 293 281.6 274.5 266.5 256.8 245.8 233.8 218.6 209.1 202.1 187.4 169.7 156.4 143.6 135.1 128.5 128.3 123.7 116.7 114.7 107.3 109.2 118 133.1 139.3 146.9 158.3 172.4 182.9 190.9 199.8 206.6 215 221.2 226.6 231.6 238.6 243.7 245.1 246.1 246 245.6 246.1 246.5 247.1 247.8 248.3 250.3 251.2 251.7 255.6 260.8 266.5 264.5 258.9 247.9 241.7 238.6 234.7 227.3 221.7 215.7 204.7 194.7 187.6 180.7 172.4 165.3 154.3 144.4 153.7
271.7 272.7 268.9 275.9 289.5 311.8 322.2 315.8 307.7 302.3 297 284.8 275.7 265.8 257.9 245.6 229.1 218.9 203 192.2 183 171.4 157.7 143.8 132.8 124.6 124 122.6 116.6 112.6 106.3 107.1 115.4 127.9 136.1 141.5 153.1 166.4 178.2 185.8 195.3 202.1 210.7 219.6 227.9 235.2 239.6 243.7 246.7 248.8 246.6 247.5 249.1 250.7 251.5 252.6 256.6 251.5 252.5 253.7 255.1 260.1 264.5 269.9 262.1 251.9 241.1 237.5 231.6 225.8 219.9 215.2 206.3 196.4 187 181.5 172.6 162.6 160 146.5 145.2 153.3
259.2 252.6 258.3 275.7 295.7 311.5 321.6 313.5 303.6 296.2 286.4 270.7 258.1 245.9 238.7 224.9 213.7 203.6 192.9 181.9 167.6 154.5 146.1 134.8 122.9 115.2 113 111.6 108.7 106.4 103.4 112.3 116.4 126 134.4 146.6 159.5 171.7 180.9 190.6 197.6 208.2 217.4 229.1 235.8 240.2 243.3 246.9 250.1 249.8 247.9 248.4 249.5 252.6 257.3 259.2 258.8 256.7 254.3 255.9 259.4 265 269.4 268.1 255.3 243.8 238.1 231.1 225.2 221.7 213.9 205.7 196.9 188.1 181.1 174.9 165.1 160.1 153 140.4 149 154.3
238.7 233.8 249.5 276.4 311.3 327.2 321.3 309.7 293.6 284.2 270 253.4 241.9 228.4 223 209.8 198.4 188.9 178.8 168 154.4 142.7 133.4 123.3 113.2 110 108.8 106.5 103.4 100.5 106.6 111.1 120.1 124.9 135.9 149.6 163.5 173.2 182 192.3 202.8 214.3 225.4 235.3 241 244.2 248.4 252.7 254.5 250.5 249.3 249.8 253.5 259.7 271.2 265.6 265.6 261.7 257 257.6 263.3 268.1 264.6 263 247.4 239.2 234.4 228 221.8 217.3 209.9 200.1 189.2 181.3 175.4 167.8 159.5 153.5 144.8 134.6 149 153.8
216.2 218.3 236.9 274.9 299.2 308.9 310.3 297.3 280.7 283.8 265.2 244.5 227 216 205.5 192.6 180.8 172.4 161.3 150.7 141.4 130 120.6 113.7 109.1 103.2 103.7 100.3 99 102 106 115.3 119.7 127.5 138.4 150.7 161.7 172.4 183.3 194.8 208.9 223 233.9 240.2 246.4 249.5 253.7 255.4 257.6 253.1 252.8 258.4 259.2 263 271.6 273.6 267.3 266.6 261.3 257 259.7 260.6 263 250.7 242.1 233 231.9 225.5 223.2 214.9 207.1 195.6 184.6 176.2 170.3 161.8 151.9 146.5 136.7 132.4 149.1 154.7
198.2 204.4 218 240.2 270.3 284.2 283.7 258.7 262.7 270.2 256.3 230.7 209.4 197.8 184.9 177 167 159.1 144.2 136.1 128.7 118.4 109.3 107.5 105.9 97.5 97.4 96.5 97.4 105.6 110.3 116.6 123.6 130.7 140.9 150.5 163.4 174.3 188.7 202.2 220.5 233.9 237.9 244.7 247.8 257.1 257.3 260.1 259.8 255.9 255.6 263.8 263.2 269 267 272.5 275 269.8 263.8 260.4 258 256.9 252.6 240.9 235.1 229.9 229.3 225.9 220 215.2 202.9 188.5 178.8 173 164.3 155 145.9 142.1 126.5 143.8 149.6 155.3
186.5 190.1 197.3 207 242.8 255.7 241.7 233.3 241.3 239.1 227.5 207.8 193.1 181.4 172.4 163.1 147.5 138.7 130.1 121.5 112.6 105.1 99.9 98.6 95.1 94.9 95.4 95.4 101.6 108.3 113.1 120.7 125.5 131.8 142.2 151.1 163.2 180.7 195 212.3 232.7 236.6 240.2 244.3 252.9 257 260.9 261.8 261.7 259.3 258.5 262.1 266.4 265.5 266 272.1 273.9 272.3 266.7 264.4 261 257.7 245.6 238.7 230.6 227.9 226.9 223.4 217.9 211.5 198.7 184.5 172.7 166.8 155.6 144.5 136.7 128.7 135.9 141.8 147.8 157.6
179.8 180.1 180.9 188.8 204.2 215.4 207.3 213.9 217.5 217.9 202.1 186.7 177.1 165.1 154 143 128.9 122.3 114.1 106.8 99.6 94 93 93.1 92.1 93.4 93.4 95.7 102.3 108.6 115 124.4 130.3 137.7 148.2 157.4 168.6 185.6 208.9 227.3 235.5 238.7 241.9 246.6 257.2 261.9 263.9 264.8 266 263.1 262.3 265.5 268.4 271.2 271.3 272.2 269.3 266.5 266.2 266.4 266.8 253.8 244.1 235.2 228.5 227 224.9 219.2 213.7 205.7 196.2 178.4 168.4 157.2 147.1 132.1 121 126.9 136.9 142.9 150.9 159.5
173.3 170.4 169.7 174.5 181.2 183.8 182.6 183.9 191.5 199.7 176.3 167.2 156.1 143.1 132.7 123.8 116.8 110 103.1 94.6 90.8 88.9 88.7 90.4 90.8 91.5 91.5 97.9 104.9 111.9 119.9 126.4 134.1 142.4 154.8 162.8 173.5 192.6 220.4 234.3 239 242.9 247.4 252.6 266.4 263.8 266.9 267.2 269 266.5 264.5 264.4 269.9 271.6 271.3 270.9 268.8 266.9 266.2 269.3 263.9 255.1 241.6 232.7 232 229.4 226.4 219.4 212.5 205.6 194.4 172.7 159.3 149 134.1 118.1 126.4 134.1 137.4 142.9 150.7 159.7
167.1 164.8 161.9 162.7 163.6 161 161.8 162.9 159.3 154.8 151.7 145.7 134.6 126.4 121 113.5 106.1 100.4 96.7 91 86.2 86.8 87.7 88.9 89.8 90.1 94.8 101.1 108.7 118.5 128.2 136 141.9 150 159.6 168.6 183.8 200.5 220.2 236.5 239.4 243.2 247.6 251.2 256.7 262.4 269.7 270.9 270.2 269.7 269.5 270.7 274 275.2 273.9 271 272.3 275.2 270.5 263.2 260.4 251.7 239.7 230.9 237.6 233.9 223.7 219.4 209.5 196 186.6 164.4 149 136.6 122.3 115.2 128.2 132.8 137.5 143 150.6 164.9
161.2 162.2 159.6 154.5 151.1 146.9 144.6 142.5 139.3 135.1 130.6 127.8 122.1 116.8 112.8 107.1 102.3 98.3 91.6 86.7 84.8 86.1 87 87.8 88.3 90.8 99 105.8 115 125.4 137.8 144.1 148.7 153 164.6 175.6 192.1 210.5 221.3 227.5 236.2 246.2 249.8 252.3 254 266 274.8 279 273.3 270.4 271.3 282.2 279.7 278.7 271.9 269.3 271 275.2 270 265.2 257.7 249.1 234 230.3 231.3 233.5 223.5 215.4 205.9 190.9 169.7 154 140.4 127.2 111 117.7 126.2 132.3 138.6 146.2 158.7 171.9
157 156.4 156.3 151.2 147.8 143 138 134.5 129.8 126 121.1 115.9 110.7 107.6 104.5 101.5 95 88.1 85 82.6 83.7 84.8 86.1 87.1 88.9 93.3 101.3 112.4 122 133.7 146.3 152.4 155.8 159.7 170.2 184.2 195.5 210.4 220.5 227.2 241.4 245.8 248.4 255.6 257 264.8 274.4 281.3 272.4 271.1 273.9 283.2 283.9 275.4 273.3 267.6 268.5 270.7 272.5 269.1 256.3 252.3 234.8 223.7 226.4 225.1 222.5 213.1 192.6 170.3 156 143 131.8 120.9 107.4 115.3 121.7 131.5 138.5 152.9 169 174.4
151 150 147.9 145 143.1 136.7 131.2 126.3 121.9 117.5 110.9 106.5 102.3 100.2 98 91.5 86.6 81.3 81.6 81.8 83.2 84.3 84 90.3 96.9 99.3 106 114.8 129.5 141.8 152.3 158.4 170.4 176.2 187.5 194.8 203.7 213.8 223.3 230.2 241.7 248.1 250.8 255.8 260.8 259.5 264.4 268.6 268.8 272.7 273.5 277.5 282.4 278.2 272.5 267.9 267 267.9 271.2 267.1 262.6 256.5 241.1 219.8 219.5 216.8 210.6 196.6 174.8 153.7 145.9 133 123.2 109.4 106.3 114.6 126.2 129.6 140.9 155.7 164.4 165.6
150.2 141.3 139.1 137.8 133.4 130.6 121.5 116.9 113.1 108.2 104.3 98.6 96.9 93.1 87.9 85.2 79.5 79.7 80.8 81.1 81.9 84.3 88.3 95.3 100.4 104.4 111.8 122.8 136 148.2 159.9 178.6 185.3 191.9 199.8 208.7 212.1 217.8 224.3 236.1 240.8 246.6 260.2 262.8 263.8 258.2 257.5 256.9 263.5 264.7 270.1 280.3 279.4 273.3 277.5 276.1 273 268.4 262 262.1 267.8 260 240 220.7 208.4 203.1 186.3 174 149.2 146.3 136.5 121.4 115.1 94.1 105.5 114.4 123.1 125.3 135.1 148.9 149.3 142.3
139 134.2 132 127.7 123.4 118.3 112.6 110.2 107.2 102 98.5 90.5 84.2 80.5 78.7 77.4 76 78.2 79.1 82.5 86.1 88.8 91 97.3 104.8 109.4 120.2 134.3 148.3 160.1 174.5 192 193.8 199.4 207 216.8 222.5 224.1 225.1 237.5 245.7 254.1 254.6 259 256.5 251.1 253.5 252.1 257.3 255.1 259.5 271 273.7 274.6 284.9 286.7 273.1 266.5 262.3 269.4 267.4 245.8 226.5 214.9 190.4 178.9 163.8 150 135.9 130.8 124.5 112.2 104 92.8 99.5 108.1 113.8 117.9 124.6 129.5 126.3 125.2
131.6 124.8 121.1 117.3 112.1 110.2 107.2 105.6 100.8 93.7 89.4 79.9 76.9 74.4 75.3 75.6 76.6 78 82 85 87.5 92.8 98 103.4 112.4 121.8 132.9 144.2 159.2 173 187.1 195.5 196.9 201.2 210.4 222.4 226.2 221.7 225.3 236.5 244.7 248.1 250.1 245.5 249.7 250.7 251.4 249.5 240.8 239.1 250.2 263.1 263.1 274.3 281.3 281 276.5 266.9 267.6 267.6 254.9 233.8 213.9 196 180.3 155 138.2 122.2 115.3 113.1 108.8 96.9 91.2 87.7 92.8 99 103.9 106.1 112.1 115.2 111.1 114.9
125.1 118.1 114.2 109.7 111.4 105.4 103.4 99.6 93.3 83.3 78.5 75.1 73.1 73.7 74.1 74.4 77.9 81.6 85.1 91.7 97.6 102.1 106.9 112.6 126.3 140.3 149.4 159 172.6 184.5 196.8 200.6 200 204.4 206.8 217.2 216.8 218.4 220.1 222.3 225.4 231.5 235 236.5 239.8 246.5 247 242.6 233.4 227.4 230.5 245.7 244.7 270.2 279.2 277.6 271.5 269 259.9 256.3 236.8 211 192.9 172.5 148.8 132.3 118 103.5 97.8 96.5 90.5 86.6 74.6 82.4 88 95.3 98.1 100.9 104.7 102.8 95.8 97
121.4 114.5 108.2 105.4 102.4 99.8 97.7 91.3 84.6 78.4 73.1 72.3 71 73.3 76 78 82.8 88.7 97.3 105.2 110 114.3 118.8 123.7 136.4 149.6 161 173.4 186.3 192.2 204 203.9 204.4 208.7 208.1 211 215.5 222.8 221.8 221.7 221.7 222.5 228.1 228.3 233.7 237.6 237.1 233.7 230.2 224 224.3 226.3 245.2 277.4 279 272.4 274.9 271.2 264.5 240 213 184.8 164.6 149.5 130.8 114.4 102.3 86.9 81.5 78.5 76.8 75.6 72.9 80.7 85.1 90.3 92.6 95.1 101.4 91.2 85.3 88.8
113.3 104.2 103.7 101.6 99.2 96.2 94.1 85.3 76.7 69.7 68.6 70 73.1 77.9 82.3 89.6 97.3 104.7 112.7 119.5 122.7 126.8 130.2 134.6 144.1 158 169.3 185.1 196.4 201.8 206.6 215.2 217 209.8 209.7 213.4 215.7 218.9 221.8 222.1 221.9 221.9 221.9 222.6 226.1 230.6 229.1 227.7 227.6 220.6 218.3 226 255.8 271 259 267.4 267.7 262 249.9 225.7 190.1 162.6 142.2 123.2 107.9 100 93.5 76.9 69.9 66.6 66.4 63.1 69.1 71.9 75.5 81 80.2 82.3 82.6 75.9 72.8 72.7
104.4 99.2 98.3 94.7 92.2 90.3 82.8 75.5 67.7 68 68.5 73 82.3 97.4 103.7 108.1 116.1 123.9 129.8 133.4 136.2 140 142.4 146.4 154.8 166.9 180.2 196 204.5 208 214.6 213.7 214.2 211 212.6 217.2 212.9 217.6 223.9 227.6 222 221.9 221.9 222.7 225.2 229.9 231.5 226.3 225 213.9 213.9 220 235.4 246.4 256.6 259.4 260.1 244.1 226.4 196.1 166.9 140.3 122.1 106.7 89.8 81.4 77.1 66.4 60.8 57.6 56.8 60 60.9 60.9 62.4 64.1 65.1 68.5 67.9 61.4 60 61.1
96.6 91.4 86.5 83.8 81.2 77.3 72.2 65.8 67.1 70.7 76.5 85.3 96.6 111.1 117.3 122.2 128.1 137.2 142.8 146.8 148.6 154.3 156.9 158.6 164 172.4 185.8 196.1 205.2 210.4 212.7 210.5 210.3 209.6 214.2 209.4 211.9 221.8 223.9 227.6 224.5 221.9 222.9 231.3 237.8 231.2 226.4 220.6 213.9 213.9 213.9 213.9 225.9 230.3 241.5 239.6 233.3 224.8 200.2 167.9 143.3 122.9 105.7 86.9 78.3 66.2 61.2 58.5 55.4 56.8 58 58.6 58.1 57.5 57.2 59.1 59 59.8 59.5 58 58.8 59.5
88.4 83.4 77.7 72.3 69.7 69.7 67.9 68 74.1 79.7 88.6 96.9 110.6 121.5 128.2 134.5 138.1 146.2 151.7 156.6 160.4 164.1 171 174.4 174.9 184.1 193 205 208.5 216.5 220.1 210.7 210.6 212 205.3 206.7 212.5 224 225.1 224.8 224.9 223.1 223.1 224.8 227.3 230.7 224.6 217.7 213.9 213.9 213.9 217.3 230 237.2 231.2 229.6 216.4 194.8 158.9 141.4 121.9 102.6 84.7 75 63.9 56.9 54 53.7 55.4 56.4 57.3 57.3 57.1 57.4 56.8 56.7 57.2 57.3 58.4 58.9 59.9 61.1
