ny/ny10_OST50GRID_20230518/NY10.asc
ncols 200
nrows 200
xllcorner 310000
yllcorner 500000
cellsize 50
[rows 36 to 71 of 200, columns 0 to 81 of 200]
280.4 284.5 287.2 288.6 289.8 290.3 289.2 287.2 285.6 283.8 282.1 279.3 275.9 268.7 262.8 260.1 255.1 252.2 250.3 246.4 242.2 238.8 236.2 234.5 235 235.6 236.9 237.7 238.3 239.2 241.7 244 246.6 250.2 253.4 257.2 260.9 267.1 271.5 275.3 276.9 279.7 282.9 284.5 285.6 285.2 286.8 291.3 301 315.5 335.1 356.4 374.9 399.9 430.9 447 456.9 467.6 477 490 495.4 496.6 498.5 503.5 509.3 513.5 524.9 536.5 548.2 564.1 581.1 594.7 606.4 617.1 629.2 639.8 652.6 663.9 669.9 672.6 672.4 668.3
278.3 281.7 285.7 287.5 288.4 288 286.1 282.5 281.3 280 278 274.3 269 262.1 257.1 252.6 248.1 245 242.3 239.6 235.5 233.8 231 232 232.6 233.6 235 235.9 236.9 237.6 242.5 245 248.3 254.1 259.1 263 269.2 272 277.1 280.5 282.9 283.8 287.9 292.4 293.6 295.3 297.2 298.3 309.2 331.5 358.7 384.5 393.1 408.8 429.9 446.9 457.8 473.3 481.5 490.7 498.4 501.6 504.9 509.6 515.6 522.3 530 537.6 548.7 564 580.6 593 603.6 614.6 626.1 638 648.6 659.6 665.1 666.6 663.7 658.3
277.7 281.7 284.3 285.4 286.2 285.2 281.4 277.4 275.6 274.2 270.9 267.1 261.2 256.3 251.5 247.1 242.5 239 236.2 233 229.6 229.9 230.6 231.9 231.9 232.4 234 234.2 236.4 240.7 243.7 246.6 251.4 257.9 265.6 275.8 280.9 282.5 279 283.3 286.6 289.8 292.2 295.2 300.9 304.2 306.7 311.5 318.1 341.3 370.3 390.8 404.2 414.1 428.1 447.8 457.7 472.9 482.8 489.7 497.6 502.3 506.7 511.9 520.1 528.8 537.7 547.7 557.3 568.1 581.9 592.1 601.1 612 623.2 633.7 645.2 653.4 657.4 657.7 655.1 649.7
278.4 280.6 281.6 282.8 283.3 281.1 277.3 273.5 270.4 267.4 263.6 259.7 253.9 249.6 245.8 241.7 237.4 234.6 231.8 228.7 228.9 230.3 231.5 233.9 234.4 235.5 237.1 238.5 240.1 242.3 244.4 248.8 254.1 261.4 269.5 281.6 282.4 284.4 283.6 285.4 290 293.2 297.8 301.5 306 311.9 313.1 317.4 327.5 346.4 368.9 391.6 408 417.4 428.6 443.2 454.2 468.2 477.5 486.5 493.7 499.9 505.1 511.7 520.3 532.7 544.3 552.5 563.9 573.8 583.7 592.2 600.5 608.1 618.9 629.8 639.8 646.9 649.3 648.9 646.6 640.2
275.4 276.8 279.4 279.3 278.9 276.2 272 267.7 263.9 261 258 252.5 248.5 243.9 240.1 236.2 232.4 225 226.1 228.5 231.2 233.2 234.8 235.5 235.6 236.8 239.3 241.1 243.4 245.3 249.4 253.7 260.7 265.7 272.5 277.6 282.2 286.4 287.1 287 293 297.8 302.4 306.5 309.1 316.6 320.2 322.5 331.3 348.1 370.4 394.8 404.2 423 436 443.7 450.3 461.9 473.3 479.3 488 494.8 501.8 509.9 522.1 534.5 546.1 556.1 566.5 576.2 585.2 593.1 602 609.3 616.8 626.2 634 639.4 641.3 639.9 636.9 629.7
272.3 273.8 274.7 274.7 273.6 269.7 266.4 262.4 258.2 254.2 250.5 246 243.1 238.9 234.3 230.9 222.5 226.6 228.9 231.9 233.8 235.6 235.6 236.4 237 238.2 241.1 244.2 247.2 250.9 254.7 261 273.5 273.3 278.2 282.9 286.3 288.6 289.7 290.6 294.8 299.8 306.5 314.3 319 321.7 324.9 326.6 335 352 367.7 393.5 408.1 416.9 427.7 436.6 446.9 453.7 463.9 472.6 480.6 490.4 500.5 510.1 522 534.3 546.2 557.4 567.5 578 586 594.7 603.2 610.4 615.5 621.9 628.5 631.3 632.5 631.1 627.6 619.6
270 270.3 270.3 269.3 266.8 263.4 259.9 256.1 252.1 248.3 244.4 240.1 236.9 232.6 228.3 223 225 228.3 231.8 233.9 235.2 236.3 237.1 237.3 238.1 239.4 242.6 246.1 252.1 255.8 260.8 274.7 277.8 278.6 283.9 287.4 290.6 293.1 292.9 293.5 301.4 304.8 308.5 315.8 323.6 325.7 326.9 331 337.8 352.5 367.7 382.3 405.6 413.1 422.1 431.9 441.1 449.1 456.3 467.3 479.5 489.8 499.7 510.3 521.7 534.3 546.6 557.7 568.3 579 587.9 596.2 603.6 608.3 613.4 618.8 621.8 624.3 624.8 623.7 619.6 611.8
264.9 263.8 264.6 262.7 258.9 255.6 252.6 249.1 244.8 240.7 237.4 234.6 229.4 218 220.3 220.4 226.3 231.6 233.9 235.2 236.2 237.4 238.5 239.6 240.4 242.8 246.1 250.3 262.4 263.8 268.8 278.4 279.3 285.6 289 292 294.9 297.5 298.5 295.6 303.8 308.4 312.9 318.5 323.3 327.3 329.2 331.7 339.6 349.6 366.3 381.3 394.6 408.1 415.9 424.7 438.6 447.6 456.2 467.2 476.9 488.7 498.9 508.4 519.4 533.1 546.2 557.4 568 579.3 589.3 596.8 601.9 606 609.7 613 615.6 617.1 616.7 614.3 609 604.7
259.4 257.3 256.1 254 250.4 247.3 244.7 241.9 238 235.5 232.3 228.5 220.4 218.7 219.9 224.7 227.6 232.2 233.8 235 237.2 238.5 239.8 240.9 246.6 249.3 250.7 255 265.8 274.1 281.1 279.7 284.3 289.3 293.3 297.2 300.8 302.9 303.8 301.3 304 309.2 315.4 320.8 326.3 331.1 332.8 335.7 340.1 348.4 364.7 381 394.3 405.9 416.4 426.9 436.6 445.4 456 467 478.7 490 499.7 510 520.5 531.6 545.8 557 568.5 579.1 589 595.4 599.1 603 604.9 606.8 608.1 609.3 608.7 607.1 602.1 595
253.8 253.2 249.1 244.2 243.2 240.8 237.8 234.2 232 229.3 220.9 219.1 216 219 223.6 227.9 229.8 231.4 232.8 233.9 235.9 237.6 239.7 242 245.4 250.3 262.2 264.8 272.5 273.6 279.8 283.8 290.7 295.9 298.5 302.5 305.5 307.9 308.4 306.3 306 310.8 317.4 322.5 326.5 332.3 336.4 341.8 351 357.1 372.5 390.5 403.4 413.3 423 430.6 441 450.8 458.4 468 480.2 490 499.3 510.1 521.2 531 538.6 555.7 567.2 578.6 587 592.7 596 598.2 599.2 599.8 600.7 600.9 599.7 597.4 592.4 585.6
246.1 245.2 241 238.6 236.8 233.7 230.5 227.7 224.8 215.9 215.9 215.9 216.7 222.7 227.4 229.6 231.5 232.7 233.9 235.1 236.4 238.2 239.8 241.5 245.6 249.7 256.1 263.1 268.5 275.6 283.7 289.7 298.2 301.5 304.7 306.8 309.8 311.7 312.7 312.6 308 315.3 319.9 324.2 329.1 335.4 339.5 347.5 358.6 370.4 382.9 397.9 411.4 421.9 429.8 436.8 445 453.6 461.9 471.5 481.5 490.4 498.2 509 519.7 531.3 544.6 554.5 563.8 575.3 583.3 587.4 590.4 592 592.2 592.2 591.1 591.1 589.8 587.4 582.6 574.5
240.6 237.5 235.3 232.9 230.8 227.7 224.8 217.7 212.3 213.6 217.1 215.8 225.5 225.6 227.9 230.2 232.1 233.2 234.2 235.4 237.1 238.8 240.6 242.3 246.6 251 257.1 263.4 271.2 278.3 285 291.4 300 304.8 308.4 308.8 312.5 315.3 317.5 317.7 315 316.5 322.2 328.4 331.9 339.1 347.4 356.7 366.9 379.3 393.2 410.6 420.8 428.3 436.4 444.6 452.2 460.5 468.9 478.2 485.4 493 502.6 511.4 517.2 531.2 543.1 553.1 562.3 571.5 578.1 581.5 583 584 584.3 583.2 582 580.9 579.6 576.9 571.5 562.8
231.6 230 228.4 225.8 224.7 221.9 214.4 210.4 212.3 218.1 221.7 224.9 226.1 225.8 228.5 230.4 231.9 233.3 234.5 236 237.6 239.4 241.4 243.9 247.3 252.6 257 266.8 274.9 280.8 286.8 295.4 302.1 306.5 309.6 312.3 315.2 318.4 321.1 322.5 319.5 323.5 322.9 328.9 334.8 343.8 352.3 361.2 375.2 388.7 403.7 419.1 426.9 434.3 442.1 450.4 458.4 467.2 475.2 483.2 490.8 498.1 504.1 511.3 519.6 529.9 538.8 549.7 557.8 565.4 571 573.7 574.8 574.4 573.6 572.4 571.8 570.3 568.1 564.6 558.4 544.8
225.9 224 220.9 220 217.4 211.8 208.1 213.7 219.1 223.1 224.6 225.9 227.2 228.8 229.4 230.1 232.2 233.9 235.5 236.9 238.4 239.9 242.3 245.7 249.8 255 259.8 269.7 277.1 284.8 290.9 297.6 305.2 310.3 313.2 315 317.3 321 324.1 325.1 326.8 330.2 329.9 330.9 335.2 348.2 355.5 366.3 378.5 396.5 412.3 421.8 431.7 440.2 449.1 456.1 464.4 472.2 480.8 487.9 495.4 500.9 507.8 515.5 521.5 528.5 537.7 546.9 553.4 558.5 562.1 564.4 564.7 563.9 562.6 561.3 559.4 557.1 554.4 550.9 538.5 525.6
220.4 216.1 211 207 205 208.8 213 217.3 222.2 225.1 227.4 227.9 229.1 229.8 231.3 231.4 232.3 234.4 236.3 237.8 239.8 241.6 244.3 248.7 252.3 257.3 265 273.1 279.4 286.5 294.9 300.5 307.9 313.6 315.6 317.2 319 323 326.4 327.5 332.7 336.3 337.1 342 345.8 352.5 359.4 368.1 383.9 400.4 412 424.7 434.8 445.1 452.6 460.3 467 474.7 482.4 491 499.1 504.3 511.2 518.6 524.5 531.8 538.9 544.4 549.2 552.1 553.9 554.4 554.2 553.1 550.6 547.7 544.6 540 536.7 529.8 516.9 511.4
211.4 200 202 206.2 210.3 215.6 220.2 222.3 224.8 227.3 229.6 231 232.4 233.3 232.9 233.9 234.3 235.5 237 240.2 242 243.6 246.4 250.8 254.9 257.8 267.6 276.6 284.2 290.5 295.3 303.1 308.4 312.5 316.8 318.4 320.2 322.4 327.2 331.8 335.8 339.2 342.5 350 352.9 358.6 363.6 376.1 391 401.3 417.6 429.9 439.7 448.8 456.3 461.5 468.6 475.3 483.4 493.9 502.5 508.6 514.9 520.8 526.9 533.3 538.9 543.7 546.2 547.8 547.3 545.7 543.7 540.5 537.5 533.3 527.2 524.7 520.1 509.6 502.1 499.4
197.7 204.8 208 213.7 218.9 221.4 223.8 226.2 227.8 229.5 231.9 234.1 235 235.9 236.4 236.9 237 236.7 239.4 241.9 244.2 245.8 247.9 252.2 257.6 261.4 269.2 279.1 287.9 293.7 297.7 306.2 310.8 313.1 316.8 319.1 321.9 324 328.6 333.1 340.1 345 347.3 354.1 357.3 364.6 370.5 379.4 393.8 404 422.6 436 443.6 450.3 457.3 462.9 468.5 474.9 484 494.2 504.6 512.7 518.4 523.9 530.6 536.4 539.3 541.2 542.6 542.1 539.9 537 532.3 526.9 521.1 516.5 511.5 507.3 499.7 490 489.6 486.6
208 215.1 216.8 218.8 221.3 223.9 226.5 228.5 231 232.9 235.2 237.5 238.7 239.3 239.9 240.9 241 241.8 243.3 244.2 246 248.9 251 255.2 263.6 265.8 270.7 281.2 291.2 296.8 300.6 306.7 312.3 314.3 316.8 319 323.6 326.3 330.7 336.4 344 350.2 355.6 358.6 362.7 372.6 381 386.2 394.9 409.1 423.8 434.7 444.7 451.2 456.6 462.3 466.8 473.8 483 494 506.1 514.5 521 527.8 533.6 537.8 540.4 539.4 538.5 536.5 532.8 526 520.6 513.9 507 501.6 497.8 493 484.8 476.4 474.7 470.2
213.1 216.3 219.6 222.1 224.5 226.9 229.4 232.1 234.1 236.8 238.8 240.3 242.5 243.4 244 245.3 246.8 246.7 246.6 249.4 251.5 252.2 253.8 258.5 266.9 271.2 277 284.2 291.9 298.5 303.4 306.3 310.2 312.7 315.7 320.6 324.8 328.5 331.6 337.9 345.2 352.2 356 359.1 365.9 371.9 381.6 390.5 399.7 410 425.7 437 444.3 450 454.7 460.3 465 470.2 479.7 492.8 503.8 514.5 523.7 531.2 536.3 539.1 538.8 535.6 532.3 528.5 522.4 517.7 510.5 502.3 493.9 489.7 486.9 483.2 477.5 468.8 463.1 459.5
215.5 218.4 221.2 224.4 227.9 230.3 233.2 235.5 238.9 240.7 242.9 244.2 246.5 247.6 248.4 250.1 250.7 250.7 251.3 253.5 255.4 257.9 255.1 259.8 267.8 274.8 281.2 287.1 293.1 298.4 303.5 306.6 309.8 312.2 316 320.7 324.6 328.3 331.4 339.6 345 350.5 356.3 360.5 364.6 370.8 381.9 392.5 405.7 413 422.1 433.6 440.7 445.2 450.8 455.9 461.6 470 479.7 491.1 503.7 515.8 526.7 534.3 536.7 538.1 535.5 532 527.7 517.4 512 507.2 499.9 491.8 482.1 479.9 477.4 474.3 469.9 463.4 453.9 451
218.6 221.6 224.8 227.8 231.1 233.8 237 239.2 241.9 244.5 246.5 248.8 250.6 252 253.6 255 255.7 255.5 256 257.4 259.9 262.8 260.4 264.8 270 277.9 283.7 288.9 294.1 298.3 303.5 306.7 310.1 314.3 317.7 321 323 326.5 331.3 338.1 343.8 350.5 355.9 360.2 364.4 372.7 386 398.2 406.5 414 419.4 426.6 435.6 440.7 446.3 451.4 458.1 468 478.6 489.1 504.8 516.9 528.6 534.5 535 534.5 532.2 527.3 520.4 511.7 503.9 497 490.3 482.2 473 468.6 465.6 460.2 458 451.5 446.3 442.6
221 224.1 227.4 230.6 233.9 237.1 240.1 243 246.6 248.8 250.7 253.2 255.2 257.6 259.2 261 261.4 261.3 261.9 263.5 266.3 268.2 266.8 270.2 273.9 280 284.6 290.3 294.3 299 303.5 307.3 310.6 314.3 317.9 320.6 321.8 324.8 329.5 334.2 340.1 347.9 354.3 359.5 365.3 378.1 385.6 395.9 404.9 410.2 414.8 422.5 428.4 436.7 440.5 447.2 455.2 466 475.9 488.8 504.5 517.5 526.1 532.5 533 531.8 527.3 522.2 514.6 506.5 498.4 490.9 482.8 472.5 462.8 456.9 451.9 447.8 443.6 442.6 437.8 434.2
223.8 227 230.4 234.2 237.6 240.4 243.7 247.1 250 253.6 255.3 258 260.5 263.2 265 266.6 267.6 267.4 268.3 269.6 271.1 272.9 272.2 273.5 275.3 281.4 285.4 290.6 295.4 298.7 302.9 307.5 311.4 313.9 315.9 317.4 319.4 322.9 326.9 331.3 336.8 345.1 353.8 363.5 369.8 380 386 393.4 400.9 406.9 413.8 419.8 425.1 431.8 437 444.9 453 463.2 474 490.1 505.4 516.9 523.9 525.2 525.8 524.6 520.1 514.3 509.5 501.2 494.3 484.6 474.7 465.1 455.1 447.6 443.1 440.1 436.1 433.5 430.9 427.8
226.9 229.8 233.8 237.7 241.3 245 248.7 251.7 255 258.1 261.2 263.4 266.2 268.8 270.9 272.5 273.4 273.8 273.9 275 276.2 278.1 277.2 279.1 282.3 283.6 287 291.4 296.2 299.1 303.8 306.8 310.5 312.2 313.3 314.4 316.5 319.8 323.4 328.9 334 343.5 354.7 361.9 370 377.3 383.3 389.5 396.6 403.1 409.6 415.7 421.7 428.7 434.2 441.5 451.9 462 472.3 487.1 505.4 515.8 523.2 522.4 521.4 518.5 513.2 508.1 503 496.7 487.5 477.2 468.9 459 449.4 440.4 435.6 433.1 430.3 426.9 424.1 420.9
229.8 232.7 236.2 241.3 245.4 248.3 251.9 255.9 259.5 262.5 265.6 268.6 271.1 273.4 275.5 277 278 278.9 278.8 279.4 281.2 282.1 283 283.5 287.5 288.6 289.2 293.9 297.2 299.6 302.7 306.2 307.1 308.5 309.6 311.4 313.6 316 321 325.9 330 339.6 346.1 352.8 360.2 370.4 377.3 383.8 392.6 400.4 406.4 412 418.8 425.5 432.4 440.4 450.8 461.2 472.6 483.4 498.3 513.2 518.3 516.9 515.7 512.5 507.1 501.4 496.6 488.9 480.1 471.3 462.7 453.7 442.1 435.7 429.5 425.7 423.5 420.4 416.6 412.9
231.7 234.9 238.5 243 248.4 251.8 255 258.9 263 266.2 269.4 272.2 274.7 277.1 279.3 281 282.2 282.6 283 283.3 283.6 284.9 286.6 287.5 288.1 290.5 289.3 295 297.4 298.4 301 302.7 304.2 305.1 306.1 307.1 310 312.7 317 320 323.3 327.6 337.1 343.4 353.4 360.7 369.4 376.9 387.7 397.7 402.6 408.2 415 423.4 430.5 438.9 450.1 460.9 471.3 482.1 498.3 511.4 509.8 509.7 508.5 506 501.2 494.9 489.1 481.5 473.2 465.9 456.6 447.2 436 429 424 419.8 417.3 414.3 409.8 406.7
232.8 237.3 242.1 247.1 251 254.8 258.3 261.9 265.9 269.6 273.1 275.7 278.2 280.4 282.4 283.9 285 285.8 285.8 285.5 286.9 287.1 288 288.9 288.8 290 290.9 293.4 295.2 296.4 297.5 299 300.1 301 302.5 303.3 305.8 308.3 311.6 314.5 318.5 322.6 329.3 336.8 344.6 353.1 362.1 371.3 381.2 388.2 396.3 405 412.4 421 429.4 438 450.3 459.4 471.8 484 492 503.2 500.5 505.4 501.1 496.4 493.2 486.1 481.6 471.9 467.4 457.6 447.9 437.9 430.8 422.3 417.9 413.5 411 408.7 404.3 399.6
235.4 239.7 244.4 249.7 254.4 258.4 261.7 265.2 268.7 272.4 275.8 278.6 280.9 283.1 284.1 285.2 286.6 287 287 286.9 287 287.5 287.8 287.5 287.8 288.4 289.1 290.6 293.1 293 293.9 295.2 296.6 297 297.2 297.9 299.9 302.7 305.5 309 312.8 318.1 324.7 331.7 339.9 349.7 358.2 366 375.2 382.8 391.7 401.4 410.6 419.1 429.7 439 449.9 461.4 472.5 482.8 486.3 489.8 493 492.9 492 487.9 483.3 477.3 470.8 466 463.4 451.8 443.4 434.2 427.6 419.2 412.4 408.5 404.7 401.7 398.1 392.6
237.4 242.2 247.5 252.6 257.5 261.3 264.8 268.3 271.7 274.5 278.2 280.7 282.9 284.2 284.9 285.6 285.7 285.6 284.7 284.3 284 284.9 285.2 285.6 285.5 285.3 285.8 287.3 289.3 290.2 291.6 292.3 292.4 291.1 291.4 293.2 295.1 297.6 301.8 304.9 308.1 313.5 320.4 327.2 339.1 347.7 355.2 362.5 371.7 380.3 389.9 399.5 409.6 419.6 431.2 440.9 453.7 465.3 476.3 479 480.9 481.9 483.6 484.6 482.9 475.6 472.9 467.5 462.7 459.1 455 446.9 440.3 431.4 424 417.4 409.4 401.6 398.8 395.9 392.1 387.2
238.9 244 249.3 254.7 259.7 263.4 266.8 270.6 273.3 277 279.7 281.8 283.3 284.3 284.2 284.1 283.9 281.8 279.9 280.8 281 281.6 281.9 282.5 282.7 282.4 283.1 284.4 286.3 287.3 288.1 288.1 287.5 287.3 287.2 290 293.4 295.3 298.3 301.2 304.6 310.7 316.6 322.3 332.3 343.4 351.1 360 367.4 377.6 387.4 398.6 409.5 419.4 427.9 439.7 451.5 461.7 468.2 470.2 467.6 472.9 472.2 470.8 469 464 460.8 458 456.5 451.5 450 443.4 437.4 428.2 421.1 414.6 406.8 398.5 392.7 385.9 384.2 379.2
239.3 245.8 250.5 255.8 260.3 264.4 268.3 271.5 273.5 276.3 280.1 281.4 282.1 282.5 281.9 280.7 279.5 277.4 275.2 275.6 276.5 278 279.3 278.7 278.6 278.2 279.2 280.6 282.7 283.5 284.7 284 283.6 284.2 284.9 286.5 290 293 295.7 297.5 301.9 307.5 312.4 318.4 325.2 334.9 345.6 355.7 363.5 374.5 383.2 392.1 406 417.5 425.8 438.3 446.7 454.7 460.1 460.2 459.8 458.4 457.8 457.2 455.6 453.2 450.4 450.7 447.2 446.9 442.9 438.9 432.4 425.2 418.6 411.6 404.4 394.8 387.9 382 375.7 370.5
238.9 245 250.2 254.6 259.4 263.2 266 268.7 270.9 274.3 276.5 278.6 279 277.9 276.3 276.2 274.8 272.6 271.1 271.2 272.6 274.3 273.8 273 273.1 274 275 277.4 279.4 280.5 281.2 280.8 280.6 281.2 281.8 283.8 286.1 288.6 291.2 295.8 300.3 304.8 308.3 314.5 324 332.2 340.2 349.1 359.4 370.3 382.9 391.2 402.1 412.5 422.4 429.7 436.4 443.9 449.9 449.4 450.5 446.7 446.1 445.2 442.2 441.7 442.2 441.8 442.5 441.9 440 438 431.6 423.4 416.1 410.3 402.9 393.2 383.7 375.6 366.3 357.2
237.5 242.4 247.1 251.5 255.8 258.9 261.5 263.6 265.9 268.6 269.6 269.7 271.5 271.7 271.4 270.8 269.4 267.4 266 266.1 267 268 268.5 268.6 269.5 270.7 272.6 274.8 276 276.9 277.2 277.6 277.3 278.2 278.9 280.6 282.3 284.2 288.7 294.8 298.8 302.6 307.6 313.8 320.3 328.8 338.2 346.4 357.1 367.8 379.5 386.8 397.7 408 413.3 420 427.7 430.8 435.2 439.5 438.7 435.5 433 432.6 433.7 432.9 431.9 432.7 435.3 438.6 439.8 436.8 430.3 422.9 415.5 410.2 403.5 393.8 383 373.1 360.6 345.2
234.9 240.1 244 246.8 250.9 253 255.6 256.4 259.3 259.9 261.2 263.1 265.3 265.8 264.6 264.3 262.2 260.2 260.6 260.9 262.3 263.7 264.2 264.4 266.6 268.2 269.9 271 271.7 272.5 273.5 274 274.5 274.1 275.9 277.7 278.6 282.2 285.5 291.9 296.5 299.6 305.4 312 319 326.9 336.4 343.4 352.3 362.8 372.5 381.7 391 398.3 404.8 412.9 414.6 417 421.8 427.1 426.5 422.7 422.6 422.9 422.9 423.2 424.8 428.5 436.6 437 438.7 437.6 432.9 424.6 417.6 411.2 403.3 392.7 380.9 367.8 356.5 345.9
232.3 236.7 239.2 242.1 245 247.1 249.6 251 253.6 254.5 255.1 257.3 258.8 258.7 258.4 257.8 256.9 255.9 255.8 257.3 259 259.8 260.4 261 262.9 265.4 266.8 267.2 267.9 268.5 269.4 269.3 270.8 270.4 272.1 273.6 276 278.8 284.7 289.6 293.7 297.7 304.3 310.7 317.7 325.4 333 341 347.7 357.7 367.5 375.3 383.6 390.8 397.1 402.4 404.9 405.4 407.7 409.8 410.4 410.5 411.4 411.5 412.7 416.2 419.4 427.3 434.5 438.2 435.5 436.1 432.2 423.1 416.4 408.1 399.2 389.7 376.8 364.5 349.2 336.3
229.4 232.9 234.5 238.1 240.6 241.9 244 246 247.9 249.7 249.8 251.6 251.9 252.5 253 253.7 253.6 253.2 252.4 252.6 254.7 255 255.4 256.5 258.1 259.9 262.1 263.4 264 264.8 265.1 265.7 266.6 267.5 267.7 271.3 274.1 277.4 281.7 286.5 290 294.3 301.4 308.1 316.2 322.7 330.5 338.5 345.4 351.5 358 367.3 375.1 383.2 388.5 394.2 396.4 397.8 397.7 398.4 399.2 398.2 399.8 401.2 406.7 411.7 420.9 433.3 435.7 438.2 437.1 432.2 425.7 420.5 415.6 406.2 398.1 387.1 372.6 357.2 343.5 329.2
