ny/ny50_OST50GRID_20230518/NY50.asc
ncols 200
nrows 200
xllcorner 350000
yllcorner 500000
cellsize 50
[rows 70 to 104 of 200, columns 78 to 155 of 200]
464.3 470.8 471 472.5 474.4 476.8 477 478.3 474.7 469.1 464.7 460 457.5 458.4 462.3 465.4 467.5 470.4 468.9 468.4 465.5 460.7 454.4 447.5 440.2 433.3 429.3 429.4 426.8 423.4 420.7 419.4 413.9 410.2 406.2 400.5 390.5 388.8 386.9 386.5 384.9 382.7 378.1 364.3 359.8 357.3 359.5 360.8 360.5 363 363.4 365.1 366.4 368.8 371.4 374.9 378.5 383.4 391.2 388.1 382.2 374.9 365.8 362.6 361.7 360.7 357.5 355.1 352.5 351.4 349.8 349.3 345.5 343.5 344 344.6 343.2 343
464.3 470.9 475.5 477.9 480.8 480.3 481.7 481.5 476.7 470.1 467.2 464.5 462.8 463.7 466.8 469.6 471 474.2 474.3 471.7 466.3 462 456.8 449.7 438.8 431.6 429 428.9 427.5 424.9 419.4 417.9 415.5 412.4 406.3 397.1 396.4 394.3 392.9 391.6 387.4 384.5 379 362.7 357.5 356.6 358.1 358.6 357.3 357.4 357.8 357.1 360.1 363 366.6 371 376.1 384.3 390 389.9 381.8 377.4 368.3 360.2 356.1 354.9 353.2 350.7 348.6 345.8 342.5 342.3 340.8 338.8 340.1 339.8 339 340
466.5 472 475.8 485.5 483.7 483.1 484.6 479.7 475.5 473.6 469.7 467 466.9 468.4 470 471.9 475.5 476.1 476.2 473.3 469.5 462.8 455.3 445.9 436.2 431.3 429.3 428 426.7 426.1 420.2 417.2 414.9 410.9 404.5 403.2 401.1 399.1 398.5 394.2 388.7 384.6 379 366.5 361.1 355.3 355.9 356.6 352.7 351.5 351.7 352.4 355.1 359.3 362.6 366.7 373.1 381 384.2 386.1 386 379.6 370.3 361.3 352.9 347.7 346.4 343.6 338.8 339 337.6 336.6 335 332.6 333.5 333.8 333.7 335.5
468.6 477.1 482.2 485.2 485.3 485.2 481.7 482.1 478.4 476 472.5 470 468.4 468.5 470.1 474.3 477.9 477.2 477.7 474.9 469.6 461.8 450.5 441.9 435.7 430 428.2 426.6 425.9 425.1 420.2 416.9 411.9 410.1 408.4 407.6 406 403.1 400.6 393.9 388 383.5 380.2 375.4 368.7 356 353.7 354.2 351.4 347.9 349.2 349.3 350.9 355.9 359.7 363.7 368.4 375.4 379.6 384.1 383.4 380.8 369 361 352.3 342.6 339 336.7 334 333.4 331.5 328.6 327.5 326.5 325.1 325 326.3 328.4
470.5 480 486.3 486.7 485.3 485.1 486.2 484 479.1 475.1 471.2 469.5 468.8 469 470.2 473.8 480.6 483.7 478.9 472.8 463.9 457.4 447 439.5 434.6 430.4 428.9 426.6 423.7 423.9 418.6 417.2 416.2 414.4 413.2 412.2 409.2 405.3 399.8 395.4 390.7 388.9 385.5 379.9 373.2 359.9 353.9 353.6 351.4 348.9 344.6 345 347.2 351.8 356.1 359.9 365.3 371.6 377 378.6 377.8 375 367.7 361.2 349 342.3 332.4 331.9 330.1 329 326.4 321.3 321.5 320.1 318.2 317.3 317 317.1
471.6 479 485.1 486.5 485 486.2 488 484.3 478.5 472.9 470.3 468.3 466.5 467 467.2 470 477.5 480.8 479.8 468.2 460.5 452.3 442.3 438 434 429.8 427.4 425.5 423.5 423.2 420.2 419.3 417.9 417.1 416.1 414.1 411.3 406.6 402.1 397.1 394.4 391.8 387 381.6 372.6 359.7 352.7 352.1 349.6 347.8 345 339.7 342.8 347.4 351.3 355.6 361.7 366.7 370.7 371 371.5 367.5 362.4 356.2 348.1 338.1 332.3 325.1 326.7 324.8 321.8 317.7 315.5 314.3 312.7 307.4 305.5 306
467.4 472.6 481.1 482.6 485.3 488.7 486.7 480.2 475.7 472.2 468.7 465.2 463.5 461.7 460.6 464.3 468.7 474.6 471.8 465 453.5 445.5 442.2 436.9 433.3 428.9 426.7 423.9 421.7 422.4 421.6 420.4 419.5 419.6 417.6 415.2 411.4 407.5 403 398.3 394.2 390.7 385.6 379.7 370.9 360.2 354.1 349.8 345.2 346.1 342.7 339.3 335.7 342.8 347.4 351 356.8 361.6 362.4 365.1 363.6 361.7 357.4 352 345.3 336.1 327 321.7 320.3 320.6 318.1 315 314.5 315.6 316.4 315.8 313.3 312.7
463.1 472.6 478.5 484.9 485.5 484.8 482.1 475.2 471 468.8 464.3 461.7 458.5 455.6 453.8 454 458.7 461.2 465.2 459.2 449.8 442.7 438.4 433.6 429.2 425.3 423 421.9 420.3 422.5 422.2 422.7 422 419.8 418.2 414.9 411.4 407.8 404.9 399 393.2 389.1 380.3 374.5 368.9 360.1 353.4 348.8 346.4 337.4 336.2 333.5 327.6 337.1 340.5 346.8 350.6 353.3 356.7 360.7 359.1 356.2 354.6 347.1 342.4 333.3 329.8 326.8 320.8 317.5 317.4 318.7 319.5 320.7 321.1 322 318 311.6
463.4 474.9 481.6 484.1 483.7 481.1 475.6 470 463.4 460.3 460 456.5 452.7 448.3 445.6 444.9 446 451.8 450.2 444.2 439.9 434.5 430.7 427 423.5 419.7 419.9 418.9 418.6 422.7 423.2 423.3 421.6 420.1 418 414.3 411.1 407.9 404 398.7 390.1 383.9 377.9 371.4 366.5 359.4 351.6 348.2 346.5 343.4 339.9 331.3 321.1 325.5 329.8 335.6 342.6 345.6 348.8 351.4 351.4 350.1 346.7 343.5 341.3 338.8 336.9 332.4 327.5 322 322.1 323.7 324.5 327.6 328.2 329.5 322.8 312.5
462.5 474.7 480.1 483.9 482 477.2 470.3 462.6 456.8 453.2 451.7 448.7 443.5 440.1 435.3 434.7 434.6 438.7 436.8 433.6 427.6 425.3 421.8 418.5 416.6 416 415.5 414.2 415.7 421.8 424.3 423 421.1 419.6 416.5 413.5 410 406 402.3 397.4 387.7 380.7 376.8 370.7 366.2 359.9 350.9 346.7 343.6 342.1 337.6 328.8 313.4 317.1 322.9 326 330.8 334.5 338.7 341.6 344.2 344 342.7 344 344.2 345.1 343.6 344.9 339.1 337.9 333.4 332.9 338.1 342.1 345.7 342.1 325.3 314.3
460 470 477.3 481.7 479.2 473.9 466.3 457.6 451.4 446.5 442.9 438.9 433.8 429 423.6 420.4 423.7 425.3 423.5 420.7 417.3 413.6 411.2 409.1 412.2 413.4 411.3 410.9 413.2 419.8 421.8 423.5 422 420.1 417.2 414.1 407.9 403.1 399.4 394.8 385.5 378.9 377 372.5 365.7 360.7 354.3 343.9 341 336.8 331.6 320.9 307.3 301 309.6 317.4 319.9 322.2 324.5 326.2 331.7 337.7 344.3 346.5 352.8 354.1 363.7 361.7 359 355.8 344.2 341.6 346.2 356.9 359.3 350.6 329.7 312.1
456.3 467.4 473.7 476.3 474.9 469.8 462.3 453.3 444.5 438.7 432.3 425.6 421.1 413.7 407.7 405.6 406.2 407.9 406.3 405.3 403.4 401.9 401.4 402.4 407.6 407.9 406.2 403.7 410.7 416.9 418.7 422.3 424.9 425.4 420.5 413.5 405.5 399 394.5 390 383.7 379.4 376.4 371.5 368 362.4 354.2 341.6 331 324.3 322.6 321.4 312.7 305.9 296.1 298.2 305.9 305 305.2 310.9 317.6 328.6 345.7 360.5 371.3 370.3 366.5 374.1 367.5 361.1 355.9 356.4 357.9 369.5 365.2 356.1 333.2 311.9
451.5 464 466.8 469.9 471.3 469.3 461 449.4 440.4 430.9 424.1 412.7 406.2 399.7 394.6 391.5 390.2 389.5 388.4 384.5 383 383.2 386.6 391 396 397.9 397.1 400.8 406 413.8 416.3 420.5 423.3 428.4 421.8 414 405.6 394.8 391.1 388.4 385.2 379.7 374.2 367.5 363.8 356.4 355.3 352.7 343.6 336.2 328.1 324.2 320.7 311.9 306.2 291.1 290.1 295.9 292.3 296.7 303.2 311.2 327 346.1 364.5 369.9 368.6 367.1 370.6 370.8 369.8 363.3 364.6 370.9 365 355 335.9 314.4
443.5 456 459.7 461.1 464.2 464.4 457.9 445.9 435.4 425.7 414.4 405.8 396.2 391.7 385.6 379 378.3 375.2 372.7 373.5 374.2 371.6 370.7 373.7 379.3 383.7 390.5 397.3 402.8 409.5 412.8 416.6 419.5 418.9 419 412.5 404.5 394.8 388.5 386.6 382.9 375.6 369.9 365.2 364.7 365 362.8 358.7 351.1 346.3 335.5 332 329.4 317.9 303.8 297.9 284.9 283.1 284.7 287.5 288.4 290.3 305.5 323 343 355.3 359.7 366.5 369.8 372.2 375.4 368.4 369.3 368.3 361.6 349.4 333.4 317.2
432 445.7 449 453 455.5 457 451.7 444.2 431.1 420.6 407.9 396.9 391 381.7 378.1 371.9 369.1 365.4 364.1 364.2 363.3 361.8 360.9 362 365.7 367 374.5 386.6 398.2 401.7 407.1 412.6 415 415.6 412.7 409.5 402 393.2 385.7 381.3 377.2 372.7 372 369.5 369.7 364.9 363.3 361.5 360.2 353 341 334.2 326.5 318.5 317.3 304.4 296.3 279.3 279.2 281.7 282 293.9 287.3 301.2 318.2 333.3 347 358.8 369.5 371.3 374 366.7 368.5 369.5 358.3 342.7 330.7 320.1
419.5 429.3 439.8 442.7 447.8 447.5 448.2 443.2 425.7 415.8 401.5 391.3 381.8 374.7 370.8 365.2 361.4 357.8 357.8 354.4 353.4 352.2 350.1 350.6 351.6 354.1 359.7 375.8 387.7 393.9 402.4 408.8 412.7 412.2 411 406.1 398.6 392 390.4 388.9 385.7 381.6 376 371.7 369.1 370.3 366.7 366.1 363.7 357.7 352.3 348.2 335.3 325.8 319.6 307.4 300.6 292.5 282.6 273.5 272.7 273.3 288.2 285.2 299.1 312.5 328.1 340.5 355.2 367.7 364.4 363.3 362.8 360.1 351.7 339.9 328.6 322
415.1 422.9 428.3 432 434 438.3 438.4 425.8 417.3 408 392.5 383.5 375.2 371.2 366.5 362.2 355.3 348.5 350.4 346.8 345.7 343.3 340.9 336.6 340.1 342.5 346.7 355 373.1 386.8 395.5 404.6 410.4 408.5 406.6 402.8 400.6 398.8 394.1 388.8 386.6 382.4 376.5 376.5 374.7 375.2 373.4 369.6 366.9 361.9 358.9 356.6 348 340.4 331.5 323 315.6 300.2 288.8 282.1 268.5 270.4 271.6 287.7 282.9 293.8 308.6 320.4 335.5 353.3 357 357.2 359.8 354.6 349 335.7 327.5 322.5
407.9 415.3 417.4 419.7 422.6 421.9 420.9 416.2 407.8 398.1 386.1 377.8 370 366.7 365 364 359.4 353.2 340.3 335.9 337.4 335.1 336 333 328.9 329.3 328.9 340.3 355.6 375.1 387.5 400.2 407.4 406 404.8 406.4 404.9 402.9 396.9 389.8 385.8 383.7 382.5 379.9 377.9 378.8 378.2 373.8 370.5 368.9 364.9 361.4 358 353 346.2 340.3 330.4 312 297.5 288.8 282.7 269.6 268.3 277.2 279.3 286.2 294.5 305.3 317 334.9 349.5 357.2 358.8 351.5 341.7 331.8 326.8 324
401.7 404.9 407.4 407.9 410.8 411.9 412 407.7 404.6 394.9 383.8 376.9 371.1 364.4 362.9 361.3 349.6 336.7 335.5 333.7 332.9 331.6 329.7 329.7 327.5 326.3 325.1 331.4 344.8 358.1 378.7 393.9 402.5 405.4 410.2 412.6 409.2 406.5 403.3 397 390.5 388 386.4 385.5 384.8 385.3 384 380.1 377.2 374.7 371.2 368.4 366.7 364.5 362.9 359.1 347 327.3 301.1 293.2 284.7 273.8 261.9 266.6 275.7 278.5 287.1 294.6 303.9 317.7 334.9 351.2 351.4 349.2 339.7 334.7 328.8 330.6
394.7 398.7 399.8 399.1 400.3 401.1 400.6 400.2 399.8 393 386 379.6 374.6 364.5 355.3 350.1 340.5 343 343.2 341 339.5 338.7 333.8 325.4 326.2 325.3 324.5 325.2 335.6 348.1 368.4 387.7 399.3 408.8 414.8 417.4 416.3 414.2 412.8 406.7 399.8 394.8 392.2 392.3 389.8 389.2 387.7 385.4 383.7 381.9 379.8 379 379 377.1 378.8 374.4 367.8 359.4 318.9 299.7 286.6 274.6 264.9 259.5 264.8 272.2 274.1 278.4 289.2 300.3 316 333.7 343.3 347.1 340.3 335.1 334.5 333.1
386.4 384.1 389.9 379 386.6 393.4 392 395 398.2 390.2 384.7 379.4 373.7 366.8 357.1 346.9 345.6 359.9 359.3 356.7 348 340.8 335.1 328 323.5 325.2 324 323.2 326.8 339.4 357 378.2 403 414 420.7 425.2 426.6 431.1 425.5 419.3 412.1 404.7 400.2 395.7 391.8 392.7 393.7 391.7 390.6 389.2 389.9 390.3 390.9 392.5 394.7 391.2 381.1 367.9 333.2 305.6 291 277.5 270.5 262.6 259 264.7 268.1 273.5 275.7 287.2 300.2 313.3 328.5 343.1 339.3 337.3 334 333.3
393.7 386.7 382.6 384 377.6 386 386 384.7 387.6 383.2 378.8 376.2 369.3 358.6 349.9 357.9 365.9 368.3 369.7 368.7 358.5 349.2 338.4 330 323.8 321.1 323.2 322.3 322.2 333.5 350.1 372.2 401.2 417.3 424.5 436.8 445 444 435 433.4 426 414.6 408.3 401.8 397.9 397.4 398.9 398.1 398.2 397.2 398.8 400.7 403.1 405.7 408 402.6 389.8 365.8 339.2 309.4 287.6 277.5 271.6 266.6 259.1 257.5 261 259.6 264.6 274.2 286.5 300.3 312.2 326.2 329.1 331.3 332.7 333.9
400.1 397.6 396.9 385.2 376.5 370.6 368.4 367.9 365.9 370.3 368.2 363.2 355.2 353.2 366.9 373.9 382.8 384.5 384.6 378.9 368 355.9 345.8 335 322.6 321.5 319.9 320.8 320 325 339.3 362.7 396.2 417.3 433.6 439.7 452.7 451.5 445.5 438.7 429.4 423.1 415.9 409.6 406 407.9 406.2 406.1 405.9 405.9 408.4 411.1 413.9 414 417.1 413.1 399.6 369.9 342.5 313.5 295.6 285.1 275.1 269.8 267 254.1 252.4 253.5 252.9 264.2 274.8 287.1 300.4 307.8 316.7 322.7 327.3 330
404 401.7 398.8 392.4 375.2 385.6 388.2 367.9 368.9 365.1 360.7 357.8 365.7 377 382.7 393.2 400.3 402.1 399.4 391.2 378.5 367.2 354.7 342.2 325.9 319.2 319.1 319.5 318.9 318.3 333.9 358.2 382.5 409.5 426.2 434.7 449.2 456.7 454.1 445.5 440.7 434.7 424.1 416.1 414.1 414.4 415.6 418.2 414.5 416.5 418 421.2 423.4 420.8 418.4 416.7 397.6 379.5 349.2 327.2 309.5 297 289.3 284 278.8 273 262.7 262.2 248.1 253.9 263.7 274 282 291.7 300.6 308.7 315.6 324
410.1 406.5 400.7 393.6 397.8 400.9 396.9 389.6 383.5 384 386.7 386.5 388.5 396.8 399.9 408.2 414.5 417.8 413.9 407.5 396.6 378.5 363.6 349.4 333.1 318 317.9 317.2 317.9 317.3 333.3 355.7 379.8 407.2 424.9 430.7 440.3 453.8 452.3 449.1 444.1 438.1 430.8 423.6 422.9 423.7 423.9 423.7 425.4 424.9 428 424.7 426.8 423.5 419.9 414.1 406.3 390.4 365 344.6 328.5 315.1 304.8 295.3 287.2 278 267.3 256.7 250.3 246.5 256.2 264.1 271.4 278.9 287.3 295.9 303.1 312.7
416.8 412.9 406.1 403.1 403.6 406.1 404.5 401.7 399.6 401.6 401.7 402.5 407.2 410.1 415.2 423.9 423.1 425.4 424.8 419.5 411.4 394.4 372.2 356.3 336.2 317.4 316.8 316.3 316.8 316 329.2 350.1 376 400.6 420 426.2 430.4 446.3 449.3 445.9 444.6 440.7 437.1 434.6 435.5 433.7 430.6 430.9 432.7 432.8 431.1 427.6 422.8 421.3 418.5 416.8 408.7 401.5 392.8 368.6 351.6 339.7 330.2 320.3 297.8 284.5 274.5 259.5 251 242.3 251.2 255.4 262.1 268.5 274.3 283.3 291.4 300.8
428.1 423.4 418.5 416.4 414.3 413.3 412.4 414.8 412.7 414.1 415.8 417.7 422.3 425.7 425.2 429.5 433 433.2 432.4 424.9 415.7 398.5 377.6 360.4 338.9 317.9 316.1 315.1 315.8 314.9 327.3 347 374.1 393.5 411.1 420 426.2 439.2 441.9 441.5 443.3 442.9 444.8 447.1 445.5 441.2 436.9 435.5 433.9 432.3 431.2 427.7 423.2 423.4 421.5 419.3 414.4 408.3 402.1 393 380.4 370.9 364.8 348.5 315.3 294.7 279.9 267.5 256.4 243.5 242.1 247.6 253.7 259.4 262.9 268.5 275.6 283.2
444.4 433.7 428.6 426.6 422.9 422.9 426.3 427.3 427 429.5 433 438.3 435.9 435.7 433 434.7 442.3 441.9 436.6 426.1 410.9 395.8 378.2 362.2 343.3 318.3 314.5 312.7 314.5 315.9 328.2 346.9 368.2 387.7 402.9 414.9 421.2 429.6 436.2 441.6 446.3 448.7 452.6 454.4 450 447.1 439.8 434.6 433.2 431 429.7 426.4 424.6 421.5 420.2 416.2 416.2 415.3 408.3 406.4 392.6 378.3 369.4 348.6 324.8 303.3 284.6 270.6 258.4 248.1 239.8 240.7 243.7 250.9 254.6 257.6 261.5 267.9
452.3 446.9 439.4 438.1 436.2 433.6 440 440.6 443.7 446.2 445.8 447.6 444 442.5 441.3 445.5 447.6 446.1 438.8 426.1 407.3 393.8 371.8 358.4 339.8 320.6 313.4 312.3 311.9 319.4 334.1 347 364.8 382.9 396.7 407.2 416.8 426.4 436.2 444.2 449.8 455.2 457.2 453 450.9 446.6 440.3 435.6 433.9 430.5 427.2 425.5 422.9 417.2 415.7 412.3 413 415.9 411.3 404.6 389.7 377.1 355.2 338.2 320.6 299.2 283.8 269.7 254.8 249.8 241.3 238.3 239.4 240.2 247.5 248.1 251 256.9
443.6 451.7 448 451.4 449.7 453.9 455 454.7 460 458.2 455.7 458.5 452.3 451.5 454.3 452.6 449.3 445.8 435.2 419.9 403.1 384.9 366 354.8 337.3 321 312.1 311.6 310 323.5 331.5 342.5 359.3 378.1 393.7 404.6 416.1 428.3 438.8 446.1 451.4 456.7 460.7 457.4 451.1 447.8 443.9 437.8 431.4 425.7 420.9 418.9 414.1 409.3 410.5 404.7 405.3 407.6 401.5 397.9 382.1 362.1 343.9 326.5 311 292.2 278.4 264.7 252.4 250.2 243.4 238.7 235.4 236.8 237.6 240.3 243 243.3
428.3 443.2 448.7 461.2 461.2 468.9 470.3 467.9 468.6 466.7 464.2 463.2 459.5 454.5 452.5 452 444.5 439.9 425.2 413.1 395.9 375.3 364.7 351.4 332.5 315.8 310.8 310.2 312.4 324.6 333.7 346.6 361.7 379.6 392.9 405.3 418.5 431.2 442.7 449.9 454.8 459 460.7 459.5 454.8 449 441.6 432.7 424.7 420.1 412.9 409.5 407.3 403.3 400.3 397.6 398.6 396.2 391.5 382.7 362.4 342.7 326.5 312.2 298.4 284.3 271.8 260.3 250.7 246 241.3 240 235.5 233.2 235.1 236.1 238.5 232.5
404.8 421.7 428.4 443.1 454.1 474.1 480.8 480.3 480.7 475.1 473.5 466.3 463.5 454.5 448.2 443.9 440.8 431 420.5 410.9 390.5 370.6 360.2 342.2 324.8 313.7 310.3 309 311.1 323.8 334.4 346.5 363 380.8 395.1 408.1 422.1 435.9 446.6 454.3 458.7 462.3 464.6 462.7 451.5 444.5 436.6 427.8 420.8 415.2 408.6 403.9 401.7 398.5 394.4 393 393.3 382.8 374 360.6 341.5 327 312.3 298.5 286.8 274.5 266.2 259.4 252.5 243.8 240.1 237.4 234.6 231.4 231.3 230.8 228.9 227.6
383.1 394.5 406.3 416.8 433.1 463.5 482.9 489.9 490.8 486.1 481 473.1 466.2 457.7 439.9 434.3 428.8 425.5 419.2 402.2 381.5 361.6 349.2 336.7 321.9 313 308.8 308.7 311.5 323.2 334.2 351.8 368.1 383.8 398.6 413.7 426.9 439.5 450.9 457.9 463 466.8 471.1 462.4 449.7 439.7 434.1 424.5 415 408.6 404.6 400.9 394.5 392 388.3 384.3 377.8 368 355.4 342.1 326.9 311.6 298.4 286.2 275 266.3 261.1 256.1 251.3 244.4 240.4 236.3 236.8 235.3 233.2 229.6 227.7 227.3
359 372 383.3 393.6 409.9 438.7 468.8 489.1 494.3 488.8 483.7 475.6 467 452.9 437.5 431.1 425.4 427.6 411.7 392.5 371.6 355.7 341.8 330.6 319.9 309.8 307.8 307 310.5 322.2 336.6 353.6 371.6 391.5 407.4 419.9 431.7 443.8 454.4 462.1 465.6 468.4 470.1 462.6 448.7 437.5 428.4 419.3 411.1 406.3 402 397.3 392 380.6 378 372.1 365.3 352.7 339.5 327.3 311.2 300.5 288.1 275.1 262.5 257.3 252 247.7 246.6 250.5 247.2 244.6 248 246.4 242.4 237 230.8 231.6
345.7 353.6 363.3 372.8 386.8 410.6 439.8 461 488.9 490.3 482.4 475.7 471.4 454 438.2 430.7 421.6 416.6 396.7 377.8 363.2 347.7 337.5 331.7 320.4 312.3 307.7 306.2 314.9 322.8 342.5 359 377 397.7 418.6 427 439.2 448.9 458.7 465.8 468.3 469.2 468.8 461 445.2 433.8 425.7 417.4 410.7 405 398.9 394.1 386.8 381.5 371.1 363 350.6 338.9 328.3 314.5 301.9 285.8 275.7 265.2 259 258.3 260.8 262.5 263.5 262.3 257.4 258.4 257.4 254.7 251.9 247.1 238.8 236.1
