ny/ny50_OST50GRID_20230518/NY50.asc
ncols 200
nrows 200
xllcorner 350000
yllcorner 500000
cellsize 50
[rows 0 to 34 of 200, columns 78 to 155 of 200]
432.3 433.6 435.3 434.3 434 427.3 428.9 428.4 426.8 423.2 421 416 406.5 406.1 403.3 403.2 402.5 400.6 400 398.6 397.4 397.8 394.9 394 391.8 388.6 384.7 383.3 379.6 373.7 366.5 354.8 349.1 343.2 336.1 335.9 336.5 337 334.4 333.4 331.4 331 332 332.7 330.5 325.7 321.3 319.8 315.5 309.8 308.5 308 306.9 305 301.4 299.4 296.4 293.4 290.2 286.6 285.5 283.9 286.5 286 284.2 281.8 281 279.8 278.1 275 272.1 264.1 267.7 268.7 273 271.5 270.7 270.5
436.7 436.7 437.6 438.3 437.2 432.3 433.7 432 432.6 428 423.2 416.8 409.1 408.7 407.2 407 406.1 403.9 402.6 402.5 401.7 401.3 400 397 395.7 391.6 387.9 385.5 380.7 375.5 365 354.5 351.2 344.6 336.7 338.9 340.4 342.5 340.7 338.8 337.8 337.7 338.5 339.9 337.3 331.5 324.9 320.5 316.8 312.2 310.5 309.2 307.8 304.8 301.4 297.7 295.7 292.7 294.6 288.7 284.9 285.1 287.6 287.3 287.1 286.2 285.5 284.2 282.2 280.1 277.5 268.9 268.8 268.6 270.8 268.9 267.4 269.4
440.6 440.1 440.6 439.3 434.6 438.3 438.7 435.8 435.6 431.7 426.5 419.4 412.7 411.6 410.1 411.4 409.7 407 405 404.8 405.4 405.1 404.1 400.6 398.4 394.8 390.9 387.4 381.8 376 364.4 356.9 351.1 345.8 341.5 343.3 345.4 348.3 348.5 346.5 346.3 345.9 345.9 346.8 344.7 338 330 326.8 320.3 315.1 312.6 310.3 307.3 304.8 300.9 297.7 296.2 296.7 297.1 290.5 285.9 287.4 289.6 289.7 290.2 290.4 288.4 287.4 285.5 283.7 280.7 270.9 271 269.8 267.7 257.4 260.4 267.4
445.1 443.3 443.2 440.9 438.4 441.9 442.8 439.3 437.7 433.5 428.5 422 416.7 416.4 415 414.2 413.6 412.5 409.4 408.3 408.8 408.7 407.5 404 401.1 396.8 393.4 388.8 382.6 374.6 364.1 360.4 357.9 348.5 346 350.7 353.2 355.3 357.2 356.4 355.5 354.9 354.7 354.1 351.7 344.1 335.6 332 323.4 319.1 314.4 311.7 308.5 305.2 301 298 298.7 299.2 299.3 292.6 287.5 290.2 292.2 292.7 294.4 293.1 290.1 289.8 287.8 285.9 282.9 271.9 272.6 272.4 268.9 267.4 251 265.2
447.7 445.6 444.9 443.4 443.3 444 445.3 442.6 440 435.4 430.2 426.3 420.5 419.1 419.5 416.7 416.8 416.2 412.2 411.9 412.2 412.1 409.9 406.6 403.1 399.5 394.8 389.2 382.8 373.8 366.2 364.2 361.4 352.4 352.3 358.2 361.4 363.6 366.1 365.6 364.6 362.3 362.7 361.5 358.1 350.3 341.1 336.2 327.9 323.5 316.3 312.8 309.5 305.8 301.6 300.3 300.4 302.1 301 295.8 291.6 293.7 295.2 295.7 296.9 296 293.2 292 289 287.2 283.5 273.3 274.3 272.4 268.8 266.6 256.7 262.6
451.2 448.8 449.1 444.9 447.8 448.9 449.2 445.3 440.7 436.7 431.4 428.9 423.2 422 422.4 421.2 420.2 417.9 414.6 415.7 415.8 415.3 411.8 408.9 405.2 401 395.9 389.7 382.2 373.7 369.1 368 364.4 353.4 359.8 365.2 367.7 371.7 374 373.6 372.2 370 369.6 368.4 364 354.9 345.6 340.6 331.9 327 318.5 314.3 310.4 306.2 302.6 303.6 303.6 304.3 303.3 299.3 296.8 296.4 298.1 298.9 299.7 298.6 296.3 293.8 290.2 288.3 281.3 274.9 274.9 271.6 267.3 264.7 258 256.8
453.3 452.4 454.8 449.3 447.5 452.1 450.7 445.1 441.7 439.1 433.1 429.5 424.7 427 424.9 424.3 423.4 421 418 418.3 418.5 418.6 413.9 410.5 406.6 401.2 396.7 388.9 382.7 377.6 371.9 371.5 365.7 359.2 366.6 371.8 375.9 379.4 381.3 381.1 378.9 377.4 376.1 375 369.6 359.2 349.7 342.8 335.7 330.5 321.6 315.9 311.1 306 304.6 306.1 305.8 306.9 305.2 303.8 300.9 299.8 302.5 302.9 303.1 301.5 297.9 294.5 291.3 288 282 274.9 272.9 268.5 265.3 262.4 256.4 244.9
457.1 457.9 458.5 454.6 452.4 457.6 454.4 447.6 444 439.6 433.8 427.9 430.5 429.5 428.4 427 425 422.8 420.2 420.3 420.6 419.1 415.9 412.8 408.1 402.4 397.2 389.1 384.8 379.4 374.4 373.4 367.3 364.8 372.6 378.6 382 386 387.9 387.8 386.3 384.1 383.7 381 374.3 363.4 352.6 343.5 339.8 333.3 323.6 317.5 311.4 308.2 307.8 309.8 307.9 309.2 307.6 307.7 304.9 303.1 306.8 307.1 306.4 304.2 300 296 291.9 288.9 281.5 275.9 273.4 267.9 263.7 259 253.4 248.1
462.9 462.9 462.1 458.1 459 461.5 456.6 452.2 446.6 440.1 434.2 436.5 435.5 435.5 433.4 430.4 426.7 423.2 421.9 423 422.4 420.9 418 414.5 409.6 403 397.1 390.7 387.4 381.7 376.7 372.6 361.8 371.7 378.1 384.6 388.2 392.1 394 394.3 392.2 390.6 388.9 385.7 377.2 366.3 354.9 345.9 343.2 335 325.4 319.4 313.4 310.4 310.7 312.4 310.3 311.9 311 311.8 308.7 307.5 309.9 310.2 309.4 306.3 301.8 298.9 291.7 288.7 281.6 277.7 275 269.2 262.3 256.8 250.6 245.2
466.3 468.6 466.2 462.3 464.3 465.4 460.1 454.2 448.1 441.5 439.2 441.4 440.9 439.8 437.4 433.6 429.4 425.4 424.4 424.8 422.7 422.1 419.6 414.7 409.6 404.1 398.6 392.9 390.1 383.4 377 370.3 370.4 377.8 383.4 390.1 394.1 397.4 398.5 398.6 397.2 395.1 392.8 387.7 379 368 357.4 348.6 345.6 336.5 326.5 321 315.7 312.9 314.7 315.4 313.5 315 314.7 315.7 312.1 310.2 313.4 312.4 311.3 306.7 302.3 298.8 292.4 287.9 281 278.1 275.6 269.4 261.8 254.8 252.3 242.1
473.4 472.4 471.7 468 469.1 470.4 461.9 456.8 447 443.9 444.6 444.9 445 443.8 439.5 437 431.4 428.6 426.6 426.4 424.4 422.9 420.4 415.6 409.6 404.6 400.1 395.4 391.4 384.9 377.7 369.8 379.3 383.4 389.4 395.3 398.9 401.5 401.7 401.4 400.6 398.6 394.8 388.7 379.3 369 359 349.9 346.2 337.1 329.8 322.9 318.1 316.2 317.4 319.6 317.6 317.2 318.7 319.1 315.3 313.8 316.4 314.5 309.8 305.8 302.4 298.1 292.1 286.1 280.6 278.7 275.6 268.6 261.8 254 252.5 241.3
478.6 476.2 472.7 473.9 473.8 472.1 463.9 457 449.8 449.2 449.5 448.7 448.2 447.2 443.8 439.8 435.5 431.8 428.6 427.2 425.5 424.1 420 417.6 409.3 404.5 401.3 397.6 392.1 386.3 380.4 376.6 384.7 388.1 394.9 400 402.9 405 404.4 404.4 403.4 400.5 395.1 388.8 378.5 370 359.2 352.5 346.3 338.6 331.7 325.8 319.8 318.9 321.3 321.6 320.7 320.2 322.1 321.9 319 316.8 317.1 314.3 308.9 306.6 303.3 297.1 292.4 284.8 279.2 277.6 275.3 267.2 259.6 254.5 248.8 245.5
483.8 479 476.4 476.6 476.3 471.8 464.8 456.2 454.3 452.9 451.8 450.6 451 449.7 448.8 442.5 439.1 434.1 429.5 428.1 426.6 423.2 420.7 416.6 409.5 404.5 402.5 399.1 393.2 387.8 380.9 385.7 388.9 392.8 399.2 403.8 407.3 409.1 409.1 407.3 406.3 401.1 394.8 387.2 379 369.6 359.3 352.6 345.6 339.2 333.1 328.7 323.5 322.8 323.8 324.9 324.4 323.7 324.5 323.7 321.1 318.8 316.7 312.8 311 307.5 302.7 296.6 291 282 276.7 276.2 274.2 266.1 258 253 250.3 252.2
487.6 483.6 480.1 478.2 478.1 472.4 464.7 460.3 458.9 457 455 452.7 453.3 452.2 450.1 446.4 440.9 435.2 432.3 429.5 427.5 424.8 419.8 416.2 409.7 405.3 403 399.1 395.3 389.9 385.2 390.4 393.4 397.4 403 407.4 411 412.1 413.4 410.7 408.3 400.1 392.2 385.5 377 367.9 359.5 352.4 345.9 339.3 333.4 328.9 327.5 326.2 326.8 327 326.8 326.4 326.7 324.9 322.8 320.1 315.9 312.3 311.1 305.7 300.1 294.8 287.4 278 273.8 274.8 270.8 263.9 257.6 249.7 253.5 256.6
490.4 487.5 482.8 479 476.8 470.1 465.3 463.3 462 459.5 456.6 454 455.6 452.6 449.8 447.9 441.4 435.1 434.1 430.1 428.6 426.3 420.7 415.9 411.3 405.9 403.6 399.3 395.8 391.6 391.8 395.1 397.5 401.3 407 410.4 413.2 414.3 414 412.6 408 398.7 390.4 384.2 374.8 367 359.2 350.9 345 340.3 336.3 331.3 329.2 328.5 328.2 328.4 328.8 328.1 327.2 324.9 322.6 319.5 315.2 311.7 308.5 303.8 298.1 291.5 282.7 275.6 270.3 270.2 268.5 260.6 254.7 258.5 259.2 260.3
492.2 489.2 482.8 478.9 475 468.1 466.3 464.4 463.4 461.4 457.7 454.2 455.2 452.1 449.9 445.9 440 435.4 433.2 429.5 429.6 426.5 422.4 417.7 413.7 407.5 403.6 399.9 395.6 395.5 396.5 399.5 401.1 405.8 410.3 413.8 416.2 415.7 414.3 412.7 407.3 399.6 391.4 383.3 373.5 366.6 359.6 351.6 346.2 342.3 337.8 333.4 331.3 330.4 329.1 329.3 329.6 328.6 326.6 323.7 321.1 318.1 313.9 311.4 306.6 301.1 295.6 287.8 277.8 269.4 265.6 264.1 258.4 255.2 260.2 263.6 264.1 263.4
494.4 489.2 484 479.3 476 471.3 469.5 467.2 463.9 461.5 458.8 456.6 454.7 451.3 448.7 443.7 438.2 435.3 432.2 430.3 428.5 426.8 423.7 420.2 414.9 408.9 402.8 399.1 397.4 398.9 400.2 402.2 404.5 409.5 414 417.2 419.3 418.4 414.2 411.4 405.6 400.1 392.3 383 374.2 367.6 359.6 352.3 348.1 343.4 340.9 336.2 333 332 330.3 330.6 330.8 328.7 324.6 321.9 318.9 316.2 313.1 308.9 303.1 297.9 291.7 280.6 271.3 266 261.6 260 260.4 264.4 264 266.8 267.3 266.2
493.7 488.8 485.3 480.2 475.4 475.5 474.5 471.4 467.6 465.1 461.3 458 455.1 451.5 446.8 442.9 439.3 434.7 431.4 429.1 428 427.3 424.6 421 416.6 410.5 404.2 400.2 398.4 402.1 403.5 405.3 408.3 413.1 416.8 420.7 422.7 421 415.8 411.1 407 400.9 392.6 384.2 377.8 369.2 360.4 352.7 350.6 346.5 344.5 339.6 335.8 334.1 332.8 331.9 331.2 327.3 323.5 318.6 316.7 314.3 309.8 306 300.9 293.9 287.7 272.2 263.9 263.2 261 262.8 264.1 267.9 268.7 269.4 270.1 268.7
493.6 490.8 488.1 482.5 479.6 481.2 479.3 477 474.2 468.5 463.3 459.3 456.3 453.3 448.4 443 436.5 432.1 430.4 428.7 428.1 427.6 424.5 423.6 417.4 412.2 404.8 402.4 403.2 405.6 406.4 409.2 412.1 416.7 420.4 422.8 423.5 422 417 413.2 408.8 401.5 392.3 384.8 382.2 374.2 364.8 358 353.9 350.4 347.9 342.3 339.6 336.4 333.5 331.7 330.4 325.3 322.6 316.2 314.6 313 308.8 303.1 296.9 291.1 281.8 266.8 266.3 265.8 265.8 266.9 269.4 271.1 271.6 271.7 272.2 270.6
494.6 492.7 488.1 487 485.2 485.9 484.3 480 477.7 472.2 465.2 460.9 458.4 455.1 449.2 442.2 436.7 432.4 429 428.9 428.8 427.1 424.4 423.9 414.5 409.5 404.2 403.8 405.9 407.6 408.9 412.4 416.7 419.8 422.7 423.8 424 422 418.9 414.6 411.2 401.9 393.7 386 383.9 377.8 369.7 364 358.7 354.2 351 345.7 341 337.9 334 330.2 328.6 324.1 319.7 316 314.5 311 306.7 300.2 296.6 288.5 274.7 267.9 268.3 267.8 268.9 271.4 273.3 273.6 274.3 274.4 274.1 273.1
496 494.3 492.4 494.4 492.7 490 487.7 482.7 480.3 475.2 468.5 464.1 461.3 457.1 450.7 444 437.3 433 429.1 427.7 427.8 425.4 422.2 417.5 413.1 408.8 405.6 406.2 407 409.1 411.5 415.6 419.8 422.8 425.7 425.4 424.5 422.1 419.1 416.2 410.5 404.3 396.9 387.2 384.4 379.7 375.7 371.1 364 359.8 354.2 347.7 342.9 339.1 334.4 328.7 326.3 322.1 317.7 316 313.7 308.9 302.2 298 291.7 280 271.3 269.9 269.9 272.6 274.5 275.9 276.5 276.9 276.4 276.5 276.2 274.8
502 498.8 500.4 501.8 498.2 495 491.6 486.7 482 477.2 472 467.6 461.7 456.2 450 444.8 437.8 434.4 428.7 425.9 426 424.8 420.7 416.5 412.3 409.2 407.6 407.7 408.2 410.6 414.8 419.5 422.6 425.2 427.5 428.5 426.8 424.2 420.8 417.3 413.2 406.2 400.9 393 385.9 385.2 381.1 375.7 370.1 366.9 358.8 350.4 344 338.8 333.2 328.6 325.8 320.4 317.9 316.1 311.9 306.2 298.8 295.9 286.4 274.8 274.2 276.9 277.6 278.2 279.8 280.5 279.8 280.6 279.2 278.8 277.8 276.9
502.2 503.9 506 506.3 504 499.1 496.1 489.1 484.4 478.3 473.5 469 463.5 456.7 451.5 446 439.8 433.9 426.7 424.2 422.6 421.3 417 415.9 411.2 410.1 409 409.3 410.1 412.3 417.1 422.1 424.9 428 430.2 430.6 429.4 426.3 423.8 419.8 413.6 409.2 402.9 396.5 388.5 388.6 385.7 380.3 375.1 371.5 362.6 353 345.8 338.3 332.8 327.1 324.2 319.5 318.2 315.5 310.8 299.6 291.2 287.5 279.1 278.8 280.5 282.6 283.5 286.4 287.2 286.5 284.7 283.9 282.9 281.4 279.7 278.8
506.9 509.1 509.3 508.7 507.7 503.3 497.9 491 485.4 480.1 474.5 469.2 462.6 457.4 453.1 447.4 443.2 434.4 427 421.1 418.8 417.1 416.5 413.5 409.9 410 408.8 409.7 411.2 414.3 419.7 425.5 427.9 431.6 432.8 433.4 432.7 430 427 422.9 416.8 411.9 406.2 400.8 395 391 390.7 387.8 378.2 373.9 365.6 355.6 347.4 337.4 330.5 324.2 321.5 319.3 317.9 313.1 299.2 286.3 285.1 282.7 280.9 281.4 287.2 288.9 290.3 291.9 292.4 290.7 289.8 288.2 285.9 283.8 281.5 279.9
514.8 515.5 513.9 511.9 510.5 506.5 500.5 494.2 489 482.5 475.1 470.1 463.9 459 452.4 447.1 442.8 434.7 427.3 422.2 419.8 413.6 415.1 409.8 409.1 411 409.5 409.4 412.7 416.5 422.6 427.3 430 432.3 434.8 435.6 437 433.9 428.5 425.6 421.5 416.1 408.7 405.2 401.2 393.7 392.9 390.8 382.5 378.1 368 357.6 347.5 337 328.1 322.6 321.3 319.5 316.6 302 296.2 297.7 291.5 288.1 285.3 288.7 291.7 294.8 296.6 295.9 297 295.5 294.8 292.9 290.1 286.9 283.5 281.2
522.1 522.6 519 516.2 513 508.6 503.1 497.7 490.8 484.9 478.6 472.5 466.2 459.2 451.1 444.2 440.4 433.2 426.8 420.8 418.4 410.1 413 408 406.6 407.1 410.1 410 413.6 417.7 424.6 429.1 432.3 434.1 437.6 440.2 442.1 438 433.1 427.5 426.4 419.4 410.1 407.3 405.2 397.9 393.8 391.3 385.2 381.1 367.2 356.6 345.8 334.7 326.8 323.3 321.6 318.5 311.7 295.8 305.9 298.5 293.8 291.6 292.1 294.9 297.6 299.5 301.5 301 300.3 300 298.2 296.5 293 289.5 284.8 282.4
528.2 527.4 523.7 520 515.5 512.5 508 500.8 493.4 489.7 483.5 476.6 469.2 461 453.2 445.2 440.7 430.8 424.5 421.2 416.5 407.3 410.6 405.5 404.9 407.3 408.1 409.2 412.8 417.2 425.2 431.8 435 437.3 440.5 444.1 446 443.2 421.3 421.7 421.6 419.8 412 408.5 410.3 400.3 391.8 385.7 382.3 376.9 361.7 352.8 342 333.4 325.8 321.8 319.4 310.5 301.9 303.5 306.1 301.3 297.4 297.6 299.6 301.9 302.2 305 306 304.8 303.5 305.5 301.6 299.3 296.7 291.1 286.1 283.2
532.1 529.8 525.8 522.3 518.8 514 510.5 503 497.7 492.2 487.7 480.3 473 463 450.9 446.1 438 429 426.1 419.7 410.9 403.7 406.6 404.2 401.6 402.5 405.5 408 410.5 416.2 427.1 431.7 436.4 439.5 443.3 446.5 447.4 439.6 422 408.2 405.8 409.3 410.6 406.9 407 395.3 387.6 381.1 378 367.8 356.4 347.2 339.2 330.5 324.4 319.1 307.4 306.8 304.6 307.2 307.8 307.4 305.3 305.4 304.9 307.2 306.8 308.2 308.7 308.3 307.6 307.1 305 301.4 300.5 292 285.9 282.8
535.6 531.5 526.8 524 520.5 515.8 511.7 504 500.5 494.3 488.8 482.5 473 463.7 453.3 445.8 435.8 427.2 421.4 415.6 409.4 401.2 404 402.4 399.2 400.5 403.8 405.7 408.7 416.3 426.6 432.1 437.4 442.3 445.1 447.7 449.8 444.4 424.5 380.8 378.2 379.9 402.9 400.3 396.2 388.5 381.3 374 368.8 361 351.3 342.1 335.8 328.3 322.8 309.9 314.4 309.8 309.4 313.8 314.7 317.3 313.7 315.7 313.1 310.6 311 311.7 311.4 313.3 308.8 307.3 304.5 301 300.1 289.5 285.3 282
537.1 531 527.8 524.8 521.7 516.6 511.9 505.5 501.6 496.7 490.2 482.9 474 465.5 453.5 444.8 433.7 425.6 418.7 410.6 404.8 397 399.8 400.3 396.3 397.2 401.3 403.6 406.5 416.1 426.4 432 436.6 442.7 445.7 450 447.6 443.1 423.1 377.8 377.5 377.3 390.7 390.4 387.4 379.7 374.2 366.7 361.8 354.5 345.5 337.4 330.1 323.6 315.3 315.3 314.2 320.1 321.6 320.6 324.5 327.4 327.1 324.7 318.7 315.2 315.8 316.5 314.3 311.4 307.5 305.6 304.2 296.8 293.8 289.6 286.2 282.1
538.1 532.4 528.3 525.9 522.1 516.5 511.4 505.5 501.7 498.3 492.4 483.4 473.7 466.1 454.7 442.7 431.6 424.5 416.7 408.4 400.4 394.3 395.8 395.3 393.8 394.1 397.7 401.5 405.5 416 425.8 432.1 435.8 441.8 445.3 443.4 438.1 382.3 379.1 378 377.3 377.7 386.7 386 381.1 371.5 365.9 360.5 353.8 344.8 337.4 331.4 324.3 320.1 315.9 324.7 325.7 330.6 330.9 332.5 334.6 336.7 335.9 331.1 326.4 321.5 322.6 320.3 317.2 311.7 307.4 304.2 300.2 295.6 292.3 288.5 284.9 282.4
538.4 533.5 528 526.5 520.8 514.9 509 503.8 499.6 495.9 488.8 479.7 472.8 465.6 451.2 441 429.9 420.4 412.1 404.3 397.1 393.1 391.8 391.3 391.6 391.4 394.2 398.5 404.5 414.3 425.4 432 434.4 436 383.4 389 421.8 383.1 378.9 376.2 376.2 381.5 382.7 383.6 372.3 363.8 358.8 352 345 337.6 331.5 326.5 327.4 321.7 322.7 329.8 335.7 338.8 339.7 341 344.2 345.4 342.2 338.6 333.5 328.7 329 324.5 320.3 314.5 306.5 302.7 300.6 298.1 293.4 289.9 287 283
536.5 529.4 527.4 524.9 519 513.9 506.6 501.8 497.9 491.9 485.5 474.7 468.7 460.1 445.3 435.9 424.2 415.7 406.3 398.2 393.6 388.4 387.1 386.4 387.5 387.1 389.3 396.2 402.8 412 420.9 429.1 432.4 419.8 383.2 384.4 383.3 381.6 378.4 376.7 377.1 376.8 373.2 369.3 364.1 357.2 350.2 343.6 338.2 333 329.8 326.5 325.1 331.5 335.5 338.5 343.4 345.7 350.2 350.8 352.1 352.6 349.1 345 340.4 335.3 329.9 325.5 321.2 313.3 307 303.7 302.9 298.1 294.7 293.3 288.5 283
532 527.1 524.3 521.9 518.5 513 505.3 498.4 493.7 485.2 476.4 467.7 461.1 451 438.4 428.3 418.1 407.8 399.2 391.2 385.8 382.4 375.7 380.1 379.9 379.7 384.3 391.3 396.2 405.3 411.9 419 424.6 406 382.6 381.1 381.8 377.7 375.2 367.9 363.1 367.9 360.4 358 352.9 347.8 342.6 338.4 333.9 329.2 327.6 332.5 337.9 339.4 341.1 346.9 353.5 355.8 360.1 358.4 358.2 357.6 353.6 349.4 345.7 339.4 330.4 325 320.6 315.2 307.8 304.8 303.1 301.5 297.7 294.2 288.3 282.5
526.8 525.4 521.1 518.5 514.2 511.2 503.4 493.6 487.1 477.6 469.3 459.7 452.7 440.5 429.9 422.3 410.2 400.3 391.4 382.3 376 372.7 364.4 370.5 368.8 370.7 377 381 387.5 391.3 389.9 392.6 392.6 384.3 380.2 374.6 367.8 366.8 362.5 354.9 351.1 351.9 351.5 348.8 343.4 341 338.5 334.5 333 340.9 339.1 342.2 343.1 343.6 348.9 354.6 361 362.5 363.9 365.2 361.7 362 357.8 352.2 347.5 341.7 331 324.4 321 315.1 308.9 306.3 306.5 303 297.9 293.2 286.7 280.2
