ny/ny50_OST50GRID_20230518/NY50.asc
ncols 200
nrows 200
xllcorner 350000
yllcorner 500000
cellsize 50
[rows 140 to 174 of 200, columns 0 to 77 of 200]
166.2 175.5 189.5 202.3 215 230.6 248.4 265.6 277.2 289.3 299.4 309.6 325.5 343 358.5 376 395.5 413.2 426.5 436.7 442.6 447.4 448.4 451.6 451.4 450.9 449.4 445.5 434 401 359.8 339.7 322 311.1 299.3 287.8 277.5 268.8 261.3 257.7 250.8 246 244 247.5 248.9 242.7 239.2 241 247.8 256.7 264.4 268.7 275.7 287.1 301.9 326.9 348.5 370.5 389.1 400 394 389.8 392 393.2 392.7 395.8 404.4 408.8 411.1 412.6 414.5 407.9 397.3 387.2 382.5 376.2 364.4 350.3
162.1 168.7 178.3 191.1 199.7 218.1 232.6 247.8 255 263.7 276.9 296 316.2 337 356.7 374.3 390.5 405.2 417.5 426.1 434.4 440.1 441.9 444.2 446 448.2 446.9 444.5 433.2 418.3 391.6 359.5 334.8 321.1 309.4 298.5 288.7 279.2 273.2 268.9 262 256.3 252.9 254.9 250 241.1 238.5 239.1 245.6 251.8 257.5 260.4 267.3 273.4 286.8 304.6 329.4 347.3 364.3 375 375.5 377.1 381.3 383.6 384.9 384.7 387.3 392.4 396.4 397.6 394.9 388.6 383.2 375.9 368.1 361.1 349.8 343.9
158.6 168.5 167.8 175.9 188.1 200.2 211.2 220.1 231.3 242.2 265.2 287.6 307.3 329.8 350.9 368.6 383.5 394 406.5 416 425.5 432.7 437.3 439 440.6 442.8 441.5 436 433.3 427 408.2 383.5 359.9 335.1 319.9 312.2 300.4 291.5 283.3 275.6 270.6 266.7 264.5 259.8 251 239.5 237 241.7 243.7 245.9 249.5 255.3 257.2 262.5 273.7 290.4 309.1 330.1 346.8 358.8 364.8 367.6 374.7 377.3 378.2 378.1 380.9 380.7 383.5 385.1 382.2 377.4 369.8 366.7 357.2 345.7 339.7 336.4
160.5 158.4 164.2 166.9 177.6 182.8 196.8 201.4 212 230.4 248.4 272.2 295.7 319.3 340.7 360.6 375.4 386.5 397.1 407.4 417.9 426 430.3 431.8 433.9 432.1 430.9 430.3 427.8 424.5 410.1 400.5 376.1 349 338.1 326.3 314.3 303.1 293.1 285 280.1 275.2 271.4 264.9 253.5 240.9 237.4 239.7 238.7 237.9 239.4 243.6 245.9 250.8 262.8 279.8 295.2 313.6 333.9 349.5 356.7 363.4 368.6 371.3 372.7 373.6 373.3 372.1 371.6 371.7 371 362.9 356.6 350.9 341.8 334.1 328.9 325.3
164.7 163.2 157.8 160.7 170.2 181.8 196.9 193.7 202.5 216.7 233.2 257 281.7 308.5 331.6 351.7 367.8 380 391.5 401.2 410.9 418 422.6 424.8 425.7 427.1 426 424.8 421.2 415.1 410.4 401.3 392.6 377 365.9 346.7 328.8 316.3 304.8 295.7 288.2 282.5 275.8 266.8 256.2 242.9 236.8 237.2 235.8 234.7 236.4 239.6 243.8 251.6 260.6 274.9 287.4 301 318.6 337 351.3 359.2 363.9 366.3 367 364.9 364.3 364 362.2 363.2 359.1 351.5 345.7 338.7 330.9 324 317.7 315.1
167.1 163.8 158.2 157.7 163 176.6 189.5 186.5 192.2 204.3 215.8 237.3 264.4 293.2 322.3 345 361.3 374.9 386.4 396.4 404.9 411.8 415.2 418.9 420.9 421.7 419.6 417.2 412 410.6 411.1 414.9 403.4 394.7 388.6 377 351.4 331.9 317.8 308 299.2 290.2 281.5 275.5 265.3 255.9 245.5 237.1 235.8 242.2 237.4 233.8 242.4 253.2 262.2 272.4 282.1 295.1 307.8 322.3 341.4 352.3 355.5 358.4 358.9 358.2 361.1 357.8 354.4 352.9 350.7 343.9 338.5 332.9 325.2 318 310.9 307.3
171.1 164.9 158.1 157.1 159.1 164.5 178.4 181.5 182.6 189 200.9 217.8 248.1 279.2 310.2 336.9 357.5 371.2 380.8 391.7 399.3 406.2 410.7 412.7 414.6 414.3 412.5 410.9 409.7 413.6 412.9 407.3 399 396.6 389.9 382 367.1 345.5 326.8 319.2 309.6 302.4 296.4 289 280.7 268.3 259.4 249.9 237.5 243.2 244.1 232.1 244.2 252.3 259.6 268.4 276.4 283.9 295.8 310.9 330.4 342.4 347.3 351.1 352.2 353.9 353.3 352.8 349.2 344.8 342.3 337.5 333.6 325.8 318.2 312.1 305.4 301.1
178.9 168.2 161.1 156.9 157.4 159.4 162.7 168.7 170.2 177.6 190.6 209.5 232.6 266.3 297 324.5 348.4 364.4 376.5 386.4 394.5 402.4 405.3 406.2 407 407 407.2 409.7 407.9 403.3 402 397.7 395.2 390.8 382.5 376.4 366.5 352.3 344 334 325.5 319.2 310.3 303.4 294.5 286.4 274.5 258.3 241.3 239.4 244.5 231 239.8 248.5 254.6 261.7 268.2 275.2 283.1 297.9 317.5 330 336.5 341.6 344 347.2 346.8 346.6 345.6 341.6 337.8 334 330.4 320.7 312 308.4 300.9 296.4
181.5 166.1 160.5 156.7 156.6 157.2 159.8 162.4 164.6 170.8 181.4 200.9 225.8 251.4 279.6 309.4 337.5 355.7 371.5 381.6 389.1 395.1 397.2 399.1 401.4 402.8 402.3 401 398.5 394.6 393.6 388.8 385.9 383.3 383.2 375.8 373.6 368.7 354.1 347.7 339.7 334.5 330.4 320.5 311.8 303.7 288.1 268.4 252 241.3 241.3 232.7 229.7 238.8 247.5 254.7 258.8 265.6 274.7 287.7 301.8 316.2 323.2 329.1 333.9 338.1 341.5 343.5 342.2 339.5 335.8 329.4 324.6 315 309.4 307.6 302.6 294.9
177.7 162.6 157.1 156.5 156.5 156.5 157.3 159.2 162.2 169.3 173.1 190.9 213.2 241.6 264.4 299 322.1 347 364.1 374.2 382.3 387.8 391.6 392.5 394.7 394.6 394 394.8 391.9 386.1 385.6 383 383.5 387.5 386 377 368 361.4 358 355.6 358.4 351.8 348 339.5 327.1 321 305.5 281.9 262.3 248.6 239.8 231.3 230.6 236.6 242.6 245.7 248.3 256.8 266.5 276.7 292.9 306.3 315.6 318.7 327.3 334.9 339.6 341.6 340.5 336.5 331.5 328.1 324.4 318.2 310.5 305.9 302.9 296.2
177.5 162.3 158.6 156.8 156.4 156.4 156.5 157.7 161.3 167.8 173.6 187.6 206.3 236.8 269.6 300.5 321.4 337.4 353.1 365.8 374.1 382 386.1 387.6 388.5 388.3 388.3 387.1 383.7 381.6 381 386.1 389.7 381.3 375.1 368 366 366.1 360.6 363 362.4 354.7 348.7 344 335.2 330 314 293.9 271.6 257.7 244.6 231.8 228.3 235.8 241.4 239.1 243.7 251.7 260.7 270.7 284.1 297.8 308 317.1 325 333.8 338.6 340.3 337.3 334.2 331.2 327.7 322.7 316.8 312.8 308.3 301.9 297.3
180.9 175.2 166.8 156.3 155.9 156.2 156.1 156.8 159.9 163.7 169.6 182.7 205.7 235.1 267.7 294.3 314.6 333.1 347.4 356.8 365.2 373.4 378.9 382.3 383.7 384.4 384.2 382.6 381.9 381.2 381.9 378.4 377.5 372.2 371.2 369.4 366.7 367 354.9 356.6 355.6 350.7 345.8 338.7 331.1 326.9 321.9 310.1 282.5 262.6 245.8 233.7 228.9 231.7 237.3 233.3 238.7 246.7 253.8 265.7 273.6 290.7 307.9 318.9 327.1 333.7 337.5 338.5 337.2 334.9 331.7 326.7 324.4 321.3 313.7 309.2 303.8 298.7
193.5 179.2 164.8 159 155.6 156.1 155.8 156.1 157.5 160.3 166.8 180 202.4 227.5 260.4 283.5 308.6 326.9 341 351.9 359.2 365.6 372 376.2 379.2 381.6 381.5 379.6 378.3 376.6 374.7 372.3 372.1 371.3 369.2 363.5 360.8 359.3 349.8 348.7 348 343.8 340.3 338 332.7 333 328.5 320.3 302.1 268.8 252.3 240.1 229.5 226.1 227.8 228.9 237.2 242.4 249.2 254 271.5 287.5 307 320 331.1 336.2 338.4 340.5 338.2 335.6 333.4 328.9 321.6 318 312.3 309.8 305 299.1
199.9 180.9 165.4 159.2 155.5 155.6 154.7 155.3 155.6 158.2 163.3 176.4 197.1 221.2 248 274.4 297.7 317.6 332.9 344.9 353.5 362.3 369 375.4 380.8 383.2 381.8 377 374.2 371.7 369.5 370.4 367.9 365.5 360.5 354.1 355.7 352.4 348.6 343.1 342.1 339.8 336.5 334.3 334.2 335.5 331.4 318.4 308.3 281.8 252.7 239.3 232.6 227.5 226.1 225.7 229.4 234.7 245.4 255.5 263.8 282 302.6 318.2 334.7 342.2 344 345.5 343.7 340.2 336 327.7 325.2 320.3 316.5 314 311.1 306.3
204.8 182.7 168 159.6 158 156.7 155.1 155.6 155.4 155.2 159.7 170.1 190.5 211.3 240.6 266.9 286.2 305.7 323.4 338.9 351.8 362.2 368.7 377.3 382.6 384.5 380.6 375.9 373.9 370.6 367.3 366.1 363.3 360.7 358.4 351.4 345.9 343.9 343.3 339.6 336.6 336.4 335.6 334.2 333.9 334.2 332.5 319.3 302.4 281.5 261.9 243.6 233 233 226.7 224.9 228.3 230.4 239.6 245.8 251.9 273.6 299.8 315.7 333.5 344.2 349.5 351.5 349.9 346.5 339.4 333.4 328.3 326 323.3 318.2 313.9 305.8
213 183.5 169.6 158.7 158.1 156.2 155.1 155.3 155.3 155.2 157.4 167.9 182.4 201.5 225.5 250.1 276 300.9 318.7 335 350 360.8 369.3 378.7 386.6 385.9 382.6 377.3 373.3 369.4 364.5 362.5 359.9 356.6 350.1 345.9 341.2 340.1 338 335.7 334.2 336.3 339.6 336.8 330.9 326.8 327 314.6 299.2 285 264.4 249.8 232.8 233.5 229 224.5 226 227.5 234.5 236.6 245.3 265.4 298.3 310.7 329.5 345.1 352.2 355.9 352.9 348.6 344.9 338.7 333.3 331.1 330.2 324.1 316.6 307.5
220.4 191.1 175.4 158.5 157.5 157.3 156.6 155.2 155.5 155.1 157.8 168.7 180.1 193.8 215.6 242.5 271 293.8 316.5 333.8 348.6 363.8 376.7 387.5 392 388.4 383.6 378.8 373.6 368.9 363.5 358.8 356.1 352.3 347.8 343.7 342.7 339.8 346.4 336.9 335.8 331.5 335.6 334.3 329.7 321.4 317.2 309.2 298.2 283 266.2 248.8 236.1 238.6 238.5 227.6 224.3 224 230.6 231.1 236.8 255.4 282.1 304.1 320.9 342.6 353.3 358.2 356.7 354.8 348.8 343.5 341.4 338 329.5 319.4 314.5 304.6
224.9 200.1 181.2 160.7 159.2 158.5 156.9 155.3 154.7 155.3 157.3 164.2 173.6 192.6 211.7 235 260.9 290.1 314 333.9 352.3 367.8 381.2 392.8 397.1 393.7 386.3 379.1 372.6 366.5 362.7 358.6 351.8 349.2 344.7 339.7 338.5 342.4 343.1 336.4 337.1 328.3 326.5 327.1 321.9 315 306.6 302.3 290.8 277.5 263.7 250.1 244 237.5 239.2 226.6 221.9 223.1 227.3 226 227.9 245.6 263.4 281.1 307.1 338.9 349.7 357.9 362.9 361.3 355.1 347.5 342.8 334.4 323.8 318.1 309.6 303.3
230.8 208.3 184.5 165.3 161.5 158.2 157.1 154.8 154.6 154.7 156.7 161.8 171.1 187 204.3 228.1 254.3 283.5 309.7 331.5 348 365.5 380.2 392.4 398.9 394.6 386.3 377.7 371 368.5 364.6 359 356.5 352.6 344.7 341.5 338.3 335.1 334.2 328.6 328.1 324.3 322.3 319.1 313.2 306.5 301.2 291.2 282.5 273.4 265 255.3 244.4 233.8 232.5 226.8 223.5 221.6 223.8 223.1 223.3 232.8 248 269 291.2 317.3 346.4 356 364 360.6 352 345.8 337.2 328.7 321.4 314.8 311.6 308.6
231.4 208.9 186.4 175.2 165.7 157.7 157.6 156 154.1 154.2 155.5 156.9 165.7 178.2 196.1 224.8 250 274.2 303.5 325.9 345.5 361.9 379 391.9 394.1 390.7 383.4 375.4 368 364 361.2 358.5 356.6 352.9 346.2 341.1 337 332.2 326 324.3 324 319.4 318.6 314 311.8 310.6 306.7 301.7 290.7 281.3 270.1 251.5 239.4 232.9 228.6 226.6 224.3 223.2 222.7 222.3 222.3 230.4 249 262.9 277.7 302.7 321.1 334.8 344 351.4 350.4 339.4 332.8 325.1 321.2 318.5 314.6 311.2
234 220.3 205.1 191.5 179.4 159.8 157.3 153.9 153.8 154.3 154.5 154.7 158.9 170.2 188.1 213.2 244.2 272.9 299.5 319 340.5 358.9 373.9 383 385.2 383.7 378.7 371.7 364.6 358.1 356.3 352.9 353 353.4 348.8 344.8 338.9 332.2 330.3 323.8 323.2 323.1 321.1 319.6 318.8 316.4 310 303 291.7 282.2 275.1 259.3 243.8 239.4 228.1 225.8 224.7 223.7 223.3 222.2 222.1 229.7 244.2 252.9 260.8 282.2 292.6 301.8 314.4 326.4 334.3 335.6 324.6 320.2 315.6 319.6 318.6 316.9
257.9 234.2 220.4 200.8 182 167.2 157.6 153.9 153.9 154.3 154 153.7 156.5 166.3 183.3 213.7 235.2 261.7 289 315.4 337.2 356.4 369.7 375.9 378.9 372.9 370.5 366.7 361.5 355.2 350.7 352.2 349.9 351.7 349.6 346.9 346 337 328.6 328.1 325.8 326.2 324.8 322.9 322.2 317.4 313.6 307.9 301 295.3 277.9 256.2 250.3 250.1 238.2 230.1 226.7 224.7 224.7 222.2 222.3 227.5 240.6 247.9 245 254.2 275.2 289.9 293.8 302.9 315.5 316.1 308.9 306.1 306.1 319.9 323.8 321.9
266.8 248.8 228.2 209.2 189.1 173.1 162 154.2 153.4 153.7 154.2 153.7 154.2 163.5 172.8 193.8 214.1 245.2 268.8 301.3 330.4 349 357 359.7 364 366.4 363.9 360.1 356.8 351.8 349.5 344.5 347.1 347.2 348.5 350.5 346.5 341.2 336.1 332.9 334.7 335 332.3 329.1 329.3 326.8 323.8 318 306.9 294.4 280.6 273.5 263.6 259 251.4 236.4 231.7 228 227.3 222.7 221.9 226.1 234.9 238.8 234 240.8 252.8 266.3 279.5 283.2 287.4 296.5 296.2 293.9 296 308.8 322.1 327.1
274.7 256.9 235 216.6 199.1 182.6 169.4 158.7 153.6 153.6 153.9 153.8 153.5 155.2 163 178.6 195.2 215.5 241 270.8 301.1 333.1 336.8 347.6 352.3 355.9 356.4 355 352.4 346.9 345 345.9 337.1 339.4 347.2 350.8 349.3 348 351.4 346.1 344.8 345.8 345.3 341.9 342.7 338.1 333.1 323.9 311.2 302 295.7 284.5 279.5 267.2 257.5 248.7 242.6 238.8 231.9 224.1 221.4 224.2 228.4 226.9 224.4 236.3 243.7 252.7 260 267 275.8 280.3 282.6 279.4 287.2 297.8 323 324.3
284.1 263.4 251.3 233.4 216.5 198.2 180.5 166.7 155.8 153.1 153.4 153.5 153.7 153.1 160.7 169.4 180.2 198.8 223.3 251.5 272.4 292.9 315 332.1 341.6 347.7 351.1 351.2 348.9 344.4 342.3 341.9 332.8 337.8 341 343.7 349.8 352.6 355.2 358.2 355.7 362 361.1 355.4 351.6 345.8 338.3 329.7 321.8 316 309.7 299.6 286.8 273.9 266.4 258.8 254.6 245.7 239.8 228.9 222.7 222.1 224.4 221.4 224.7 234.8 237.2 237.9 248 257 264.4 269.3 265.7 271.5 283.4 288.6 296.2 302.8
292 281.1 268.3 250.3 229.9 209.1 198.3 185.5 168.4 156.9 153.1 153.3 153.4 154.1 158.1 162.7 173.6 188.4 206.5 230.5 250.6 274.4 299.2 313 332.3 340.2 347.7 348.5 344.2 338 334.1 335.3 331 335.8 343 350 350.6 354.3 359.8 366.9 368.8 372.8 376.2 368.5 362 357.9 350.3 338.8 328.3 324.1 319.5 310.2 292.5 284.6 277.2 267.5 259.9 251.9 246.2 236.8 226.1 222.2 221.5 218.9 233 237.5 237.9 236 240.2 249.6 255.2 256.1 264.3 269.9 275.5 275.8 281 285.6
304.1 293.9 281.6 261.6 238 227.6 213.5 199.6 181 162.6 153.2 153 153.2 151.9 155.9 158.8 166.6 179.3 194.4 210.7 233.4 254.2 281 304.9 320.6 330.7 337.7 340.4 337.7 331.8 329.1 329 329.2 338.3 346 348.5 356.1 361.3 364.8 369.9 374.8 379.1 382.2 378.5 369.2 359.5 354.2 351.7 342.6 336.7 322.9 312.5 308 296 287.2 274.7 267.1 259.4 251.7 244.9 234.3 231.4 225.2 222.3 233.4 237.9 233.9 234 236.8 243.3 245.2 251.3 260.8 265.2 263 262.2 266.5 269.7
312.9 305.7 292.4 278 262.1 241.5 222.2 212.2 196.1 168.3 153.5 153.3 152.3 153 153 154.3 158.5 168 180.8 204.4 222.4 245.8 274.3 300.3 315.6 323.3 329.2 331.2 330.9 326.6 323.3 322 325.5 338 345.8 347.2 353.4 357.8 364.2 372.7 378.6 388.6 385.5 378.9 370.4 368.6 364.7 365.2 352.6 339.4 332.1 324.4 315.3 305 299.4 288.9 282.5 270.2 261.3 251.9 246.7 237.5 230.7 219.2 218 232.9 231.9 228.3 232.8 235.8 239 247.5 255.5 256.2 253.1 251.6 254.6 255.6
325 320.2 310.5 298.8 288 270 230.7 221.3 207.3 179 157.1 153.4 153.3 152.7 152 152.8 156.9 163.3 172.5 190.6 214.2 232.8 249.7 277.8 306.1 317.2 318.8 319.8 321.8 318.1 315.8 316 327 335.5 346.3 350.1 353.5 361.6 366.2 376.8 382.9 388.1 388.1 383.7 376.8 371.3 368.4 360.9 353.5 345.4 335.5 333.9 330.5 321.4 313.3 305.3 293.1 283.9 271.8 261 254 246 236.1 228 216.3 222.8 223 222.3 227.8 229.3 234.3 245.7 253.6 251.2 251.1 242.5 240.8 239.6
342.1 342.8 333.6 323.8 315.9 287.8 239.7 227.3 211.9 180.6 161.2 155 154.1 153.2 152.9 151 152.4 157.2 164.7 171.1 187.6 213.3 235.6 260 295.8 308 306.4 306.5 312.1 315 313.3 307.2 317.1 331.7 342.6 343.8 347.2 354.8 363.1 375.8 382.4 391.4 384.5 378.2 370.5 361.9 356.9 356.5 354.9 349.9 340 334.4 333.1 338.1 331.8 320.7 309.8 295.3 281.5 269.2 260.3 252.1 241.7 227.1 217.2 215.9 215.4 215.3 216.7 224.7 230.1 239.5 249 248.6 244.1 236.3 231.1 231.1
366.8 362.4 348 337.4 313.5 290.6 260 218.5 204.4 177.5 164 156 155.2 154.3 153.6 152.9 152.5 150.6 156 160.2 171.9 190.8 213.9 236.5 264.8 273.7 286.4 298.1 311.8 312 305.4 302.5 311.5 323.5 335.5 342 348.1 356.9 366.8 367.9 381.9 381.1 373.3 369.6 362.4 360.7 357.8 357 353.2 354.4 347.9 349.1 352 348.5 344.1 334.3 322.9 306.5 289.9 279.1 266.4 258.3 248.2 234.4 224 214.6 214.6 213.7 214.4 217.2 224.5 235.3 241.6 241.5 236.3 230.1 227.9 227.8
376.9 363.9 338.5 326.7 302.8 279.9 245.6 211.5 202.1 169 160.7 157.5 157 155.4 154.3 153.9 152.4 152.1 151 156.1 164.6 176.2 192.5 213.8 234.3 251.3 266.7 283.8 292 298.4 298 300.8 304.1 317.9 326.2 338.9 347.9 354.7 355.9 360.4 372.5 367.9 362.5 357.3 355.6 358.5 357.6 361.3 363.2 361.2 362.5 363.2 363.4 357.3 350.4 341.7 319 310.1 303.5 288.8 275.8 266.7 256.8 243.7 234.3 227.5 221.5 218 214.7 213.1 218.8 230.2 236.8 237.8 232.2 225.8 225.1 226
361.3 346.5 327.9 307.7 286.5 259.3 221.6 200.4 186.6 166.8 161.1 159.2 157.4 156 155.2 154.3 152.4 151.8 152 152.7 161.8 169.8 181.1 200 221.5 239.6 248.7 262.3 277.2 286.4 289.3 293.3 297.7 306.1 316.6 323.5 337.1 343.6 343.9 355.2 357.3 358.9 356.4 354.6 349.9 358.1 367.8 367.8 366.9 371.2 364.1 358.3 363.5 359.6 339.1 329.1 319.9 314.3 314.1 301.5 281.6 270.9 263.4 252 244.2 236 230.4 226.5 221.9 214.1 212 225.5 231.8 233.3 226.5 218.3 220.4 222.5
342.9 324.8 308.2 282 254.5 228.9 208.3 190.5 177.6 167.3 162.3 159.9 159.1 156.5 154.7 153.5 152.3 151.6 151.6 150.7 160.2 169.6 175 184.8 203.5 219.6 234.5 248.5 260.6 271.2 277.5 284.2 290.1 295.1 309.6 319.7 328.1 332.4 338.5 349.1 346.3 347.2 350.2 345.5 347.4 352.4 365.4 362.3 365.6 365.9 361 353.1 355.9 340.9 333.4 327.5 323.8 316.8 311.5 298.8 284.9 276.1 269.7 261.3 252.7 245.2 239.7 235.5 232.2 218.7 211.7 217.6 227.5 228.5 220.4 216.4 219.5 219.4
323.8 307.5 286.9 260.2 238.4 221.8 205.6 189.4 178.1 166.1 161.6 162.6 160.4 157.2 155.2 153.3 152.1 151.5 151.5 150.1 158.2 169.4 171.9 178.7 191.8 207 223.2 236.5 245.1 256.9 267.9 275.5 281.9 290.9 302.2 311.1 320.7 327.9 338 338.2 336.2 338 342.1 344.2 341.9 344.9 351.6 352.9 357.8 358.6 354.5 340.4 337.7 335.1 330.4 328.6 324.1 315.3 309.5 300.7 291.5 282.9 277.3 272 262.5 252.4 245.7 241 235.2 225.7 215.5 211.6 216.9 223 219.5 216.5 220.5 220.2
