ny/ny50_OST50GRID_20230518/NY50.asc
ncols 200
nrows 200
xllcorner 350000
yllcorner 500000
cellsize 50
[rows 35 to 69 of 200, columns 0 to 77 of 200]
571.9 569.8 568.7 564.7 559.1 552.7 547.4 544.4 542.7 533.6 535.4 539.3 545.3 552.2 555.9 562.4 569.6 573.3 575.4 575.7 573.6 569.4 567.6 565.4 566.9 565.4 560.7 561.3 557.2 557.2 554.2 552.6 549 555.1 561.8 570.9 578.3 580.1 577.8 572 562.9 555.7 551.8 550.9 553.4 553.1 553.9 553.8 555.5 556.5 562.3 565.3 568.2 569.8 570.2 568.2 568.2 567.3 568.8 572.1 575.7 580.6 578.7 578.5 575.2 572.7 568.2 562 556.7 551.4 546.1 543.6 542.1 538.8 536.7 533.9 526.1 522.3
575.4 574.3 572.6 567.9 563.8 560.9 557.7 555 551.3 544.3 547.1 551.5 556.6 563.2 567.1 573.1 579.3 581.3 583.2 582.8 583.3 580.9 580.2 578 576.9 575.9 574.2 568.4 566.1 565 562.4 559.4 557.7 559.7 566.2 573 579.1 582.8 582.7 579.9 573.5 564 558.9 557.9 557.9 557.1 554.2 554.9 558.5 560.6 567.9 570.5 571.5 574.1 572.8 571.7 571.8 571.1 571.6 573.3 577.8 578.1 576.1 574.8 573 569.3 562.5 557 550.9 544 537.9 535 535 529.8 526.7 524.3 518.5 513.9
579.3 579.3 576.4 573.3 570.6 569.3 569.2 566.1 564.4 560.8 563.7 565.6 570.1 573.7 576.9 581.4 586 589 588.4 589.2 590.5 588.4 585.9 584 584.1 581.1 579.8 576.2 571.1 568.6 568.7 563.1 562.8 562.4 567.7 573.7 581 583.9 583.9 585.9 581.4 574.2 566.9 563.8 564.3 564.1 559.4 556.5 564.2 567.8 571.2 574.2 577.4 577.1 576.2 578 578.8 575.3 573.2 573.3 575.1 574.5 573.6 571 570.4 564.5 556.9 549 541.5 535 527.8 527.5 524.9 521.9 516.4 513.6 509.4 504.5
586.7 587 584 581.7 582.7 579.8 579.9 576.3 577.6 579.2 580.8 581.2 582.7 584.1 587.2 587.8 590.8 593.5 592.4 594 593.5 591.2 590.1 587.9 585.9 583.6 581.4 578.1 572.2 573.3 571 568.1 566.1 565.3 567.6 573.2 580.4 585.7 588 589.2 588.9 584.1 577.7 572 570.1 567.9 566.7 565.3 568.2 570.8 572.7 577.1 580.8 582.4 581.5 583.1 582.1 576.6 573.7 572.7 570.9 569.6 567.8 565.8 559.9 553.8 546.4 538.2 530.1 524.3 517.9 513.9 516.2 514.6 505.7 501.8 499.3 494.7
592.4 598.9 597.3 594.8 595.6 593.6 592.5 594.1 595.7 594.5 593.5 593.1 591.2 592.3 592.5 592.8 593.3 594.7 595.2 596.5 594.9 592.3 590.8 588.3 585.6 582.5 578.4 575.3 573.6 574.2 570.4 570.8 568.9 566.7 570.7 573.3 579.4 583.9 586.9 592.3 591.2 591.6 588.6 583.5 577.4 575 574.4 574.2 571.8 572.6 574.5 579.3 582.4 584 585.3 584.2 581.3 577.4 572.7 569.6 567.9 564.3 558.9 554.1 546.8 539.1 532.9 525.7 519.1 514 507.2 499.9 507.6 501.3 494.9 493.1 486.3 482.5
606.5 609.2 611.1 609.4 608.6 608 606.3 605 605.3 603.6 603 601 598 595.3 594.5 593.9 594.6 597.3 595.9 594.4 591.8 591.6 588.5 585.9 583.3 580 576.8 574.6 572.9 571.6 571.6 571.3 569.9 570 572.6 575.9 578.7 582.9 590 595.2 596.2 594.7 595.9 591 586.4 583.2 580.3 579 576.5 575 576.5 582.5 583.3 585.1 586.8 584.5 578.8 573.7 568.6 566.7 560.6 556.9 552.5 546.4 535.9 527.9 518.7 514.3 508.7 499.6 494.2 490.3 490 486.1 483.3 477.2 474.8 470.4
618.4 621 624 622.2 618.6 615.9 610.8 608.2 606.3 603.6 602 601.4 597.2 595.1 593.7 594.4 596.4 597.2 596.8 595.4 590 589 585.9 582.8 580.2 576.3 574.2 573.9 571.8 571 570.8 570.7 569.8 569.1 571.8 574.9 578.9 583.7 590.1 594.8 594.4 594.7 593.6 592.1 590.8 591.2 586.2 582.2 580.4 577.5 578.3 582.9 583.9 583.9 582.7 579 574.8 570.8 565.9 563 555.8 549.6 542.3 533.5 522.6 514.3 508 500.5 491.9 484.7 482.5 476.5 477.2 473.6 469.8 467.6 464.8 461
625.8 629.9 631.9 628.9 623.8 617.3 612.7 609.3 603.8 600.5 598.5 595.6 594.5 592.3 592.3 595.4 597 596.1 596.2 592.9 587.8 585.1 582.3 579.5 578.1 575.7 572 570.8 569 569 569.4 569.6 568 567.1 569.3 574.3 579.3 584.1 588.6 591.8 592.4 594.3 594.6 594.6 592.7 592.4 589.8 584.1 582.9 581.1 581.3 584.1 583.6 582 578.9 574.7 570.3 565.7 560.6 556.1 547.6 543.6 533.2 521.2 510.5 502.7 496.8 486.9 478.4 472.9 468.4 465.9 463.8 461.5 459.7 456.2 453.2 451.8
632.5 636.4 634.1 627.5 624.5 616.6 612.2 608.9 603.2 600.7 594.4 591.9 591.4 590.7 592.3 594.2 593.7 592.9 592 588.2 582.9 579.9 578.2 574.7 574.5 573.6 569.9 566.2 567.5 563.9 566.3 563.1 561.6 563.7 566.6 571.5 578.7 583.6 586.1 586.7 589.3 592.7 591.4 592.1 592.5 592.2 588.9 587.4 583.3 581.5 584.1 584.5 582.5 580.1 576.1 570.5 565.7 559 555 548 540.2 531.3 520.7 506.4 498.1 493.6 487.4 477.7 469.4 463.6 457.8 455.9 453.2 451 448.4 446.2 445.7 444.5
632.7 633.4 628.4 624.8 622.8 614.4 610.5 605.5 600.1 592.5 585.4 586.3 585.1 587 589.6 590.5 589.2 592.1 588.1 584.6 578.5 573 572.2 567.9 569.7 567 567.5 562.8 561 560.3 556.1 556.2 556.8 562.2 565.3 570.8 577.3 581.4 582.9 581.5 584.1 587.2 590.2 591.1 591.7 592.4 588.6 586 584.5 585 587.3 585.8 582.2 577.3 572.2 567 559.8 553.8 547.5 540.1 532.5 522.7 510.1 497.5 488.6 483.8 478.2 467.5 460.4 454.6 448.6 446 444.4 442.1 441.1 439.2 438.6 437.9
628.4 626 625.6 620.4 615.6 613 608 602.4 593.5 586.1 580.2 580.8 582.6 583.1 585.7 584.7 584 585.4 581.6 578.1 571.1 566.5 564.1 562.3 560.2 559.7 557.7 560.8 559.8 558.4 554.3 553.1 555.5 559.7 563.1 569 576.3 576 576.3 576.7 578.8 583.3 584.7 585.7 586.8 585.4 585.5 585.1 585.3 587.8 588.5 586.6 582.6 575.6 568.8 562.3 555.4 548.6 541.9 531.9 526.5 517.2 504.2 488 481.4 473.9 468.2 460.1 451.5 445.4 440.7 439 437.3 435.7 433.9 433.8 433 431.7
628.3 626.8 624.6 619.4 616.2 611.5 606.6 597.9 587 580.4 575 578.2 578.4 579.2 578 578.2 575.9 573.8 573.2 573.9 566.3 562.2 560.4 558.9 557.1 556.7 555 557 556.7 553.7 552 550.6 553.5 556.8 561.3 568.3 571.7 571.9 571.1 571.5 572.5 575.1 576.7 577.7 577.4 577.6 579.3 578.7 583.3 588.5 588.7 587.1 580.9 571.9 565.2 556.7 549.4 542.6 534.2 523.3 517.4 507.1 490.9 479 472.2 466.2 461.9 453.5 444.5 436.2 430.3 429.7 429.9 428.7 428.3 427.1 425.6 424.3
625 624.6 620.8 618.8 615.2 610.9 603.5 594.5 585.1 578.5 574.3 573.8 573.7 573.4 572.1 569.9 566.1 563.7 562.2 558.5 559 556.8 553.8 552.7 551.6 550.4 549.4 550.7 550.4 548.5 546.7 547.2 550.3 553.9 558.7 564.6 569.1 569.5 567.5 565.7 565.2 566.2 565.9 568.2 568.5 570.7 573.1 573.4 581.9 586.4 588.3 585.4 579.3 568.6 559.4 551.3 543.7 532.5 522.1 509.4 497.8 488.5 480.2 471.8 463.7 458.3 454 447 438.6 428.5 418 417 415.2 415.5 419.7 419.8 417.2 416.2
620.8 618.6 617 615.6 611.5 608.2 601.3 593.1 583.5 576.1 571.8 568.1 566.5 567.1 563.6 558.3 551.3 547.7 544.6 545 546.8 547.5 544.4 543.1 542.4 541.8 541.2 541.6 542 538.9 538.5 541.5 547.2 553.2 560 564.5 567 565.7 562.2 558.5 555.9 555 554.6 555.4 557.4 560.7 563.1 568.3 575.7 585.8 589.6 585.9 576.7 562.6 554.3 546.6 538 526 508.3 494.5 483.9 476.7 467.6 459.9 451 443.9 438.2 433.8 427.7 416.9 403.7 401.9 405.4 402 409.6 408.9 406.5 406.5
617.2 615.2 613 610.6 607.4 603.7 597.5 590.1 579.4 573.3 566.9 563 561.3 559.1 553.5 546.3 540.7 537.1 534.7 531 530.5 535.4 529.9 530 529.7 529.2 531.1 528.9 528.2 527.9 529.6 536.5 543.7 551.5 556 560.6 560.9 557.5 553.4 548.8 542.1 541.9 541.5 542.6 544.3 549.4 553.2 557.9 571.8 580.4 583.7 580.5 570.6 556.7 548.1 540.5 530.2 517.7 503.2 490.4 478.2 464.3 451.6 443.6 440.7 434.4 427.8 422.8 415.5 409.7 396.9 398.2 387.1 392.8 393 393.8 395.2 396.6
613.4 611 609.6 606.8 603.8 598.2 590.2 585.6 580.4 572.9 566.6 562.2 557.6 553.6 543.4 535.7 531.2 529 527 524.5 519.4 517.7 515.2 517.6 518.3 515.9 519.1 518.6 518.2 520.2 524.1 529.5 535.5 545.1 548.6 549.7 547.2 541.4 538.4 535.4 526.5 525.2 526.5 524 526.9 533.8 538.3 547.4 562.4 573.3 573.3 570 560.9 549.4 540.9 530.6 521.9 511.5 501.3 492.5 482.6 472 460.5 449.8 438.5 431.2 425 418.5 411.3 405.7 407.6 403.6 396.7 386.8 377.8 378.4 383.1 387.2
610.9 607.1 605.3 602.1 596.4 592.7 588.5 583.3 578.4 572 566.9 562.4 558.4 551.5 540.5 533.1 526.4 522.9 519.6 516.4 512.9 507.7 504.9 507.6 506.3 503.7 502.7 505.1 509.2 511.6 512.1 521.2 526.9 533.6 534.1 528.7 523.3 517.6 514.4 511.4 510 506.9 502.4 500.1 505.6 512.6 519.5 528.8 547.3 565 559 553.7 551.4 541.2 527.5 520.5 515.8 509.4 502.6 492.9 487.6 477.2 468.5 458.8 446.7 442.8 433.5 426.4 419.7 415.5 410.4 405.2 401.6 395.4 384.8 377.9 370.1 377.5
608 604.8 599.5 596.4 592.6 588 584.9 580.1 574.6 571 568.6 568.9 563.4 554.2 545.1 537.6 527.9 522.1 516.7 513.2 507.6 507.1 502.3 497.9 496.7 498 496.8 498 499.8 495.8 499.4 505.5 508.8 515.9 516.5 511 504.4 499 496.9 494.8 490.1 488.8 487.1 486 484.9 490.3 497.2 504.9 522.6 529.8 525.3 526.2 525.3 519.3 516.7 516.1 511.9 508.8 503.8 496.6 491.6 482 475.4 471 463.8 456.3 449.1 440.6 431.5 424.8 417.7 409.4 403 397.8 391.6 380.5 369.1 366.1
603.9 598.8 595.5 592.5 589.4 585.2 581.6 575.4 571.8 571 571.9 570 568.4 560.3 552.7 544.4 530 521.4 517.6 514 514.9 508.1 504 503.8 498.3 495.2 494.7 496.3 493.1 489.6 489 494.9 495.8 496.4 495.1 492 489.5 487 485 481.5 478.4 476.4 472.3 469.2 469.3 471 474.8 479.7 482 492.3 498.6 501.2 503.8 506.7 510.5 509.6 509 507.7 505.4 503.7 501.4 497 493.9 491 484.4 474.9 465.5 455.3 446.7 437.7 424.6 414.9 404.8 397.8 388.9 379.6 370.9 364.3
598.7 594.6 590.8 587.2 585.4 581.5 578.5 575 572.8 572.4 573.6 573.1 571.5 565.1 559.5 547.7 535.8 524.7 518.5 514.7 514.5 514.7 505.9 497 494 490.8 490.4 491.7 490.5 489.1 483.3 485.5 486.8 483.9 482.5 477.6 476.2 473.7 470.8 466.7 465.3 460.6 456.9 454.3 451.4 450.6 452.9 458 466.9 471.3 477 483.5 494.5 501.5 502.6 504.4 507.1 507.8 509.5 509.5 509.9 506.9 505.5 505.2 501.6 491.5 479 466.7 457.6 445 429.9 417 406 396.4 386.8 378.5 370.5 365.8
598.2 593.6 587.7 583 581 578.8 576.4 574 573.3 573.2 573.5 576.4 574.8 570.4 565.8 554.7 539.5 529.8 519.9 515.5 511.8 511.5 502.6 498.3 494.9 491.1 486.9 484.9 486 485 483.1 473.8 475.6 474.3 467.5 464.4 463.9 460.3 457.5 453.5 452 448.4 445.8 444.9 443.4 442.3 444.3 448.6 452.4 458.8 462.4 474 482.5 491 496.9 500.8 505.1 508.3 512.2 513.8 514.6 513.3 513.5 514.2 510.6 504.3 491.6 473.8 458.5 446.7 432.9 417.9 405.7 394.6 383.5 378.8 374.4 367.4
600.4 594.3 586.8 581 577.2 576.3 575.2 574.6 572.9 573 574.8 577.6 574.8 572.9 567.4 560.6 545 536.1 518.5 511.6 507.6 503.7 499 494.9 492.6 490.5 486.8 483.4 481.5 479.9 477.5 474 465.2 462.9 459.3 456.9 455 452.7 449.9 447.1 440.6 438.6 437.2 437.2 438.4 437.7 438.5 435.6 437.8 445.4 453.1 462.3 470.9 477.4 490.9 496.7 502.8 508.2 512.8 516.5 517.6 517.2 517.3 517.6 516 509.6 497.2 481.4 464 447 431.3 416.6 405.4 395 387.6 381.6 375.6 368.4
602 596.3 587.7 582.2 578.9 575.3 574.8 574.4 572.9 572.4 576 577.3 577.5 576.5 566 558.9 543.9 528.3 516.3 510.1 503 499.7 493.8 491.9 492.1 488.8 485.4 481.7 481.4 480.9 476.7 467.8 462.5 455.6 454.9 451.2 451.8 450.9 450.1 442.2 444.1 432.6 432.2 432.9 434.6 433.1 431.6 431.1 431 436.9 443.7 451.8 459 469.7 480.2 490.6 499.1 508 513.4 517 517.2 518 518 516.4 515 512.5 500.8 487.2 469.1 449.6 431.8 415.8 405.3 396.3 388.5 381 375.4 366.4
605.1 596.9 587.2 583.5 579.2 578 573.7 573.7 573.5 572.5 571.5 571.2 567 565.4 559.5 545.2 531.2 524.7 518.3 508 501.7 498.8 493.8 490.4 491.7 486 483.1 480.8 479 478.2 476.2 470.2 463.7 456.9 457.1 454.9 454.3 457.1 458.6 453 445.9 438 432.7 430.3 429.6 430.1 429 428.4 429.2 432.2 435.2 441.1 449.8 460.5 470 480.1 493.9 501.6 506.9 511.9 512.7 514.9 516.1 515.7 515.4 511.3 500.5 486.4 467.5 449 431 415.4 404.8 394.6 385.8 376.1 371.1 371.7
596.3 589.1 584.2 582.1 576 573.7 573.7 573.8 574.6 568.4 567 565 561.4 557.5 551 537.4 530.4 523.7 514.4 508.4 504.2 500.3 495.5 494.3 484.1 485 483.3 479.5 476.2 476 472.3 468.2 461 463.3 462.9 459.6 461.3 461 461.4 457.3 444.8 440.5 436.2 431.4 429.9 428.7 428.2 427.9 427.9 429.5 430.7 433.8 442.5 452.8 458.8 466.3 477 491.4 498 502.4 505.8 509.4 511.4 512 510.6 507 496.5 480.7 464.6 448 427.9 414.9 403.2 390.5 380.7 373.5 374.9 368.6
591.6 582.4 577.4 574.8 575.5 572.3 573.2 569.3 568.3 566.3 564.7 560.6 557.4 553.2 550.2 538.6 530.2 522.1 511.8 506.7 501.7 497.6 500.1 497.6 485.2 482 479.7 479.5 478.6 476.5 471.4 468.5 467.9 468.8 468.6 468.1 466.3 464 460.7 458.3 455.4 452.3 446 439.9 432.5 431.1 430.3 428.9 428.6 426.7 428.1 428.5 434.3 445.9 451.8 456.3 462.1 472.7 485.4 492.2 494.6 501.5 504.9 503.9 504.1 503.1 492.1 477 463.7 446.6 427.8 412.6 400.9 387.8 380 380.8 382.1 372.4
579.2 576.9 575.2 569.4 569.1 568.6 566.1 566.7 565.2 565 563.6 559.3 553.5 547.4 540.8 532.2 523.9 521.4 515.2 508 497.7 494.7 494.4 490 483.9 487.9 486.7 485.6 483.1 479.5 477.8 477.5 476.5 476.3 477.9 477.5 476 474.4 471.4 468.4 466 462 456 448.5 440.4 435.8 435 432.5 429.3 428.1 427.2 427.2 431.7 438.8 444 448.4 453.1 459.6 465.5 474.3 482.6 489.6 493.6 496.1 497.2 495.6 485.9 473.1 457.7 443.9 429.6 414.5 399.3 388.8 386.8 388.2 383.5 378
563.8 565.8 566.8 563.1 562.3 565.5 563.9 564.1 563.4 562.2 562.4 553 547 540.6 534.8 523.9 523.4 510.5 506.7 500.4 497.8 495.1 493.2 490.5 493.1 494.2 493.2 491.5 488.1 485 484.1 483.6 484.3 484.1 485.2 484.9 485.2 484.9 482.3 480.4 476.8 471.4 465.4 456.9 448.6 444.3 441.4 437.3 432.9 430.6 429 426.4 428.4 433.3 436.8 442.1 446 450.2 453.4 457.7 462.9 469.9 478.5 483.7 484.4 481.4 478.7 464.9 450.4 439 426 410.4 402 394.2 392.8 390.5 387.6 380.2
552.4 557.1 558.8 556.2 557.2 558 561.7 562.8 563.3 560.8 555 550.5 545.6 541.2 535.9 530.6 525.8 519.7 513 506.7 502.9 499.1 496.3 495.3 496.8 499.1 497.8 495.1 490.3 487.7 486.7 487.7 488.9 489.8 491.2 491.3 491.5 493.3 493.4 492.4 488.7 481.7 476.9 465.2 455 450.3 446.7 442.3 437.5 434 432.6 430 425.7 429.1 431.3 436.8 438.7 442.1 445.1 447.5 450.6 452.7 459.8 466.4 472.1 468.2 463.1 454.3 444.1 434.3 422.3 416.7 410.3 400.1 399.8 395.9 387.6 393.6
546.5 549.8 547.8 549.6 552.8 555.9 559.8 563.5 565.4 562.5 558.2 554 548.2 540.7 536.7 530.5 528.9 523.4 514 505.3 499.7 497.8 496.8 497.8 497.9 500 497.8 495.5 491.1 488 487.8 490.8 492.3 494.9 496.8 498 500.7 504.6 505.9 505.6 503.4 495.4 486.5 471.7 462.2 455.5 451.2 447.6 442.7 437.5 433.6 429.6 426.8 426.1 428.2 429.5 433 433.5 436.5 439.1 440.8 442.6 446.9 450.8 453.3 455.5 453.1 447.6 437.8 428.3 420.5 416 409.3 407.2 398.4 392.1 398.7 404.6
537.2 540.7 541.8 545.8 551.4 555.6 563.9 566.4 563.3 560.1 557.3 553.4 548.7 539.8 534.5 532.8 535.8 527.9 511.6 500.3 496.2 492.9 493.4 495.9 495 496.1 494 491.6 486.8 487.6 488.2 491.4 495.7 498.2 502.8 507.1 510.8 513.3 514.8 513.7 510.4 501.8 492.5 479.9 467.9 459.1 456.6 452.9 450.2 445.2 438.1 432.1 430.6 427 425.7 428 423.2 425.9 427.6 429.5 433.2 434.4 435.5 438.9 441.3 443.3 443.2 438.8 430.1 423.8 416.7 412.8 408.8 405.2 397.4 404.6 410.1 415.9
531.4 537.4 542.1 551 553.7 556.1 561.1 562.3 561.1 558.8 555.4 550.2 545.2 533.7 530.3 527.2 527.7 516.1 503.2 494.8 489.2 488.1 487.5 487.4 487.6 487 487.6 485.6 484.6 484 487.6 493 498.5 504.3 508.6 513.9 518.8 519.1 520.5 516.9 509.7 501.6 493.6 481.2 471.8 462.1 459.4 456.7 454.9 451.6 445.8 439.5 433.8 430.3 430 431.9 424.1 420.1 420.7 424.3 424.7 427 428.6 430.9 433.1 433.6 433.5 431.1 425.5 420.8 416.8 412.8 406.1 403.8 408.3 415.3 421.8 428.7
529.7 537.4 543.7 547.7 554 559 561.5 563.9 557.4 554.3 547.8 542.7 536.9 525 518.6 513 506.2 499.2 495.6 488.7 483.5 482.2 481.5 481.3 479.7 480.5 479.8 479.1 479.5 479.8 484.4 491.9 499.8 506.2 511.6 517.6 522.3 521.7 518.2 513.5 506.8 500.8 491.4 482.6 473.2 467 460.9 459.1 457.5 455.2 452.1 447.4 440.5 435.6 432.9 432.4 429.6 426.7 420.5 416.8 420.7 421.6 421.7 423.8 425.4 425.2 424.5 424 422.6 419.8 417.1 413.8 412.2 415.6 420.9 427 431.8 440.3
535.1 539.5 544.7 551.2 556.1 557.6 559.5 559.3 554.1 552 540.6 530.8 531.7 515.9 510.2 504.6 497.1 492.5 489.1 481.9 478.5 475.5 474.9 474.4 473.6 473.1 472.9 472.9 473.8 474.8 478.8 485.3 495.9 504.7 511.5 517.4 519.2 516.1 511.8 509.5 501.1 495.9 488.6 481.6 476.5 472.5 467.1 463.6 461 458.3 454.7 452.2 447.8 442.3 436.2 433.2 430.8 429.8 425.2 418.8 416.1 420.1 418.7 416.6 416.7 418.3 418.4 420.1 420.3 419.4 418.7 418.3 418.6 424.3 428.7 434.2 440.5 445.6
534.9 539.6 545.1 551.5 559.3 560.2 556 551 544.7 537.6 531.4 521.4 516.9 507.3 496.9 488 484.5 481 479.8 473.1 469.9 466.8 467.8 467.9 467.3 468 468.5 468.5 467.7 468.5 471.7 478.1 489 497.5 505 504.8 505.7 504.3 499 496.5 491.3 485.9 482.8 481.1 480.9 480.7 474.6 471.9 467.6 462.1 457.5 454.7 451.6 448.7 443.1 438.2 435 433.3 428.7 421.9 416.2 413.5 419.7 414.8 410.9 413.3 416.1 417.7 418.7 419 420.1 422.7 424.9 429.5 433.4 438.1 449.2 454.2
