ny/ny58_OST50GRID_20230518/NY58.asc
ncols 200
nrows 200
xllcorner 350000
yllcorner 580000
cellsize 50
[rows 105 to 139 of 200, columns 0 to 77 of 200]
258.5 250.9 243.4 236.1 230.6 225.6 220 215.3 211.2 203.2 191 182.4 178.6 184.7 190.7 195.7 200.6 205.6 208.4 209.5 208.8 207.8 206.6 204.6 202.7 200.2 196.7 191.8 185.3 178.1 172.9 170.5 166.1 166.1 168.5 168.9 171 173.6 178.7 182.4 187.2 192.3 197.6 200.4 204.3 208.8 215.3 221.1 228.7 234.1 238.6 241.2 243.1 245 246.1 247.2 248.6 249.3 250.1 251.5 253 254.8 256.5 258.3 260 261.7 263.4 265.6 268 270.5 273.6 276.7 279.7 283.3 287.2 292 297.5 302
256.2 248.2 240.5 232.3 227.3 221.3 218.6 214.3 210.4 202.1 190.1 180.4 177.6 183.2 188.2 192.9 197.4 201.9 205.8 204.7 203.3 202.6 201.4 199.2 197.4 194.8 191 185.9 180 171.4 167.7 166.9 165.4 167 170.6 172.9 174.8 177.6 182.1 186.4 191.7 197.2 201.9 206 210 214.3 220.9 226.9 233.1 237.9 240.8 243.3 245 246 247 248 249.1 249.5 249.9 251.1 253.1 255.2 257.1 258.8 260.3 262.1 263.9 265.5 268.2 270.9 273.6 276.7 279.6 282.5 286.2 290.7 296.1 300.7
252.8 244.8 237.1 229.2 224.1 220.2 217.6 213.4 209 201 188.4 178.6 173.7 180.7 185.7 190.7 195 199.5 200.9 199.5 197.9 196.6 195.6 194.3 192.8 188.1 183 178.5 170.9 164.9 163.9 165 164.2 169.5 172.7 175.7 178.1 181.6 185.9 190.3 196.1 202 207.3 210.8 214.9 220.4 226.4 232.5 237 240.2 242.9 244.9 246.4 247.5 248.3 248.7 249.6 249.7 249.7 250.8 252.9 255 257.1 259.1 260.6 262.4 263.7 265.3 267.5 270.3 273.1 276 277.5 280.6 285.3 290.2 295.8 300.8
247.1 240.7 233.9 226.6 220.4 217.7 215.1 211.2 207.1 200.1 186.3 175.4 170.4 178.3 183.2 188.3 192.7 196.1 195 193.3 192 189 190.1 190 187.5 180.4 172.4 166.6 162.6 161.5 163.6 168.6 169.8 175.7 176.5 178.6 182.3 185.9 189.7 194.7 200.6 207 212.1 216 221.1 226 231.9 236.8 240.1 243 245 247.1 247.9 248.9 248.8 248.3 248.5 249 249.5 250.6 252.6 254.7 256.8 258.7 260.5 262.1 263.4 265.1 267.2 269.6 272.4 275.1 276.2 281.3 283.4 290.1 297 302
241.5 236 230.4 223.9 217.8 214.6 211.9 208.7 204 197.6 185.2 173.5 171.2 176.2 181.2 186 190.3 190.8 188.9 186.7 184.8 183 182.7 181.4 178.6 168.4 159.8 160.9 161.8 164.5 168.9 174.8 177.5 178.7 180 182.2 186.9 190.6 194 198.4 206.7 212.6 217.8 222 226.5 231.5 236.5 239.8 243.1 245.8 247.7 249.3 249.6 249.2 248.5 247.9 247.4 247.2 248.1 250.2 252.3 254.4 256.4 258.3 259.5 261.2 262.9 264.9 267 269.1 271.7 273.4 273.2 279.9 285.6 290.8 296 300.9
238.4 232.1 226.2 220.7 216.3 211.7 208.8 205.8 201.8 194.5 183.8 169.1 169.4 173.9 179 184 186.5 185 182.1 179.9 177.9 176.7 173.7 170 166.1 159.5 160.4 161.6 164.2 170.1 173.2 178 180.3 182.9 185.8 187.7 190.4 197 202.1 207.1 212.5 218.2 223.6 228 232.6 236.5 239.7 242.9 246.1 248.5 249.7 250.2 250.2 249.6 248.4 247.2 246 246 247.2 249.4 251.2 253.2 255.8 257.4 258.5 260.1 262.6 264.3 266.1 268.6 271.1 271.3 273.1 279.5 283.6 289.8 295.4 300.8
238.9 230.7 223.8 219.2 213.5 208.4 205.2 203.2 199.3 192.1 183.4 167.6 165.7 170.8 176.1 180.8 181.2 179.5 175.9 173.4 171.1 169.5 166 161.8 158.7 158.3 160.1 164.4 170.3 173.5 177.1 181.1 184.1 187 190.4 192.8 194.9 202 206.7 212.9 218 223.5 229.1 233 236.8 239.9 243.2 246.5 248.6 249.9 250.4 250.9 250.6 249.1 247.7 246.3 245.5 247.3 248.2 248.3 250 252 253.9 255.3 257.1 259 261.4 263.7 265.5 267.2 269.5 268.7 271.5 277.2 284.1 288.8 294.5 300.1
238.2 230.3 221.9 218.2 213 208 203.1 199.6 195.8 188.8 178.3 164.5 163.1 167.8 173.1 177.1 176.4 174.1 170.4 167.1 164.7 163.5 158.3 157.3 157.4 157 161 164.2 172.5 175.4 180.1 183.3 187.9 190.9 194.5 199.7 203.1 208.4 212.6 217.8 224.1 229 233.2 237 240.7 243.2 245.8 248.3 249.6 250.8 251.2 251.6 250.3 248.9 247.4 245.1 246 248.3 250.3 251.7 252.5 254.2 256.7 259.9 262.2 262 259.7 262.3 264.3 266.1 267.4 267.8 272 277.3 282.6 287.8 293.5 299.3
232 225 218.8 215.2 211.7 205.3 200 196 192.5 184.9 174.3 160.5 159.7 164.9 170 173.4 172.9 170.2 165.9 156.9 155.1 154.7 155.2 156.6 158.2 158.4 163.4 168.5 173.9 180.1 182.5 186.6 192.4 195.8 201.1 206.6 211.5 214.8 217.3 222.5 229.9 233.9 238 242.2 244.5 246.6 248.3 249.8 250.7 251.6 252.2 252 250.3 248.8 247.3 243.7 246.2 248.7 251.8 255 256.9 259.1 261.6 264 264.1 263.9 263.6 261.8 262 263.5 266.1 268.4 271.7 276 281.5 287.7 294.1 300.3
225.4 220.2 214.7 212.2 208 202.9 197 192.9 186.8 180.3 171.3 158.3 158.7 162.6 166.7 169.9 167.7 163.5 157.5 154 154.4 154.4 156.1 158.1 163.3 166 168.4 172.2 177.5 182.9 187.5 191.4 196 202.7 206.8 211.2 217.1 222.8 226.1 230 234.8 239.3 243.5 246.6 246.9 247.8 249 250.7 251.6 251.7 251.9 251 249.7 248.9 245.9 243.5 247.5 250.4 253.6 256.9 259.9 262.8 264.5 265.5 265.5 265.3 265.1 264.9 264.8 264.5 266.3 268.4 270.9 275.5 281.5 287.2 293.7 299.2
218.5 216 210.3 207.9 204.7 199.7 195.4 190.2 183.4 174.2 166.3 156 156.1 160.1 163.7 159.7 156.3 152.9 152.1 151.9 152 156.4 158.9 162.8 170.8 174.2 175.8 177.7 179.5 189.1 193.3 199.5 207.3 209.2 214.5 218.8 223.7 229.2 233.5 236.8 241.1 244.2 246.5 247.4 248.1 248.6 250 251.5 251.4 250.3 249.6 248.5 245.7 244.2 242.2 246.2 250.5 252.4 256.4 259.5 262.4 264.9 266.7 267 266.9 266.7 266.5 266.8 266.7 265.4 266.3 268.2 270.6 275.6 281.1 286.7 292.5 297.8
213.8 211.9 205.8 202.8 201.1 195.7 191.6 185.4 178.8 170.3 162.3 152.7 154.8 159.5 151.5 149.5 150 152.4 153 156.2 162.7 168.2 172.2 176.7 182.8 185.9 187.9 189.7 190.9 196.7 200.7 209.9 212.4 214.8 221.5 225.9 231.8 236.9 239.9 242.7 245.3 246.6 247.1 247.9 248.8 249.4 250.4 249.7 248.6 247.3 245.8 245.3 241.8 240.7 246.5 249.6 252.5 255.2 259.1 262 265 267 268.5 268.2 268.3 268 268.2 268.7 268.3 266.8 266.9 267.8 270.7 275.5 280.3 285.6 290.7 297.2
208.1 208.1 202.3 197.2 195.6 191.9 185.8 179.7 172.3 164.6 158 150 154 150.9 149.3 151.4 155.2 157.3 159.8 165 172.5 179.3 183.5 187.4 193 197.4 200.2 201.7 202.6 204.5 207.6 211.6 217.5 223.8 228.5 233.1 238.7 241.7 244.5 246.1 247.2 247.8 248.6 249 249.6 249.5 249.7 248.8 244.3 241 238.9 239.4 244.3 247.3 249.8 251.9 253.4 258.6 261.2 264.5 267.1 268.4 268.7 268.9 269.2 269.5 270 270.4 271 270 268.4 268.5 270.8 275.5 279.9 283.8 289.3 296.3
202.4 201.6 196.7 191.5 189.6 186.1 180 173.1 165.8 157.8 149 149.1 149 148.6 146.7 155.1 161.1 163.1 166.7 172.1 179.7 186.1 190.3 194.6 199.8 204.6 208 209.8 210 211.6 215.5 220.9 224.5 230.6 235.4 239.6 244 246.6 247.8 248.2 248.3 247.9 248.7 249.3 248.9 247.9 245.7 242.2 238.3 237.1 242 247.3 249.4 250.5 251.5 252.5 253.7 258.3 262.3 266.1 268.2 269.2 269.4 269.6 269.8 270.2 271.2 271.8 272 272.2 271.9 270.5 271.5 275.2 278.3 282.6 288 294.4
196.3 195.2 191.1 186 181.9 178.7 173.4 167.2 159.7 151.2 147.6 148.3 147.9 147.9 151.9 160.1 165.3 169.6 172.7 177.6 184.6 191.3 196.5 200.9 205.2 209.8 213.5 214.4 216.1 218.5 222 228.1 234.3 239.3 242.7 245.4 248.2 249.5 250 249.7 248.9 248.2 248.1 247.9 246.1 243.9 241.7 238.8 236.7 238.8 243.9 248.8 251 250.6 247.6 246.5 252.7 257.3 262.2 265.6 268.2 269.6 270 270.2 270.3 270.9 271.8 272.2 272.5 272.4 272.2 270.9 270.8 273.1 277.4 281.8 286.6 292.6
190 188.3 184.6 179.5 175 172.2 167.2 161.9 154.4 147.8 147.1 145.3 145.7 152 158.6 166.1 171.6 176.1 178.2 181.1 187.6 194.2 199.7 204.7 209 212.8 215.6 217.2 220.9 225.7 230.7 236.2 240.7 244.7 247.2 248.2 249.8 250.1 250.1 249 247.9 246.9 246.3 244.8 243 241 240.2 237.8 236.5 241.7 246.3 250.7 251.2 246.9 239.6 240.6 252.3 256.1 260.8 265.2 268 269.7 270.4 270.7 270.9 271.6 272.2 272.7 272.6 272.6 272.3 270.1 270.6 272.9 277 281.2 285.5 291.2
184 179.6 178.2 173.5 170.2 165.8 161.6 154.5 148.3 144 143.4 146.2 151.6 158.8 165.9 172.8 178.1 183.1 185.3 186.6 191.6 197.6 202.5 207.1 211.2 214.9 218.8 224.2 228.9 233.8 238.1 241.9 245 247.2 248.9 249.8 249.7 249.2 248.2 247.3 246.1 244.9 243.5 241.9 240.3 239.9 239.4 232.9 240.5 246.2 250.3 250.7 248.8 244.4 237.9 239.4 249.8 255.5 260.8 264.2 267.5 269.5 270.3 271.1 271.5 272.1 272.6 273.2 273.1 273 270.8 269.9 272.6 273.7 276.5 280.5 284.8 289.8
178.5 176.1 172 169.7 166.4 158 152.5 147.3 142.3 144.6 147.3 153.2 159.2 165.6 172.7 179 184.3 189.1 191.8 192.4 195.8 201.1 205.4 209.3 213.6 218.4 223.9 229.7 235.3 239.8 243.3 245.9 247.5 248.3 248.6 248.7 248 246.8 245.7 244.7 243.4 242.1 240.3 238.9 238.4 237.1 234.8 239.1 245.4 250.5 250.8 248.5 246 241.3 236.6 237.9 246.4 255 259.6 263.2 266.8 268.7 269.8 270.7 271.4 271.9 272.4 272.8 272.9 272.4 270 270 274.7 276.6 277.9 279.4 283 287.4
172.9 170.3 167.2 164.2 160.7 148.1 142.7 141.1 144.4 151.3 156.2 161.2 167.2 173.2 179.6 185.3 190.4 194.8 197.2 197.4 200.1 204.7 208.8 212.7 217 222.3 227.4 233.7 239.2 243.3 245.9 247.4 248.7 248.3 247.9 247.4 245.8 244.3 243.2 242 240.4 239.2 237.4 235.9 234.6 234.2 236.6 247.6 252 252.7 250.3 247.3 244.1 240.6 236.6 238.8 245.9 254.3 258.8 262.1 265.4 267.4 268.8 269.4 270 270.6 271.1 271.7 272.3 271.6 269.2 271.3 276.6 278.5 279.9 280.8 283 286.3
167.9 165.2 163.9 159.2 151.1 136.8 146.2 153.3 157.3 159 163 169.1 175.2 181.2 187.2 192.1 196.4 199.9 201.9 202.1 203.9 208 212.7 216.8 220.9 225.6 230.7 235.8 241.2 244 246.2 247.7 247.7 247.3 247 245.5 243.9 242.3 240.3 238.5 237.5 236.3 234.4 232.7 229.7 227.3 241.2 250.3 253 252.8 250.2 247.2 243.8 241.1 237 237.8 246.2 254.9 258.5 261 263.7 265.2 266.5 267.7 268.6 269.1 269.9 270.4 271.2 272 267.2 272.2 278.5 280.5 281.9 283.5 284.8 286.8
164.3 163 161.8 151.1 137.1 146 154.5 161.5 166.6 167.9 170.7 177.3 183.2 189.2 194.3 198.8 203 205.6 205.7 206.3 208 212.2 216.8 221.1 224.9 228.3 233.4 238.5 242 244 245.4 246 246.3 246.3 245.2 243.6 242 239.6 237.2 235.1 234.6 233.3 231.4 229.5 227.1 226 239.8 248.7 251 251.1 248.9 246 243.8 241.3 237.2 238.9 248 253.8 256 259.1 261.4 263.3 264.5 265.6 266.8 268.1 268.7 269.1 271 271.5 265.1 275.5 280 282.4 284 285.4 286.4 288.2
162.4 160.9 157.1 138.9 139.2 150.3 160.4 167 174.1 179.1 182 186.7 192.2 196.6 201.2 205.2 207.2 208.3 209.1 209.2 211.5 216 221 225 228.3 231.3 235.6 240.2 242 243.4 244 244.3 244.7 244.8 243.4 241.7 239.1 236.5 233.8 231.3 231.1 230.2 228.3 226.4 223.5 229.9 241.4 246.7 247.9 247.3 245.1 243.3 241.9 240.5 237.4 238.6 247.6 251.8 253.3 256.6 259 261.2 262.9 263.6 265.9 267.2 267.9 268.5 270.9 269.5 268 278.2 281.8 284.3 286 286.9 287.8 289.5
159.6 153.5 147.1 133.7 140.5 154 166.5 175.3 181.9 188.7 193.1 197.2 200.4 204.1 206.4 207.7 208.9 210 210.7 211.2 213.5 218.3 223.3 227.1 230.8 234.3 237.8 240.9 242.2 242.8 242.9 243 243.3 242.6 241.2 238.5 235.5 232 229.4 228.2 229 228.4 224.7 221 225.3 238.9 242.5 243.3 243.8 243.3 241 238.9 239.6 239.8 237.1 238.8 245.8 249.5 251.3 253.8 256.4 258.6 259.7 262.2 263.9 265.7 266.2 268.1 270.8 267.1 272.5 280.1 283.2 285.7 286.9 287.2 288 289.5
153.9 142.4 137.5 134.6 144.4 158.2 171.3 182.4 191.1 199.1 200.4 200.7 205.6 207.6 208.3 208.9 210.2 211.6 212.2 212.6 214.6 219.7 225.4 229.2 232.8 236.2 239.5 241.5 242.4 242.7 242.5 242 241.5 240.4 238.1 235.1 231.1 226.8 225.8 225.9 227.3 219.3 219.6 224.2 233.5 241.2 241.1 240.7 240 239 236.8 235.8 237.6 238.2 235.9 234.9 242.1 246.7 249.3 251.9 254.3 256 257.8 260.4 262 265.7 265.5 267.8 271.4 265.9 273.9 280.2 283.4 285.4 286.4 286.5 287 289.3
148.2 138.8 132.1 137.9 150.8 164.5 177.5 188.7 197.1 203.6 202.8 209.6 208 208.7 209.6 210.3 211.4 212.5 213.4 213.9 216.3 222.4 228.2 231.4 234.3 237.5 240.2 241.9 242.4 242.8 242.3 241.7 239.7 237.2 234.7 231.4 227.4 224.4 223.8 223.7 221.1 214.7 232.1 236.6 240.4 240.5 239.4 238.6 237.9 237.4 235.6 234.5 236.2 235.9 233.7 231.9 240.6 244.4 247.2 250.2 251.6 253.3 257.1 259.5 262.9 267.2 266.7 268.5 268.9 264.4 274.9 280.3 282.4 284.3 284.5 284.7 284.8 286.7
143.8 133.7 131 149.1 162.2 173.4 184.9 193.6 198.4 204 207.4 208 208.7 209.7 210.6 211.5 212.5 213.4 214.3 215.1 218.9 225.3 231.2 234.2 236.6 238.8 241 242.3 243 243.8 242.8 241.6 239.4 235.8 231.4 227.7 224.6 222.1 221.6 220.1 211 221.9 231.7 237.1 239.5 239.1 237.6 236.5 235.9 235.4 234.2 233.7 234.5 234.1 231.6 231.6 237.7 242 245.5 246.8 250.2 253 255.5 261 265.4 267.4 267.4 265.6 267.1 270.2 276.3 279.5 281 282.3 282.5 282.7 282.5 283.9
133.4 132.7 131 153.3 171.7 183 191.2 196.4 200.3 203.6 206.3 207.5 208.4 209.4 210.5 211.5 212.5 213.8 214.8 217.5 222.5 229.2 233.6 236.3 238.4 240.4 242.3 243.5 244.5 245.3 244.5 243.2 240.6 235.5 228.4 224 221.7 219.2 218.7 215.2 211.8 222.8 229.6 235.8 237.6 236.9 235.7 234.4 233.9 233.5 232.8 232.9 232.6 232.3 229.8 229.9 235.1 239 241.1 245.2 248.9 252.9 258.2 263.7 267.3 267.3 267.5 262 266 273.2 276.4 279 279.6 280.3 280.8 282.1 283.1 284.3
134.7 131.2 135.5 158.6 175 183.7 193.1 198.1 201.3 202.8 205.1 207 208.3 209.4 210.4 211.5 212.4 213.7 216.5 220.2 225.4 231.7 235.1 237.7 240.1 241.8 243.6 245.2 246.1 246.8 246.2 245 241.6 234.7 226.4 221.6 218 215.2 214.3 211.1 213.1 221.9 228.4 234.7 236 234.4 233 231.4 230.1 229.8 230.1 230.8 230.5 229.9 228 232 236.7 241.6 245.3 247.6 251 255 260 264 267.3 267.5 259.3 267 272.5 275.2 277.5 278.8 278.8 278.8 280.1 282.1 283.9 284.9
128.7 130.2 148.5 164.7 173.1 183.8 191.8 197.8 202 202.6 203.9 206.1 207.5 208.9 210.2 211.4 212.4 213.4 216.8 221.8 227.4 232.6 236.1 238.7 241.3 243.3 244.9 246.7 247.7 249.2 249.2 246.5 240.8 231.9 223 219.5 216 212.4 208.9 205.9 212.8 221.3 227.8 234 232.8 230.3 228.4 226.5 225.7 224.6 227 228.2 228.5 228.3 229.3 234.9 238.8 243 246.9 250.4 253.7 256.7 259.5 263.3 265.2 263.5 256.8 269 273.3 276.5 278.2 278.5 277.7 277.6 279.4 281.6 284.7 286.5
135.5 138.9 151.2 160.8 172 181.9 189.8 196.1 200.1 202.5 203.6 205.2 206.7 208 209.4 210.8 212.1 213.9 215.6 222.4 228 233 236.9 239.7 242.3 244.6 246.6 248.2 249.4 250.8 250.9 246.1 236.9 227.4 220.8 217 213.5 210.9 207.3 206.4 213.1 220.4 226.9 227.6 227 224.8 222.3 221.8 221.3 221.5 223 224 224.7 227.9 231.2 234.9 239.2 243.5 247.9 251.7 254.5 257.1 259.7 261.5 258.5 254.1 262.9 269.5 273.8 277.4 278.1 277.5 276 275.7 278.5 281.1 284.2 287.6
149.5 152.7 153.8 160.8 171.3 180.7 188.4 196 200.1 202.3 203.1 204.5 206 207.5 209 210.4 211.4 212.4 214.9 221.4 228.1 233.5 237 240.1 242.5 245.5 247.8 249 249.7 249.9 248.8 243.1 232.9 224.2 219.1 214.7 211.9 209.2 204.2 205.8 212.4 219.4 222.2 221.3 220.2 219.2 218 217.8 217.2 218.2 219.2 221.5 225.4 227.8 230.8 235 239.1 243.4 247.6 251.3 254.1 256.5 258.6 258.6 251.2 262.3 269.3 272 274.8 276.7 277.6 276 274.6 273.8 277.9 281.1 284.2 287.6
159.6 161.1 161.9 165.1 172.1 180.7 189.1 197.5 200.3 201.5 203 205.1 205.9 206.9 208.4 209.6 209.9 210.8 216.8 221.9 227.8 233.4 236.7 239.5 242 244.9 247.1 247.6 247.3 246 244.7 238.9 229.6 222.5 217.3 212.6 208.7 208.5 200.8 202.8 211.6 216.7 215 214.6 214.4 214.8 214.9 214.2 213.9 214.2 216.8 221.3 225.1 227.9 230.4 234.7 239.2 243.4 247 250.4 253.2 256 258.3 255.2 252.2 266.1 270.6 272.2 273.5 275.6 275.4 273 271.4 272.5 276 280.6 283.5 286.8
167.8 169.7 170.3 171.7 175.1 183.5 192.3 200 201.7 202.5 204.3 205.3 206.2 207.2 208.1 207.7 208.5 214.8 219.4 224.9 230.3 233.6 236.2 238.8 241.4 244.3 246 245.8 243.9 241.6 239.4 235.3 227.2 220.5 215.3 211.1 208.4 206.8 202.5 198.9 203.9 208.9 211 211.5 212.5 212.8 212.7 211.9 211.3 214.1 217.1 221 224 226.7 230.9 235.3 239.9 243.6 246.9 249.4 252 254.7 257 252.1 251.5 262.6 269.2 271.4 271.9 272.7 271.7 269 269.2 274.4 278.8 281.3 283.2 286.4
178.2 180.2 179 179.1 182.2 189.6 198.4 203.2 203.8 203.6 203.7 205.2 206.4 207.3 208.1 205.8 212 217.4 222.3 226.9 231.9 234.4 236.5 237.2 240 242.8 244.4 244 241.9 239.1 235.5 230.8 224.7 217.8 211.5 207 206.4 208.3 207.1 200.1 196.5 202.3 208.2 209.7 210.8 211.1 208.6 209.5 210.6 214.3 217.9 221.2 223.7 227.3 231.8 236.3 240.1 243.8 246.2 248.7 251.3 253.9 256 251.5 248.1 259.7 266.6 269.7 269.7 268.9 266.6 265.1 272.3 277.7 281.8 283.9 286 289.9
187.2 190 188.6 186.5 190.9 198.2 204.3 205.6 205.5 204.3 202.3 203.5 206 208.2 208.4 207.3 214.1 218.9 223.7 228.8 232.6 234.9 236 236.2 238.4 241.2 242.8 242.5 240 236.5 233.1 228.2 222.2 215.2 207.6 201 204.2 205.5 206.8 205.1 194.2 198 204.5 207.1 208.2 207.6 205.6 208.1 209.9 213.7 217.5 221.2 224 227.5 232.4 236.4 240 242.7 245.6 248.1 250 251.8 253.6 252.7 243.8 257.2 266.2 268.4 267.6 265.6 262 268.7 275.3 280.8 285 287.4 291.1 296.3
