ny/ny58_OST50GRID_20230518/NY58.asc
ncols 200
nrows 200
xllcorner 350000
yllcorner 580000
cellsize 50
[rows 0 to 34 of 200, columns 78 to 155 of 200]
282.9 281.4 282 286.3 290.7 293.2 299.5 302.4 305.2 313.7 321.6 328 331 333.1 332.7 335.7 337.4 340.7 344.5 348.8 351.3 353.2 355.2 359 366.2 377 385.4 393.1 399.4 403.1 407.6 410.6 415.4 418.8 421.5 423.7 424.5 423.4 421.6 419.5 417.2 414.2 409.9 405.8 404.1 402.2 401.7 401.6 399.3 397.5 395.6 393.8 391.3 389.5 389.7 389.4 387.6 387.9 388.9 389.6 389.2 388.2 385.3 381.9 378.9 376.6 374.9 371.9 368.2 362.5 357.6 353.5 350.2 348.4 346.9 346.7 346.9 346.6
284.8 284.1 284.9 289 293.3 297.1 304.9 311.2 313.5 313.4 316.8 324.4 328.1 330.1 333.6 332.9 336.6 337.9 341 345.9 348.7 352 353.9 357 362.5 374.8 384.5 391.5 397 400.4 404.5 408.9 413.9 416.4 418.9 421.1 422.8 423.1 421.6 419.5 416.8 413.8 411 406.7 402.9 399.5 397.7 398.1 397.6 396.1 393.6 391.4 390.1 388.6 387.1 386.7 383.4 387.7 389.3 389.9 390.1 389.1 386.9 383.7 380.6 376.9 372.8 369.7 366.6 362.6 357.3 352.7 350.3 348.8 348.1 346.4 344.1 344.2
286 287.1 289.8 292.2 296 301.7 309 314.5 318.9 323.2 326.9 330.4 334.3 336.8 338.3 337.8 337.7 337.8 341.7 343.8 346.5 349.6 354.2 361 369.8 374 379.8 386.1 391.7 395.3 402.2 408 412.4 415.2 417.1 418.6 420.2 421.5 420.4 418.2 415.8 412.8 409.9 407.1 403.5 400 396.6 393.9 393.2 391.7 388.7 388 386.7 385.5 384.5 383.7 383.8 387.7 388.8 389.8 390.3 390 388.4 385.7 382.7 379.1 374.7 372.3 368.5 363.8 360.2 353.9 352.9 353.1 351.8 350.1 347.5 346
287.1 290 293.5 297.1 300.6 305.8 311.5 316.8 322.1 327.3 331.5 335.4 339.2 341.8 343.6 343.4 342.6 343 344.9 346.5 348 350.7 355.7 365.4 374.9 381.6 385.3 387.1 391.7 397.1 404.5 409.6 412.7 415.1 416 416.8 417.2 418.3 418 415.9 413.8 411.9 409.2 406.5 403.7 400.2 396.9 395.2 391.8 384.9 384 383.9 382.7 381.7 380.9 381.3 383.7 385.5 386.6 388.2 389.3 389.6 389 386.7 384.1 380.9 376.7 374.6 371.5 367.6 362.5 360.5 361.4 360.7 357.8 355.3 352.9 350
289.3 292.1 295.8 299.7 303.7 308.6 313.8 319 325.1 330.4 335 339.2 344.3 347.4 348.5 348.4 347.6 347.4 348.4 349.2 350.6 352.9 358.6 367.2 375.5 381.3 386.7 393.4 397.3 400.1 406.4 410.5 413.6 414.9 415.8 414.8 414.1 414.4 413.6 412.5 411.3 409.5 407.5 404.8 402 399.2 396.1 393.7 390.6 385.9 380.3 379.8 378.7 377.4 377.9 377.7 381 381.9 383.2 384.7 386.4 386.5 386.2 384.9 384.4 382.3 378.8 376.6 373.8 368.7 368.9 367.6 367.1 365.2 362.8 359.2 355.5 351.8
291.2 294.5 298.3 302.4 306.6 310.8 315.9 321.5 327.5 332.8 337.4 343.4 349.2 352.9 352.7 351.4 350.1 349.8 350.7 351.5 353.1 355.2 360.1 368.2 376.2 381.8 388.1 395.5 399.1 402.9 407.3 411.2 413.8 415 415.1 413.8 412.3 410.4 408.8 407.6 406.6 405.7 403.6 401.2 398.8 396.3 393.7 391.2 388.6 385.4 381.4 377.9 376.4 375.7 371.4 374.7 377.7 377.7 379.2 380.1 381.4 381.8 381.8 382.2 382.8 382.3 380.7 378.8 377.3 374.2 373.1 370.3 368.6 366.3 363.9 360.9 357.8 354.9
293.5 296.7 300.9 304.8 309.2 313.4 318.1 323.3 328.4 334.1 340.3 346.4 352.2 354 353.4 352.2 351 350.5 351.3 352.2 354.6 356.7 361.9 369.9 377.7 383.6 390 393.9 398.1 403.2 407.7 411.5 413.5 414.7 414.4 413.6 411.5 408.4 404.6 402.6 401.7 400.7 399.1 397 394.6 392.5 391.2 388.7 386.9 385.5 382.8 380.1 379.2 378.6 377.3 367.8 372.5 373.2 375.3 376.2 377.8 379.2 380.4 381.4 382.6 383.1 382.5 381.2 380.7 378.5 376.1 373.2 370.8 367.9 365.9 363.5 360.6 358.9
296.6 299.8 303.5 307.2 311.1 315.5 319.7 324.1 329.8 336.1 342.2 347.8 351.1 352.4 351.9 350.7 349.9 349.8 350.6 351.8 353.8 357.1 363.8 374.3 381.4 387.2 391.8 395.5 398.9 403.8 408.2 411.6 412.7 412.8 412.6 412 409.9 407.2 404 400.3 396 394.7 394.2 392.6 390.4 388.5 387.1 385.8 384.5 383.1 381.8 380.1 378.7 378 376.7 373.2 365.8 368.7 372.2 374.4 376.5 378.7 380.1 381.1 382.4 383.1 383.7 383.5 382.7 379.9 377.9 375.8 372.7 369.9 368 366.1 364.5 362.9
298.6 301.9 305.7 309.5 313.4 316.7 319.6 324.7 331 337.2 342.4 346 348.5 349.9 350.4 349.7 349.5 349.3 349.8 351.5 353.8 361.2 369.9 378.8 384.8 391.7 393.6 397.4 401.1 405.2 408.5 410.9 410.8 410.7 410.3 408.9 406.8 404.4 402.2 399.8 394.7 390 388.8 388.2 385.9 384.3 382.8 381.6 380.5 379.3 378.1 377.3 376.2 375.3 374.6 373.1 365.2 367.6 371.7 374 376.2 378.5 380.6 381.7 383.6 384.7 385.1 384.8 384 380.6 378.8 377 374 372.2 370.7 368.5 368.2 368.7
300.3 303.9 307.7 310.8 313.9 316.9 319.2 325.4 331.7 337 340.7 343.7 346.1 347.6 349 349.1 348.9 348.7 350 352.5 355.9 364.8 373.9 382.1 388.5 394.4 396.4 399.6 403.4 406.2 408 408.5 409 408.4 406.8 405.1 403.3 400.5 398.6 396.5 393.6 389.9 384.8 381.4 381.1 379.9 378.5 377.5 376.4 375.3 374.2 373.2 372.4 372 371.6 370.1 363.1 367.3 371.3 375.1 377.5 379.9 383 385.9 387.6 388.7 389 387.5 385.5 381.4 379.7 377.8 375 373.9 372.8 372.4 371.8 372.7
300.9 304.5 307.5 310.2 312.7 315.2 318 324.4 331.6 335.6 338.3 341.2 344.3 345.9 347.2 347.7 347.9 349.3 351.6 354 357.2 366.3 375.5 382.7 389.1 394.4 398.5 402.5 404.8 407 408.1 408.6 407.6 408 406.4 401.8 398.8 395.4 393.3 392 389.9 387 383.4 377.5 374.8 375.1 374.2 372.9 371.6 370.5 369.8 368.5 368 367.7 367.3 365.3 361.6 366.7 372.4 376.5 380.5 383.6 386.5 389.2 391 391.3 391 390 387.5 384 381.4 378.6 376.7 375.4 374.3 374.3 374.5 375
300.3 304.4 307.2 308.9 311 313.5 315.6 321.1 328.6 331.8 334.5 338.6 341.9 344.2 345.4 346.3 348.4 350.8 353 354.8 358.9 366.2 374.3 382.6 390.6 395.9 401.2 405.1 408.2 410.1 407.9 408.3 408.9 407.7 404.4 400.9 395.6 390.3 386.3 384.8 384.5 381.8 378.7 373.9 368.1 368.9 368.4 367.5 366.6 365.9 365.3 364.1 363.4 363 362.2 358.8 360.1 365.3 373.3 379.1 383.5 387.3 389.6 391.3 392.1 392.6 392 390.9 389.4 386.8 385 382.1 378.5 376.8 376 376.1 376.7 377.2
300.3 304.4 305.9 306.9 308.2 309 311.2 316.4 319.5 326.6 334.5 337.2 339.6 343.3 346 348.1 351 353 354 355.1 359.2 366.9 375.1 384 391.5 398 403.8 409.1 411.7 414.4 412.8 411.1 408.9 407.2 403.2 398.6 395.1 389.4 383.3 377.5 377 375.5 372.9 369.4 364 362.3 362 362 361.5 360.9 360.4 360.1 359.1 358.4 356.6 358.3 362.8 369 374.8 380.9 386.2 390.5 391.7 392.3 393.1 393.1 393 392.4 391.8 390.4 388.7 386.4 382.3 380.4 379.9 380.2 380.8 381.3
300 303.3 304.8 305.1 304.9 306.2 311.8 321.2 329.4 333.2 337.1 339.4 343 346.5 349.4 351.8 354.1 355.8 356.5 358.2 363.4 369.8 377.9 385.1 392.9 399 405.1 409.1 412.5 413.8 412.7 411.3 409.9 405 399.9 395.9 391.2 386.4 380.5 375.3 370.9 368.4 367.3 364.2 359.2 357.8 356.9 357.1 356.5 355.9 355.6 355.4 354.9 353.1 354.7 359.6 365.8 371.6 377.3 383.1 388.3 390.8 391.6 392.9 393.7 393.7 393.6 393.5 393.4 392.9 392.1 389.2 385.6 384.3 384.2 384.5 384 383.6
299 301.4 303.1 302.1 303.2 308.9 314.3 323.7 329.6 335.5 339.5 342.4 346.8 350.5 352.3 354.7 358.2 361.1 362.9 364.6 368.4 373.2 381.5 387.7 394 399 404.5 409.5 410.7 412.5 411.8 409 405 399.8 396 392.1 387.3 382.5 377.9 373.5 368.7 365.2 363.1 359.5 356.2 353.8 353.5 353.4 353.2 353 352.3 351.1 350.6 352.1 355.7 360.6 368.5 373.8 378.6 383.7 388.2 389.8 390.9 392.1 393.5 394 393.8 393.6 393.3 392.6 391.8 391 389.1 388.1 388.1 388 386.4 384.8
301.7 299.8 300.2 303.2 306 309 314.8 323.9 329.8 337.3 339.7 343 346.7 348.6 351.6 355.9 360.6 365.4 367.4 369.4 374 378.2 383.1 389 393.8 397.3 404.3 407.5 408.9 408.7 405.9 400.1 396.6 393.5 390.4 386.9 383.5 378.7 374.1 369.8 365.6 363.7 362.1 358.2 355.1 352.5 349.9 350.9 350.8 351 350.3 348.3 351.4 353.7 357.4 363.2 368.2 372.7 377.1 381.9 386.1 388.2 390 391.2 392.4 393.3 393.3 393.1 393.1 391.8 390.7 390.3 389.5 387.8 386.5 386.3 385.7 384.2
303.2 303.3 304 304.4 305.8 308 314.5 320.8 326.6 333.7 336.4 340.1 342.7 345.4 349.2 354.3 360.4 366.2 370.8 373.4 377.6 381.1 385.7 389.8 392.8 396.5 399.5 400.7 399.4 395.8 393.5 391.1 388.7 386.8 383.9 381.3 377.9 374.5 370.5 366.1 363 361.6 359.5 356.9 354.8 352.8 350.7 348.4 347.9 348.3 348.5 348.8 351.3 354.3 358.2 362.2 366.5 370.8 375 379.9 383.8 385.9 388 390.1 391 392 392.6 392.6 392.3 389.7 388.9 388.6 386.8 384 381.9 381.1 380.8 379.8
304.3 304.3 304.1 304.4 304.8 306.7 312.7 318.7 323.8 329.6 332.5 335.4 338.4 341.2 345.3 351.1 358.2 365.5 370.2 375.2 379.5 382.9 386.7 390.9 393.7 394.7 394.1 392.8 389 385.4 382 380.9 380.7 379.1 377.7 376.8 374.6 372.4 368.9 365.2 362.7 360.3 359 357.7 355.9 354 352.2 350.7 348.7 346 346.3 347.1 351.2 354.2 357.1 360 363.6 368.6 373 377.8 381.4 383.9 386.6 388.4 389.6 390.6 391.3 391.1 389.8 388.8 386.9 385.6 383.6 381.1 378.8 377.3 376.1 374.7
304.6 304.1 302.6 303.2 303.9 305.8 310.8 316.5 321.2 324.7 327.8 332.3 338.2 343.6 349 355.6 362.3 368.6 373.9 378.2 381.1 384.4 387.6 389.9 391.9 392.4 392.2 392.6 388.6 385.1 382.6 379.6 376.5 374.1 373 372.7 371.1 370.3 367.1 365.4 362.9 361.2 360 358.7 357.2 355.3 353.6 351.8 349.7 346.6 345.3 349.7 351.9 354 356.6 357.9 361.5 366.4 372.1 376.7 380 382.5 385.1 386.8 388 388.9 388.5 387.7 386.9 386.4 385.3 383.2 380.5 378.5 376.1 374.3 373.1 371.9
305 303.2 301.4 302.1 301.9 304.2 308.2 311.1 317.3 324.3 329.6 336.6 342.4 348.5 355.6 361.5 366.8 372.5 378.3 382.9 385.2 385.5 386.9 388.1 389.3 390.6 391.8 393 389.9 387.5 385.9 383.1 379.6 376 372.2 368.6 367.7 367.4 366.6 365.3 363.4 362.2 360.9 359.6 358.2 356.6 354.8 353 351.4 350 346.2 349 355.1 357.2 359.4 360.9 363.1 364.8 370.7 375.3 378.5 381 383.2 385 385.5 385.8 385.4 384.7 384.5 383.5 382.2 379.5 377.3 375.7 373.9 372.1 370.8 369.6
303.1 300.7 299.3 299.7 298.4 301 306.3 313.1 320.7 326.6 334.2 341.2 347.6 355.3 361.3 364.2 369.2 374.1 378.7 383.3 385.4 385.5 386.7 388 389.2 390.4 391 391.1 389.9 388.6 385.9 383.1 379.8 376.2 372.5 368.7 364 362.4 361.4 361.3 361.3 360.8 360.1 359.5 358.1 357.6 357.1 355.8 355.3 354.9 354.6 346 352.6 358.6 361.2 363.8 366.5 369 371.6 375.5 379.3 382 383.5 383.7 384.2 383.8 382.6 381.7 381.2 379.8 378.8 376.8 374 373.2 371.2 370.2 368.7 366.9
300.8 297.8 296.6 295.9 294.7 301.3 308.6 316.5 325.5 330.9 338.3 344.9 351.5 357.5 361.7 363.3 367.2 371.5 375.1 378.6 380.9 385 386.4 387.9 389.1 390.1 390.2 390.3 388.4 386.3 383.6 379.7 376.9 373.7 372.5 370.2 368.5 365.3 362.5 359.2 357.5 357.3 358 358.4 357.6 356.5 356 356.4 356.1 356.4 352.1 339.7 351.5 359.5 363.1 366.4 369 371.6 374.1 376 379 382.1 383.1 383.2 382.7 381.8 380.1 378.6 376.6 376.4 375.4 373.3 371.5 370.5 368.4 367 365.6 364.3
298.1 294.9 292.5 291.1 296.1 304.4 312.2 322 329.9 335.6 339.4 346.1 351.2 355.1 357.5 359.4 362.9 367.1 369.9 375.3 380 383.8 386 387.5 389 389.3 389.6 388.2 386.4 384.6 382.5 381.7 380.2 378.3 375.8 373.4 371.1 368.4 365.8 362.8 359.5 354.6 353.1 355.6 354.8 353.6 353.8 354.3 354.9 354.9 350.5 342.5 355.9 360.4 363.6 366.8 370 372.8 374.2 376.3 379 380.7 381.8 381.9 381.2 379.6 377.9 375.5 373.9 373.1 371.9 370.3 368.8 366.7 364.7 363.5 361.7 360.3
294.1 290.6 287.7 290.5 298.3 308 318.1 326.9 332.6 337.1 340 345.3 349.3 351.1 353.1 352.8 359 366 371.2 375.9 381.2 384.8 386.5 388.1 389.2 389.5 389.2 388.1 387 386 384.7 383.2 381.4 378.9 376.5 374.3 372.2 370 367.4 363.4 359.4 356.2 351.6 349.3 351.2 350.7 351.1 351.6 352.2 352.6 336.7 341.9 355.2 359.3 362.9 366.5 369 371 372.8 375 377.3 379.2 380.6 380.6 379.4 377.1 374.7 372.6 371.6 369.7 368.2 367.1 364.6 362.9 360.9 360.4 358.5 356.6
288.8 286.2 287 293.1 302.9 312.6 320.9 327.7 331.2 334.2 338.8 342.9 346.1 345.8 347.7 354.4 361.5 367.6 372.8 377.5 382.2 385 386.9 388.8 389.5 389.5 389 388.3 387.5 386.2 384.7 382.5 380.7 378 375.5 373.6 372 369.7 367 362.3 354.6 354.3 351.7 348 343.1 347.4 348.2 348.9 349.4 348.5 334.3 348.2 353.5 356.8 360 363.1 365.8 368.6 370.7 373.1 375.2 377 377.9 377.3 374.7 372.3 369.7 366.7 365.2 363.2 362.1 362.1 360.6 358.6 358.6 355.5 354.1 352.8
284.4 283.3 288.5 296.5 305.1 313.6 320.8 325.2 328.4 332.5 336.3 338.8 335.9 343.4 349.4 356.7 363.1 368.9 373.2 378.6 383.4 386.8 388.7 389.9 390.8 390 388.5 387.8 386.9 385.1 382.9 380.8 378.6 374.4 371.8 369.3 368.9 366.7 362.3 354.6 352.8 351.3 348.3 344.9 337 344.2 344.6 344.9 344.9 339.6 333.1 346.2 349.2 353 356.3 359.1 362.1 365.6 368.4 370.8 372.9 373.6 373.5 372.6 369.1 366.5 363.7 360.9 358.1 356.8 356.5 357.1 355.9 354.4 352.8 348.8 348.8 348
280.2 283 289.4 298.4 305.9 312.6 318 321.2 326.2 332.7 335.1 332.1 337.7 343.1 351.3 357.6 364 370.1 376.1 382.3 386 388.2 390.1 390.8 390.9 390 388.4 387 384.8 383 381 378.1 374.5 370.5 367.3 365 362.3 360.2 355.2 352.2 350 347 343.7 341.4 332.5 339.8 339.7 339.6 337.5 328.9 337.4 341.7 344.9 349 351.8 354.8 358.8 363.2 366 368.2 369.4 370.2 369.7 369.3 367.2 365 362 359.2 356.6 355.5 353.3 353 352.5 349.1 348 346.3 344.2 343
277.7 282.9 289.4 292.1 304.2 309 313.3 319.2 325.7 328 325.7 331.7 340.5 348 353.7 360.2 366.8 374.2 382.1 385.6 389.1 390.5 390.8 391 389.7 388.4 386.7 384.2 381.5 379.4 376.9 373.1 368.9 365 362.4 360.3 357.6 353.7 351 348.7 346.6 340 336.5 335.9 330.6 334.9 334 331.1 325.8 330.7 337.1 339.4 341.4 344.8 346.6 351.7 356.3 360.1 362.8 364.3 365.4 365.5 365.5 366 366 364.4 362.2 359.9 356.4 354.5 353.3 350.9 351.7 349.6 347.6 344 341.4 339.1
281.3 286.7 292.7 298.5 303.4 307.4 310.7 314.5 318 326.1 331.2 337.5 342.6 350.4 357 364 371 377.3 385.1 389.3 391.5 391.6 391.5 390.4 388.5 386.1 383.1 379.2 376.9 374.7 371.6 367.7 363.5 360.5 358.3 356.4 354 350.2 347.5 343.1 341.8 340.4 337.2 333.2 329.3 327.6 324.4 323.5 326 326.2 332 336.4 338.2 340.4 343.8 348.9 352.9 356.3 358 358.4 359.9 359.9 360 362.3 363.7 362.3 360.4 357.7 354.2 353.5 352.5 351.5 350.4 348.7 345.9 343 341.7 339.5
284.8 291.5 296.1 300.6 304.4 308.5 311.6 315.6 321.1 326.9 333.1 339 344.5 351.7 359.4 366.9 374.2 381.5 386.4 391.2 392.4 392.3 392.2 390.7 388.7 385.3 381.3 377 372.7 369.8 367.1 364.5 361.7 358.9 357.5 355.8 353.9 353.4 353.2 352.5 350.7 347 340.9 333 325.8 319.8 320.9 331 333.8 334.6 334.4 335.4 337.9 342.9 346.6 348.7 352.6 353.8 354.6 356.9 354.5 355.3 356.2 358 358.2 356.8 354.7 352.7 350.4 348.9 348.6 347.1 345.5 343.8 342.8 341.2 339.6 338.2
286.7 293.4 298.6 302.7 305.7 309.4 312.1 317.6 323.2 330.1 336.3 342.2 347.2 353.8 360.1 367.7 376.4 384.8 389.6 392.1 393.1 393.1 392.5 391.6 389.8 386.4 382.2 377.7 373.3 369.3 367 364.1 361.2 359.2 357.5 356.5 354.9 354.4 353.7 353.6 349.8 343.8 337.1 329.3 322 317.8 330.3 335.5 336.3 336.8 337.1 341.5 346.9 351.7 353.5 354.6 355.8 356.2 355.7 356.1 352.1 350.5 350.6 350.9 351 350.5 347.9 345.6 343.6 343.5 343.2 342.7 341.3 339.7 338.9 337.2 336.1 334.9
288.4 295.4 300.9 305.9 309.2 312.7 316.3 321.4 327 333.9 341.9 347.4 352.7 356.2 360.7 369.3 378.3 386.3 390.6 393.1 393.6 393.8 392.9 392 390.8 387.4 383 378.4 374 369.8 366.8 363.9 361.1 359 357.5 355.2 353.7 352.8 352 350.3 346.2 340.6 332.4 325.3 317.8 326.2 332.9 335.5 337.2 339.2 343.4 348.9 353.6 357.1 359 360.1 359.9 358.8 358 356.4 354.2 351.5 348.3 345.6 345 344.4 343.5 341.9 340.1 339.3 339.2 338.8 338.3 338 335.9 334.3 333.9 332.7
292.8 299.6 304.9 309.4 313.8 317.8 321.9 326.5 331.6 339.1 347.3 352.5 357.9 360 363 371.2 380.7 387.9 393 394.3 394.5 394 393.4 392.5 391.1 388.3 383.7 379.1 374.6 370.4 366.4 363.3 360.2 357.4 354.8 352.3 350.8 349.4 348 344.9 340 334.6 325.8 317.3 317.7 327.8 333.1 336.2 340.7 345 350.2 355 359.3 362.5 364.2 364.4 363.6 362.3 361 359.4 357.1 354.2 350.5 346.6 344.2 342.1 340.8 340.3 339.7 338.1 337.8 337.7 335.3 333.9 336.3 338.9 340.2 340.2
300.3 305.2 309 313.1 317.7 322.4 328 333.6 339 345.5 352.1 356.9 360.4 363.4 367.7 375.9 384.6 391.2 394.6 395.1 394.5 394 393.5 392.1 390.5 387.7 383.5 379.2 374.7 369.3 364.7 360.7 356.9 353.7 350.5 348.3 347.1 344.5 341.6 337.5 331.9 326.7 317.3 312.1 320.5 329.2 337.4 343.4 347.9 352.8 356.8 360.3 364.5 367.8 368.9 368.3 367.1 365.4 363.8 362.6 360.3 355.9 351.2 349.3 348.1 346.7 345.8 345.2 343.4 340.7 339.2 339 339.6 340.1 340.4 342.5 345.8 348.2
304.7 309.8 312.7 316.5 320.8 326.1 332.1 337.8 344.5 350.6 355.9 360.1 363.2 368 373.1 380.6 386.9 391.4 394.1 395.1 394.5 393.9 392.8 391 388.8 385.1 381.7 378.2 372.6 366.9 361.3 356.6 352 348.4 345.7 343.3 341.1 338.1 333.9 329.7 323.8 317.2 311.4 316 325.7 337.7 346.4 352.7 356.8 360.7 363.2 365.5 369.3 371.8 372.4 371.2 369.7 367.8 366.8 365.6 363.5 359.1 356.4 356 354.5 353 352 351 349.5 347.7 346.1 345.8 345.8 345.4 344.5 348.4 351.5 356.6
