ny/ny58_OST50GRID_20230518/NY58.asc
ncols 200
nrows 200
xllcorner 350000
yllcorner 580000
cellsize 50
[rows 35 to 69 of 200, columns 78 to 155 of 200]
307.2 312.8 316 319.3 324.5 329.8 336.2 342.3 348.5 354 359.1 362.8 366.5 371.3 376.4 382.3 387.1 390.5 393.2 394.9 394.2 393.4 391.9 389.5 385.6 381.7 378.5 374.9 368.9 362.9 357.2 351.8 347.1 342.7 340.2 337.6 335 330.5 326.2 322 317.4 311.7 311.5 320.9 332 344.3 352.7 358.4 363.1 366.3 368.6 371.3 373.1 373.6 373.3 372.3 371.2 371 370.8 369.6 366.6 362 362 362.6 361.1 359.6 358.3 357.3 355.8 354.1 353.1 353.5 352.7 352.3 350.5 359.2 360.4 362.8
309.6 314.4 318.2 321.9 326.2 333.5 340 345.7 351.1 356.6 361.3 365.5 369.7 373.5 377.1 381.9 386.2 389.5 392.2 393.4 393.2 392.1 389.6 386.1 382.1 378.1 374.7 371.5 365.4 359.5 353.4 347.7 342.8 337.6 334.4 331.9 329.7 325.7 320.2 316.1 313.6 306.8 315.9 325 335.9 348.3 357.5 363.6 368.5 371.3 374 375.7 376.4 376.2 375.4 374.6 374 374.3 375.1 374.7 373.2 370.9 370.1 368.8 367.7 366.2 364.6 363.6 362.2 361 360.1 360.6 360.7 361 362.3 366 368.8 370.5
313.5 316.4 321.2 325 330.2 337.5 343.7 348.3 353 357.8 362.6 366.1 369.5 373 377 381 385.3 389 391.3 392.3 392.2 389.9 385.8 382.7 378.6 374.3 370.5 367.3 362.3 357.1 351.6 346 340.1 333.6 329.3 326.7 324.4 321.3 317.7 314.2 305.4 315 323.8 332.4 341.8 354.2 362.5 369.3 373.5 376.5 379.3 380.7 380.1 379.7 378.8 379 379.2 379.7 380.5 381.1 380.3 378.5 376.9 375.3 374.1 372.7 371.2 370.5 369.5 367.9 366.9 367.4 368.2 367.5 370 370.8 379.2 386.7
317.2 319.3 322.7 329.6 334.4 341.9 347 350.4 354.4 358.9 362.6 366 369.6 372.7 376.6 380.6 384.8 388.6 390.5 391.3 390.8 387.6 383.7 379.8 375 370.2 365.8 362.5 359.3 354.7 350 344.2 338.1 331.4 327.3 323.8 320.4 317 314.4 312.9 304.2 317.1 327.8 336.9 349.1 360.7 368.7 374.3 377.7 380.4 383 384.3 383.8 384 383.7 384.4 385 385.3 386.1 386.8 386.5 385.4 383.7 382.1 380.4 379.2 377.9 377.2 376.2 374.4 373 373.5 372.2 375.4 378.5 376.6 391.2 399.9
320.6 323.6 328.2 333.7 337.4 344.2 350.1 352.3 355.5 360.4 364.5 368.4 372.2 374.4 377.5 381.5 385.8 388.8 390.6 390.9 388.3 384.2 380.3 376.7 370.9 365.3 361.5 358.5 355.5 351.6 347.9 343.6 338.3 332.5 327.6 323.1 319.2 315.6 311.9 307.4 303.2 320.6 332.4 343.5 356.4 365.8 373.5 379.1 381.5 384.1 386.6 387.6 388.3 389.2 390.2 390.9 391.6 392.1 391.7 392.2 391.8 391.3 389.9 388.6 387.2 385.7 384.6 382.6 381.2 381 379.3 380.3 383.4 388.7 395 388.9 397.4 406.3
323.6 328 332.8 337.4 342.8 347.7 351.7 355.2 359.1 363.9 368 371.2 374.6 376.7 379.1 382.4 386 388.8 390.1 388.3 383.8 380 376.2 371.7 365.8 359.9 357.1 354.1 351.3 348.2 344.7 341.1 337.3 332.5 327.9 323.4 318.9 315 311.4 301.3 311 322.9 335.8 348.9 360.4 369.4 377.1 383.1 385.3 388 389.7 392.7 394.4 395.8 396.7 397.4 398.2 398.9 398.3 397.2 396.2 395.2 394.8 394 392.9 391.4 389.4 387.2 386.2 386.4 388.1 392.1 398.5 402.6 401.3 397.9 402.8 409.9
326.3 330.5 335 339.6 344.3 349.2 353.6 358.2 362.9 367.7 371.4 374.4 376.8 379.1 381.3 382.6 384.6 385.8 386.5 382.4 377.9 373.8 370.1 365.5 360 354.5 351.8 348.9 346.3 343.8 341.1 338.3 335.1 331.7 326.4 321.3 316.5 311.8 305.8 301.4 315.1 327 340 352.8 363.8 373 379.5 385.4 389.1 391.6 395.2 398.3 400.8 401.7 402.4 403.4 404.4 404.4 403.5 401 399.2 398.7 398.3 397.5 396.8 396.4 395.4 393.6 394.9 398.3 401.9 405.2 409.7 412 411 411.4 414.2 421.5
328 332.2 336.7 341.3 346 351.7 357 361.9 366.7 370.5 373.6 376.4 378.7 380.4 381.7 382.3 382.3 383.1 380.3 376.1 372 367.7 363.5 358.1 352.9 349.1 346.7 344.7 342.7 340.7 338.1 335.2 332.3 327.9 322.3 316.2 310.9 305.4 300.4 305.9 319.6 331.5 345.3 358 368 376.1 381.3 386.9 390.8 394.5 398.7 403 405.7 407.2 408 408.1 407.1 405.3 403.9 402.3 401.2 401.3 401.5 401.3 401 404.9 406.1 407 408.8 411.5 414.6 417.8 419.9 421.2 422.1 422.4 423.4 427.9
328.5 333.4 338.1 342.8 348.3 354.3 359.7 364.4 368.6 372 375 378.1 380.3 382.1 382.4 381.1 380.2 377.5 374 370 365.8 361.6 356.4 351.6 347.5 345.8 343.8 341.6 339.6 337.6 335 332.2 329.1 324.8 319 312 305.7 298.1 297.7 312.6 324.3 336.2 350.3 362.5 372.1 378.8 383.5 388.9 391.9 396.1 401.3 406 409.3 410.9 411.2 409.8 407 404.6 403.4 402.2 401.5 403.1 404.3 406.1 408.9 413.4 415.3 417.7 420.1 422.3 424.8 427.7 429.1 429.7 429.3 429.2 431.6 433.3
329 334 338.8 344.2 349.8 354.8 359.8 364.9 369.3 373.2 376.3 379.9 383 384.1 383.2 381.2 377.4 372.7 368.7 364.5 360.3 355.7 350.4 346.4 344.6 343.1 341.1 338.8 336.5 334.5 332 329.2 325.9 322.1 315.6 308.3 299.8 296.9 304.6 317.3 329.4 341.4 354.8 366 374.8 380.9 386.7 392.4 395.1 399.2 403.7 407.8 410.5 412.2 412 409.3 406.5 404.1 402.7 402.6 403.5 405.9 409.5 412.3 417.6 421.4 424.2 426.8 429.4 432.8 434.9 436.5 437.9 437.9 436.8 436.1 437.6 439.3
329.3 334.4 338.9 343.8 349.7 355 360 365.2 369.8 373.9 377.9 381.8 384.2 384 382.4 378.9 374.3 369 363.5 359 354.6 349.8 345.7 343.6 341.9 340.4 338.4 336.1 333.8 331.5 329 326 322.4 318.6 312 304 294 298.9 308.7 321.4 334.2 347.3 359.1 368.7 376.4 383 390.3 395.3 400.7 403.6 406.3 408.6 411 412.5 411.3 408.1 405.5 403.5 403.4 404.8 409.3 414.7 418.5 422 425.9 430.7 433.2 435.9 438.2 440.5 442.1 443.7 445 444.8 443.3 443 446 448.6
329.5 333.8 339.6 344.7 349.8 355.2 360.4 365.5 370.3 374.4 378.4 381.7 383.1 382.2 380 375.6 371.1 365.8 359.3 354 349.1 345 343 341.3 339.6 337.9 335.9 333.6 331.4 329 326.2 322.8 319.4 314.5 307.6 298.6 292.4 302.4 316 326.3 338.6 351.8 362.4 370.8 377.2 383.7 391.5 398.6 404.3 406.6 407.2 408.7 410.2 410.7 409.6 406.7 404.1 404.7 408.2 412.2 417.5 423.1 426.8 430.2 433.8 437.9 440.3 442.6 445.2 447.6 449.2 450.2 451.2 451.6 450.1 450.7 454.4 457.6
331.6 337.5 343.4 348.6 353.3 358.1 362.5 367.1 371.4 375.2 378.2 380.2 380.6 379.5 376 371.3 367.1 362.3 356.5 349.6 344.7 342.3 340.8 339.2 337.5 335.8 333.8 331.5 329 326.2 323.5 320.1 314.8 308.4 300.9 289.3 298 308 320 331.4 343.1 354.8 365.3 372.3 378.1 384.3 392.9 399.8 405.3 406.7 407.2 408.2 409.2 408.8 408.2 406 406.9 412.9 417.1 420.8 425.9 431.6 435.6 438.6 441.5 444.6 446.6 449.1 450.9 452.7 454.1 454.9 458.2 459.3 459.1 460.2 463.2 465.3
335.3 341 347.1 352.4 357.1 361.2 365 368.2 372.5 375.8 377.7 379.3 377.8 376 371.7 367 362.7 358.2 351.4 344.9 341.6 340.2 338.7 337.2 335.4 333.7 331.7 329 326.2 323.5 320.7 316.5 311 304.2 297.1 287 304.4 311.5 323.8 336.2 348.3 358.4 367.7 373.5 379.2 388.3 395.9 398.9 402.2 403.9 405.6 408 408.9 408.9 408 406.7 411.7 418.8 424.2 429.4 434.4 440.2 443.8 446.4 448.9 450.3 453.3 455.5 457 458.7 460.5 463.2 466.4 467.5 467.9 469 470.5 471.5
337.9 344.2 350.1 355.1 359.5 363.4 367.1 369.9 373.7 376.1 377.7 378.1 376.2 372.9 368 362.7 358.2 352.5 346 341.7 339.9 338.5 336.6 335.1 333.4 331.6 329 326.2 323.5 320.7 317.7 313 307.2 299.6 291.8 286.4 307.1 317.5 328.1 342 353.1 362.3 370.3 377.3 383.8 390.7 394.7 397.9 399.1 401.7 405.5 407.6 408.5 409.2 408.4 411 418.4 425.7 430.6 436.2 443.7 447.8 451.9 454.5 456.6 455.3 459.4 462 464.1 466 468.8 471.4 472.9 474.7 475.3 475.9 476.3 475.4
340.1 346.1 352.2 356.7 361.3 365.5 369.1 371.9 374.7 376 376.4 376.6 373.3 369.5 364.9 359.3 353.4 347 341.7 339.3 338.1 337 335.4 333.5 331.3 329.3 326.6 323.6 320.7 318 314.4 309.1 303.2 294.4 284.1 294.6 312.4 326 337 346.4 355.9 363.9 371.1 377.2 382.2 388.8 392 394.9 397 402.4 405.6 406.9 408.2 409.8 411.9 416.6 423.6 430.4 435.5 441.7 449.7 454.6 459.1 462.1 463 460.4 465 467.3 469.8 472.4 475.3 476.9 478.9 480.6 480.9 480.9 479.4 478
341.4 347.3 352.8 357.4 362.2 366.3 369.3 371.9 373.8 373.5 374 372 368.8 365.4 360.5 354.8 348.6 342.8 339.4 337.9 336.5 335.3 334 331.6 329.3 327.1 324.2 321.2 318.2 314.9 310.2 303.6 295.7 285.4 287.6 306.2 319 329.4 339.3 347.9 356.3 363.3 370.3 376.5 381.3 385.2 387.9 392.1 396.7 402.5 405.1 406.4 408.4 411.4 415.6 420.5 427.8 434.2 439.3 447.9 457.7 462.3 465.6 468.6 469.6 468.4 471.4 473.7 475.2 477.9 480.4 482.3 484 485.1 484.9 482.5 480.3 478.6
342.9 348.3 352.1 356.4 361.1 364.5 366.7 368.6 370.6 370.4 369 366.5 364.2 360.7 355.4 349 343.6 340.1 338.5 336.9 335.5 333.8 332.6 329.7 327.3 325 322.3 318.9 315.8 310.4 301.6 293.2 285.6 278.9 296 311.5 321.1 330.1 339.2 347.7 356.2 363.1 369.4 375.9 379.8 380.6 383 389.9 397.1 401.7 404.9 406 409.2 414 418.9 424.6 431.7 437.8 445.5 455.8 465.6 470.7 472.4 474.1 474.8 475.1 477.3 480.2 483.3 485.7 488.1 489.8 489.6 488.8 486.8 484.2 481.1 478.6
343.9 347.5 350.7 354.2 357.7 361 362.7 364.2 366 365.4 363.8 360.5 358.6 355.4 349.5 343.2 340.5 338.5 337.3 336.1 334.7 332.7 331 328 325.5 322.8 319.9 316.4 310.9 304.4 296.3 284.8 275.2 280.3 299.5 311.9 321.1 329.7 338.5 347.8 355.8 361.2 366.3 371.5 375.1 375 383 389.7 395.3 399.7 402.4 405.7 410.6 416.3 421.8 429.2 436.2 443.5 451.1 460.5 469.2 474.6 478 479.1 479.2 480.3 482.9 486.2 489.3 491.5 493.7 494.3 492.8 490.9 487.6 484.4 481.5 479.1
344 346.8 349.2 351 354 356.3 357.7 359.3 360.8 360 357.4 353.9 352.5 350 344.6 339.9 337.8 336.5 335.8 335.3 333.9 332 329.7 326.4 322.8 319.2 315.3 311.1 304.8 298.3 292 280.9 272.4 288.2 296.4 308.6 318.4 327.6 338 347 354 357.9 361.9 363.6 367.1 374.5 382.2 386.8 389.2 396.4 402 407.1 413.3 419.1 425.3 432.9 441.2 448.8 458.1 466.5 474.4 477.9 480.5 481.6 482.5 486.5 489.9 492.6 494.4 496.5 497.1 496 494.6 491.8 488.1 484.5 482 479.6
343.4 344.8 346.1 347.4 349.1 351.1 352.6 353.9 353.9 353.3 351.3 347.4 345.6 343.2 338.8 335.6 334.2 333.7 333.2 332.9 332.4 330 326.9 322.9 318.8 313.3 308.9 304.1 298.1 292.2 286.6 277.6 269.1 282.2 294.5 305.3 315.1 326 337.4 344 349.3 354.7 356.1 354.5 366 371.5 372.6 378.8 390.1 397.4 404.4 411.7 417.8 423.2 428 435.2 444.2 452.9 462.6 471.2 476.5 480 482.3 484.3 486.7 491.6 495.9 497.8 498.6 498.8 498.2 496.9 494.1 490.5 487.2 484.2 482.2 480.1
341.6 342.1 343 344.1 345 346.4 347.8 348.9 348.9 347.8 345 340.9 338.4 335.8 333.2 330.8 329.5 329.5 329.5 329.4 328.6 326.1 322.3 317.5 312 306.3 300.9 296.2 291.1 285.5 279.5 272.1 267.7 283.3 293.3 302.9 310.9 323 333.1 335.2 341.7 346.3 343.2 351.6 354.4 350.8 360.3 376.7 390.5 400 408.3 415.3 420.5 426.2 433 440.2 449.2 457.1 464.6 471 477.1 481.1 485.5 488.7 492.2 496.4 499.6 500.3 500.1 499.8 499.1 497.7 494.4 490.5 486.5 483.5 481.7 480.2
339.1 339.5 340 341.4 342.5 343.6 344.8 345.4 344.3 341.3 337.8 333.9 331.1 328.6 326.3 324.4 323.5 324.2 325.1 325.3 324.7 322.1 317.3 311.9 306.6 300.4 295.1 288.8 283.5 278.5 272.4 265.5 270.2 283.5 292 300 308.8 317.2 320.4 321.6 326.8 329.6 325.2 338.1 353.6 364.9 376.1 385.4 395.3 403.4 411.6 419.1 423.9 429.3 437.8 446.7 454.9 461.6 466.7 472.7 479.5 485.1 490.2 493.8 498 500.9 501.7 502 502.1 501.3 500.1 498.1 494.4 490.4 486.2 482.9 481.4 479.1
336.2 336.6 337.2 338.7 340.3 341.8 342.3 342.2 339.1 334.3 329.9 326.2 323.2 319.8 316.1 311 316.3 319.7 320.9 321.1 320.6 316.7 311.7 306.4 301.2 295.3 289.1 281.5 275.5 270.5 265.1 262.7 270.9 277.7 285.8 291.5 299.5 305.5 308.8 303.7 311.7 317.1 337.8 352.2 363 372.9 382.8 391.9 402.3 410.9 417.9 422.2 428.3 435.3 443.7 452.4 460.6 466.7 470.7 476.3 482.8 489.2 494.4 499.4 503.6 505.1 504.7 506.1 506 504 501.1 497.5 493 489.2 485.8 482.3 479.8 477.4
333.3 333.5 334.4 336.8 338.5 339.8 339.9 339 333.5 327.3 322.3 318.5 315.3 311.3 305 302.6 307.1 310.1 314 315.7 315.5 310.5 305.5 300.5 295.6 289.9 285.2 279.2 272.7 262.9 261.1 267.2 276.4 277.5 276.2 290.6 293.1 290.9 304 315.4 330.5 341 336.3 358.2 370.8 380.9 389.2 399.3 408.8 415.6 422.3 427.2 432.4 440.9 451 458 465.1 471.3 474.6 480.9 487.1 492.2 498.5 502.5 503.8 504.8 506.5 506.6 505.6 503.2 500.5 495.3 491 486.5 482.5 479.9 477.3 474.6
329.6 329.8 330.6 333.5 336.1 337.1 336 333 327.1 319.8 313.6 310.3 306.3 302.2 295.9 294.9 295.9 301 304.9 309.2 307.6 303.4 298.3 293.7 290.1 284.3 279.4 275 266.3 259.4 264.4 274.9 283.6 290.1 298.2 309.1 310.9 307.6 310.2 329 342 348.9 348.3 362.8 369.9 385.4 395.9 405.1 413.5 420.2 426.6 433.1 439.3 446.5 453.8 461 468.5 473.7 479.7 486.8 493.8 497.7 500.5 502.9 505.4 506.2 506.6 506.9 504.9 502.5 500 494.5 488.3 482.4 478.2 475.7 473.1 470.5
325.6 326.3 326.9 330 332.3 331.9 330.4 326.4 317.5 313.8 309.4 303.4 295.9 292.5 292.3 289.6 289.1 289.9 296.3 301.6 299.5 294.1 291 286.8 283.2 278.5 273.8 268.6 261.1 258.7 269.6 280.9 291.4 302.6 313.3 321.3 326.2 325.9 315.7 337.7 348.5 356.7 364.2 366.5 380.9 386.5 399.8 409.5 417.5 424.3 430.5 438.2 446.2 453.2 459.2 464.9 471.4 478.3 484.9 490.8 494.5 499.3 503.1 506 508 507.9 506.7 505.5 504.3 501.9 499.1 494.8 489.6 483.6 478.1 474.7 471.6 469.6
320.9 320.5 324.2 326.8 327.8 326.6 324.5 318.3 313.5 309.1 304.7 298.7 292.6 284.5 284.9 283.4 281 282.7 287 290 286.9 283.6 281.9 280.2 276.8 272.5 267.7 261.1 255.4 261.7 272.2 287.4 301.4 312.4 321.6 328.6 334.1 337 338 333.7 354.7 364 373.3 380.6 386.8 395 401.9 410.1 417.8 424.4 434 444.2 452.8 460.1 466.9 470 475.9 483.3 489.4 493.5 497.1 501 505.1 507.4 508.9 509.1 507.5 505.7 503.9 501 497.8 493.8 488.6 483.5 479.2 475.8 472.3 468.8
316.5 316.2 321.2 322.2 321.7 320.4 317.7 311.1 307 299.5 294.8 290.7 284.4 275.5 274.8 273.5 272.8 273.5 275.1 275.8 275 274.2 272.7 271.2 269.1 265.8 260.5 256.4 256.7 263.2 281.2 296.2 309.2 319.7 328.6 335.4 341.2 346.1 348.7 352.5 356.8 365.2 378.7 383 391 400.2 408.2 415.9 423.9 431.9 438.1 447.7 456.9 464.5 470.7 476.1 480.7 487.3 492.3 496.1 499.8 503.9 506.7 508.3 509.5 510.1 508.5 505.5 502.5 499.6 495.6 491.2 486.8 483.1 479.2 476 472.1 467.4
311.7 309.8 314.7 315.9 314.4 310.1 304 298.8 293.6 289.2 285.2 280.5 275.1 267.3 264.5 262.7 257.6 262.2 263.5 263.5 264 263.7 261.8 261.2 259.7 258.2 254.3 252.9 258.5 272.9 291.2 306.8 317.6 327 335.7 341.9 346.8 351.6 356.7 361.7 363.4 369.7 377.9 385 395 405.3 415.2 422.8 430 437.5 445.3 452.9 460.2 466.8 474.3 480.5 486.3 492.3 496 499 503 507 509.1 509.3 510.1 508.6 506.5 503.4 500.4 496.6 491.8 487.6 483.1 479.8 476.2 473.5 469.5 465.5
304.7 301.3 310.3 308.8 303.2 297.6 293.6 289.4 284.9 280.7 277.1 271.6 263.6 255.4 250.4 249.3 249.1 250.7 253.2 252.9 252.1 252.3 251.4 251.6 252.4 251.2 252.4 257.2 265 279.5 296.9 312 322.6 332.1 340.6 345.9 350.3 355.5 362.5 368.6 374.4 380.6 386.2 389.9 399.3 411.3 422.7 429.3 436.6 443.2 449.7 457.1 464.1 470.9 476.6 482.4 489.6 493.8 498.6 501.4 504.7 509 510 508 506.3 504.7 502.7 500.5 498.6 495.5 490.6 485.8 481.7 476.5 470.3 467.6 465.5 461.4
299.2 298.3 299.9 298.5 291.6 286.1 281.6 277.9 274.2 269.7 263.9 257.2 248.2 240.1 237.3 238.5 240.1 241.6 243.4 243.9 243.2 244 245.9 246.7 246.9 250 258.9 265 273.5 279.8 296.4 314.8 326.7 338 342.7 348.9 354.2 360 366 372.8 381.2 387.9 394.9 400.7 407.1 416.2 427.5 434.1 442.1 448.8 454.9 461 468.1 474.8 481.1 485.6 490.1 494.4 499 502.9 506 508 508.2 506.6 504.2 501.8 500.5 499.7 499 496.2 491.5 486.6 481.9 477.1 471.9 465.8 454.6 455.2
289.3 291.5 292.2 285.6 278.5 272.8 270 266.5 261.1 254.8 249.3 240.7 234 235.3 236.9 242.6 240.1 239.4 243.6 244.1 247.9 253.4 255.3 260.4 259 266.6 271.2 274 277.1 288.8 308.7 312.2 330.2 337.6 344.7 351.6 358.3 365.8 371.5 378.7 387.5 395.1 402.2 408.4 412.3 420.6 430 438.8 448.3 455.6 460.3 465.2 472 478.8 485.6 490.7 495.3 499.4 503.1 506.5 509.4 508.6 506.9 504.3 502 500.3 499 498.1 496.6 494.3 489.4 484.5 479.1 474.4 467.3 461 452.9 443.5
279.5 283.4 282.6 274.4 266.5 259.3 256.2 250.4 243.7 238.3 234.1 232 235.3 241.9 248.9 255.7 256.9 261.2 260.7 260.2 264.7 267.5 268.6 275.1 262.6 276.9 283.1 288.4 298.1 301.3 307 326.8 336.1 341 343.3 352.2 361.6 369.5 377.2 385 393.8 402.2 408.9 414.9 420.4 425.8 436.6 445.6 454.3 461.1 466.2 471.5 476.6 483.6 490.9 496.4 500.4 503.3 507.2 510 511.8 509.6 505.6 503.2 501.2 499.7 498.2 495.4 493.6 490.4 486.8 481.6 476.6 468.6 460.2 453.6 448.9 443.9
264.7 275.7 270.7 263.9 252.7 248.2 242.6 233.2 229 228.3 232.5 239 245.9 250.5 261.3 265.1 270.2 273.1 273.8 274.8 277.4 280.4 284.7 286.7 273.5 285.7 294.7 305.1 314.1 319.2 313.6 329 338.5 346.3 352.6 359.6 363.3 370.6 381.2 390.7 399.6 407.4 414.7 421.1 428 436.2 444.3 450.5 457.6 464.6 470.7 476.8 482.4 489 495.9 501.6 504.9 507.6 510.2 511.5 512.2 510.8 507.2 503.5 500.9 499.4 496.8 494 489 486.5 483.1 478.8 472.9 466.1 458.2 449.7 443.4 439.2
