ny/ny58_OST50GRID_20230518/NY58.asc
ncols 200
nrows 200
xllcorner 350000
yllcorner 580000
cellsize 50
[rows 70 to 104 of 200, columns 0 to 77 of 200]
152.9 155.1 158.5 160.6 160.5 152.3 148.9 146.8 146.1 144.4 143.6 143 145.6 148.3 148.1 151.7 152.8 159 167.5 179.6 187.6 194.6 198.3 201 202.7 201.8 200.4 199.4 196.3 185.6 181.2 181.5 190.9 199.7 204.5 207.1 209.6 212.3 215.8 219.8 224.9 230.2 235.5 240.7 245 248.3 252 255.7 259.4 262.6 265.5 268.2 270.2 271.4 272.7 273.7 274.4 273.7 271.2 269.6 268.4 263.2 265.2 266.4 267.6 268.4 275.2 276.9 276.9 274.2 272.6 271.5 269.2 267.2 266.7 265.4 264.2 258.5
163.9 166.6 168.6 171.2 172.2 168.4 164 163.8 158.2 152.9 151.5 148.6 148.5 148.1 159.2 161.1 163 163.5 159.2 172.7 183.7 188.6 192.3 194.2 196.2 195.7 194.1 195.5 189.7 178.3 183.5 190.6 200 204.4 206.2 208.1 210.6 213.5 218.1 222.4 227.5 232.9 238.3 243.2 247.3 251.1 254.8 258.2 261.4 264.4 267.2 269.7 271.7 273 274.3 275.5 275.2 273.8 272 269.8 267.8 264.8 260.9 262.4 263.2 265.3 268.8 269.5 266.8 265.2 263.2 261.5 260.8 259.6 257.9 255.9 255 245.9
172 174.6 176.4 179.1 181.9 178.8 177.5 177.9 173.5 166.4 167.7 164.5 165.1 167.4 173.9 175.5 177.1 175.8 169.7 161.1 179.6 187 188.8 190.3 189.7 183.7 182.9 187.3 182.9 178.1 187.5 196.9 203.9 206.9 208.4 210.8 212.8 217.3 221.2 225.2 229.5 234.9 240.2 244.9 248.9 252.8 256.5 260.1 262.9 265.5 267.8 269.9 272.3 274.6 275.5 275.4 274.6 273.1 272 270.1 264.8 257.3 254.9 256.9 259.7 261.6 262.7 258.6 256.9 255.7 253.8 251.8 250.9 249.7 248.4 246.4 241.6 237.8
177.2 180.8 184.1 186.8 189.6 188.3 188.7 189 186.4 182 182.7 181.5 182.6 186 192.3 193.5 191.9 192.4 188.7 182.8 172.2 173.5 179.5 183.5 179 171.7 178.2 177.9 176.9 184.1 192.9 200.8 206.2 208.5 211 214 217.4 221.8 224.9 228.7 232.5 236.9 241.9 245.7 249.7 253.7 257.4 260.4 263.4 266.1 268 270 272.4 274 275 274.4 273.3 271.7 270.7 269.7 266.3 257.7 248.8 251 255 256.5 254.6 250.2 246.4 245.1 244.2 243.1 241.1 237.4 232 226.4 223.9 226.1
181.9 186.3 189.9 193.8 198.4 197.6 198.2 199.1 197 192 194.9 197.4 199.2 202 205.4 206.1 204.6 203.1 198.6 190.8 181.3 172.7 169.3 170.4 170.6 176.4 186.8 189.7 190.6 193 198.1 204.1 208.4 211.5 214.8 217.4 220.7 224.1 227.4 231.6 235.8 239.5 242.7 246.5 250.4 254.1 257.5 259.9 263.1 265.8 268 270.1 271.6 272.8 273.4 272.2 270.4 268.4 267.4 266 263 257.6 240.2 245.5 248 250 246.3 241 235.6 234.8 233.4 231.9 224.2 217.9 212.9 213.8 215.1 217.1
185.9 191.5 195.9 200.9 206.4 206.6 206.9 206.7 204.7 199.1 203.4 206.7 209.9 212.4 214.1 214.2 214.4 213.6 208.3 196.9 187.3 180.6 177.8 175.9 176.1 179.6 186.1 189.8 193.8 196.4 202.3 206.3 211.5 214.8 217.5 220 222.9 226.4 230 234.1 238 241.3 244.4 247.5 250.7 254.1 257.5 259.9 262.2 264.5 266.7 268.3 269.6 270.9 270.6 269.1 266.6 263.5 261.8 260.3 258.3 254.8 247.7 239.6 243.8 242.7 238.2 232.9 226.2 223.9 219.3 213.2 210.5 212.6 215.8 221.9 226.5 233.9
190.7 196.8 201.8 207.3 211 212.1 212.4 211.3 210.8 209.1 209 213.1 216.7 219.5 219.5 218.3 217.6 216.2 211.7 202.6 194.7 194 191.5 186.9 183.1 180.8 185 189.8 194.4 198.7 203.5 211.3 216.5 218.5 220 222.3 225.2 228.7 232.5 236.3 239.7 243.1 246.1 248.7 250.9 254.2 257.2 259.2 260.8 262.8 264.2 265.8 267.4 268.3 267.1 264.8 262 259 256.4 254.9 253.2 250.1 243.8 232.9 236.6 234.8 229.8 223.4 213.5 209.4 207.1 211.1 215.3 219.4 226.5 232.8 238.9 246.4
195.3 202.1 207.3 211 213.9 215.5 216.1 215.3 216.2 216.5 217.5 218.1 221.6 223.4 223.1 221.6 220.3 219.2 216.1 209 203.4 203.3 199.1 193.4 188.5 184.1 185.3 189.8 195 200.9 205.5 213.8 220.6 222.1 223.6 224.9 227.7 230.8 234.4 237.9 241.1 244.3 247.6 249.7 251.8 254.1 256.5 258.1 259.4 260.5 261.7 263.2 264.5 264.7 262.6 259.7 256.7 255 252.6 250.5 246.6 243.6 240.4 232.5 228.9 226.6 218 209.4 205.3 207.1 211.2 224.4 229.2 228.1 237.6 244.6 250.4 255.7
200 205.9 210.6 213 216 217.7 219.2 220.7 223.1 223.3 222.7 223.6 225.3 226.3 226.2 224.8 223.5 221.8 218.5 215.7 212.3 208.8 204.2 199.9 194.9 189.9 189.2 192.3 195.7 202.9 207.5 213.7 218.4 222.5 225.4 227.6 230.1 232.8 236.2 239.4 242.6 245.6 248.4 250.5 252.1 254 255.2 256.4 257.3 258.3 259.4 260.1 260.6 259.9 257.8 254.8 251.9 249.8 247.7 245.4 240.5 236.9 233.7 230.1 222.7 220.6 213.3 204.5 207.1 209.7 220.5 226.8 233.6 241.4 245.6 253.7 259.8 264.3
200.9 208.6 212.8 215.8 217.9 219.5 221.7 224.9 227.5 227.4 226.7 227.4 228.3 229 228.8 228 226.7 224.4 221.8 219.5 215.6 211.9 207.8 203.4 198.9 194.7 194.3 197.4 200 203 206.8 210.3 214.8 219.6 224.1 228.3 231.7 234.6 237.3 240 242.7 245.5 249 250.7 252.2 253 253.6 254.4 255.3 255.4 256.2 256.9 256.7 255.5 252.8 249.7 246.9 244.3 242.5 239.9 235.4 230.3 227.1 222.1 217.5 213.7 206.1 205.6 209.7 217.4 229.7 227.8 247.1 252.6 257 262.2 267.9 274.1
202.7 209.5 214.1 216.8 219.4 221.2 224.4 228.4 230.4 230.2 230 230.4 231.3 231.1 230.7 229.7 228.7 226.9 224.4 221.5 218.7 215.9 212.3 207 202.1 198.1 198.7 201.3 203.8 204.6 205.2 206.9 211.8 218.7 224.2 228.8 232.5 235.3 237.5 240 242.6 245.4 249.1 250.6 251.7 251.8 252 252.3 252.3 252.3 252.8 252.8 251.4 250.4 247.3 244 240.7 238.9 236.7 233.5 229.6 224.6 220.2 216.4 212.9 206.1 202.9 207 213.5 224.9 226.9 240.3 249.1 257.1 262.5 268.3 273.7 278.9
210.6 208.6 215 217.8 220.4 223.5 227.7 231.3 231.9 231.7 232.4 233 233.2 233.1 232 230.6 228.8 226.7 224.8 222.9 220.1 217.3 213.9 209.2 204.9 200.8 201.7 204.4 207.6 208.3 208.8 208.2 212.1 221.8 225.8 229.8 233 235.7 237.9 240.4 242.7 245.6 248.5 249.9 250.5 249.9 249.7 249.6 249.4 248.6 248.7 248 246.6 245.1 241.8 237.7 235.9 233.3 231.3 229.5 223.4 220.3 216.6 212.3 206.3 201.7 203.6 208.6 217 228.3 234.7 241.8 255.5 262.7 268.6 273.3 278 282.6
213.3 213.9 216 218 222 225.6 229.5 232.7 233.2 233.2 233.6 233.6 233.9 233.4 232.3 230.5 228.6 226.8 225 223.2 220.7 218.1 215 210.9 206.8 204.1 205.2 208.1 211.2 212.3 212.2 210.9 211.8 221.2 227.6 231.6 234 236 238.1 240.3 242.9 246 247.7 248.2 248.6 247.6 247.1 247 245.2 243.1 242.9 243.1 241.7 239.3 235.5 232.3 229.9 227.6 225.7 223.9 218.6 215.1 212.1 208.2 203 200.9 205.8 214.5 223.8 234.9 246.1 252.5 259.5 267 271.6 275.9 280.5 285.2
215.9 216.9 218.1 220.9 225.1 228.5 232.2 232.9 233.7 234.2 234.4 234.3 234.2 233.2 231.8 229.9 228.4 227 225.2 223.4 221 218.8 216.3 212.7 210.5 209 209.2 210.8 212.9 214.6 213.1 211.6 211.3 221 229.3 233.1 234.6 236.3 238.3 240.2 242.6 245.1 246.2 246.4 246.7 245.9 244.8 243.6 240.4 237.6 237.2 236.4 235.8 233.4 229.7 226.4 223.9 221.9 220.1 218.2 212.5 210.1 206.5 202.4 199.1 200.2 209.5 219 230 239.6 249.7 256.9 264 269.6 274.2 278.6 283.1 288.4
219.8 221.4 223 226.8 229.3 231.4 232.9 233.2 233.8 233.8 234.6 234.6 233.8 232.5 230.9 229.2 227.6 227.1 225.3 223.7 222 219.9 217.6 214.8 213.9 212.8 212.4 213.4 214.5 214.7 213.6 212 211.8 221.1 229 233.2 235.3 236.9 238.8 240.8 242.5 244.3 244.5 244.7 244.9 244.3 242.8 239.9 236.6 233.3 232.2 230.7 229.5 227.8 224.1 220.5 218.1 216.4 214.5 212.8 207.6 205.8 202.3 199 198.4 204.4 214.4 227.1 237.3 245.5 253.6 261.2 266.3 271.4 276.5 280.8 285.1 290.2
225.3 227.1 229.5 233.2 233.9 234.9 233.7 233.4 233.3 233.5 233.9 233.4 232.7 231.5 229.9 228.5 226.9 226.5 225.4 224.2 222.7 220.8 218.7 216.9 216.7 215.6 215.1 216.5 217.4 217.2 215.9 213.7 211.7 217.7 226.1 232.9 235.1 237.6 239.4 240.9 241.8 242.8 243.1 243.1 242.9 242.1 240.3 237 232.3 229.1 226.5 224.8 222.7 221.5 218.9 215.2 211.3 210.2 209.4 209.2 203 202.6 197.2 196.7 202.3 214.1 224.7 235.9 242.1 249.8 257.4 263.3 268.3 273.6 278.2 282.4 287 291.8
230.4 232.9 235.6 237.9 237.2 236.7 235.2 233.2 231.3 232.2 231.8 231.4 230.7 230 228.9 227.5 226.1 225.7 225.3 224.2 222.9 221.6 219.9 219.1 218.9 218.5 218.2 218.9 220 220.4 218.7 214.7 211.1 213.8 224.1 233.1 235.1 238 239.6 240.4 241.2 241 241 240.6 240.2 239.1 237 233.9 228.8 224.8 221.6 219.8 218.8 216.9 212.5 209.3 204.5 203.4 204.7 202.8 196.2 194.8 195.6 203.6 211.2 221.6 233.4 241.4 247.8 253.8 260.3 265.6 270.8 275.7 279.9 284.1 288.8 293.7
235.6 238 240.3 240.9 239.7 237.1 235.1 232.7 229.2 228.6 229 228.7 228.2 227.5 226.6 225.2 224.6 224.4 224.1 223.7 222.6 221.8 221.1 221.1 220.9 220.7 220.6 220.3 221.4 221.7 221.1 215 210.2 215.6 228.5 234.7 235.4 238 239.3 239.8 239.6 239.4 238.8 237.9 237.5 236.2 233.7 230.3 225.6 221.4 218.5 215.6 213.8 211 206.4 203.6 198.8 197.3 194.9 192.5 193.1 194.3 201.9 212.2 218.9 230 240.1 246.4 251.8 257.2 263 268 272.4 276.7 280.8 284.9 289.9 295.2
238.1 240.6 243.3 243.2 240.5 237.6 235.1 231.6 227.4 226.3 226.1 225.8 225.4 225 224.1 223.2 223 222.8 222.5 222.3 222.1 221.7 222.6 223.2 223 222.8 222.7 222.3 222.2 222.9 223 217.2 209 217.4 232.2 236.1 235.7 236.3 238.1 238 238.2 238 237.2 236.1 234.8 233.5 229.9 226.5 222 217 214.6 210.7 207.4 204.8 199.8 199.1 194.8 191 191.7 193.4 197.4 203.3 201.8 217.6 226.6 236.6 244 249.3 254.3 259.7 264.9 268.7 272.4 276.5 280.9 285.5 290.5 295.6
241.2 243.6 245.7 244.1 241.1 238.1 234.3 230.3 225.9 224 223.2 222.9 222.5 222.2 222 221.5 221.3 221.1 220.9 220.7 220.6 221.4 222.7 224.8 225 224.9 224.7 224.3 223.8 224 224.2 216.6 208.4 220.3 233.1 236.4 236.4 236.6 236.3 235.9 235.5 236.4 235.6 234.2 232.7 230.8 226.4 222.6 218.3 212.9 207.8 207 202.4 198.5 195.6 194.3 190.8 190.4 192.1 201.5 207.2 213.3 217.5 214.9 232.1 240 245.9 249.9 255 259.9 263.7 267.4 271.6 275.9 280.8 286.3 291.2 296.1
245 246.9 247.2 245 241.1 237.1 232.5 228.4 224.5 222.3 220.3 220.1 219.9 219.7 219.5 219.7 219.8 219.6 219.4 219.2 219.6 221.1 223 226.1 227.4 226.9 226.8 226.3 225.8 225.2 224.4 219.2 207.1 215.1 232.4 235.4 236 234.9 233.5 233.3 233.1 232.6 231.8 230.9 229.3 227.1 223 218.5 213.3 209.4 203.7 202.3 198.4 195.1 192.3 188.9 188.9 189.6 195 203.9 213.1 222.2 229.2 229.6 225.3 232.9 234.9 243.2 251.6 256.7 261 265.4 269.6 274.8 280.7 286.6 291.8 296.1
249 250.1 249.4 246.5 240.5 235.1 230.3 226.3 222.5 218.7 217.3 217.7 217.5 217.3 217.2 217.4 217.6 218 217.9 217.7 219 220.5 223.6 226.8 229.3 229.3 228.8 227.8 226.9 226.2 225.2 219.8 204.9 214.1 226.1 232.8 233.2 232.6 231 230.1 229.2 228.3 226.6 225.8 224.6 222.7 218.8 213.7 205.8 203.2 199.5 196.5 193.4 190.2 187.7 187.8 190.5 194.7 202.1 210.2 220.7 229.6 235.9 238.1 235.4 238.7 243.6 244.7 250.7 253.6 257.3 263.3 268.7 274.2 280 285.6 290.7 295.4
252 252.1 250.2 246 239.4 232.7 227.3 223.7 220 216.7 213.7 214.8 215.1 214.9 214.9 215.1 215.2 215.5 215.9 216.2 218.5 221 224.3 227.4 228.6 229.3 231 229.7 228.1 227.3 225.9 219 202.6 215.4 227.4 230.8 230.4 230 227.7 225.9 224.8 222.6 220.9 220.7 219.8 218.3 214.7 207.5 202.9 199.6 197 192.4 186.1 186.5 185.9 188 194.4 200.8 207.7 218 227.5 234.3 239.3 242.1 244 249 253.1 256.5 257 258.5 260.4 265.3 269.9 274.5 279.1 284.4 289.5 294.2
253.5 253.2 250.1 245.3 238.4 230.5 224.3 220.8 217.3 213.7 210.9 211.4 211.9 212.5 212.6 212.8 212.9 213.1 213.9 216.6 218.9 221.7 224.6 226.9 228 229.8 231.8 232.2 230 227.9 224.2 217.7 203 211.6 224.5 228.3 228.5 228 223.7 220.9 219.6 217.3 215.9 215.7 214.8 213.3 209.3 205.8 201.3 195.9 193.6 187.1 184.6 184.9 185.7 193.6 199.7 206.8 215.4 224.1 232.7 238 242.1 245 247.7 251.2 254.6 258.2 260 260.9 261.1 266.4 270.8 275.5 280.5 285.3 290.4 295.3
253.5 252.5 249.9 244.6 236.9 229.6 221.7 218 214.5 212.2 208.5 209.1 209.3 209.8 210.7 211 211.1 211.2 214.1 216.8 219.4 221.9 224.2 226.4 227.7 229.5 230.5 231.2 229.8 226.6 222.2 213.4 203.3 206.1 217.2 223.2 225.1 224.6 218.5 214.9 213.8 213 211.8 210.8 209.9 207.1 204.6 201.5 197.1 191.4 188.1 183.3 184.2 185.8 189.1 197.1 204.9 213 221 228.7 236.6 241.2 244.2 246.6 248.9 252.5 256.1 259.3 260.7 261.8 262.5 266.7 271.5 276.8 281.9 286.8 291.7 296.5
253.2 252.5 249.6 244.3 236.7 228.4 220.6 215.2 211.8 208.7 206.3 206 206.2 207.2 208.3 209.1 209.3 211.3 215 218.2 220.9 223.1 225 226.2 227.1 228.1 229.2 229.9 228.9 225.5 221.1 214.8 205.6 193.8 204.9 218.4 221.4 220.5 213.9 209.3 208.2 207.3 206.8 204.8 203.4 200.7 198.4 196.3 193.2 188.4 183.2 182.4 184 186.6 194.7 198.9 204.6 217.3 226.4 233.7 239.2 243.3 245.7 248.1 250.5 253.7 256.7 259.4 261.1 262.7 263.4 267.1 273.1 278.4 283.2 288 292.8 297.3
253.2 252.4 249.5 244.4 236.3 228.1 219 213.2 209.1 205.9 203.7 202.5 203.6 204.6 205.6 205.8 208.1 213 216.9 220.1 222.9 224.2 225.6 226.2 226.4 226.9 227.3 227.7 227.2 223.9 220.8 217.6 213.1 197.6 191.4 211.8 216.9 214.6 207.8 205.6 203.5 201.8 201.4 200.2 197.5 195.1 192.6 189.4 185.4 182.2 180.7 181.3 189.4 193.1 199.8 205 207.3 220.5 228.4 233.4 238.1 243.5 247.1 249.5 251.8 254 256.6 259.3 261 262.5 265.1 268.6 274.8 279.9 284.5 289.1 293.5 298.1
253.3 252.3 250 243.8 236.2 228 218.5 211.2 206.6 202.4 201.2 200.2 202.1 202.3 203.3 203.7 209.2 214.5 218.6 222 224.1 224.8 225.4 225.7 225.5 225.2 225.1 225.3 224.9 221.6 218.1 213.9 210.3 199.7 186.5 201.1 208.6 207 202 199.8 197.7 195.5 196 195.7 192.9 190.6 184.1 181.2 179.9 179.4 180.2 188.1 197.4 201.1 206.3 211.8 216.9 219.6 226.6 235.4 239.3 244.1 248 250.2 252.3 254.5 256.8 259.2 260.9 263 267 271.5 276.4 281.1 285.7 289.9 294.1 299
253.9 253.1 250.8 244.4 235.9 227.8 218.8 211.9 204.5 199.2 198.8 197.4 197.9 199.3 200.5 204.8 209.2 214.3 218.9 222.8 223.7 224 224.6 224.5 224.1 223.8 223.5 223.3 222.6 218.5 214.5 210 205.2 193.3 185.1 196.1 200.9 200 197.2 194.4 192.2 189.6 188.9 190.3 184.5 181.9 178.5 178.1 179.8 180.8 190.4 197.1 202.5 207.7 212.7 217.6 222.3 227 229.8 237.3 241.7 245.7 248.5 250.6 252.8 255.3 257.6 259.9 262.1 264.5 268.8 273.3 277.5 282 286.5 291.3 296.1 301.4
255.8 253.9 250.5 243.1 235.2 228.4 221 213.8 205.2 197.6 194.6 195.8 192.1 196.4 197.7 203.8 208.7 213.7 218.1 222.2 223.3 223.6 223.9 223.5 222.7 222.4 222 221.6 219.2 215 210.1 205.5 201.6 193.2 181.9 190 192.2 192.6 191.5 189.2 185.5 184.2 178 178 177.7 177.1 177.9 177.2 181.4 190.2 197.7 203.4 209 213.6 218.4 223.4 228 232.7 236.9 240 243.5 246.9 249 251.2 253.6 256.4 258.6 260.6 263.8 266.6 270.5 274.4 278.1 282.8 287.9 293 298.1 303.8
258.6 254.8 249.5 242.5 235.3 229 221.8 214.6 207.8 198.4 192.2 193.4 190.7 193.4 197.5 202.2 207 212 217.1 221.4 222.8 223.1 223.2 222.5 221.5 221 220.3 218.5 215.1 210.6 205.4 200 197.1 191.8 179.4 184.2 184.9 185.4 185.3 183.7 177.7 174.7 175.3 175.6 175.7 175.6 179.5 181.8 188.4 197.1 203.9 210.7 215.6 220.4 225.2 229.4 234 238 240.8 243.1 246.5 248.8 250.4 252 254.3 257 259.1 261.7 264.9 268.1 271.4 275.1 278.7 283.3 288.3 293.3 298.1 304.7
260.6 255.3 249 242.2 235.9 229.7 222.9 216 209.1 199.6 191.1 187.7 188.8 190.3 196.1 201.1 205.6 210.5 216.1 219.4 221.8 221.8 221.4 220.9 220.2 218.9 217.4 214.5 209.9 205.3 199.7 193.5 191.1 186.3 177.1 179.3 179.4 179.7 179.3 176.5 172.2 172.8 175.9 177.1 176.2 181.1 185.6 193.3 197.8 202.6 208.7 219.3 225.2 228.1 232.7 236.2 239.7 243.1 244.5 246.1 249.2 250.8 252.1 253.3 254.8 257.3 259 262.6 265.8 268.8 272.1 275.7 279.3 283.4 288.4 293.4 297.9 304.6
261.3 254.9 248.5 242 236.3 229.7 222.9 217.4 210.3 201.8 191.7 184.7 184.6 189.8 195 200.2 205 209.8 214.9 217.7 218.7 218.8 218.7 218.1 217 215.9 213.3 209.8 204.7 199.4 193.3 187.2 184.1 180.8 174.3 174.5 174.3 174 174 171.8 171.5 175.1 181.2 183.4 185.7 188.6 194.3 200.4 205.9 210.5 217 226.2 233.2 237.3 238.9 242.5 245.3 246.9 248.5 249.6 250.9 252.2 253.4 254.6 255.8 257.7 260.3 263.6 266.8 269.3 272.8 276.4 279.8 283.9 288.5 293.3 297.8 304.5
261 254.4 247.7 241.4 235.8 229.8 222.6 216.2 211 202.8 192.6 182.6 183.8 188.9 193.8 198.9 204.1 209.2 213.4 216.1 215.6 215.5 215.5 214.5 213.1 210.6 207.8 203.9 198.8 193 186.7 180.8 177.2 174.4 169 170.2 170.6 170.9 167.9 170.8 176 183.6 188.2 189.4 191.1 195.9 201.9 207.9 213.9 220 226.6 230.7 236.7 241.1 243.4 245.4 246.9 248.2 249.5 250.4 251.9 253.6 255 256.3 257.5 259.4 261.7 264.5 267.3 270 273.5 277 280.3 284.4 288.6 292.9 297.6 304.3
259.8 253.2 246.1 239.1 233.5 228 220.9 216.4 211.9 203.8 192.4 182.7 181.8 187.4 192.3 197.7 202.9 207.3 211.3 213.2 212.3 212 211.4 210 208 205.4 202.1 197.8 192.3 186.6 180.1 174.8 172.3 166 166.9 167.6 168.4 169.1 173.2 175.5 182.4 188.4 192.7 195.3 198.9 203.3 208.9 214.7 221.9 227.9 233.9 237.7 240.2 243.5 245 246.3 247.8 249.1 250.1 251 252.5 254.2 256 257.4 258.9 260.5 262.9 265.3 267.6 270.7 274.2 277.7 280.9 284.7 287.8 292.4 297.8 304.1
