ny/ny20_OST50GRID_20230518/NY20.asc
ncols 200
nrows 200
xllcorner 320000
yllcorner 500000
cellsize 50
[rows 35 to 69 of 200, columns 0 to 77 of 200]
577 596.9 615.8 625.8 635.2 642.4 652.8 666 681.7 692.6 700.3 707.6 715.4 724.4 735 753.7 772.2 789.1 805.4 756.2 705.7 654.6 632.1 595.2 620.8 639 632.8 608.2 603.8 619.8 633.1 656.5 640.5 628.9 628.6 639.2 669.2 690.2 701.7 715 711.6 697 701.4 717.4 733.1 763.1 810.2 856.8 872.8 885.3 890.4 888.7 884.5 880.3 874 866.9 852.8 838 817.8 797.2 786.4 772.8 759.8 751.6 747.1 742 738.5 737.4 732 726 716.6 703.7 690.1 679.2 670.4 661.4 652.4 637.4
595.4 616 632.7 639.5 646.1 651.2 662.8 675.7 687.9 700.3 706.8 713.7 721.7 730.5 743.4 757.9 775.6 790.3 806.5 787.4 734.4 680.8 649.9 632.3 637.1 655.7 662.6 672.6 658.8 647.4 661.3 666.4 643.6 632.3 640.2 667.8 712.1 723.6 720.5 721.8 718.6 709.1 708.5 724.4 738.4 761.8 794.2 828.6 857 874.5 881.7 876.7 870.8 870.5 865.4 857.5 845.1 832.9 818.2 800.9 789.5 780.6 772.5 764.8 758.9 753.4 748.5 747 737.7 726.2 711.8 697.1 683.8 667.7 657.7 650.2 645.5 632.8
611 626.3 640.3 649.5 654.5 660.1 671.5 690.8 704.8 710.7 715.4 722.5 730.3 740.1 749.5 766.3 777.3 793 801.2 793.9 752.3 701.5 667.8 651.2 626.8 664.9 687.6 688.6 680.2 675.3 675.8 680 645.4 640.3 647.7 681.5 723.7 737.6 728.3 720.5 720.8 732.2 719 731 735 754.1 782.9 817.1 839.1 858.3 864.7 863.9 856.5 843.4 836.4 835.4 830.2 821.3 810.2 798.4 791 782.7 774.5 768.6 763.6 759.4 755.3 754.2 742.2 729.3 715.3 702.1 683.7 669.7 657.8 643.5 638 635.3
622.3 635.1 645.1 652.6 658.3 664.3 674.5 696.6 715.2 723.5 731.2 733.7 737.2 742.4 749.2 757.3 765.8 779.5 788.2 786.8 771.7 726.1 689.4 667.5 660.7 673 690.5 691.3 682.5 676.9 689.5 668.7 659 652.6 664.4 676 702.5 724.3 722.2 713.2 710.5 724.9 720.4 728 736.4 749.7 773.1 799.3 828.1 843.8 855.9 856.2 842.1 823.1 814.9 810.3 808.4 805.4 798.4 793.7 787.3 778.7 772.1 764.4 760.6 757.9 758.3 753.8 749.2 741.1 728 712.3 697.3 682.7 665.9 645.9 634.2 632.8
627.6 637.3 644.2 651.8 659.2 666.2 673.8 693.6 715.2 732.3 737.8 746.9 739.4 738.7 742.1 746.2 749.9 756.2 764.1 766.5 762.3 747.2 714.7 697.1 685.7 652.5 685.4 683.5 678.4 679.7 679 670.3 665.6 666.6 674.9 681 690.7 705.9 706.9 707.2 708.8 715 718.1 732.2 752.2 761.4 779.8 808.4 848.7 846.2 851.8 853.5 847.6 831.5 817.6 807.6 797.6 791 788 788.8 784.4 778.9 768.2 760.1 753.3 749.7 752.7 755.4 757.9 755.3 744.2 728.4 710.2 690.7 674.1 649.3 639.9 636.2
627.3 634.4 640.6 649.2 658.2 666.7 676.3 689.1 708.1 723.5 738.3 737.1 732.4 729.2 728.7 728.5 730.5 735.7 739.6 743.3 749.3 742.5 732.5 708.9 691.9 677.7 684.2 687.7 685.8 689.4 690.3 676.6 674.9 683.5 686.9 688.5 701.3 711.2 717.3 709.9 712.5 716.9 721.8 733.5 756 781.4 804.8 833.9 854.7 860 857.8 857.6 850.5 836.4 816.7 800.9 789.2 776.8 777.7 782.5 782.7 775.1 768.1 755.8 745 740.7 745.9 758.9 770.5 774.6 762.4 746.9 727.4 706.3 683.5 661.8 650.2 648.3
624.6 632.4 638.3 644.6 655.2 663.8 675.5 687.8 712.3 722.2 735.1 725.4 719.6 712.6 710.5 710.2 714.5 719.1 725.5 732.1 735.2 736.4 731.7 715.4 697 691 670.6 694.4 696.9 700.3 697.5 695.7 689.6 699.2 714.2 716.3 714.7 715.9 715.2 718.2 722.3 734.7 740.8 748.4 768 802.9 826.8 853.3 861.4 864.2 859.1 855.3 849.4 837.6 823.5 795.4 777.4 763.6 766.1 780 779.2 773.9 763.9 747.7 736.5 733.3 744.2 761.3 777.5 790.5 785.3 770 744.8 723.5 696.9 673.3 658.5 650.3
618.9 628.2 634.7 640.7 648.3 656.4 668.9 682.1 695.2 702.9 702.2 703.7 702.4 696.2 693.5 701.4 706.9 713.4 722.3 728.2 733.6 740 738 722.1 709.4 718.2 700.2 716 732.1 731.7 722.4 714.7 723.5 724.2 749.9 738.6 731 735 733.7 731.8 728.8 740.2 755.2 760.9 790.6 821.3 853 873.2 881.6 878.1 863.5 841.8 845.7 831.2 818.8 784.4 762 753.9 756.4 769.4 776.9 771.7 755.9 736.3 722.5 725.2 740 757.6 779.2 797.9 802 788.8 768 742.9 723.5 693.6 672.9 659.9
612.3 621 626.1 634.5 641.9 647.4 655.9 666.7 674.6 680.4 684.8 690.2 692.3 689.1 690.1 698.9 706.3 714.2 722.6 730 738.1 747.3 748.4 734 718.7 717.5 707.6 713.6 746.5 747.4 736.6 730 742 745.1 771 764 761.8 785.8 798.4 776.8 752.1 754.7 761.5 772.6 797.7 828.3 876 891.6 896.5 887 855.9 832.7 815 816.2 774.1 755.4 745.8 742.8 744.2 758.2 770.1 772.5 748.7 723.2 707.1 718.4 731.8 753.2 780.6 811 811.7 812.1 791 773.1 745.6 718 697.5 675.8
600.7 608.3 617.2 620.7 631.6 637.7 644.9 652.3 660.9 669.8 678.6 683.8 689.2 685.9 688.9 699.7 709.4 718.3 726.7 735.6 743.2 752.4 760 754.1 737.3 724.2 715.3 716.7 735.9 757.3 757.9 744.7 758.2 777.3 780.3 782.9 790.8 828.2 840.3 822.1 783.2 778.5 797.5 794.7 811.7 837.6 874.9 896.2 895.1 881.6 853.3 822 804.4 771.3 748.3 731.6 730 729.5 734.5 749.3 754.5 753.3 727.6 707.3 688.2 709 723.1 743.4 778 804.6 826 829.4 810.4 781.8 753.1 737.1 718.8 700.3
584.2 594.2 601.7 608.2 615.8 624.4 631.2 639.6 650 662.2 671.3 676.2 686.3 685.7 691.3 703.1 712.5 721.3 733.1 743 752.9 762.7 768.4 768.5 757.6 741.9 728.3 728.3 733.3 749 764 763.1 785.1 810.6 807.3 815.8 840 865.3 881.9 860.6 816.7 802.7 809.5 816.6 842.6 876 903.3 903 893.5 861.4 837.6 800.8 780.1 749.4 727.6 713.7 711.7 716.5 727.9 738.9 737.9 727.5 722.2 696.8 682.4 699.4 718.3 738.3 770.9 805.5 839 852.7 851.2 797.7 770.2 748.1 737 723.6
551.4 567.2 582.4 591.3 598.3 610.3 615.3 621 629.8 639.2 665.7 676.7 682.1 683.6 691.7 703.8 712.7 730.4 739.1 756.3 769.5 776 782.6 795.2 785.8 769 752.9 748.5 752.3 755 760.9 774.2 817.4 840.5 842.3 857.4 886.6 907.6 913.3 910.8 849.6 834.7 835.5 846.5 880.6 906.1 909.5 908.2 877.2 842.2 818.5 789.8 771.3 753.5 712.8 697.9 692.9 705.8 720.3 735.2 734.9 720.9 705.3 680.5 674.4 691.4 711.9 737.3 766.2 813.2 847.5 861.6 858.7 828.5 787.2 764.9 760.8 754.4
519.6 534.5 547.3 557.8 570.2 579.7 578.2 593.2 625.4 645.8 658.9 670 676.5 681.1 689.5 699.5 712.1 730.7 747.1 770.5 783.1 793.4 798.3 812 809.1 794 793.1 776.1 763.5 766.6 765.5 776.3 806.9 841.7 889.6 907.4 921 926.5 926.5 916.8 893.3 869.7 860.8 875.1 902.8 910.9 912.6 906.5 865.1 829.7 805.1 785.2 766.4 737.2 705.1 684.8 670.2 692.4 710.7 721.4 708 700.3 687.6 663.4 667.5 689.7 709 734.6 767.3 808 848.1 857.8 860.8 855.7 812.3 792.1 787.8 782.9
487.4 499.3 507.3 520.1 536 534.9 577.1 604.4 621.3 637.6 649.2 660.5 667.9 673.2 679.8 691.9 707.9 729.2 749.2 775.7 798.1 814.3 816.8 826.3 820.8 806.9 813.7 802.9 787.5 785.2 786.2 779.6 802 853.5 896.7 912.6 926.3 930.6 922.3 913 901.7 884.6 880.5 895.7 908.6 913.8 914.8 912.3 872.7 831.5 804.7 791.4 764.3 724.4 698 673 656.3 674 688.2 688.3 687.3 683.5 673.6 646.9 669.3 688.4 707.2 727.8 767.5 820.6 846.3 858.1 863.4 865.3 845.5 826.6 822.9 798.2
455.2 459.6 470 484.5 515.2 550.9 574.9 589.4 604.2 619.9 634.3 645.7 653 660.9 668.8 680.7 697.5 726.4 753.8 795.4 816.3 840.3 842.3 836.6 841.4 831.1 830.5 837.3 822.2 812.3 809 797.2 806.1 835.8 891.7 909.1 917.9 918.4 915.3 906 894.3 882.7 887.5 899.7 909.8 914.9 916.6 910.9 875.6 838.2 809.6 787.6 759.9 719.7 693.1 667.9 649.5 653.2 662.7 669.9 671.1 667.7 647.6 631.4 662.5 684.2 702.9 727.6 760.5 802.8 837.2 856.4 868.5 879.8 865.3 855.9 831.2 792.3
426.6 448.4 476.3 506.2 528.7 543.6 557.5 569.9 581.4 595.8 613.4 626.4 637.6 646.6 660.2 674.2 695.8 727.6 772 808.6 839.1 859.6 859.3 857 858.6 849 858.1 861.3 855.5 843.8 835.9 824.5 831.1 849.2 873.8 897.7 910.1 912.9 911.6 901.5 889.1 869.4 878.7 894.8 907.8 914.2 917.1 914.1 888.3 851.2 816 787.2 759.5 728.5 698.6 661.7 641.3 624.1 642.3 645.3 649.9 646.6 627.2 631.9 655.6 676.4 696.4 724.8 755.3 791.9 827.1 850.4 869.6 877.5 866.6 861.8 843.1 802.5
443.9 456.3 466.8 498.6 519 530.6 543.2 562.3 571.8 585.5 599.8 611.6 626.7 641.1 658.1 673.4 694.6 732.5 772.9 818.7 847.6 866.3 875.1 877.6 882.6 878.2 883.1 888.3 885.2 869.1 880.2 869.2 872.1 879 879.9 869.2 875.9 889.8 894 890.3 877.8 856.7 866.1 887.9 903.8 913.5 918.4 915.5 889 852.7 811.4 779.9 746.1 726 692.1 656.7 635.3 616.2 623.2 627.3 631 628.6 605.2 635.7 649.6 668.7 693.6 717.4 750.8 782.9 818.1 848.4 857 859.3 864 859.8 845.4 840.8
470.8 486.3 500.2 512.6 529.4 542.4 553.8 563.9 573.1 585.1 596 606.2 619.5 634.5 652.1 673.6 695.6 738.3 775.4 816.3 855.9 875.7 887.7 900.1 909.4 909.1 919.3 926.1 934.2 940.8 918 904.1 903.4 910.4 887.3 847.3 831.3 837.3 845.5 841.7 838.8 831.9 842.2 877 899.4 915.2 923.6 914 896.6 854.4 815.4 777.6 744.6 710.8 679.3 653.6 632.7 611.1 607.7 614.5 611.8 607 594.9 614.7 636.7 661.6 683.8 710.3 745.1 777.2 812.2 836.7 841.1 851.1 856.2 851.1 844.3 845.4
483.1 502 515.2 529.1 542.7 551.1 560.2 563.8 573.4 581.2 586.4 597.8 611.6 628.5 642.6 665.4 692.5 726 760.2 814.2 866.9 891.3 903.8 911.3 916.7 923.3 937.2 945.9 949 954.7 954.2 941.3 934.3 930.1 893.7 846.8 811 792.6 799.1 795.1 784.8 793.9 838.2 874.3 901.2 920.3 911.1 885.9 872.4 844.6 813.1 787 743.8 707.2 678.8 653.5 629.9 599.6 590.1 599.3 599.3 590.5 585.4 605.3 625.4 652.4 678.3 706.9 735.9 772.1 806.9 821.4 834.1 848 850 841.7 840 831.3
478.4 502.9 521.8 535.1 543 553.4 564.2 575.1 574.9 580.6 584.2 598.2 611.8 623 643.6 664.8 692.2 722 756.8 818.9 869 899.6 908 913.5 920.1 927.2 940.1 947.3 952.2 957 961.1 959.5 946.1 937.9 912.2 853.5 813.2 780.8 753.5 748.6 747.8 770.6 836.6 869.8 891 878.3 871.6 858.9 830.9 811 804.5 776.9 740.7 710.4 683.7 652.7 630.4 588.5 573.1 589.3 586 577.7 580.1 599.9 622.9 646.4 670.9 702.2 731.9 767.3 798.7 812.3 827.9 844 845.8 833 829.8 823.7
481.5 494.5 510.4 528.5 545.2 555.9 561.9 571.4 575.1 582.6 592.8 603.5 617.4 628.4 648.6 662 691.6 732.8 772.7 828.2 873.5 902.8 909.4 914.3 918.8 926.6 939.6 945.2 953.4 960.4 974 972.5 956.4 944.8 895.3 859.4 802.4 766.8 736.2 720.6 721.4 730.9 756.9 809.6 840.4 833.3 835.4 824.3 801.5 787.9 775.8 764 735.1 704.3 679 652.6 622.4 581.3 555.1 569.3 572.6 564.4 576.3 597.9 621.1 643.4 668.6 699 732 759.6 787.4 808.4 822.3 834.7 827.7 824 819.8 813.4
494.1 502 511.1 523.1 535.3 549.8 561.8 568.6 576.3 579.8 594.4 608.1 627 644.8 658.4 675.1 700.4 740.5 822.5 868.3 883.3 903.2 905.3 909 913.2 922.8 929.8 936.6 949.7 955.6 965 968.4 963.6 943.3 905.1 837.3 794.2 755 729.4 716.6 707.3 704.5 711.3 720 738.2 775.6 799.1 794.2 774.5 752 740.3 748.1 714.1 664.2 639.7 627.9 612.1 569.4 537.6 547.3 555.6 548 570.3 588.9 615.2 636.9 663 692.4 731.3 762.6 791.7 809.1 818 818.9 819.1 814.9 812.5 806.5
501.9 510.4 519.1 530 541.8 548.9 559 569.7 574.9 583.2 602.1 615.7 632.7 659.9 675.8 681.6 701.8 728.3 797.7 843.4 876.4 891.9 895.6 898 901 909.8 917.8 919.2 925.3 948 957.5 964.5 958.8 920.9 897.5 837.7 797.5 763.7 733.8 716.8 705.4 692 685.4 686.9 697 728.7 772.3 748.1 727.1 717.1 693.3 672.1 646.6 627.1 605.9 589.8 592.4 549.6 523.6 525.9 538.4 542.3 562 579.5 603.4 632 664.2 698.9 734.5 769.3 796.2 808.1 810 811.8 811.9 808.4 802.9 799.3
523 533.5 544.7 548.1 559.6 570.1 571.3 578.7 587.1 597.1 608.7 622.5 639.5 660.7 679.9 694 706.2 737.8 772.1 818.6 864.6 874.2 878.9 885.6 887.4 895.6 901.1 904.8 908.8 923 946.8 958.3 946 922 907.6 847.1 804.7 768.9 740.5 724.3 714.8 695.2 671.4 658.6 660.3 665.2 683.1 682.9 690.8 679.3 659.2 630.9 619.8 602.2 583.2 570 567.8 527.8 507.2 512.3 520.3 529 555.7 582.6 605.9 633.4 667.8 707 742 773.8 795.6 802.5 805.7 809.1 805.5 800.7 797.4 790.8
569.6 568.1 579.6 581.8 616.2 606.9 602.2 602.6 614.7 619.7 626.7 638.5 649.9 673.6 690.6 700.9 711.1 725.7 756.9 803.1 840.7 865.5 863 866.9 873.4 878 886.9 882.6 886.6 900.4 926 949 936.5 908 889.8 868.8 853.4 794.9 754.6 740.9 738.8 701.1 671.8 649.6 624.9 622.7 628.4 635.2 641.3 638.6 620.4 592.5 580.6 561.7 562.7 545.5 537.2 503.4 490.9 505.7 492.7 524.7 550.8 581 611.1 639.5 675.7 709.7 750.7 769.9 784.5 795 815.4 806.8 801 797.6 794.1 779
610 630.1 625.3 645.5 686.5 649.3 636.3 630.9 643.3 680.6 675.2 674.6 688.1 714.8 715.8 726.1 721.5 735.6 753.2 786.2 832.8 845.2 845.6 843.1 853.4 855.1 856.4 855.2 860.6 870.8 883 896.4 895.4 884 871.6 865 851.7 824.3 792.2 749.5 756.2 738.8 689.2 651.8 636.6 607.2 593.2 596.6 601.3 598 583.4 561.6 540.4 527.9 530.4 521 507 486.2 479.1 484.5 496.3 522.2 552.8 588.2 620.2 647.4 681.6 717.6 752.8 765.6 778 792.9 808.6 804.6 797.7 793.3 786.2 765
641.3 654.2 669.7 694.4 705.9 687.1 670.8 673.9 677.2 698.8 719.5 722.4 748.8 798.8 788.3 759.8 745.1 758.8 775.4 798.2 831.4 821.1 821.9 828.3 830.1 833 833.3 831.1 834.5 843.6 852.8 851.4 860.6 867.3 850.1 843.4 843.3 823.8 811.6 756.7 763.8 750 705 672.6 641.4 620.4 597.2 564.3 565.9 567.3 552.9 537.9 518.1 499.7 495.4 498.8 495 470.7 467.8 466.8 493.4 527.3 561.5 600.8 624.2 652.7 690.5 722 746.6 756.7 771.8 791.8 804.4 802.3 799.8 792.7 775.4 760
652.8 669.4 685.1 702.6 714.4 724.3 722.3 741.4 764.8 751 763.3 783.8 811.8 821.5 841.3 791.1 801.7 800.7 808.3 839.3 825.8 794 802.2 812 816.2 823.2 822.4 811.8 805.9 813.3 828.9 826.7 831.1 840.6 833.5 807.3 829.2 816.4 805.8 769.3 763 745.5 722.5 695.4 646.4 622.1 602.8 579.9 540 535.9 526 510.3 491.6 481.7 479.8 481 468.1 455.4 457.3 464.3 494.6 536.6 560.8 595.7 628.9 657.8 694.6 716.3 731.9 747 769.5 787.4 799.1 796.4 797.7 785.9 767.5 749.9
659.9 677.2 692.6 708.6 726.2 743.8 771 792.1 810.1 830 844.7 824.8 847.3 885.6 885.7 846.2 887.7 920.4 909 857.6 811.8 785.7 776.5 786.4 794.1 791.5 787.1 785.2 783.3 788.4 792.7 806.3 808.9 814.6 804.5 776.5 776.7 776.9 773.5 751.5 753 755.6 749.8 714.9 682.9 627.8 598.4 579.5 549.9 515.5 506.5 490.2 478.5 462 468.3 470.7 448.1 446.1 447.2 458.6 490.4 520.1 546.7 580.9 625.9 658.1 687.8 706.9 721.8 740.4 764.4 794.6 795.2 792.1 799.1 795.7 757.5 738.7
663.8 682.5 698.4 716.3 733.9 753.9 773.8 793.8 810.6 830.1 853.1 872.1 894.1 901.6 934.8 939.4 912 939.5 917.5 884.8 808.8 770.2 757.3 777.3 780.8 766.4 752.8 749.8 757.1 759.6 771.8 790.9 793.5 792 775.6 747.6 737.2 740.5 736.7 722.7 731.2 740.4 747.3 734.5 692.1 637.6 600.6 574.9 562.3 521.1 491.3 476.5 461.5 455.9 436.8 437.8 434.6 438.2 440.3 458.6 484.2 511.1 544.2 579.7 620.5 648.7 674.9 696.9 710 737.2 762.3 772.4 781.7 798.5 801.3 767.4 736.8 722.1
663.9 682.2 699 717 737.6 754.5 776.8 794.1 809.2 832 855.4 878.6 897.2 915.3 941.2 949.8 942.2 943.4 918.6 897.2 859.8 755.8 741.8 767 772.5 755 737.6 733.2 737.7 743.3 752.2 765.2 778.7 777.5 760.4 735 714.2 713.7 702.4 698.7 710.7 724.9 746.3 731 688.4 642.5 612.5 571.7 534 511.1 484.7 464.3 455.1 443.4 433.8 426.4 428.5 432.5 440.6 458.8 480.7 505.8 537.8 572 607.3 640.1 663.5 685.6 706.9 722.9 739.7 755.6 769.4 777.2 770.3 747.6 719.6 712.1
662 683 698.5 718.3 737.6 759.6 777.6 794.9 814.8 835.9 858.2 879.5 896.5 919.9 935.7 940 938.4 934.8 917.3 891.2 802 742.3 723.5 725.2 746.9 738.1 722.3 717.1 719.2 723.2 730.4 746.5 763 765.6 747.5 717.6 698.3 692.8 685.9 679.5 690.9 709.1 714.9 702.5 667.4 635 601.9 566.9 533.9 497.4 475.6 452.3 444.4 436.6 427.6 422.7 422.7 429.8 440.9 459 484.4 514.4 546.9 579.7 605.6 632.6 656.4 674.3 693.2 708.2 723.8 741.4 755 757.3 750 731.9 708.8 694.7
657.5 678.8 696.1 717 737.1 757.7 780.2 801.9 824.8 846.3 868.8 888.9 912 935.6 942.4 937.1 925.7 916.4 895.8 868 790.3 728.7 704.6 693.6 697.5 692.1 691.5 697 698.9 706.9 712.9 723.2 739.9 745.2 729.2 704.8 683.5 677.8 671.8 661.2 665.4 688.8 697.8 689.1 660.8 627.7 604.4 563.7 522.4 487.1 465.3 444.9 431.5 426.6 423.7 418.3 421.4 427.7 446.4 463 486.1 514.1 543.1 581.2 602.6 624.8 642.6 665.5 684.4 701.4 718.6 737.2 749.1 758.6 745.4 723 702.4 688.8
652.6 673.1 693.8 712.2 733.7 758.6 780.3 808.1 835 854.8 878.6 902.1 927.7 945 949.1 932.7 909.8 892 863.5 821.8 779.9 726.4 692.4 674.4 669 667.5 665.9 669.8 672.2 689.6 693.5 703.9 714.1 723.3 720.3 684.5 656.7 654.9 651.2 637.6 638.1 662.2 673.4 662.2 629.4 591.2 580.1 526.1 497.8 472.8 452.1 436.9 422.5 419.9 416.3 414.1 419.7 428.8 448.1 468.2 490.3 515.2 541.4 571.8 598 614.8 633.7 654.9 680.5 688.2 709 727.8 744.1 755.5 743.8 720.3 690.5 686.3
648 663.2 685.9 710.1 734.8 760.1 784.7 813.9 837.8 861.5 887.2 913.2 937.8 953.8 946.8 922.6 888.8 867.1 847.5 807.7 770.8 732.7 696.4 665.3 656.4 650.7 645 645.4 649.1 658.1 672.3 679.6 690.9 706.6 695.7 679.2 636.4 617.1 617 605.5 606.5 634.3 652.6 647.6 593.1 540.1 535.2 497.6 476.4 457.6 437.6 424.7 415.5 413.9 411.2 412.3 419.6 434.6 454.2 478.8 499.4 524 552 573.8 591.3 605.3 624.4 641.3 657.2 680 699.3 721.2 734.9 748.8 731.9 705.2 682.7 683.5
