ny/ny20_OST50GRID_20230518/NY20.asc
ncols 200
nrows 200
xllcorner 320000
yllcorner 500000
cellsize 50
[rows 0 to 34 of 200, columns 0 to 77 of 200]
391.9 390 391.7 381.4 368.6 359.5 387.3 417.6 448.5 480.8 509.7 525.4 544.4 561.4 573.8 586.8 612.9 617.1 647.3 673.2 686 654.5 675.1 710.7 715.6 716 711.9 731.2 725.2 717.7 697.2 676.2 649.7 626.1 599.8 571.9 544.5 519.1 504.1 489.5 465.8 457.8 445.1 438.9 436 447.6 478.9 505.3 515.7 539 565.8 576.7 593.1 608 608.9 604.1 598.6 585.6 580.7 575.6 567.1 541.7 507.4 463.8 433.3 395.3 369.1 342.4 324.2 306.9 292 300.9 324 350.2 377.1 406.2 439.1 475
370.6 353.2 361.1 353.7 338.6 355.5 384.9 415.3 438.9 458.6 478.6 494.4 512.9 528.3 539.5 553.2 568.4 583.1 600 606.8 631.7 620.8 660.4 676.5 675.8 682.9 675.2 679 683.5 680.8 670.3 661.6 641.5 619.6 590.6 561.9 535.8 511.5 485.1 474.3 460.7 450.8 437.3 439.9 439.9 455.3 488.3 498.8 519.6 550.1 577.3 581.5 588.2 601.5 602 595.7 591.8 593.7 589.7 583.8 565.9 536 505.4 464 431.8 402.7 368.9 344.1 327.6 311.6 304.7 312.4 336 361.1 387.9 415 447.7 483.5
343.5 323.4 330.5 324.5 332.2 361.2 388.7 401.9 413.8 430.1 446.3 462.6 479.4 494.3 507.1 519.8 534.7 543.2 557.5 571.6 575.1 587.4 621.3 639.1 637.7 641.1 639 656.1 649.6 652.6 656.2 658.6 636.1 616 584.5 554.4 527 500 480.4 464.8 453.9 441.6 439.9 439.9 439.9 445.7 469.8 496.7 528.5 555 583.2 597.5 601.9 602.7 607.4 603.2 594.7 590.8 590.5 577.2 562.8 535.5 496 462.4 425.3 396.2 369.1 342.7 331.5 324.7 316.7 322 345.4 371.2 395.6 425.6 454.5 487.1
310.4 300.4 302 306.4 336.9 357.8 366.8 373.6 386.5 401.5 416.5 432.4 448.3 461.7 474.2 486.6 499.3 508.9 521.1 530.7 538.1 555.6 574.2 598.2 599.6 604.1 602.1 619 629.1 635.8 655.7 656.1 638.8 611 588.2 558.6 528.9 501.6 479.5 459.1 447.3 438.7 439.9 439.9 439.9 445 472.1 496.6 525.8 565.6 580.9 589.7 600.2 605.9 602.5 608.9 598.7 594.4 592.1 578 558.4 525.8 490.1 455.1 424.1 395.5 369.4 350.3 345.8 337.4 333.6 334.9 350 378.8 405.1 433.1 462.8 496.7
279.3 275.1 287.2 312.8 327.8 331 339.3 347.4 355.8 371 383.8 400.7 416.6 430.1 441.3 455.5 464.5 473.3 484.4 492.3 503.6 524.8 543.2 558.6 561.8 568.5 566.4 573.1 593.2 616 636.3 635.1 621.6 593.6 573.9 550.8 524.7 497.2 478.1 458.4 444.6 438.5 439.9 438.6 439.5 452.3 470.7 495.8 538.5 565.1 575.5 588.7 599.4 604.1 611.4 612.4 601.1 600.6 592.4 582.4 553.6 518.1 482.5 453.6 423.9 395.2 365.4 357.5 360.5 349.4 350.4 346 364.2 385.2 411 440.4 470.1 500.3
249.9 257.4 286.5 300.1 302.4 303.2 310.6 319.5 328.3 340.6 353.2 369.9 385.6 399.7 408.8 421.2 429.7 438.6 448.6 458.7 468.2 477.5 494.1 516.6 526.1 533.8 532.7 543.4 565.3 579.4 615.2 621.1 605.3 578.7 557.3 538.8 518.4 493.2 478.5 465.1 447.8 437.5 439.2 438.4 444.4 471.1 482.7 502.3 531.3 556.4 569.9 583.7 585.5 606.3 627.6 620.4 604.1 596.3 592 586.9 560.7 513 480.3 453.3 424.9 399.6 375.1 374.9 379.2 368 360.6 359.7 382 398.2 422.1 447.7 478.7 510.4
238.1 251.4 274.2 274.1 275.3 275.4 283.2 291.2 299.1 309.5 323.4 342 358.1 367.5 376.7 387.1 396.7 404.3 413.7 427.8 433.8 442.5 457 472.3 493.7 497.1 500 503.8 522.2 554.1 569.3 594 589.6 565.3 540.7 531 513.1 491.8 474.3 461.3 454.3 442.2 440.2 441.3 447.1 473.9 491.1 512 530.3 550.7 556.7 566.9 583.6 610.1 622.6 624.5 608.6 601.7 592.9 577.3 545.9 510.6 482.7 453.3 429.7 403.6 385.5 389.8 388 378.5 380.7 370.3 388.7 408.2 434.7 461.3 490.7 521.1
223.7 242 252.7 255.2 263 254.4 260.4 266.7 276 281.3 299.1 313.8 329.1 336.1 344.2 354.8 363.3 371.7 382.6 396.1 399.1 410.1 422.7 441 453.6 459.5 469.5 476.8 503.4 518.2 543.8 541.6 550 542 531.3 524.2 509.6 483.8 474 464.5 460.7 449.6 444.5 444.2 448 474.6 501.1 510.7 520.6 542.7 552.2 558.5 580.6 610.5 611.1 625.2 610.9 606.6 594.9 573.4 541.4 509.6 483.2 452.7 431.2 412 404.8 403.4 402.9 396 389.7 382 399.2 420.7 441.9 472.3 502.3 534.5
212.1 231.2 243.9 247.3 247.2 242.3 238.1 250.4 254.7 259.8 272.7 286.7 297.8 304.4 312.8 322.6 330.2 340.7 355.4 365.7 367.6 376.2 393 409.8 417 425.3 432.8 449.1 459.9 483.4 491.4 501.6 512.9 519.2 523.5 511.3 500.8 482.1 474.3 465.9 463.7 462.6 460.8 461.3 454.5 473.2 488.4 504.5 517.6 530.6 537.7 549.3 573 595.7 594.3 623.7 620.2 614.3 606.4 572.7 539.2 507.4 477.6 451.5 431.3 417.7 420.4 419 415.9 408.4 397.4 398.4 411.1 431.1 457.9 484.8 501.4 539.9
206.8 213.5 223.1 229.2 226.8 224.6 223.6 232.2 230.6 242.5 249.6 257.9 267 276 283.7 290.2 301.4 316.9 329.1 335.1 334.9 345 361.8 377.3 385 393.3 405.8 420.2 440 448.9 461 473.7 502.5 507.1 508.9 500.7 496 479 473.4 471.3 476.8 477.9 482.8 478.7 476.6 481.5 482.8 497.1 509.1 523.3 534.1 549.1 568.2 585.3 602.7 611.1 618.9 617.7 618.3 581.6 535.3 504.6 475.8 451.4 433.2 428.8 430.4 428.7 423.8 420.3 419.7 417.9 432.3 444.6 473 502.1 528.5 553.2
195.7 202.1 208.7 206.7 202.5 209.9 208.3 213.5 215.2 218.8 223.7 230.2 240 246 254.9 262.3 277.1 292.2 300.4 305.4 305.2 318.8 331.6 344 358.9 368.6 385.7 395.6 420.4 435.8 440.2 455.6 469 481.8 493.3 498 486.5 477.9 474 473.7 485.5 489.2 489.1 487.7 490 497.1 507.1 500.7 518 525.9 538.9 571.8 585.4 595 620.8 617.4 610.6 613.6 618.3 579.3 531.6 501 473.6 449.9 437.2 439.7 440.9 441.4 437.6 435.9 437.7 438.5 449.4 465 488.7 525.2 555 581.6
181.6 185.6 187.4 190.9 185.3 192.7 194.2 188.1 192.4 196.8 204.2 210.1 217.8 224.2 229.3 237.4 252.6 265.1 272.3 275 277.1 288.8 301.5 313.8 329.4 336.9 354.4 368.9 390 408.8 422.7 432 438.9 446.5 462 478.7 480.4 470.8 474.5 475.3 492.1 484.9 484.3 485.3 501.1 522.9 520.5 524.5 527.1 532.3 546.9 577.7 568.5 599.9 611.7 629.1 612.1 608 599.7 566.3 530.4 499.4 472 453.3 447.7 446.3 452.6 453.7 450.9 457.4 460.4 467.9 481.4 490.6 514.9 553.6 581.8 603.5
165.6 163.5 174.2 181.2 184.7 180.7 176.1 174.7 179.8 181.5 189.2 197.3 200 202 208.2 214.9 228.6 237.7 243.2 244.5 251.7 263.2 274.4 289.5 300.5 311.8 327.3 341.2 360.6 380.6 393.8 407.5 416.1 419.7 433.5 447.5 457 461.8 465.6 462.6 478.1 471.3 475.7 474.9 485.4 523.3 546.7 538.8 536.3 541.4 550.8 563.2 572.9 595.9 602.5 625.5 608.9 607.1 606.8 565.9 533.3 499.1 473.9 456.3 461.6 459.7 470.2 470.4 469.9 480.4 488 499.5 512.5 524.7 548.6 577.1 598.2 626.9
150.4 159.8 163.6 166 161.7 162.7 163.8 166 171.2 175.5 180.2 184.6 185.9 188.6 194 198.3 203.1 211.4 216.5 222.3 233.5 243 252.2 265.5 279.4 289.1 299.6 314.7 334.5 349.4 367 383.6 395.7 407.5 417.9 422.9 432.3 440 442.3 446.1 453.4 455.2 460.5 463.5 478.9 510.2 537.8 558.2 551.2 550.8 558.4 575.2 593.5 606.6 614.7 622.4 605.6 605.9 608.7 587.8 539.7 503.7 474.1 465.9 473.7 475.9 488.1 488.3 494.5 504.8 516.4 551.4 550.1 558.6 578.7 596.4 614.7 641.1
139.2 140.2 143.7 148.3 152.2 155.3 158.6 160.6 165 168.4 170.8 173.5 177.7 179.8 184.8 189.3 193.8 197.9 202.4 208.9 220 226.9 236.3 248.8 258.4 267.8 277.4 292.4 310.4 328.2 344.2 362.5 376.6 393.1 403.6 409.7 412.4 423.9 427.6 435.1 442.3 448.9 455 460.7 481.6 516.1 570.1 576.8 565.3 559.7 564.2 588 600.1 603.1 610.2 604.5 599.8 608.8 617 591.2 557.1 508.2 477.3 488 500.8 494 501.5 507.3 515.4 529.6 550.5 586 589.8 586.6 597 629.5 630.6 644.2
137.3 144.3 150.1 154.5 157 160.7 161 169.4 174.6 177 181.3 179.1 181.4 188.9 187.8 191.6 192.5 197 202.3 207.9 211.2 217 228.6 237 244.9 251.9 264.5 277.1 289.7 309 327.6 341.1 358.5 375.3 389.5 397.8 405.7 410.3 415.5 422.8 435.9 447.5 460.5 472.1 499.9 539.6 578.1 593.6 586.5 570 564.6 581.1 593.1 600.5 608.2 602.5 598.4 600.1 610.1 598.6 564.9 525.9 485 503.2 522.5 526.4 519.8 527.8 534.3 553.2 586 596.1 605.5 609.5 629.8 652.7 650 663.1
152.4 158.9 165.6 168.9 172.6 174.6 178.4 185.2 190.2 192.7 200.2 195.5 191.6 196.8 199.8 201.8 201.6 207.2 210 214.5 218 224.2 228 230.3 237.3 246.1 258.5 269.5 278.9 294.9 310.8 324 336 360.3 379.7 395.3 403.6 413 418.4 429.4 443 456.1 469.7 485.4 510.4 559.3 607 612.4 609.1 586.9 580.3 580.6 589.6 601.2 602.5 600.5 601.8 598.4 606.8 590.5 554.8 524.7 496.7 521.1 545.2 545.2 536.6 544.2 552.7 577.1 590.4 604.7 618.1 626 637.3 655.8 667.5 674.7
168.2 174.6 181.9 188 192.1 197.1 198.5 201.1 205.2 211.8 218.6 218.1 216 215 214.3 218.9 222.6 219.7 221.9 225.7 229.8 228.6 234.5 239.7 242.4 250.2 263 269.5 280.3 293.3 301.3 318.2 334.7 356.3 375.9 397.9 408.4 421.5 431.6 438.5 451.6 465.1 486.4 505.8 529.9 583.5 621.6 639.8 635.4 609.8 592.7 582.8 590.3 602.5 598.4 598.4 598.4 598.4 603.2 588.3 560.9 527.3 503 532.5 550.8 552.2 548.9 553.6 570.1 587.5 602.9 614.8 636.3 643.7 648.4 657.9 665.1 669.8
186.1 193.7 199 205.8 211.7 215.2 218.3 223.1 226.2 231.2 234.1 236 236.6 236.3 237.7 238.5 238.8 240.2 238.2 238.6 241.9 242.3 239.8 246.2 254 262.8 268.8 282.7 291.2 300.2 311.7 317.8 326.1 347.2 371.4 394.1 409.1 424.1 443.7 449.8 472.1 486.3 500.7 512.9 549.3 605.9 643.3 666.6 657 641.2 622 604.8 593.8 598.4 598.4 598.4 598.4 598.4 598.9 587 563.9 528.8 525.3 542.3 555.2 554.3 557 566.3 583.3 603.1 625.9 643.4 647.5 657 665.4 666.1 682 680.5
206.2 216.9 219.5 226.3 233.7 236.6 240 245 249 250.4 253.4 257.3 258.5 258.9 258.4 263.2 262.9 260.4 260.7 261 261.6 259.3 258.1 257.2 260.3 271.9 281.7 287.3 302.4 312.6 322.4 330.5 332 344.8 365.6 388.9 409.7 427.4 448.8 469.7 479.6 498.2 518.3 546.3 531.2 605.6 652.7 675.6 677.4 674.3 652.6 633.3 620.3 604.3 602.5 599.1 600.8 609.1 602.5 597.9 566.8 528.5 540.9 544.8 557.4 559.1 567.1 575.7 597.3 620 641.6 657.1 662.8 669.3 678.9 677.7 690.8 688.8
223.7 235.3 240.3 245.2 252.1 257.6 262.2 266.1 270.4 276.9 275.5 281.3 282.4 286.2 286.3 288 287.1 285.7 285.2 285.6 289.1 284.5 279 277.8 276.7 283.2 293 298.9 312.2 319 335.3 348.2 359 360.3 379.5 402.7 411.7 442.2 459.8 476.7 489.4 511.6 532.2 568.7 583.1 558.5 621.8 660.3 690.6 690.1 681.7 663.7 651.5 621.8 612.3 606 607.8 616.6 604.9 588.1 569.3 550.1 553 558 559.6 568.4 580.7 591.3 610.7 634.9 664.6 689.3 687.8 690.2 699 691.7 693 693.9
241.6 252.5 261.4 262.7 274 282.5 285.7 290.9 295.4 301.6 303 305.5 308.6 312.9 314.8 316 316 314.7 312.8 312.1 315.5 312.4 305.6 302.6 299.2 297.1 307.4 312.1 321.5 331.8 346.1 363.5 381.3 388.3 396.5 415.7 436.9 454.2 474.6 498.3 513.8 532.9 560.5 583.6 606.7 603.4 604.8 650 692.4 700.4 693.7 681.3 660 640.5 625.3 621.6 618.2 632.6 612.6 604.3 580.4 567.7 567.1 570.4 575.2 581.3 592.8 610.2 639.6 676.5 696.3 708.2 709.3 707.4 705.4 699.4 699.4 695.8
265.1 272.5 281.1 286.3 293.5 304.8 308.6 316.3 320.2 323.8 329.7 335.1 338.4 342.4 345.5 345.6 346.1 342.6 343 342.9 338.7 342.6 332.9 327.5 321 322.2 326.4 325.8 327.7 345.2 358 378.7 397.5 411.7 424.2 438.8 452.7 467.2 493.1 522.1 538 552.5 583.2 605 624.3 641.4 646.2 654.3 672.3 698.9 702.7 689.5 671 654.4 638.5 629.8 626.7 625.7 617.5 616.3 573.2 585.9 588.1 587.7 591.8 611.1 618.8 624.8 656.9 688 700.5 710.2 712.8 713.3 714 707.9 708.2 704.2
286.9 293.7 302.6 309.9 317.1 330.5 334.5 342 347.5 348.7 357.3 362.5 368.2 370.1 376.9 374.5 370.6 372 372.3 376.9 375.6 366.1 359.6 351.5 346.9 348.4 347.4 340.8 341.3 355.9 374.2 400.6 422 433.8 444.7 458.6 473.9 491.1 512.1 535.6 556 571.3 599.3 630.6 653 670.1 682.7 683.4 699.2 713.9 713.6 722.9 709.9 679.8 650.4 637.3 627.3 621.5 621.5 611.8 608.3 603.7 612.6 621.2 619.6 640.7 651.6 648.8 665.1 683.6 703.8 717.5 719.9 728.4 729.5 719.8 719.7 717.1
310.5 319.4 329.5 335.2 340.7 358.9 370.2 375.2 378.8 380.5 385.9 391.6 399.6 410.6 410.3 406 401 405.4 403.6 412.3 420.3 402.7 390.5 378.2 370.2 365.3 363.4 357 351.2 366.4 383.9 415.6 435.6 451.4 464.1 480.6 500 524.6 521.3 549.9 568.3 585.7 614.2 650.2 668.1 699.6 719.4 729.2 737.9 751.7 750 737.2 718.2 693.9 663.4 645.8 631.7 621 616.8 619.1 627.5 627.9 651 657.1 644.8 655 664 664.3 679.2 697.7 716.8 728.7 730.2 730.3 738.9 732.1 729.9 726.5
332.6 342.5 352.3 358.9 368.7 378.5 393.5 408.7 410.5 410.5 419.1 427.6 441.2 445.2 447.6 439 434.1 438.6 471 457 461.2 454.8 427 415.9 398.5 386.3 383 372.7 355.3 371.1 390.7 407.3 435.8 463.6 481.1 502.8 543.4 550.4 556.7 560 579.7 601.5 616.2 639.2 678.2 716.9 746.6 761 774.5 783.4 773.5 766.3 748.5 718.2 682.2 658.2 640.5 624.7 620.7 625.9 643 664.6 668 677.3 660 669.4 673.8 675.4 683.3 710.6 731.2 730.1 736 738.7 748.5 747.5 738.2 733.9
355.8 374.2 376.9 387.3 398.3 405.4 415.9 430 435 444.4 451.7 459.9 471.9 479.9 480.6 474.4 471.8 482.3 494.4 493.1 485.8 486 480.4 451.2 430.5 411.2 400.9 391.9 381.2 381.7 385.9 403.7 424.2 463.3 495.2 539.6 574.2 579.5 582.1 591.2 595.8 618.1 630.6 649.5 673.4 724.7 757.1 778.5 799.8 818 808.6 803 761.4 728.9 702.8 679.6 652.9 635.8 627 622.9 639.7 657.3 672 676.5 671.4 671.5 672.5 680.3 696.5 712.3 727 732.5 738.8 747 759 759.2 745.3 740
384.3 397.3 407.9 420.4 424.7 432.7 441.1 457 468.4 477.4 483 494.7 505 514.7 516.6 519.1 535.8 524.1 524.6 520.5 513 509.8 507 488 453.1 434.2 433.2 415.9 410.8 389.5 411.3 418.6 409.7 450.6 497 537.8 582.1 593.8 597.4 610 613.6 627.9 636.7 652.8 691.2 725.6 764.4 788.9 813.7 832.2 845.9 819.8 775.2 746 718.6 693.7 674.9 652.3 639.6 639.1 634 648.4 653 668.3 668.1 669.7 677.5 685.4 698 719.3 730.2 741.9 748.3 758.6 768.7 765.5 751.5 745.1
413.8 420.4 435.8 445 452.8 461 474.5 485.4 501.3 510.3 514.6 529.5 545.1 552.4 555.2 581.2 583.6 576.6 563.5 557.6 547.8 541.2 527.3 504.7 472.1 462.7 458.1 454.5 414.4 418.2 425.8 436.1 443.4 442 480.6 528.7 558.5 596.2 610.8 623.3 636.8 646.9 660.3 665.1 694.7 735.1 767.3 797.6 824.4 849.3 863.7 845.5 827.6 789.7 756.8 718 694.5 672.6 660.5 664.5 654.9 654.7 653.1 660.9 671.2 673.8 679.1 690 704.5 724.7 745.7 758.5 765.6 771.3 769.8 764.7 755.1 748.7
441.6 446.9 466.9 474 492 494.4 506.6 517 534.5 546.8 565.2 577.6 599.5 613.6 631.5 638.9 634.9 624.9 614.9 582.7 571.8 562.8 552.8 533.9 501.9 481.3 475.8 435.4 448.7 446.9 447.5 456.3 466.2 478.6 472.1 487.8 547.6 586.6 624.7 645.4 675.6 664.3 681.9 693.9 718.6 752.8 791.7 821.2 857 880.8 888.9 885.5 877.6 845.4 796.3 776.6 741.5 707.2 693.7 700.9 682.3 665.9 669 666.5 672 680.2 683.7 696 705.8 727.1 750.2 767.3 776.3 783.1 774.9 767.8 756 745
462.8 474.5 492.3 501.3 519.7 530.5 546.6 554.8 573.5 590.3 616.7 653.1 670.3 664.7 677.8 677.4 687.9 682.9 662.3 616.5 589.7 583.9 575.4 561.3 532.7 508.9 444.4 475.1 485.7 479.6 483.6 487.5 498.5 508.6 523 526.8 531 565 616.5 637.2 681.6 682.3 693.5 714.2 723.8 750.7 809.2 845 872.1 888.5 903.7 900.3 898.9 858.3 842.6 825.7 809.3 776 732.3 732.2 701.1 682.3 678.8 674.6 680.8 684.2 690.3 700 710.4 726.9 748 764.6 771.9 773.3 772.5 761.4 747.3 731.3
491.5 505.4 518.6 538.5 553.3 569.5 578 587.8 612.9 639 674.2 691.3 699.5 712.5 724.3 714.7 750.2 738.5 691 648.9 611.7 598.8 596.3 585.5 554.4 480.1 496 498.3 510.5 513.4 513.2 517.5 537.6 550.2 559.2 555.7 568.4 586.1 603 635.1 674 684.8 710.6 726.7 743.2 751.8 798.2 852.6 878.6 890.3 901.4 903.6 904.1 904.5 889.3 871.3 852.3 827.4 759.9 747.5 719.3 707.4 702.2 693.3 697.1 697.9 696.1 696.7 705.3 718.8 739 759.3 763.3 764.4 762.8 747.1 731.8 713.2
511.2 531.2 551.3 562.2 578.4 597.1 609.9 624.7 643.3 664.5 679.5 693.7 700.9 715.4 733.1 757.9 778.3 779.9 748.7 694.4 636.7 610.6 607.3 563.5 511.3 523.4 516.2 519 539.2 566.5 573.1 574 599.1 600.9 606.3 584.5 588.7 601.6 617.5 635.9 666.5 679.6 698 717.8 742 759.6 793.8 830.1 868.6 888.4 900.7 903 905.9 907 892.5 881.4 856.7 827.9 779.3 764.8 747.2 737.5 733.2 713.7 710.9 709.2 712.8 704.6 711 716.9 729.6 741.2 744.9 742.3 736.3 723.1 708.9 689.4
535.5 553.6 571.4 587.9 605.1 618.1 631 648.9 663.4 673.8 688.3 699.1 708.7 719.3 736.5 760.4 771.7 788 787.2 723.7 660.2 633.2 584.3 581.3 571.4 562.2 541 542.2 563 595.5 594.3 617.9 628.4 616.7 612.8 607.4 610.7 629.4 640.1 654.7 675.3 677.9 696 712.8 743.6 781.3 797.3 821.2 870.6 890.8 897.9 899.6 899.3 897.9 889.4 882.4 866.1 835.6 793.8 779.4 770.9 756.6 744.8 728.9 725.5 724.3 722.3 717.3 716.2 723.5 723.9 723.4 723.4 720.5 713.7 702.4 686.4 671.7
558.3 577.9 594.9 608 621.4 632.1 641.5 660.6 673.2 681.2 691.1 700.7 712.9 723.8 736.4 752.4 772 784.2 795.5 747.9 687.9 645.5 591.3 604.1 599 597.2 579.4 573 572.5 595.5 609.3 628.9 643.6 634.1 620 625 635.6 649.9 665.7 685.8 698.5 690.3 702.7 710.2 731.8 788.1 836.5 837.9 873.5 888.5 899.7 896 893.1 888.6 880.8 874 858.2 837.3 810.6 792.6 780.9 764.2 750.3 740.2 738.5 733.3 730.1 729.7 726.7 724.5 719.8 710.7 705.4 697.8 692.1 682.7 672 652.3
