ny/ny20_OST50GRID_20230518/NY20.asc
ncols 200
nrows 200
xllcorner 320000
yllcorner 500000
cellsize 50
[rows 35 to 69 of 200, columns 78 to 155 of 200]
619.5 602.6 582.9 564.2 550 544.7 535.2 526.8 527.4 525.6 513.4 503 485.1 468.8 452.4 446.2 446.4 445.9 465.8 470.4 482.5 498.3 506.3 510 517.2 524.6 534.7 539.5 545.5 550.2 553.6 556.5 563.4 571.1 573.6 569.3 546.7 517 489.1 469.8 443.9 426.7 421.1 429.8 438.8 445.6 455.2 462.9 473.5 491.7 507 520.7 526.9 532.3 534.3 539.3 540.6 542.2 543 538.5 536.8 537.8 541.8 548.1 554.5 565.5 577.2 589.7 607 625.3 640.3 655.4 667.2 675.8 684.4 688.9 694.6 700.2
623.4 614.2 600.8 589.4 586.6 583.3 571.9 562 564.7 559 545.6 531.6 505.3 482.5 467 462.6 460.6 464.6 463.4 480.8 494.2 507.2 514.5 517 523.6 530.8 540.4 545.4 544.8 551.3 556.8 561 569.2 574.6 578.1 567.2 544.3 516.1 489.6 470.1 442.7 424.7 420.3 431.2 441.9 450.9 458.8 469.9 484.8 500.7 514 526.6 530 535.6 536.1 541.8 540.7 540.7 540.4 538 538.8 541.3 546.1 553.3 560.2 568.7 581.6 593.4 608.3 626.1 640.4 656.2 667.5 677.4 684.8 689.5 696.1 702.2
632.4 624.2 624.1 619.1 615.1 606.9 603.3 595.8 587.8 579.5 564.9 549.9 519.9 493.6 482.4 475.5 473 477.4 473.8 489.7 506.1 517.5 523.3 521.3 526.9 536.2 543.3 549 546.5 551.7 559.4 568 575.6 585.5 580.4 558.8 532.1 508.6 482 467.5 437.5 419.2 413.5 426.5 442.5 454.5 462.5 474.1 499.9 504.5 518 531.7 531.9 535.1 538.6 540.4 541.4 539.4 538 537.8 538.7 545.3 549.9 557.1 565.5 577.9 588.3 600.1 608.5 626.4 640.9 653.7 665.8 677.2 684.1 690.2 695.8 701.7
633.5 637.3 638.3 639.6 638.3 627.7 617.8 609.8 600.2 591 576.4 561.4 532.9 509.7 497.7 493.3 486.2 479.6 491 504.4 517.2 531 538.2 535.3 536.8 544.2 547.4 549.8 550.2 552.7 561.2 578 585.3 575.7 552.1 523.1 504 490.9 464.6 439.3 423.3 404.9 405.3 415.2 437.7 451.5 459 472.7 490.3 502.1 520.1 535.6 535.4 536.2 537.3 539.7 541.2 540 537.3 536.6 539.3 547.6 553.3 561.5 572.9 583.2 594.5 603.2 613 628 641.8 652.6 663.4 672.5 680.7 687.8 694.3 700
632.3 639.5 646.2 652.5 648.1 646.1 627.7 617.6 607.3 597.9 585.9 573.9 550.1 530.8 514.6 505.8 497.5 491.3 509.9 520.3 531.9 543.1 546.7 545.6 546.4 551.5 553.5 556.1 555.9 555.5 557.2 568.2 570.5 547.7 525.9 498.9 477.7 471.1 456.3 419.8 401.3 389.8 391.6 402.2 423.2 443 447.3 460.7 480.9 498.8 520.7 538.5 536.4 535.5 535 537.9 539.6 539.1 536.3 533.4 537.9 545.1 555.8 565.2 574.3 585.7 595.6 608.4 618 629.6 640.4 650.8 660.1 668.5 676.2 683 689.8 697.7
635.5 637 646.3 648.3 645.8 648.3 639.1 624.7 616.1 605.3 594.4 585 567 548 529.2 517.1 497.6 508.3 523.8 536.1 545.2 551.5 553.6 555.2 558.5 563.4 566.4 562.7 561.1 562.1 554.3 549.5 537.6 521.3 499.7 473.5 446 430 412 398.6 381.6 369.9 371.4 384.8 404.8 420.2 422.9 448.4 470.7 493.9 512.2 532.1 531.8 531.4 532.7 535.4 535.7 537.2 535.2 528.8 533 545.1 558.1 567.4 575.9 590.7 603.4 611.6 622.2 631.6 641.4 650.6 659.5 667 673.9 680.8 686.2 694.4
642.6 644.1 644 644.5 643.5 638.4 631.7 625.8 618.1 607.1 594.6 581.7 567.1 554.6 537.2 511 516.1 529.2 542.9 551.6 556 558.3 560.1 562.8 566.2 572.6 575 572.6 568.2 567 555.4 532.7 507 492.9 464.8 444 426.6 402.3 385.4 376.6 359.2 345.1 345.5 359.3 372.8 384.6 408 432.2 453.2 476.8 496.2 517.1 525.1 522.5 527.7 531.4 533.1 532.2 531 522.8 527.8 541.8 557.9 569.2 581.5 595 607.7 620.1 625.9 633.9 642.7 650.7 657.3 665.2 670.9 677.6 682.2 690.3
655.9 655.5 648.6 646.7 641.6 633.8 628.2 621.8 611.9 602.9 590.4 574.9 563.9 552 535 531.3 538.2 547.7 556.8 564.6 565.6 566 566 571.1 574.9 580.7 586.9 588.8 585.1 578.2 553.2 522.3 487.4 455.2 435.6 413.8 395.5 376.2 361.5 351 338.9 321.3 321 332.1 343.9 362.3 386.8 413.5 434.7 457 475.8 500.1 511.2 511.6 520.9 525.9 528.7 528.4 526.5 516.5 525.6 542.4 555.8 572.1 585.6 601.8 612.3 624.4 631.6 638.5 645.2 650.9 654.4 660.2 666.5 672.8 677.6 685.7
668.4 661 652.2 647.8 641 629.9 621.5 611.4 598.6 586.2 574.9 570 562.8 549.7 552.1 548.8 557.9 565.2 572.8 578 577.7 577.6 577 576.6 581.1 586.3 592.1 594 597.4 588.8 559.5 509.8 478.6 441.7 412.5 384 365.1 348.4 335.5 324.8 315.6 301.7 294.7 303.4 317.2 337.4 363.1 391.3 414.3 433 447.1 478.5 491.4 494 509.3 517.8 524.5 523.1 520 498.4 524.6 543.3 558.2 575.3 589.5 607.9 617.7 628.3 640.4 645.1 647.8 651.5 654.6 659.5 663.2 670 674.5 680.8
684.5 670.6 659.1 651.4 641.8 627.5 611.6 594 579.3 570.1 566.4 562.6 559.5 565.4 568.6 566.4 574.1 579.6 587 591.9 590.8 588.1 585.1 585.5 587.8 590 596.1 603.3 594.7 590.7 568.7 514.9 464.3 423.5 398 363.3 342.4 326 314.7 302.5 290.4 284 269.4 280.9 297.4 313.8 335.7 357.3 374.2 390.7 418.5 449.6 463.4 460.6 495.1 505.2 513.6 516.8 512 479.3 516.3 543.4 559.7 576.6 591 610.4 620 635 647.5 654.9 651.1 652.2 654.1 656.4 659.9 665.5 670.9 678.3
707.7 686.4 665.5 657.3 645.7 624.8 604.8 580.8 563.6 563 563 563 562.9 571.6 578.9 585.3 592.9 597.6 597.8 603.3 603.6 604.1 601.5 598.6 601.2 600.8 598.9 592.2 587.7 576.8 544.9 517.1 456 412.8 375.5 347.5 321.7 304.9 290.5 280.8 270.4 266.6 251.6 260.4 271.2 285.9 305.2 325.2 344.1 361.8 385.5 404.5 422.7 433.8 457 473.1 494.2 510.2 488.9 466.8 505.9 532.4 553.1 570.9 588.3 607.2 627.4 640.7 654.3 661.4 656.8 654.9 652.1 653.9 655.6 661.4 669.1 677.6
732.9 699.9 682.4 670.7 652.8 633.8 604.8 575.4 563 563 563 563 563 573.2 589.9 601.7 606.9 610.9 614.2 617.9 621.3 620.4 618.2 615.3 612.2 610.3 600.8 592.6 577.7 549.4 524 491.8 435.3 391.4 356.7 330.2 311.3 286.5 271.7 263.7 253.4 249.9 240.4 242.3 248.4 262.9 278.9 296.3 312.3 333.4 353.9 373.3 388.1 398.8 418.7 444 465.5 481.9 459.6 440.9 482.6 513.9 544.6 563.7 586 605.3 627.8 643.2 658 664.1 659.6 658.5 651 648.9 648.2 653.6 663.6 676
752.1 713 694.2 679.3 664.1 652.2 612.8 578.2 562.6 563 563 563 563 579.5 600.2 610.7 616.6 618.9 625.7 631.4 636.3 638 637.7 625.2 618.6 605.4 581.9 564.2 545.7 525.1 492.3 462.1 424.1 378.1 342.3 316.6 292.1 271.5 255.7 247.7 239 234.8 229.8 223.2 227.2 240.7 256.2 271.8 286.9 304.3 322.7 340.7 357.8 368.5 392.2 418.3 435.5 450.6 428 420.9 460.5 491.5 524.1 553 575.9 601.9 624.5 647.4 661.6 671.1 665.2 664.4 652.6 646.9 643.9 645.8 653.4 664.4
754.3 722.9 705.4 691.7 677.2 664.2 634.6 594.1 575.5 563 563 563 565.1 589.6 606.1 611.2 610 607.3 623.4 642.4 648 643.6 638.1 614.5 589.9 559.3 536.1 519.8 508.2 495.1 472.7 446.9 410.8 372.5 329.3 301 275.6 252.9 239.9 236.5 226.2 222.2 216.8 209.4 208 218.6 231.7 248.3 260.5 276.6 294.4 312.6 327.1 344 368.3 390.3 407.8 414.7 398.3 397.7 437.4 474 506.1 535.3 561 586.4 617.9 646 664.5 669.9 665.7 657.6 650.7 644.5 639 638.8 648.4 657.8
758.7 737.6 724 706.7 698.3 685.1 666.5 620.8 600.9 586.2 577.7 572.7 579.4 599.4 608.9 607.3 599.6 592.4 585.9 597.2 616.3 619 628.9 609.8 570.4 531.3 504.6 490.1 476.9 459.1 444.2 420.9 397.6 353.4 316.9 285.4 262.8 242.8 231.8 223.2 215.8 206.9 205.7 198.6 197.3 197.8 210.5 226.4 235.7 253.8 269.3 285.3 299.7 321.3 343.9 362 375.2 380.9 365.8 381.2 424.1 457.8 486 512.1 532 560.9 598 631.2 663.1 667.4 662.1 655.7 651.2 645 635.1 630.4 636.7 642
773.5 755.7 737.5 720.6 711.3 700.5 688.5 662.1 650 641 606.5 595.1 599 606.6 613.5 611.3 601.9 584.8 567.3 564.9 564.7 561.6 556 552 537.2 510.6 482.8 461.1 445.5 430.2 410.1 394.2 371.4 341.6 310.1 279.7 255.1 237.1 223.9 214.1 201.4 200.8 193.7 188.7 186.6 184 190.4 204.7 218.7 232.6 247.8 263 276.1 294.7 313.7 331 344.8 348.9 336.3 373 405.8 436.1 464.1 482 512 541.6 570.6 608.5 645.1 666.6 662.5 657.4 652.8 647.3 638.6 627.4 627.6 634.6
810.3 774.5 748.4 736 725.7 722.3 723.9 703.2 680.5 670.4 640.5 626.4 623.7 624.1 624.8 623.5 620.4 591.8 567.2 543.3 521.6 519.2 506.1 503.4 496.6 471.2 451 433.2 416.4 399.2 379.9 365.1 349.4 329.4 307.2 283.6 258.2 235.1 217.8 206.7 194.7 189.7 184.2 181.8 175.3 176.7 176.8 184.8 201.3 215.2 228.5 242.2 251.7 267.4 286.6 302 317.7 315.2 327.5 361.4 389.4 407.5 430.9 464.6 493.1 528.3 563.6 600.2 636.6 667.9 669.9 660.4 658.5 650 642.6 633.8 625.9 627.2
817.4 790.3 763 750.4 741.5 747.5 751.8 730.2 705.8 691.8 681.9 677.5 661.9 656.6 649.4 642.6 629.4 603.1 582.1 553.9 541.1 494.9 472 456.1 448.6 433.1 420.3 405.5 388.8 371 354.6 339.6 326.4 312.2 293.5 276.8 261.1 241.4 218.1 202.8 196 185.6 178.8 169.4 169.2 169.4 165.6 169 184 200.9 211.7 220.5 229.3 241.7 259 275.9 292.4 290.7 315.8 343.8 363.5 379.5 409.5 447.2 497.3 533 569.4 593.7 647.1 691 688.9 662.7 669.3 655.8 644.9 635.8 627.9 626.5
814.6 801.2 771.3 758.6 760.4 769.1 768.6 772.5 755.6 728.1 718.8 699.6 693.3 684.6 661.8 638.2 619.6 610.2 588.2 560.2 541.9 501.5 464.2 442.2 419.7 393.2 380.6 377.2 365.1 349 330.6 319.9 304.5 290.8 274.4 260.8 247 230.1 215.3 200.8 188.9 181.4 171.3 166.4 162.2 161.8 161.4 160.6 166.4 180.2 196.6 201.7 213.5 225.1 237.9 252.3 268.3 275.5 299 318 336.5 365.1 398.8 431.8 475.5 513.5 541.1 579.5 634.6 688.2 672.7 640.2 669.9 665 656 643.3 631.2 629.7
811.2 798.8 773.4 767.8 778.6 781.8 784.3 788.1 792.6 786.7 777 743.4 716.5 700.7 667.8 644.2 623.4 611.3 593.4 550.4 528.1 491.8 459.7 438.3 423.5 400.2 378.7 355 336 330.5 316.1 302.8 290.6 277.9 261.4 243.7 232.1 218.3 206.2 194.6 186.3 176.6 170.9 165.6 162.9 159.2 156.2 156.6 157.3 166.6 183.6 187.3 196.2 207.9 216.9 231.1 243 259.7 276.9 300.5 324.7 353.7 380.7 408.3 434.2 482.5 506.4 548.4 598.5 630.2 625.7 622.4 637.6 659.1 668.7 649.6 641.9 628.4
807.7 790.2 775.5 772.9 783 787.3 790.1 796.2 803.1 813.6 803.9 788.4 740.1 720 687.3 655.9 630.4 602.5 582.3 537.3 513.9 476.2 449.8 433.2 416.9 384 365.1 345.4 334.6 314.4 302 289.7 282.3 266.8 250 236.8 221.9 214.4 203.6 192.2 184.7 180.3 183.4 178.6 167.4 158.9 156.7 154.7 153.5 153.5 164 170.4 181.6 195.4 202.7 212.2 224.4 242.2 263.3 280.4 303.7 330.1 357.1 382.4 408.6 437.7 474 520.7 563 591.9 570 595.8 609.2 625.3 664.5 656.9 646.3 633.7
797.2 783.5 772.4 772.8 782.2 787.7 792.8 801.8 812.6 822.2 827.6 801.9 760.3 730.3 700.6 666.7 631.5 601.7 579 535.9 504.2 471.8 445.9 417.1 396.5 374.1 353.6 332.6 317.8 305.7 295.8 281.2 271.7 266.1 259.2 247.3 236.9 224.9 212.2 201.2 192.7 186.9 180 175.7 170.5 160.5 156.8 153.4 151.1 149.3 150.7 161.1 170.4 180.9 190.1 200.5 212.2 224.4 240 257.7 281.6 306.9 331.1 356.7 376 409.1 461.9 491.6 499 533 521.8 542 573.2 626 639.9 663 662.8 644.2
786.1 777.2 765.4 767.8 775 783.2 799.4 804.3 816.1 829.6 835.7 799.6 769.1 739.9 706.6 671.2 638.7 607.7 567.3 536.1 502.4 474.7 452.8 426.8 403.3 381.8 364 335.3 333.7 323.2 313.5 305.1 299.3 290.6 275.4 267.7 255.7 241.8 227.1 213.3 202.6 190.4 184.7 175.6 170.1 161.9 156.9 158.1 161.2 150.8 148.6 148.5 161.9 169.7 177.6 187 195.1 205.8 218.4 235.7 259.4 281.3 306.1 330.1 353.1 380.4 411.7 439.6 455.2 477.8 487.6 513.3 559.8 589.8 605.3 630.3 666.9 666.2
774.7 764.6 755.4 761.1 769 779.6 791.6 803.7 818 837.6 850.9 823 796.3 763.1 720.7 683.9 642.5 608.3 569.4 537.1 506.9 480.3 463.2 440.6 417.1 395.6 379.8 363.6 354.6 337.6 333.5 326 310 302.4 298 287.5 274.6 259.9 247.1 230.8 221.3 204.3 194.4 184.2 169.7 163.4 164.4 169.2 158.1 150.9 147.6 144.7 147.9 157.6 164 171.4 177.9 188.7 197.9 214.5 235.3 258.9 282.9 302.1 325.5 350.7 375.4 398.5 421.1 444.8 455.5 487.5 518.6 556.2 563.1 576.8 655.9 653.2
761.7 748.6 746.9 754.8 765.3 776.1 793.6 806.3 818.1 843.7 858 847.5 818.9 783.8 740.3 694.2 645.9 608 572.2 540.5 510.6 486.4 470.5 450 427.4 408.9 393.6 382.3 368.4 358.5 346.8 337.5 326.9 324 321.6 308.8 297.8 283.9 262.8 248.4 229.8 214.2 200.4 193.1 180.6 179.5 167.2 164.5 160.2 151.1 148.6 152.2 141.5 147.3 152.3 156.9 162.1 168.2 180.8 192.7 212.1 237.7 257.1 276.1 299.6 322 346.3 369.1 389.6 408.6 427.9 457.5 484.5 502.2 521.3 541 616.8 624.9
752.4 738.1 740.6 748.5 760.8 773.1 788.5 806.9 816.8 834.7 851.7 859.8 832.3 793.9 750.8 708.1 657.7 608.5 576.9 557.3 523.9 495.3 480.5 459.7 433.6 417.9 406.9 395.3 387.1 380.1 366.3 359.8 350.5 344.3 339.5 329.2 317.9 299.2 282.4 261.4 245.3 225.2 209.3 195 184.9 176.6 179.9 175 164.8 151.3 148.1 144.4 141.1 140.7 142.7 142.8 145.6 152.5 164.4 174.4 193.5 216.7 231.6 250.9 273.3 297.3 319.7 340.5 359.6 377.6 394.3 424.7 446.5 467.4 486.3 531.9 542.8 544.8
745.5 730.9 735.8 746.8 758 773.6 793.2 804.5 816.3 831.3 845.9 852.7 832.5 792.6 753.1 707.7 658.1 611.6 582.8 555.5 533.6 509.1 483.9 467.9 444.5 433.5 419.6 412.7 409.5 400.1 389.5 380 371.1 364.2 355.6 346.6 334.2 311.7 295.6 284 260.9 241.3 219.6 201.8 187.2 180.1 174.7 165.9 158.8 155.7 149.6 144.7 141.6 135.6 138.6 137.8 137.4 142.1 148.6 163.5 178.4 193.6 209.3 229.4 251.7 271.2 290.8 310.4 328.8 345.1 373.2 396.4 412.5 427.5 452 472 486.4 504.4
736.4 723.8 731.4 740.7 754.1 771.7 789.8 807.5 820.3 831.8 844.9 855.1 843.2 804.9 766.9 700.1 650.1 614.4 588.3 564.3 544 517.6 488.2 472.4 458.4 446.7 437.9 433.2 427.3 419.2 408.8 398.8 391 379.9 370.9 360 348.4 336.8 321.6 305.5 282.5 258.2 235.6 215.2 200.5 191.2 179.9 169.7 162.3 156.2 148.5 142.7 140.5 134.8 135.7 135.5 138.8 135.4 138.3 149.9 159.2 171.9 189.9 210.4 229 245.6 263 283.5 299.6 315.5 346.6 364 377.4 396.5 420 432.9 453 474.6
727.2 713.5 727.8 737.5 750.3 770.9 792.8 809.8 821.1 835.3 845.2 852.1 847.4 815 763.8 708.8 660.9 617.9 595.7 577 553.8 523.9 501.4 484.3 473.7 465.7 455.8 444.1 442 437.7 430.3 420.5 411.1 399.4 384.4 371.5 365.5 353.7 342.9 327.9 304.2 277.6 252.4 231.8 215.7 202.1 188.9 176.5 167.2 158.7 150.7 144.7 140.6 135.9 132 133.1 133.3 132.9 133.1 137.3 146.2 159.2 172.5 189.7 206.9 221.9 240.7 260.8 273.8 293.4 318.6 332.7 345.1 368.5 385.3 403.4 425.8 445.8
712.9 712.7 724.5 735.7 748 766.9 789.5 811.4 823.4 836 847.2 851 849.5 787.4 740 700.4 665 630.6 607.2 588.4 573 543.4 519 503.6 493.2 483.1 473.2 464.2 455.2 447.7 448.7 444.9 437.9 419.6 402.3 389 378.2 369.1 355.9 341.5 321.9 293.5 267.1 246.3 228.6 211.3 194.6 180.1 171.6 162.5 155.2 149.2 142 134.1 131 130.2 131.1 131 130.3 130.4 136.8 145.8 159.1 171.3 187.6 204.3 223.4 239.2 250.8 267.6 284.7 299.3 318 340.4 351.1 376.4 392.3 414.5
697.3 709.5 718.3 732.8 746.2 766.9 787.6 807.1 822.9 838.8 853.4 860.8 846.3 786.4 727.1 698.8 678.6 665.7 637.2 623.9 606.9 568.5 541.3 523.4 509.4 498.4 489.3 480.6 471.4 463.1 460.3 460.7 454 440.4 426.8 409.1 398.4 390.8 371.2 354.8 331.7 300.5 278.5 255.9 236.6 212 202.7 191.2 180.6 168.5 159.2 150.8 144.3 136.5 131.4 129.8 128.2 130 129.8 130.1 130.2 136.8 149.1 155.5 170.1 187.1 205.8 219.3 229 242.6 259.7 274.3 288.8 305.6 320.9 339.6 358.3 379.1
697.1 705.5 717.4 729.3 747.2 766.4 786.7 808.2 826 841.4 853.2 854.1 803.7 769.3 737.4 717.9 694.1 680.4 681.4 649.6 617.8 587.1 562.1 545.3 529 513.9 504.9 497.8 486.8 481 477.1 475.8 472.2 459 448.9 430.9 418.3 411 390.9 357.2 333.5 307.9 281.9 257.7 237.8 227.4 213.7 198.3 187.3 178.2 167 157.6 147.6 138.7 130.1 128.6 127.4 129 128.3 128.1 127.9 131.6 137.9 146.7 155.5 170.7 188.7 198.9 207.4 221 236.9 250.8 261.3 276.6 293.3 310.8 328.1 351.5
695.8 706.4 716 730.8 746.5 761.8 790 809.6 830.3 846.9 859 862.4 848.1 787.5 752.3 734.1 716.7 686.3 670.4 657.9 633.4 612.8 591.8 564.2 548.5 530.7 525.7 516.2 512.1 504 502.2 496.4 490.6 473.9 460 447.4 429.9 412.8 386.5 357.9 334.8 311 287.5 260.2 257.4 246.8 232.8 215.7 201.8 192.5 180.3 168.9 156.5 147.2 135.2 128.4 127.7 125.9 125.7 126.6 126.7 126.8 132.1 141.7 143.8 152.8 169.6 180.1 188.5 202.6 214.2 224.2 235.3 251.3 266.4 282.8 299.4 322.3
696.6 704.1 715.6 731.6 746.4 763.9 793.3 818.8 839.6 860.2 876.7 880.4 875.7 848.1 781.8 779.2 754.2 706.2 688.3 674.7 652.7 633.7 618.9 589.3 570.9 558 541.6 533.2 536.5 532.2 527 520.1 514 486 470 451.4 421.1 394.8 376 356.1 335 306.2 276.3 273.1 274.5 266 253 236.7 223.7 211 198.2 185.6 169.2 155.2 146.1 134.4 126.6 125.9 125.2 124.5 123.9 124.9 128 132.3 136 140.6 152.5 161 173.6 186.9 191.7 204.4 216 228.7 241 256.6 274.7 291.6
688.9 698.4 714.7 736.8 752.5 765.7 787.5 821.7 848.1 866.2 878.8 884.4 880.1 874.3 817.8 811.8 815.3 752.2 722.2 699.3 675.8 655.8 630.4 609.5 598.2 577.4 558.4 559.7 562.8 559.4 556.9 547.1 530.8 498.3 464.1 439.7 423.4 397.6 367.5 334.3 311.2 302.3 296.8 291.7 290.9 290.5 277.9 263.5 248.5 235.1 224.3 206.9 182.7 163.8 151.7 137.4 126.4 125.6 124.8 124.3 123.3 122.8 125.3 128.8 131.6 133.2 139.2 147.3 156.2 168.8 177.2 185.8 196.6 207.3 219.7 235.3 251.8 267.6
