ny/ny20_OST50GRID_20230518/NY20.asc
ncols 200
nrows 200
xllcorner 320000
yllcorner 500000
cellsize 50
[rows 140 to 174 of 200, columns 78 to 155 of 200]
352.3 340 331.4 325.9 321.9 321.4 322.9 337.1 353.4 369.7 389.2 405.1 428.5 452.1 475.3 498.4 529.3 549.8 564.6 579.4 594.9 600 601.4 601.9 600.8 607.2 618.6 607.1 590 562.7 548.6 523.9 507.1 494 483.6 483.7 485.3 489.3 489.7 493.8 498 502.8 510.8 520.8 529.3 538.2 544.6 551.8 557.3 560.2 568.8 573.5 573.2 570.7 575 570.3 557.9 551.1 546.3 535.7 515.8 499 492.7 481.5 455.1 445.2 427 411.3 395.7 404.7 415.3 422.7 429.3 431.9 430.4 428.8 435.2 434.7
357.9 344.5 334.9 329.2 323 322.1 326.3 335.4 346.8 362.1 378.4 396.5 414.1 436.1 459.9 483.3 513 534 550.1 565.3 579.1 584.9 591.1 591.1 591 588.2 590.7 582.1 568.8 562.2 543.1 519.7 495.5 484.3 478.6 466.7 473 474.1 478 482.8 486.9 488.6 501.1 510.4 521 528.7 537.3 542 550.5 553.3 559.6 559.5 560.8 560.7 566.2 557 551.8 543.3 538.5 521.8 500.2 488.8 486.7 473.1 460.6 424.3 412.7 401.9 384.4 396.3 408.5 417.9 425 416.5 420.1 421.2 423 418.7
359.5 347.2 337.9 330.5 324.7 321.6 325.9 332.1 342.5 354.3 368.3 387.7 404.2 420.4 442.4 469.3 498.2 519.6 534.8 547.7 560.2 567.5 575.6 579.5 583.7 583.6 579.1 570.1 556.7 544.6 530.3 497.3 485 475.4 466.8 444.7 462 461.1 464.4 468.2 470.5 471.3 487.1 500.1 510.5 519.1 528.1 533.1 546.7 551.7 551.8 553.5 554.8 556.9 555.4 553.5 544.1 536.2 514.7 499.7 481.8 474.2 471.7 453.2 432.5 411.2 396.2 388.5 376.6 380.7 391.7 400.4 409.5 413.3 406.6 406.5 420.9 417.8
364.3 347.4 339.4 332.1 324.8 318.9 323.7 329 336.6 345.6 356.2 375 393.5 404.2 421.5 456.8 484.6 502.1 517.4 531.8 541.6 548.5 558.9 564.1 571.5 569.8 558 554 547.3 534.5 517.4 488 474.9 465 454.9 429.5 442 447.4 449.4 452.4 453.6 462.9 474 485.9 500.1 508.7 514.4 519.5 529.8 537.7 538.4 540.3 543.2 545.9 545.6 533.9 526.4 515.6 498.1 475.7 460.7 449.5 442 422.8 414.8 396.2 380 370.8 359.7 370.6 377.8 393.6 398.5 403.9 395.4 395.8 397.3 396.4
367.2 352.4 339.4 331.5 326.1 321 320.6 328.5 333.8 338.6 344.4 356.5 371.3 386.1 398.9 432.9 457.2 474.1 491.4 507.8 521.7 529 539.4 549.1 546.6 547.7 537.9 532.4 529.9 527.5 506 482.1 464.5 452.2 441.3 425 423.6 433.7 431.5 434.3 430.7 450.6 461.1 470.9 481.3 493.1 503.7 512.5 510.8 513.1 520.6 520.8 521.6 520 519 507.1 494 486.1 469.8 439.5 429.2 425 412.6 395.5 385.7 376.7 364 348.5 348.2 362.5 370.8 377.5 382 387.6 388.2 388.5 387 386.6
369.8 353.6 342.2 333.9 328.1 322.7 313.8 320.3 322.3 326.2 331.7 343.7 354.5 366.1 375.8 394.7 417.7 443.6 459.6 480.6 498.4 522 524.5 524.9 525.1 528.9 519.9 513.6 507.5 499.3 489.9 467.9 455.3 439.9 423.4 406.3 402.2 411.7 413.9 411.5 426.7 437.1 447.7 454.9 463 475.3 485.4 493.8 491.9 494.2 501.6 503.7 502 498.8 484.6 472.9 462 458.4 437.1 417.3 400.6 388 380.5 370.7 363.5 356.5 344.1 334.5 344 348.7 359 375.3 379.3 381.7 383.7 387.4 387.5 382.1
372.9 353.7 342.1 336.3 325.5 317.7 310 314.8 315.6 316.3 322.6 331.4 338.4 347.2 357.7 374.2 391.8 415.7 430.6 454 473.7 488.7 505.6 504 500.7 500.8 496.6 497.4 487.1 474.1 464.8 452.7 428.1 423.3 404.8 393.3 384.4 394.9 398 393.7 412.7 421.9 427.8 431.2 444.9 450.1 461.1 466.1 472.6 463.6 474.5 480.4 479.6 463.8 451.5 441 437.3 416 404.2 388.5 375.3 363.9 357.6 347.6 340.7 337.1 328.9 329.2 338 344.1 355.6 370.9 381.8 385.3 385.7 391.8 388.5 386.5
373.6 355.2 339.7 330.4 320.7 307.2 306.7 312.6 312.2 313.2 316.3 321 325.4 333 341.6 353.3 371.5 396.8 412.3 432.7 448 464.1 474.2 478.9 477.2 482.2 476.3 468.1 468.9 451 446.5 434.1 408.6 395.4 382.4 377 366.7 376.3 377.8 383.5 397 398.9 399.9 405.2 414.7 425.6 433 437.4 441.7 436.6 446.9 447.7 442.7 429.2 418 409 397.5 384.8 372.7 361.3 353.7 344.1 334 326.1 323.1 324.7 317.8 333 341.7 351.1 362.3 384.1 397.1 398.8 398.3 400.6 399.3 396.3
372.5 355.5 339.1 319.2 315.1 298.3 312.8 313.9 311.9 312.2 311.4 314.4 315.5 321.4 328.5 338.4 355 375.1 395.3 405 420.8 437.6 450.8 452.5 457.5 456.4 449 440.2 432.6 416.2 405.1 404.6 381.5 370.5 363.4 357.7 347.1 358.5 354 370 372.8 373.5 378.1 382.5 388.4 395 403.4 410.4 413.4 408.1 419.8 411.2 406.6 401.9 386.6 378.2 366.6 355.8 344.5 338 330.3 323.4 316.2 309.1 311.3 309.3 322.4 337.5 350.9 365 381.4 398.3 412.7 418.1 416.5 416.7 411.5 417.9
372.6 356 342 326.4 307.2 297.5 310.6 312.2 310 309 309.9 309.8 311.7 317.4 326 330.7 340.4 353.3 368.8 381.9 403.8 409.8 419.5 428.1 422.3 420.2 413.8 413.6 398.9 387.7 374.2 367.1 352.8 344.9 340.6 338.6 328.1 340.9 345.3 350.9 353.2 351.2 354.2 357.8 360.2 367.5 376.8 382.4 387.1 378.7 380.2 376.1 373.1 368.7 358.3 350.5 338.9 327.5 321.9 316.5 308.8 303.7 300.1 301.1 310.6 324.5 343.6 356.3 371.4 388.3 402 431.3 439.1 441.1 438.9 432 433.7 435.3
375.4 358.3 343.4 329.9 313.6 293.2 297.8 308.7 308.4 306.9 307.9 307.4 309.9 313 316.8 324.1 326.2 333.9 343.3 354.9 373.5 379.7 387.5 390 391.2 389 381.8 373.6 363.2 359.7 345 336 330.7 325.5 324 320.2 322.3 324.1 327.9 332.3 333.3 330.7 330 330.4 332.9 339.2 350.8 350 352.6 350 349.1 346 343.4 336.8 331.7 323.8 314 305.3 305.4 298.3 292.8 294.8 302.7 313.8 335.1 351.2 365.9 380.3 396.6 412.3 430.9 449 460.6 462.3 459.3 453.2 449.1 449.7
374.2 356.2 341 331.4 317.1 297.5 290.4 299.1 301.4 303.3 304.9 306.8 309.1 311.3 314.4 314.9 319.7 327.7 331.1 338.6 347.8 354.8 357.6 363.8 360.8 357.4 350.1 342 333 323.4 318.2 313.2 310.6 307.2 311.7 305.7 308 311.1 311.7 311.3 312.8 314.9 313 314 313.2 315.5 319 323.7 326.2 321.1 318.1 319.3 314.1 308.2 306.9 297.1 293.4 293.4 287.1 288.6 292.5 308.3 323.4 339.2 360.8 373.8 388.2 405.5 425.6 440.7 463 477.8 483.3 481.5 480.6 475.5 471.6 468.3
372.4 356.2 344.3 333.1 319.9 303.2 281.9 291.4 298.4 302.7 302.4 303.4 308 308.6 305.9 312.7 323.3 328.1 330.1 332.2 337.9 345.2 348.3 350.1 346.2 334.6 325.8 316.7 308.9 303.2 299.3 295.3 295.4 299.6 299.3 293.5 295.5 296.5 296.5 299.6 297.7 298.5 297.6 296.6 294.7 293.6 298.1 295.8 295.3 295.9 293.7 297.2 294.9 284.8 281 274.4 280.1 283.8 287.9 303.4 318.5 336.3 349.1 362.1 378.5 397.9 414.4 438.6 452.4 468.5 484.1 498.9 504.1 505 499.6 494 490.2 486.8
372.7 360.9 347.7 335.4 322.5 302.9 282 285.5 296.1 295.9 293.4 297 299.1 299.8 294.2 307 312.9 313.7 313.5 313.7 323 332.2 326.5 327.5 319.2 310.2 302.1 297.1 289.8 285 283 283.8 284.8 283.8 283.6 280.1 279 285.1 284.2 286.4 282.8 281.4 281.6 280.9 278.4 273.9 275.9 276.5 276.7 277.1 273.9 273.9 270.3 270.1 272.1 277.3 282.9 289.6 305.2 318.7 333.6 355.5 375.4 385.6 402.2 425.2 445 462.7 482.2 498.1 510.5 518 522.2 520.7 516.2 508.9 506.5 499
377 365.8 352.2 339.2 324.9 304.8 280.2 285.8 290.5 286.1 286.9 285.8 287.6 286.4 292.9 296.9 298.1 295.3 294.4 296.7 294.9 307.5 308.9 301.9 297.8 293 289.2 277.3 277 270.1 269.1 271.6 272.4 274.2 273.8 271.7 270.2 273.4 271.9 273.4 268.7 269.2 267.4 265.6 266.5 263.1 262.4 261.1 262.2 263 264 265.2 265.8 268.4 272.1 280.4 288 300.3 315.3 330.3 356.9 371.5 393.7 411 430.5 450.9 472.5 485.9 510.5 520.7 528.7 535.1 538.1 539.9 533.4 526.2 518.2 507.6
379.9 369 355.7 340.6 323.5 305.5 279.1 279.6 280.2 276.4 278.2 278.9 279.4 280.2 280.8 283.7 280.2 282.7 279.7 282.5 281.7 284.1 288.8 283.3 283.4 282.4 273.5 266.9 263.3 261.1 265.3 262.4 262 263.9 262.9 263 261.9 261.8 264.2 259.1 258.2 257.5 254.9 256.8 254.4 254.4 255.8 257.4 258.7 260 261.7 263.5 266.4 272.7 280 289.5 301.1 315.3 328.9 347 365.4 387.3 411.9 434 456.7 477.2 496.4 519.2 531.9 546.5 550.4 554.3 555 551 540 529.9 513.9 494.1
380.6 374 361.8 341.4 321.4 300.4 277.9 272 274.4 270.5 271.1 270.6 270.6 272.4 273.1 272.6 267.1 270 272.2 270.7 270.5 269.4 264.3 264.3 263.3 258.2 254 251.9 250.8 248.5 254.3 251.9 252.6 254.9 255.2 255.9 256.1 254.8 255.6 252.7 250.1 249.3 250.2 250.7 252.3 253.6 255.4 256.1 259.1 260.3 264.7 268.8 273.4 279.3 292.4 302.8 317.2 333.9 348.9 366 384.8 410.6 434.7 461.6 484.4 502.8 520.8 543.1 556.6 565.5 569.1 567.1 557.5 549.4 532.3 511.3 491.6 473.7
384.8 369.5 355.1 338 320.6 301.5 276.8 260.2 267.1 265.3 263 263.9 264.5 262.9 261.6 259.9 252.2 256.6 253.5 253.3 248 247.3 248.3 244.8 244.5 244.1 243.1 240.9 239.7 241 242.9 249.5 253.1 252.1 250.5 250.4 251.4 250.6 248.9 246.9 247.2 248.1 249.2 251.7 252.5 254.8 256.9 260.3 265.8 269.1 274.3 279 285.4 295.5 306 317.6 331.6 350.8 369.2 387.1 407.9 433.9 459.2 487 513.3 531.1 546.8 562.3 576.4 577 576.3 568.9 552.1 532.2 511.7 491.1 469.3 450.3
388.5 366.8 351.9 337.5 316.1 294.4 272.8 261.1 253.9 258.8 255 259.2 256.9 256 251.5 246.6 243.5 243 239.5 238.8 237.7 236.5 236.9 236.9 237.2 234.5 234.4 235.3 236.5 238.6 239.8 240.8 241.4 244 245.8 246.4 247.5 247.1 245.7 246.6 247.7 251.8 254.1 257 260.2 261.1 261.9 267.5 273.2 280.2 285.9 293.9 298.4 306.7 320.7 334.1 349.7 372.7 391.5 410.9 435.5 460.8 480.7 509.5 542.2 562.1 574.3 583.5 591.2 586.3 574.9 556.8 534.4 510.5 489 468.1 449.4 430.5
367.1 363.9 342.6 328.3 309.2 286.7 271.2 258.9 249.2 251.7 250.2 250.6 248.1 241 238.4 238.1 237.6 233.6 232 230.7 232.5 231.3 233.6 231 231.8 231.2 230.6 233.1 234.8 235.3 235.9 236.7 236.9 238.6 240.9 241.8 242.3 243.4 250.3 253.9 256.4 260.3 262.5 266.8 270.2 272.2 274.7 280.8 283.1 289.3 300.4 309.1 314.9 323.6 336.4 352.2 370.5 393.7 413.5 436.1 460.2 487.3 508.5 532.6 558.5 578.3 593 599.9 598.2 586.5 561.8 531.7 511.1 489.1 468.1 447.6 429 410.4
340.4 330.8 317.8 323.1 297.9 275.7 262.7 248.5 244.9 247.5 245.1 241.1 232.7 233.2 231.2 233 232.6 230.2 226.4 227.8 229.9 229 228.1 227.5 227.8 228.4 229.5 230.7 232.4 233 234.3 235.1 236.3 238.1 241.9 247.2 247.5 253.5 262.2 266.3 270.8 272.4 274.6 279.4 283.9 288.9 292.8 296.1 298.6 304.9 314.2 322.7 334.3 346.4 359.1 373.5 390.1 413.4 437.3 460.8 485 509.8 532.2 558.7 587.8 598 607.2 604.2 593.4 566.9 536.3 512.3 493.7 471.3 447.3 427.1 410.1 394.1
321.5 312.7 297.6 293 285.2 268.3 255.8 248 238.8 242.4 237.5 232.4 230 228.1 227.8 226.9 226.5 225.2 225.6 222.9 223.7 224.4 225.6 227.1 227.2 227.9 229.3 230.9 231.1 233 234.7 239.9 242.1 245.4 251 257.9 262.3 270.7 278.7 284.9 287.2 287.8 293.3 298.4 301.9 310.1 312.7 318.2 318 326.3 336.4 338.4 352.2 365.8 378.3 397.5 413.5 437.6 460.7 485.4 507.5 526.3 550.8 573.7 597.8 609 614 604 579.9 544.9 516.7 494.2 470.8 447.9 428.3 410.4 392.3 377.5
299.9 293.7 285.5 275 271.1 262.7 251.5 243.5 240.5 232.5 229.3 228.3 226.3 225.6 226 223.2 224.6 220.4 222 222.3 223.1 224.4 226.4 227.4 230.9 234.1 236.9 240.2 243.1 247.2 249.9 258.1 266 270.7 276.7 281 285.2 292.6 300.5 306.1 309.3 310.3 314.1 320 323 327.8 333.7 334.7 338.2 350.3 356.1 367.3 375.8 386 404.2 420.9 439.8 461.2 484.6 511.4 535.1 555.4 586.2 597.6 617.1 629.8 624 608.2 570.3 538.8 504.5 479.7 456.5 433.3 415 393.8 377 364.4
286.6 274.6 271.4 265.9 259.8 257.8 244.6 241.3 238.7 234.8 229.5 227.6 224.5 223.5 222.6 221.8 221.8 220.4 220.8 222.8 224.2 226.5 231.4 235.7 237 241.2 246.4 252.1 258.2 268.9 274.5 285.4 295.9 297.4 302.1 307.4 309.3 316.6 323.5 328.1 331 334.4 339 346.2 351.3 349.4 355 352.4 359.7 368.1 379.7 387.8 398.8 402.6 432.2 449.2 467.6 492.6 514 538.7 561.8 589.5 616.4 634 640.2 643.9 634.1 608.7 571.9 531.3 496.1 466.6 445.4 423.6 405.1 385.1 370.1 356.2
275.8 266.1 256.6 249.5 246.7 245 243.6 237.9 236.2 236.1 234.8 232.8 227.9 222.2 220.7 220.2 219 219.5 221.1 223.9 226.6 232.7 238.5 241.6 242.6 249.9 260.9 269 275.8 286.7 306.4 314.2 324.1 324.4 330.9 338.1 340.7 344.3 348 352.7 353.9 355.1 361.8 366.4 370.8 374.1 374.5 373 380.3 389.1 400.5 414 429.1 439.1 448.3 474.4 496.2 516.7 537.9 563.3 582.4 622.8 644.5 650.1 654.7 654 639.9 608.4 572.2 533.1 489.2 454.6 432.4 416.6 399.2 377.3 361.7 354.4
268.7 255.2 252 248.1 244.5 244.3 245.2 244.2 241 236.9 235.1 234.5 228 224.1 219.1 218.6 217.9 224.7 230.7 227.2 232.9 240.1 245.5 246.4 248.5 255.4 267.7 282.8 292 306 318.7 337.7 349 353.7 352.6 357.7 360.6 366 365 369 373.1 377.4 381.9 386.6 390.3 392.3 393.7 392.8 399.1 410.7 426.5 441.6 453.6 467.9 469 501.3 525.2 553.4 571.2 585.6 610.6 630.4 646.6 660.5 664.3 661.2 640.5 605.7 570.2 528.1 484.8 441.9 421.1 406.9 386.5 368.7 360.7 367
257.4 250.3 252.5 252.8 254.4 252.3 254.3 249.5 240.2 232.8 230.5 231 226.3 221.2 217.4 214.9 224.9 228.2 230.4 230.4 232.8 236.8 245.9 247.8 250 261.4 273.5 295.2 312.6 333.8 344.3 356.9 366.6 370.2 375.1 373.2 373.8 376.1 380.9 389.5 393.3 395.2 395.5 399.9 403.6 407.5 412.2 417.1 425 436.1 452.6 464.1 478.9 494.2 511.4 516.7 552.6 576.7 598.7 609.4 635 658.1 657.7 664.2 671.9 664.6 632 599.2 556.2 516.7 467.9 436.8 420.4 406.8 384.6 373.2 385.6 372.8
251.3 261.2 259.8 258.4 258.6 250.1 249.5 240.4 236.8 223.2 223 221.7 218.8 215.7 212.2 218.3 230.4 230 231.6 231.6 233.4 236.6 241.1 247.6 255.9 269.6 285.8 305.6 332.5 348.3 357.5 365.9 380.9 381.6 381.7 383.2 382.7 385.9 395 397.9 400.6 404.7 406.6 411.5 415.9 422.2 433.6 439.5 445.7 455 467.8 481.4 501.9 522.4 542.6 557.5 570.7 606.6 620.9 628.5 657.5 663.7 665.6 673 671.4 657.2 626.8 590.6 546.5 496.6 459.7 437.6 414.4 404.1 399.8 408.9 397.6 381.9
256.5 258.9 261.3 256.1 251.6 239.1 234.5 228.4 224.4 217.3 214.2 214.5 214 211.2 214.9 218.9 223.4 226.8 228.8 230.7 232.7 238.7 247.2 256.5 267.5 281 299.1 323.1 355.1 358.3 364.2 369.2 383.1 384.2 387.3 390.2 392.4 399 407.8 409.3 410.7 414.6 419.5 425.6 431.5 437.6 443.5 449.3 457.9 467.7 479.6 498.4 518.4 541 563.4 581.9 587 605.1 625 635.1 647.5 660.9 674.8 682.6 673.3 649.4 618.8 576.2 522.4 483.2 455.4 433.5 416.7 420.9 417.9 418.5 406.3 398.5
255.1 253.7 251.6 246.6 236.4 227.8 218.5 215.5 214.2 212.4 213.2 212.8 211.7 212.7 214.6 216.9 220.8 223.7 227.1 230.7 234.9 243 253.5 267.7 278.7 295.9 316.8 343.1 360.3 362.2 370.1 372.4 389.5 392.7 396 400.4 403.3 411 415.7 417.1 420.2 424.4 430.1 434.8 439.7 446 452 459 471.3 483.3 496.7 516.1 531.1 554.4 571.8 590.3 606.7 616.5 630.1 642.5 656.7 667.1 680.9 683.3 660.9 638.7 601.5 555.1 518.9 483.5 452.3 439.5 425.2 421.9 428 425.5 412.7 410.4
248.1 242.8 235.2 228 223.2 218.1 212.2 210.3 211.4 212.4 211.9 210.9 210.9 213.2 214.3 216.3 220.8 223.7 228.3 232.8 241.5 249.6 261.9 278.4 293.2 311.5 333.7 347.8 361.4 370.3 376.4 381.8 386.9 394.3 406.7 408.4 410.8 417.6 420.5 424.7 429.4 430.8 439.8 442.7 445.3 451.5 464.1 474.5 486.8 500.1 513.7 530.6 544.8 564.8 588 604 620.2 628.5 637.5 653.6 663 678.8 687 672.1 644 608.8 576.7 549.1 513.7 485.4 457.4 440.9 430.3 427.1 431.6 429.4 424.1 420.6
234.2 229.6 216.6 213.6 211.1 209.2 209.4 209.9 210.9 211.1 210.1 210 211.2 212.8 214.6 216.5 220.6 225.9 232.7 240.5 247.3 255.6 268.5 291.3 306.2 327.5 338.7 366.4 370.1 383 388.5 397 399.4 401.3 407.1 414.5 424.9 428.6 427.1 431.4 437.5 445.6 449.8 451.6 455.8 464.1 476.2 489.1 501.6 515.6 528.8 544.9 561.8 583.8 611.9 621.2 630.4 642.8 650.5 662.4 672.2 682 682.3 661.1 618.7 587.9 561.8 528.6 502.7 478.2 456.3 443.9 434.7 431.3 433.3 433.3 431 431
226.7 218.1 210.8 207 207.8 208.6 209.4 209.1 209.3 208.7 208.9 209.1 211.1 212.2 214 217.5 221.3 228 236.7 248.2 254.5 265 280.3 302.7 316.1 332.3 346.7 373 374.6 380.2 393.5 396 401.4 408.5 415.9 431.4 431.5 432.9 437.7 441.6 448.9 455.1 453.8 459 469.7 478 500.6 501.3 518.5 527.6 543.1 560.2 573.8 593.6 613.7 625.2 640.3 651.2 658.5 670.7 678.7 684.6 676.9 638.7 603.5 572.6 543.4 523.5 501.5 474.3 457.2 443.5 436.3 437.5 439.8 445.8 446 445.6
220.3 210.9 209.2 206.3 206.6 207.7 208.3 205.9 206.9 207.3 208 208.6 210.8 211.9 213.6 219.1 224.4 232.9 242.7 252 261.9 273.2 286.9 306.5 318.3 334.5 344.6 358.3 372.8 381.2 393 404.7 418.5 425.1 429 433.2 435.1 440.1 445.9 452.2 456.2 462.8 466.1 473.2 484 500.7 515.9 522.4 533.8 542.3 553.9 569.8 587.7 603.2 619.3 633 645.5 660.8 668.8 677.2 685.1 696.9 693.6 665.1 623.2 586.3 544.9 515.6 492.2 473.7 453.6 445.3 441 447.6 448.5 457.8 461.4 463.6
213.4 206.9 205.5 205.9 206.7 206.1 205.1 206.1 206.3 207.3 207.6 209.8 210.3 212.1 215.9 222.7 229.1 237.4 243.3 252.3 264.1 278.4 291.4 306.3 322.7 336 348.6 361.3 373.5 387.5 399.9 428 429.5 437.1 437.9 442.6 446.5 449.7 458.2 459.7 466.7 473 476.2 489.6 502.3 519.8 531.4 538.5 543.6 551.6 563.3 576.2 591.2 607.9 625.4 640.3 654 665.4 675.5 684.6 693.4 707.5 709.9 666.2 622.9 591 553.5 524.8 501.1 479.8 464.7 451.4 449.6 452 454.5 461.8 473.9 475.5
