ny/ny70_OST50GRID_20230518/NY70.asc
ncols 200
nrows 200
xllcorner 370000
yllcorner 500000
cellsize 50
[rows 35 to 69 of 200, columns 78 to 155 of 200]
214.3 216.9 217 221.3 221.5 220.1 219.6 222.3 225.5 226.4 225 222.9 222.2 225.5 237 239.9 240.9 238.9 233.9 227.2 220.4 216.9 217.7 214.9 208.4 208 207.6 204.4 202.5 206.8 209 211.8 213.7 218.1 224.3 231.6 231.6 230 224.9 220.4 213.4 220.3 219.5 210.7 199.2 191.5 182.6 174.9 179.1 184.6 192 203.2 205.7 200.3 199.9 200 196.8 191.3 183.9 183.6 183.5 181.4 184.2 185.5 182.9 180.3 178.8 176.8 176.5 178 179.1 182.3 185.3 182.3 182.8 192.3 192.7 183.5
214.9 214.8 214.6 218.2 218.4 221.6 222.6 225.8 227.8 229.6 228.9 227 224.9 226.9 236.8 240.5 240.4 237.4 233.3 228.2 222.9 223.6 224.5 218.9 211 207.8 206.5 201.8 206.5 211.8 214.5 216.6 220.1 224.3 229.1 232 234.3 230.5 223.2 218.1 219.6 226 223.2 215.9 207.9 196.9 187.9 179.7 178 184.7 193.4 204.1 203.2 201.6 206.3 203.6 197.5 190.2 189.1 192.8 191.7 189.6 191.1 187.1 183.2 180.2 179.1 177.3 179 180.3 184.7 190.5 188.8 184.3 186.5 193.3 181.1 167.6
219.1 217.5 214.9 214.6 217.9 223.6 227.5 229 230.7 231.9 231.6 230 227.3 228.8 235.6 241 241.3 238.2 234.7 230.8 228.3 229 227.8 220.6 211 207.1 204.9 205.4 212.1 218.3 222 223.5 225.1 229.8 233.8 236.2 236.5 229.3 220 216.6 223.1 229.7 226.3 220.7 215.1 200.8 191.9 183.4 179.4 183.6 194.2 200.8 199.9 206.4 209.9 204.4 196.7 195.7 198.6 199.3 197.7 196.2 196.2 189.6 184.1 181.1 179.3 179 184.4 185.6 190.4 194 188.2 184.2 190.3 186.1 170.7 171.7
221.4 218.2 215.3 214.9 217.2 225.2 229.6 231.9 233.7 235 234.6 232.7 230.3 230.6 235 240.3 242 240.3 237.2 233.4 231.9 232.1 229.7 220.6 211.4 207.2 205.5 208.8 217.3 223.1 225.8 226.5 227.6 232.3 235.4 238 236.1 226.3 218.3 217 225.7 232.1 228 226.6 220.2 208.9 197.9 185.9 181.6 181.9 187.3 194.2 201.9 210.4 210.9 203.2 199.3 203.6 203.9 203.4 200.5 201.3 197 189.7 184.7 181.3 181.2 184.7 186.3 189.1 194.6 193.5 186.3 183.2 185.1 177.2 170.2 172.9
223.3 222.5 217.1 215.7 217.6 225.3 234.5 236.4 237.4 237.3 236.8 236.3 233.8 232.6 232.7 236.1 240.3 241.2 238.9 235.6 235 234.5 229.4 218.9 211 208.5 206.8 211.3 220.2 225.3 227.2 227.1 227.7 231.8 235.1 237.4 233.2 223.1 218.7 219.3 225.9 230.6 231.5 232.3 223.7 213.5 200 192.6 183.7 183.4 184 191.4 208.4 213.6 208.8 202.9 205.4 208.4 207.3 205.1 203.4 202.1 195.6 189.6 184.6 183.6 181.2 185.6 187.9 193.1 196.5 190.6 184.1 182 180 174.7 171.7 173.5
224.9 225.2 218.3 217.2 225.4 230.2 237.9 240.3 241.4 240.5 238.6 237.1 235.8 233.1 229.4 230.4 238 240.3 240.3 237.1 236.8 234.3 225.3 216.5 211.9 209.8 208.4 213.2 220.6 226 226.7 226.8 227.1 230.3 235.2 238.9 235 227.8 225.2 225.2 227 231.6 238 236.8 225.6 215.6 200.7 194.7 188.6 185.9 185.8 197 211.2 211.8 206.9 205.6 210.2 210.3 207.7 204.4 200.9 197.9 192.6 187.9 185.8 184.5 182.5 187.4 191.7 196.2 194.3 184.7 184.1 182.4 178.2 174.1 174.3 174.1
226.2 226.9 219 219.4 226.6 236 241.7 244 245.5 245.3 242.8 239.5 234.7 231.7 230.3 231.4 235.9 240.5 241 237.6 236.7 232.3 222.1 216.7 214 212.3 211.5 213 220.2 223.9 225.6 227.3 229 237 245.5 248.1 243.7 236.7 234 235 237.5 242.1 244.1 238.2 227.4 216.6 200.6 197.4 192.9 188.9 187.6 204.5 211.3 207.6 203.6 208 212.6 210.1 204.4 199.7 197.1 195.1 192.8 188.9 186.1 184.2 186.2 189 194 196.3 190.6 185.9 186.5 184.3 181 175.5 173.4 170.2
227.4 234.5 234.8 235.3 235.9 237 237.3 238.3 238.3 239 243.2 245.9 241.4 236.8 236.4 238.3 240.6 241.9 240.9 239.5 238.2 233.4 226.1 219.2 217.1 215.6 215.5 212.6 219.8 223.6 228.1 230 236.6 248.4 255.4 256.7 251.4 248 246.2 246.5 246.8 248.3 247 237.8 227 214.4 201.7 196.7 195 194.1 190.3 202.7 204.6 199.9 201.2 209.9 212.7 206.1 199.7 200.3 201.9 201.9 196.5 189.7 185.6 184.3 186.5 190.3 194.7 193.1 187.6 190.4 192.1 187.8 186 176.9 173.9 176.4
228.8 226.6 222.8 225.2 235 245.9 252.2 255.6 256.8 256.1 256.3 254.2 248.7 244.6 244.3 242.1 246 245.2 245.8 246.4 244.3 237.2 228.3 224.1 221.6 221 218.8 216.4 220.3 226.5 230.4 234.4 244.7 256.3 262 261.6 256.7 254.5 253.8 252.8 252.2 251.1 246.4 236.1 224.6 210.8 202.9 198.1 196.7 195.1 191.8 195.9 195 194.1 198.4 209.1 208.3 201 203.6 210.6 211.4 207.2 197.1 189.3 185.6 185.4 186.9 191 193.9 191.7 193.1 199.2 201.9 190.2 185 175.5 169 178.9
231.7 227.1 225.5 228.3 239.7 251.6 258.8 262.5 263.5 262.7 262.5 260 255.7 252.4 249.2 250.9 250.7 249.6 243.5 252.7 249.3 240 230.7 225.6 227.8 226.3 225.4 220.2 220.7 228.1 232.3 237.7 251.8 261.4 265.5 264 259.6 258.3 257.3 254.8 252.4 247.7 240 230 220.6 209.2 206 204 201.4 196 194.1 192.7 192.3 192.3 194 202.9 202.3 202.9 213.3 218 215.7 208.3 197.2 187.8 187.4 187.1 187.4 189.9 191.3 191.7 199 206.7 201.4 188.9 177.7 169.2 178.6 181.1
239.4 233.8 231.4 233.3 245.5 256.6 266.1 268.8 270.1 268.6 267.1 265.3 262.1 259.3 255.7 253.8 253.4 254.3 258 257.7 245.1 240 235.2 233.2 234.3 234.9 234.3 232.2 229.8 223.8 235.7 242.6 254.9 262.5 265.8 263.7 260.7 259.2 256.1 250.9 245.2 238.9 230.6 222.3 217.6 216.3 213.2 209 205 199.1 196.9 194.8 193.1 192.3 193.8 196.6 199.3 209.7 218.5 220.4 215.6 205.7 195.1 188.5 188.9 187.2 188.8 190.2 190.7 194.9 205.8 209.6 197.2 183.4 170.1 178.4 178.9 183.2
249.9 243.6 241.4 244.1 247 262.5 272.6 274.1 276.7 274.6 272.4 270.1 268.5 265.5 260.2 256.6 255.3 257.9 261.9 259.7 251.3 240.4 237.9 239.3 240.9 244.3 244.8 241.6 237.8 228.1 238.4 245.1 253.7 258.6 259.6 257.6 256.5 254.3 249 244.5 238.7 229.6 229.5 227.5 221.8 213.8 209.8 205.5 201.4 200 198.5 195.7 196.1 193.4 193.9 195.6 199.5 214.4 221.6 220 211.9 199.2 191.3 192 188.8 188.4 190.4 191.5 191.5 198.3 209.6 208.3 194.1 177.4 176.6 185.9 181.3 182.7
260.3 249.9 253.7 257.2 253.8 267.4 278 278.9 281.2 278.9 277.2 275.3 273.3 269.4 263.9 259.7 258.2 261.8 264.2 260.2 249.7 242.6 241.8 243.4 247.3 250.6 250.6 246.4 242.2 236.1 241.4 245.9 249.9 252.2 251.9 251.2 250.6 248.7 244.7 240.5 231 236.1 237.1 233.4 227.1 218.5 210.2 207.5 206.2 205.4 203.5 199.2 194.8 195.8 193.8 194.8 201 214.2 219.6 214.5 205.1 195.4 190.1 192.7 188.9 189.1 192 192.2 191.6 199.5 209.4 202.4 185 175 185.7 189.3 183.2 181.4
266.5 260 266.5 270.1 265.4 274.7 282.2 282.9 284 282.9 281.3 280 277.6 272.6 267.6 263.6 261.3 264.9 265.1 257.8 248.4 245.9 241.4 246.8 251.1 247.6 252.9 247.9 243.3 234.7 242.9 246.4 248.7 249.4 249.2 249.2 248.1 243.7 237.2 234.3 238.9 243.7 243.4 239 232 222.7 215.9 214.1 212.2 209.7 208.1 203.6 197 194.8 194.7 195.5 198.4 206.3 211.1 204.7 197.9 193.6 194.5 191.4 189.4 189.5 193.9 191.6 189.3 194 199.2 194.6 182.3 173.2 196.4 191.3 189.5 189
270.7 271 278.6 282 276.2 277 283 286.2 288.8 288 286.3 284.7 281.4 275.9 270.8 266.4 264.1 266.1 262.7 254.5 249.5 247.8 245.9 248.7 253.5 255.8 252.5 246.1 240.3 240.9 245 247.6 248.6 248.7 248.7 249.1 246.6 241.6 237.9 238.3 243.7 248.8 248.7 244 234.7 224.9 218.7 216.4 215.7 214.8 212.9 209.1 202.7 197.9 196.8 196.8 197.1 195.1 194.8 194.6 193.9 193.7 198.2 192.9 192.4 193.6 193.8 192.2 184.4 182.5 187.9 183.1 171.4 183.3 197.3 195.2 199.3 194.5
275.3 281.3 289.3 292.2 286.9 281.9 282.4 288.7 293.1 293.6 290.8 288.1 283.7 278.3 274.7 268.9 266.8 265.4 258.1 253.3 252.6 248.4 248.6 249.8 254.1 254.2 249.3 243.4 244 242.8 246.4 249 250.1 250.3 250.1 249.4 246.1 242 240.6 240.6 246.9 254.2 252.6 246.1 235.5 227 219.9 217.4 215.8 215 215.7 213.1 207.3 201.6 198.9 199.1 198.6 197.9 196.6 195 193.8 193.5 192.8 193 192.8 192.8 192.5 188.4 181.5 182.1 175.6 173.3 171 191.3 196.9 198.8 196.1 197.3
284.4 291.1 299 300.4 296.9 294 292 291.6 295.3 295.9 294.8 291 287.6 282.8 277.5 271.9 268.1 262.9 256.9 255.8 254.6 253 250.3 250.6 253.2 250.8 245.6 241.4 239.8 249.4 247.7 250.4 251.8 252.1 251.4 249.8 245.5 243.1 242 243.3 248.9 255.6 254.2 246.7 237.5 229.5 222.7 219.9 218.4 215.4 212.3 209.3 205.2 201.9 199.7 200.2 199.6 197.9 196.6 197.3 200.4 200 200.4 201.2 201.1 197.7 192 197.2 191.8 191.2 191.4 191.7 192.2 193.6 199.2 205.8 207.2 198.4
294.1 299.8 306.4 306.6 304.5 301.4 298.8 296.7 298 296.9 295.6 291.5 288.1 285 281.4 274.7 268.3 262.6 260.5 260.1 255.9 255 252.2 252.6 252.1 248.8 244.7 240.8 240.8 243.5 250.7 249.1 252 254.1 253 249.5 247.3 245.1 243.4 243.9 249.7 255.8 253.6 246.5 240.3 231.5 226.8 224.4 224.2 223 219.8 215.1 207.9 202.7 201.8 200.6 200 198.3 198.2 206.3 207.7 207.6 207.7 205.6 203.3 197.8 190.4 199.6 194.7 186.3 182.8 183.2 187.6 194.9 200.7 207.6 207.1 199
303.7 307.9 311.6 312 310.3 307.4 303.7 300.6 300.5 301.6 299.4 296.5 293.4 289.9 283.8 276.3 269.4 265.8 264.5 262.8 259.1 257.4 255.7 253.3 252.4 249 242.6 242.1 242 243.5 248.8 251.8 253.9 255.5 254.4 252.8 251.8 250 247.4 244.8 249.5 255.3 252.7 250.2 247 237 229.4 227.1 230.1 228.8 225.7 220.1 214.4 209.7 206.6 202.7 200.8 199.3 203.4 210.7 213.2 214.4 211.6 206.3 199.4 189.6 194.2 204.7 199.1 189.4 184.1 184.2 188.2 194.1 201.5 208.4 206.1 198.4
312.4 314.9 316.2 316.3 315.4 312 308.1 303.7 303.2 303.7 302.7 300 297 290 283.6 276.6 271.4 268 266.9 263.4 261.7 260.7 259.6 257.7 254 250.2 247.8 245.1 243.9 243.1 244.6 251.3 253.9 255.3 253.5 252.8 251.8 250.9 248.2 245.7 248.5 254.9 256.2 257.3 253.9 242.5 233.3 226.8 224.1 227.5 225.7 221.2 216.3 211.2 206.3 202.5 202.2 200.7 206 212.9 216.2 216.9 211.8 198.4 194 199.3 210.3 214 201.6 192.3 185.1 184.9 188.3 193.7 201.2 209.6 205.6 196.8
319.4 320.6 320 320.1 319.2 315.7 311.8 307.2 306.8 305.8 305 301.9 297.3 289.1 285.6 279.1 274.2 270.9 269.7 267.2 264.7 262.8 259.8 256.7 255.9 253.1 249.8 246.2 244.9 244.4 245.8 248.9 250.4 251 250.2 251.4 252.1 251.3 249.5 246.3 248 253.1 259.9 264.4 262.2 249.4 240.4 233.1 227.4 224.3 219.1 216.6 213.6 209.8 204.5 202.4 202.5 201.7 203.4 213.3 217.8 217.3 208.9 196.3 195.3 204.5 217.9 217.5 206.2 194.9 186.5 185.7 188.2 194.6 200.3 207.1 205.7 197.1
325.4 325.4 323.6 323.6 322.1 319.1 315.4 310.8 309.3 307.6 305.1 301.3 297.5 293 286.6 280.9 275.7 274.6 272.3 270.9 265.6 264.1 260.7 258.9 255.5 250.7 248.6 247.5 246.1 245.1 245.3 247.8 249.1 250 251 254.1 253.6 252.8 250.5 247.6 249.8 256 263.2 270.6 269.5 260.4 248.6 242.4 236.4 231.1 226.3 222.6 218.8 214.9 210.4 208 203.9 202.7 202.2 212.2 217.8 214.6 207.9 199.8 195.3 210.3 220.9 218.1 208.9 198.9 187.9 186.7 190.1 195.2 200.7 208.1 207.4 198.5
330.4 329.7 327.3 325.8 324.4 322.2 319 314.4 310.6 308.1 306.9 304.8 299 293.5 286 284.2 281.9 279.9 276.9 273.7 267.8 265.1 267.3 267.7 261 254.1 250.7 248.8 247.5 246.3 248.7 252.8 253.2 253.5 253.4 251.7 254.2 253.5 252.3 248.4 253.6 259.9 266.8 274.6 274.8 268 262.6 255.8 249.8 240.9 233.2 230.9 228.3 224.9 219.1 214.2 207.3 204.4 202.9 210.7 216.6 215.2 214.3 206.9 195.6 206.2 218.9 216.2 211.6 202.2 190.5 187.8 191.4 198.4 204.9 211.7 210.4 201.6
334.6 332.2 329.7 329.2 327.8 325.8 321.5 316.1 311.4 310.2 308.1 303.2 296.8 295.3 293 290.4 287.5 281.5 280.7 276.2 270.2 270.2 274.3 273.5 266.5 260 253.2 251.6 250.2 247.6 250.2 254 256.8 258.5 260.3 261.1 259.1 256.2 254 250.6 259.9 266.5 274.3 281.1 278.4 275.6 272.6 266.4 259.8 252.3 246.8 241.9 239.2 231.6 223.6 218.9 211.6 211.8 205.5 208.4 215.9 217.7 218.7 212.9 197.9 194.8 201.7 213.5 214.8 207.5 192.1 190 194.2 202.3 208.8 218.5 218.1 208.3
336.9 334.7 331 331.7 330.5 328.2 323.5 317.8 312.8 310.6 307.9 303.1 302.7 300 297.3 290.7 287.5 286.8 284 278.8 272.7 274.4 278 276.7 270.8 264.9 255.2 261.6 260.1 253.1 251 255.7 258.4 260.1 260.8 261.3 258.9 253.8 249.3 255.4 263.9 270.4 276.4 283.8 279.7 279.4 276.6 271.4 264.2 258.5 256.9 253.7 245.6 235.2 226.7 217.1 221.7 220.4 210.7 212.4 218.6 220.1 219.7 211.6 201 198 195 211.2 216.7 206.6 194.6 191.3 198.5 205 212.8 223.6 226.5 217.2
341.2 338.4 336.2 333.6 332.7 329.6 324.5 318.8 314.3 311.8 308.4 308.7 308.1 304.4 294.1 291.5 291.3 291.5 286.4 281.1 277 277.9 281.1 278.2 272.7 268.9 263.1 273.6 273.6 265 257.7 257 254.4 255.3 253.7 252.4 251.4 248.2 249 256.5 257.2 271.5 276.5 279.5 278.1 278.3 276.5 272 266.7 262.8 262.7 258.3 247.5 236.2 229.6 227 230.4 225.4 214.9 214.9 219.8 220.4 217.3 208.2 203.2 199.3 197.9 212 215.8 205.4 195.8 193.4 198.2 206.1 213.5 225.2 231 223.8
348.5 344 339.1 336.4 334 328.7 323.3 318.9 314.7 311.3 310.6 313.6 311 302.4 298 295.9 296.8 295 288.4 283.1 278.8 278.8 279.8 277.4 274.4 266.2 271 280.7 282.7 276.3 266.5 265.3 257.3 249.4 246.9 247.1 246 245.4 249.9 257.3 264.8 257.9 272 275.9 273 269.4 267.5 265.9 263.6 263.1 263.5 256.2 246.5 236 228.4 235.6 235.7 226.7 215.1 216 218.2 218.8 212.5 206.6 204.5 195.1 201.4 215.1 212.7 205.4 200.8 196.7 197.4 204.7 216.6 227.5 230.8 228.1
351.6 348.7 344.1 337.7 332.8 328.1 324.5 320 315.3 311.1 313.1 314.9 309.6 304.9 299.3 299.9 301.2 297.4 289.6 282.6 279.9 278.1 275.8 275.2 273.2 264.9 278 286.3 287.4 281.2 274.4 272.9 266.5 257.5 247.6 247.9 248.1 249 251.6 256.2 261 262.1 258.3 272.1 267.2 261.6 259.3 257 255.5 258.5 259.7 251.2 244.3 234.8 234.2 240.9 236.5 225.2 212.8 212.5 213.1 213.7 208.6 206.4 204.5 195.5 210.2 216.2 209.6 205.8 204.2 200.1 197.7 202.5 211.6 220 223.8 228.3
351.3 349.3 346 341.9 335.7 329 324.2 319.8 316 312.5 312.8 309.1 305.7 303 302.6 304.1 303.7 298.4 290 285 282.9 279.8 277.6 274.5 272.6 269.1 280.6 289.7 288.6 282.4 280.7 278.4 277.5 268.7 259.5 254.2 253.2 252.8 252.9 255.8 258.3 261.1 265.9 259 261.5 255.2 252.1 249.7 249.1 252.6 252.3 244.1 239.3 234.6 238.5 242.6 234.4 220.5 210.6 207.6 206.8 206.4 204 205 204.7 198.3 214 213.1 206.6 208.8 207.2 204 201.8 199.6 203.3 209.4 214.8 223.8
356.1 351.7 346.7 342.8 340 334.2 328 322.7 319 314 308.1 306.4 302.4 304.7 305.4 306.5 304 296.4 294.1 293.2 292.4 285.1 279.5 275.6 274 270.1 279.6 288.4 284.9 278.2 281.9 283.9 285.8 279.5 269.5 262.3 256.5 254.7 252.9 256.1 260.7 262.9 262.9 262.2 259.1 254.2 253 249.6 247.1 245.6 242.3 238.4 236.1 235.8 240.8 241.6 230.4 218.4 208.4 204.4 203.4 202.9 202.2 202 200.4 200.7 212.7 207 207 210.3 209.5 208.1 205.4 203.5 201 202.5 207.9 219.8
358.9 356.6 351.8 345.6 341.2 337.8 332.9 327.3 320.4 313.7 308.9 304.2 305 306.9 306.9 305.7 302.5 301.2 299.1 300 300.1 292.6 284.2 278 275.3 274.6 275.5 281.3 277.8 275.6 281.9 288.6 291.5 285.6 276.3 266.8 256.7 253.8 250.8 258.2 262.8 261.6 259.7 259 257 256.8 254 252.8 250.6 245.9 239.7 238 238.3 237.7 241.7 240.4 228.4 215.9 208.9 204.3 202.8 202 201.7 199.9 196.8 198.6 208.3 208.4 208.2 210.9 211.4 212 210.4 207 205.7 201.1 206.4 216.4
357.1 356 354.4 351 344.7 338.3 334.1 327.6 320.8 313.4 310.7 305.2 306.9 307.3 304.8 302.7 301.9 302.3 303 305.9 305.4 299 292.1 284.5 277 275.6 274.9 275.2 274.3 276 282.2 294.4 295.4 288.7 278.7 267.5 257.3 253.3 252.2 261.2 263.5 261.5 262.2 265.5 261.4 259.7 260.3 258 258.8 256.5 249.1 246.2 242.1 237.8 239.7 237.5 225.2 215 208.8 205.3 203.3 202.1 201.3 201.8 196.4 201.6 208 211.4 212.6 211.3 214 214.5 215.2 214.9 208.2 202.7 211.8 219.3
360.2 357.6 353.9 350.7 347 343.1 335.9 329 322.7 318.1 310.8 306 307.2 307.5 303.1 299.1 301.3 303.8 305.6 310.1 309.2 304.3 298.3 290 281.5 277.4 279.3 277.4 275.6 276.5 286 296.8 297.5 289.7 277.3 268 265 259.4 256.8 264 265 269.2 272.9 277.3 268.8 262.4 261.6 264.1 265.9 263.7 256 249.8 244.2 238.6 235.6 232.1 222.2 215.3 208.5 205.7 203.3 202.9 203.1 203.9 197.3 198.6 210.5 214.1 215.4 217 216 218 219.5 220 214.5 203.3 213.3 223
358.7 359.3 355.7 351.5 347.7 344 339.5 331.7 326.7 321.5 312.1 310 308 307.6 304.3 298.4 299.6 301.7 307.4 312.3 311.3 306.9 301.4 293.1 284.4 279.9 281.8 277.9 278.4 279 288.8 297.4 297.3 288.3 280.1 279.4 277.2 269.3 264.3 266.5 267.7 274.2 280.1 286.9 281.9 272.6 264.5 262.7 269.5 266.5 257.4 251.6 246.2 239.3 233.3 228.7 222.3 216 207.7 205.4 204.7 204.7 204.9 205.2 200.8 201.3 212.7 215.8 218 219.7 219.8 220.9 222.7 220.8 214 206.6 217.6 227
352.5 353 351.4 347.6 345.4 342.9 339.2 334.3 329.3 323.8 315.2 310.6 308.9 309.4 302.5 297.8 300.2 302.2 306.9 311.3 310.7 307.9 303.2 293.7 283.9 281.4 281.4 277.7 281.8 282.2 290.4 298.9 295.1 287.6 286.8 288.3 286.2 274.7 268.4 268.1 272 278.2 285.1 290.7 283.6 275 267.1 262.7 263.3 265.9 258.3 252.1 243.7 235.7 231.1 223.7 216.8 210.5 209.8 208 206.5 208.6 207.7 206.3 197.6 200.2 213.1 217.3 221.1 222.8 223 223.4 222.6 218.5 211.7 212.3 221.3 231.5
