ny/ny70_OST50GRID_20230518/NY70.asc
ncols 200
nrows 200
xllcorner 370000
yllcorner 500000
cellsize 50
[rows 70 to 104 of 200, columns 78 to 155 of 200]
350 348.3 346.3 344.4 342.8 342.2 339.4 335.8 328.8 318.7 308.9 304 301.7 300.9 299.4 299.9 303.7 305.4 306 305.6 305.2 305.3 301.8 292.3 282.4 281.6 280.2 279.1 284.2 285.3 289.9 293.3 290.7 289.4 293.8 295.3 289.9 276.5 270.7 269.3 274.7 281.4 290.3 291.9 281.6 274.6 268 267.4 263.4 264.6 256.5 247 243.4 230.8 226 222.3 216.8 217 220.3 217.5 214.5 210.2 208.9 202 199.9 199.7 214.7 220 224.7 225 225.2 224.4 221.3 218.8 215.9 220 226.6 234.6
353.9 350.9 347.7 344.6 341.7 341.3 338.6 333.5 323.7 312.4 305.1 302.5 301.3 302.2 302.7 303.5 305.1 306.4 304.2 301.5 300.5 299.6 296.9 287.1 282.1 280.9 280 283.9 287.6 288 288.9 289.6 290.1 295.8 299.2 298.4 289.9 276.6 270.7 270.9 276.2 282.6 291.6 287.8 279.1 273 266.4 265.8 263.1 263.2 253.8 242.7 233.6 228 226.5 226.5 224.2 225.1 227.8 229.7 227.3 220.6 212 203.3 199.9 200.1 210.4 220 225.5 226.6 226.5 226.7 224.5 221.1 221.3 225 229.6 237
356.3 354.4 350.4 347.2 344 341.1 337.1 330.1 322 312.7 306.8 304.9 305.2 307.2 309.5 308.1 307.7 306.2 301.6 298.5 296.1 294.2 291.6 285.2 286.1 287.7 287.1 288.6 290.2 290.8 292.3 294.9 297.4 300.3 302.1 297.5 287.6 275.9 273.2 273.1 276.1 282.8 284.8 280.5 273.9 270 264.1 262.2 262.8 263.3 245.9 238 234 230.2 229 230.6 228.3 228.2 232.6 238.9 232.6 223.5 215.8 208 200.1 200.7 206.9 218.2 224.1 227.2 226.8 225.9 227.8 225.6 224.9 225.8 228.2 234.8
354.8 352.5 351.3 349.8 346.4 342.5 338.1 329.8 324.3 316.6 312.3 310.6 311.9 315.3 314.8 310.5 307.1 301.9 298.7 296 294.6 293.6 292.8 296.3 297.5 294.9 291.5 291.1 291.9 293 295 297.3 299.9 302.3 301 292.8 285 277.4 276.3 274.5 275.7 280.6 279.7 274.6 269.8 264.7 258.8 259 255.2 263.1 245.7 240.1 236.4 233.6 233.2 233.7 232.6 232.6 242.2 242.8 233.9 225.6 216.6 214.6 200.4 201.4 207.9 217.1 224.7 228.7 227.4 226.4 227.7 227.9 226.7 225.1 228 231.7
357.3 355.9 351.6 349 346 343.7 339.9 333 326.8 320.8 317.5 316.5 317.4 316.4 311.3 306.6 303.1 298.7 297.8 296.2 297.1 298.2 304.1 305.9 302.7 297.2 293.5 292.6 293.5 293.9 295.5 297.4 299.3 299.7 295.7 289.8 283.7 279.8 277.6 276.7 275 276.2 273.1 266.9 260.9 258.5 257.7 253.1 253.5 256.3 253.1 246.9 241.1 240.9 238.1 237.2 235.1 239.9 248.8 243.7 233.5 225.9 218.5 219.9 202.6 200.4 206.9 212.3 226.4 231.9 228.7 226.7 225.9 226.3 224 225 230.3 233.8
358.5 357.6 355 351.9 348.1 343.8 340.5 336.5 330.2 320.9 315.3 314.8 312.4 308.4 306.1 304.1 301.8 301.7 298.1 297.6 298.8 304.8 309.6 309 303.9 298 294.2 293.8 293.5 294.2 295.4 295.9 295 293.2 289.5 285.8 281.8 278.7 278.6 274.6 273.7 266.9 269.2 264.6 260.3 260.3 259.1 257.9 256.2 256.7 261 258 251.6 247.7 242.7 240.2 237.9 244.2 250.7 242 232.4 224 218.7 221.8 217 205 201.6 208.6 223.1 229.6 230.9 227.3 226.3 222.5 220.5 223.6 230.5 236.1
360 359.6 356.5 352.6 348.2 345.2 341.5 338.3 332.8 323.6 317.8 314.8 310.2 307.3 306.3 304.3 305.5 303.7 299.5 299.1 302.3 307.3 310.7 308.5 302.5 296.8 293.9 293.3 292.7 293.4 293 292.4 289.7 288.5 284.8 280.8 280 278.7 273.7 273 270.2 270 273.2 274.2 269 262.1 259.5 259.1 261.1 266.3 264.9 267.8 260.1 252.9 246 242.9 241.2 247 249.8 240.2 230.1 223 214.9 221.4 221.2 219.1 201.9 207.2 213.8 222.6 227.9 226.3 224 223.1 218.1 221.5 228.7 235.5
358 358 354.4 350.5 347.8 345.1 343.2 340.9 335.5 325.8 321.7 316.9 312 308.1 308.9 308.7 309.7 304.9 301.1 302.2 304.4 307 307.4 304.1 298.6 294.9 292.5 291.4 291 292.2 292.6 291.1 289.1 283.5 282.8 279.5 277.6 276.2 276.1 274.3 272.9 275.3 283.3 285.8 281.9 271.5 262.8 265.5 270.5 276.4 274 271.3 263.8 255.2 249.8 246.8 244.4 248.8 249.4 237.6 228.7 220.4 211.7 214 214.6 215.4 202.6 202.1 206.4 204.8 214.1 213.2 214.2 216.5 217.8 220.7 227.4 234.2
361.1 357.5 353.8 350.4 349.2 346.2 342.4 339.2 333.9 328.3 324.2 319.7 315.9 313.8 312.9 312 311 306.6 303 304.9 304.7 304.3 302.1 298.3 295.5 293.2 291.1 289.4 288.9 290 290.3 289.4 283.9 287.9 291.3 288.5 284.2 278 276.8 275.7 276.1 281.8 289.4 291.7 286.9 275.1 274.9 278.6 282.2 283.6 278.9 270.5 263.7 255.7 253.8 248.1 244.3 246.6 242.7 235.1 226.3 215.8 209.3 208.9 206.6 205.4 200.6 205.5 215.8 219.8 214.5 212.5 214.9 216.2 218.5 220.8 224.9 231.8
363.7 362 358.8 357 353.6 349.3 345.6 339.6 334.4 330 325.3 321.5 319 317 315.3 312.9 310.5 305.8 305.9 305.1 303.3 300.9 298.2 295.8 295.2 294.1 290 288.8 287.9 287.8 288.4 285.4 286.5 292 294 289.8 283.9 277.5 277.3 277.1 278 284 291.2 293.1 286 274.5 283.3 284.9 285.8 279.5 272.7 268 260.3 259.1 255.2 244.5 242.4 243.3 239.1 231.1 220.5 214.1 212 208.6 207 204.2 203 207.5 220.8 226.1 228.6 228.2 218.5 217.7 218.8 220.9 223.7 228.3
362.2 363.2 362.8 360.3 356.5 352.8 348.2 342.9 338.1 333.3 330 324.6 321.4 320.1 316 312.2 309.5 307.8 307.7 305.5 303 301 298.3 297 296.6 294.3 290.3 288.9 288 286.9 286.2 285.1 289 292.8 293.1 287 280.9 280 279.9 279.5 280 284.3 288.9 288 282.4 281.8 287.1 286.8 284.1 275.8 269.6 265.4 259.1 263.6 259.2 247.2 242.5 241.7 238.6 234.5 226.8 224.8 221.8 215.5 206.7 203.9 201.3 212.9 224.3 230.2 234.7 235 227.5 218.6 219.1 221.3 223.6 227.9
360.5 358.9 359.9 357 354.2 351.1 344.6 341.1 338.2 338.2 334.1 329.2 324.3 320.8 316 311.8 309.9 310.3 310.5 309.7 307.2 304.1 301 298.6 292.3 291.7 289.9 289.5 287.2 285.9 286.1 288.2 290.3 291.5 288.8 287.8 288.6 287.2 282.5 284 283.4 283.8 284.1 281.7 278.9 285.8 287.3 285.2 279.8 272.2 266.1 262.6 260.3 267.2 265.6 255.9 246 242.1 240.7 243.5 236.4 237.9 234.3 224.4 209 203.8 201.5 213.7 223.1 229.8 234.6 234.4 225.6 222.6 222.1 221 224.6 228.2
357.3 355.1 352.3 349.7 348.6 345.8 342.5 339.6 336.8 336.3 333.9 330 324.3 321.9 317.3 313.6 312 311.9 311.7 311.3 310.6 309.2 304.3 302 298.9 293.2 290.5 289.1 288.4 286.8 289.3 291.6 291.2 291.9 296.5 296.3 294.2 290.4 285.9 288.1 286.9 283.6 280.9 279.7 282.8 286.1 284.7 280.7 275.1 266.9 263.6 261.6 262.4 268.4 268.7 260.6 252.5 243.4 252.2 251.2 243.6 244.1 241.7 230.9 214.6 204.5 201.8 215.5 217.3 224.7 228.6 228 222.1 225.1 224.6 224.7 223.8 228.2
356.2 353.9 352 351 350.4 348.3 345.1 341.9 340.5 338.3 335.2 331.7 327.9 324 319.5 316.6 316.1 314.6 312.9 310.6 308.3 306.1 304.1 297.5 295.7 292.9 292.1 290.7 290.2 291.7 294.5 294.6 293.8 298.7 301.8 299.5 295.4 291.3 288.1 290.5 289 284.5 281.9 282 284.1 283.7 281.7 277 270.5 267.5 265.2 262.6 262.9 267.9 269.8 264.5 254.5 245.7 257.9 254.1 245.3 245.1 241.5 230.6 217.1 204.2 204.5 215.2 215 215.7 217.5 217.2 220.3 225.8 225 225.9 227.6 228.9
354.4 355.9 353.8 351.8 351.2 348.9 346.7 345.1 344.2 341.3 338 335.1 332 327.5 323.7 322 319.9 317.7 314.8 311.5 308.4 306.7 300.8 301.1 299.1 297 294.8 293.3 294.2 296.1 297.9 296.7 297.7 302.3 304 300.3 294.4 288.2 288.9 292 289.7 285.7 282.6 283.8 283.8 282.6 279 273.2 270.3 267.7 265.7 264.4 263.1 266.8 269.5 265.1 256 251.3 259.9 254.6 244 241.5 237.6 229.5 216.8 201.6 207.3 211.4 210.8 210.6 211.4 211.3 218.5 226.6 225.9 226.5 228 229.9
352.8 355 356.2 356.8 354.6 352.5 349.8 347.6 347.7 343.7 340.8 339.1 335.9 330.2 326.7 324.9 322.1 318.8 315.2 310.9 308.9 303.9 305.5 303.9 301.3 299.4 297.6 296.6 297.8 299.3 299.4 297 300.2 304 304.4 300.9 291.2 288.9 286.6 291.4 290.2 286.5 282.6 284.1 284.6 282.4 276.7 275.4 271.4 269.1 266.3 264.4 267.2 264.3 267.6 264.6 255.6 255.1 260.9 254.2 242.3 235.9 231.3 226.5 216.1 202.3 206.2 210.1 209.2 209.6 210.9 211.3 218.1 226.2 227.6 227.9 229.1 229.6
350.5 354.2 356.3 356.8 355.6 353.6 351.4 350 348.8 345.9 343.3 340.5 336.4 333 329.3 326 322.8 318.9 314.9 311.5 307.5 308 307.5 305.1 302.9 302.1 301.5 300.1 301.4 301.1 299.5 299.1 302 304.6 305.4 302.3 291.7 289.7 286.9 290.7 291.9 288 284.6 285.1 284.7 282.1 281.3 279.5 273 271 268.5 265.7 267.5 262.5 264 263.2 255.3 258.4 261.8 254 242.5 234.9 227.9 221.8 213.4 204.9 206.4 208.3 209.2 210.9 211.4 211.3 215.7 225.1 229.7 233.9 235.4 232.7
347.9 354.4 357.4 358.4 357.5 355.6 353.7 351.7 350 347.7 345 342 338.1 334.4 331.2 327.7 323.4 318.8 314.8 311.6 308.5 311.2 312.2 309.8 306 304.3 303.3 303.9 304.5 303.1 300.5 301.1 303 304.1 305.9 298.7 300.1 296 292.8 294.7 293.8 289.4 286.2 286.2 285 282 286.9 283.7 275.4 272.4 269.8 265.6 263.2 261.6 261.9 261.2 255.9 260 262.7 256.1 246 236.9 227 218.3 211.5 207.2 203.5 208.3 210.7 213.3 213.7 211.3 213.9 222.4 231.7 238.6 241.2 236.5
345.4 352.5 357.4 359.6 358.3 356.4 353.8 352.4 350.7 349.3 345.7 343.3 340 336.2 332.5 327.7 321.8 316.3 312.9 310.6 311.5 314.5 315.8 313.4 309.8 308.1 307.8 308.3 307.1 305.2 303.1 302.4 303.4 305 305.3 303 304.4 300.3 297.1 296.8 294.2 289.7 285.4 285.8 284 283.5 291.7 286.5 274.2 272.1 269.4 266.4 263.4 260.9 260.8 258.7 259.1 260.6 263 257.8 251.5 241.1 229.6 219.1 210.9 208.5 209.8 206.6 210.3 214.9 218.1 215.7 212.9 220.6 230.7 238.9 241.6 236.6
347.1 349 354.7 358.4 359.1 358.4 355.5 353.1 351.2 351.3 347.5 345.2 342 337.7 333.6 328.4 319.2 320.3 315.4 313.2 312.8 315.6 320.3 317.6 314.8 314 313.4 312.4 310.8 309.5 306.8 304.8 305.8 306.8 302.9 305.9 306.6 302.4 298.6 297.6 294.3 289.6 286.2 284.9 283.2 288.6 295.8 292 276.4 269.7 267.6 266.5 262.1 262.3 260.6 263.4 262.4 261.3 262.6 260.2 255.8 245.4 232.8 220.9 211.8 210.7 211.2 210.7 204.8 215.1 221.1 218.6 213.8 217.6 227.6 237.2 239.2 236.4
342.6 345.6 349.9 355 355.2 354.9 353.4 352.7 352 353.2 350.8 347.6 344.1 340.1 334.6 329.2 328.8 323.5 313.7 312.2 315.2 320.2 324.5 320.6 318.4 317.9 316.6 315.4 315 313.6 311.2 309 308.5 308.2 305.9 307.9 306.9 302.9 300 297.7 293.9 290.5 288 285.8 285.2 291.7 299.3 295.8 281.9 270.9 267.5 265.4 262.3 268.5 262.2 265.4 264.4 262.8 262.3 262.7 258.4 247.9 234.8 221.3 212.3 212.7 211.7 212.3 210.3 209.8 220.7 218.4 213.6 215.1 222.3 231.3 234.1 235.7
353 352.5 351.6 352.7 352.7 352.4 348.3 347 346.2 346.2 348.5 348.4 345 339.3 333.8 329.9 332.6 324.8 315.6 311.3 313.6 324.2 327.9 323 321 320 318.6 318.5 319.2 316.8 315 313.6 311.4 308.6 308.6 308.3 305.6 302.8 301.2 298.3 294.9 291.9 289 287.1 287.3 294.2 302 300.3 289.5 276.4 267.5 263.8 261.8 270.7 262.4 266 265.1 262.4 262.2 264.3 258.3 247.1 233.3 219.5 214.8 214.6 212.9 213.4 211.8 206.9 215.2 215.7 213.4 215.2 217.5 223.6 228.3 233.5
360.8 357.9 354.8 354.2 354.1 353.1 348.6 346.6 346 344.6 342.6 341.7 337.8 333.6 330.6 335.1 332.6 327.7 325 319 321.7 329.1 329.4 323.8 323.2 321.4 320.1 319.9 321.3 321.2 318.9 315.9 312.1 310.2 310.8 309 306.2 304.2 302.5 299.5 296.5 294.4 291.9 289.1 289.8 295.6 303.9 304.7 298.3 287.1 273.8 264.6 262.8 266.9 261.5 265 263.9 261.8 262 263.6 257.2 246.1 230.1 219.3 216.8 216.1 214.7 214 211.9 206.8 208.5 211.9 215.8 217.8 219 219.3 222.5 232.8
362.3 359.4 355.9 354.8 353.4 352.6 349.8 347.4 345.9 345.2 344.1 340.7 337.3 333.8 333.3 335.7 334 333.7 331 325.8 328.7 331.8 329.2 325 323.4 321.9 320.5 320.4 321.9 322.7 320.7 317.5 312.4 312.8 312.2 309.8 308.3 306.4 303.5 301.3 299.3 297.1 294.9 291.9 292 295.6 304.3 306.8 302.3 295.2 285 277.2 272.6 269 264.8 263.2 262 262 262.3 262 254.2 241.7 227.2 222.1 218.5 217.9 217.2 214.9 214.3 207.2 206.9 218.7 220.6 223.4 220.8 220.8 230.7 229.7
361.4 358.3 354.9 352 352.4 354.8 350.7 348.1 346.5 347.3 345.1 340.7 339.8 337.6 334.5 334.3 337.4 337.5 334.9 332.2 332.2 333.7 329.9 327.3 325 322.4 320.5 320.1 320.6 322.2 319.4 314.6 313.5 314 313.1 311.4 311.2 309 306.6 304.2 302.6 299.7 297.3 295.1 294.2 295.5 302.7 306.8 304.1 298.3 291.5 286.6 283 278.7 270.7 263.9 263.2 263.1 260.8 258.8 250.6 239.3 229.5 223.2 219.2 223.4 221.6 216.6 218.1 216 208 212.2 222.6 226.8 224.8 222.6 233.6 233.4
359.8 356 351.3 347.7 349.4 351.7 350 349.8 349.3 348.4 347 346.5 344.7 340.5 339.5 341.8 342.1 341.2 337.3 335.5 335.5 333.7 331.5 330 327.6 324.2 321.9 320.2 320.8 320.1 317.4 314.1 315.1 315.9 314.5 313.2 312.3 311.6 310.4 307.6 305.7 302.8 300 297.7 296.3 295.4 298.6 302.9 303 298.6 292.8 289.8 287.7 283.7 274.6 263.9 262.5 259.3 257.9 254.9 245.6 238.8 229.3 222.8 226.1 230 226 221.1 221.3 218.9 210.2 206.1 219.7 224.4 223.8 224.1 232.7 234.8
356.4 354.6 350.5 347.4 347.4 350.7 351 350.8 347.7 351.7 350.9 349.8 348.9 347.1 346.7 346.9 345.8 343.6 339.5 337.8 337.3 335.4 333.9 332.8 330.3 327.1 322.9 321.3 321.5 320.2 317.8 316.4 317 317.8 316.3 315.2 313.4 311.6 309.7 309.6 306.8 304.7 302.5 300.1 298.2 296.8 295.1 296.2 296.8 294.5 290.9 290.3 290.7 286 273.5 264.5 257.8 255 253.9 250 243.3 234.7 227.9 229.6 232.2 234.6 228.9 224.4 222.1 217.3 213.1 208.1 213.6 218.7 223.5 224.3 230.4 234.8
358 356.1 352.5 350.1 349.2 351 351.2 351.5 352 353.6 353.2 352.5 352.1 351.6 351.3 350.1 348.2 345.8 343.3 340.9 341.4 339.9 338.4 336.9 334.4 328.7 322.7 321.4 321.4 319.8 318.7 318.5 319.1 319 317.7 316.2 313.5 312 311.2 310.8 308.4 305.5 303.8 301.9 299.9 297.3 294.5 291.7 290.8 288.5 286.3 287.6 289.1 285.6 276.5 262 257.2 253.5 250.9 251.6 246.5 237 231.9 234.4 235.6 235.2 228.7 224.3 220 213.9 209.9 208.5 208.6 212.9 225.1 226.3 230.6 235.8
359.1 357.2 354.2 353 351.5 352.3 351.1 351.4 352.9 353.8 354.9 354.9 354.5 354.2 354.3 352.3 350.2 348.7 346.2 344.6 344.4 343.1 339.9 337.2 332.2 326 322 321.2 320.4 319.7 319.4 319.9 320.4 320.2 318.8 316.7 314.2 312.9 312.3 311.2 309.2 306.1 304.6 303.4 300.4 297.8 294.9 291.3 288.4 285.9 282.3 281.9 283.5 280.5 270 266.7 266.1 257.3 255.6 251.5 246.1 239.3 235.7 236.3 235.7 233.5 224.2 220.1 214.7 211 208.8 208.9 208.4 208.8 225.7 227.5 230.7 237
359.2 357.9 356.3 356.1 353.4 351.1 349.7 350.8 351.2 353.8 357.1 357.9 356.8 356.2 354.9 353.2 351.7 350.6 349.2 347.2 346.5 343.3 339.6 335.6 328.1 324.8 322 320.7 319 318.6 319 319.8 320.6 320.8 319.3 317.9 315.2 314.3 313.4 311.5 309.5 307.3 305.9 304.4 301.8 298.1 294.5 291.2 288.9 285.3 282.6 278.8 273.7 270.5 275.5 279.1 273.7 263.1 257.8 253.8 247.2 241.4 236.8 234.3 230.1 225.9 229 222.5 217.6 213.1 209 209.5 210.7 212.5 224.4 226 230.1 236.6
357 355.7 355.2 358.2 354.5 350.5 348.5 351.6 354.4 354.6 356 358.4 358.5 357.9 356.8 355.5 354.1 353.1 352.1 350.1 346.9 343.8 340.3 335.4 332.1 328.9 324.2 322.3 319.5 317.8 318.3 319.7 320 319.9 320 319.1 316.6 315.2 313.9 311.8 309.5 307.5 306.5 304.3 301.3 297.7 295.8 292 289.4 286 283.4 280.5 278.5 279.9 283.8 282.6 277.6 268.1 265.5 260.7 247.7 243.7 237.5 233.1 232.3 230 229.2 222.7 218.2 215.5 208.9 210.3 216.9 218.1 222.2 225 228.5 234.3
355.4 355.3 354.8 355 351.8 348.5 350 349.9 349.6 352.7 357.9 359.4 359.9 359.6 358.9 357.9 357 355.6 354.1 351 346.9 343.1 338.8 338.1 336.3 331.4 325.8 323.8 320.3 317.5 317 318.2 319.4 320.7 321.7 320.4 317.6 316.2 313.9 311.6 309.3 308.1 305.8 303.7 299.8 298.3 296.9 293.7 290.5 287 283.9 279.5 282.3 284.3 288.4 276.8 279 270.2 270.1 263.8 248.6 244.4 238.9 241.9 242 235.5 227.9 222.8 223.3 217.4 209.8 208.1 222.8 220.8 220.4 222.2 226.3 230.4
352.5 353.9 358 356.2 355.2 353.3 350.5 346.1 348.8 351.2 352.6 356.4 359.2 360.5 360.9 360.9 359.7 357 353.6 352.4 349.5 344.9 343 342.6 337.3 332.5 328 326.3 321.3 318.1 319.4 318.2 318.4 320.4 322.5 320.9 319.3 315.8 314.1 311.9 309.8 308 305.8 302.3 302 300.1 296.8 294.1 290.6 286.6 284.3 283.4 285.6 288.1 291.3 277.2 279.2 271.6 271.8 264.8 249.8 245.9 238.6 247.3 247.8 240.7 228.7 225 226.3 218.6 209.9 208.7 223.5 222.1 221.9 223.3 223.9 227.5
355.4 352.7 356.3 357.4 357.6 352.5 349.1 344.8 348.4 352.9 354.5 355.6 357.3 359 361.3 361.7 359.8 357 353.3 354.4 350.8 345.8 347.5 344.8 340.5 335.9 331.6 329.5 323.4 322.4 323.2 319.7 318.2 319.9 322.5 321.8 319.9 316.6 314.4 312.6 310 307.6 305.5 304.8 304.1 301.1 297.4 294.2 289.9 287.8 285.9 286.7 289.1 291.5 292.4 284 278.5 272 271.1 261.6 249.9 245.8 239.8 249.1 250.1 243.6 230.9 226.2 225.9 217.5 208.2 209.9 219.1 223 223.8 225.7 229.1 234.9
358.5 355.1 355.3 357.5 352.6 351.1 347.8 343.6 347.1 353.1 355.8 357.2 358.9 360.6 361.9 361.9 360.4 357.8 356.1 355.1 352.6 351.2 350.4 347.1 342.2 337.9 335.4 331.2 327.9 326.8 325.8 321.8 320.5 321.6 323.7 322 320.4 317.7 315.5 313 309.5 307.1 305 305.2 304.9 301.6 298.5 295 291 289.2 289.3 289.7 291.7 293.5 292.7 287.5 279 272.9 267.3 256.3 245.9 243.3 241.5 248.8 249.9 242.6 228.8 224.1 221.2 208.6 210.4 210.4 210.7 221.5 224.5 226.1 229.2 235.6
