ny/ny70_OST50GRID_20230518/NY70.asc
ncols 200
nrows 200
xllcorner 370000
yllcorner 500000
cellsize 50
[rows 140 to 174 of 200, columns 0 to 77 of 200]
356.5 350.5 346.6 340.1 336.3 334.2 333 331.9 329 324.9 318.1 311.2 306.1 301.9 289.4 297.5 304.1 309 312.6 317.2 316.6 317.3 316.3 315.9 316.7 314.6 308 303.6 301.3 296.6 288.1 284.1 284.1 286.3 288.4 286.5 281.9 278.6 279.3 282.4 282.3 278.9 268.9 276.6 279 276.6 273.2 270.9 275.4 276 275.6 278.8 281.1 281.7 279.9 277.2 270.4 267.2 267.8 270.1 270.7 267.3 265.4 265.2 265.5 266.6 269.7 272.7 271.3 271.1 269.3 272.4 276.3 276.7 275.9 265.5 268 276.4
365.3 360.8 356.4 351.6 346.5 343.3 341.6 339.1 334.4 327.6 317.4 310.5 305 299.7 292.9 302.1 308.7 314.9 317.4 321.4 321.4 323.5 321.5 319.9 320 317.2 312 307.3 303.3 298.2 284.1 287.3 285.8 286.2 286.3 282.6 278.9 277.4 277.6 280.1 281 277.4 270.4 280.5 282 278 274.9 270.4 269.1 271.5 274.7 280.8 284.5 283.9 283 279.1 273.3 267.9 269.6 273.9 274.2 271.9 265.5 265.6 265.7 265.7 265.8 267.8 268.2 268.3 270.9 272.6 273.9 274.1 275.2 265.1 264.5 272.9
377.5 372.2 368.4 363.3 356.8 352.1 349.4 343.7 337.1 328.2 317.2 310.2 303.8 295.6 293.3 305.5 314.6 320.5 325.2 326.5 326.7 327.8 325.7 323.7 321.6 318.2 312.9 308.4 302.7 290.1 289.6 293.5 288.3 286.7 284.9 281.9 279.3 277.5 276.3 277.4 276.7 272.4 277.6 281.8 282.2 278.9 276.3 275.6 275.4 270 271.7 277.5 280.3 280.1 278.8 275.3 268.6 273.4 273.1 277.4 277.1 273.3 266.9 265.9 266.1 266.2 266.2 266.9 267.1 268.6 272.3 270.9 270.2 272 275.3 264.2 264.4 267.6
390.3 386.2 380.8 372.7 364.5 359.6 354.3 346.7 337.9 328.6 318.6 310.2 302.8 297.1 300.6 309 319.3 328.3 332.4 332.5 331.8 332.2 330.4 327 323.1 318.6 313.5 308.5 303.2 291.9 300.2 299.1 297.1 292.5 288.3 286.6 284.6 279.9 277.4 276.3 275.9 275.9 277.6 281.9 283.9 281.2 280.2 280.2 280.4 275.6 272.5 274.9 275.7 273.4 271.4 270.8 273.4 274.8 274.1 277.3 275.5 272 270.8 272.4 267 266.9 266.8 267.3 268.2 270 270 269.6 269.2 273.4 276.1 268.8 264.1 265.1
401.8 396.7 390.6 380.9 370.4 364.8 356.8 347.8 338.1 327.3 317 306.9 302.6 298.3 303.6 312.5 322.4 331.4 336.1 335.4 335.7 336.9 334.4 330.4 325.6 319.6 314.4 308.8 304.6 292.9 304.8 304.3 301.7 298.8 296.9 297.3 292 287.7 281.3 279.3 277.9 277.4 278.4 281.8 285.6 285 282.4 283.2 282 278.6 277.9 279.6 274.3 273.3 275.1 280.4 278.5 272.3 270.5 272.6 270.5 268.2 273.4 276.4 273.5 269 268.3 268.7 268.9 267.8 268.2 268.4 268.6 274.1 280.7 276.7 269.2 265.7
410.3 404.4 395.1 383.8 374.1 366.9 356.8 347.2 337.9 327.1 312.6 312.3 308.1 302.1 303.4 312.2 320.9 329 333.1 336.4 336.7 337.4 336.1 332.7 326.6 320.4 315.5 314 308.7 295.7 307.2 308.8 305.8 303.2 301.4 304.2 300.4 294.7 289.1 283.7 280.1 279.3 281.4 282 286.3 286.9 284 282.8 280.9 280 282.3 283.7 275.1 274.3 283 283.8 279.6 272.4 268.2 268.2 268.2 268.2 273.5 276.8 276.9 274.7 272.3 269.9 269.3 269.2 269 268.7 268.6 273.1 283.6 284.1 278.5 269.5
419 411.2 397.4 383.1 373.9 365.6 355.2 346.3 337.4 323.9 319.5 319.7 315.4 311.2 304.9 312 320.1 325.6 329.7 331.4 334.6 336.4 336.1 333.6 327.9 321.9 319.9 316.4 311.1 300.7 308.9 312.8 310.6 307.5 307.3 309.9 308.8 303.6 296.7 289.1 285.6 284.4 284.8 282.9 287.6 287.2 285.2 283.2 281.3 282 285.5 284.7 275.8 277.7 284.9 284.2 278.7 272.7 268.2 268.2 269 271.8 275.4 279.1 280 277.7 274.6 270 270 270 269.6 269 268.9 272.7 284.4 285.2 281.6 277.9
420.2 411.7 396.4 381.3 372.6 361.4 350.5 342.6 331.8 325.2 328.1 325.5 321 314.9 314.2 318.8 319.6 326 329 331 333.6 335.1 334.3 331.8 328.5 325.5 323 319.4 314.9 305.5 312.8 315.6 314.4 310.3 310 314.1 315.2 311.2 304.9 296.5 292 286.1 286.6 286.4 287.2 287.1 288 287.1 285.6 284.7 285.9 282.6 276.6 278.7 283.8 282.6 278.8 280 276.5 272 269.7 275.6 278.7 281 280.8 277.1 271.8 271.3 270.8 270.4 269.3 268.9 269.3 274.6 282.5 284.2 282.8 281.8
419.8 408.6 393.2 380.9 367.2 353.1 346.6 337.3 336 335 333.8 330.1 325.4 310.8 319.2 323.5 323.4 327.3 330.1 331.8 333.6 334.7 334.8 332.6 330.2 328.9 326.4 323.5 318.4 315.9 319.1 320.7 317.8 312.7 312.3 315.9 318.4 317 312.4 302 296.8 290.5 287.6 287.2 287.3 288.5 291 291.7 287 284.3 283.1 279.5 278.5 277.9 280.3 280.7 284.4 285.6 282 276 273.1 277.5 280.3 280.1 278.4 273.9 272.3 272.3 271 272.8 271.1 268.6 269.6 275.4 280.5 283.6 283.7 284.5
416.7 404.5 390.4 374.6 362.1 350.9 340.9 344.9 343.6 341.8 338.2 333.8 327.9 322.6 326.7 326.3 328.6 329.9 331.5 332.6 333.3 333.8 334.1 332.7 332.1 331.4 329.6 327.5 320 322.5 326.1 325.2 320.1 314.9 315 319.6 322.9 322 318 308.5 301.9 296.5 290.6 289.2 288.1 288.9 292.9 291.6 287.1 282.7 280.2 279.5 279.6 279.8 280.5 284.3 288.4 287.5 283 278.8 276.5 277 277.8 275.9 274.2 273.1 276.5 272.6 274.4 275.4 271.6 268.9 269.7 275 277.8 280.6 283.5 285.6
414.6 399.9 383.9 368.8 352.6 354.9 352.6 352.6 351 346.9 343.2 337.5 327.6 330.7 332.8 332.5 334 332.5 333.7 334.3 334.5 333.9 334.1 333.8 333.9 333.6 333.5 331 316.9 329.5 331.6 328.4 323.6 319 317.7 322.9 326.5 324.4 319.1 309.9 305 299.1 293.6 290.8 289.4 289.9 292.1 291 285.2 283.1 282.5 281 280.8 279.4 284.8 290.3 291 287.9 283.6 280.1 277.7 276.4 275.6 274.7 274.6 278.1 278.8 274.1 277.1 275.6 268.4 269.2 269.6 272.7 273.5 276.1 282.4 288.2
410.9 395 377.9 363 363.4 362.5 361.4 360.7 356.9 352.5 347.1 340.6 332.7 338.6 339.3 337.6 338.1 337.1 337.7 338.2 338.4 338.4 337.1 337.4 337.5 337.7 337.1 334.9 319.3 334.9 336.9 330.3 327.2 322.4 322.8 326.6 327.6 324.8 319.4 312.5 306.3 297.3 296.2 292.7 292.3 292.2 291.3 286.7 286.9 288.2 286.6 284.4 282.9 282.2 290.6 293.2 290.4 286.5 281.8 279 277.9 276.8 275.9 274.9 275.4 278.1 277 274.2 275.6 271.3 269.2 269.5 269.7 270.1 269.7 271.8 280.3 288
408.7 391.7 380.1 365.7 369.8 369.4 368.2 365.6 360.9 355.4 349.1 334.9 342.8 343.4 343.5 340.5 341.6 340.8 341.9 343 345.3 348.2 346.3 344.1 342.2 341.5 340.5 337.7 324.9 334.2 337.8 334 330.8 328.4 330.3 329.7 329.2 325.2 318.8 312.9 305.6 304.9 301.2 298.1 296.3 294.1 291.1 291.5 292.8 296.1 292.9 289.6 288.3 283.4 290.6 291.9 287.3 282.7 280.1 279.2 278.2 277.7 277.5 276.3 274.9 275.9 274 272.4 271.5 269.5 269.6 269.9 269.7 270.5 270.2 269.8 278.7 286.4
406.3 392.8 383.9 373.8 377.3 377 374.6 370.3 363.9 355.6 349.2 346.7 348.8 348.7 346.8 345.7 345 344.7 346.3 348.7 353.5 355.9 352.5 349.6 346.8 344.6 342.7 339.6 332.3 334.6 338.6 338.2 335.6 334.7 335.4 333.6 330.9 326.3 321.5 314.2 312 312.3 308 303.6 299.9 296.3 293.3 295.5 298.5 302.9 301.4 295.5 289.8 284.4 288.7 285.8 282.7 281.3 280.3 279.8 278.9 277.5 276.7 275.8 275.1 274 273.1 272 271.3 271.5 272.1 270.3 270.8 270.8 270.2 269.7 278.7 285.1
405.6 395.1 388.1 384 384.3 382.5 378.4 371.3 363.7 355.6 348 350.7 353 352.9 350.9 349.6 348.8 349.6 351.4 355.8 360.4 361 357.6 353.7 349.4 346.4 343.7 340.1 335.1 333.2 340.3 340.9 338.4 340.3 339.7 337.5 334.1 329.4 325.1 321.4 318.4 318.4 315.2 308.3 302.7 298.3 296.8 297.5 300.1 304.7 301.6 294.9 285.1 285.3 284.4 283.3 282.5 281.5 281.5 284.4 283.1 280.7 278 277.6 277.2 277.4 277.6 279 278.5 276.1 273 270.3 276.8 275.1 270.4 270.6 279.2 283.4
409.5 398.2 390.8 391.4 390.4 388.1 380.3 371.6 364.1 357.5 352.8 356.7 357.6 356.9 355.6 354.8 354.2 356.9 361.8 367.8 368.4 366.6 362 357.5 351.3 348.1 343.2 341.3 337.6 336.4 341.9 343.4 344 345.1 343.5 340.9 336.7 332.5 327.8 327.1 325 323.3 317 309.4 304.4 300.7 300.5 299.9 297.9 301.9 297.6 288.8 287.1 286.3 285.1 284.1 282.8 282.2 284.7 288.1 287.3 285.1 282.1 283.1 282.2 282 283.6 285.7 281.5 277.7 273 271.9 277.7 276.9 271.4 271.7 279.3 282.4
412.1 401.1 401.6 397 392.7 388.7 381 371.6 364.5 354.4 358.5 361.4 362.1 361.9 360.8 360.5 361.7 367.2 377 379 375.3 371.7 368.9 365.8 362.1 356.4 352.1 346.9 342.7 341.6 344.9 347.6 350.1 349.2 346.8 343.4 339.5 335.7 327.2 331.7 330.8 327.7 321.7 311.8 307.4 304.7 309.1 302.4 295.1 295.3 288.4 287.6 287.9 287.5 286.8 286.9 285.8 283.5 286.8 290.3 291 289.4 286.7 288.4 287.3 285.2 286.2 284.7 281.2 275.1 274 273.3 277 277.7 273.7 271 279 281.5
408.8 416.4 407.9 400.8 394.1 387.4 377.7 369.4 361.7 358.5 364.9 366.2 366.7 367.2 367 367.7 372.3 379.4 385.7 384.8 380.5 378.5 377.8 373 368.8 363.7 358.3 351.2 340.9 348.6 352.1 354 354.7 352.8 349.9 345.1 341.5 338.2 336 335.5 333.2 328.7 323.7 317.9 317.2 310.5 314.7 308.7 302.8 294.3 290.1 290.5 294.5 298 299.3 297.8 295.3 290.1 288.3 290.6 292.2 292 289.3 289.8 288.3 286.4 285.3 282.4 279.4 273 277.2 278.2 279.4 279.4 277.8 275.1 278.5 281.5
427.1 420 410.3 403.6 392.8 384.9 373.6 368.1 361.3 368.7 370.6 372 372.6 372.9 374.3 376.5 383.3 389.6 393.3 391 390.6 389.7 384.9 380.1 375.7 370.1 363.9 355.1 344.1 353.6 357.6 359.1 358.9 356.4 352 346.9 343.3 339.8 339.1 338.2 335.3 330 328.3 324.6 322.6 317.4 317.4 311.4 302.6 293.1 291.5 297.3 300.7 306.6 309.5 307.4 301.9 296.2 291.7 290.8 291.6 292.1 290 288.7 287 286.2 283.1 278.6 276.2 273.8 276.6 280.4 281.9 282.3 280.7 276.7 278.7 281.5
432 420.8 409.5 401.3 390.2 381.3 374 366.6 370.5 374.3 376.6 377.9 378.1 380.1 382.2 386.1 393.7 399.6 402.6 400.8 400.7 397 390.9 386.6 381 373.9 366.3 358 345.7 358.7 362.9 364.6 363 359.6 354.2 348.9 345 341.4 341.7 340.5 338.3 334.8 333.8 328.7 325 320.2 317.9 308.1 300.4 292.3 297.9 302.2 307.1 311.9 314.7 311.9 306.5 299.7 294 292.2 291.3 290.8 290.7 290.3 284.7 282.1 279 276.2 274.8 274.9 275.2 278.9 282.5 284.2 282.3 278.1 277.8 279.9
433.5 420.1 407.1 397.2 387 380.2 376.7 370.8 376.5 380.6 383.2 383.8 385.3 388.8 392.5 397.1 403.5 410.1 412.4 411.5 409.3 402.5 396.7 390.8 382.3 373.4 365.7 358.9 357.1 365.6 368.9 368.8 366.1 361.7 356.4 351 346.7 344.8 344.3 343.2 341.9 340.4 337.4 330.4 325 320.9 316.2 306.8 298.6 295 301.8 305 310.4 315.9 317.7 314.9 310.4 303.9 297.4 294.3 291.8 291.5 292.2 290.9 284.5 280.6 278 276 275.1 274.6 275.1 276.3 280.7 283.6 282.6 279.4 277 277.2
434.9 416.8 403.8 394 386.8 380.9 376.7 378.2 382.7 388.1 391.3 393 396 398.7 402.2 409.2 415.9 422.2 424.9 422.9 417.6 409.7 402.4 394.2 383.4 372.8 365.4 359.5 365.3 371.7 374.8 372.7 368.9 364.4 359.3 352.5 347.8 347.9 348.5 348.6 348.1 345.1 339.9 332.2 326.3 319.9 312.5 305.6 302 296.2 304.5 307.1 312.6 318 321.1 317.6 314 309.3 304.2 297.7 293.3 292.7 293.7 291.6 285.9 282.5 280.4 278.7 275.4 275.4 275.9 275.5 275.9 279 280.3 279.3 277.4 276.4
431.7 414.7 400.5 393.1 387.4 383.1 382.6 385.8 392.7 399.8 402.5 404.7 408.8 412.6 413.6 421.2 427.4 433.3 436 431.1 423.5 414.7 405 396.1 385.1 372.4 363 366.5 372.6 377.1 379 376.6 372.5 367.3 363 355 351.3 351.7 352.5 354.5 353.7 348.6 341.4 333.7 326.7 318.9 309.2 306.1 298.6 300.1 305.3 309.1 313.8 318.7 324.3 321.2 317.9 313.6 308.7 302.9 297.2 294.9 295.6 294.8 290.3 288 285.8 283.1 278 276.4 276.5 276.6 275.8 276.3 277.6 277.9 276.5 277.6
428.5 411.3 400.8 395.3 391.2 387.7 390.7 398.1 403.3 410.3 413.1 418.5 426 429.1 429.6 432.4 440.3 444.6 443.6 436.5 426.5 416.9 405.1 393.7 382.2 370.9 365.2 371.5 378.8 383.3 383.6 382.1 376.1 370.6 364 355.6 355.4 356.1 357.3 359.8 357.8 351.5 343.5 334.6 328.6 314.9 305.4 300.4 300 302.3 306 312.8 316.7 320.8 325.4 324.6 321.9 317.3 312.4 308.6 301.5 297.7 297.6 297.3 294.4 292.6 288.9 285.6 282.4 278.5 277.4 277.1 276.6 276.6 276.3 276.7 278 280.2
431.8 415.7 404.5 398.3 392.1 397.2 402.4 407.9 417.3 420.9 426.5 434.4 440.4 442.4 441.9 443.1 450.7 450.3 446.3 436.5 426.6 414.1 402.4 388.4 379.2 374.4 366.4 377.6 385.4 388.8 388.5 387 382 376.1 370.1 363.4 361.4 362.5 362.6 364.6 360.7 352.9 344.2 333.7 322.2 310.9 303.5 301.9 302.8 305.1 310.6 317.3 321.2 325.2 328.2 328.2 326.4 322.1 317.2 313.5 306.4 300.6 300.8 301 297.7 296.5 293.1 288 284.5 280.2 279.3 278 278.3 276.8 276.1 276.5 279.2 284
439.4 421.2 411.8 403.1 399.3 406 414.6 424.8 438.3 445.1 446.5 450.5 452.9 455.4 454.9 454.5 454.6 450.4 440.4 429.6 419.3 408.3 396.5 386.7 380.6 376.8 377.7 385.1 393.1 396 395.1 393.6 387.9 381.8 376 371 369.3 369.7 369.4 369.1 365.3 352.7 344.6 332.2 318.9 308.2 305.1 304.5 306.7 308.7 315.1 319.6 325.8 329.4 331.1 331.9 331.4 326.5 320.6 315.9 310.3 302.6 303.2 304.5 301.5 300 297.4 290.6 286.1 281.9 280.3 279 277.9 277.7 277.6 278.2 281.3 286.3
445.6 427.6 420.9 408.8 408.4 416.6 430.3 446.1 456.9 462.9 466.3 466.2 465.9 464 463.1 461.7 456.3 447.4 435.7 422.2 411 402.3 391.1 386 380.9 378.5 386.4 395.1 400.4 403.2 403.9 400.7 393.1 387.6 383 378.2 377.2 378.2 378.2 375.8 364.6 354.4 344.5 330.9 316.5 310.1 307 304.6 311.4 317.7 323.4 324.7 329.9 332.8 334.7 337 336.5 331.3 324 318.4 314 308.7 305.6 307.1 304.1 300.8 297 291.6 285.9 283.4 281.5 279.7 279.1 280.5 279.7 280.5 285.1 288.6
454.5 437.3 428.4 418 417.8 428.2 447.3 463.1 471.7 479.1 482.4 479 475.1 471.1 466.5 461.1 451 437.8 425.8 415.7 406.6 397.8 389.5 385.5 381.2 384.8 396.6 405.6 410.8 414.2 413.9 407.4 400.3 396.5 389.9 385 383.8 383.2 378.4 371.6 359.6 355.4 343.2 328.3 321.6 315.4 308 310.5 317.2 324 329.8 332.5 336 336.9 338.6 341.7 340.6 335.1 328.7 322.2 317.8 313.2 308.8 307.2 302.6 298.8 294.3 288.3 286.9 283.8 281.8 280.2 280 282 282.1 283.6 287.6 291
465.1 450.2 437 424.3 427.3 438.4 456.7 473.7 487.9 495.1 493.6 487.9 480.6 472 463.6 453.6 444.1 430.5 421.3 411.6 403.9 395.4 387.1 387.8 387.2 393.7 409.2 420 425.8 426.6 421.5 414.6 410.5 404.8 396.8 391.3 389.1 383.8 377 367 358.7 353.8 339.4 330.3 323 309.5 310.7 312 322.9 329.4 333.8 338 340.6 341.2 342.8 344.8 342.7 337.9 331.3 325.1 320 315.4 311.1 306 298.6 293.9 291.1 289.9 287.9 284.7 282.3 281.7 281.2 282.1 283.7 286.6 287.6 290.5
479.1 462.1 447.5 434.9 441 448.7 466.1 482.5 499.3 504.4 499.6 491.2 481.8 469.4 453.7 445.5 434.6 428.2 419.2 411.1 402.9 397 397.4 398.6 398.9 408.5 425.9 431.9 439 436.9 430 423.8 420.1 413.1 403.7 398.4 392.3 384.6 375.8 365.1 356.1 346.2 337.8 327.5 313.8 313.9 315.7 316.8 328.3 334.8 337.6 343 344.4 344.9 346.6 346.9 343.2 338.2 332.5 326.3 322 316.1 311.4 306.1 297.1 298.9 296.5 292.6 288.4 285.2 284 282.8 281.4 283.4 285.3 288.1 289.4 289.4
491.7 473.9 460.9 448 456.7 463.9 477.8 495.2 507.4 509.5 501.4 494.6 483 468.1 453 438.8 431.7 423.9 420.7 411.4 407 408.8 409.4 409.7 411.6 423.2 438.8 442.9 445.2 442 435.5 432.8 427 417.7 408.4 402.2 395 385.9 376.9 367.4 354.9 345.8 335 318.4 327.1 325.3 325.9 326.1 333.9 338.5 342.3 348.3 348.6 348.6 349.1 346.1 342 337.6 333 327.3 320.6 316 309.4 302.2 302.2 302.3 300.5 295.8 289.9 285.3 283.3 282.6 282.1 284.4 286.7 291.1 292.3 289.6
504 488.6 474.2 467.6 472.4 477 490.8 505.3 514.2 512.2 504.5 495.5 483.4 467.8 452.7 441 434.1 428.3 421.4 417.9 418.2 418.3 418.5 422 426.1 436.8 447.8 453.8 454.3 449.1 444.5 440.3 431.7 422.5 413.9 407.8 397.9 388 377.6 365.7 353.4 345 321.8 333.8 333.5 332.6 337.2 336.3 342 345.2 349.8 353.2 354.4 353.4 352.8 348.6 342.8 336.9 331.4 323.9 319 310.9 307 310.3 309.8 308.8 304.4 299.8 293.2 290 283.5 283 283.5 284.5 287.5 292.2 293.7 293.6
519.8 503.9 491.5 488.9 486.8 494.4 505.5 514.4 519.4 519.1 510 499.6 486.1 468.8 455.7 446.2 437.8 432 428.6 426.7 426.2 429.2 433.2 435 436.9 446.1 453.9 459.9 460.6 455.8 452.7 447.2 437.2 425.7 418.5 406.9 393.5 380.8 371.2 359.1 351.8 334.8 337.7 339.4 340.1 342.1 346.6 346.1 347 350.1 355.6 358.2 359.8 359.8 357.7 351.5 344.8 341.9 335.9 326 319.2 313.1 315.6 316 315.4 309.8 304.7 300.3 296.9 293.1 284.4 284.4 285.6 284.2 288.4 291.2 294.8 295.1
539.6 522.3 510.3 507.1 505.6 509.9 515 523.7 529.8 522.8 514.4 504 489.9 474.5 463.6 451.7 441.4 437.3 435.5 433.8 434.5 441.5 442.6 443.7 445 452.8 462 464.3 463.4 458.1 451.9 448.2 436.9 425.2 416.2 407.4 396.3 383.3 366.4 358.1 349.6 335.6 341.3 344.3 347.3 350.6 352.9 353.4 353.3 354.6 360 363.2 364.5 364.4 360.4 353.6 349.8 346.5 340.4 332.2 323.3 321 322.8 320.4 314.4 309.8 305.6 301.3 297.7 294.1 285.5 285.7 288.4 288.7 290.2 290.1 294.2 294.4
557.2 539 527.7 520.1 515.9 516.4 520.9 526 527.1 521.9 515.6 504.8 493.3 479.7 464.4 454 445.7 443.2 440.7 437.4 439.1 443 442.6 442.6 445.7 452.9 460.6 459.4 461.6 455 448 442.9 432.8 420.4 410.2 398.9 385.2 373.5 362.9 355.3 342.3 337.9 344 348.6 351.6 354.9 358.4 359.8 359.3 361.4 365.6 367.5 368.5 367.6 361.9 356.4 354.8 351.7 346.3 338 326.2 330 330.4 322.6 314.5 309 305.9 301.7 297.5 293.6 289.3 286.4 290.1 290.3 286.3 291 293.4 296.4
