ny/ny70_OST50GRID_20230518/NY70.asc
ncols 200
nrows 200
xllcorner 370000
yllcorner 500000
cellsize 50
[rows 105 to 139 of 200, columns 0 to 77 of 200]
245.6 243.4 240 236.7 237.3 237.5 238.3 239.5 240.6 241.6 242.7 244.4 244.2 246.8 247.4 249.5 252 254.1 255 255.5 255.4 255.9 257 257.8 258.7 259.7 260.5 257.8 253.6 248.8 249.6 255.3 260.4 266.1 270.5 268.5 261.2 244.6 234.7 232.5 246.8 249.6 252.8 258.2 261.3 265.3 261.8 257.9 260 265.6 272.4 280.3 282.1 279.4 279.5 283.6 289 287.4 287.2 289 293.4 299.3 305.4 309.2 313.2 315.8 320.3 323.6 326.2 331.6 338.6 346.1 350.8 357.6 359.5 359.5 361.9 362.5
245.5 243.1 240.8 237.5 241.7 241.8 238.8 239.4 240.5 241.6 243.3 244.1 244 251.8 253.9 256.5 258.5 259.3 259.2 258.3 257.2 257.4 258.2 260.4 261.4 261.8 261.6 258.9 257.3 251.6 253 258.6 263 266.4 269.7 267.1 260.5 253.5 243.6 235.4 235.3 245.4 248.5 253.7 260.8 267.5 264.3 257.6 260.1 266.3 272.5 280.3 283.8 281.4 280 286.9 291 292 290.7 288.6 289.5 294.8 302 300.5 304.9 311.6 317 321.4 323.7 326.1 330.6 340.8 343.8 348 356.9 358 359.3 361.5
247.5 247.3 243 239.2 244.1 247 241.2 239.8 240.3 243.7 245.9 244.9 245 255.8 260.6 260.9 261.2 261.9 261.9 260.6 260.3 260.3 261.4 262.9 263.9 263.7 263.1 260.4 256.9 258.6 256.3 260.5 263.7 266.8 267.7 264.6 255.7 248.4 245.1 243.9 237.4 233.9 236.3 249.8 259.4 268.3 265.9 255.5 258.6 265.4 271.7 279 283.8 281.6 280 286.1 291.7 294.5 291.7 287 289.9 285.8 288.4 290.4 297 302.9 307.4 313.4 320.7 323.1 325.2 330.8 333.7 338.8 345.3 354.2 355.1 358.7
249.2 250 245.2 238.7 245.3 249.3 246.4 240.5 242.7 247.9 247.2 244.9 245.7 256 261.9 264.5 263.7 264 263.9 263 263.3 263.2 263.8 265.1 265.7 265.1 264 262.4 258.8 259.3 259.6 257.8 259.1 264.3 264.7 260.1 254.8 249.2 245.1 244.4 243.2 239.1 234.7 245 254.3 264.7 262.4 253.4 255.1 263 269.3 275.1 278.6 274.9 273.8 279.7 286.2 291 288 285.3 284.1 281.4 282.1 283.1 286.1 290.7 297.7 303.1 313.3 320.3 322.6 324.2 325.2 328 334.2 341.5 346.9 352.2
249.4 251.4 245.4 239.3 244.9 249.2 247.4 242.8 246.8 250.8 245 245.7 249.4 257.1 261.4 262.9 264.9 266.6 266.7 266.1 265.5 265.4 265.3 266.3 266.4 265.7 264.9 264 261 263.1 262.3 262.5 263.2 260.7 257.6 255.1 253.2 250.8 247.8 245.3 244.7 244.7 237.9 242.4 245.5 246.8 252.6 250.9 252 258.3 264.7 269.1 270 266 269.8 273.7 278.1 282.2 277 283.5 283.6 280.9 282.6 282.6 282.6 284.5 289.4 297.5 307.7 316.2 320 322 320.6 320.1 323.9 330.4 336 338.8
247.6 249.8 243.3 239.8 244.8 249.9 246.6 242.6 250.6 253.2 246.2 247.4 253.3 258.3 262.7 264.2 266.5 267.5 268 267.9 267.4 267.1 267 267.9 268.9 267.9 267.4 265.5 263.2 265.2 264.7 263.3 262.7 259.7 256.6 253.8 251 246.6 244.7 245 245.2 245.5 237.3 245.3 241.3 250.7 250.6 249.6 250 253.2 258.4 262.5 261.3 259.8 263.8 265.9 267.5 271.1 277.6 280.9 279.5 283.9 288 290 291.9 294.8 295.7 297.2 301.2 310.5 316.1 318.7 317.5 316.2 318.2 319.4 323.4 328.6
246.4 247.4 241.2 240.9 246.8 250.2 243.5 244.3 251.5 255.4 247.6 248.5 256.2 259.8 262.6 265.5 269.4 271 273.3 273.5 272.5 270.5 269.9 271 271.8 272.1 270.4 268.3 264.2 266.6 265.6 263.9 262.9 258.8 253.4 250.7 247 245.1 244.7 244.7 244.8 244.4 237.6 246.8 246.2 244 243.9 248.2 250 251.2 251.8 253.6 256.1 257.7 259.9 263.5 259.9 266 272.5 277.4 274.9 285 290.2 291.5 296.4 299.2 297.8 295.8 298.1 304.4 311.4 316.6 312.9 312.8 312.8 315.2 317.4 318.9
248 245.3 241.8 243.9 250.7 250.5 244.4 245.2 252.4 256.5 250.9 248.4 250 256.4 262.9 267 271.7 275.5 277.8 279.5 278.4 276.4 273.9 274.6 275.1 274.9 272.9 270.7 266.6 264.1 264.6 265.3 263.5 256.9 254.1 253.2 246.5 245.2 245.4 245.3 245 242.2 241.7 241.8 242.7 247.3 245.5 245.4 248.2 250 255.4 262.3 258.7 256 255.5 256.4 258.2 260.6 265.2 270.9 271.7 281.8 286.5 288.5 293.4 295.3 292.9 292.8 296.3 300.9 308.2 317.1 316.9 310.7 311 311.2 312.7 314.3
251.5 245.6 243.6 249.1 254 252.2 246.9 246.4 252.2 254.1 249.9 250.7 250.3 252.2 259.5 266.9 272.9 277.6 281.3 283.7 283.3 281.8 279.4 278.5 278.7 278.2 277.6 272.7 267.2 262.2 265 266.8 264.3 257.3 259.4 257 253.7 249.4 248.6 249 246.5 241.1 244.2 244.4 241.6 243.9 245.7 245.8 246.1 247.3 257.9 265.9 266.3 263 257.6 256.2 256.7 257 259.4 262.1 269.1 274.5 277.9 281.7 286.4 288.7 290 292 293.9 298.1 304.9 315.1 322 320.8 315.6 312.9 312.2 311.5
253.4 247 246.8 252.1 256.4 255.5 250.9 246.9 248.3 250.1 250.9 254.4 251.3 251.9 258.9 264.4 271.5 280.8 283.9 286.5 287.8 286.3 284.3 283.5 280 280.2 279.2 275 269.3 264.9 267.6 270.4 268.4 264 266.1 264.5 262.8 260.6 258 255.9 247.2 243.7 246.1 244.9 245.3 240.6 245 247.9 246.9 250.2 260 267 271 270.2 263.2 257.4 256.4 256.7 257.1 258 263.5 267.4 268.9 270.9 274.4 285.8 290.7 293 293.4 295.8 302.2 310.6 318.6 324.2 320.3 317 315.6 312.4
253.7 249.1 249.2 254.8 258.7 258.6 255.9 252.7 249.4 253.2 255.2 258.4 254.5 252.5 260.6 266.5 272.1 278.8 286.9 289.4 289.6 289.1 287.9 286.6 283.9 281.6 280.1 277.2 270.5 268.5 269.3 272.7 271 268.8 269.7 267.6 266.5 264.2 261.4 259.4 246.7 250.8 253 246.4 245.2 243.5 245.1 250.9 248.7 253.3 259.9 265.6 273.4 275.5 272.1 264 259.2 258.5 257.3 257.2 258 261.8 264.2 264.5 271 275.4 289.2 291.8 293.7 295.2 298.7 303.2 309.7 314.8 316 312.1 310.1 305.1
257.2 256.1 251.8 257.3 261.3 260.4 258.3 255.3 250.6 255.8 258.9 261.6 262.4 252.7 258.8 268.1 273.8 279.3 283.7 287.9 291.7 290.6 290 288.1 285.6 283.7 281.3 277.8 272.5 270.4 271.6 272.5 270.9 270 272 268.8 265.8 263.2 259.9 258.4 245.7 256.2 255.6 250.5 247.5 244.3 251.4 255.7 250.5 253.4 258.7 264.6 274.3 277.6 276.3 273.3 269.2 266.3 261.2 262.1 261 262.4 260.4 261 265.3 272.4 276.7 288 290 294.4 295.9 295.4 299.6 302.8 303.7 302.3 299.1 296.8
259.8 258.1 256.5 256.9 259.6 260.3 260.4 255.9 251.7 257.8 261.7 264.9 266.4 254.6 254.7 268.3 273.8 280.6 283.9 286.1 287.5 289.5 290.3 289.3 286.7 284 282.1 279.1 275.2 271.5 272.6 272.8 270.6 271.5 271.8 266 260.7 256.4 245.4 246.1 251.3 258.6 254.3 254.9 251.5 247.6 252.1 256.1 252.6 254.1 257.3 264.2 273.1 277.8 278.3 278 276.8 270.9 269.2 271 270 268.8 266.2 262.1 263.6 267.6 274.9 279.8 287.9 294 293.4 290.5 290.4 292.9 293.8 294.6 293.1 294.4
261.1 258.7 257.1 257.3 259 261.3 261.3 255.8 252.9 258.7 263.9 268.5 270.9 256 258.5 268.4 273.9 280 283.8 286.2 287.4 288 288 288.5 287.4 285.2 283.1 280.1 278.2 273.5 272.5 273.3 271.9 271.9 271.7 265.2 256.3 250.7 250.7 252.7 253.8 255.7 253.9 256.7 253.7 248.9 247.4 254.8 253 250.8 257.2 262.4 269.3 273.7 275.7 277.7 276.9 273.4 274.4 274.5 274.4 274.7 272.6 267.3 264.9 267.6 273.2 282.1 287.3 291 289.4 288.2 286.9 286.8 289.6 291.3 292.3 292.9
262.8 259.7 258.6 259 260.8 263.5 262.1 256.5 255.1 260.4 266.3 270 269.8 259.7 259.7 268.5 273 279.4 283.2 286 287.6 288.6 287.4 286.4 286.9 286.8 284.5 281.7 278.2 272.8 271.4 272.8 272 270.9 270.3 269.1 262.6 248.1 256.6 258.7 258.3 257.9 261.8 260.8 255.3 250.7 250.1 249.3 248.3 249.8 253.9 259.2 263.7 267.3 269.9 272.6 273.5 273 275.7 276.8 277 278.9 279.1 276.7 273.7 274.5 276.8 281.5 284.5 283.4 285.2 284.4 284.7 288.6 297.8 296.3 293 291.4
266.8 263.2 261.3 261.9 263.7 266 265.7 261.2 257.3 260.3 266.5 271.6 268.3 259.4 257.5 268.9 272.5 277.2 282.6 285 287 286.7 287.3 287.7 286.4 285.7 284.4 283.1 278.6 272.9 270.5 272.5 271.3 268.4 269.2 270.1 262.6 252.4 263.1 266.9 267.3 265.8 266.2 266.3 261.2 253.4 252 251.5 248.5 248.8 250.3 256.9 260.6 263 263.8 264.7 265.8 268 273 276.1 277.4 279.5 282 282.1 279.7 279.1 278.8 280.8 284 280.4 282.3 282.9 284.3 293.1 304.1 304.6 301.3 297.5
273.8 271.1 266.4 266.4 267.9 269.8 270.1 265.2 262.3 260.7 267.5 271.3 267 260.8 259 263.7 271.4 277 281.7 285.5 286.6 285.9 285.8 287.6 285.9 284.4 283.4 283.1 280.3 275.5 272.5 270.2 267.3 265.8 267.7 266.5 261.9 259.1 265.8 268.4 269.5 267.9 268.1 269.1 264.7 257.5 257 257 250.8 248.4 249.1 250.7 257.9 259.2 258 256.6 258.2 259.4 266.8 272 274.9 278.3 280.8 282 279.6 277.1 275.9 282.8 286.8 281.8 281 282.2 286.2 294.8 305.6 307.5 304.8 301.8
279 276.3 272.2 271.4 272.2 274.1 274.1 268.5 266.1 261.1 267.7 271 266.8 262.4 260.2 261.5 264.9 276 281.4 284.2 285.9 286.1 285.4 284.6 284.7 283.4 281.4 278.8 278.2 276.2 273.1 270.2 266.1 265 263.1 252.7 253.5 264.7 265.1 267.3 268.1 267.2 267.8 268.3 263.8 260.5 267 265.3 258.5 249.5 249.2 248.8 250.4 255.3 253.3 252.4 253.4 254 257.5 262.5 268.2 273.5 276.3 274.4 270.5 268.1 272.7 282.9 290.1 286.3 282.5 282.1 287.2 294.4 300.8 304.6 305.7 304.1
282.9 282.1 278.8 275.4 276.7 279 277.2 271.5 268.7 263.6 270 272.4 268.8 263.5 263.4 262 264.7 274.6 279.2 282.7 283.9 284.2 283.7 282.4 282.6 281.2 278.1 277.5 277.2 275 270.3 266.9 264.2 262.9 258.2 257.6 262.4 264.6 265.2 265.2 266.2 265.5 266.5 266.4 264.5 266 270.6 270.3 267.1 257.7 250.3 249.6 250.2 250.6 251 251.7 252 252.9 253.8 254.7 257.8 263.8 266.7 265.6 262.9 263.6 269.5 280.9 290.2 291.1 284.9 283 284 291.5 296 300.6 304.1 305.5
289.4 287.3 284 282.6 282.6 283.8 280 274.5 271.6 266.7 272.2 275.2 272.2 267.2 265.8 263.6 263.6 272.7 276.6 279.4 281 282.4 282.2 278.6 277.7 278.5 277.1 276.9 275.8 271.9 267.5 264.2 262.1 260.8 257.6 254.6 260.9 264.2 264.1 263.2 263.3 264.7 265.7 265.8 263.5 267.2 270.3 271.5 273 267.2 259 253.9 250.9 251.1 252.2 252.5 252.1 252.1 252.4 252.8 253.7 256.8 261.1 261.8 259 262.2 269.4 277 286.4 292.1 288.7 285.4 283.9 284.9 295.5 298.8 302 304.8
288.4 288.2 286.4 286.5 287.4 287.9 283.8 278.3 274.9 270.3 273.2 276.7 274.8 270.7 266.9 264.9 265.1 271 274.1 276.7 279 281.2 281 277.4 273.3 275.5 275.9 275.3 274.4 273.7 272 267 263.4 257.9 258.4 254.3 257.2 260.7 262.7 259.2 259.4 263.1 264.6 264.8 263.1 264.1 266.6 269.3 275.8 274.1 270.1 266.5 257.2 256.8 259.5 259.3 253.8 252.5 252.8 253.4 253.8 253.5 254.7 256.1 257.3 260.7 265.8 272.9 280.9 288.7 291 290.9 289.8 290.3 295.9 297.2 299.8 303
285.6 286.7 287.2 286.3 286.7 288.7 285.7 281.5 277.2 270.8 275.3 277.7 277.1 273.3 268.5 265.9 266.5 269 272.6 274.9 277.8 279.5 278.6 275.4 271.5 272.7 273.8 273.2 273.2 274.6 274.9 273.2 270.1 265.5 263.2 254.3 254.8 255.1 255.6 256.3 256.9 261.4 263.8 263.1 259.6 260 261.5 264.9 275.4 276.4 275.6 273 264.7 260.1 266.2 266.3 263.1 253.8 253.8 254.4 254.5 254.6 254.6 254.7 255.1 255.4 261.1 269 275.4 284.7 290.5 292.1 292.4 292.6 294.3 296.6 298.4 301.2
287 288.5 290.5 289.2 285.9 285.7 284.2 281.4 277.3 271.6 277 279.3 279.1 275.4 270 267.2 268.1 268.9 271.2 274.3 276.4 277.5 276.9 273.5 271.4 271.4 271.2 271 271.7 274.3 275.9 276.4 272.9 269.6 268.8 265.9 262 260.3 257.6 257 257.6 258.1 260.9 259.7 258.8 258.8 259 263.3 271 274.9 276.7 276.4 269.9 261.2 267.3 269.3 268.6 264.5 260.3 258.2 256.2 254 255.2 255.3 255.6 255.8 255.5 262.8 270.7 279.6 285.1 289.1 290 292.7 294.3 295.4 298.2 299.8
289.5 291.7 294 293.3 287.6 282.5 280.3 278.6 276.2 276.2 279.5 281.1 280.9 278.1 270.9 268.9 270.7 270.5 271.4 274.5 276.9 279.6 277.4 273.7 271.4 271.1 270.7 270.6 270.9 272.7 274.8 276.2 273.5 273 272.6 270.5 266.5 268.3 266 262.9 258.7 258.5 258.1 258.7 260.1 260 259.5 261.9 266.9 270.9 275.2 277.3 273.3 264.7 265.1 267.9 269.9 269.4 268.7 267.8 264.6 260.2 259.4 255.8 255.8 255.9 256 259.4 267.2 274.1 279.7 283.1 284.2 288.8 293.8 295 297.4 298.5
292.1 295.6 298.1 298 295.1 288.1 283.3 282.3 282.4 280.3 282.9 283.4 283.5 280.1 272.5 268.4 273.3 271.9 273.1 278.3 281.9 284.1 279.5 273.7 271.7 271.1 270.8 269.8 270.7 271.5 274 274 273.1 274.6 275.3 272.3 271.4 271 268.1 265.1 259.9 259.3 258.5 259 258.9 260.7 258.5 260.3 264.9 268.7 272.4 276 275 271.9 262.2 262.4 269.2 273 272.9 271.9 270.8 268.2 264.9 256.2 256.4 256.5 256.5 256.7 262 269.9 275 276.5 280 285.2 291 294.3 295.2 297.6
297.4 300.9 302.6 303.5 300.1 293.1 288.8 287.5 286.3 286.1 287 286.3 287.1 283.8 276.1 269.6 273 274.3 276.6 283.4 287.3 287.9 283.8 278 273.1 271.3 271 270.8 270.6 270.9 272 272.3 272.4 274 274 272 272.7 271.4 268.9 262.9 260.7 261.5 258.7 259.8 259.1 258.5 258.7 259.2 263.1 265.4 269.6 273 274.4 273.9 269.4 265.4 268.2 274.4 275.5 274.8 275.5 276.9 274 265.8 260.3 257.6 257.1 256.8 258 263.9 268.6 271 277.6 281.7 285.1 292.7 293.9 293.7
305.6 306.5 308.4 305.9 301.3 295.8 292 289.9 284.1 289.1 290.4 289.8 291 287.1 280.7 272.9 274.9 277.2 282.4 289.2 292.3 292.3 288.4 285.4 279.8 272.9 271.3 271.2 270.9 270.8 271 269.9 269.9 271.7 271.2 270.6 272.7 272.5 268.7 262.5 268.3 268.7 264.1 260.6 260.5 258.8 258.9 259.4 262.3 265.3 267.6 270.3 272.7 273.9 271.8 269.6 269.7 273.9 276.2 276.2 278.7 281.4 279.7 273.2 267.2 257.1 257.3 257.2 257.4 257.3 261.3 262.7 269.9 276.2 280.2 284.3 291.7 290
313.3 313 312.6 307.3 301.1 295.8 292.4 290 288.9 290.4 292.3 294.5 294.5 289.1 283 275.2 276.6 281.1 286.5 292.3 295.9 296 293.3 289.5 284.8 276.9 271.9 271.6 271.7 272 272.1 272 271.5 270.7 269.1 267.8 266.8 263.6 263.5 262.6 271.6 271.3 267.8 261.2 261.4 261.9 258.6 259.5 260.9 265.1 266.2 268.7 272.2 273 272 270.4 269.9 272.9 274.7 275.4 279.3 283.1 281.3 276.5 273.4 267.2 258.5 258.5 257.9 258.1 258.7 259.1 260.8 265.6 275.8 281 281.1 282
322.2 319.5 315.7 309.1 301.1 295.2 292.5 289.3 291.2 291.9 293.6 296.3 296.1 290.3 274.3 277 278.6 284 289.1 294 297.5 298.4 296.4 292.8 287.2 281.8 277.2 273.7 272.9 273.2 273.1 273 272.7 269.4 268 267.6 266.2 265.3 263.5 269 273 273 269.1 261.9 264.1 269 267.8 259.5 260.4 260.9 262.6 267.9 271.5 271.6 271.2 269 269.2 271 272.1 274.3 277.8 280.3 279.1 276.9 277.1 273.1 264.8 259.5 259.3 259.2 258.3 258.6 259.3 263.6 269.9 277.4 281.5 279.7
330.1 325.5 318.3 309.2 300.6 295.7 293.1 292.1 293 294 295.5 296.6 296.5 291.6 278.8 278.9 280.8 285.7 290.8 294.7 297.9 299.8 298.6 295 292 289.4 286.5 280.8 273.9 274.3 274.2 274.2 273.1 274.8 272.8 269.9 266.3 265 264.5 268 272.4 272.4 268.4 261.4 267.3 272.1 271 266.5 260.2 260.5 261.8 266.5 270 270 269.6 266.4 266.7 267.8 270.6 272.7 273.8 273.3 273.8 276.2 279.1 275.5 271.4 267.9 264.5 259.1 259.7 259.1 258.8 261.2 267.8 277.2 282.4 276.7
336.7 331.2 321.2 311.6 299.2 296.4 294.5 294.1 295.6 296.8 299 299.5 295.8 289.7 281.8 278.4 282.5 287.2 291.9 295.2 297.5 299.5 299.5 297.3 295.2 292.8 288.9 282.4 275.6 275.4 275.5 275.4 272.7 277.3 277.4 276.7 273.6 271.3 265.4 266.1 269.2 268.8 264.9 262.6 268.8 272.5 272.3 266.1 263 261.2 261.2 261 265.3 266.9 264.1 262.9 262.4 264.9 267.7 270.5 269 266.7 267.7 273.8 278.6 278.3 276.4 275.3 272.7 268.7 262.3 260.8 260.7 259.5 262.7 272 275.8 272.1
342.8 335.1 323 312.6 300.8 297.5 295.5 297.7 299 301.5 304.3 303.6 300.5 293.2 285.5 279.8 283.6 289.9 294.7 296.9 298.3 300.4 300.5 299.6 297.6 294.1 290.3 283.7 278.4 277.2 277.3 276.9 273.7 281.2 280.7 279.8 277.7 274.9 271.4 266.3 266.6 267.1 266.3 264.4 268.1 271.6 270.5 265.8 269.8 268.8 262 261.9 261.9 263.1 262.7 263.2 263.8 262.7 266 268.2 267.5 265.2 265.6 269.5 275.9 278.3 279.8 279.8 277.4 274.1 268.8 264.1 263.1 261.1 260.6 261.5 263.2 268.8
348.4 337.5 325.3 316.2 304.4 302.9 304.8 303.3 305.5 309.3 310.5 307.7 304.1 300 291.9 283.3 287.3 295.6 299.5 301 301.3 302.1 302.5 301.7 301 299.3 295.8 289.5 284.1 280 279.2 279.1 275.3 283.5 282.7 282.5 280.9 277.6 274.1 273.7 273.7 273.2 270.1 264.5 268.5 265.9 267.9 269.6 274.9 274.8 272 266.6 263.8 263.6 263.6 264 264.5 264.6 263.6 269 266.4 264.8 265.4 266 271.1 276 280.7 282.2 280.9 277.1 271.9 266.2 262.8 264.9 263.6 262.6 267.7 274.1
350.4 337.5 327 321.6 315.3 313.8 313.7 313.7 314.3 317 313.8 310 306.3 302.8 294.3 285.4 293.1 302 305.1 306.7 306.8 305.7 306.3 306.5 306.9 304.8 300.8 294.9 290.9 285.6 281.9 277.6 278.9 284.3 286.9 287.8 283.3 280.2 278.6 279.7 280.3 277 272.9 266 269.4 268.6 266.2 273 278.3 278.3 276.2 271.5 270.5 270.5 270.1 265.1 265.5 265 265.1 264.3 264.5 264.6 263.8 265.3 266 272.1 277.9 280.8 281.3 278.1 273.1 265.5 267.4 272.4 271.6 263.1 270.6 280.3
351 342.2 336 329.2 324.4 323.5 324.2 323.4 322.4 321.8 315.6 310.8 306.7 302.7 291.8 290.5 297.9 307 310.4 311.8 311.3 311.3 311.7 311.5 312.4 309.5 303.8 299.1 296.4 291.4 286.4 282.6 282 285.7 288.2 288.3 284.2 280.4 280.6 283.3 283.6 279 269.1 272.5 273.4 273.2 269.7 274.1 278.4 279.4 277.4 275.2 276.6 277.4 275.2 272.6 268.3 266.4 266.3 268.3 268.4 265.1 264.8 265 265.7 268.6 273.2 276.3 278.1 275.6 270.9 269.6 274.8 276.1 275.4 265.9 270.7 280.5
