ny/ny46_OST50GRID_20230518/NY46.asc
ncols 200
nrows 200
xllcorner 340000
yllcorner 560000
cellsize 50
[rows 114 to 151 of 200, columns 86 to 171 of 200]
35.1 34.9 34.7 34.6 34.4 34.6 35 35.6 36 35.9 35.8 35.5 35.1 35.7 36.5 37.3 38.2 37.9 37.7 37.5 37.3 37.5 38.4 39.5 40.7 41.8 42.8 43.8 44.9 46.2 47.4 48.5 49.4 49.5 49.2 48.9 48.7 48.1 47.5 47.3 47.1 47 46.9 46.2 45.2 46.5 47.9 49.2 49.5 49.8 50 50.3 50.5 50.9 51.6 52.2 52.8 53.4 54 55.3 55.8 55.6 53.3 50.4 48.9 54.3 56.5 57.3 58.5 59.8 60.8 61.8 62.3 62 60.6 61.6 63.5 64.8 66.1 67.2 68.5 69.8 71.1 72.3 73.3 74.2
34.5 34.3 34.1 33.9 33.8 33.7 34.2 34.4 34.9 34.8 34.6 34.4 34.1 34.9 35.7 36.5 37.3 37.2 36.9 36.8 36.6 36.8 37.8 39 40.2 41.4 42.4 43.5 44.5 45.8 46.9 47.8 48.7 49.2 48.7 48.4 48.1 47.6 46.8 46.5 46.1 45.2 44.3 42.1 44.7 46.2 47.6 48.5 48.6 48.8 49.1 49.3 49.6 50.1 50.6 51.1 51.7 52.3 52.9 53.9 54.1 53.5 50.9 46.4 49.9 53.1 55.1 56.6 57.8 58.9 59.7 60.3 60.1 59.8 58.6 60.4 62.1 63.2 64.7 66.2 67.7 69.2 70.5 71.9 73.3 74.2
33.8 33.6 33.4 33.3 33.2 33 33.4 33.5 33.8 33.7 33.5 33.3 33.3 34.1 34.8 35.7 36.7 36.5 36.2 36 35.8 36.2 37.1 38.4 39.6 40.8 42 43.1 44.2 45.2 46.1 47 47.9 48.8 48.5 47.9 47.6 47 46.2 45.9 45.2 44.5 43.1 43.2 44.5 45.9 47.3 47.7 47.7 47.9 48.1 48.4 48.7 49.3 49.6 50.1 50.7 51.3 51.9 52.1 52.2 51.4 48.9 46.5 48.8 51.4 53 54 54.8 55.4 56.6 57.8 57.6 56.4 58.5 59.2 60.6 61.7 63.3 65.3 66.9 68.6 69.9 71.3 72.7 74.2
33.1 33 32.8 32.7 32.6 32.4 32.6 32.7 32.7 32.7 32.4 32.2 32.8 33.7 34.4 35.1 36.1 36.3 35.4 35.2 35.1 35.5 36.4 37.7 38.9 40.2 41.7 42.8 43.9 44.2 45.2 46.1 47 47.7 47.5 47.2 46.9 46.2 45.4 45.3 45.3 43 42.3 43.5 44.2 45.6 46.8 46.9 46.9 47 47.2 47.4 47.9 48.3 48.7 49.1 49.7 50.3 50.6 50.4 49.9 48.5 46.7 44 47.1 48.5 49 50.3 50.4 51.3 52.2 53.5 54.5 56 58.7 59.5 60.4 61.6 63.1 64.9 66.4 67.8 69.4 71.1 72.8 74.2
32.5 32.3 32.2 32.1 31.9 31.8 31.8 31.8 31.8 31.9 32.1 32.4 32.7 33.5 34 34.9 35.5 36.2 35.1 34.4 34.4 34.9 35.8 37 38.2 39.6 41.4 42.5 43.6 43.9 44.1 45 45.7 45.9 45.7 45.3 45 45.2 44.8 44.6 44.6 42.8 42.6 43.9 44.1 45.3 46 46.1 46.1 46.2 46.2 46.5 46.9 47.3 47.7 48.1 48.7 49.3 48.9 48.3 46.7 45.3 42.4 46.4 44.7 46.4 47.9 50.3 53.7 55.3 56.7 57.8 57.2 57.1 59.1 59.8 60.7 61.5 62.9 64.5 66 67.7 69.6 71.3 72.8 74.2
32 31.9 31.7 31.6 31.4 31.3 31.1 31.3 31.6 31.8 32 32.4 32.5 33 33.6 34.4 35.5 36 35 33.9 33.8 34.2 35.1 36.3 37.5 39 41 42.2 43.4 43.8 43.6 43.6 43.8 44 43.9 43.4 43.3 43.7 44 43.8 44 38 43.5 44 44.4 45 45.2 45.3 45.3 45.3 45.3 45.5 46 46.4 46.7 47.1 47.7 47.7 46.8 45.5 43.4 43.6 45.3 44.5 45.7 48.3 50.3 53.3 55.7 57.3 58.8 59.2 58.9 58.4 59.7 60.4 60.9 61.4 62.7 64.1 66 67.9 69.8 71.5 72.9 74.3
32 31.7 31.6 31.4 31.3 31.2 31.1 31.2 31.5 31.7 31.8 32.1 31.9 32.5 33.1 33.9 35.3 35.6 34.7 33.5 33.7 34.1 34.5 35.7 36.9 38.4 39.8 40.7 41.6 41.7 41.5 41.3 41.7 42.2 42.1 41.5 36.9 38.1 38.9 39 40.4 41.4 44.2 44.1 44.3 44.5 44.2 44.2 44.3 44.3 44.2 44.4 44.8 45.3 45.7 46.2 46.3 45.2 44.1 42.8 44.2 44.6 44.6 44 46.9 49.5 51.1 52.9 54.9 56.3 57.3 58.1 58.8 59.5 59.9 60.2 60.5 61.2 62.3 64.2 65.9 67.7 69.3 71.1 73 74.5
32.2 31.5 31.4 31.3 31.2 31 31 31.2 31.4 31.7 31.7 31.9 32.1 31.4 32.4 33.2 33.5 34.4 33.7 33.6 33.9 34.3 34.6 35.1 36.1 37.4 37.8 38.6 39 39.2 39.3 39.1 39.2 39.8 39.6 37 38.2 41.1 41.4 42.1 42.6 43.1 44.4 44.3 44.2 44.2 43.7 43.3 43.2 43.2 43.1 43.3 43.7 44.1 44.5 44.8 44.2 43.2 41.8 42.3 44.1 42.6 42.8 45.9 47.5 49 50.5 51.9 53.2 54.4 55.5 56.3 56.9 57.6 58.6 59.2 60 60.7 62 63.8 65.5 67.2 68.9 70.6 72.5 74.4
32.4 31.8 31.4 31.3 31 30.8 31 31.2 31.4 31.6 31.9 32 32.1 31.2 32.1 32.6 32.6 32.7 32.8 33.4 33.8 34.1 34.3 34.1 35.2 35.7 36 36.4 36.5 36.7 36.9 36.8 36.6 37.1 37.5 35.7 38.5 40.4 41.4 42.1 42.8 43.6 45 44.9 44.8 44.1 43 42.6 42.3 42.2 42 42.2 42.6 43 43.3 42.4 41.6 41.3 41.1 42.6 43 41.4 42.9 44.4 45.6 47.1 48.5 50.2 51.4 52.5 53.7 54.4 54.8 55.8 56.7 57.9 59.3 60.6 61.8 63.4 65 66.7 68.4 70.1 71.7 73.3
32.7 32.1 31.7 31.2 30.8 30.8 31 31.3 31.5 32 33.1 33 32.4 30.9 31.5 31.9 32 32.1 32.8 33 33.6 33.9 33.4 33.1 33.6 34.2 34.7 35.1 34.7 34.2 34.4 34.2 34.7 34.6 34.7 35.4 36.8 38.8 40.1 40.8 41.8 43.1 45.1 45.9 45.8 45.4 44 42.5 41.8 41.9 41.8 41.4 41.2 41.6 41.7 40.4 39.8 40.2 40.9 42.2 41.1 41.3 42.3 42.8 43.7 45.1 47 48.3 49.5 50.8 51.9 51.8 52.9 54.1 55.8 57.4 58.8 60.4 61.7 62.8 63.9 65.5 67.1 68.9 70.5 72.2
33 32.4 31.9 30.9 31.1 31.1 31.3 31.6 31.9 32.5 33.8 34.1 32.7 31.5 31.1 31.3 31.6 32.3 33 33.4 33.5 33.5 32.6 31.9 32.4 33 33.4 33.9 33.8 33.1 32.6 33.6 33 33.3 33.7 34.9 36.1 37.4 38.8 40 41.3 42.7 44.6 46.6 46.7 46.4 45.4 44 42.4 41.7 41.9 41.6 40.4 40.2 39.9 38.8 39.2 39.4 39.5 40.6 42.8 43.1 43.5 43.6 44 44 45.1 46.4 47.6 48.9 50.3 51.6 52.8 54.7 56.6 58.2 58.9 60 61.4 62.6 63.7 64.7 65.8 67.6 69.4 71
33.4 32.8 32 31.5 30.1 31.6 31.8 32.1 32.3 33.1 34.2 33.8 32.7 31.6 31.3 32 32 32.5 33.2 33.2 33.2 32.7 32.1 31.4 31.2 31.7 32.1 32.6 32.9 32.1 32.2 32 32.1 32.6 33.3 34.3 35.6 36.7 37.8 39.5 40.9 42.3 44.1 46.7 47.2 47.3 46.7 45.6 43.9 42.3 42.2 41.7 40.5 39.4 38.8 38.6 38.7 39.2 40.8 42.7 44.5 45.2 45.5 45.6 45.5 44.8 44.2 45.5 46.7 48 49.6 51.3 52.9 54.6 55.9 57.7 59.1 59.9 61.2 62 62.9 63.7 64.9 66.7 68.3 69.8
33.9 33.1 32.1 31.5 31.8 31.5 31.8 31.2 31.6 33 34 33.4 32.1 31.3 31.5 32.1 32.6 32.8 33.2 33 32.6 32 31.3 30.9 30.7 30.8 30.9 31.3 31.7 31.6 31.8 31.5 31.8 32.3 33 33.8 34.8 35.8 36.9 38.5 40.1 41.8 43.6 45.3 46 46.5 46.6 46.6 45.1 43.1 42.9 41.7 40.2 38.8 35.9 37.8 39.7 41.5 43.1 44.8 46.2 47.4 47.4 47 46.7 46.4 45.4 44.5 45.7 47.1 48.6 50.1 51.5 52.9 54.8 56.6 58 59.4 60.1 60.2 61 62.5 64.4 66.1 67.9 69.6
34.3 33.3 32.3 31.4 31.6 32.1 30.8 30.7 31.4 32.1 32.5 32.6 31.7 30.9 31 31.7 32.4 33 32.9 32.6 31.9 31.2 30.9 30.6 30.5 30.6 30.7 30.9 31 31.3 31.2 31.4 31.5 31.9 32.6 33 33.8 34.8 35.9 37.5 39.2 40.2 41.2 42.2 43.2 44 44.9 44.9 44.8 44 42.9 41.7 40.3 38.3 36 39.2 41.6 43.1 44.2 45.8 47.2 48.2 48.4 48.1 48 47.8 47.2 46.3 45.6 46.5 47.2 48.3 49.6 50.5 53 54 55.6 56.7 57.1 58.1 60 61.9 63.8 65.6 67.3 68.9
34.5 33.6 32.6 31.6 31.6 31.8 31.2 30.4 31.1 31.1 31.4 31.3 30.8 31.2 31.6 32 32.6 33 32.7 32.2 31.2 30.9 30.6 30.3 30.3 30.4 30.5 30.7 30.8 30.9 30.8 31 31.3 31.6 32 32.2 32.7 33.8 34.9 35.9 36.9 38 39 40.2 40.8 41.4 42.3 43.2 42.9 42.6 42.7 41.3 38.7 36 38.2 40.5 42.8 44.1 45.4 46.7 47.7 48.5 49.3 49.3 49.2 49.1 48.9 48.3 47.4 46.7 47.4 47.8 48.4 49.1 51.8 52.1 52.3 52.9 54.1 56.9 59.2 61.4 63.1 64.6 66.1 67.6
35.2 34.2 33.3 32.3 32 32.1 31.8 30.6 30.6 30.6 30.6 30.5 30.5 29.3 31.6 32.2 33 32.9 32.6 31.8 31.1 30.6 30.3 30.1 30.1 30.3 30.4 30.5 30.5 30.4 30.2 30.5 31.1 31.7 32 32.3 32.5 33.6 34.6 35.3 36 36.7 37.5 38.2 38.9 39.2 39.6 40.5 40.5 40.2 39.8 38.3 35.6 36.1 39.2 41.7 43.5 44.8 46 47.1 48.1 48.9 49.6 49.9 49.8 49.7 49.6 49.5 48.6 48.1 47.8 47.3 47.5 49.8 50.7 50.3 49.6 51.5 53.9 57.1 59.3 60.8 61.9 63.4 64.9 66.2
35.8 34.9 33.9 33 32.5 32.3 31.8 30.4 30.3 30.4 30.6 30.5 30.4 30.9 31.7 32.7 33.7 33.8 32.5 31.9 31.2 30.4 30 29.8 30 30.1 30.2 30.3 30.6 30 30 30.6 31.3 31.7 32.1 32.3 32.4 33.3 34.4 35 35.7 36.3 36.4 36.2 36.9 37.3 37.5 37.7 37.7 37.6 36.8 35.2 35 37.2 40.4 42.7 43.9 45.2 46.4 47.4 48.4 49.2 49.9 50.4 50.3 50.2 50.5 50.7 49.9 49.5 49.1 49.1 49.3 49.6 50 49.7 50.7 52.2 54.5 57 58.6 59.9 61.1 62.2 63.2 64
36.3 35.5 34.6 33.7 32.9 32 31.5 31 30.7 30.3 30.4 30.6 30.4 29.7 32.2 33.1 34.1 34.8 33.1 32 31.2 30.5 29.7 29.7 29.8 29.9 30 29.9 30 29.4 30 30.7 31.3 31.7 32.1 32.3 32.4 33.1 34.1 34.7 35.2 35.5 35.6 35.3 35.1 35.5 35.6 35.6 35.5 35.3 34.3 31.7 36.1 37.8 40.4 42.2 43.6 45 46.6 47.8 48.7 49.6 50.2 50.8 50.9 50.9 51.4 51.9 51.4 51 50.7 50.9 51.1 51.4 52 51.7 50.8 51.6 52.5 55.2 57.6 59.1 60.3 61.1 61.8 61.2
36.8 36.1 35.2 34.1 32.8 31.7 31.1 30.9 31.2 30.5 30.3 30.4 30 30.5 31.4 32.8 33.8 34.7 34 32.5 31.4 30.6 30.1 29.6 29.6 29.6 29.7 29.8 29.4 29.4 29.7 30.4 31.1 31.6 31.9 32.1 32.3 32.7 33.7 34.1 34.4 34.7 34.7 34.5 34.2 34 33.6 33.5 33.4 33.3 32.8 35.2 36.3 38 40.1 41.7 43.4 44.9 46.4 47.3 48.2 49.1 50.5 51.1 51.4 51.7 52.3 52.4 52.6 52.5 52.5 52.7 52.9 53.4 53.9 54.3 53.4 51.8 51.1 52.3 54.7 56.6 58.6 60.1 59.3 58.1
37 36.3 35.2 33.8 32.5 31.6 31.1 30.7 30.8 30.2 29.7 29.9 30.3 30.5 30.8 31.9 33.3 34.1 34.3 33.3 32.2 31.5 31.2 30.7 30.4 30.5 30.4 29.9 29.5 28.8 29.3 30.3 30.9 30.9 31.2 31.4 31.6 32.1 33 33.3 33.6 33.9 33.9 33.7 33.5 33.3 33 32.5 32.1 31.7 32 34 36.1 38 39.5 41.1 42.6 43.9 44.8 45.9 46.8 47.7 49 50.4 51.9 52.1 52.3 52.4 52.6 53.2 54.2 54.5 54.7 55.3 55.9 56.7 55.7 52.7 51.9 52.1 53.6 54.9 56.4 57.7 57 56.6
36.8 35.8 34.7 33.6 32.3 31.5 31.4 30.5 29.2 29.8 30.5 30.5 30.6 30.6 31 31.4 32.8 33.7 34.4 34.4 33.6 32.8 32.2 31.7 31.2 31 30.4 30.1 29.5 29.1 29.2 30.1 30.1 30.1 30.4 30.7 30.9 31.6 32.3 32.5 33.1 33.7 33.7 33.1 32.8 32.6 32.3 31.9 31.5 30.8 32.1 33.8 35.5 36.8 38 39.6 41.1 42.3 43.3 44.4 45.3 46.3 47.4 48.9 50.1 52 52.4 52.4 52.9 53.8 54.8 55.7 56.5 57.1 57.7 57.7 56.7 54.3 52 52.2 53.5 55.1 56.1 57 57.7 57.7
35.8 35.3 34.3 33.1 32 31.2 30.4 29.6 28.9 30 30.4 30.8 30.8 30.9 31.3 31.7 32.3 33.3 34.4 35 35.1 34.5 33.6 33 32.5 32.2 31.8 31.1 30.1 29.6 27.7 29.3 29.3 29.3 29.6 30 30.4 31 31.8 32.5 33 33.6 33.9 33.4 32.6 32.3 30.2 30.2 30.5 31 31.3 33 34.6 35.6 36.5 38.1 39.6 40.7 41.7 42.8 43.9 44.9 45.9 47.2 48.3 50.2 51.3 52.5 53.3 54.1 54.9 55.7 56.4 57.1 57.8 58.1 57.8 56.6 54.7 51.8 53.5 55.6 56.8 57.9 58.7 59.4
34.9 34.4 33.8 32.7 31.8 30.9 30.1 29.3 28.5 29.8 30.1 30.5 30.9 31.2 31.5 31.7 31.9 33.1 34.4 35.4 36.6 36 35.3 34.3 33.9 33.5 32.7 31.7 30.4 29.6 28.5 28.5 28.5 28.5 28.8 29.2 30 30.9 31.7 32.4 33 33.5 34 33.8 33 32.2 28.3 28.4 29.3 30.4 31 32.2 33.4 34.3 35.3 36.6 38 39.2 40.1 41.3 42.7 43.8 44.9 45.7 46.4 48.1 49.9 52.4 53.2 54 54.8 55.6 56.4 57.1 57.8 58.4 58 57.5 56.7 54.2 52.7 54.6 56.1 57.3 58.5 59.4
34.3 33.7 33.1 32.5 31.6 30.7 29.9 29.1 28.3 29.3 29.6 30 30.3 30.5 30.8 31.2 31.4 31.9 33.7 35.5 38.1 37 36.3 35.5 34.4 33.5 32.6 31.4 30.2 29.4 28.7 28.4 28.1 28 28.1 28.8 29.8 30.7 31.6 32.2 32.9 33.5 34 34 33.5 29.9 27.8 28.3 29 30 30.5 31.2 32.2 33.1 34.1 35.1 36.4 37.6 39.2 41 42.6 43.8 44.9 46.4 47.2 47.4 48.8 52.1 53.1 54 54.8 55.6 56.3 57 57.7 58.4 58.5 58.2 57.5 55.8 53.7 49.8 53.6 56.5 57.6 58.1
33.8 33.2 32.7 32 31.4 30.4 29.7 29 27.9 29 29.1 29.4 29.6 29.6 30 30 30.3 31.4 32.4 33.9 36.3 35.3 33.9 33.7 33 31.9 31.9 31 29.9 29.3 28.7 28.5 28.5 28 27.6 28.5 29.5 30.5 31.4 32.1 32.7 33.4 34 34 32.7 30.5 28.1 28 27.3 29.7 30.5 31.3 32.2 33.1 34.2 35.4 36.2 37.3 39.2 40.9 42.5 43.9 45 46.5 48 48.8 49 51.8 53.1 53.9 54.7 55.5 56.3 57.1 57.9 58.7 58.8 58.7 58.4 57.4 56.1 54.8 53.4 53.4 54.6 55.7
34.1 33.3 32.4 31.9 31.7 31.1 29.5 29.5 27.9 27.9 28.8 28.3 28.4 28.4 28.4 28.3 28.6 29.6 30.5 31.4 31.3 32.4 31 31 31 30.5 30 30.2 29.1 28.6 27.9 27.8 27.9 28.1 27.3 28.4 29.5 30.4 30.9 32.4 33 33.5 34 33.3 31.2 29 27.6 27 29.4 30.3 31 31.7 32.4 33.5 34.8 35.9 36.7 37.6 39.1 40.8 42.4 44 45.1 46.6 48.1 49.6 50.5 51.5 53 53.8 54.6 55.4 56.3 57.2 58.1 58.9 59 59.1 59.2 58.3 57.6 57.2 55.9 55.7 55.5 55.6
33.8 33.6 32.7 32.3 32 31.9 30.6 29.9 28.7 27.8 27.2 26.7 26.4 26.7 26.6 27.1 27.7 27.4 28.4 28.5 28.5 28.3 28.1 28.3 28.4 28.4 28 28.4 27.9 27.7 27.1 27.1 27.1 27.1 27.7 28.1 29.4 30.1 30.3 31.7 32.4 32.8 32.2 31.3 30.3 28.3 27.8 28 30 30.8 31.5 32.7 33.5 34.1 35.4 36.4 37.2 38 39.1 40.7 42.3 44 45.2 46.7 48.1 49.3 50.5 51.8 52.9 53.7 54.5 55.3 56.2 57.1 58 58.9 59.8 59.9 60 59.3 59.1 58.7 58.4 57.9 58 59
33.4 33.4 33.2 32.8 32.4 32.4 31.7 30.7 29.8 28.8 27.8 26.8 26 26 25.9 26.7 27.5 26.9 26.4 26.5 26.6 26.8 27.1 27.3 26.9 26.9 26.8 26.7 26.8 26.8 26.4 26.4 26.3 26.3 26.4 27.9 29.6 29.3 29.1 29.9 30.8 30.8 30.1 29.5 28.6 27.9 27.6 29.1 30.1 31.8 33.2 34.2 34.7 35.2 36 36.9 37.7 38.6 39.6 40.7 42.3 43.9 45.4 46.6 47.7 48.9 50.1 51.1 52.1 53.4 54.4 55.2 56.1 57 57.8 59.1 59.9 60.5 60.8 60.3 60.2 60.3 60 59.9 59.5 60.4
33 32.9 33 33 32.8 32.7 32 30.9 30.2 29.3 27.8 26.5 25.7 25.7 25.7 26.3 27 26.6 25.9 25.9 26.1 26.3 26.5 25.7 25.7 25.5 25.3 25.1 25.1 25.3 25.7 25.8 25.8 25.8 26.2 26.6 27.8 27.2 27.2 27.9 28.6 28.7 28.4 28 27.7 27.3 27 29.1 30.7 32.6 34.6 35.2 35.5 36 36.8 37.8 38.6 39.5 40.6 41.5 42.4 43.9 45 46.2 47.3 48.5 49.6 50.5 51.4 52.6 53.8 55.1 56 56.8 57.6 59.3 60 60.7 60.8 61.1 61 61.3 61.5 61.6 61.5 61.9
32.5 32.4 32.6 32.8 32.5 31.8 31 30.5 29.5 28.3 27.4 26.4 25.3 25.5 25.5 26.1 26.7 26.6 26.2 25.9 25.9 25.8 25.6 25.5 25.4 25.4 25.1 24.9 24.9 25.2 25.4 25.3 25.3 25.6 25.7 25.7 27 26.4 26.5 26.7 27.5 27.3 27.6 28 27 24.6 27.6 29.4 31.2 32.7 33.3 34 35.3 36.8 37.8 39.2 40.1 41.6 41.6 41.9 42.6 43.7 44.3 45.6 46.2 47.3 48.8 49.7 50.7 51.7 52 52.9 54.7 56.2 57.6 59.5 60.1 60.2 60.2 61.1 61.6 61.7 61.9 62.3 62.7 63.2
31.8 32 32 32 31.3 30.6 29.9 29.2 28.1 27 26 25.4 25.3 25.6 25.3 25.6 26.2 26.1 25.8 25.4 25.6 25.5 25.4 25.3 25.2 25.1 24.9 24.7 24.7 25.1 25.2 25.1 25 25 25.1 26.8 26.5 26.3 26.3 26.5 26.8 27.3 27.8 28.1 25.9 26.8 28.1 29.2 29.8 30.7 31.2 31.7 33.2 35.4 37.7 40.7 42.3 43.4 43.3 42.7 42.7 43.3 43.6 43.9 44.4 45.9 47.6 48.8 49.2 49.3 49.8 51.3 52.8 55 57.6 59.6 59.8 60 60.1 61.2 61.9 62.1 62.3 62.7 63.3 64.1
30.7 30.8 30.7 30.7 30.3 29.5 28.8 27.7 26.7 25.7 25.6 25.6 25.6 25.4 24.6 25.1 25.7 25.6 25.3 25.1 25.2 25.2 25.2 25 24.9 24.7 24.5 24.3 24.5 24.7 25.2 25.6 25.2 25.6 26 26.8 27.1 27.2 27 26.7 26.3 26.7 27.1 27.4 25.9 26.7 27.7 28.3 28.6 28.9 29.6 31 32.7 34.7 36.9 39.6 42.5 44 43.7 43.3 42 41.3 41.4 42.1 43.5 45 46 46.5 48.2 50.3 52.5 53.7 54.8 56.7 58 59.1 60.1 60.8 61.1 61.4 61.9 62.6 62.8 63.2 64.2 65
29.5 29.5 29.4 29.3 29.2 28.5 27.6 26.5 25.7 25.4 25.3 25.1 25 24.9 24.6 24.7 25.2 25.2 24.9 24.8 24.8 24.8 24.7 24.7 24.5 24.3 24.2 24.1 24.3 24.5 25.4 25.5 25.2 25.2 25.4 26.6 27.4 27.6 27.7 27.4 26.8 26 26.1 25.5 25.9 26.7 27 27.4 27.7 28.4 29.3 30.5 32.3 34.4 36.4 38.3 40.7 42.5 42.3 42.1 40.6 38.5 38.7 39.9 41.6 42.9 43.8 46 48.3 50.3 52.2 53.8 55 56.3 57.4 58.5 59.5 60.3 60.8 61.4 62.2 62.7 63.2 64.1 65 65.6
28.3 28.2 28.1 28 27.9 27.4 26.4 26 25.5 24.8 24.7 24.6 24.4 24.2 24 22.9 24.7 24.6 24.4 24.3 24.2 24.1 24.2 24.2 24.1 24 23.8 23.9 24.2 24.5 25.1 25 25.1 25.2 25.8 26.4 27 27.4 27.7 27.9 27.7 26.9 25.6 26.3 26.7 26.7 26.7 26.5 27.4 28.3 29.2 30 31.8 33.6 35.5 36.4 38.3 39.6 39.7 39.7 39.1 37.3 36.6 37.6 39 40.7 42.6 45.2 47.9 49.7 51.5 52.6 53.7 55.3 56.9 57.9 58.4 58.9 59.4 60.2 61.1 61.9 62.6 63.2 63.3 64.3
28.1 27.7 27.2 26.7 26.6 26.3 25.8 25.6 25.2 24.4 24.1 24 23.8 23.6 23.8 24 23 23.9 23.8 23.5 23.6 23.2 23.7 23.7 23.6 23.5 23.5 23.6 23.8 24 24.2 24.7 24.9 25.3 25.6 25.8 26.2 26.6 27 27.1 27.1 26.6 25.2 26.2 26.6 26.9 26.7 26.5 26.9 27.7 28.5 29.4 30.7 32.5 33.7 34.6 35.8 36.9 37 37 37.3 36.8 35.7 36.2 37.1 38.5 41.1 43.8 46.4 49 50.3 51.4 52.5 54 55.6 56.2 56.9 57.6 58.2 58.2 58.3 58.8 59.3 59.8 61.1 63.1
28.3 27.8 27.3 26.8 26.1 25.7 25.5 25.2 24.9 24.2 23.6 23.3 23.3 23.5 23.7 23.4 23.4 23.3 23.3 23.5 23.4 23 23.2 23.2 23.1 23.2 23.4 23.6 23.8 24 23.9 24.7 24.9 25 25.2 25.4 25.6 26 26.4 26.5 26.1 25.5 26 26.4 26.9 26.8 26.8 26.5 26.8 27.3 27.9 28.7 29.6 31 31.9 32.9 33.8 34.3 34.6 35 34.9 34.8 35 35.1 35.8 36.6 39.7 42.3 44.7 46.2 49 50.1 51.2 52.7 53.9 54.2 54.9 55.7 55.6 54.7 54.8 55.5 57.3 60 62.8 64.7
28.2 27.4 26.8 26.2 25.6 25.3 25.1 24.9 24.6 23.9 23.4 23 23.2 23.4 23.4 23.3 23.1 23 23 23.1 23.1 23.1 23.6 22.9 23 23.2 23.4 23.5 23.8 23.9 24.4 25.1 25.2 24.4 24.6 24.8 25.1 25.4 25.9 25.9 25.3 26.2 26.4 26.8 26.8 26.7 26.7 26.6 26.8 27.3 27.7 28.1 28.4 29.4 30.5 31.5 32.1 32.4 32.6 33 32.9 33.1 34.1 34 34.7 35.4 38 40.4 42.9 43 44.1 46.6 48.6 50.8 51.6 51.5 52.5 53.4 51.6 50 51.8 55.6 58.5 61.3 62.9 64.7
27.8 26.9 26.3 25.6 25.2 25 24.8 24.6 24.3 23.6 23.2 23 23.2 23.3 23.1 23 22.9 22.7 22.7 22.7 22.7 23.1 23.4 23.6 23.1 23.2 23.3 23.4 23.7 24.7 24.7 24.4 24.1 23.9 24 24.3 24.6 24.9 25.3 24.8 26.1 26.4 26.7 26.8 26.7 26.7 26.6 26.6 26.7 27 27.3 27.6 27.9 28.3 29.3 30.1 30.3 30.5 30.7 30.9 31.2 31.5 32.5 32.9 33.6 34 36.1 38.6 40.2 39.6 38.5 40.7 44.7 48.3 48.9 48.5 49.2 48.5 47.5 48.8 52.3 55.5 57.7 60.8 63 64.7
