ny/ny46_OST50GRID_20230518/NY46.asc
ncols 200
nrows 200
xllcorner 340000
yllcorner 560000
cellsize 50
[rows 38 to 75 of 200, columns 86 to 171 of 200]
48.1 51.5 51.8 52.1 52.3 52.4 52.8 52.5 52 51.8 51.9 51.7 51.9 52.2 52.8 53.5 54.3 55.1 55.5 56 56.6 57.2 58.4 59.8 61.1 63.3 65.6 67.5 70.5 72.4 72.8 73 73.1 73.5 73.5 73.4 73 73.5 73.4 72.5 72.6 73 72.7 72.1 73.1 74.4 76.3 78.3 80.9 84 86.6 88.8 90.9 90 90.1 92.6 96.6 99.6 104 107.3 111.3 112.5 110.7 113.1 112.4 111.2 110.2 109.4 108.3 107 105.6 104.1 102.8 101.4 100 98.6 97.4 94.3 94.9 97.1 97.6 99.4 103.5 102.2 100.9 101
49.7 50.9 50.9 51.1 51.3 51.6 51.6 51.3 50.9 50.8 50.6 50.4 50.7 50.9 51.4 52 52.9 53.6 54.3 55 55.7 56.4 57.5 58.6 59.7 61.4 63.1 65.3 67.7 68.4 68.5 68.7 68.9 69.1 69.1 69.4 69 69.3 69.2 69.4 69.6 70 70.5 71.6 73.1 74.7 77.1 79.9 82.7 85.4 87.9 90.5 93.5 94.6 90.4 91.5 97.6 100.2 102 105 106.9 107 108.9 112.5 111.8 110.9 110 109.2 108.4 106.8 105.4 104 102.8 101.4 100.1 98.8 98.2 95.3 90.2 95.1 97.6 101.8 102.9 100.3 100.4 100.5
49.2 50.1 50 50.2 50.4 50.5 50.1 49.9 49.5 49.5 49.4 49.2 49.5 49.8 50.4 51 51.9 52.9 53.5 54.1 54.8 55.6 56.7 57.9 59 60.2 61.6 63 64.8 65.4 66 66 65.6 65.6 65.4 65.5 65.4 66.7 67.6 68 68.8 69.7 70.8 71.9 73.6 75.2 77.1 79 80.3 84.1 83.8 86.4 89.2 91.9 95.5 93.2 93.5 96.4 99.4 101.1 103.1 106.5 110.6 110.9 111 110.4 109.8 109 108.2 106.7 105.6 104.5 103.2 102 100.6 98.6 98.5 97.1 91.8 95 97.8 98.8 100.4 99.1 99.5 99.4
48.7 49.4 49.3 49.2 49.4 49 48.6 48.5 47.9 47.9 48 48 48.3 48.8 49.4 50.2 51 52 52.9 53.4 53.9 54.9 56.1 57.3 58.4 59.5 60.6 61.8 62.7 63.3 63.8 63.1 62.1 63.8 65.4 66.4 67.6 68.6 69.4 70 70.9 71.3 72.1 73.2 74.2 75.7 77.5 79.9 82.3 84.3 87 89.2 91.8 93 98.6 100.6 97.3 99.3 101.5 103.9 105.1 106.6 106.3 105.5 108.7 108.4 108.9 108.5 107.9 107.1 106 105.1 104 102.7 100.7 98.6 97.3 96.2 91 95.1 96.7 96.6 97.2 97.4 97.8 97.8
48.3 48.3 48.3 48.3 48 47.6 46.7 46.4 46 46.4 46.9 47.4 48.1 48.6 49 49.4 50.2 51.1 52.1 52.7 53.4 54.2 55.3 56.6 57.8 58.8 59.7 60.7 61.5 61.2 61.7 64 65.1 66.3 67.3 68.4 69.5 70.8 71.5 72.1 72.7 73 73 74.1 75.3 76.5 77.9 80.2 82.5 85.4 89.5 94.9 98 100.1 102.1 103.7 102.4 99.9 100.2 101.9 103.1 102.1 101.4 101 104.3 103 105.9 105.5 105 104.3 104.9 105.2 104.3 103.1 101.1 99.4 98.4 96.5 91.8 92.5 95.1 94.7 95.2 95.9 95.9 95.9
47.4 47.2 47.1 47.2 46.1 44.9 45.1 46.2 46.7 47 47.8 48.4 49.2 49.9 50.3 50.8 51.3 52.1 52.6 53.1 53.1 53.8 54.4 55.2 56.1 57.2 57.9 58.9 60.1 61.9 63.8 65.4 66.2 67.4 68.4 69.9 70.8 71.6 72.5 72.7 73 73.3 73.8 74.9 76.1 77.1 78.4 80.4 82.7 85.5 88.9 93.5 97.7 100.6 102.3 102.7 100.6 97.6 98 98.9 99.6 99.8 98.3 99.2 99.7 99.4 100.9 101 99.7 101.4 103.2 104.6 104 103.1 101.9 100 98.6 96.9 94.2 89.3 91.7 92.2 93.9 94.2 94.4 94.2
46.3 46.2 45.9 45.6 44.1 45.2 46.5 47.1 47.4 47.7 48.6 49.5 50.2 51 51.7 52.3 52.8 53.3 53.5 53.8 54.1 54.5 55 55.7 56.7 57.5 58.5 60 61.5 62.9 64.1 65.6 67.2 68.4 69.6 70.2 70.7 71.6 72.1 72.6 73 73.7 74.6 75.7 76.6 77.6 78.9 80.9 82.9 87 89.5 92.6 96.4 98.6 99.6 98 95.3 94.2 94.7 95.3 96.6 97.6 95.9 96.9 96.6 96.6 97.9 97.9 96.9 99.7 103.1 104.2 104.2 103.3 101.6 99.8 98.3 96.3 94.9 91.3 87.6 89.6 91.2 92.9 93.1 92.5
45.3 45 44 44 45.3 46.3 47 47.5 47.9 48.4 49.2 50.3 50.9 51.4 51.8 52.3 52.7 53.1 53.4 53.7 54 54.3 54.9 55.8 56.7 57.7 59.2 60.8 62.2 63.5 64.6 66.3 68.4 69.3 70.4 71.2 71.6 71.3 71.5 71.9 72.4 73.4 74.7 75.8 76.9 77.9 79.1 80.9 82.7 85.5 88.4 90.8 92.9 93.7 93.9 92 91 91.1 92.1 93.4 94.7 95 93.5 93.8 94.2 94.6 96.1 95.9 96 100.7 101.4 104 103.8 102.8 101.3 99.6 97.8 96.7 95.7 94.9 94 91 86.9 90.5 90.6 91.9
43.3 42.4 43.3 45.1 45.8 46.2 46.9 47.7 48.1 48.5 49.5 50.1 50.6 51 51.5 51.9 52.3 52.6 53 53.3 53.7 54 54.9 55.9 56.8 57.9 59.6 61.3 63 64.5 66.6 68.8 70.6 71.6 71.8 72.4 72.1 71.6 71.4 71.3 71.7 72.3 73.1 74 75 76.1 77.5 79.1 80.9 83.1 85.3 87.5 87 87.1 86.5 86.9 88.7 91.4 91.6 91.5 92.5 92 91.2 91.7 92.9 94.5 94.8 94.3 97.9 97.9 101.5 102.9 102.5 102 100.8 99.2 97.9 96.8 95.8 94.4 93.2 91.9 88.2 88.7 87.6 90
42 42.9 44.9 45.4 45.9 46.3 46.8 47.7 48.3 48.7 49.2 49.6 50.1 50.6 51.1 51.5 51.9 52.3 52.9 53.5 54 54.3 55.1 56 57 58.3 60 61.8 64.4 67.3 70.5 72.7 73.4 73.7 72.7 72.5 71.7 71.2 70.7 70.3 70.7 71.1 71.8 72.7 73.9 75.2 76.1 77.5 79.4 81.3 83.2 84 82.2 83.1 84.1 85.7 89.8 91.8 89.5 88.8 89.5 89.7 89.7 90.8 93 94 92.9 94.5 96.7 98.3 100.4 101 101 100.7 99.8 98.8 97.7 96.1 94.5 92.9 91.4 89 86.6 85.5 90.3 91.2
44 44.7 45.1 45.5 45.9 46.4 46.8 47.4 48 48.4 48.8 49.2 49.7 50.2 50.7 51.3 51.9 52.5 53.1 53.7 54.3 54.7 55.5 56.2 57.1 58.6 60.4 62.7 66.6 69.7 71.7 73 73.1 72.7 72.2 71.3 70.3 70 69.8 69.3 69.6 70.1 70.8 72 73.3 74.3 75.2 76.2 77.9 79 79.1 78.3 80 82.9 83.6 86 89.2 86.7 85.4 85.3 85.8 85.6 86.6 89.5 91.4 91.6 91.8 92.7 94.2 94.7 97.5 99.6 100.2 99.8 98.8 97.2 95.4 94.5 91.6 89.1 87 84.1 84.7 90.7 92.5 92.9
44.6 45 45.1 45.4 45.8 46.3 46.7 47 47.4 47.9 48.3 48.7 49.3 50 50.7 51.5 52.1 52.7 53.3 53.9 54.4 55 55.7 56.5 57.3 58.7 60.1 63.1 67.1 68.2 70 71.3 71.3 70.7 70 69.1 68.3 68.3 68.2 68.1 68.9 69.5 70.2 71.4 72.3 73.1 73.9 74.9 76.1 75.1 76.3 79.3 82.4 84.2 81.7 81.7 83.8 82.4 82.2 81.9 81.6 84.5 87 88.8 90.7 91.4 92 92.7 94.4 95.6 97.9 101.2 100.7 100.4 99.8 98.1 95.8 93.4 92.2 87.9 83.1 88 92.1 93 93.7 94.1
44.4 45.1 45.4 45.5 45.7 46.2 46.5 46.5 46.9 47.3 48 48.6 49.3 49.9 50.8 51.6 52.4 52.8 53.2 53.6 54 54.7 55.4 56.1 56.9 57.8 59.4 60.8 62.5 64.6 66.9 68.4 68.2 67.8 67 66.4 66.1 66.1 66.2 66.7 67.6 68.2 68.8 69.8 70.6 71.1 71.6 72.4 72.4 73.1 74.9 76.3 77.8 77.7 77.4 78.2 78.7 79 80.8 83.3 88.3 90.2 90.9 93.7 94.4 95.2 96.5 96.1 97.2 100.8 101.1 101.5 101.4 101.2 100.3 98.4 96.1 94.6 92.8 88.9 83.9 90.8 92.9 93.1 93.5 93.6
44.2 44.8 45 45.4 45.7 46 46 46.1 46.5 47.4 48 48.6 49.3 50 50.9 51.6 52.3 52.7 53 53.4 53.7 54.3 55 55.7 56.4 57 57.9 59.2 60.3 61.4 62.4 63.8 64.1 64.3 64.2 64.1 63.8 63.8 64 65 65.9 66.6 67.1 68.1 68.8 69.5 69.7 69.9 70 71 72 72.8 74 75.7 76.7 81.3 84.2 86.4 87.1 88.9 90.7 92.4 93.3 95.8 97.3 98.3 98.9 99.4 99.4 101 100.7 101.5 101.4 101.1 100.2 98.6 96.8 95.1 93 91.1 80.6 91.1 92.4 92.7 92.9 93
44 44.4 44.7 45 45 44.7 45.1 45.7 46.6 47.3 48 48.6 49.3 50 50.7 51.3 51.8 52.4 52.5 52.6 53 53.3 53.6 54.3 55 55.6 56.2 57.5 58.2 59.3 60.2 60.4 61.4 61.7 61.7 61.7 61.6 61.6 62.3 63.3 64.1 64.8 65.5 66.3 66.9 67.4 67.7 68.6 68.6 69.8 69.8 73.5 77.6 80.3 82.7 83.9 85.5 85.8 86.7 87.8 89.5 91.2 92.3 93.5 95.1 96.7 98.4 99.1 100.4 101.2 101.7 101.4 101.1 100.6 99.6 98.4 97.8 96 94 92.2 79.9 89.3 91.4 91.8 92.1 92.4
43.6 44.1 44.4 44.2 43.4 44.6 45.2 45.6 46.4 47.1 47.7 48.4 48.9 49.6 50.2 50.8 51.2 51.5 51.5 51.7 52.3 52.7 52.9 53.1 53.6 54.2 54.8 55.8 56.4 57 57.8 58.4 58.8 59 59.1 59.6 59.7 59.9 60.6 61.5 62.2 63 63.6 64.2 64.7 65.3 66.1 67.9 68.6 70.6 73.8 75.2 80.6 82.4 84 84.6 84.5 82.9 85.1 86.8 87.6 89.3 91.7 93.9 92.9 95.8 97.6 98.2 99.8 100.8 101.2 100.9 100.3 99.8 98.9 97.4 96.8 94.9 93 91 82.6 86.2 90 90 91 91.6
42.9 43.1 42.9 42.4 43.4 44.4 45 45.4 46.2 46.8 47.5 48 48.4 49 49.6 50 50.3 50.5 50.6 51.2 51.6 51.6 52 52.4 52.8 53.1 53.5 54 54.7 55.2 55.9 56.5 56.7 57.1 57.5 57.8 57.9 58.4 58.8 59.5 60.1 60.8 61.8 62.7 63.7 64.4 65.4 67.5 69.4 71.5 73.6 77.7 78.8 80.4 80.3 79.1 79.8 81.3 83.2 84.7 87.6 90.4 91.4 91.4 92.2 93.9 95.9 97.4 99.2 100.1 100.1 99.9 99.4 99 97.9 96.7 94.7 93.1 91.5 89.5 82.9 80 85.2 87.9 90 90.5
40.6 42.4 42.1 43.1 43.8 44.2 44.8 45.4 45.9 46.5 47.2 47.6 48 48.5 49 49.5 49.8 50.3 50.5 51 51.2 51.5 51.8 52.3 52.4 52.7 53 53.3 53.5 54.1 54.6 55.1 55.2 55.6 55.9 56 56.2 57 57.8 58.9 59.5 60.3 61.2 62.2 63.1 64.2 65.5 67.1 69.5 71.5 72.7 74.2 75.2 77.9 79.8 81.1 82.6 84.1 85.2 86.4 87.7 89.3 87.5 85.9 89 90.3 92.7 95 97.6 98.1 98.4 98.7 98.2 97.6 96.6 95.8 94.4 92.4 89.6 82.7 78.7 78.5 78.1 80.9 87.7 88.7
43.8 43.9 44.2 44.4 44.8 45.2 45.8 46.7 47 47.3 47.8 48.6 48.7 49 49.4 49.7 50.1 50.5 50.7 50.9 51.1 51.4 51.7 52.1 52.2 52.3 52.6 52.8 53 53.2 53.7 54.2 54 54.1 53.8 54.2 54.9 55.8 57 58.4 59.1 59.8 60.8 61.7 62.7 63.9 65.5 67 68.9 72.1 75.2 77.3 79.2 78.9 78.1 78.2 80.7 82.4 83.4 83.4 84.3 83.2 84.6 87.5 90.4 90.4 90 91.8 93 93.6 95.9 97.9 97.3 96.2 95.5 94.7 93.4 91.9 87.5 77.8 77 84.4 87.8 78.1 82.6 86.4
44.8 45.3 45.5 45.7 46.1 46.6 47.2 48 48.3 48.7 49.2 49.3 49.3 49.6 49.9 50.3 50.1 50.6 50.8 51 51.2 51.4 51.6 51.9 51.9 51.9 52.1 52.3 52.4 52.6 52.9 53.3 52.2 53 54.2 55.3 55.9 56.3 56.8 57.7 58.5 59.7 60.7 61.7 62.6 63.6 65.4 67.1 68.8 71.3 73.5 73.4 74.3 72.4 72.3 75.3 76.3 77.5 78.1 78.4 80.9 83.1 84.6 86.1 86.9 87.5 88.8 90.5 91.2 93.7 96.8 97.8 97.4 95.7 94.4 93.7 92.4 91.3 86.4 77.4 80.1 79 87.3 83.6 79.2 82.1
45.9 46.6 46.7 46.9 47.5 48 48.6 49.3 49.5 49.6 49.7 49.9 50 50.1 50 49.9 50 50.4 50.8 51.1 51.3 51.4 51.6 51.6 51.7 51.6 51.4 51.7 51.9 51.1 50.9 51 52.5 53.6 54.7 55.6 56.3 57 57.5 58.5 59.2 60 60.8 61.7 62.6 63.5 65.3 66.8 68.1 68.5 67.3 69.2 70.6 71.9 74.4 73.2 74.3 76.7 81.9 80.5 81 81.9 83.7 87.1 90.2 90.5 92.5 94.8 96.1 96.6 97.9 98.4 97.8 96.4 94.8 93.1 90.9 89.9 76.4 77.8 80.5 79.6 90.7 89.1 82.1 79.5
46.9 47.7 47.9 48 48.5 48.8 48.9 49.4 49.6 49.5 49.5 49.4 49.4 49.5 49.5 49.4 49.8 50.2 50.7 51.1 51.3 51.5 51.5 51.5 51.5 51.2 51 50.8 49.3 51.1 52.3 52.3 52.7 53.8 54.8 55.7 56.3 56.9 57.4 58 58.7 59.5 60.2 61.2 62.1 63.1 63.8 65.1 65.8 66.8 70 71.5 73.4 76 78.9 79 80 81.3 82.6 85 87 87.6 88.7 91.6 94.9 93.7 94 97.4 98 98.9 99 99.3 98.6 96.9 95.1 93.2 91.3 87.1 79 83.4 90.9 90.9 91.1 90.8 87.9 80.9
47.9 48.4 48.6 48.6 48.8 48.6 48.5 48.9 48.7 48.6 48.5 48.5 48.5 48.6 48.8 49.2 49.7 50.1 50.5 50.9 51.4 51.4 51.4 51.3 51.1 50.6 49.6 47.4 50.6 51.6 52.1 52.2 53 54.1 54.6 55.1 55.7 56.2 56.6 57.3 58.1 58.9 59.6 60.5 61.4 62.1 62.6 63.8 65.3 67.1 69.1 70.8 73.5 75.7 78.2 79.6 80.6 82.2 83.9 85.1 85.2 88.6 91 93.5 95.6 95.9 96.8 97.4 97.7 98.7 98.9 99 98.9 97.2 95.3 93.4 91.6 86.7 75.4 85.9 90.7 91.3 91.4 91.1 90.7 89.3
47.5 47.5 47.7 47.7 47.9 48.1 48.2 48 47.8 47.7 47.6 47.6 47.6 48 48.5 48.9 49.5 50 50.4 50.8 51.1 51.1 50.9 50.7 50.5 49.9 46.2 49.5 50.7 51.3 51.8 52.2 53 53.5 54.1 54.5 55.1 55.7 56.1 56.6 57.4 58.2 59 59.8 60.6 61.5 62.4 63.4 64.9 66.5 68.5 70.3 73.4 75.7 77.8 78.6 78.6 78.6 79.4 80.5 81.3 84.2 87.8 90.3 91.9 92.4 94 95.9 97.4 98.8 99.2 99.2 98.9 97.7 96.1 94.4 92.4 88.5 75.2 89.6 89.4 90.7 91.7 91.6 91.7 92.2
46.8 46.8 46.8 46.8 46.9 47 47.1 47.1 46.8 46.7 46.7 46.8 47.3 47.7 48.2 48.6 49.2 49.7 50.3 50.7 50.8 50.7 50.5 50.3 49.4 48.1 46.4 49.3 50.1 50.6 51.2 51.7 52.4 53 53.5 53.9 54.5 55.1 55.6 56.1 56.7 57.5 58.3 59.2 60.5 61.2 61.9 63.1 64.2 65.6 67.5 69.7 72 74.4 75.4 76.2 79 80.1 80.8 82.3 85.1 86.8 89.8 93.4 96.1 97 97.2 97.3 98.7 99.4 99.3 98.6 98.1 97.4 96.5 94.8 92.4 91.1 75.1 81.4 87.5 90.8 92.5 93.4 93.8 94.2
45.6 45.6 45.6 45.7 45.8 45.9 45.9 45.9 45.8 45.7 46 46.3 46.8 47.4 47.9 48.3 48.9 49.4 50 50.5 50.4 50.2 49.9 49.6 48.5 44.7 47.7 49.1 49.6 49.8 50.3 50.9 51.8 52.4 52.9 53.3 53.9 54.5 55.1 55.6 56.1 56.7 57.6 58.7 59.8 60.5 61.6 62.8 63.9 65.1 66.6 68.3 70.2 72.2 74.4 76.8 79.3 81.2 83.2 85.3 87.6 89.5 91.5 92.7 96 96.9 94.8 94 96.6 99 98.9 98.1 97.2 96.5 95.2 93.9 94.3 92.7 90.3 78.5 83.7 92.5 94.5 95.3 95.8 96.4
44.3 44.5 44.5 44.6 44.7 44.7 44.7 44.7 44.8 45.1 45.4 45.8 46.2 46.8 47.4 48 48.6 49.1 49.7 50 49.9 49.8 49.2 48.3 46.5 45.2 48.4 49.1 49.1 49 49.5 50 51.1 51.8 52.2 52.7 53 53.2 53.7 54.8 55.9 56.2 57.5 58.6 59.4 60.2 61.3 62.5 63.6 64.8 66.4 67.8 69.1 71.3 73.8 75.6 77.7 79.8 82.1 84.7 86.9 87.8 89 92.9 95 95.5 91.8 93.3 97.4 99.3 98.6 97.8 97.1 96.4 95.1 94.8 93.5 92.6 90.5 76 88.4 93.3 94.3 94.9 94.8 94.4
43.3 43.4 43.4 43.5 43.5 43.6 43.8 43.9 44.1 44.4 44.8 45.5 46.2 46.8 47.5 48.1 48.2 48.8 49.3 49.5 49.4 49.2 48.5 47.3 43.8 47.3 48.4 47.7 47.2 46.7 47.6 48.7 49.8 50.2 51.1 52.9 53.8 54.5 55.3 55 55.9 57 58 58.7 59.3 60.2 61.2 62.2 63.3 64.5 66 67.2 68.5 69.9 72 73.7 75.8 77.9 80 81.9 83 84.4 87.4 91.2 92.4 91 89.8 92.7 97.1 99.2 98.6 98 97.3 96.5 95.1 94.1 92.6 89.6 82.8 75.9 91.1 92.6 92.4 92.6 92.2 91.9
42.8 42.8 42.9 42.9 42.7 42.8 43 43.2 43.6 44.2 44.8 45.7 46.5 47.1 47.6 48.2 48.4 48.5 49 49.1 48.9 48.6 48 46 43.5 47.8 45.1 45.5 47.6 48.9 49.8 50.6 51.2 52.1 53.2 53.5 54 54.7 55.3 55 56.1 57.2 58.1 58.7 59.3 60.2 61.1 62.1 63.1 64.1 65.3 66.5 67.7 68.8 70.4 71.9 73.9 75.7 77.6 79.2 81.3 84.1 87.5 88.6 86.8 87.8 90.9 94.2 98.1 98.1 97.5 97.2 96.9 96.1 94.5 92.2 90.4 79.9 77.8 88.9 87.7 84.4 84 86 87.9 87.8
42.1 42.3 42.3 42.3 42.4 41.9 42.4 43.1 43.6 44.2 44.7 45.6 46.5 47.5 48 48.4 48.5 48.4 48.7 48.5 48.1 47.7 47 43.3 42.5 43.5 47.6 48.8 49.4 49.8 50.5 51 51.9 52.6 53.2 53.5 53.8 54.3 54.6 55.2 56.1 56.8 57.4 57.7 58.6 59.6 60.1 61.3 62.2 63.1 64.3 65.5 66.7 67.8 69.4 70.9 72.6 74.3 76 77.5 80.4 82.4 83.6 83.5 85.2 87.2 88.6 92.3 95.8 96.2 95.4 94.7 94.6 94.8 94.2 92.2 88.2 73.6 82 81.9 84.7 88.9 90.1 89.7 89.5 90.2
41.4 41.6 41.7 41.8 41.8 41 42 42.9 43.6 44.1 44.7 45.6 46.8 47.6 48.1 48.5 48.3 48.3 48.2 47.7 47.2 46.3 42.7 42.5 47.1 48.2 48.7 49.4 49.1 49.3 50.2 50.8 51.2 51.3 51.4 51.6 45.7 47.3 50.4 54.3 55.1 55.9 55.6 55.6 56.9 58.4 58.7 60.3 61.2 62.2 63.3 64.5 65.6 66.7 68.3 69.9 71.5 73.2 74.3 75.5 77.3 79.3 81.3 84.2 85.6 88.9 92.5 92.6 94.1 93 92.5 92 92.8 93 92.7 91.9 90.3 84.3 73.6 77.7 86.2 90.2 91.2 91.5 91.3 91.5
40.3 40.6 41 41.1 40.3 40.4 41.1 42 42.9 43.8 44.5 45.1 46.3 47.4 48 48.3 48.1 48 47.7 46.9 45.7 41.5 39.8 46.6 46.8 45.6 43.6 44 40.6 40.6 40.8 42.1 43.9 45.1 42.9 42 44.2 44.8 44.6 43.4 49.3 53.8 53.7 57 57.4 57.4 57.6 59.3 60.3 61.3 62.4 63.6 64.6 65.8 67.6 69.3 70.6 72.2 73.4 75.5 78.3 80.6 83.3 86.3 88.7 90.2 92 92.7 93 92.8 90.8 89.3 90.7 90.9 90 90.3 90 88.3 78.8 72.9 86.2 90.7 91.9 92.2 92.5 92.7
39.2 39.3 39.7 39.7 38.8 40.2 40.6 41.1 41.7 42.7 43.8 44.7 45.4 46.2 47.5 47.5 47.4 47.2 46.7 45 40.1 40 46.4 45.4 39.5 38.5 38.9 39.1 42.1 42.7 42.8 41.2 40.8 41.7 47.5 49.1 52 52.9 51.6 44.9 49.4 55.1 56.7 58.2 58.8 59.7 60.3 60.7 61.2 62 62.9 63.7 65 66.1 67.5 69.2 70.4 71.6 73.1 75.6 78.1 80.7 82.8 85.7 87.5 89.1 90.5 91.2 91.5 91.7 91.3 89.5 87.2 86.7 85.3 85.2 85.6 76.6 71.8 75.6 87.7 90.8 92.5 92.9 93.2 93.5
36.5 36.5 36.9 37.7 38.9 40 40 40.5 40.8 41.1 41.5 42.1 43 43.9 45.2 45.8 46.1 45.7 44.7 41.9 38.2 45.6 44.4 38.5 36.8 41.1 43.6 46.2 48.4 49 49.5 48.5 50.3 51.2 52.3 53.1 53.9 54.5 54.5 51 44.6 51.9 54 56 58.2 60.4 61 60.9 61.8 62.6 63.3 64.3 65.5 66.5 67.9 69.1 70.2 71.3 72.5 74.8 77.4 79.9 82.2 84.5 86.2 88 89.6 90.8 91.2 90.9 90.8 89.7 88.3 86.4 85.8 83.9 78.5 71.7 80.5 84.7 88.2 91.3 92.6 93.4 93.9 94.2
36.2 37.5 38.5 39.6 39.7 40 40 39.7 39.7 39.4 40.5 41.1 42.1 42.2 43.6 43.3 43.3 42 39.2 37.8 44.4 45.3 41.9 37.6 38.3 43.4 47.4 47.6 48.1 48.8 49.3 49.9 51 51.4 52.5 53.4 54.1 54.9 55.9 56.2 50.5 47.5 48.5 51.2 52.8 55.5 54.7 51.6 54.1 55.5 62 63.8 63 65.4 67.5 68.7 69.9 71 72.1 74 75.9 78.1 80.6 82.9 84.8 86.7 88.6 90.3 90.9 91.2 91.2 91.3 91.6 91.2 88.1 82.9 76 78.2 83.4 88.9 89.8 89.6 91.3 93.2 94.1 94.8
35 36.5 37.8 39.7 40.6 40.5 40.2 38.1 35.1 34.3 35.7 38.5 41.4 41 40 39.3 38.1 36.8 39.4 43.9 42.9 38.5 37.4 36.8 39.9 46.2 46.9 47.2 47.7 48.4 49 49.7 50.9 51.6 52.6 53.6 54.4 55.2 56.4 57.3 57.7 53.9 51 53 46.8 49.7 50.9 50.6 51.1 50.3 51.1 51.9 51.5 56.4 65.4 67.5 68.5 69.7 71.1 72.7 74.6 76.8 79.2 81.4 83.5 85.5 87.5 89.2 90.5 91.1 91.9 92.9 93.4 92.4 86.5 79.9 74.6 80.6 86.1 89.4 92.7 93.6 93.9 94.2 94.5 95.4
32.3 34.1 35.8 38.1 39.3 39.5 39.5 33.6 31.6 32.7 32.5 32.4 33.8 32.5 33.9 34.8 34.6 36 36.8 36.8 36.4 36.2 36.6 38.1 43.6 46.4 46.5 46.7 47.3 48.1 49 49.9 50.9 51.9 52.8 53.7 54.6 55.5 56.5 57.5 58.4 59.1 59.6 60.2 60.8 60.9 59.8 59.3 61.9 59.6 54.6 57.2 56 52.4 60.5 62.6 66.8 68.3 70.1 71.7 73.9 76.2 78.6 80.5 82.3 84.4 86.2 87.9 89.4 90.7 91.9 93.3 91.9 87.4 83.5 76.1 74.7 80.8 85.2 89.2 93.1 94.2 94.9 95.4 95.5 95.9
30.5 30.9 32.1 34.2 34.2 34 33 31.7 37.1 38.6 38.4 36.6 34.1 34.2 34.6 34.6 34.3 33.6 35 35.7 35 39.7 43.6 44.5 45 45.6 45.7 46.3 47.2 48.2 49.1 50.1 51 51.9 52.8 53.8 54.7 55.8 56.9 57.8 58.8 59.8 60.7 61.3 62.4 63.1 63.7 64.3 65 65.7 66.4 66.5 59.6 54.5 58.3 66.1 68.1 69.2 70.2 71.8 74.2 76.4 78.2 79.8 81.4 83 84.8 86.6 88.3 89.8 91.3 92.7 93.1 87.3 77.1 70.1 77.3 82.6 85.6 88.6 91.6 94.5 95.4 95.8 96 96
