ny/ny46_OST50GRID_20230518/NY46.asc
ncols 200
nrows 200
xllcorner 340000
yllcorner 560000
cellsize 50
[rows 114 to 151 of 200, columns 0 to 85 of 200]
17.3 17.6 17.9 18.2 18.3 18.4 18.7 19.1 19.4 19.9 20.5 21 21.3 21.5 21.8 22 22.4 22.4 23.6 25.1 26.3 27.9 29.2 30.3 31.5 32.8 33.5 33.8 33.6 33.1 32.6 32.1 31.4 30.6 29.5 26.3 29.7 30 31.1 32.2 32.8 33.5 34.2 34.7 35.4 36.1 35.8 35.8 35.9 36 36.2 36.5 37.1 37.2 37.1 37.8 38.2 38.4 38.5 38 37 36 35 35 33.2 31.4 31.1 31.8 32 31.7 31.2 31.1 31.7 31.2 31.9 29.9 32.2 33.2 33.6 34 34.5 35 35.1 35.1 35.1 35.3
17.5 17.8 18.1 18.5 19.1 19.5 20 20.4 20.7 21.5 22.1 22.4 22.7 22.9 23.1 23.4 23.5 23.5 22.2 23.1 25.2 27.5 29.1 30.5 31.6 32.4 33.3 33.8 34 33.4 32.8 32.2 31.2 30.2 29.3 28.7 28.4 29.5 30.8 31.7 32.3 33 33.7 34.3 35.1 35.9 36.3 36.5 36.6 36.8 36.9 37.4 38.3 39.1 39.4 39.9 40.5 40 39.5 39 38.4 37.8 37.2 37.1 36.1 34.5 34.5 34.8 34.5 34.1 33.6 33.8 33.3 32.5 33.2 32.4 31.7 31.5 31.7 32.3 32.9 33.4 34 34.6 35.1 34.8
17.7 18.1 18.7 19.3 20 20.7 21.3 21.7 22.1 22.9 23.6 23.8 24 24.2 24.5 24.8 25.1 25.1 25.5 25.3 24.3 27.1 28.6 30.1 31.2 32.1 32.8 33.2 33.7 33.4 32.8 32.3 31.5 30.5 29.9 29.7 30 29.1 30.4 31.2 31.9 32.6 33.3 34 34.9 35.8 36.4 36.7 37 37.3 37.7 38.6 39.5 40.4 41.2 41.3 40.9 40.4 39.9 39.4 38.8 37.9 37.8 37.8 37.5 36 35.9 36.6 36.9 36.6 36 35.5 34.7 33.9 34.2 33.8 32.9 33.1 33.7 34.1 32.6 33.2 33.8 34.5 34.4 34.1
18.3 18.9 19.5 20.1 20.8 21.6 22.3 23 23.5 24.1 24.6 25.1 25.3 25.6 25.8 26.1 26.5 26.8 26.4 25.8 24.3 26.9 28 29.4 30.6 31.5 31.9 32.3 32.7 33.1 32.8 32.4 31.8 31 30.8 30.6 30.9 30.9 30.1 30.8 31.5 32.2 32.9 33.8 34.8 35.7 36.5 36.8 37.1 37.7 38.8 39.7 40.7 41.2 41.3 41.3 41.2 40.8 40.3 39.7 38.5 38.5 38.4 38.4 38.2 34.8 37.3 37.9 38.1 37.7 37.2 36.7 36.1 35.3 35 34.6 34.4 34.4 34.2 34 33.8 33 33.6 33.8 33.7 33.4
17.9 18.9 20 20.9 21.6 22.4 23 23.6 24.5 24.9 25.5 26.1 26.5 26.9 27.1 27.5 27.8 27.8 27.9 27.7 26.2 26.5 27.6 28.8 29.9 31 31.2 31.4 31.7 32.5 32.3 32 31.8 31.9 31.7 31.5 31.8 31.3 30.9 31 31.8 32.4 33.1 33.8 34.7 35.6 36.5 36.8 37.7 38.7 39.7 40.3 40.7 41.1 41.2 41.2 41.1 41 40.4 39.2 39.1 39.1 39 39 38.9 37 38.7 39.1 38.9 38.2 37.8 37.6 37.1 36.4 35.6 35 34.7 34.5 34.2 34 33.8 33.6 33.4 33.1 32.9 32.7
18.6 19.6 20.6 21.4 21.9 22.5 23.1 23.6 25 25.7 26.3 27 27.6 28 28.3 28.3 28.2 28.3 28.6 28.9 28.5 27.8 25.8 27.5 29.2 30.2 30.4 30.6 31.3 31.6 31.9 32.1 32.5 32.7 32.6 32.5 32.2 32 31.8 32.1 31.9 32.6 33.3 33.8 34.6 35.5 36.4 37.1 37.9 38.7 39.5 40 40.5 40.9 41.2 41.1 40.9 40.2 39.8 39.7 39.7 39.6 39.6 39.5 39.4 38.5 39.5 39.8 39.5 38.7 38.4 38.2 37.7 36.6 35.7 35.2 34.9 34.7 34.4 34.2 34 33.8 33.7 33.3 32.9 32.4
19.2 20 20.8 21.6 22 22.5 23.1 23.8 25.2 26.5 27 27.5 27.9 28.4 28.6 28.7 28.6 28.8 29.1 29.3 29.7 28.8 28.1 28.1 28.7 29.4 30.2 30.5 31.4 31.7 32.3 32.9 33.2 33.5 33.4 33.4 33.1 32.8 33.1 33.3 33.3 32.9 33.5 33.8 34.6 35.5 36.4 37.1 37.6 38.2 39.1 39.6 40.1 40.6 41 40.6 40.2 39.8 39.6 39.6 39.5 39.5 39.5 39.3 39.2 38.6 39.4 39.4 39.2 38.9 38.4 37.8 37.2 36.8 35.8 35.4 35.1 34.8 34.6 34.4 34.3 34.2 34 33.6 33.2 32.7
19.6 20.3 21.1 21.8 22.2 22.6 23.1 24.1 25.4 26 26.7 27.1 27.6 28.1 28.6 29 29.1 29.2 29.6 29.9 30.2 29.7 29.3 29 28.8 29.6 29.8 31.1 31.5 32.1 32.6 33.3 34 34.3 34.3 34.4 34.1 33.7 33.5 33.3 33.8 32.5 33.7 33.8 34.6 35.5 36.3 37 37.7 36.3 38.4 38.7 39.1 39.4 40 40.2 39.8 39.6 39.5 39.5 39.4 39.3 39.1 38.9 38.9 38.7 39.2 38.9 38.7 38.6 38 37.4 36.8 36.5 35.9 35.6 35.3 35 34.8 34.7 34.7 34.6 34.4 34 33.5 32.9
20.1 20.7 21.3 21.9 22.3 22.7 23.2 24.2 24.5 25.3 26.2 26.7 27.2 27.7 28.2 28.8 29.3 29.7 30.1 30.4 30.8 30.6 30.3 30.2 29.6 28.6 30.5 31.3 31.8 32.4 32.9 33.5 34.2 34.9 35 34.9 34.4 33.5 33.3 33.6 34.1 34.5 33.8 33.8 34.6 35.5 36.2 36.7 37.4 38.1 37.5 37.5 37.8 38.3 38.9 39.6 39.5 39.4 39.4 39.3 39.1 38.9 38.7 38.5 38.7 38.7 38.7 38.6 38.4 38.2 37.6 37 36.4 36 35.9 35.8 35.4 35.3 35.2 35.1 35.1 35 34.7 34.3 33.8 33.1
20.7 21.3 22 22.6 22.9 23.2 23.5 23.1 23.8 24.6 25.5 26.4 26.8 27.5 28.1 28.8 29.2 29.9 30.3 30.8 31.2 31.6 31 30.3 29.6 29 31.3 31.6 32.2 32.7 33.2 33.8 34.5 35.2 35.3 35.2 34.5 33.6 33.3 33.8 34.2 34.6 34.9 35.2 35.2 36.1 35.6 36.1 36.5 36.5 36.4 36.3 36.7 37.3 37.8 37.2 38.6 38.9 39.1 38.9 38.7 38.5 38.3 38.2 38.4 38.5 38.4 38.2 38.1 37.8 37.2 36.6 36 35.7 35.7 35.8 35.8 35.7 35.6 35.5 35.4 35.4 35.1 34.6 34 33.3
21.2 22 22.8 23.5 23.9 24.2 24.6 24.6 24.6 25.1 25.8 26.4 26.8 27.4 28.1 28.6 29.3 30 30.5 30.9 31.4 32 31.9 31.8 31.4 30.6 31.8 32 32.5 33 33.6 34.1 34.8 35.4 35.5 35.5 34.7 34.1 33.6 33.9 34.3 34.7 35.1 35.4 35.3 35.4 35.3 35.4 35.5 35.7 36.1 36.3 36.6 37 37.4 37.8 38.1 38.4 38.7 38.5 38.3 38.1 37.9 37.9 38 38 38 37.9 37.8 37.4 36.8 36.2 35.8 36 36.5 36.5 36.6 36.7 36.6 36.4 36.2 36.1 35.4 34.9 34.2 33.6
21.6 22.8 23.6 24.4 24.8 25.2 25.1 25.5 25.6 25.9 26.5 26.8 27 27.4 28.1 28.7 29.4 30.1 30.6 31.1 31.6 32.2 32.3 32.2 32 31.9 32 32.5 32.7 33.1 33.7 34.2 35 35.5 35.6 35.7 35.4 35.1 34.5 34.1 34.5 34.9 35.3 35.4 35.7 35.8 35.3 34.9 35.3 35.4 35.7 36.2 36.5 36.9 37.3 37.6 37.6 37.9 38.2 38 37.8 37.7 37.5 37.4 37.5 37.5 37.5 37.6 37.5 37 36.4 36.1 35.9 36.1 36.6 37 37.4 37.6 38 37.9 37.8 37.5 36.5 35.4 34.6 34
22 23.1 24.2 25.3 25.4 25.3 25.4 25.9 26.3 26.7 26.9 27.2 27.4 27.7 28.1 28.8 29.5 30.2 30.8 31.3 31.8 32.5 32.7 32.6 32.5 32.5 32.6 32.6 32.6 33.2 33.8 34.3 35.1 35.7 35.8 35.7 35.4 35.1 34.8 34.6 34.7 35.1 35.5 35.7 36.4 36.1 36 35.9 35.8 35.4 35.7 36.2 36.4 36.8 37.2 37.3 37.4 37.4 37.7 37.6 37.4 37.3 37.1 37 37 37 37.1 37.1 37.2 36.7 36.4 36.2 35.9 36.2 36.7 37.2 37.8 38.9 39.3 39.5 39.4 38.6 37.4 36.2 35.1 34.5
22.5 23.8 24.9 25.3 25.6 25.5 25.8 26.2 26.6 27 27.4 27.6 27.9 28.2 28.6 28.9 29.6 30.3 31 31.4 32 32.7 33.2 33 33 33.1 33.2 33.2 33.3 33.5 33.9 34.4 35.1 35.6 36 35.8 35.5 35.3 35.1 35 35.1 35.3 35.6 36.3 36.8 36.6 36.7 36.9 37.1 36.6 36.6 37.1 36.9 36.7 37 37.1 37.1 37.2 37.2 37.2 37.1 37 36.8 36.5 36.6 36.6 36.6 36.8 37 36.8 36.5 36.2 36 36.3 36.8 37.5 38.3 39.4 40.5 40.9 40.6 39.5 38.3 37.1 35.9 35
21.9 23.1 24.2 24.9 25.5 25.7 26.1 26.5 26.9 27.4 27.8 28 28.3 28.9 29.2 29.5 29.8 30.4 31.1 31.6 32.3 33 33.6 33.5 33.6 33.7 33.8 33.8 34 34.2 34.4 34.6 35.1 35.6 36.1 36 35.8 35.7 35.5 35.4 35.6 35.8 36.3 37 37.3 37.5 37.7 37.9 38.1 37.9 37.4 37.8 37.4 37.1 36.9 37 37.1 37.2 37.2 37 36.9 36.7 36.4 36.1 36.1 36.2 36.4 36.6 36.8 36.9 36.5 36.3 36 36.5 37.2 37.9 38.7 39.8 40.5 41 41 40.1 39.1 37.9 36.7 35.5
22.5 23.1 23.7 24.5 25.2 25.9 26.4 26.8 27.3 27.7 28.1 28.5 28.9 29.5 29.8 30.1 30.4 30.7 31.2 31.8 32.5 33.2 33.9 34.1 34.2 34.3 34.4 34.5 34.6 34.7 34.7 34.8 35.3 35.9 36.3 36.2 36.1 36 35.9 35.9 36.3 36.8 37.2 37.5 38 38.4 38.6 38.8 39 39.1 38.6 38 36.3 36.4 36.7 37.1 37.2 37.4 37.2 36.9 36.6 36.4 36.1 35.8 35.7 36 36.2 36.4 36.6 36.8 36.5 36.3 36.1 36.8 37.6 38.3 39.2 39.9 40.2 40.7 41.3 40.6 39.6 38.5 37.2 36
23.7 24.1 24.5 24.8 25.5 26.2 26.7 27.1 27.6 28 28.5 28.9 29.6 30.1 30.4 30.7 31 31.3 31.6 32.1 32.7 33.3 34 34.6 34.7 34.7 34.7 34.8 34.8 34.9 34.9 35.1 35.5 36.1 36.5 36.4 36.3 36.3 36.2 36.4 36.7 37.1 37.4 37.8 38.3 38.6 38.9 39.2 39.4 39.7 39.4 36.6 36.2 36.1 36.4 36.9 37.3 37.4 37.2 37.1 36.9 36.7 36.4 36.1 35.9 35.9 36 36.2 36.4 36.6 36.6 36.3 36.2 36.9 37.8 38.6 39.2 39.5 39.9 40.4 40.9 40.8 39.9 38.8 37.6 36.5
24.2 24.6 25 25.3 25.7 26.5 26.9 27.4 27.8 28.3 28.7 29.2 30.1 30.6 30.9 31.2 31.5 31.7 31.9 32.4 33 33.7 34.3 34.7 34.9 34.9 34.9 35 35 35 35.1 35.3 35.8 36.3 36.7 36.6 36.6 36.5 36.5 36.7 37 37.3 37.7 38 38.5 38.8 39 39.3 39.6 39.8 40 37.5 36.5 36.2 36.4 36.7 37.2 37.5 37.5 37.4 37.3 37.1 36.8 36.3 36.2 36.2 36.2 36.2 36.2 36.4 36.7 36.4 36.3 36.9 37.8 38 38.6 39.1 39.5 39.9 40.2 40 39.7 39.1 38 36.9
24.1 25.1 25.4 25.8 26.1 26.7 27.2 27.6 28.1 28.6 29 29.5 30.5 31 31.3 31.6 31.9 32.1 32.2 32.7 33.4 33.9 34.4 34.8 35 35.1 35.1 35.1 35.2 35.2 35.3 35.6 36 36.5 36.9 36.8 36.8 36.8 36.9 37.1 37.3 37.6 37.9 38.3 38.7 38.9 39.2 39.4 39.7 39.8 39.5 39.3 36.5 36.1 36.4 36.8 37.1 37.5 37.5 37.4 37.4 37.4 37 36.6 36.4 36.4 36.4 36.4 36.4 36.4 36.5 36.5 36.4 36.6 36.8 37.2 37.9 38.5 38.8 39.2 39.5 39.2 38.9 38.6 38.3 37.4
25.1 25.2 25.6 26 26.4 26.9 27.2 27.5 28 28.8 29.4 29.9 30.9 31.7 31.7 32 32.3 32.4 32.4 33 33.6 34 34.5 35 35.2 35.2 35.3 35.3 35.4 35.4 35.5 35.8 36.3 36.7 37.1 37 37 37.1 37.2 37.5 37.7 37.9 38.2 38.5 38.8 39 39 39.1 39.1 38.6 37.6 36.5 36.4 36.2 36.5 36.9 37.2 37.5 37.6 37.6 37.6 37.6 37.3 36.9 36.7 36.7 36.7 36.7 36.7 36.7 36.8 36.7 36.6 36.6 36.3 36.5 37.3 37.9 38.2 38.5 38.8 38.5 38.2 37.9 37.6 37.5
23.2 24 24.6 25 25.6 26.4 26.7 27.1 27.7 28.4 29.2 30 31.3 32.3 32.2 32.4 32.5 32.6 32.7 33.2 33.7 34.2 34.6 35.1 35.4 35.4 35.5 35.5 35.6 35.6 35.7 36.1 36.6 37 37.3 37.3 37.4 37.4 37.6 37.8 38.1 38.3 38.5 38.4 38.3 38.2 38.2 38.3 38.4 37.9 37.1 36.8 36.3 36.3 36.7 37.1 37.5 37.6 37.8 37.8 37.8 37.8 37.5 37.1 37 37 37 37 37.1 37.2 37.3 37.1 36.9 36.9 36.7 36.4 36.7 37.2 37.5 37.8 38.1 37.9 37.6 37.3 37 36.9
21.9 22.9 23.8 24.3 25 25.8 26.3 26.8 27.4 28.1 28.9 29.6 30.8 31.7 32.1 32.4 32.4 32.4 32.8 33.3 33.8 34.2 34.7 35.1 35.5 35.6 35.7 35.7 35.7 35.8 35.9 36.4 36.8 37.3 37.6 37.6 37.7 37.7 38 38.2 38.4 38.5 38.7 38.3 38.2 38.1 38 37.9 37.9 37.9 37.7 37.3 37.1 36.9 37.1 37.5 37.6 37.7 37.9 38 38 37.9 37.7 37.4 37.3 37.3 37.3 37.4 37.6 37.7 37.7 37.4 37.2 37.1 37 36.7 36.3 36.5 36.8 37.1 37.4 37.4 37 36.7 36.4 36.3
24.3 24.8 24.6 24.5 24.4 25.2 26 26.5 27.1 27.7 28.5 29.2 30.4 30.9 31.6 31.9 31.9 32.2 32.6 33.3 33.8 34.3 34.7 35.1 35.4 35.7 35.9 35.9 36 35.9 35.9 36.3 36.6 37 37.4 37.8 38 38.1 38.3 38.5 38.6 38.7 38.8 38.2 38.1 38.1 38 37.9 37.8 37.8 38.2 38.1 37.9 37.8 37.6 37.7 37.8 37.8 38 38.2 38.2 38.1 37.9 37.6 37.6 37.7 37.8 38 38.1 38.2 38.1 37.8 37.6 37.4 37.3 37.1 36.7 36.2 36.1 36.5 36.8 36.8 36.5 36.2 35.9 35.4
25.8 25.6 25.5 25.3 25.1 25.2 25.9 26.4 26.8 27.4 28.1 28.7 29.6 30.4 31.2 31.5 31.6 32.1 32.5 33.2 33.8 34.3 34.7 35 35.3 35.6 35.9 36.1 36 35.9 35.7 36 36.4 36.8 37.2 37.6 38 38.4 38.5 38.7 38.8 38.9 38.8 38.3 38.1 38 37.9 37.8 37.7 37.7 38.1 38.5 38.3 38.1 38 37.9 37.9 38 38.1 38.3 38.4 38.3 38 38 38.1 38.2 38.3 38.5 38.6 38.7 38.5 38.2 38 37.8 37.6 37.4 37 36.5 36 35.8 36.1 36.3 36 35.6 35.4 35.1
26.6 26.5 26.3 26.1 25.7 25.3 26 26.4 26.9 27.3 27.7 28.3 29.1 30 30.8 31 31.5 32 32.4 33.1 33.7 34.3 34.6 34.9 35.2 35.5 35.8 36 35.9 35.8 35.7 35.8 36.2 36.6 37 37.4 37.8 38.1 38.5 38.8 39 39.1 38.8 38.3 38 37.9 37.8 37.7 37.6 37.6 38 38.5 38.6 38.5 38.3 38.2 38.2 38.1 38.2 38.3 38.3 38.4 38.3 38.5 38.8 38.8 38.9 39 39.1 39.2 38.8 38.6 38.4 38.2 38 37.8 37.3 36.8 36.3 35.8 35.4 35.7 35.4 35.1 34.9 34.6
27.2 27.1 26.9 26.6 26.2 25.8 26 26.5 26.9 27.4 27.7 28.3 29 29.6 30.4 30.9 31.4 31.9 32.3 33 33.6 34.2 34.4 34.7 35 35.3 35.7 36 35.9 35.7 35.6 35.6 35.9 36.3 36.8 37.1 37.5 37.9 38.2 38.6 39 39.3 38.9 38.3 37.9 37.8 37.7 37.6 37.5 37.4 37.9 38.4 38.8 38.8 38.6 38.6 38.5 38.4 38.5 38.6 38.7 38.8 38.9 39.1 39.4 39.5 39.5 39.5 39.6 39.6 39.2 39 38.8 38.6 38.2 37.6 37.2 36.8 36.4 36 35.6 35.2 34.9 34.6 34.4 34.3
27.9 27.7 27.4 27 26.6 26.3 26.4 26.6 27 27.4 28 28.8 29.5 30.2 30.7 31.1 31.5 31.9 32.3 32.9 33.6 34 34.3 34.5 34.9 35.2 35.6 35.9 35.8 35.7 35.5 35.4 35.7 36.1 36.5 36.8 37.2 37.6 38 38.4 38.4 38.6 38.5 38.3 37.9 37.8 37.6 37.5 37.4 37.3 37.8 38.3 38.7 39.1 39 38.9 38.8 38.8 39 39.1 39.2 39.4 39.4 39.7 40 40.2 40.2 40.3 40 39.9 39.6 39.3 38.7 38.1 37.5 36.8 36.4 36.1 35.7 35.3 34.9 34.5 34.3 34.1 34.1 34
28.4 28.1 27.8 27.5 27.1 26.9 27 27.1 27.2 27.8 28.5 29.3 30 30.7 31.1 31.5 31.9 32.3 32.8 33 33.5 33.8 34.1 34.4 34.8 35.2 35.6 35.7 35.6 35.5 35.4 35.3 35.5 35.8 36.2 36.5 36.9 37.3 37.7 37.9 37.8 38 37.8 37.7 37.7 37.5 37.4 37.3 37.1 37.3 37.9 38.3 38.7 39.1 39.4 39.3 39.2 39.3 39.3 39.1 38.9 38.7 38.8 39.3 40 40.6 40.5 40 39.5 39.4 39.2 38.6 37.9 37.3 36.7 36.1 35.6 35.3 35 34.6 34.2 33.8 33.5 33.4 33.6 33.5
28.6 28.5 28.2 27.9 27.5 27.5 27.6 27.7 27.8 28.3 29.1 29.8 30.5 31 31.5 31.9 32.3 32.7 33.3 33.5 33.6 33.9 34.2 34.5 34.8 35.2 35.6 35.6 35.5 35.3 35.2 35.1 35.2 35.5 35.9 36.3 36.6 37 37.4 37.3 37.3 37.3 37.2 37.2 37.4 37.2 37.1 36.9 37 37.4 38 38.6 39 39.2 39.3 39.3 38.8 38.6 38.3 38.1 37.9 38 38.3 38.7 39.4 39.8 39.9 39.4 39.1 38.9 38.5 37.9 37.2 36.6 35.9 35.3 34.8 34.5 34.2 33.8 33.5 33.1 32.8 32.7 32.9 33
28.8 28.7 28.6 28.3 28 28.1 28.2 28.3 28.4 28.8 29.6 30.4 30.9 31.4 31.9 32.3 32.7 33.2 33.8 34 34 34 34.3 34.6 34.9 35.2 35.5 35.4 35.2 35.1 34.9 34.8 34.9 35.2 35.6 36 36.3 36.7 36.8 36.7 36.7 36.6 36.7 36.8 37 36.9 36.8 36.8 37.1 37.4 37.9 38.6 39.1 38.8 38.8 38.4 37.9 37.5 37.3 37.1 37.2 37.5 37.8 38.2 38.7 38.9 39.2 38.8 38.6 38.2 37.7 37.1 36.5 35.8 35.2 34.5 34.1 33.7 33.4 33 32.7 32.3 32 32 32.1 32.3
28.2 28.6 28.8 28.8 28.6 28.7 28.8 28.9 29.1 29.4 30.1 30.9 31.3 31.8 32.3 32.7 33.1 33.7 34.3 34.5 34.4 34.2 34.4 34.7 35 35.3 35.2 35.1 34.9 34.8 34.6 34.5 34.6 34.9 35.3 35.7 36 36.3 36.2 36.2 36.1 36.1 36.3 36.5 36.7 36.6 36.5 36.8 37.1 37.5 37.8 38 38.1 38.3 37.9 37.4 37 36.5 36.3 36.3 36.7 37 37.2 37.1 37.6 38.1 38.4 38.2 37.9 37.4 37 36.4 35.7 35.1 34.4 33.8 33.3 32.9 32.6 32.2 31.9 31.7 31.3 31.2 31.4 31.6
27.2 27.8 28.3 28.9 29.2 29.3 29.4 29.5 29.7 29.8 30.3 31 31.6 32.2 32.7 33.1 33.6 34.2 34.8 34.8 34.6 34.3 34.5 34.8 35 34.9 34.8 34.7 34.6 34.5 34.3 34.3 34.3 34.7 35 35.4 35.8 36 35.8 35.7 35.6 35.8 36 36.2 36.3 36.3 36.4 36.8 37 36.9 36.7 36.8 36.9 37.1 36.7 36.3 36 35.5 35.5 35.5 35.5 35.4 35.3 35.4 35.9 36.5 37 37.4 37.1 36.7 36.3 35.7 35 34.4 33.7 33 32.5 32.1 31.9 31.8 31.6 31.2 30.7 30.2 30.4 30.6
27.9 28.5 29.1 29.8 29.8 29.9 30 30.1 30.2 30.4 30.7 31.1 31.8 32.4 33 33.5 34.1 34.5 34.8 34.9 34.7 34.5 34.5 34.8 34.7 34.5 34.4 34.3 34.2 34.1 34.2 34.1 34.1 34.4 34.7 35.2 35.6 35.7 35.5 35.5 35.7 35.7 35.8 35.8 36 36.1 36.2 36.1 36 35.8 35.7 35.6 35.7 35.8 35.5 35.1 34.7 34.5 34.1 33.9 33.6 33.5 33.4 33.7 34.2 34.8 35.5 35.9 35.7 35.5 35.3 35 34.3 33.6 32.9 32.3 32 31.9 31.7 31.6 31.1 30.8 30.5 30.2 29.4 29.4
28.7 29.3 30 30.5 30.5 30.5 30.6 30.7 30.8 31 31.2 31.5 31.9 32.5 32.9 33.4 33.8 34.2 34.6 34.7 34.6 34.6 34.5 34.4 34.4 34.4 34.4 34.4 34.3 34.3 34.4 34.2 34 34.1 34.6 35.1 35.3 35.4 35.2 35.5 35.7 35.8 35.8 35.9 35.9 35.7 35.4 35.1 35 34.8 34.7 34.6 34.5 34.6 34.2 33.9 33.8 33.7 33.3 32.8 32.5 32.2 32.1 32.1 32.6 33.2 33.9 34.2 34.2 34 33.8 33.4 33.1 33 33 32.7 32.3 32.1 32 32 31.7 31.4 31.1 30 29.3 28.6
29.5 30.2 30.8 31.2 31.2 31.2 31.2 31.3 31.4 31.6 31.8 32.1 32.2 32.2 32.6 33.1 33.6 34 34.4 34.6 34.5 34.4 34.6 34.8 34.7 34.7 34.7 34.7 34.5 34.5 34.6 34.5 34.3 34.4 34.7 34.8 35.1 35.1 35.3 35.6 35.8 35.9 35.9 36 35.9 35.8 35.4 35 34.6 34.3 33.9 33.5 33.4 33.4 33.1 33 32.9 32.8 32.5 32 31.7 31.6 31.5 31.3 31 31.7 32.2 32.5 32.7 32.5 32.2 32.1 32 32 31.9 31.9 31.8 32.4 32.6 32.6 32.4 32 30.8 29.8 29.2 28.7
30.3 31 31.6 31.9 31.9 31.9 31.8 31.8 31.9 32.1 32.4 32.5 32.4 32.4 32.4 32.8 33.3 33.7 34.1 34.4 34.3 34.4 34.6 34.9 35 35 35 34.9 34.8 34.7 34.8 34.7 34.5 34.6 34.9 34.9 34.8 35 35.3 35.6 35.8 35.9 36 36 35.8 35.7 35.4 35 34.6 34.3 33.9 33.5 33.1 32.7 32.4 32.2 32.1 32 31.7 31.4 31.2 31 30.9 30.7 30.4 30.2 30.5 30.8 31.1 31.1 31.1 31 31 30.9 30.9 31 31.1 32 33.2 33.3 32.7 31.7 30.6 29.7 29.3 29
31.9 31.8 32.4 32.6 32.6 32.5 32.5 32.5 32.5 32.7 32.8 32.7 32.7 32.6 32.6 32.5 33 33.4 33.8 34.3 34.3 34.3 34.6 34.9 35.2 35.3 35.3 35.2 35.1 35 35 34.9 34.8 34.9 35 35 34.7 35 35.3 35.7 35.8 36 36.1 35.9 35.8 35.6 35.4 35 34.7 34.3 33.9 33.5 33.1 32.7 32.2 31.9 31.7 31.5 31.2 30.9 30.7 30.5 30.3 30.1 29.9 30 30.2 30.5 30.7 30.4 30.2 30.1 29.9 29.9 30.1 30.2 30.4 31.6 32.8 32.6 32 31 30.2 29.9 29.7 29.2
32.2 32.7 32.8 33 33 33.1 33.1 33.1 33.1 32.9 32.8 32.7 32.5 32.4 32.3 32.1 32.6 33 33.4 33.9 34.2 34.3 34.6 34.9 35.2 35.5 35.6 35.5 35.4 35.3 35.2 35.1 35.1 35.1 35.1 34.8 34.6 34.9 35.3 35.3 35.3 35.6 35.9 35.9 35.7 35.6 35.4 35.1 34.7 34.3 33.9 33.4 33.1 32.6 32.2 31.7 31.5 31.2 30.9 30.6 30.5 30.4 30.2 29.9 29.8 29.8 30 30.3 30.1 29.8 29.7 29.5 29.3 29 29.3 29.5 29.8 31.2 31.6 31.3 31.1 30.6 30.1 29.6 29.2 28.6
