ny/ny46_OST50GRID_20230518/NY46.asc
ncols 200
nrows 200
xllcorner 340000
yllcorner 560000
cellsize 50
[rows 76 to 113 of 200, columns 0 to 85 of 200]
17 17.4 17.6 17.6 17.6 17.8 17.7 17.4 14.7 13.9 14.3 16.2 15.3 14.4 14.7 15 15 15 15.2 12.8 12.8 12.9 13.3 13.6 14.2 20.6 24.1 24.9 26.2 26.1 26.9 26 24.1 16.3 16.3 16.5 16.7 16.9 16.1 27.1 28.8 29.9 30.9 31.5 32.5 32.6 29 34.8 35.8 36.1 36.3 36.4 36.2 36 35.7 35.8 35.4 34.9 34.5 34.2 33.5 32.7 31 31 30.3 30.8 30.9 30.7 29.7 27.7 27.8 28 28.3 27.4 27.9 28.3 29.1 30.9 32.6 29 29.2 35 36.5 36.5 35.7 35.7
17 17.1 17.3 17.9 17.9 17.6 16.2 15.1 13.6 13.9 14.1 14.7 12 14.8 14.4 14.6 14.7 14.8 15 15.1 15 15.1 15.2 15.3 19 23.2 24.5 24.5 24.6 26 26.3 26 24.9 16.5 16.5 16.5 16.8 16.9 25 28.3 29.3 30.2 31.1 31.8 31.6 30.1 31.8 35.2 35.9 36 36 36.1 36 35.7 35.5 35.7 35.6 35.1 34.9 34.6 34 33.4 32.3 31.8 31.7 31.7 31.9 31.7 30.5 28.7 30.1 30.7 29.7 28.7 27.6 27.5 28.3 28.6 28.9 29.1 30.3 34.6 35.6 37 36.7 35.8
16.7 16.7 15.5 14.4 15.3 16.2 13.4 13.3 13.5 13.7 14 12 14.4 15.1 14.1 14.3 14.6 14.6 14.8 15 15.1 15.3 15.4 16.5 19.1 23.1 23.8 24.4 25.2 25.7 25.6 25.9 25.5 15.1 16.6 16.5 15.1 24.9 27.3 28.3 29.3 29.9 30.1 31.1 31.3 29.5 33.9 35 35.6 35.8 35.8 35.9 36.2 35.8 35.6 35.6 35.8 35.5 35.5 35.3 34.8 34 33.4 33.2 33.1 33 32.8 32.6 32.1 30.5 30.9 31 31.4 30.5 28.7 28 28.3 28.5 28.4 29.3 29.4 31 32.4 35.2 35.6 33.8
16.4 16.1 13.9 13.2 13.6 13.6 13.7 13.5 13.6 13.8 14 12 14.3 14.5 14.3 14.6 14.8 14.7 14.8 15 15.1 15.4 17.3 20.7 22.7 23 23.8 24.6 25.4 25.4 24.8 24.7 24.6 24.5 25.1 23.6 25.1 26.4 26.6 27.9 28.9 28.7 28.5 29.2 27.9 31 33.4 34 34.5 35.2 35.6 35.8 36 36.1 35.9 36 36.1 36.2 36.2 36.1 35.7 35.4 34.8 34.8 34.8 34.7 34.5 33.9 33.3 31.6 31.3 31.1 31.5 31.9 32.6 30.8 29.8 32.5 33.5 33.6 32.5 31.8 33.4 35.2 34.3 34
17.1 16.3 13.8 13.1 12.7 13 13.5 13.8 13.7 13.9 14.1 13.3 14.7 14.4 14.8 15 14.9 14.7 14.9 14.9 14.9 20.7 22.6 23.5 23.8 23.5 23.7 23.9 24.5 25.2 24.6 24 23.4 23.1 23.6 23.5 24.5 25.3 26.2 27.1 28.5 28.5 26.5 27.9 29.9 31.4 32.6 33 33.4 33.9 34.7 35.2 35.4 35.9 36.4 36.5 36.7 37 37.2 37.2 36.9 36.5 36.1 36.3 36.5 36.5 36.5 36 35.5 34 35.1 34.3 34.4 34.3 34.3 35.3 34.6 36.3 36.7 36.6 34.7 34.3 35.4 38.2 38.6 39
16.6 15.9 13.5 13 12.8 13.1 13.3 13.5 13.8 14.2 14.2 14.7 14.2 14.2 14.3 14.5 14.6 14.8 14.8 14.8 16.6 23.1 23.9 23.9 23.7 23.6 23.5 23.6 23.8 23.8 23.9 24.1 23.3 22.3 22.9 23.5 23.7 23.9 25.1 25.8 25.3 24.5 27.4 29.4 29.8 30.8 31.9 32.3 32.7 33.6 34.4 34.6 34.9 36 37 37.1 37.4 37.9 38.2 38.2 38.1 38 37.6 38.1 38.1 38.1 37.6 37.5 37.3 36.2 37.2 36.9 36.6 36.5 36.7 37 37 37.5 38 38.2 36.2 37.5 37.8 38.4 40 41.3
16.6 16.1 14.4 12.9 13 13.2 13.5 13.7 13.9 13.8 11.6 14.5 14.1 14.2 14.2 14.1 14.3 14.5 14.3 14.5 18.7 22.1 22.4 22.5 22.8 22.8 21.9 21.4 21.6 21.3 22 22.1 22 21.4 21.2 22.3 23.2 23.3 23.3 23.9 25.1 25.4 27.4 28.1 29.1 30.2 31.2 31.6 32.2 33.3 34.5 34.7 35.2 36.2 37.3 37.8 38.3 38.9 39.2 39.3 39.1 39 39 39.7 39.3 38.8 38.3 38.9 37.8 38.3 38.9 38.6 38.2 38 37.8 38.1 38.4 38.9 39.3 39.3 37.9 38.9 39.2 39.2 39.7 40.5
16.4 15.9 14.8 13.9 13.1 13.4 13.7 14 13.8 11.6 14.5 14.3 13.9 14.2 14.2 14.1 14.1 14.1 13.9 15.2 20.1 20.4 20.6 21.6 22.1 21.2 20.3 19.8 19.1 18.3 18.1 18.5 19 19.5 19.6 20.1 21.2 21.3 22.1 21.6 23.9 25.2 25.8 27 28.1 29.3 30.4 31.4 32.4 33.4 34.5 35 35.5 36.6 37.6 38.2 38.9 39.4 39.4 39.4 39.6 39.6 39.9 39.6 39.5 39.4 39 39.3 38.4 39.6 39.8 39.6 39.3 39.3 39.2 39.5 39.9 40.3 40.7 41 40.8 41.8 40.6 41.1 40.6 40.7
15.7 15.8 15.1 13.5 13.3 14.1 14.7 15.1 11.6 14 14 14 13.8 14.3 14.2 14 13.9 13.9 14.1 19.1 19.1 19.6 20.4 21.1 20.4 19.4 18.7 18.2 17.8 17.4 17.8 18.2 18.4 18.6 18.9 19.2 19.8 20.4 21.1 22.4 23.8 24.1 24.4 25.4 26.2 27.7 29.4 30.9 32.4 33.3 34.3 35.3 35.8 36.9 37.2 38 38.7 39.1 39 39 39.2 39.4 39.7 39.6 39.6 39.5 39.6 39.8 39.5 39.2 40.3 40.4 40.2 40.4 40.6 40.9 41.3 41.7 42.1 42.9 43.7 44.3 43.9 43.9 44.4 44.8
15.6 15.8 14.8 12.7 13.1 13.8 14.6 15.3 15.1 11.6 12.4 11.4 13.7 14.1 14.2 14.1 13.8 13.7 13.7 18 19.3 19.6 19.9 19.4 19.1 18.7 18 17.6 17.2 17.3 17.5 17.9 18.3 18.6 19.3 19.4 19.6 20.2 22 24.9 24.3 22.9 23.7 24.8 26 27.5 28.6 30.3 31.9 33 34.1 35.1 36.2 36.5 36.9 37.6 38.6 38.8 38.5 38.7 39 39.3 39.6 39.8 40.1 40.3 40.2 40.3 40.5 40.4 40.2 40.3 40.2 40.8 41.4 42.2 43.1 43.8 43.9 44.7 45 45.8 46.2 45.8 46.6 47.4
15.5 15.6 14.5 12.5 12.9 13.5 14.2 14.8 14.3 14.5 14.2 14.2 11.1 13.9 14.3 14 13.7 13.4 13.5 17.5 19 19.1 18.8 18.3 18.3 18.2 17.4 17 17.2 17.3 17.3 17.6 18.1 19.7 19.7 19.6 19.4 20.2 23.8 25.4 23.4 22.1 22.6 24.2 25.9 26.8 27.7 29.4 31.1 32.3 33.4 34.4 35.3 36 36.5 37.2 38.5 37.8 38.6 38.8 39 39.3 40.3 40.8 41 40.9 40.9 41 41.1 40.4 40.3 40.5 40.8 41.4 42 42.9 43.7 44.7 45.6 46.2 46.3 46.5 46.8 47.3 47.6 48.1
15.4 15.2 14.5 12.4 12.8 13.1 13.8 13.8 14 14 13.7 13.6 13.8 11.1 14.1 13.8 13.5 13.3 13.2 15.5 18.6 18.3 17.9 17.5 17.5 18 17.3 17.1 17.2 17.2 17.6 18 20.5 22.8 21 20.5 19.4 19.5 21.8 22.1 21.8 21.3 21.8 22.6 23.8 24.9 26.3 27.6 29.2 30.6 31.9 33.4 34.3 34.9 35.4 36 35.5 37.1 38.2 39.1 39.7 40.4 41.1 41.5 41.9 41.7 41.5 41.7 41.9 41.5 41.3 41.3 41.6 42 42.7 43.5 44.4 45.3 46.2 46.7 47 47.1 47.4 47.9 48 47.8
15.1 14.8 15 12.5 12.7 13 13.2 13.4 13.6 13.3 13.3 13.5 13.7 13.4 14.1 13.6 13.3 13.4 13.4 13.9 17.4 17.1 16.8 17.4 18.2 18.4 18 17 17.2 18 18.4 19.3 23.3 24.4 22.9 20.5 19.4 19.3 18.9 19.5 20.2 20.8 20.6 21.2 22 22.8 24.3 25.8 27.5 29.4 31.1 31.7 31.7 32.2 33.4 34.9 36 37.7 38.6 39.6 40.8 41.3 41.7 42.1 42.5 42.7 42.7 42.9 42.7 42.5 42.3 42.2 42.4 42.6 43.3 44.1 44.8 45.6 46.3 46.6 47 47.4 47.7 47.8 47.7 47.5
14 14.8 15.5 14 12.4 12.2 12.5 12.7 12.9 13.2 13.5 13.4 13.5 12 13.3 13.4 13.4 13.4 13.6 13.8 16.1 16.1 16.3 17.4 18.8 18.1 17.4 16.8 18.1 19.3 19.9 21.9 24.2 24.6 23.2 21.1 19.2 18.7 18.6 18.5 18.9 19.5 20 20.5 21.5 23.3 24.6 25.1 26.5 28.5 29.7 30.4 32 33 34.7 35.9 36.9 38.2 38.9 40.1 41.1 41.7 42.2 42.6 42.9 43.3 43.5 43.7 43.6 43.4 43.3 43.2 43.2 43.4 43.6 44.3 45 45.8 46.3 46.5 46.9 47.2 46.9 46.5 46.5 46.3
13.2 13.5 15 14.5 12.4 12.6 12.6 12.6 12.9 13.1 13.4 13.7 13.4 11.1 13.4 13.3 13.5 13.5 13.4 13.3 15.6 16.1 16.3 16.3 17.3 16.7 16.5 17.7 19.9 20.5 20.6 22.6 24.1 23.2 21.6 20.9 19.1 18.5 18.4 18.4 18.8 20.8 20.8 21.1 22.5 23.8 24.7 25.5 26.2 28.4 30.6 31.2 33 34.1 35.1 36.2 37.3 38.3 39.1 40.1 41 41.5 41.9 42.4 43 43.6 43.9 44.2 44.5 44.4 44.3 44.2 44.2 44.3 44.5 44.7 45.2 46 46.4 46.4 46.6 46.6 46 45.4 45 44.9
14 12.5 13.8 13.2 12.2 12.6 12.6 12.4 12.8 13.2 13.4 13.7 13.4 13.7 13.1 13.4 13.6 13.5 13.1 14 15.5 16.2 16.2 16.2 16.1 16.1 16.5 19.8 22.4 19.8 20.1 21.2 21.9 20.5 19.5 19.9 18.7 18.3 18.1 17.8 18.8 20.5 21.2 22 23.2 24.1 25.1 26.9 28.1 30 31.7 32.6 33.4 34.5 35.5 36.5 37.2 37.9 38.8 39.8 40.4 40.8 41.2 41.7 42.3 43.1 44 44.5 44.9 45.3 45.4 45.2 45.2 45.3 45.4 45.6 45.9 46.2 46.6 46.4 46.4 46.3 46.1 45.4 44.7 44.2
14.3 11.9 12.5 12.1 12.2 12.5 12.7 12.3 12.7 13 13.4 13.8 11.5 13.7 13.7 13.4 13.4 12.9 12.8 14.1 15.6 16.1 16.2 16.1 16 15.9 16.2 19.9 20.1 18.6 18.2 18.7 18.5 18.3 18.6 19 18.3 17.5 17.3 17.4 18.6 19.3 21.2 22.5 23.4 24.6 26.4 28.2 29.4 31 32.4 33.6 34.2 34.6 35.2 35.6 36.3 37.1 37.9 37.9 38.9 39.6 40.3 41.1 41.7 42.7 43.8 44.4 44.9 45.7 46.3 46.2 46.3 46.1 46 45.9 46.1 46.3 46.4 46.6 46.7 46.5 45.8 45 44.4 44.1
15.3 12.4 12.3 12.3 12.3 12.6 12.6 12.2 12.6 13 13.4 13.7 13.1 13.6 13.7 13.4 13.1 13.1 13 14.2 15.6 16 16.2 16 15.8 15.8 16 16.5 16.7 16.3 16.2 17 17.2 17.1 17.5 18.4 17.9 16.9 16.5 16.6 17.8 18.4 19.9 21.4 22.9 24.2 25.8 27.6 29.5 30.8 31.9 32.9 33.7 34.2 34.8 35.2 35.5 35.8 35.9 36.4 37.4 38.2 39 40.3 41.2 42.3 43.3 44.4 45.1 45.5 45.9 45.8 46 46.3 46.1 46 46 46 46.1 46.2 45.9 45.4 44.9 44.5 44.1 43.8
15.8 15.4 12.1 12.1 12.2 12.4 12.3 12.4 12.7 13.1 13.2 13.4 13.2 13.5 13.6 13.4 12.9 12.7 13.3 14.7 15.8 16 16.1 15.8 15.6 15.8 15.4 15.2 15.2 15.1 15.2 15 16.1 15.9 16.1 16.6 16.3 17.5 18.2 18.5 18.6 17.6 18.6 20.2 21.6 22.6 24.2 25.9 27.3 28.5 29.5 30.3 30.9 31.5 32.2 32.7 33 33.4 33.9 34.9 35.8 36.6 37.8 39.2 40 41.3 42.3 43.6 44.2 44.8 44.7 44.7 44.8 45 45.3 45.6 45.3 45.1 44.9 45.1 44.8 44.3 43.7 43.1 42.9 42.5
12.9 12 11.8 12.2 12.2 12.2 12.1 12.6 13 13.3 13 10.7 13 13.4 13.3 13.1 13 13.7 13.7 15.1 15.6 15.8 15.9 15.7 15.5 15.3 15.2 14.8 14.6 14.6 15.6 16.2 15.5 15.8 16 16.3 17 17.6 18 18.3 19.2 20 19.7 18.1 20.3 21.1 22.7 25.1 26.4 26.9 27.3 28.4 29.1 29.3 29.6 30.2 30.4 30.8 31.4 32.1 33.1 34.2 35.5 36.7 38 39.6 41.2 42.1 42.4 43.1 43.6 43.7 43.8 43.9 44 44 43.8 43.6 43.4 43.4 43.2 42.8 42.2 41.6 41.3 41.2
12.2 12.1 12.1 12.2 12.2 12 12.1 12.8 13.3 13.6 10.2 13.5 13.3 13.1 13 13.6 14 14.3 14.1 15.1 15.4 15.6 15.6 15.5 15.1 14.8 14.8 14.3 14.4 15 15.3 16.1 15.7 16.1 16.6 16.9 17.5 17.7 18 18.2 18.5 19.1 20.4 19.7 19.5 19.9 21 22.1 24.2 25.9 26.8 27.5 27.5 27.8 27.8 28 28.9 29.2 29.5 30.9 31.9 32.7 33.3 34.3 35.9 37.5 38.3 38.8 39.5 39.7 40.2 40.9 41.5 41.9 41.8 41.3 41.6 41.7 41.7 41.7 41.5 41.1 40.6 40 39.8 39.8
12.7 12.6 12.5 12.6 12.6 12.6 13.3 13.9 10.2 14.2 13.3 13.2 12.8 12.8 13.4 14.1 14.2 14.5 14.7 15.1 15.2 14.9 14.8 14.7 14.7 14.2 14 14.5 15.1 15.7 15.5 16.1 16 16.5 17 17.5 17.9 18 18.2 18.4 18.6 19.2 19.6 20.2 21 22 22.5 22.8 23 24 23.9 23.9 23.5 24.2 25.7 26.8 27.8 28.1 28.4 29.3 30.2 30.8 31.4 32.2 33.8 34.9 35.2 35.4 35.2 35.4 35.9 36.5 37.2 37.9 38.3 38.6 38.9 39.4 40 40.1 39.9 39.4 38.9 38.5 38.5 38.4
13.3 13.2 13 13.7 12.7 10.2 13 14.1 13.7 13.1 12.8 12.7 12.6 13.3 14 14.2 14.5 14.7 14.9 14.8 14.7 14.7 14.3 13.9 13.8 14 15.2 15.7 16.2 16.4 16.1 16 16.4 16.9 17.4 17.8 18.1 18.2 18.3 18.4 18.9 19.6 20.1 20.6 21.1 22.1 25.6 25.3 25.9 25.6 24.6 27.3 27 26.8 25.4 24.6 26.3 27 27.2 27.9 28.3 28.9 29.5 30.1 30.7 31.3 31.5 31.4 31.5 32.4 32.9 33.7 34.1 34.8 35.3 35.7 36 37.4 38.4 38.2 38 37.8 37.4 37.1 37 37.3
11.8 10.2 12.2 12.7 13 13.2 12.8 13.5 13.8 12.6 12.4 12.7 12.4 13.6 13.7 13.8 14.2 14.5 14.8 14.4 14.3 14.4 14.3 13.8 14.5 15.4 16.1 16.5 16.7 17.2 16.8 16.4 16.4 16.9 17.2 17.4 17.4 17.5 17.6 17.8 18.2 19.7 20.6 21.4 21.8 22.3 24 27.3 28.5 29.1 29 28.7 28 27.7 27.2 25.7 25.2 25.4 26.4 26.8 27.2 27.4 27.6 28.1 28.5 28.4 28.5 28.9 29.4 29.8 30.6 31.5 31.1 32.1 32.1 32.8 33.8 35 36.2 36.1 35.9 35.6 35.6 35.4 35.7 36
12.1 12.6 13.2 13.2 12.9 12.8 13.1 13.7 13.9 12.1 12.7 12.7 14 13.2 13.3 13.5 14 14.5 13.9 14.1 13.9 15.6 15.3 15.7 15.2 16.5 16.8 16.9 17.4 18 17.6 17.3 18 18 16.9 16.9 17.1 17.6 17.5 17.5 17.7 19.4 20.6 21.8 22.8 23.2 24.9 26.4 29.3 30.7 31.5 31.3 30.2 29.1 28.5 27.7 27.2 27.1 27.2 25.3 26.9 26.8 26.6 26.7 26.2 26.7 27.4 28.5 29 28.2 29.3 28.6 26.5 30.6 31.9 32.4 28.9 32.2 34.2 34.4 34.2 33.8 35 33.5 34.6 35.3
12.4 13.1 13.5 13.2 13 12.9 13.3 13.9 13.9 13.2 13.5 14.2 14.8 13.8 13 14.6 14.3 15.8 16.2 16.2 16.1 15.9 15.7 15.1 16.7 17.1 17.2 17.5 18.1 18.7 18.5 18.5 18.9 18.6 18.2 17.7 17.5 15.3 18.3 18.1 18.2 19.4 20.3 21.5 22.7 23.8 24.9 25.9 28 28.5 28.7 29.8 30.9 30.6 29.9 29.2 29.1 28.9 28.6 28.5 27.7 27 27.6 27 27 27 27.4 28.5 28.5 29 29.5 30.6 31.5 32.2 33.6 34.3 35.1 34 34.2 35.6 36.8 37.2 37.4 37.5 37.2 37
12.7 13.2 13.4 13.3 13.5 13.2 13.5 13.8 11.8 14.1 15.2 14.7 14.4 13.6 14.8 14.9 15.5 16.4 16.6 16.5 16.4 16.1 15.9 15.9 16.9 17.5 17.7 18.2 18.8 19.4 19.5 19.8 19.5 19.3 18.9 18.2 18 18.2 18.3 17.1 18.8 19.4 19.9 21.2 21.5 22.8 24 25.3 25.9 26.4 27.1 27.6 28.8 29.9 30.1 29.4 29.2 29.4 29.5 29.1 28.1 27.1 27.7 27.5 27 27 27.7 30.6 30.4 30.1 31 32 32.9 33.9 35.3 36.6 37.6 38.1 38.5 38.7 38.8 39 39.5 38.7 38.5 38.1
12.6 13.1 13.3 13.4 13 12.8 12.8 11.5 13.2 13.7 15 14.9 14.5 15.1 15.7 15.9 16.5 17.2 17 16.8 16.9 17.1 17.2 17.4 18.7 18.4 18.7 19.1 19.7 20 20.6 20.7 20.4 20.2 19.5 18.8 18.7 19.1 19.3 19 19.1 19.4 19.6 19.5 20.5 21.7 22.6 23.2 24.6 25.6 26.4 26.9 27.4 28 28.9 29.6 29.4 29 28.6 28.3 28 27.5 27.8 28.5 28.2 30.5 31.2 32.7 32.6 32.2 32.7 33.6 34.2 35.5 36.9 38.3 38.7 38.9 39.5 40 40.6 40.9 41.5 40.6 39.6 39.2
12.3 13 13.2 13.3 13.6 13.9 13.7 15.1 12.5 13.8 15.3 15.8 16.1 16.7 17.2 17.2 17.2 17.7 17.9 18.2 18.3 18.5 18.6 19.2 19.8 19.6 18.3 19.9 20.1 20.7 21.6 21.7 21.3 20.8 20.5 20.6 20.7 20.6 20.6 20.5 20.5 20.3 19.2 19.7 21.2 20.1 20.5 21.2 23.7 24.6 25.4 25.9 26.2 26.7 27.5 28.3 28.7 28 28.5 28.3 28.1 28 28.9 31 32.6 33.5 34.1 34.5 34.9 35.1 34.9 35.4 36.3 36.8 37.9 38.7 39.6 39.7 40.3 41 41.9 42.3 43.1 42.3 41.2 40.4
12.3 12.9 12.3 13.3 13.2 13.6 16 17.3 17.3 15.8 15.6 17.2 17.5 17.8 18 18.1 18.2 18.5 19 19.4 19.8 19.9 20 20.7 21.1 20.9 20.1 20.2 20.6 21.4 22.4 22.9 22.7 22.7 22.8 22.9 23 23.2 23.8 23.7 23.5 23.4 22.1 23.3 23.3 22.8 20.8 19.6 22.7 23.1 24.2 24.7 25 25.5 26.2 27.2 27.1 28.3 29.3 29.8 29.9 30 31.2 33 34.2 35.2 35.8 36.2 36.6 36.7 36.7 36.9 37.8 37.8 38.4 39.2 40.1 40.5 41.2 42.1 43.1 42.9 43.3 44.2 42.7 42
17.1 16.7 16.5 16.7 15.2 17 17.6 17.8 17.6 17.6 17.7 17.3 18.3 18.5 18.7 18.9 19 19.4 19.9 20.4 20.9 21.3 21.5 22 22.4 22.3 22.9 23 21.9 19.9 22.6 23.6 24.1 25.2 25.4 25.6 25.7 26.3 27.2 28.1 28.5 28.2 27.5 24.9 24.9 24.5 24.1 23.3 21.4 18.9 22.9 23.2 23.8 24.4 24.5 24.9 25.9 26.3 28 29.7 31.6 32 33.2 34.1 35.9 36.8 37.5 37.9 38.2 38.3 38.3 38.3 38.7 38.6 38.8 39.7 40.5 41.4 42.3 43.2 44.2 42.7 43.1 44.5 44.4 43.4
17.9 18 18 18.2 18.4 18.3 17.7 17.8 17.8 17.8 17.8 17.8 18.7 19 19.3 19.5 19.8 20.3 20.8 21.3 21.8 22.2 23 23.4 23.8 24.4 25.5 25.9 26 26.1 22.9 24.7 27.1 27.8 28.2 28.5 28.8 29.6 31.1 33.1 33.4 33.4 32.1 29.6 26.6 26 26.2 25 23.7 23 22.2 22.2 21.7 22.7 21.6 22.6 21.3 23.5 26.1 28.3 30.7 32.6 34.2 35.2 36.5 37.5 38.3 38.9 39.3 39.3 39.2 39.2 39.2 39.4 39.5 40 40.5 40.5 40.9 41.7 42.6 41.7 43 43.4 42.9 42.2
18.5 18.2 17.9 18 18.2 18.2 17.8 17.9 17.9 17.9 18.2 18.4 19 19.2 19.5 19.7 20.4 20.8 21.3 21.8 22.2 22.8 23.8 24.8 25.3 26 26.7 27.1 26.9 28.2 23.7 25.2 28.7 29.7 30.2 30.6 30.9 31.8 32.9 34.3 35.6 36.7 36.8 34.9 32.2 29.7 28.6 26.9 25.9 25 24.4 24.2 24 23.7 23.8 24.4 24.6 24.3 24.7 25.8 28.6 31.4 32.9 34.6 36.1 37.2 37.9 38.5 39.1 39.3 39.3 39.1 39 39.1 39.1 39.4 39.4 39.4 39.7 40.2 40.8 41.2 41.3 41.2 40.8 40.1
18.4 18.1 17.8 17.9 18 17.9 18 18.1 18.3 18.4 18.6 18.7 17 19.4 19.6 19.8 20.7 21.3 21.8 22.2 22.7 23.7 24.6 25.7 26.7 27.4 27.9 28.7 29.4 29.5 28 24.1 28 30.2 31 31.8 32.3 33.3 34.2 35.2 36.4 37.1 37.4 36.9 36 34.4 32.7 30.6 28.7 27.3 26.5 26.1 25.9 25.8 25.7 25.9 26.6 25.9 25.7 25.8 25.2 30.1 31.6 33.1 34.2 35.3 36 36.7 37.4 38 38 37.5 37.5 37.8 38.1 38.3 38.3 38.3 38.5 39 39.2 39 39.2 38.9 38.5 38.1
18.3 18 17.7 17.7 17.7 17.8 18 18.2 18.3 18.5 18.6 18.8 19 19.4 19.4 20 21 21.7 22.2 22.7 23.5 24.5 25.5 26.5 27.7 28.6 29.2 29.8 30.4 30.3 29.7 27.6 26.2 30.7 31.2 31.7 32.1 33 33.8 34.4 35.4 36.1 36.7 36.9 36.5 36 34.5 33 31.5 29.7 28.9 28.3 27.9 27.8 27.8 27.8 28.8 28.8 28.8 29.7 27.6 26.8 29.6 30.9 31.9 32.6 33.4 34.1 34.7 35 35.8 35.9 36.1 36.4 36.8 37.2 37.2 37.2 37.4 37.5 37.6 37.5 37.4 37 36.7 36.5
16.3 17.3 17.6 17.5 17.7 17.9 18.1 18.3 18.4 18.6 18.7 18.9 19.1 19.5 19.5 20.2 20.9 22 22.7 23.4 24.4 25.4 26.5 27.8 28.8 29.6 30.3 30.9 31.3 31.2 31.1 30.8 27.2 28.1 31.1 31.3 31.8 32.7 33.3 33.8 34.4 35.1 35.9 36.5 36.2 36.3 36 34.9 33.6 32.3 31.3 30.5 30.3 30.2 30.1 30.2 30.7 31.2 31.5 31.5 29.6 27.2 26.7 26.1 29.4 29.9 30.7 31.4 31.8 32.2 33.1 34 34.7 35 35.5 36.1 36.1 36.2 36.5 36.8 36.7 36.5 36.5 36 36.1 36.2
16.4 17 17.5 17.7 17.8 18 18.2 18.3 18.5 18.7 18.8 19 19.2 19.7 20.9 20.5 21.1 22.1 23 24.4 25.4 26.4 27.6 29 29.8 30.7 31.4 32 32.1 32 31.6 31.4 30.9 27.3 28.9 31 31.5 32.1 32.5 33.1 33.9 34.5 35.2 35.8 35.8 36.2 35.9 35.7 35 33.7 32.9 32.7 32.7 32.6 32.6 32.7 33.2 33.7 33.9 33.7 31.9 29.5 27.5 29 28.4 28.4 29.5 27.8 29.7 30.1 31 32 33 33.6 34.3 34.9 35.1 35.2 35.6 36.1 36 35.7 35.7 35.6 35.7 35.8
16.9 17.4 17.7 17.9 18 18.1 18.2 18.4 18.6 18.7 19.1 19.6 19.9 20.2 20.8 21.4 21.5 22 23.3 24.8 26.3 27.4 28.8 30.1 30.8 31.7 32.5 33.1 32.9 32.5 32 31.7 31.4 30 26.9 29.8 30.8 31.1 31.5 32.7 33.3 34 34.6 35.1 35.5 36.1 35.9 35.6 35.4 35.2 35.2 35 34.9 34.9 35 35.3 35.7 36.1 36.2 36 33.8 31.4 30.4 29.8 29.1 29.3 29.1 29.1 29.4 29.2 29.8 29.9 31 32 32.5 33.3 34 34.3 34.8 35.4 35.4 35.4 35.4 35.4 35.4 35.5
