ny/ny68_OST50GRID_20230518/NY68.asc
ncols 200
nrows 200
xllcorner 360000
yllcorner 580000
cellsize 50
[rows 140 to 174 of 200, columns 78 to 155 of 200]
319.1 319.6 321 322.2 323.8 323.8 327.8 328.2 330.5 331.9 335.4 337.4 337.1 339.3 341.7 344 344.7 346.1 347.2 348.1 347.6 347.6 346.6 345 339.9 330.5 341.1 347.2 354.3 357.7 358.9 360 362.4 363.5 364 364.5 366.2 369 367.1 362.3 359.1 358.1 351.5 346.3 341.2 337.7 336.2 334.5 333.2 334.8 338.1 342.6 345.6 348.5 351 352 352.4 352.7 351.5 351.1 349.3 345 343.7 342.4 346.7 344.3 342.8 338.3 341 341.7 341.1 337.6 333.7 332.3 331.5 329.1 326 321.9
330.5 328.7 330.8 331.1 331.5 332.3 332.5 330.9 337.1 340.8 341.8 343.8 348 351.6 351.1 349.8 350.2 352.2 351.7 351.8 351.3 352.9 355 353.2 347.1 335.4 350.5 358.4 362.6 364 364.7 365.4 367 367.6 367.4 370 371.9 371.4 370.1 366.9 364 362.2 357.9 352.6 347.2 342.3 338.5 336.4 335.5 334.6 337.3 340.6 344.6 347.5 349.9 351.5 352.5 353.9 355.5 355.7 354.3 350.9 347.9 342.7 338 337.8 338.2 336.7 331.8 333.5 333.7 331.9 328.5 326.3 326.7 325.4 323.9 321.6
340.9 340.3 339.9 339.7 339.1 339.4 338.1 336.6 341.8 345.2 348.4 352.5 357.6 361 360.7 357.2 356.2 358.3 358.9 354.7 357.8 359.7 360 359.8 353.6 342.2 359.8 363.7 367 369.6 372 374.4 374.5 375.1 374.9 378.3 379.8 378.6 376.4 372.8 369.8 366 361.4 356.4 351.2 345.8 341.1 338.2 337.3 335.9 335.5 338.5 344.4 348.2 350.7 354.7 358.2 360.4 361.4 360.2 358 355.1 352.2 348.1 343.2 337.8 331.9 327.1 324.3 324.2 324.5 324.8 324.5 323.4 321.8 320.9 321.7 320.1
348.7 346.2 344.9 346.1 346.5 344.9 342.8 342.1 346.4 352.7 357.9 360.8 363.5 367.6 366.8 365.2 365.7 367.2 368.4 367.5 367 369.2 369.5 367.5 361.7 350.2 367.2 370.4 373.7 374.2 377.9 380.8 381.5 382.9 381.9 383.4 383.1 381.8 379.1 375.8 372.3 367.9 362.9 358.1 352.3 347.2 343.3 340.3 338.3 336.5 336.7 338.3 342.9 350 354.7 359 363.1 367.3 366.2 363.5 360.1 357 354.6 350.7 345.5 340.6 335.1 326.7 322.2 320.7 319.8 318.7 318.1 318.3 318.4 319.5 317 313.4
355.3 351.7 347.4 349.6 350.6 349.1 346.6 348.7 356.3 359.8 366.8 370.9 372.2 374.2 373.4 372.7 373.3 373.8 375.4 374.9 375.5 377.1 376.7 373.9 369.7 362.4 372.6 376.6 379.4 382.1 383.1 386.6 388.5 387.2 385.4 383.6 382.6 381.9 380.3 376.4 371.7 366.7 362.5 357.9 352.5 348.5 345.7 343.1 339.9 339 337.3 337.3 344.1 352.5 357.7 360.1 365.1 368.8 367.6 364.9 361.4 356.5 353.4 349.6 344.6 339.3 334 330.2 326.2 322.9 322.2 320.9 318.5 316.1 314.9 313.7 314.9 321.6
361.6 357.4 353.9 354.5 355.4 354.9 355.5 356.5 360.8 365.9 370.2 376.8 380.6 380.8 379.1 377.7 380.6 381.7 382.2 383.6 383.4 383.3 381.5 379.2 376.7 370.6 373.5 380.9 385.5 391.5 393.2 392.7 390.7 389.4 386.4 384.3 382 380.6 379.3 374.7 369.3 363 358.6 355 352.2 349 346.4 343.7 341 341.1 339.1 338.5 347.9 356.7 361.4 364.7 367.6 368.9 366.4 362.5 357.9 354.3 350.2 344.7 337.2 332.2 328.9 325.3 324 322.3 320.8 319.2 319.2 319.3 318.5 324.9 328 329.8
367.9 363.2 361.1 362.5 364.3 365.6 364.9 366.4 368.6 371.9 374.6 379.8 385.5 386.9 385.2 384.6 387.7 389.8 390.6 391.5 391.2 389.4 386.5 385 382.6 377 374.6 385.2 394.6 396.1 396 395 392.5 390.7 387.5 385.4 383.2 379.5 374.4 370.4 365.2 359.6 358.7 354.9 351.1 348.8 345.3 345.3 344 344.5 343.5 342.2 350.1 360.1 365 367.8 368.7 368.1 363 356.1 350.9 348.8 345.6 338.6 338.8 337.2 329.4 328.8 325.7 324.2 322.7 322.4 322.4 320.4 326.6 330 334.2 336.2
374.3 369.6 370.1 370.3 370.4 372.4 373.3 375.7 377.6 380.2 382.8 385.7 390.6 391.1 391.3 390.4 393.4 396.1 398.8 399.7 398.3 394.8 394.3 391 385.5 381.9 375.5 391.1 394.6 396.7 397.9 396.6 395.1 392 388.5 387.8 384.4 378.9 374.4 372.7 370.6 369.6 370.1 369.9 367.1 362.4 358.1 352.9 348.8 348.5 348.5 346.6 350.2 359.5 365.6 368.1 368.7 366.5 359.7 360.1 358.5 351.3 347.2 344.5 343.6 339.8 334.1 335.6 335.4 334.6 334 331.8 327.4 321.4 333.9 336.7 339.2 340.9
380.7 376.4 375.8 376.6 377.8 379.4 381.8 383.3 385.4 387.5 390.8 393.9 396.5 396.9 396.6 394.9 397.9 400.7 403.3 405.7 403.9 402.8 401.1 395.9 390.2 387.2 382 384.3 395.8 399.1 400.5 401.1 400.1 397.6 393.6 389.7 384.9 382.1 382.5 381 380.1 379.7 379 377.1 375.3 371.6 367 362.4 357.7 353.9 352.3 351 351.4 359.7 365.6 368.9 369 364.2 360 365.7 364.9 360.1 354.7 350.8 347.4 343.5 342 343.4 344.4 344.6 343.4 340.9 338.3 331.7 337.5 342.6 344.3 346.2
386.8 383 381.8 382.7 385.1 387.5 389.1 390.3 393.2 395.9 399.2 401.2 404.9 405.8 402.5 402.3 403.1 406.2 407 411.6 412.9 412.4 413.7 411.2 399 395.2 390 385 399.1 403.4 406.1 407.3 406.7 404.5 401.3 396.5 392.2 390.2 389.5 388.9 387.9 386.7 384.8 382.8 381 377.7 373.3 368 363 368.9 365.6 362.2 361.2 362.2 366.8 370 368 362.6 369.9 369.4 368 363.9 359.5 356 350.3 347.3 345.7 348.1 348.6 347.6 345.6 342.9 340.2 327.8 339.3 344.4 349 353.5
392.1 390.3 388.5 390.6 393.9 395.3 395.8 398.2 400 404.9 408.2 410.4 411.9 413.9 408.6 410.5 412.8 412.7 415.5 418.4 419.6 421.6 420.8 417.2 412.9 405 398.9 390.4 401.7 407.2 410.3 411 410.4 408.7 405.6 403.7 400.1 397.8 396.4 394.8 393.7 392.1 389.6 386.8 384.7 381.6 375.2 375.7 379.3 378.6 375.1 372.4 370 367.8 368.5 370.6 366.4 372.3 373.4 372.9 370.4 367.6 363.1 359 355 351.5 349.9 348.4 349.5 347.3 343 338.3 335.4 329.7 338.4 345.7 353.6 356.2
396.6 396.5 396.3 398.8 400 400.9 403.4 407.7 411.5 413.8 417.5 419.1 420.5 421.5 418.3 418.8 420.2 422.1 422.9 423.8 423.4 426.4 425.1 421.4 417.3 411.2 406 398 407.5 411.7 413.6 413.4 412.5 411.9 409.9 407.6 405.1 403.2 401.7 399.6 397.8 395.9 392.8 389.7 387.7 387.7 385.2 385.2 384.9 383.9 382.3 378.6 376.8 375.2 372.9 371.7 370.9 374.2 377.5 374.6 372.4 370.4 365.3 361.4 357.7 355.1 353.4 350.2 350.8 348 342.7 337.4 333.7 334.3 344.6 353 356.6 357.5
409.2 408.1 407.9 408.4 410.1 409.7 415 419.1 422.5 425.2 427.2 428.6 429.2 429.9 429.5 428.7 429.6 429.5 428.6 427.2 426.8 428.1 428 424.5 419.6 415.9 411.1 403.4 412.7 416 416.5 416 415.1 413.9 412.6 410.5 408.6 407.2 406 404.6 401.7 399.4 396.3 392.7 392.1 390.2 390.6 390.5 389.5 387 384 379.6 377.3 376.9 375.7 373.9 373.4 376.1 376.7 375.6 374.3 370.7 367.2 364.3 360.1 356.4 354.9 352.1 352.1 349.4 342.9 336.5 334.9 341.8 351.4 357.5 359.8 364.1
422 422.3 421.6 419.9 422.7 424.8 425.1 428.8 431.5 433.4 433.8 436.2 436.8 436.8 436.2 435.9 436.7 435.9 436 435 435 434 431.8 427.8 422.5 419.8 414.7 415.3 418 419 419.2 418.5 417.1 415.5 414.7 413 411.6 410.8 409.2 407.6 404.3 400.9 399.9 397.9 395.5 393.5 393.6 392.7 390.7 386.8 381.3 377.8 376.2 375.5 374.9 373.5 374.7 376.7 378.3 377.2 375.1 372.2 369 365.5 362.1 358.1 356.2 355.2 354.2 350.9 344.5 334.2 340.6 349.3 357.5 363.5 368.8 369.7
426.2 428.2 427.4 426.7 430.2 431.2 431.9 433.8 436.5 437.7 438.3 439.7 440.1 441.2 440.6 441.4 443.5 444 445 446.9 443.4 438.8 434.9 431.9 427.3 423.1 420.2 420.7 421.9 423.4 423.9 422.1 419.5 417.7 416.2 414.5 413.3 412.9 411.4 408.1 405.2 403 401.5 400.1 398.2 397.3 395.5 393.3 390.5 382.2 376.7 375.4 375.1 374.9 374.9 374.9 375.9 377.6 379.3 378.8 376.4 372.9 369.4 366.6 364 360.2 357.7 356.3 354.7 351.4 345 337.7 347.3 355.7 364 370.2 374.4 380.5
428.3 431.8 430.4 431.9 434.8 436.8 436.7 437.4 439.8 440.5 441 441.2 443 444 444.7 448.1 453.5 454.6 453.6 450.5 447.8 442.8 438.6 435.8 432 427.4 426.5 427.6 428.4 427.9 428.7 426.7 424.7 421.5 418.3 416.9 415.6 414.5 413 409.3 405.3 406.2 405.9 404 401.6 400 397.9 395.5 390.9 381.7 381.7 379.7 379.7 380.3 377.7 378.6 379.4 380.5 379.8 378.8 375.6 373.2 369.7 367 364.8 361.5 360.4 357.5 354.3 350.8 345.9 342.9 351.4 359.6 369.1 374 380 388.7
433.7 437.2 435.1 435.5 438.6 441 441.7 440.6 442.2 442.3 442.9 444.2 446 449.2 453 458.1 457.3 456.4 454.3 452.6 449.7 446 444.5 442.9 437.9 436.6 435.5 434.9 433.7 433.2 432.6 431.1 429.6 426.1 422.5 421.2 418.4 416.3 414.2 411.2 408.8 409.2 407.9 406.6 403.3 402.5 400.8 398.8 394.1 388.8 387.6 388.8 388.1 387.1 385.5 384.5 384.3 383 380.8 377.8 374.4 372 369.6 366.8 366.2 364.7 362.5 359 354.4 350 345.8 347.1 356.3 364.2 373.4 379.9 388.3 389.6
442.3 443.9 442.9 443.1 444.4 445.6 445.5 444.5 444.4 446.5 448.8 451.3 453.2 457.6 461.2 460.8 460.2 459.5 456.8 454 451 450 448.6 447.4 445.7 443.9 441.5 440.5 439.3 437.6 435.5 433.2 432.1 429.4 426.2 424.4 421.7 420 418.3 416.3 413.5 411.1 410.1 409.6 407.7 404.5 403 402.3 398.5 396.7 396.2 398.5 395.9 393 390.6 388.6 387.4 384.3 381.3 377.8 375.5 373.1 371.4 369.9 367.8 365.5 362.3 358.5 354.2 350.1 344.1 353.3 360.5 369.6 378.7 388.6 391.2 390.5
446.7 448.7 449.6 452.1 452.5 451.3 450.1 448.7 451.7 453.6 456.7 459.5 462.4 464.7 465.2 463.8 462.7 461.9 460.1 457.2 453.7 453 451.3 449.5 450 448.6 447.6 446.1 443.9 441.5 438.8 435.3 433.3 430.9 429.1 427.3 425 422.9 421.5 420.5 417.1 414.4 413 411.6 410 407.5 406.4 405 404.1 404.1 404.5 402.8 400 396.9 393.7 392 390.1 386.4 381.8 379.5 378.2 375.5 373.7 372.5 370.1 367 362.5 357.4 352.7 346.6 348.8 356.2 363.8 372.5 383.4 390.5 392.7 391.9
450.8 452.8 454.2 455.8 458.2 459.1 459.2 461.1 462.7 464.2 465.8 467.7 468 467.9 466.6 466.5 464.9 464.5 462.1 459.3 457.2 454.7 453.3 453 452.9 452.2 451.6 450.1 447.9 444.7 442.5 438.6 434.6 432.3 431 429.3 427.3 425.5 423.9 421.7 420.6 417.7 414.9 412.7 410.6 409.3 408.7 409.4 410.6 411.3 409.9 406.5 403.2 399 395.8 393.8 392.3 388.6 385.3 382.2 379.6 377.7 376 374.7 373.4 368.9 363.3 357 351.8 351.9 357 359.9 366.2 375.3 387.1 392.5 393.8 393.5
452.4 456.6 458 458.8 461.5 462.2 464 465.6 467.3 468.2 469.9 470.1 468.8 469.5 469.5 470 471 470.6 468 465.1 460.9 459.3 456.6 457 456.4 455.9 455.2 452.9 449.5 446.2 444.5 439.5 435.8 432.6 431.2 430.1 429 427.7 426.2 424.8 423.8 422.1 419.7 416.3 412.8 411.2 412 414.2 415.8 415.5 413.2 409.7 404.6 400.6 398 396 394.1 390.1 387.5 384.2 381.5 379.2 377.9 376.9 375.6 372.5 367.7 359.7 354.8 357.5 361 363.3 369.1 378.8 388.8 393 394.7 394.9
456.1 457.9 459.8 461 463.9 464.9 465.2 467.3 468.9 471.9 472.5 470.8 471.9 472.1 473.3 474.4 474.6 474 471.7 469.2 466.8 464.8 461.3 459.5 459 458.4 456.5 453.7 450.6 447.3 443.8 439.3 435.8 432.5 431 429.4 428.7 428.4 427.9 427.3 426.7 425.1 422.5 419 414.8 414.3 414.6 418 419.4 417 415.9 411.5 405.9 401.6 399.8 398.2 395.6 391.9 388.9 386 383.7 381.1 379.2 378 376.8 374.4 371.1 366.5 359.5 360.3 363.9 366.1 372.5 381.5 390 393.9 395 395.5
459.4 460.7 461.7 462.4 464.2 467 466.5 469.2 470.5 472.5 474 475.3 476.2 477 476.6 477.2 476.6 475.1 473.7 472.1 468.8 467.5 465.7 463.3 461.7 459.4 456.6 453.3 449.9 447.4 443.8 440 438.2 434.2 430.4 429.7 429.1 428.4 427.6 427.1 426.8 425.4 422.8 419.1 416.5 415.9 416.8 418.8 420.1 419.1 416.6 412.9 406.5 402.3 400.8 399.5 397 394.5 391.4 388.1 385.1 382.9 380.5 378.2 376.9 375.1 372.3 369.1 365.3 358.7 361.5 366.6 374.1 383.6 390.9 394.7 396 396
458.4 460.3 462.8 463.4 465.3 467.6 468.1 470.6 473 476.5 478.6 479.7 480.3 479.9 479.7 479 477.6 476.1 473.7 472.5 471.1 469.1 466.8 465.1 463 460.4 456.8 453.3 448.6 445.6 443 440 438 433.4 430.3 429.5 428.6 427.5 426.7 426.5 426.4 425.2 422.4 418.7 417.7 417.2 418.3 420 420 417.6 414.7 411 405.7 402.7 401.9 401.3 399.8 397.2 394.2 391.1 387.8 384.7 381.8 379.3 377.5 374.6 372.4 369.5 365.5 361.3 361.9 369.5 377.1 385.6 392.3 396.2 396.2 396
457.4 461 462.3 465.4 467.2 468.5 470.5 474.4 478.2 484.4 487.4 480.5 481.1 481.5 480.7 480.2 478.9 476.7 474.4 473.4 471.7 469.5 467.2 464.9 462.6 459.2 456.4 452.9 448.2 444.7 441.6 439 436.1 432.7 430.1 429 427.9 426.8 425.9 425.3 424.9 423.4 420.4 418.2 416.5 416.9 418 419 418.9 417.3 413.5 409.3 402 400.7 401 402.1 402.2 400.2 397.2 393.8 390.5 387 383.6 380.6 378 375.2 372.8 369.5 365.9 360.6 365.7 372.9 380 386.1 392.2 396.3 397.3 395.7
460.6 463.6 464.8 465 467.5 470.5 473.2 476.7 481 486.6 488.9 488 481.7 481.3 480.7 479.4 480 477.2 475.7 474.9 472.2 469.5 466.6 465 461.5 457.9 454.3 450.3 447.4 442.8 439.6 437.6 435.6 433.5 430.3 428.6 427.2 426.1 424.2 421.8 422.6 422.5 419.6 417.4 415 416 417.3 418.1 417.8 416 412.5 408.4 400.2 400 400.1 402.1 402.8 402.3 399.9 396.6 393.1 389.6 386.2 382.8 379.3 375.9 372.9 369.9 365.6 361 366.1 373.4 379.7 385.7 391.5 395.1 397 396.3
462.9 463.9 465.5 466.6 468.6 472 474.1 478.3 479.7 483.2 485.7 484.7 481.3 479.8 478.6 477.6 477.2 478.2 476.2 474.2 472.1 469.7 467.3 464.5 460.6 455.6 451.8 447.7 444.4 441.4 439.2 437.1 435.9 434.3 431.1 428.9 427.4 425.7 424 421.1 420.4 420.2 417.8 416.5 415.5 414.2 416.3 417.3 416.5 414.3 410.6 406.3 399.3 398.9 398.9 400.9 402.5 402.4 401.1 399 395.7 392.4 388.5 384.5 380.4 375.8 372.1 368.3 364.9 362.1 363.9 370.5 377.5 384.5 389.7 392.3 393.4 390.7
463.5 465.2 466.6 468.2 470.9 472.6 475.4 477.4 478.9 480.6 481.2 480.5 478.7 477.4 476 474.9 474.2 475 475.6 473.7 471.2 468.9 466.4 464.2 461.1 456.4 450.7 444.9 442.1 439.5 438.3 436.6 435.5 433.8 431.6 430.3 427.4 426.1 424.8 423.1 419.4 418.5 415.8 415.1 414.1 413.7 414.8 415.9 414.6 411.5 406.7 401.4 398.1 397.9 397 398.4 401.1 401.7 400.5 399.2 397.2 393.9 389.9 385.5 380.7 374.6 370 366.4 363.2 362.6 364.3 369.7 378.1 383.9 386.9 388.4 387.4 384.7
465.1 466.7 468 470.4 472.5 474.4 475.5 477.5 479.4 480.6 479.8 478.8 477 475.3 473.8 472.9 473.2 473.4 473.1 470.2 469.3 466.4 463.8 461.9 459.4 456.5 452.8 446.8 442.1 439 435.7 434.8 434.5 433.4 432 431.1 429 426.2 424.9 423.2 421.4 419.2 416.2 415.6 414.3 412.4 412 412.9 412.5 410.1 404.4 397.8 396.5 395.9 394.5 395.8 399 400.4 399.2 397.8 396.1 394 390 385.3 379.8 374.5 369.2 366.7 366.2 365.7 366 372.4 378 382.6 385.1 384.3 380.7 378.1
466.1 469.4 471.8 474.1 476.2 477.2 477.5 479.1 479.3 478.4 477.3 476.2 473.9 473 471.9 471.4 471.7 471.8 469.9 468.2 466 463.2 460.5 458.4 456.5 453.7 452.2 448.8 444.5 439.8 436.2 433 432.8 431.8 431.7 430.7 428.7 428.8 425.8 422.4 420.7 419.2 418 417.4 416.9 415.3 413.1 408.4 407.6 406.7 400.8 396.2 394.5 393.8 394.8 394.6 393.5 398.7 397.1 395.7 393.7 391.8 388 382.6 377.3 371.9 368.2 367.7 367.4 367 369.9 375.7 379.9 382.4 381.8 379.1 375.9 372.7
469.7 471.4 474.6 476.5 478.2 478.6 479 478.9 478.1 477.1 475.6 472.9 469.1 470 469.7 470.1 468.8 468 467 464.2 460.5 457.8 456.7 454.8 453.1 451.1 449.7 447.5 444.2 439.6 435.9 432.3 431 430.8 430 429.3 428.8 428.7 428.9 424.9 419.2 417.7 417.8 417.5 417.5 417.9 416.3 414.3 407 401.1 400.3 398.2 398.9 397.9 398.7 399 390.6 394.1 395.6 393.4 390.8 388 384 378.8 374.1 370.7 368.9 368.4 368.1 369.5 374.8 377.4 380.2 380.9 379 376 370.8 366
472.5 473.8 475.4 478.5 478.7 478.9 479.2 479 478 476.6 475.1 471.9 470.5 467.8 467.2 467.4 467 463.9 462.6 459.9 456.7 453.9 451.3 449.2 447.6 446.4 445 443.3 440.1 437.4 434 431.6 429.9 429 428.4 427.9 428.4 429.8 429 425.4 418.4 412.4 413.4 413.9 415.8 417.2 417.1 414.8 409.1 403.3 404.4 403.3 404.5 404.3 405.8 404.4 399.8 390.3 381.2 391.3 388.3 384.1 380.5 375.8 372.3 370.6 369.8 369.3 368.8 372.9 376.9 377.8 377.7 377.8 376.5 373.4 368.5 363.1
475.5 476.6 478.5 479.8 480 479.8 479.5 479.7 478.1 476.8 474.6 472.3 469.8 467.1 465.1 463.3 463.3 459.7 458.2 456.6 453.5 450.1 448.1 445.8 444.9 442.9 441 439.4 436 433.3 431.6 430.7 429.1 426.9 426.8 425.2 424.2 426.1 425.9 422.3 414.6 407.6 406.3 406.2 409.2 412 414 412.6 408.5 402.8 406.1 407.9 406.4 406.3 406.4 406.3 402.7 397.2 384.9 383 386.9 382.2 378.3 374.8 372.2 371.2 370.1 369.6 369.8 372.9 376.6 376.1 374.8 373.6 371.6 369 365.4 360.3
478.5 479.7 480.9 481.1 481.4 481.1 480.8 480.3 478.4 476.1 472.2 469.2 466.7 464.2 462 461.1 459.3 455.4 452.9 451.6 449 444.7 444 443.3 441.7 440 438 435.3 432.4 430.4 428.2 427.7 426 425.9 424.8 421.1 422.6 420.7 420.6 416.3 408.1 405.2 404.3 404.2 403.4 404.2 407.6 408.9 407.1 404.7 406.7 409.3 407.7 407.4 406.4 404.5 400.1 394.2 387.4 373 383.3 380.3 377.5 376.7 372.4 371.1 370.5 369.6 368.9 371.9 374.7 372.9 370.9 368.7 366.8 363.2 359.8 356.4
480.7 482.7 483.8 484.5 483.6 483 483 484.1 480.7 476.3 470.6 465.1 461.6 458.5 456.5 456.6 455.2 450.7 448.4 446 445.1 441.2 440 440.2 439.8 438 435.4 433.9 431.9 428.3 426.3 424 422.3 421.9 423 423.5 422.4 418.7 414.9 410.4 404.8 404.4 403.6 402.8 402 403.1 404.6 405 406.5 404.5 405.3 407.5 408.2 406.5 404 400.6 395.1 388.5 383.1 368.9 375.5 374.5 373.8 375.2 375.7 372.6 370.5 369.6 366.9 369.2 372.9 370.6 366 362.3 360.7 358.2 353.8 349.3
