ny/ny68_OST50GRID_20230518/NY68.asc
ncols 200
nrows 200
xllcorner 360000
yllcorner 580000
cellsize 50
[rows 35 to 69 of 200, columns 78 to 155 of 200]
338.6 339.8 338.2 337.5 336.3 335.5 333 329.3 324.9 320.6 316.9 311.4 304.4 298.5 291.9 286.6 278.9 270.5 264.7 264.2 258.7 247 237.2 237.2 237.1 236.3 232.1 227.3 218.1 219.4 216.2 213.1 209 206.6 199.6 192.2 191.8 192.3 191.2 188.5 182.6 182.6 182.6 182.6 182.6 182.6 182.6 182.6 182.6 182.6 182.6 182.6 182.6 182.6 182.6 182.6 182.6 182.6 182.6 182.6 182.6 182.6 182.6 182.6 182.6 182.6 185.3 187.3 185.9 185 182.9 182.6 182.6 182.6 182.6 182.6 182.6 182.6
338 340.6 339.6 336.6 334.3 332.5 330.8 328.4 326.1 322 317.3 312.1 306.8 301.6 297.1 290.3 281.9 271.2 266.5 258.6 257.5 250.4 241.5 232 226.7 226.9 226.5 222.2 217.8 211.1 209.5 208.1 207.2 203 201.4 196.8 188.8 186.4 184.7 185.4 183.6 182.6 182.6 182.6 182.6 182.6 182.6 182.6 182.6 182.6 182.6 182.6 182.6 182.6 182.6 182.6 182.6 182.6 182.6 182.6 182.6 182.6 182.6 182.6 182.6 182.6 182.6 182.6 182.6 182.6 182.6 182.6 182.6 182.6 182.6 182.6 182.6 182.6
338.1 341.3 342.2 339.7 336.2 333 330.5 327.1 324.5 322 318.7 313.9 308.1 302.7 290.9 289.6 285.9 281.1 275.6 266.5 253.6 254.5 249.9 244.6 236.3 229.9 224 217.8 215.4 215.2 210 200.8 205.7 194.5 191.1 188.7 186.4 184.4 182.7 182.6 182.6 182.6 182.6 182.6 182.6 182.6 182.6 182.6 182.6 182.6 182.6 182.6 182.6 182.6 182.6 182.6 182.6 182.6 182.6 182.6 182.6 182.6 182.6 182.6 182.6 182.6 182.6 182.6 182.6 182.6 182.6 182.6 182.6 182.6 182.6 182.6 182.6 182.6
339.7 343.2 345 343.9 341.7 336.7 331.9 327.4 323.7 321.1 317.8 314.5 309.9 304.9 302.7 298 290.5 284 277.7 270.1 262.1 249.5 246.2 247.1 243.5 237.9 231.3 228.3 224.8 219.7 212.3 210 208.9 206.3 202.3 198 191.8 188.3 182.6 182.6 182.6 182.6 182.6 182.6 182.6 182.6 182.6 182.6 182.6 182.6 182.6 182.6 182.6 182.6 182.6 182.6 182.6 182.6 182.6 182.6 182.6 182.6 182.6 182.6 182.6 182.6 182.6 182.6 182.6 182.6 182.6 182.6 182.6 182.6 182.6 182.6 182.6 182.6
342.9 344.8 346.2 346.7 344.5 340.6 335.1 330.6 325.7 321.8 318.2 315.6 313.5 310.9 307.2 301.9 295.5 289.7 283.2 276.2 265.4 255.4 248.9 241.1 238.3 238.4 235 229.7 225.2 221.7 218.3 214.2 209.7 205.6 201.9 199.5 197.5 195.6 191 182.6 182.6 182.6 182.6 182.6 182.6 182.6 182.6 182.6 182.6 182.6 182.6 182.6 182.6 182.6 182.6 182.6 182.6 182.6 182.6 182.6 182.6 182.6 182.6 182.6 182.6 182.6 182.6 182.6 182.6 182.6 182.6 182.6 182.6 182.6 182.6 182.6 182.6 182.6
346.6 346.7 346.4 346.6 345.6 343 339.7 334.8 330.6 325.5 320.9 317 314.6 311.5 308 303.9 298 289.8 283.1 277.7 271.3 266 260.1 253.4 246.6 237.6 233.3 232.2 228.7 225.1 221.8 217.7 213.2 208 205.5 200.6 197.6 193.8 186.3 182.6 182.6 182.6 182.6 182.6 182.6 182.6 182.6 182.6 182.6 182.6 182.6 182.6 182.6 182.6 182.6 182.6 182.6 182.6 182.6 182.6 182.6 182.6 182.6 182.6 182.6 182.6 182.6 182.6 182.6 182.6 182.6 182.6 182.6 182.6 182.6 182.6 182.6 182.6
346.6 347.1 345.9 344.8 344.4 342.7 341 338 334.5 330 325.2 320.5 316.5 312.4 308.8 305.2 299.7 295 288.5 283 276.2 270 263.1 256.3 248.3 242.1 234.2 231.9 230.7 227.3 222.3 218.3 212.8 208.7 203.7 197.8 191 186 182.6 187.4 185.3 186.7 183.2 182.6 182.6 182.6 182.6 182.6 182.6 182.6 182.6 182.6 182.6 182.6 182.6 182.6 182.6 182.6 182.6 182.6 182.6 182.6 182.6 182.6 182.6 182.6 182.6 182.6 182.6 182.6 182.6 182.6 182.6 182.6 182.6 182.6 182.6 182.6
347.4 349.3 348.5 346.7 344.9 341.8 340.1 337.7 335 331.9 329.4 324.9 320.6 316.2 311.6 306.6 302.1 297.5 293.3 287.2 279.9 271.9 265.5 260.2 253.8 245.5 240 232.9 226.3 223.7 226.6 221.8 216.6 212.8 207.7 199.6 191.9 182.6 189.8 194.9 191 188.3 186.3 182.6 182.6 182.6 182.6 182.6 182.6 182.6 182.6 182.6 182.6 182.6 182.6 182.6 182.6 182.6 182.6 182.6 182.6 182.6 182.6 182.6 182.6 182.6 182.6 182.6 182.6 182.6 182.6 182.6 182.6 182.6 182.6 182.6 182.6 182.6
348.3 350.3 350.5 349.9 348.6 345.8 342.7 339.1 335.3 332.7 330.6 328.3 324.5 319.6 314 309.4 305.2 299.3 293.6 286.8 280.8 277.4 270.5 263.8 258 252.3 245.7 233.4 235.4 223.7 215.3 218.9 215.9 210.6 211.8 200.7 192.5 193.1 198.8 195.6 193.6 191.7 188.6 187 187.5 182.6 184.8 182.9 182.6 182.6 182.6 182.6 182.6 182.6 182.6 182.6 182.6 182.6 182.6 182.6 182.6 182.6 182.6 182.6 182.6 182.6 182.6 182.6 182.6 182.6 182.6 182.6 182.6 182.6 182.6 182.6 182.6 182.6
352.5 352.6 351.9 351.3 350.4 348.6 345.5 342.2 338.1 333.5 330 327.4 324.9 322.2 317.7 313 307.7 301.3 295.8 290.6 286.4 280.9 274 267.8 259.3 247 241.6 246.3 243.4 237.5 232.1 217 205.7 214.5 210.6 196 190 202.3 200.2 199 195.3 192.2 191.9 189.8 182.6 186.4 190.6 193 193.1 189.4 185.6 182.6 182.6 182.6 182.6 182.6 182.6 182.6 182.6 182.6 182.6 182.6 182.6 182.6 182.6 182.6 182.6 182.6 182.6 182.6 182.6 182.6 182.6 182.6 182.6 182.6 182.6 182.6
359.1 357.7 353.5 354.3 350.9 348.9 347.3 344.6 341.2 337.4 332.4 328.2 325 319.2 319.3 314.6 310.4 305.3 299.1 292.5 286.7 275 263.3 260.6 256.8 255 255.1 251.1 246.3 240.9 235.2 228 217.2 205 195.9 200.4 206.6 203 201.5 200.2 198 194.1 193.9 196.7 197.5 197.4 193.5 193.6 194.2 192.3 189.6 184.1 182.6 182.6 182.6 182.6 182.6 182.6 182.6 182.6 182.6 182.6 182.6 182.6 182.6 182.6 182.6 182.6 182.6 182.6 182.6 182.6 182.6 182.6 182.6 182.6 182.6 182.6
356.1 357.6 358.3 355.6 353.9 351.9 349.2 346.8 344.1 341.3 337.8 334 330.4 324.2 316.7 308.8 305.3 296.6 287.8 284.7 280.2 277.9 275.9 272.3 268.1 265.2 260.7 255.4 251.2 246 239.2 232.7 221.5 214.5 208.5 210.3 211.7 206.4 205.2 203.2 202.4 199.6 197.6 203.2 206 205.8 201.9 194.9 191.4 190.8 189.6 185.6 182.6 182.6 182.6 182.6 182.6 182.6 182.6 182.6 182.6 182.6 182.6 182.6 182.6 182.6 182.6 182.6 182.6 182.6 182.6 182.6 182.6 182.6 182.6 182.6 182.6 182.6
352.4 354.2 355.3 355.6 354.6 353.3 351.3 348 345.4 343.1 341.3 339.3 336.3 332 325.5 317 308.6 304.5 302.5 297.4 292.7 288.8 284.9 280.1 274.9 268.7 263.8 259.1 254.6 248.7 241.7 234.5 227.2 227.1 219.2 214.4 212.5 212 211.5 210 208.1 205.5 202.4 208.9 212.8 212.2 208.6 202.9 196.3 190 187.9 185.4 182.6 182.6 182.6 182.6 182.6 182.6 182.6 182.6 182.6 182.6 182.6 182.6 182.6 182.6 182.6 182.6 182.6 182.6 182.6 182.6 182.6 182.6 182.6 182.6 182.6 182.6
351.7 353.5 354.6 355.6 355.3 354.9 352.7 349.7 347.1 343.8 343 342 340.6 337.8 333.1 326.6 319.7 313.6 308.6 303.7 298.9 294.1 289.2 284.1 278.2 271.8 265.3 259.3 253.3 247.3 240.8 232.5 232.9 234.9 234.2 224.8 218.4 218.7 218.5 214.7 213.3 212.7 207.1 214.6 217.1 216.4 212.9 208.5 202.5 194 186.9 182.6 182.6 182.6 182.6 182.6 182.6 182.6 182.6 182.6 182.6 182.6 182.6 182.6 182.6 182.6 182.6 182.6 182.6 182.6 182.6 182.6 182.6 182.6 182.6 182.6 182.6 182.6
353 353.3 354.7 356.5 357.4 357.6 355.2 352.3 349 346.7 345.1 344.1 343.2 340.6 338 333.6 327.7 321.2 313.8 306.5 301.1 295.9 290.9 285.7 280.4 274.4 267.3 260.9 253.3 247.1 240.7 233.8 237.4 239.9 238.4 234.9 226.2 220.7 223.8 221.3 218.1 216.4 216.6 219.1 220.2 219.3 216.1 211.7 206 198.2 189.5 182.6 182.6 182.6 182.6 182.6 182.6 182.6 182.6 182.6 182.6 182.6 182.6 182.6 182.6 182.6 182.6 182.6 182.6 182.6 182.6 182.6 182.6 182.6 182.6 182.6 182.6 182.6
356.5 355.6 356.5 359.4 360.6 359.1 357.1 354.1 351.3 349.6 348.1 347.3 344.8 343.1 340.9 337.7 332.6 327.1 320.3 312.8 306.2 300.7 293.2 287.8 282.5 277.2 270.7 264.1 256.1 249.4 245.6 240.2 243.3 245.5 244.6 240.8 233.7 227.1 223.8 223.5 221 218.9 219.3 221.7 221.6 220.9 218.3 214.5 208.4 200 189.9 182.6 182.6 182.6 182.6 182.6 182.6 182.6 182.6 182.6 182.6 182.6 182.6 182.6 182.6 182.6 182.6 182.6 182.6 182.6 182.6 182.6 182.6 182.6 182.6 182.6 182.6 182.6
362.3 359.6 358.7 360.9 361.1 359.3 356.9 354.3 353.3 351.8 350.1 349.9 348.2 346.2 342.9 339 335 329.4 323.6 316.9 311.8 305.2 297.3 290.1 285.1 279.5 273 266.1 260.2 254.1 248.5 243.5 248 248.4 249 245.5 240.2 233.2 224.8 223.5 222.1 221.5 222.5 223.2 221.8 219.5 217 213.7 208.3 199.1 189 182.6 182.6 182.6 182.6 182.6 182.6 182.6 182.6 182.6 182.6 182.6 182.6 182.6 182.6 182.6 182.6 182.6 182.6 182.6 182.6 182.6 182.6 182.6 182.6 182.6 182.6 182.6
366.4 364.9 363.6 362.1 359.5 357.6 355.7 355.2 354.2 352.1 352.2 351.1 350.2 348.9 343.4 339.7 336.3 330.4 323.3 318.2 313.1 307.7 301.2 295 287.7 282.7 276.6 268.9 263.8 256 249.8 247.6 250.5 251.7 250.2 246.2 242.1 236.1 229.4 225.2 224.2 226.4 227.2 226.6 223.2 218.7 214.7 211.6 205.6 198.1 189.4 182.6 182.6 182.6 182.6 182.6 182.6 182.6 182.6 182.6 182.6 182.6 182.6 182.6 182.6 182.6 182.6 182.6 182.6 182.6 182.6 182.6 182.6 182.6 182.6 182.6 182.6 183.8
365.4 365.4 365.1 362.4 358.3 355.4 354.9 354.3 350.7 351.3 351.9 352.3 351.5 350 346.6 342.9 336.4 331.4 324.3 316.9 311.4 306.4 300.9 295.7 290.1 284 276.6 271 265 259.9 255 249.5 250.5 250.4 248 244.7 242.4 236.5 230.5 227.8 226.6 229.6 231.6 231.6 228.9 223.5 215 209 203.6 197.2 190.4 182.6 182.6 182.6 182.6 182.6 182.6 182.6 182.6 182.6 182.6 182.6 182.6 182.6 182.6 182.6 182.6 182.6 182.6 182.6 182.6 182.6 184 185 182.7 182.6 186.1 189.4
361.8 362.4 362.6 361.5 359.2 355.3 351.3 350.3 349.4 347.4 349.7 350.4 349.6 348.6 346.3 342.6 337.2 332 325.2 316.9 311.6 306.9 301.9 297.4 291.4 285.6 280.1 274.7 271.1 265.6 258.6 253.3 250 249.5 247.4 246.7 244.9 239 233.7 229.5 228.3 230.6 233.9 234.7 232.9 228 219.6 212.4 203.8 196.5 190.4 183 182.6 182.6 182.6 182.6 182.6 182.6 182.6 182.6 182.6 182.6 182.6 182.6 182.6 182.6 182.6 182.6 182.6 182.6 190 193.7 196.1 196 194.6 191.4 188.4 191.8
359.4 358.3 358.1 358.8 357.9 355.2 351.2 346.4 344 343.7 345.3 345.5 344.6 342.8 342.1 339.6 334.7 330.3 324 316 311.4 307.3 303.1 298.6 293.5 288.3 282.8 277.8 274 269.1 262.6 255.1 251.9 250.3 249.7 249.2 247.3 244 238.4 231.3 229.7 230.3 233.8 235.4 234.5 230.2 224 216.3 206.7 196.1 187.9 182.6 182.6 182.6 182.6 182.6 182.6 182.6 182.6 182.6 182.6 182.6 182.6 182.6 182.6 182.6 188.1 191.6 193.2 193.5 193.5 199.9 204.1 206.1 204 200.3 194.7 194.4
358.4 356.7 354.5 355 354 351.8 349 345.6 341 336.8 338.1 338.4 337.1 333.4 335.4 334.2 329.8 324 320.4 313 308.1 304.1 299.9 295.1 292.2 287.2 282.5 278.1 273.7 269 262.5 255.8 253.6 251.5 252.8 252.2 250.7 247.5 242.7 237.3 233.2 231.4 233.9 233.8 233.3 230.4 224.8 218.1 207.9 198.7 187.1 182.6 182.6 182.6 182.6 182.6 182.6 182.6 182.6 182.6 182.6 182.6 182.6 184.5 187.3 189.6 195.8 199.9 201.5 201.4 200.6 199 202.5 207.4 209.3 207.3 202.1 200.8
357.6 355.9 353.8 349.6 348.1 346.3 344 341.6 338.6 333.7 327.5 327.4 327.3 326.5 326.7 327.3 324.4 320 314.4 307.5 302.7 298.5 294.2 290.3 286.7 282.7 278.8 274.8 270.6 266.2 260.3 257.3 254.6 253.9 254.3 254.8 255 252.7 247 241.9 234.9 231.9 232.8 233.2 231.7 228.8 224.1 216.6 207.7 199.3 189.8 182.6 182.6 182.6 184.9 183.8 182.6 182.6 182.6 183.1 186.4 191 192.8 195.1 198.2 201.4 204.7 206 207.1 207 206.2 205.3 204.1 204.5 207.7 210.1 209.1 207
356.2 354 352.6 349.2 345.4 339.9 337.7 337.1 333.7 330.2 326.1 321 317.3 318.7 318.8 319.1 317.7 313.7 308.2 304.1 299.5 293.6 288 284.7 281.8 279.9 274.6 271 270.3 267.3 264.3 260.5 257.7 255.1 256.1 256.5 256.3 255.3 252 246.1 239.5 233.4 229.8 229.2 228.8 226.8 222.6 215 205.6 198 191.8 184.2 183.2 190.2 193.7 195.5 196.1 196.6 197.8 198.3 199.6 200.7 202.5 204.1 207.4 210.8 212.2 212.8 212.2 210.8 210 208.7 208.2 207.1 206.3 207.1 209 209.4
353.2 351.6 349.5 346.2 341.4 335.7 331.5 329.8 328.6 325.7 323.5 319.5 314.3 310.6 311.2 312 312.6 311.3 307.2 302.3 297.9 291.2 288.5 287.9 286.1 282.7 279.3 275.8 273.1 270.6 267.4 263.4 260.3 258.1 258.1 258 257.4 255.6 253.2 248.6 243.1 236.1 230.7 226.6 223.4 222.9 220.1 213.5 203.9 195.6 189.7 187.4 191.1 195.9 200.2 203.7 205 206.7 206.9 206.2 208.3 209.7 211.8 213.5 215.9 216.9 218.2 217.5 216.2 214.5 212.1 210.8 210.1 209.7 208.6 208.1 207.6 208.7
349 346.6 344.4 341 337.3 329.6 326.3 324.6 321.3 319.9 318.4 315.3 312 307.7 305.4 306.7 308.4 307.8 306.2 302.8 298.8 294 290.8 289.8 288.8 287.4 285.3 282.2 278.3 275.3 271.4 267.8 262.9 259.9 259.2 258.9 257.7 255.6 253 249.2 243.9 238.6 231.1 228.1 223.2 218.5 216.2 211.6 203.8 194.4 193 196 198.6 202.1 206.1 209 210.6 212 213.9 215 216.7 218.3 220.7 222.7 223 223.5 222.3 221.1 219.5 218 216.5 213.1 210.9 209.7 208.6 208.1 207.4 211.5
345.3 343.3 340.8 337 333.2 328.3 326 323.4 320.1 316.6 314.7 312.4 310 307.1 303 303.3 303.5 303.2 302.7 301.1 298.2 294.5 292.1 290.6 290.1 289.6 289 288.1 285.5 281.5 276.8 272.9 268.8 264.3 260.4 259.5 258.2 256.5 254.8 252 246.2 240.4 232.7 226.5 223.8 217.5 213.1 209.8 206.7 202.2 201.2 203.1 206.5 209.2 210.9 212.9 214.5 216 217.2 219.4 221.9 224.3 227.5 229.7 229.5 228.2 225.8 223.2 220.7 218.4 216.9 214.3 210.7 208.4 207.7 206.9 207.7 213.7
339.4 339.6 337.4 334 331.2 327.1 324.4 320 318.1 315.2 312.4 312.4 309 306.6 302.2 301.7 303.8 304.7 305.5 305.2 303.3 299.7 295.3 290.6 291.5 292 291.9 291.6 290.8 288.5 285.2 281 276.2 271.6 267.8 262.7 259.9 258.2 257 255.3 251 243.7 235 229.9 225.3 223 219.4 216 213.1 211.1 211.2 211.6 214.6 216.9 217.8 218.5 218.8 219.4 220.1 221.9 225.1 228.2 231.3 233 233.1 231.4 228.6 225.1 221.2 218.1 214.5 211.6 208 204.7 204.7 205.5 208.9 213.6
331.8 331.8 331.7 330.8 329.5 326.3 324.4 319 315.1 312.5 311.3 310.7 307.1 305.3 301.3 298 298.7 301.4 303.9 304.4 303.9 300.6 295.8 289.7 292 295.5 295.8 293.4 292.3 290.5 289 286.7 282.8 278.6 274.1 269.7 265.5 261.9 258.8 256.5 252.5 246.7 239.9 233.5 232.2 231.8 228.3 225.4 221.8 220.9 222.6 223.6 225.1 225 224 225 224.6 224.2 223.9 224.2 226.2 229.3 232 233.5 233.4 231.9 229.3 225.8 221.8 217.8 213.2 209 204.1 203.6 203.8 205.7 209.9 212.3
330.1 327.9 326.2 325.6 327.9 326.9 324.1 316.9 315.2 310.7 306 307 305.9 305 300.7 297.6 294.7 294.3 298 299.3 299.7 298 293.3 288.4 292.7 296.7 297.2 297.4 295.1 291.9 292 289.9 287 282.9 277.5 272.5 268.3 264.3 261.1 258 254 248.8 241.2 239 238.1 239.2 238 236.4 234.4 232.7 232.5 233.4 233.7 232.6 232.5 231.7 231.5 230.3 229.7 228.7 229.4 229.4 230.3 230.9 231.1 230.6 228.6 224.6 221.1 217 213.2 207.8 203.4 203.1 204.7 206.8 209.3 210.7
331.4 331 329.1 324.5 323.5 324.6 320 320.4 317.3 313 310.3 304.5 301.9 301.4 300.2 298.5 295.9 292.2 289.4 289.4 290.3 292.4 291.9 287.6 295.1 296.1 296.2 298.7 296.5 292.7 294 292.1 289.4 285.8 281.1 276.7 272.1 267.4 263.3 258.6 254.6 249.8 244.8 241.5 242.4 244.2 244.1 243.1 241.7 239.7 239.1 239.4 239.8 240.1 239.9 238.9 237.5 235.6 232.9 231.8 231.5 230.6 228.4 227.5 227.3 228 226.9 224.2 220.7 217.3 211.8 207.7 203.5 202.7 203.5 206 208.7 209.1
331.8 331.4 330.9 328.5 323.8 318.2 320.2 322.2 320.9 318.1 315.2 309.3 304 299.2 294.8 294.7 292 292.6 290.3 287.4 284.2 284.9 289.2 288.2 294.4 297.8 297.9 297.8 296 292.6 288.8 288.8 285.2 282.6 278.7 276.3 274.1 271 266.3 261.8 256.6 251.1 245 241.5 244.8 246.1 246.1 245.8 245 244.9 244.6 244.2 244.1 244.6 244.4 242.3 240.1 238.1 236 234.4 233.1 231.1 229.8 227.5 226.1 229.8 230.1 227.7 222.9 220.5 216.9 212.3 206.3 204.4 202.1 204.7 206.4 208.2
330 328.2 329 329.6 327.1 321.5 323.9 325.2 324.3 322.5 319.3 314.1 307.9 300 294 287.6 288.7 289.8 288.1 285.2 280.7 282.7 286.9 288.3 292.3 294 293.3 293.2 287.5 281.9 282.4 281.3 278.6 270.8 269 270 271.1 270.1 265.1 260.3 255.5 246 244.3 238.7 243.4 245.2 245.9 245.6 245.4 246.2 247.8 248.1 247.5 246.8 246.4 246.3 245.1 243.5 241.8 240.4 237.8 233.8 229.8 226.8 225.7 229.4 230.6 229.4 225.8 222.7 220 215.5 208.2 206.2 204.5 201.9 202.2 204.7
329.9 328.1 327.6 331.4 331.5 328.9 327.6 326.7 324.8 322.1 318.9 314.5 308.5 300.8 291.3 287.3 281.3 281.8 282 280.5 278.6 281.3 283.4 285.6 288.8 286.4 285.6 285.4 280.9 280.4 281.6 282.4 280.5 275 270 268.8 267 264.1 260 256 254.1 246.6 243.3 239.2 238.8 242 243.2 243.5 242.4 243.8 246.3 248.2 248 247 245.3 245 244.3 243.5 242.9 241.6 239.6 236.1 232.5 227 227.2 227.2 227.7 227.5 226.8 224.7 221.6 217.3 211 207 203.6 199.6 195.5 197.6
324.8 325.1 328.2 331.2 332.6 330.2 325.5 324.6 322 316.4 313.7 310.7 305.9 299.6 292.6 289.9 287.2 281.3 278.8 278 276.7 273.1 276.1 280.9 283.8 283.1 281.2 278.3 279.4 281.7 283.3 282.9 278 272.3 269.2 271.2 272.3 268.4 263.5 259.5 255.2 247.9 242.8 237.1 233.5 235.8 237.3 237.9 238.1 239.3 241.5 243.6 244.5 244.3 243.5 240.5 240.3 239.6 239.2 238.1 236.3 233.8 231.1 227.6 224.2 221.4 221.3 222.6 222.8 221.8 220.3 216.8 212.4 207.8 203.2 198.1 194.4 190.8
