ny/ny68_OST50GRID_20230518/NY68.asc
ncols 200
nrows 200
xllcorner 360000
yllcorner 580000
cellsize 50
[rows 0 to 34 of 200, columns 0 to 77 of 200]
311.7 306.5 302.1 299.9 298.1 296.6 293.7 290.5 288.3 283.7 281 277.9 275.6 273 270.5 267.5 264.2 263.1 262.5 257.7 255.1 258.2 257.6 258.3 262 266.9 270.1 276.3 281.6 285.9 291 296.8 305.2 313.3 322.1 328.4 332.6 335 335.2 335.8 334.6 332 330.9 329.6 327.4 326.2 324.1 322.1 319.3 314.7 309 299 291 286.1 277.4 275.6 273.5 270.4 268.2 267.9 267.4 265.6 261.8 255.1 244.7 241.8 239.1 238.2 237.9 238.1 240.5 240.9 240.6 237.5 232 226.4 220.1 212
301.2 300.5 301.5 300.4 299.8 299 297.1 294.8 292.8 289.3 283.7 277 275.9 275 270.9 264.7 264.9 263.9 260.3 254.5 254.7 257.1 255.8 255.6 260.6 266.9 271.7 273.6 279.2 282.8 285.7 288.9 297.7 306.7 313.4 319.9 324.4 324.6 326.8 329.4 329.6 328.5 326.1 323.3 322.5 322.6 322 318.4 314.3 310.2 304.5 296.3 293.9 288.3 279.8 270 263 263.7 262.5 262.2 262.8 261 256.2 248.3 244 240.9 239.8 239 238.8 240.6 241.5 241.4 239.6 235.2 230.7 224 213.4 203.7
298.2 302.8 303.8 302.1 301.7 303.8 302.3 299.6 297.4 291.4 282.9 277.7 278.3 275.3 271.8 267.6 266 265.5 262.6 258.6 250.4 249 253.7 252.7 255.4 264.9 274.6 275.9 275.2 276.6 279 282.4 289.8 299.6 307.1 312.2 316.3 318.5 320.3 321.5 323.6 323.5 322.2 320.5 318.6 319.2 318.1 315.5 312.1 306.2 300.6 295 294.9 289 281.8 272.8 263.6 256.4 256.2 255.5 256.9 255.2 252.6 248.8 245.5 242.4 241.2 239.6 239.6 240.1 240.4 239.2 236.5 228.6 221.4 213 203.1 193
301.6 301.9 302.8 302.8 303.7 307 306.5 303.8 298.4 290 281.1 280.4 278.6 276.8 271.8 267.2 263.8 263.3 261.8 259.5 256.7 250.8 245.9 249.3 253.2 260.8 270 275 277.1 271.3 271.2 272.2 281.6 291.5 299 304.9 309.4 312.6 314.7 315.7 315.9 317.3 317.7 317.7 317.2 314.3 313.3 310.6 307.2 302.6 298.8 295.2 294.9 289.7 280.3 272.4 265.8 258.4 251.7 250.6 251.8 252.2 251.2 248.4 245.4 241.8 239.7 239 237.7 240.4 236.4 228.1 223.2 216.8 209.5 200 189.5 187.1
302.2 300.5 300.6 303.2 305.4 307.5 306 303.8 298.1 286.5 284.4 281.7 278.5 274.1 267.7 259.4 254.4 257 258.5 258.3 256.3 253.6 246.7 251.6 252.8 261.5 267.5 271.7 273.6 273.7 267.8 265.1 273.7 283.2 290.6 295.8 300.6 304.3 307.2 309 310.6 312.1 314.2 315 314.5 311.1 307.9 305.8 304.4 301.1 296.7 295.4 293.6 288.3 279.8 272.7 265.6 258.3 253.8 248.5 247.8 248.7 248.2 246.9 244 240.6 238.1 237 235.7 227.4 220.8 212.4 206.5 199.5 194 188.8 188.5 190.7
301 301.6 302.4 303.5 305.6 306 304.2 300.9 295.7 293.3 289.8 285.2 277.6 267.2 258 251.1 251.1 250.7 252.2 251.3 251.5 251.4 243.3 243.6 241.9 245.4 257.7 268.8 270.2 270.8 269.7 261.1 264.2 274.7 281.9 287.1 290.8 293.6 297.3 300.5 303.6 306.3 308.8 309.9 310.4 307.9 307.1 303.3 300.4 296.8 292.5 292.2 290 285.1 278.7 271.2 263.3 258.1 253 248.4 246.2 248 246.7 244.4 241.9 239.8 237.9 229.8 220.2 213.6 205.6 195.5 190.8 189.6 187.9 187.9 192 205.1
296.3 297.9 300.7 303.2 304.6 304 301.4 298.3 298.1 297.1 293 285.5 273.3 255 254.3 253.1 251.7 249.1 247.4 246.5 245 243.8 247.1 245.9 244.6 241.6 241.8 253.8 265.5 266.7 265.1 261.3 257.6 266.1 272.7 278.3 281.4 282.7 287.5 292.8 296.6 299.4 302.1 304.9 304.5 305 303.3 300.9 296.9 292 288.3 286.7 283.9 276 272.8 265.5 259.1 256.6 252.3 248.1 236 246.5 243.6 243.1 241.7 238 224.7 214 203.5 196.4 191.2 189.9 188.8 189.1 191.1 196.6 211.2 220.5
290.3 293.2 295.6 299.1 301.8 301.7 300.6 299.1 297.7 295.3 290.3 281.4 268.3 255.4 260.5 261.1 265 263.9 260.9 263.1 263.9 262.9 258 252.3 250.5 243.6 239.8 240.1 243.9 247.1 246.8 243.5 244 252.4 261.2 270.5 273.5 276.3 280.7 286 290.8 293.4 295.7 297.9 298 298.6 297.3 295.2 291.9 288.1 285.4 280.6 276 271.9 265.8 261.8 258.2 254.9 250.9 246.6 233.1 238.5 245.5 245.1 241.4 224.6 208.6 197.8 193.2 190.3 191.6 190.8 190.4 192.3 199.4 212.7 225.5 235.4
284.4 287 290.1 293 295 295.4 294.7 292.9 290.6 288.3 286.3 274.1 262.2 264.4 275.2 277.4 279.4 280.6 278.7 278.5 278.3 273.7 265.8 257.1 258.3 252.1 252.5 246.1 236.5 235.9 235.3 234.7 232.7 232.9 246.7 259.9 267.9 272.9 273.8 278.1 283 286.2 288.4 290.2 289.9 289 288.8 287.7 284.8 281 278.1 274.4 271.3 267.4 262.9 259.1 257.1 253.8 250.2 246.7 242 225 229.8 237.9 230.2 213.3 197.3 195.3 192.7 192.6 192.2 192.4 191 200.4 214 225.9 235 241.2
276.8 279.7 280.9 281.8 282.4 282.6 282.6 281.1 277.3 272.5 285 261.2 263.3 288.1 290.6 292.9 291.9 291.1 291.1 291.1 290.3 285.8 277.7 266.2 268.2 267.2 270.3 262.8 254.1 250.1 248.3 251.8 244.6 234.2 235.4 243.1 254.7 263.8 267.5 270.2 273.3 276.3 279.4 281.6 282.2 280.3 278.4 277.5 275.6 272.3 271.7 269.9 266.4 263.5 260.5 256.7 255.2 252.1 249.5 245.9 242.2 237 218.1 219.6 215 206.3 196.3 194.4 192.2 193.4 193.6 194.3 197.5 212.5 225.4 235.2 242.5 246.4
272.3 271.3 269.8 268.6 268.8 268.9 268.6 267.2 265.7 273.9 262.5 272 290.7 297.7 303.4 301.7 302.1 301.8 303.4 301.6 301.7 298.8 288.6 274.3 277 277.2 275.2 273.2 272.1 271.1 271.2 265.7 255.8 242.7 230.9 234.5 239.6 246.7 254.3 261.8 264.9 267.8 268.8 271.5 273.3 273.1 272.2 270.2 267.6 265.3 266.7 263.7 261.4 259 256 253.9 252.6 252.4 250 246.7 242.2 238.6 229.9 214 207.5 200.1 195.5 193.1 193.7 196 198.9 204.2 212.7 222.6 233.5 242 247.4 249.7
277.4 276 274.8 274.1 273.5 268.3 270.4 270 277.1 289.6 282.2 282.2 298.7 305.7 308.8 311.8 310.6 309.9 312.9 314.5 310.5 302.7 294.4 283.6 278.5 281.5 280.8 278.1 274.2 271.1 267.9 265.4 262.1 252.7 237.6 229.7 231.5 234 237.9 248.3 257.7 260.3 259.8 259.5 262.7 264.3 265.2 264.8 263.4 260.8 261.6 260.9 258 255.9 250.9 249.8 251 252.7 251.1 247.2 242.9 238.4 224.2 211.3 202 195.7 193.6 197.6 203.8 203.6 212.7 218.6 225.1 233.2 241 247.1 250.5 253.2
286.9 280 288.8 290.2 289.4 288.2 287.9 282.6 284.3 298.5 298.9 302.2 308.7 313 317.2 318.8 317.2 317.1 322 323.3 317.9 311.1 302.6 292.5 285.1 284.9 284.1 283 278.7 273.1 268.9 264.6 259.1 254.2 246.5 237.3 231.6 228.2 229.1 235.6 244 254.3 254.1 252.3 253 256 257.5 258.4 257.8 256.2 257.7 257 254.9 250.6 249.4 249.5 250.9 252 250.5 245.9 241.6 228.8 215.4 203.9 195.1 195.8 201 212 219.1 222.3 226.4 231.9 235.7 241.1 245.4 249.6 257 263.5
291.1 289.9 288.3 291.7 292.8 293.2 294 297.6 300 303.5 306.3 310.7 316.1 320.5 323.2 323.8 324.3 324.8 326.5 324.2 321.6 316.9 310.1 301.4 291.6 287.4 287.8 286.9 284 279.2 271.7 263.7 257 250.9 249.6 246.8 240.3 230 227.7 227.8 230.3 237.8 246.2 248.6 247.9 249.8 251.4 252 252.2 252.7 254.9 254.4 252 247.6 248.2 248.2 250.6 250.9 248.7 246.9 231.9 218.8 204.5 195.6 198.7 200.4 215 226.2 233.8 236.8 238.1 240.2 242.6 242.7 246.4 248.3 261.3 270.8
293 288.6 290.8 295.4 296.4 297.8 300.5 304.2 306.8 310.4 314.5 317.7 322.9 326.6 330 331.7 332.1 331.1 329.5 326.8 323.4 318.9 314.2 306.8 298.9 292.5 289.9 288.7 286.7 282.3 274.4 270.2 266.2 260.5 258.5 255.9 249.8 239.6 230.3 227.1 225.7 226.2 227.7 231.9 239.9 243 246.5 246.3 248.3 250.1 252.2 251.5 248.8 245.6 246.8 247.3 249.6 249.4 246.7 245.4 227.9 213.5 199.9 198.2 201.9 212.5 227.1 238 245 247.4 246 242.2 245.7 245.9 250.6 253.4 267.2 277.5
295.3 294.3 292.8 296.4 299.7 302 306.5 309.3 312 315.9 319.1 322.7 328.8 333.5 336.7 338.7 338.7 336.7 332.5 328.2 323.2 318.6 314.8 310.4 303.9 297.8 290.6 288.9 286.6 283.4 282.1 279.2 275 268.3 266.6 264.7 259.7 252 244.5 232.4 225.5 223.1 223.1 224.4 227.5 235.9 232.8 234.2 239.1 244 251 249.7 246.6 241.3 246.4 247.1 247.9 247.6 245.2 239.6 225.9 215 199.7 200.4 205.3 220.8 234.7 245.3 251.8 253.3 250.9 247.6 247 252.8 260.1 267.8 276.2 283.3
300.6 301.2 299.8 300.4 304.5 309.4 314.1 317.8 321.7 326.2 329.9 332.8 336.2 339.7 342.2 343.2 342.3 339.8 336.5 331.6 324.8 318.5 314.6 310.4 304.5 299.4 292.5 288.2 287.7 286.4 286.3 284.5 280.8 275.5 273.8 271.4 266.7 261.7 252 243.4 233.4 225.1 223.8 222.6 220.6 221.1 217.6 222.3 225.3 229.1 237 248.5 243.4 239.9 247.9 248.1 248.1 245.4 244.2 236.6 226.7 218.3 201.1 202.8 207.3 222.3 237.6 248.5 253.9 253.6 249.5 249.9 252.6 255.7 264.7 274.8 282 287.2
309 308.4 308.1 303.3 310.6 316.1 320 324.6 328.2 333.7 339.2 343.8 344.8 343.7 344.6 346.4 344.8 341.5 337.8 331.2 327.9 323.2 316.7 311.6 305.3 300.8 296.5 291.7 287.9 288.1 288.4 286.8 284.4 280.7 278.5 274.4 270.2 264.8 259 253.5 247.6 237.8 227 221.1 220.3 231.7 229.5 220.1 217.6 219 221.4 228.5 233.7 231 243 241.7 242 238.6 237.6 238.9 227.6 218.9 205.8 199.4 205.5 219.3 237.6 248.4 252.8 251.3 251.6 256.5 258.6 259.7 270.9 280 285.3 289.1
319.1 317.2 315.3 315.3 314 323.2 326.5 330 333.4 337.7 343.6 351.2 354.8 354.3 350.7 347.7 345.5 342.8 337.7 337.6 331.8 326.3 319.8 314.5 310.3 306.2 300.7 295 287.3 285.9 286.9 286.7 285 282.2 279.3 275.4 271.5 265.9 260.2 256.1 253.9 249.7 245.5 236.9 233.7 245.1 243.9 236.9 224.3 215.3 214.5 213.6 215.8 218.4 225.7 224.4 226.6 227 226.9 228 221.6 214.7 202.9 200.3 204.8 222.2 238.8 248.1 249.9 253.8 257.1 261.6 265.1 269.5 277 284.2 288.8 292.5
330.9 328.6 325.1 320.8 320.5 329.5 333.6 336.4 338.3 341.1 350.1 358.2 363.2 363.3 359.4 353.3 347.6 342.8 341.8 339.9 334.7 329.2 324 318.4 316.5 312 306.7 299.7 291.6 282.8 281.5 282.6 280.6 278.6 276.7 272.8 268.8 265.4 262.5 258.3 253.9 250.8 248 244.3 246 246.9 245.8 240.2 227.4 221.1 218.7 214.8 212.3 212.2 211.8 211.7 206.9 207.1 214.8 216.2 208.4 202 200.8 203.1 209.3 226.8 240.8 249 252.5 257.9 259.3 265.4 270.5 274 279.7 286.8 293.3 297.4
338.6 336.6 332.8 324 329.3 330.3 335.8 343.8 347.1 349.3 356.7 363.4 368.5 369.5 366.4 359.7 353.7 347.6 345.6 343.9 339.6 333.8 327.6 325.1 320.3 316.2 311.6 305.3 297.7 288.8 281.5 278.4 275.1 273 272.3 268.9 264.8 262.5 261.3 258.4 255.4 251.5 249.5 247.4 243 238.6 234.7 230 235.5 236.1 225.5 216.1 213.6 212.2 210.1 209.8 208.7 208.3 205.7 202.3 203.4 204 204.6 205.7 212.2 231.3 244.1 251.4 255.4 260.7 263.9 271.6 276.7 280.3 283.8 289.8 297.1 300.8
343.3 341.8 337.9 332.9 336.9 338.1 341.5 349.8 355.1 354.9 357.6 365.1 371.4 373.8 372.2 367.1 359.3 353.1 350.9 347.9 345.1 338.9 332.1 329.8 324.6 318.7 313.1 307.5 300.9 294.8 289.1 280.6 280.1 277.6 275 271 266.9 266 263.4 260.3 256.8 253.7 251.2 249.1 246.7 237.7 244.6 245.5 246 244.6 238.3 225.5 217.9 213.4 213.3 213.6 215.3 217.8 211.3 203.4 205.3 206 206.6 207.5 219.9 235.9 247.4 254.2 256.7 260.4 267.8 276.2 283.2 287.6 291.9 296.1 299.4 303.1
347.7 345.4 341.6 344.4 343.3 343.3 344.5 353.3 361.9 364.3 366 365.8 373.1 376.2 375.9 372.1 366.5 360.3 355.9 351.5 348.3 343.2 339.2 334.9 330.1 325.2 319.5 312.6 308.4 304.9 298.8 288.8 286.3 287 285.5 281.7 279.4 275.5 271.7 268 262.7 256.7 254.1 251.4 248.5 245.8 246.5 246.6 246.2 244.7 242.7 240.7 237.7 231.2 232.3 236.2 233.2 239.2 218.8 205 206.7 208.4 207.1 214.2 229.5 242 251.6 255.9 259 263.6 271.9 278.9 286.2 292.5 296.8 298.9 300.6 305.2
351.4 348.9 348.3 349.3 348.2 347.4 350.5 359.1 366.6 372.3 374.5 373.5 373.8 377.5 377.3 374.5 369.6 363.6 358.7 353.4 348.5 347.1 343.4 338.8 334.6 331.1 328.2 323.4 319.6 315.1 309.2 302.4 297.6 295.5 294 290.9 287.6 283.7 278.4 274 266.8 260.1 257.3 253.9 250.6 249.9 248.5 247.7 246.5 245.2 242 243.7 247.3 249.1 248.6 244.4 239.6 236.6 221.6 207.8 205.4 208.3 212.5 224.3 236.3 245.6 251.5 254.5 260.6 269 277.9 282.1 287.7 294.6 298.5 301.2 304.3 306.8
361.5 359.5 357.1 355.4 356.5 357.7 361.8 365.3 373.7 379.1 381.1 379.3 374.9 378.3 376.6 374 369.2 362.6 360.3 356.5 352.1 351.6 345.9 343.6 340.3 338 334.2 330.3 326.3 322 316.7 312.2 306.8 301.4 298.9 296.7 293.7 289.2 283.8 278.1 268.4 261.1 258.5 256.9 257.6 257.1 254 250.5 248.2 246.5 244.9 245.3 248.7 249.1 247.6 242.9 237.8 233.9 221.1 209.8 208.1 208.3 216.2 228 239.2 247.4 250.5 253.6 263.9 274.1 279.8 285.3 290.9 295.9 295.2 302.5 307.2 307.2
373.2 372.3 368.8 369.4 367.7 369.4 371.4 377.5 382.7 385.6 384.9 383.4 380.5 380.9 378.3 374.4 371.7 369 365.6 360.9 355.1 355.2 351.1 348 345.2 343 340.2 336.7 331.9 326.3 320.7 317 311.1 305.3 303.5 301 297 294.3 289.8 282.6 273.5 263 265.3 266.3 266.2 266 262.3 258.7 253.7 249.2 247.4 250 251.1 249.6 247 241.5 236.4 232.4 226.5 213 209.7 206.3 213.1 226.7 239.6 248.2 251.4 257.4 269.2 274.9 280 286 292.3 293.2 296.3 305.8 309.9 309.6
382.7 382.8 383.1 382.7 383 381.8 380.3 381.3 386.3 388.9 388.4 384.5 384.2 381.8 379.7 377.2 375.1 373.5 369.8 363.8 360.1 358.1 353.6 349.5 346.8 344.8 342.6 340 336.9 332.3 327.2 319.6 313.1 309.5 306.9 303.9 299.8 295.8 292 285.9 276.9 268.1 270.4 271.7 271.2 269.4 267.3 264.2 259 254.6 251.4 251.4 253.4 251.9 247.8 241.6 236.4 232.4 222.4 215.9 213.5 211.3 207.9 221.7 238.6 249 253.8 262.8 268.6 274.1 280.1 284.2 288.6 292.6 302.1 311.2 315.2 314.9
392.7 392.5 392.5 392.1 392.1 392 389.9 385.2 387.2 390.6 391 387 387.1 384.3 382.6 380.2 377.2 375.3 371.6 368.1 362.9 360.3 356.5 350.2 348.4 344.1 340.7 339.1 337.9 334.7 330 324.3 317 310.1 306.1 303.5 299.2 295.4 291.5 286.4 279 276.3 274.7 274.8 274.2 271.5 269.1 265 260.2 255.3 253.6 253.1 252.9 251.2 247.7 241.9 236.8 229.7 221.6 220.3 215.8 214.2 208.5 218.7 237.8 251.1 256.7 263 268.7 273.8 279.2 283.2 288.7 298.4 309 316.3 319.4 317.7
401.4 402.6 402.4 400.5 397 394.9 392.6 389 388.3 390.5 392 391.5 389.9 385.9 384.9 383.3 381.7 377.7 375.2 371.6 367.5 363.9 358.9 355.1 351.1 347.6 342.7 339.8 336.8 333.2 331 326.5 320 313.2 306.7 302 298.2 295.5 292.5 288.6 284.9 282.5 278.8 276.9 275.9 274.1 271.5 267.5 260.9 255.5 254.3 252.9 252.3 249.9 246.5 241.7 237 223.6 229.1 229.2 222.1 216.2 208.8 216.9 235.8 249.7 258.7 261.7 266.2 267 278 284.6 292.4 302.8 313.7 320.6 322.7 319.1
403.2 404.5 404.3 401.8 399.6 397.6 397.7 393.7 392.1 391.1 392.4 393 392.5 391 387.2 386.6 383.5 381.2 377.8 374.1 370.8 367.3 363.8 360.5 355.8 352.9 347.8 342.7 339 333.3 327.6 325.5 319.1 313.2 311.6 307.5 303.3 298.3 295 291.1 287.7 285.4 283.1 281 278.1 276.4 273.6 269.8 263.5 256 254.8 254 251.9 247.6 242 236.9 229.8 233.4 237.9 237.2 232.2 221.5 211.4 215.7 232.6 246.1 256 258.6 259.2 266.8 277.3 288.1 293.4 304.9 316.6 323.2 324.9 321.7
409.5 411.9 411.8 408.3 408.4 408.5 407.7 403.1 394.5 394.8 395.8 396.5 396.4 394.7 392.3 389 385.7 383.4 380.4 377.1 372.7 369.7 366.5 363.6 359.1 356.7 352.4 347.9 343.2 338.5 332 326.4 321 319.1 316.9 313.8 309.1 304.3 299.5 295.6 292.4 289 286.5 283 279.2 276.8 274.1 270.7 266.5 260.4 254.9 252.8 252.7 248.8 240.6 234.7 238.2 243.6 246.5 246.5 241.4 229.1 210.1 217.9 231.5 240.2 250 256 262.8 272.3 281.8 289.2 298.2 308 318.2 324.1 325.4 324.8
417.9 419.8 419.9 418.9 415.2 416.1 416 411.7 403.8 401 402.1 401 399.1 396.2 394 390.6 387.7 385.2 382.2 379.4 375.3 372.2 369.5 365.2 360.5 357.9 354.4 351 347 342.3 336.1 332.4 327.1 321.5 317.6 316.6 312.7 309.2 304.3 299.5 296 292.8 288.8 282.7 279.8 278.1 275.2 270.6 267.1 262 258 252.3 246.2 243.9 238.8 243.8 247.3 251.4 253.3 254.3 250 238.7 221.2 214.4 237.8 240.1 251.1 258.3 266.7 278.1 285.9 293.9 305.5 312.5 319.4 323 323.7 326.6
423.3 423.9 424.5 425.1 423.5 422 420.5 417.4 411.6 405 404.6 403.1 402 399.5 395.7 390.4 389.8 387.2 384.7 382.3 379.4 375.9 371.4 367.6 362.8 357.5 353.8 351.3 348 344.2 339.4 333.7 329.6 325.6 320.8 318.6 315.3 312.1 307.5 303.1 296.5 293.8 289.3 283 279.8 281.1 279.6 274.4 269.8 265 260.2 253.2 243 244.4 248.6 252 253.8 257.1 259 260 256.1 245.8 230.8 213.6 235.9 250.8 253.3 261.8 272.7 280.4 291.6 301.9 309.2 315.5 321 324.8 327.1 331.4
428.1 428.7 428.9 429.7 427.7 422.9 421.5 420.5 416.1 410.6 406.5 404.6 403.6 401.9 398.3 394.9 393.4 389.5 384.9 383 380.7 377.9 373.9 369.2 364.4 359.5 354.9 350.3 346.3 343.4 338.7 333.4 329.2 325.7 322.8 319.4 316.6 312.6 308.3 304.4 298.6 292.7 287.1 283.4 279.9 278 278.4 275.8 271.2 266.4 261.3 253.6 244.3 249.7 254.5 257.7 258 260.6 261.9 262.1 257.5 248.6 235.9 221.7 217.2 242.6 256.6 267.7 277 288.5 299.1 306.3 313.5 319.4 324.2 328.3 331.5 334.3
431 432.3 432.7 432.3 429.4 426.1 424.2 420.9 417.7 412.6 408.9 405.6 404.5 403.1 401.8 399.5 397.3 392.3 387.7 383.7 380.8 376.9 373.6 369.7 364.7 359.6 354.6 349.1 341.9 340.6 338.3 333.6 326.2 322.5 319 315.9 311.6 312 309.3 303.6 296.9 290.1 286.2 283.2 281.6 279.6 275.4 270.1 268.7 265.7 262.6 256.3 247.1 251.8 257.1 260.4 261.7 262.6 262 259.4 253.5 244.6 233.3 222 215.9 245.9 262.4 272.2 285.4 294.6 303.7 311.5 317.3 322.1 326 329.3 332.9 336.5
