ny/ny68_OST50GRID_20230518/NY68.asc
ncols 200
nrows 200
xllcorner 360000
yllcorner 580000
cellsize 50
[rows 35 to 69 of 200, columns 0 to 77 of 200]
433.1 433.9 433.1 431.8 428.7 426.5 424.1 421.6 418.6 414.9 411.5 407.6 404.5 403.5 402 401.1 399.1 395.7 391.2 386.7 383.2 378.6 372.7 368.2 361.9 357 352.2 347.3 341.1 336.9 335.1 331.7 326 319.6 315.7 311.9 310.2 309.4 306.4 301.1 295.9 291.2 287.8 287.8 284.9 280.9 277.1 271.8 265.8 262.2 260 257.2 251.9 252 256.8 259.8 261.1 260.8 257.7 250.6 243.1 233.2 222.1 216.3 231 247.9 260.6 272.4 289.3 299.5 307 315.4 319.7 323.4 326.2 328.8 331.2 336.4
436.9 434.4 432.2 429.2 427.2 425.3 424.3 422.3 420 417 413.3 409.4 405 401.9 400.2 398.6 397 394.8 392.1 388.2 384.1 379.6 374 367.1 359.8 354.6 349.4 343.5 338.5 334.6 330.3 327.8 323.1 317.4 313.9 311 307.4 303.8 300.8 298.2 296.5 292.8 290.6 289.8 287.5 284.3 279 272 270.4 265.7 261.2 256.7 254.9 253.9 254 255.4 256.8 256.1 251.1 237.3 225.1 216.5 221.5 236 251.4 261.6 273.8 281.6 285.7 300.6 310.5 314.9 318.1 321.3 323.9 326.9 330.2 334.5
439.1 435.9 434 431.2 427.7 425.1 422.5 421 419.1 417.1 414 410 405.8 401 397.8 395.1 391.6 389.6 388.3 385.9 382.4 377.5 371.3 363.8 355.4 350.7 344.5 340.2 334.2 331.9 328.3 324.3 319.8 316.3 310.7 307.6 304 301.2 299.3 297.5 295.5 292.1 289.4 288.6 287.3 284.7 280.8 276.6 274 272.7 269.2 263 257.7 254.9 253.5 252 252.1 251.6 246.2 228.6 220.2 224.7 233.2 249.4 256.2 268.9 281.4 291.6 298.4 304.9 310.7 313.2 315.6 318.1 321 325.5 329.9 334.7
440.5 436.8 433.5 431.1 427.7 424.6 422 418.3 415.5 414.1 412 409.2 405.6 400.7 396.3 392.6 388.8 384.1 382.2 380.4 377 372 365.6 357.5 350 346.4 342.3 337.1 332.5 327.4 324.5 321.8 321.4 318.8 313.6 307.2 303.7 300.6 296 294.8 292.9 290.1 287.3 285.6 284.2 283 280.8 277.9 275 272.1 269.1 266.9 263.6 256.9 252.5 251.2 252.8 251.9 246.5 234.6 218.9 225.2 240.6 247.3 261.3 275.2 288.1 297.9 305.3 311 315.2 315.3 315.5 317.4 319.9 323.8 330.4 335.2
442.5 436.5 432.3 429.1 426.8 424.6 420.5 416.9 413.7 410.1 409 405.4 402.5 398.5 394.1 389.2 384.9 380.5 374.7 372.6 369.5 363.8 357.3 349.8 345.3 342.8 340.7 338 333.8 328.3 324.7 319.4 320.5 317.9 311.7 305.1 303 300.6 297.4 292.8 288.6 286.8 284.6 283.1 281.2 279.9 278.2 276 273.7 270.9 267.5 263.6 260.2 256.7 252.1 252.5 254.9 253.5 248.6 239 226 222.3 232.2 253.6 266 280.1 292.9 302.7 310 315.3 318.6 318.8 317.6 317.8 319 324.3 330.6 338.3
439.9 435.9 431.5 428.4 425.9 422.7 418.8 415.1 412.2 409.6 406.4 402.3 398.4 395 390.9 385.2 380.1 374.3 369.6 363.7 360.6 355.5 349.2 344.4 341.5 339.4 338.3 336.7 333.5 329.7 324.3 320.4 317.7 314 306.4 303.1 301.6 300 297.3 294.3 289.8 286.8 281 278.8 278.2 276.7 274.8 272.9 270.8 267.8 264.8 260.3 255.3 251.6 249.8 252.1 253.1 251.4 247.2 240 231.3 221.6 229.7 257.1 268.3 283.1 295.5 305.6 312.6 318.2 321.8 322.7 322.6 322.7 325.2 329 334.5 342.5
439.5 435.7 432.1 428.6 425.7 421.5 416 412.7 409.8 407.7 404.5 400.5 396.1 390.1 386.2 380.1 374.4 367.1 361.8 356.4 353.2 349.1 343.7 339.9 338.3 336.2 335 334 331.3 327.3 322.5 318.1 313.6 308.7 302.9 300.6 299.2 298.6 296.5 293.8 290.7 287.2 283.4 280.3 273.6 272.2 270.8 268.7 266.5 263.5 261.2 257.1 252.3 248.8 247.8 248.1 247 243.8 242.3 238.4 231.1 221.5 231.1 249.3 270.4 285.2 297.1 306.4 313.9 319.6 323.2 324.2 324.9 327.8 331.4 336.7 338.9 343.4
439.5 435.5 432.1 428.2 425 421.2 416.6 411.1 406.2 403.3 400.3 396.4 392.1 386.8 380.6 374.9 367.9 359.5 354.6 352.5 349.1 344.2 341.4 338.7 338.2 336.9 334.9 332.2 328.6 323 316.4 311.7 307.6 305 301.8 298.9 297.6 297.1 295.3 292.8 289.2 285.5 282 278.8 274.9 267.4 267.6 263.7 259.5 258.5 256.2 252.9 247.3 241.1 238.1 237.6 237.6 235.9 236.4 233.3 228.2 226.5 240.9 260.3 277 290.1 299.5 308 315.4 320.1 323.3 325.1 328.4 331 335.5 341.2 343 344.3
438.4 433.9 430.2 425.9 422.2 417.9 413.4 409.1 404.1 398 394.1 390.5 386.9 382.1 375.9 369.9 363.2 356 348.7 348.2 347.1 344.5 341.6 340.3 339.7 339 337.6 334.5 330 324.3 319.3 314.4 309.2 304.8 300.8 295.2 292.8 295 293.2 291 287.1 283.1 280.5 277.5 273.9 268.4 263.6 258.2 254.2 250.2 249.1 246.3 240.9 235.2 230.9 228.6 232.9 231.4 227.5 228.4 225 235.1 253.9 269.6 284.4 295.9 305.7 313.3 318.6 320.8 324.3 326.1 331.2 334.9 339 343.7 345.2 346.4
435.4 431 425.9 422.3 417.6 413.3 409 404.1 400 394.7 389.2 383.1 378.8 374.6 370.1 364.6 359.1 353.8 346.9 343.1 343.3 341.9 341.2 341.4 340.6 339.9 337.7 334.6 330.6 325.4 319.7 314.4 309.3 304.6 300.8 296.4 290.1 288.1 288.7 287.3 284.1 281.1 279 276.1 273 269.2 265.4 261.7 258.1 251.6 243.4 241.2 239.1 230.3 232.6 231.4 230.7 228.3 225.1 227.3 231.2 248.5 263.4 277.6 290.7 301.5 310 316.7 320.2 322.4 324.9 328.8 330.9 334.8 341.4 346.1 348.1 351
431.5 427.1 422 416.1 412.3 408.6 405.4 401.2 397.1 391.4 386.6 381.1 374.6 367.8 362.5 359.3 355.6 350 345.1 343.5 342.3 339.7 339.3 340.2 339.8 338.1 335.4 332.6 328.5 323.3 317.6 311.8 307.2 303.1 299.5 295.5 291.7 287.3 280.9 278.5 279.5 278.6 275.6 272.5 270.3 267.9 264.9 259.6 253.7 247.5 241.1 237.9 234.2 234.1 238.6 238 232.4 229.1 229.2 238.5 250.3 258.8 271.6 283.6 295.4 304.6 311.8 317 320.7 323.3 325.6 329.2 333.2 334.7 341.1 345.9 348.9 352.7
426.5 421.3 415.6 410.8 406.6 403.9 400.7 398.5 395.5 390.9 385.4 379.3 373.1 367.3 361.2 354.5 350.6 347 344 343.7 342.7 340.2 337.5 336.7 336 334.6 332.1 328.4 323.6 318.7 313 308.2 303.8 299.9 296.2 293.1 290.2 287.2 283.4 280.8 277.4 270.1 265.3 264.8 265 263.6 262.7 257.7 247.1 239.7 237.1 235.5 231.9 238.3 242.8 242.5 238.4 233.5 236.5 247.1 257.3 267.7 279.5 290.2 298.9 306.3 310.3 317.4 320.8 324.1 326.9 331.3 334.7 338.1 343 345.7 348.1 351.6
418.4 414.1 407.1 403 401.3 399.6 396.8 394.4 391.9 388.1 383 376.6 370 363.5 358.2 352 346.1 341.9 340.8 340.5 340.5 339.3 337.6 335.2 330.7 329.4 326.5 322.2 317.7 313 309.7 304.2 300.2 296.7 292.9 289.7 286.9 284.6 282.7 280.5 279.2 276.5 274.5 269.1 259.6 253.1 257.2 249.7 236.5 235.2 234.2 235.5 233 242.4 245.2 243 237.7 241.1 248 255.5 262.5 272.4 283 293.8 300.8 307.1 313.1 318.2 320.8 324.3 327.4 330.6 335.8 340.5 345.1 347.2 348.1 350.8
411.6 404.2 401.2 398.4 397.7 396.1 394.3 391.5 387 382.6 377.2 371.4 364.7 358.4 353.7 347.4 341.3 336.7 334.3 334.3 335 335.1 335.1 333.8 330 324.8 318 315.7 312.2 307.8 303.7 300.4 297.2 293.7 290.2 287.4 284.9 283.6 282.3 280.9 279.1 277.1 275 272.1 268.7 260.8 243.9 239.2 236.6 237.6 237.7 237.4 240.8 245.6 245.5 241.3 242.8 249.1 255 264.2 273.3 282.1 290.5 297.6 303.3 307 313.2 317.8 322.2 324.3 327.3 330.5 337 342.6 345 349.1 350.4 351.3
402.6 398.1 395.5 393.7 393 391.7 389.7 386.5 383.8 377.4 368.8 363 358.8 354.5 348.8 342 336.9 332.1 329.2 327.6 327.7 329.5 329.7 328.9 326.2 321.4 314.4 309 305.1 302.4 299.7 296.7 294.5 292 288.5 285.2 283.2 282.7 281.7 280.5 279.2 277 274.7 271.5 267.6 258.7 243.8 236.5 239.8 241.6 244.2 246.1 248.4 247.3 243.7 242.7 252 259.6 268.2 268.1 280 288.9 296.2 300.5 306.6 312 316.4 322.6 326.4 329.2 332.2 334.9 339.7 343.9 346.8 350.8 351.8 352.6
396.4 392.4 389.4 387.7 387.6 386.9 384.6 381.1 377.9 372.3 365 358.1 355.1 350.9 346.3 339 335.5 331.8 327.9 324.5 323 322.1 321.6 322 321.2 317.8 313.2 307.8 300.9 293.9 295.2 293 290.8 288.5 286.3 283 281.2 280.3 279.5 278.7 277.3 276.2 274.1 270.8 263.5 250.9 239.1 242.4 243.7 245.4 250.4 254.3 251 246.2 244.7 250.7 260.6 270.3 276.8 279 282.4 288.8 294.5 298.2 303.4 311.9 317.8 323.4 327.7 331.9 335 338 341.6 345.5 350.1 353.2 354.8 356.3
389.2 387.4 383.8 382.1 381.3 381 379.6 376.8 372.9 367.3 360.9 355.1 352.9 350.1 345.3 338.1 333.9 331.4 328.2 324.4 320.2 317.3 316.4 315.9 316.9 314.4 310.5 305.9 300.7 295.6 290.2 285 286.4 284.6 283.4 281.1 279.2 277 276 274.7 263.9 261.2 264.8 264.8 258.6 239.7 245.2 249.4 252.4 254.8 260.3 256.1 249.8 247.8 248 259.5 271.3 279.2 283.7 287.3 295 302.9 308.3 311.8 312.1 313.4 314 320.5 327 331.7 335.3 340.6 345.1 348.4 351.1 355.7 359.5 362.1
384.5 382.6 379.4 377 375.6 375.1 374.2 372.3 369.2 363.7 357.3 354 351.1 347.9 344.9 339.3 333.8 330.4 327 323.5 319.6 317.3 316.5 314.6 310.3 307.8 306.8 302.6 296.9 293.5 289.2 283.6 282.8 282.5 281 279.1 277.2 275 271.8 260.1 249.5 244.7 243.1 245.8 243.3 254.4 255.5 258.6 261.1 264.6 262.2 255.9 248.9 250.5 254.9 267.7 281.6 288.5 290.9 295 302.4 309.2 315.1 320.5 325.4 326.3 325.1 324.5 329.9 333.6 337.4 344 349.9 353.3 355.9 358.6 362.9 366.4
381.5 379.8 376.3 372 369 369.1 368.2 368.1 366.3 363.3 357.7 354.4 351.2 346.8 342.5 338.4 334.7 330.6 327.4 325.2 323 320.7 319 317 314.1 310 306.3 302.2 297 291.7 280.7 278.7 270 275 280 278 275.9 272.5 264.3 246.5 248.6 249 247.9 245.7 245.3 260.5 266.5 266.4 267.1 266.7 263.7 258.2 253.4 253 264.7 275.7 285.9 294.4 300.7 306 311.7 314.5 317.5 322 327.1 331 332.2 332.2 334.7 337.4 341.2 344.5 350.5 355.2 357.8 360.3 362.6 364.8
377.3 376.9 375.3 373 369 364.4 362.3 362.6 362.4 361.5 358.8 355.4 352.3 348.3 343.3 338.3 334.6 331.3 329.4 327.8 325.6 322.7 319.5 316.2 312.9 309 305.7 301.9 297.2 292.1 287.5 283.4 280 266.4 274 271.8 266.3 258.8 254.4 249.5 259.2 262.1 259 255.3 262.6 270.5 272.4 273 271.8 270.2 266.9 261.5 255.3 257.7 274.3 282.7 290.8 297.8 303.4 307.5 313.5 318.9 323.7 326.3 328.5 332 334.8 335.8 337.3 340.5 344.7 347.6 351.1 354.8 357.1 359.3 361.6 362.1
375.4 372.9 371.8 370.8 367.6 362.6 358.1 356.2 357.7 357.7 357.7 355.4 352.6 348.2 342.7 337.7 333.1 329.3 327.3 326.5 324.1 321.1 318 314 310.3 306.9 303.7 299.9 296.1 291.4 287.3 284.3 281 275.2 260.5 259 252.8 249.8 256.2 264.2 269.1 269.9 270 272.9 273.6 269.4 275.7 276.7 276.9 276 273.7 269.6 262.5 258.9 281.4 288.3 295.9 301.8 305.3 309.4 313 318 322.1 327.7 332.1 334.2 337.2 339 339.5 341.9 345.2 348.7 353 356.3 358.2 360 360.6 360.5
375.5 372.4 370.1 367.9 365.6 363.5 359.6 356.6 351.8 352.7 353.4 351.8 351.2 346.6 341.4 336.1 330.9 326.2 324 322.4 318.8 315.9 312.5 309.2 306.3 303.4 300.4 297.5 293.9 290.3 287 283.7 280.7 272.6 257.6 251.6 252 265 270.8 273.7 275.9 275.5 276.2 276.5 277 274.6 275.7 280.6 281.8 281.7 281.4 277.9 273.1 265.1 276.9 293.4 299.8 304.9 308.2 311.2 316.3 319.6 322.9 326.5 331.9 336.4 339.6 342.4 342.6 344.8 346.6 347.8 350.9 354.7 357.8 358.3 359.4 359.4
376.2 374.5 372.6 370.7 369.1 366.8 363.7 360.3 357 353.3 346.5 343.1 348.3 344.8 340.3 335.1 329 324.1 320.5 317.5 315.8 311.5 306.7 303.7 300.1 298.5 296.4 294.2 290.7 288.4 285.3 282.6 272.9 259.2 254.1 254.9 263.4 276 279.5 281 281.4 281.5 280.8 281.8 282.1 281.4 280.5 282.7 286.8 289.2 289.2 287.4 283 275.8 269.7 284.7 301.2 307.6 313.9 318 321.2 323.4 327.1 330.7 333.8 337.5 340.8 343.8 344.7 345.9 346.1 346.6 348.1 353.1 355.7 356.8 357.9 357.6
378.2 375.8 373.6 371.3 368.8 367 364.1 361.3 358.5 355.6 352.6 347.2 334.9 339.5 336.8 333.2 327.7 323.4 319.3 316.4 311.8 307.8 304.2 301.5 298 294.4 292.1 290 288.6 286.5 281.8 273.9 260.6 254.6 258 265.7 275.4 282.1 285.6 286.8 286.7 286 284.8 286.8 287.1 286.3 287 288.5 290 293.5 296 295.2 291.2 283.2 273.2 291 302.1 308.2 314.3 319.2 323.4 325.9 328.5 331.6 334.8 337.5 340.1 343.4 344.5 345.7 345.9 346.1 347.9 351.9 354.5 355.5 356 355.7
378 375 372.8 369.6 367.1 364.6 362.2 359.9 357 353.9 350.9 346.7 342 331.9 326.8 329.3 325.6 321.5 317.5 313.3 310.2 305.4 301.3 298.5 295 291.4 288.7 286.2 284.6 282.9 273.9 264.2 257.7 257 273.3 280 283.6 287.6 290 291.4 292.4 291.1 288.9 291 291.1 289.7 291.1 293.2 295.3 297.7 300.3 302.1 297.9 289.2 278.7 296.7 294.4 302.6 309.2 315.5 322.6 326 328.6 330.6 334.5 336.6 337.1 340 342.8 344.6 344.9 344.3 345 348 350.4 352.8 354.3 353.6
372.8 371 368.8 366.3 363.8 361.7 358.9 356.3 353.2 350.4 347.5 343.6 339.2 334.9 329.4 317.3 320.9 318 314.5 311.4 307.9 303.2 299 296.2 292.4 289.3 287.1 283.6 283.1 280.4 270.4 261.7 255.3 268.4 283.2 285.4 289.2 292.8 295.3 296 295.6 294.8 295.5 295.6 295.2 295.2 298.3 302 304.9 308 309.8 308.7 304.1 296 282.5 303 304.2 312.4 319.7 324 324.9 328.8 330.8 330.7 335.8 337.8 336.2 337.3 338.4 341.6 343.2 342.8 342.2 342.6 345.1 347.3 350.2 350.5
366.5 364.6 363.4 362 359.9 357.1 354.4 351.5 348.3 344.9 341.5 337.9 334.5 330.8 326.3 321.3 310.4 312.7 310.9 307.7 304.7 300.6 297.4 295.8 292.8 289.8 287.4 284.6 281.5 279 268.8 256 262.9 278.5 284.6 287.4 292.5 296.4 299.1 299.2 298.3 298.6 301.5 304.2 303.9 304.1 306.7 309.6 313.8 316.7 318.2 315.9 311.7 304.3 297.4 298.3 310.8 320.6 328.3 332.1 333.8 334.9 335.1 333.4 339.6 342.5 340.9 337 337 337.8 338.5 339.7 340.1 339.6 339.6 341.9 344.4 345.3
359.9 358.1 356.6 355.5 354 350.8 347.5 344.9 341.8 338.1 334.7 332 328.4 325.9 321.9 317.4 312.6 303.8 305.8 303.8 300.7 297.4 296.1 294.8 293 289.8 285.7 285.2 282.8 275.9 259.1 259.9 272.2 282.6 285.7 289.1 294.2 298.5 301.1 302.2 303.2 307.1 310.4 313.7 314 315 317.1 319.4 320.8 321.3 323.5 321.7 317.2 311.8 307.3 307.5 313.4 326.2 334.8 338.5 337.9 338.6 337.5 336.9 341.5 345.6 345.8 343.1 340.8 338.6 339.4 339 338.7 338.4 339.1 338.4 337 338.1
353.5 350.3 350.3 349 345.8 343.3 340.6 337.7 334.2 330.8 327.9 325.8 322.4 318.9 316.2 312.9 308.4 302.3 299.1 298.2 296 295.3 294.9 293.5 291.1 289.1 282.9 277.9 276 264.2 258.8 270.6 278.4 283.2 286.8 290.5 294.6 299.1 304.4 308.2 311.5 316.8 321.4 324.4 327 328.2 328.5 328.2 328.2 326.7 325.7 322.2 318.1 315.5 312.3 308.4 316.1 330.9 338.8 341.8 342.1 341.2 338.5 341.5 342.7 347.4 348.1 345.5 345.3 343.1 341 338.4 337.4 337.3 338.4 339.2 336.9 333.2
346.3 344.4 343 340.1 337.6 336.1 333.3 330.1 326.6 323.8 321.4 317.8 315 311.9 309.4 305.9 302.9 299.5 295.2 293.7 294.5 294.6 294.2 292.6 289.7 285.7 277.6 267.4 263.3 260.3 264.7 278.8 283.4 285.4 289.7 293.3 296.5 302.4 309.9 316.2 320.7 326 331.3 335.4 337.2 336.8 336 333.2 331.4 329.3 325.1 320.4 321.6 320.7 316.8 314 324.3 334.7 340.8 342.6 341 341.8 340.9 346.2 347.7 348.1 350.6 348.8 346.8 343 337.9 335 337.2 337.2 337.6 338 336.4 334.7
339.4 337.4 334.7 332.2 329.9 326.7 324.6 322.8 320.5 317.4 314.8 311.2 307.8 304.9 302 299.4 296.9 294.2 291.6 290 293.8 294.3 293.5 291.7 288.1 278.7 263 261.6 260.3 260.1 278.5 284.2 287.3 288.8 291.9 295.4 299 307.5 315.3 323.1 329 334.7 338.8 341.6 342.4 341.3 339 335.7 332.1 329 324.9 326.7 328 325.6 320.8 318.6 328.6 335.8 339.8 340.7 339.7 341.8 343.8 350.5 352.5 349.4 351.1 350.5 346.8 339.7 335.3 334 336.4 337.4 339.1 338 335.7 334.3
332.9 329.6 327.6 325.3 322.1 319.7 317.6 315.9 314.1 311.3 308.1 304.4 301.1 298 295.8 293.6 290.9 289 286.1 290.7 293 294.1 292.9 290.6 284.7 271.4 264 262.3 268.4 280.4 285.8 288.1 290 291.2 293.8 296.9 304.4 312.6 320.7 328.9 334.8 340.5 343 343.9 343.9 341.6 337.9 335.2 333.7 329.6 328.6 331.3 331.9 329.4 324.7 320.9 331.8 337 337.2 340.4 341.9 343.5 346.3 354.4 356 352.8 350 349.8 345.7 342 338.6 335 332.5 337 337.4 336.4 337.3 334
325.9 322.3 319.6 316.7 314.4 312.7 309.1 306.8 305.8 304 300.1 297.1 294 290 287.4 285.7 284 285.2 284.6 289.9 292.7 293.2 291.8 289.3 284.8 270.3 263 265.7 275.6 286.3 289.6 290.3 291.4 292.9 296.1 301.3 308.8 318.6 326.6 333.2 338.6 344.2 344.1 343 342.3 341 337.2 336.2 334.8 333.2 332.5 333.9 334.2 331.2 325.6 323.7 337 342.8 344.4 343.7 343.9 346.1 351.4 356.9 357.4 354.6 349.6 348.5 348.7 347.9 344 338.3 335.4 331.7 334 335.5 336.3 334.4
318.2 314.8 310.6 309.9 310.2 307.9 302.9 299.9 296.7 293.1 289.9 285.9 282.9 278.7 277 275.2 274.4 275.9 279.9 286 289.7 289.4 283.7 279 280.2 269 263.4 270 278.6 285.6 288.6 289.9 291.5 294.2 298.2 305.2 313.7 324.2 331.8 338.9 344.8 347.5 346 343.1 341.3 339.6 337.6 336.5 335.5 334.7 333.9 334.4 332.8 330.7 325.9 330.8 342 347.6 349.5 348.6 347.8 348.9 354 357.6 356.8 352.2 349.2 350.6 352.6 351.9 347.8 341.2 338.4 334.8 330.5 329.5 332 331.3
309 306.8 305.6 306.1 307.9 306.7 303.3 298.2 288 281.5 280.3 280 279.1 279.6 279.5 278.5 274.9 273.1 271.5 274.7 278.2 277.7 270 267.1 265.5 265.1 264.6 270 278.9 286.5 288.2 293.3 297.2 298.7 302.4 310.7 320.1 330 337.2 344.7 348.8 350.1 348.3 346.1 344 342 339.3 338.2 336.7 334.6 334.1 334.1 333.7 332.1 331.6 337.7 345.8 350.4 351 349.2 353.1 353.5 352.9 355.7 354 351.1 350.4 351.3 353.7 353.5 350.3 344 339.4 337.6 333.7 327.1 326.3 323.5
