ny/ny06_OST50GRID_20230518/NY06.asc
ncols 200
nrows 200
xllcorner 300000
yllcorner 560000
cellsize 50
[rows 40 to 79 of 200, columns 0 to 88 of 200]
18.7 19 19.7 21.9 25.1 29 35 42 47.6 50.2 52.1 53.6 55.2 56.7 58.8 61 63.5 66 69.3 74.1 76.7 79 79.9 81.1 82.4 83.2 83.5 84 87.8 97 100.8 98.9 92.7 82.7 73.4 66.6 63.1 60.1 57.7 56.5 56.4 56.7 57.3 58.9 62.2 66.6 72.6 77.7 80.9 81.6 81.6 79.8 75.7 68.5 58.3 45.1 32.8 20.6 11.5 9.8 8.4 9.2 9.2 8.5 4.4 8.9 7.2 9.5 9.1 9.5 9.5 9.3 9.4 9.8 9.6 9.7 10.4 11 11.3 12.5 12.4 12.2 12.1 12.1 12.2 12.4 12.6 12.4 11.4
19.3 19.6 20.9 23.4 27.1 31.5 37.9 46.2 52.1 55 57.3 58.5 59.9 60.9 62.9 64.7 66.2 67.7 70.1 74.5 76.7 77.3 78 79.2 79.6 80 80.3 81.4 84.2 91.5 94.9 95.4 91.2 83.5 74.9 67.2 63.9 61.2 58.7 57.1 56.7 57.1 57.4 59.2 62.2 65.9 71.8 76.8 80.5 81.1 80.9 78.9 74.7 67.2 57.9 45.6 32.7 21 11.2 9.4 8.6 8.9 9.2 9.4 9.4 9.2 7.9 4.9 9.2 9.6 9.2 9.3 9.5 9.6 9.8 9.8 9.9 10.6 10.6 11.6 12.2 12.3 12.2 12.2 12.3 12.4 12.4 11.7 11
19.2 19.9 21.8 25.4 30.5 35.8 42.3 49.6 55.5 59.3 62.6 63.9 65.1 65.1 66.6 68.4 69.9 71.2 72.5 75.7 77.3 76.3 76.1 76 76.3 76.7 77 78.3 80.9 86.4 89.9 90.4 88.4 82.4 75.7 68.6 63.7 61.6 59.1 57.3 56.6 56.9 57.3 58.9 61.4 64.7 70.2 75.2 79.9 80.6 80.3 77.9 73.5 66.5 57.5 46.1 33.5 20.9 11.2 8.7 8.8 8.6 9.1 9.4 9.2 8.4 8.8 8.4 5.8 9.1 9.2 9.6 9.7 9.8 9.8 9.7 10 10.2 10.2 10.4 11.3 11.7 10.9 10.2 10.5 11.2 11.7 11.1 10.7
19.1 20.8 24 27.9 33.3 39.3 47 54.4 64.4 68.9 71.6 71.9 70.8 69.6 70.7 72.1 73.5 75.1 76.1 77.5 79 76.9 74.3 72.6 73 73.3 73.4 74.3 77.2 81.1 84.9 84.8 84.6 81 75.6 69 63.4 61.8 59.5 57.6 56.5 56.7 57 58.4 60.5 63.7 68.2 73.2 78.2 80.1 79.6 76.8 71.8 65.3 56.5 46 34 20.9 10.4 10 9.3 9.2 9.2 9.4 8.9 4.3 7 7.7 8.7 9.6 9.6 9.7 9.7 9.8 9.8 9.7 9.5 10 10.3 10.4 10.6 10.6 10.3 10.3 10.4 10.8 11.3 11.2 10.4
18.8 22.2 25.4 30.1 35.9 42.6 50.9 59.8 68.4 74.2 77.5 77.9 78.2 76.5 75.9 76.9 78.9 80.3 80.8 81.5 82.5 79.4 73.7 69.8 69.6 69.4 69 69.8 72.6 76.5 80.2 81.2 80.7 78 73.7 68.2 63.2 61.5 59.8 57.7 56.3 56.4 56.8 57.9 60.2 63.4 67.3 72.1 77.1 79.4 78.7 75 69.8 63.1 55.5 45.3 32.6 19.7 10.4 10.1 9.6 9.4 9.3 9 8.1 6.1 9.6 9.6 9.7 9.8 9.8 9.8 9.8 9.8 9.8 9.7 9.6 10.1 10.2 10.3 10.3 10.2 10.2 10.3 10.3 10.7 10.9 10.8 10.4
17.9 22.7 26.5 31.4 38 44.7 54.4 63.6 74 81.2 82.9 82.3 83.5 83.2 82 82.2 84.1 86.7 86.4 86.3 86.2 83.9 75.5 68.7 65.4 64.7 64.3 65.1 67.2 70.7 74.8 77 77.2 74.8 72.1 68 63.5 60.9 59.4 58 56.5 56.2 56.5 57.6 60 62.8 66.3 71.1 75.6 78 77.5 73.3 67.5 60.9 53.6 44.3 26.2 16.3 10.1 10 9.7 9.3 9.1 9.3 4.4 4.3 9.6 9.7 9.9 10 9.9 9.8 9.8 9.7 9.7 9.8 9.8 10 10 10 10.1 10.1 10.1 10.1 10.3 10.5 10.4 10.3 10.3
16.9 22.5 27.1 32 39.4 47.2 56.6 67.1 79.9 85.6 86.8 85.9 86.9 88.1 86.6 86.6 88.3 91.6 91.8 91.9 90.3 86.6 79.4 70.6 63 59.9 59.8 60.4 61.9 64.6 68.4 71.9 73.3 71.8 69.1 66.4 63.6 61.4 59.4 58.3 56.9 56.2 56.3 57.5 60.1 62.4 65.4 69.6 73.9 76.3 75.1 71.6 65.9 58.7 51.1 42.4 33.2 20.8 10.3 10.5 9.9 9.4 9.2 8.5 6.7 6.7 9.1 9.4 9.9 9.9 9.7 9.6 9.6 9.6 9.6 9.7 9.9 9.9 9.9 10 10 10.1 10 9.9 10.1 10.2 10.1 9.9 9.8
16.1 22.1 27.7 32.7 40.7 49.5 59.2 70.5 82.8 88.4 89.9 88.5 88 89.1 89.3 89.2 90 93.9 95.8 95.8 95.7 88 81.7 73.7 64.4 57.7 55.5 55.5 57.1 59.5 63 66.2 68.9 68.8 67.3 65.5 63.6 61.9 59.8 58.5 57.3 56.9 56.7 57.4 60 62.6 65.8 69.7 73.3 74.9 73.9 70.1 64.9 57.6 49.8 40.9 31.8 18.8 10.8 10.8 10.1 9.5 9.3 9.2 9.3 7.4 9.2 9.7 9.8 9.9 9.9 9.7 9.4 9.6 9.8 9.9 10 9.9 9.9 10 10 9.9 9.8 9.7 9.8 10 9.9 9.8 9.7
15.5 21.6 28 35.3 42.1 51.4 61.2 72.1 84.4 89.5 91.9 91.3 89.7 89.5 89.6 89.2 89.8 93 96.8 97.1 96.6 91.1 83.7 75.6 67.1 56.7 52.8 50.7 52.5 54.5 57.7 61.1 64.2 66.2 66.2 64.8 63.2 61.7 60.6 59.2 58 57.5 57.3 57.4 60 62.9 66.3 69.9 73 73.9 72.1 68.3 63.4 56.3 48.5 39.5 30.5 19 11.4 10.7 10.1 9.4 9.3 9.2 6.7 5.7 9.4 9 9.8 9.8 9.9 9.9 10 9.8 10 10.1 10.1 10 9.9 9.9 9.9 9.8 9.7 9.6 9.6 9.9 9.8 9.7 9.6
16.2 21.1 28.8 37.1 43.6 53.5 63.4 74.4 84.3 89.2 91.3 91.8 90 89.2 88.1 87.7 88.4 89.4 93.5 94.7 93.9 91.4 85.2 77.3 68 58.6 51.6 47.5 48.6 50.1 53 56.1 59.1 62.4 63.8 63.6 62.5 61.9 61.4 59.8 58.8 58.1 57.9 58.2 60.5 63.7 67.4 71 73.7 73.5 70.9 67.2 61.8 55.3 47.3 38.7 29.5 20 11.9 10.4 9.7 9.2 9.1 8.5 7 -1.9 5.5 -1.9 -1.9 9.8 9.8 9.5 9.7 9.9 10.2 10.3 10.2 10.1 10 9.9 9.8 9.7 9.6 9.5 9.4 9.7 9.7 9.6 9.6
16.1 20.4 28.4 37.6 44.3 55 65.5 77.2 85.5 89.3 90.6 90.9 89 88.3 86.3 85.4 85.4 85.4 88.1 90.3 90 87.6 83.9 78.6 67.8 59.6 51.6 46.5 45.4 46.8 48.9 52 55.2 58.4 60.9 62.3 62.5 62.2 61.9 60.8 60.2 59.7 59.3 59.4 60.9 64.6 69 72.7 74.7 74.6 70.8 66.2 60.4 54 46.1 38 29.3 19.2 11.9 10.8 10.6 10 9.2 8.9 8 -1.9 9.1 -1.9 -1.9 9.7 8.4 7.5 9.3 10 10 9.5 9.4 9.3 9 9 10.1 10.1 10.1 10 9.7 9.7 8.9 9 9.1
16.7 20 28.2 36.3 46.9 57.5 67.6 79.5 86.2 89.4 90.5 89.9 88.3 86.7 84.2 82.8 82.1 82 82.4 84.8 84.8 83.2 80.3 75.1 68.6 59.9 51.8 46 43 43.5 45.6 48.6 51.7 55 58.5 60.3 61.6 61.7 61.8 62.1 61.4 61 60.8 61.1 61.9 65 69.6 74.2 76.5 75.3 71.2 66.3 60.5 53.5 45.8 38.9 30.1 19.5 12.4 11.5 10.9 10.2 9.4 9 8.9 7.1 -1.9 -1.9 -1.9 9.4 8 7.7 -1.9 -1.9 9.1 10 10.1 9.9 7.9 7.8 9.4 10 9.9 8.7 8.5 8.7 9 8.2 8.9
16.9 20.1 27.2 35.4 48.1 59.7 69.3 80.8 87.5 90.1 90.7 90.3 89 86.5 82.4 80 78.8 78.5 78 78.9 79.5 78.5 75.8 71.6 66.4 59.7 51.8 46 42.4 42.3 42.1 45.6 49 52.5 56.2 58.8 60.8 61.8 62.1 62.6 62.7 62.5 62.9 63.3 63.7 66.1 70.2 75 77.3 75.8 72.1 66.5 60.6 54.4 47.3 38.7 31.3 20.6 12.4 10.9 10.7 10.3 9.5 9.2 8.6 7.7 7.5 -1.9 -1.9 9.1 8.1 -1.9 -1.9 -1.9 7.5 7.5 9.2 9.5 8.2 7.6 6.8 -1.9 8.6 7.7 7.4 7.5 7.6 8.1 8.6
16.4 19.9 27.2 35.5 48.7 59.9 68.9 79.4 87.7 90.9 91.4 92.1 89.6 86.5 82 77.2 76.1 75.1 75.3 75.4 74.6 73.7 71.9 67.7 63.1 58 52 45.8 42.9 42 41.4 43.9 46.7 50.2 54 57 59.9 61.4 62.6 63.4 64.2 64.4 64.9 65.3 66.1 67.7 71 76.2 78 76.4 72.6 67 60.9 55 47.9 39.3 31.9 22.2 12.1 10.6 10.4 10.1 9.7 9.4 8.7 7.7 8.2 7.3 -1.9 -1.9 -1.9 -1.9 9.1 -1.9 -1.9 7.8 8.1 8.1 7.2 -1.9 -1.9 -1.9 -1.9 7.2 7.2 7.2 7.2 7.6 8.1
14.1 18.7 25.5 35.3 49 58.7 66.9 75.7 86.5 90.3 90.8 91 88.9 86.1 81.1 74.4 72.7 71.4 71.6 70.9 69.8 69.1 67.9 64.4 59.9 55.8 51.2 45.9 42.5 40.7 42 43.2 45.2 49.1 52.5 55.7 59 61.9 63.3 64.5 65.6 66.4 66.9 67.7 68.6 69.7 72 76.7 78.6 77.2 73 68 61.7 55.6 49.8 41.4 32.9 24.2 12.7 10.4 10 10 9.9 9.7 9.3 8.2 7.6 6.4 10.2 -1.9 9.2 -1.9 -1.9 9.2 -1.9 7.8 7.9 7.6 -1.9 -1.9 9.1 -1.9 -1.9 6.9 7.5 7.3 7.1 7.8 8.9
11.4 15.6 22.9 34.5 49.3 56.2 62.9 70.8 80.4 86.8 87.1 86.6 85.7 83.7 79.3 72.7 69 67.7 67.2 66.1 65.1 64.3 63 61 57.2 53.1 49.3 46.1 42.7 40.3 42.4 43.3 44.7 47.8 51.3 55 58.7 61.8 64.2 65.6 67 68.4 69.3 70.2 71.1 71.9 74.3 77.1 79 77.8 73.4 68.4 62.5 56.3 50.3 42.5 34.2 26.6 16 10.4 10 10.1 9.8 9.6 9.5 8.8 7.6 6.9 9.3 -1.9 -1.9 -1.9 -1.9 -1.9 -1.9 7.3 7.6 7.1 -1.9 9.5 9.3 9.2 -1.9 -1.9 -1.9 6.5 7.1 7.8 9.5
8.7 12.7 19.7 30.2 43.8 52.8 59.8 65.6 73.9 80.5 82.1 81.5 80.1 78.7 76.1 71.5 67.5 63.6 62.4 61.4 60.3 59.3 58.1 57.2 54.5 50.5 47.4 44.3 42.6 41 40.8 43.1 44.2 47.7 51.4 55.1 58.8 61.9 64.6 66.8 68.4 70.5 71.5 72.5 73.6 74.6 76.5 79.1 79.6 77.9 74.2 68.7 63 57 50.8 44 35.9 28.7 17.7 11.4 10.1 9.8 9.7 9.6 9.3 9.3 9.2 9.4 9.5 -1.9 -1.9 10 -1.9 -1.9 7.3 -1.9 -1.9 -1.9 -1.9 9.5 9.5 9.4 9.4 7.1 -1.9 -1.9 -1.9 8.4 -1.9
5.5 9 13.8 25.4 37 48 54.9 61 68.7 74.7 76.6 75.7 74.4 73.3 71.4 68.1 64.4 60.8 57.8 56.7 55.6 54.6 53.6 52.6 50.9 48.7 45.3 42.8 41 40.1 40.9 42.1 44.2 47.8 51.5 55.2 58.9 62.1 64.9 68.1 70.4 72.6 73.5 74.5 75.6 76.9 79 80.6 81.2 78.9 74.9 69.4 63.4 57.4 51.4 44.6 37.5 30.2 20 12.8 10 9.7 9.6 9.5 8.9 8.5 8.1 8.5 9.6 9.9 10.1 10.2 9.9 -1.9 -1.9 -1.9 10.3 10.2 8.8 9.4 9.4 9.4 9.5 9.1 7 -1.9 -1.9 -1.9 5.8
4.3 5.6 10.1 18.2 30.4 43.3 49.9 56.2 63.2 68.8 70.8 70.9 69.7 68.1 67 63.9 60.9 58.1 54.6 52.9 51.8 50.9 49.8 48.5 47.2 45.4 43.6 41.6 40.2 40.9 42.1 42.5 44.9 48 51.6 55.4 59.1 62.4 65.4 69.3 72.9 74.7 75.5 76.6 77.6 78.8 80.8 82.5 82.3 79.9 75.6 69.9 63.9 57.9 51.7 45.1 37.9 30.6 21.3 13.6 9.9 8.5 9.8 9.5 9.6 9.8 8.9 8.3 10 10.1 10.2 10.3 10.3 10.2 10 10.1 10.2 10.3 8.4 9.4 9.6 9.7 9.8 9.5 7.1 -1.9 5 -1.9 7.5
4.8 4.4 6.2 11.4 23.1 37 44.6 51.4 57.8 63 65.6 66.5 65.1 64.3 62.6 60.2 57.4 54.7 52.1 49.7 48.2 47 45.9 44.8 43.6 42.6 41.9 40.9 40.5 41.7 42.8 43.9 46.3 49.8 53.3 56.9 60.4 63.5 66.1 70.6 75 77 77.8 78.6 79.6 80.7 82.5 83.9 84.1 81 76.2 70.2 64.1 58.1 52.1 45.8 39.2 32 23.5 14.7 10.9 9.7 9.5 9.4 9.9 10.3 9.8 8.9 9.8 10.3 10.3 10.4 10.4 10.4 10.2 10.2 10.5 10.7 8.4 8.6 9.1 9.7 10 9.6 9.3 9.7 9.8 10.1 -1.9
4.7 4.2 4.7 6 13.1 28.8 40.1 46.5 53.5 57.9 60.8 62.1 61.7 61.8 60.5 57.6 54.6 51.4 49.1 46.9 45.1 43.6 42.9 41.9 41.3 40.9 40.7 39.8 40.4 41.5 43.1 45.5 47.9 51.5 55 58.6 62.2 65.1 67.7 73.5 77.3 79.1 80.2 80.8 81.7 82.5 83.9 85.5 85.4 82.7 77.6 71.6 65.6 59.5 52.9 46.3 40.2 32.8 25.1 16.2 12.1 9.5 9.5 9.5 9.6 10.4 9.5 8.7 9.1 10 10.4 10.4 10.4 10.4 10.4 10.3 10.6 10.7 7.4 9.4 9.8 10 10.2 10.2 10 10.2 10.3 10.4 -1.9
3.9 4.6 4.3 5.5 8.3 17.5 31.6 42.1 49 53.7 56.7 58.3 58.7 58.6 58.2 55.6 52.3 49.2 46.6 44.2 42 40.8 40 39.3 39.1 38.9 38.7 39.3 40.2 41.5 43.7 46.4 49.7 53.2 56.8 60.3 63.9 66.7 70.6 75.6 78.7 80.8 81.9 82.8 83.8 84.1 85.3 86.4 86.8 84 79.3 73 66.8 60.1 53.4 46.8 40.9 34.3 27.3 18.4 13 9.6 9.5 9.5 9.4 10.2 9.2 9 9.4 10.1 10.4 10.4 10.4 10.4 10.5 10.2 10.1 9.6 9.4 9.7 10 10.2 10.3 10.3 10.3 10.4 10.3 10.2 -1.9
3.2 4.7 4.4 4.7 6.4 10.4 22 33.9 43.5 50 53 55.6 55.7 55.6 55.4 53.9 50.7 47.8 45.1 42.6 40.4 39 38.2 37.3 37.2 36.7 34.8 38.5 40.4 41.6 44.1 47.6 51.2 54.9 58.7 62.2 65.8 69.2 72.6 76.6 79.4 82.2 83.8 85.2 86 85.9 86.4 87.4 88.3 85 80 74.1 67.4 60.8 53.9 47.1 41.6 35.9 28.7 20.7 14.5 10.6 9.5 9.5 9.9 10.1 9.3 9 10.1 10.3 10.4 10.5 10.5 10.5 10.4 10 9.5 9.4 9.5 9.8 10 10.3 10.4 10.3 10.2 10.2 10.2 10.1 10.1
2.4 4.5 4.5 4.3 5.7 6.9 12.8 24.5 35.1 44.1 49.1 51.9 52.7 52.7 52.5 51.6 49.3 46.4 43.7 41 38.9 37.2 36.3 35.4 35.1 35 36.4 37.8 40.1 42.4 44.5 48.6 52.6 56.3 60.1 64 67.7 71.1 74.1 77.5 80.1 82.8 85.2 86.5 87.4 87.8 87.5 88.5 89.6 86.7 80.5 74.5 67.8 60.9 54 47.3 41.8 36.4 30.4 22.6 16.1 12.1 9.6 9.8 10.2 9.8 9.4 9.9 10.3 10.4 10.5 10.5 10.3 10.3 10.3 10 9.2 9.7 9.7 9.9 10.2 10.6 10.5 10.4 10.2 10.1 10 9.9 9.2
1.6 3.9 4.7 5.2 5.6 5.9 6.6 16.5 26.7 36.2 42.8 47.1 48.6 49.2 49.6 48.8 47.2 44.8 42.1 39.4 37.6 35.7 34.5 33.6 32.8 33.7 35.1 36.9 39.5 42.7 45.8 50.1 53.9 57.7 61.4 65 69.1 72.6 75.8 78.2 80.8 82.9 85.1 86.6 87 87.7 88.4 90.6 91.6 87.9 80.8 73.6 66.9 59.7 53.3 47.5 41.9 36.8 31.3 24.6 17.9 13 9.9 10.2 10 9.5 9.4 10.4 10.5 10.5 11 10.6 10.4 10.3 10.1 9.8 9.4 8.7 9.8 10.1 10.4 10.7 10.6 10.4 10.4 10.5 10.2 9.9 8.4
0.8 3.5 4.7 4.6 4.5 5.3 7.1 11.2 20.7 29.3 36.6 41.6 44.7 45.4 45.9 45.7 44.3 42.5 39.9 38.2 36.5 34.6 33.2 31.8 31.1 32.8 34.5 36.3 39 42 45.4 49.9 54.5 58.6 62.3 66.2 70.4 73.7 76.7 78.9 81.3 83.1 83.8 85.4 85.7 86.5 87.4 90.1 92.9 89.6 80.7 72 64.6 57.4 51.7 46.4 41.5 36.6 32.1 25.9 19.8 13.9 10.4 10.5 9.9 9.7 10.3 10.3 10.3 10.7 11.6 10.6 10.5 10.3 10.2 9.8 9.5 9.3 9 10.3 10.8 10.8 10.6 10.5 10.6 10.6 10.6 10.6 9.9
-0.2 -1.9 4.7 4.6 4.5 4.4 6.5 6.4 15 23.4 30.6 36.5 39.8 41.5 42.2 42.3 42.1 40.2 38.6 36.9 35.2 33.4 32.1 30 28.7 31.1 33.1 35.4 38.1 41.3 45.3 49.8 54.5 59 63.4 67.5 71.3 74.3 77.5 79.5 81.4 82.4 81.8 82.4 82 82.4 83.7 86.4 91.2 90.9 80.4 70.6 62.7 55.2 49.3 44.4 40.3 36.5 32.4 27 21.1 15.4 11 10.1 9.8 9.9 10.3 10.3 10.5 11.8 11 10.7 10.5 10.4 10.3 10.2 10 9.7 9.5 9.2 10.6 10.8 10.7 10.6 10.7 10.7 10.9 11 11
-1.9 -1.9 4.7 4.7 4.5 4.4 5 5.9 9.9 17.5 25.2 30.9 35.4 37.4 38.6 38.6 38.5 38.4 36.8 35.4 33.9 32.3 30.7 29.4 26.8 29.5 32.1 34.6 37.2 41.1 45.1 49.7 54.2 58.9 64 68.8 72.1 74.6 78.4 80 81.1 81.2 79.1 77.6 76.5 76.3 76.8 80.1 84.6 85.9 80 69.4 60.9 53.2 47 42 37.9 34.6 31.2 27.4 21.2 15.5 11.1 10.3 9.8 10.3 10.5 10.5 11.1 11.1 10.5 10.5 10.5 10.4 10.3 10.4 10.4 10.2 9.9 9.7 9.6 10.4 10.6 10.9 11 11.2 11.3 11.2 10.8
-1.9 1.5 4.7 4.7 4.5 4.3 4.3 5.2 6.3 11.7 19.5 25.4 30.7 33.9 35.2 35.2 35.2 35.3 34.9 33.4 32 30.8 29.8 28.6 27.5 28 30.8 33.5 36.8 40.6 44.4 49 53.7 58.9 63.9 68.8 72 74.1 77.4 79.5 79.3 79 75.7 72.7 70.7 69.3 69.5 72.5 75.8 80.2 76.3 68.1 58.9 50.9 43.8 39.3 35.8 32.6 29.3 25.9 21.1 14.4 10.8 10.4 10 10.6 10.7 10.9 11 10.6 10.4 10.4 10.3 10.3 10.4 10.5 10.6 10.6 10.3 10.1 10 9.8 10.6 11 11.5 11.3 11.1 10.6 10.8
-1.9 1.4 4.7 4.6 4.4 4.2 4.4 5 5.9 8.4 11.6 19.9 26 30.4 32.1 32.1 32.3 32.7 32.6 31.7 30.1 29 28.2 27 26.1 27.5 29.4 32.2 35.5 39.4 43.4 48.1 53.4 58.6 64 68.5 71.4 73.2 74.9 77 77.2 76.1 72.8 68 64.2 62.8 61.7 63.8 66.3 69.9 71 65.3 57.2 48.9 42.3 37.3 33.3 30.4 27.5 24.1 19.6 13.4 10.6 10.2 10.2 10.8 11.1 10.7 10.5 10.4 10.4 10.3 10.3 10.3 10.4 10.5 10.6 10.7 10.5 10.4 10.5 10.4 10.4 10.7 11.4 11.1 10.8 11.1 11.1
-1.9 0.5 -1.9 4.2 3.6 4.1 4.3 4.6 6 7.5 9.9 11.9 21.2 26.5 29.1 29.9 30.1 30.5 30.4 29.8 29.2 27.3 27 26.5 25.5 27 28.7 30.9 34.1 38.2 42.5 47.2 52.2 57.3 62.5 67.9 70.7 71.5 72.5 73.7 73.1 72.3 68.9 63.8 59 56.3 55.1 56.6 57.7 59.2 62.3 61.2 54.7 47 41.2 35.8 31.2 28.1 25 21.3 17.1 11.5 10.3 9.9 10.4 11 11.2 10.6 10.4 10.4 10.4 10.3 10.3 10.3 10.3 10.4 10.5 10.7 10.7 10.7 10.8 10.8 10.5 10.5 11.1 11.1 10.8 10.8 10.7
-1.9 -1.9 -1.9 4.7 4.4 4.1 4.1 4.4 6.3 7.9 9 9.7 12.8 21.3 25.4 26.8 27.5 28.3 28.7 28.2 27.6 26.5 25.7 25.2 23.1 26.1 27.6 29.6 32.7 36.7 41 45.8 51.3 56.7 62.1 67.2 69.2 69.2 70.1 70 68.7 67.2 64.7 59.8 55.4 50.8 48.2 49.7 51.3 52.4 53.9 55 51.4 45 39.2 34.5 30.3 26.9 23.5 21 16 11.9 10.2 10.2 10.5 10.7 10.8 10.4 10.4 10.4 10.4 10.4 10.3 10.3 10.4 10.4 10.5 10.6 10.7 10.7 10.7 10.7 10.4 10.3 10.7 11.3 11.1 10.8 11.1
-1.9 -1.1 2.8 4.7 4.7 4.4 4 4.3 6.1 7.7 8.8 9.5 10.5 14.8 20.2 23.7 25 26 26.6 26.6 26.1 25.7 24.9 23.5 23.3 25.5 26.9 28.3 31.4 35.2 39.5 44.9 50.3 55.4 62.4 66.2 67.5 67.4 67.4 66.1 64.3 62.7 59.4 55.4 51.2 46.7 43.2 43.6 45.1 46.5 48 48.9 47.7 42.8 37.3 32.8 28.8 25.4 22.5 20.3 14.6 10.7 10.4 10.5 11.2 10.9 10.5 10.3 10.3 10.4 10.4 10.4 10.4 10.4 10.4 10.4 10.5 10.6 10.6 10.6 10.6 10.6 10.5 10.6 10.5 11 11.5 11.5 11
-1.9 -1.9 1.9 4.7 4.7 4.6 4.3 4.4 5.9 7.3 8.4 9.2 9.6 12.7 16.6 19.6 22 23.6 24.4 24.8 24.5 24.2 23.7 21.9 22.7 24.1 25.2 27.1 30.3 33.8 38 43.8 49.5 54.8 62.5 64.9 65.7 65.4 64.2 62.8 60.7 58.3 55 50.7 46.3 42.6 39.8 38 39.7 41.5 43.2 45 43.7 40.7 35.7 31.2 27.3 23.9 21.2 18.4 11.7 11.1 11 11.2 11.1 10.9 10.6 10.4 10.4 10.4 10.4 10.4 10.4 10.4 10.4 10.4 10.4 10.5 10.5 10.5 10.5 10.6 10.5 10.5 10.5 10.7 11.2 10.8 10.3
-1.9 -1.9 1 -1.9 4 4.4 4.2 4.6 5.7 6.7 7.8 8.2 9.4 11.6 13 15.4 18.3 20.8 22.2 23 22.8 22.7 22.7 20.9 19.6 23.2 24 26.1 28.8 32.2 36.6 42.5 47.8 52.8 59.8 64.3 63.5 62.4 61 59.4 56.9 54.5 50.7 46.1 42.4 39 36.3 35 35 36.9 39.3 41.5 40.4 37.5 34.2 29.5 25.6 22.4 18.7 13.5 11.2 11.4 11.3 11.1 11 10.8 10.7 10.5 10.5 10.5 10.4 10.3 10.3 10.4 10.4 10.4 10.4 10.5 10.5 10.5 10.6 10.6 10.5 10.4 10.4 10.4 10.9 10.2 10.1
-1.9 -1.9 -1.9 -1.9 -1.9 -1.9 -1.9 4.5 5.3 6.1 7.5 8.8 9.5 10.3 12.3 12.7 13.1 16.2 20.1 21.1 21.4 21.3 21.3 19.9 19.4 21.5 22.8 24.8 27.3 30.9 35.5 40.9 46 50.8 56.7 61.8 61.5 59.1 57.7 55.6 53 50.3 46.5 42.2 38.6 35.5 32.9 31.8 31.4 33 35.6 37.3 37.6 34.5 31.4 28.1 23.9 20 14.5 11.6 11.6 11.1 10.7 10.7 10.7 10.6 10.6 10.5 10.4 10.3 10.3 10.3 10.3 10.3 10.3 10.3 10.4 10.5 10.5 10.6 10.6 10.6 10.6 10.4 10.3 10.3 10.2 10.3 10
-1.9 -1.9 0.5 4.2 -1.9 -1.9 -1.9 4.3 4.7 6.2 7.9 8.5 9.2 9.9 11.2 12.1 12.6 12.8 14.5 19.1 20.3 20.2 20 18.1 17.4 19.8 21.3 23.8 26.1 28.8 33.2 37.8 43 48.2 53.4 59.7 59.1 55.7 54.1 51.6 48.8 46 42.9 38.8 34.6 32 29.8 28.7 28.8 29.8 31.9 33.7 34.2 32.2 28.8 25.7 22 16 12.2 11.1 11.1 10.8 10.7 10.7 10.7 10.6 10.5 10.4 10.3 10.2 10.2 10.2 10.2 10.3 10.3 10.3 10.4 10.5 10.6 10.6 10.7 10.7 10.6 10.5 10.4 10.2 10 10 9.9
-1.9 -1.9 1.6 4.5 -1.9 -1.9 -1.9 4.2 4.7 6.9 7.6 8.3 8.9 9.5 9.9 10.5 11 11.6 12.6 15 17.6 18.3 17.7 15.7 17.2 18.7 20.3 22.6 24.5 27 30.7 35.2 40.3 45.5 49.9 55 56.3 53 50.2 47.7 44.9 42 39.7 35.6 32.2 29.8 27.2 26.3 27 28.2 28.8 30.2 31.2 30.1 27 23.1 17.2 12.9 11.5 11.1 11.1 10.9 10.8 10.7 10.7 10.6 10.4 10.3 10.1 10.1 10.1 10.2 10.2 10.2 10.3 10.3 10.4 10.5 10.6 10.7 10.7 10.7 10.6 10.5 10.2 9.9 9.8 9.7 9.6
-1.9 -1.9 -1.9 2.9 1.5 1.1 -1.9 -1.9 -1.9 6.2 6.9 7.5 8 8.5 9 9.3 9.6 10.2 10.9 12.9 15.7 16.1 13.8 16.7 19.1 19.4 19.7 20.8 22.9 25.5 28.2 32.8 37.5 42.7 47 49.8 52.2 50.1 46.6 43.8 41 38.5 36.3 33 30.1 27.6 25.1 24.5 25.3 26.8 28.1 28.3 28.9 27.3 25.1 20.1 13.7 11.9 11.1 10.7 11 10.9 10.8 10.7 10.7 10.5 10.3 10.2 10.1 10.1 10.1 10.2 10.2 10.2 10.3 10.3 10.4 10.5 10.6 10.7 10.7 10.7 10.5 10.2 9.9 9.7 9.6 9.5 9.4
-1.9 -1.9 -1.9 1.1 4.7 2.4 1.7 2.9 -1.9 -1.9 5.9 6.5 7 7.5 7.8 8 8.3 8.9 9.5 10.7 12.9 11.6 15.8 17.8 18.5 19.2 19.8 20.4 21.3 23.7 26.5 30.6 34.9 39.8 43.8 45.3 47 47 43.2 39.9 37.3 35.2 33 30.4 27.9 25.4 23.6 23.3 23.7 25.8 27.3 27.6 26.9 25.1 21.7 15.6 12.6 11 10 10 10.8 10.5 10.5 10.5 10.5 10.3 10.2 10 10.1 10.2 10.2 10.3 10.3 10.2 10.2 10.3 10.4 10.5 10.6 10.7 10.6 10.4 10.2 9.9 9.7 9.5 9.4 9.3 9.6
