ny/ny06_OST50GRID_20230518/NY06.asc
ncols 200
nrows 200
xllcorner 300000
yllcorner 560000
cellsize 50
[rows 0 to 39 of 200, columns 89 to 177 of 200]
12.9 12.9 12.9 12.9 13 12.9 12.9 12.9 12.9 12.8 12.1 11.9 12.3 12.7 13 13.4 13.6 13.6 13.6 13.6 13.5 13.5 13.5 13.3 13.2 13 13.3 14.2 14.2 14.8 15 15.2 15.4 15.5 15.8 16.8 18.2 18.9 18.8 20.6 22.6 23.3 23.9 23.8 22.7 21.6 21.5 21.5 21.7 23 24.5 26.6 27.7 28.6 31.1 32.4 33.6 37.3 41.5 45.3 44.7 42.3 39.6 37 34.8 32.6 32.4 32.1 33.7 34.7 35.2 37.9 37 37.7 39.1 39.3 38.3 35.2 32.5 29 30.8 35.6 38.6 39.9 44.1 45.5 46.7 46.4 45.1
12.9 12.9 12.9 12.9 13 13 13 13 13 13 12.7 12.3 12.2 12.6 13.1 13.6 13.8 13.8 13.9 14 13.9 13.9 13.9 13.8 13.6 13.4 13.7 14 15.8 15.1 15.2 15.2 15.4 15.5 15.7 16 16.8 19.7 20.2 20.8 22.3 23.9 25.3 25.1 24.3 23.3 22.8 22.3 22.6 23.8 25.4 27.1 27.5 29.6 31.1 32.6 33.1 35.1 39.4 43.9 44.5 42.6 39.4 36 33.2 32 31.8 32 32.4 34 35.5 36.8 36.4 37.6 38.9 39.1 39.8 38.7 37.2 34.6 31.9 30.8 33.7 38.9 43.4 43.2 43.1 43.6 43.5
12.9 12.9 13 13 13.1 13.2 13.3 13.3 13.3 13.3 13.1 12.8 12.5 12.6 13.2 13.8 14 14.1 14.1 14.2 14.2 14.2 14.1 14.1 13.9 13.8 14 14.2 15 15.5 15.6 15.3 15.4 15.4 15.6 15.9 16.2 18.9 20.2 21.6 23.4 24.4 25.2 25.2 24.7 24.5 24 23.5 23.3 24.4 26.6 29 28.1 30.7 32.2 31.9 33.4 33.5 37 42 43.4 41.9 38.8 35.5 32.9 31.4 31 31.7 32.2 33.4 34.4 35.1 35.8 36.9 37.9 38.8 39.4 38.2 38.2 38.1 35.7 33.1 29.4 34.3 38.8 42.2 43.2 42.2 42.4
13 13 13.1 13.2 13.2 13.3 13.4 13.5 13.6 13.6 13.4 13.2 13 12.9 13.5 14 14.1 14.3 14.4 14.5 14.4 14.4 14.3 14.3 14.2 14 13.9 14.2 14.5 14.9 14.4 15.3 15.7 15.3 15.3 15.6 16.1 17.6 19.4 22.3 24 25.1 25.7 25.9 26.1 25.6 24.7 24.4 24 25.5 28.1 28.8 27.6 31.3 33.1 31.7 32.5 33.1 36 41.3 43.4 42.3 38.8 35.5 33.1 31.4 30.6 31.3 32 32.8 33.3 34 35.2 36.3 37.5 38.9 38.9 38.7 38.5 38.3 38.2 37.6 33.9 30.3 33.8 36.7 40.8 41.7 40.6
13.1 13.1 13.2 13.3 13.4 13.5 13.6 13.6 13.7 13.7 13.4 13.2 13.4 13.6 13.9 14.2 14.3 14.5 14.6 14.7 14.7 14.6 14.6 14.5 14.3 14.1 14 14.2 14.5 14.8 14.7 15.1 15.4 15.3 15.7 15.4 16.1 16.5 19.2 21.8 23.5 25.1 26.1 26.6 26.7 26.4 25 24.8 24.9 26.6 27.6 26.9 28.4 32.3 33.6 32.9 32.4 32.1 34.7 40.2 43 42.4 39.1 35.7 33 30.4 29.5 30.1 30.9 31.9 32.7 33.4 34.5 35.6 36.8 38 38.4 38.3 38.2 38.1 38.1 38 37.6 32.7 28.9 30.4 35.4 39 39.3
13.2 13.2 13.3 13.4 13.5 13.5 13.6 13.7 13.8 13.7 13.5 13.5 13.7 13.9 14.2 14.4 14.6 14.8 15 15 15 14.9 14.8 14.8 14.2 14.1 14.3 14.7 14.9 15 15.2 15.4 15.3 15.2 15.6 15.6 16.8 17.5 19.2 21.2 23 25.3 26.6 26.8 26.5 26.2 25.8 24.6 25 26.1 27.2 26.6 28.6 32 33.8 31.7 32.1 31 33.5 38.9 41.9 41.9 39.3 36 33.1 30.4 29.5 29.1 29.8 30.8 31.8 32.7 33.7 34.9 36.3 37.6 37.9 37.8 37.7 37.6 37.6 37.6 37.8 36.8 32.2 29.2 29.1 35.3 36.7
13.2 13.3 13.4 13.5 13.5 13.6 13.7 13.7 13.8 13.7 13.6 13.8 14 14.3 14.6 14.8 15 15.2 15.4 15.3 15.2 15.2 15.1 15 14.8 15.3 15.2 15.2 15.4 15.6 15.8 16 15.7 15.3 15.4 16 16.9 17.3 19.3 21.1 23 25.9 26.8 26.6 26.2 25.9 26 25.3 24.9 25.6 26.3 25.8 26.5 30 31.8 30.5 30.1 29.2 32.5 36.7 40.4 40.7 39.1 36.4 33.5 30.6 29.3 29 28.7 29.6 30.6 32.1 32.9 34.5 36.1 37.5 37.4 37.3 37.2 37.1 37.1 37.3 37.5 37.5 37.8 33.7 30.9 28.1 33.1
13.2 13.3 13.4 13.5 13.6 13.7 13.7 13.8 13.9 13.8 13.8 14.1 14.4 14.7 15 15.2 15.5 15.7 15.7 15.6 15.5 15.4 15.3 15.2 15.1 15.9 16.2 15.9 15.8 16 16.2 16.4 16.1 15.6 15.5 16.2 17.3 18.8 20.1 22.2 24.2 26.3 26.9 26.6 26.1 26.1 27.2 26 24.7 24.5 25.3 27.2 26.8 26.8 29.5 29.8 28.3 29.4 31.6 34 37.9 39.1 38.2 35.8 33.2 31 29.1 28.8 28.5 28.7 29.7 30.8 32.1 33.7 36.2 37.4 37.5 37.5 37.5 37.2 36.5 36.7 37 37.1 37.2 36.4 33.8 29.4 27.1
13.2 13.3 13.4 13.5 13.6 13.7 13.8 13.9 13.9 13.9 14.2 14.5 14.8 15.1 15.4 15.6 15.9 15.9 15.9 15.8 15.7 15.6 15.4 15.3 15.8 16.8 17.1 16.6 16 16.3 16.5 16.4 16.2 15.8 15.6 16.8 18.5 19.9 22 25.5 26.6 27.4 27 26.7 26.5 27.2 27.2 25.7 24 25.2 27.7 28.7 27.5 26 26.8 28.2 27.1 29.9 31 32.1 35.3 37.3 37.2 35.6 32.7 30.3 29.2 28.7 28.3 28.5 29.4 30.6 31.9 33.3 36 37.1 37.6 37.8 37.9 36.9 36 35.7 35.7 35.9 36.2 36.6 33 31.4 29.6
13.2 13.3 13.4 13.6 13.7 13.8 13.8 13.9 14 14.1 14.5 14.8 15.1 15.4 15.7 15.9 15.8 15.8 15.9 16 15.9 15.8 15.8 15.4 16 17.1 17.5 17.1 16.7 16.5 16.6 16.3 16.1 15.9 15.8 17.7 19.6 21 24.3 27.6 27.9 28.6 28.4 27.6 27 26.4 26.3 25.8 23.4 25 27.6 29.2 28.1 26.7 25.2 25.9 26.8 29.2 29.8 31 33.6 35.8 36.3 35.2 33.2 30.9 29.5 29.5 28.9 28.5 29.3 30.5 31.8 33 35.5 37.1 38.4 38.4 37.9 36.9 35.9 34.7 34.4 34.5 34.8 34.6 32.3 31.7 30.4
13.2 13.4 13.5 13.6 13.7 13.8 13.9 14 14 14.2 14.3 14.7 15 15.3 15.6 15.7 15.6 15.6 15.8 15.9 16.1 16 15.9 15.8 16.6 17.2 17.9 17.5 17.2 16.8 16.4 16.2 16.1 15.8 16.4 18.1 19.7 22 25.6 27.8 28.2 28.9 29.5 29 28.2 26.8 26.1 25.7 23.9 24.8 26.2 29 29.4 28.2 26.4 24.7 27.4 28.8 29.4 30.3 32 34.3 35.2 34.8 33.8 31.9 30.4 29.8 29.1 28.3 28.7 29.8 31 32.7 35.1 37.3 38.5 38.8 38 36.9 35.6 34.3 33.3 33.1 33.2 32.6 31.2 31.5 31.1
13.3 13.4 13.5 13.6 13.7 13.8 13.9 14 14.1 14.2 14.3 14.5 14.9 15.2 15.5 15.6 15.5 15.4 15.6 15.8 16 16.3 16 15.8 16.8 16.7 17.4 18.2 17.8 17.4 16.4 16.5 16.2 15.9 16.9 18.4 19.8 22.3 25.3 27.2 28.6 29.3 29.8 29.4 28.3 27 25.4 24.6 23.5 23.5 26.6 27.1 29.3 29.3 28 24.8 26.1 27.7 28.8 29.8 31.2 33.4 34.3 34.3 33.9 32.8 31.8 30.5 29.4 28.7 28.3 29.1 30.2 32.6 35 37.1 38 38.2 37.8 36.5 35.2 33.8 32.6 31.9 31.8 31.7 30.5 30.7 30.6
13.3 13.4 13.5 13.6 13.7 13.9 14 14.1 14.2 14.3 14.4 14.5 14.7 15.1 15.4 15.4 15.3 15.4 15.8 16 16.2 16 15.1 15.6 15.8 16.2 16.1 17 16.8 17.6 18.2 17.6 16.5 15.3 16.6 17.9 19.4 21.6 25.1 27 28.7 29.7 29.5 28.9 28.2 27.3 24.9 24.1 22.8 24.3 26.5 24.9 26.7 28.6 29.2 26.2 25.1 27.1 28.9 30.3 31.6 33 34 34.6 34.3 33.3 32.2 31.7 31.4 30.3 29 28.8 30.2 32.2 34.6 36.7 37.8 37.9 37.3 36 34.8 32.9 31.7 30.9 30.6 30.7 29.9 30.3 29.7
13.3 13.4 13.5 13.7 13.8 13.9 14 14.1 14.2 14.4 14.5 14.6 14.7 14.9 15.3 15.2 15.2 15.5 16.1 16.4 16.6 16.3 16.4 16.3 16.2 15.8 16.4 16.3 16.7 18 18.5 18.6 16.2 15.2 16.4 17.6 18.8 20.8 24.4 26.3 27.9 29 29 28.5 27.5 25.9 24.3 23.8 22.4 24.1 26.4 25.4 25.2 27.8 28 26.8 25 28 29.3 30.3 31.5 32.7 33.8 34.9 34.7 33.7 33.3 33.3 32.4 31.3 29.8 29.8 31.2 32.2 34.1 36.3 37.4 37.5 36.9 35.6 33.9 32.1 30.9 30.1 29.6 29.5 30.4 30.6 29.9
13.3 13.5 13.6 13.7 13.8 13.9 14 14.1 14.3 14.4 14.5 14.7 14.8 14.9 15.1 15.1 15.2 15.6 16.2 16.7 16.9 16.8 16.6 16.3 16.1 15.7 15.4 16 16.4 17.4 18.1 18.6 18.2 15.6 16.2 17.9 18.7 20.7 23.7 25.5 27 28 28.3 27.6 26.7 25 24 22.9 20.6 23.4 25.9 25.8 24.3 27 27.3 24.2 24.9 27.5 28.4 29.2 31.1 32.2 33.2 34.4 34.9 34.7 34.6 33.9 32.9 31.6 29.6 31.5 32.2 33 34.5 35.8 36.9 37.1 36.4 34.8 33.1 31.3 30.4 29.7 29.1 29.5 30.4 30.7 29.4
13.3 13.5 13.6 13.7 13.8 13.9 14 14.1 14.3 14.4 14.5 14.7 14.8 14.9 15 15.1 15.2 15.7 16.3 16.8 17.3 17.1 16.7 16.3 16 15.7 15.5 14.5 15.9 16.8 17.6 18.1 17.7 15.6 16.8 17 19 20.5 23.2 25.3 26.6 27.2 27.4 26.6 25.8 24.5 23 21.8 20.8 22.7 24.5 24.9 24.6 26.1 25 23.5 27.4 30.7 32.2 31.6 30.8 31.5 32.7 33.7 34.3 34.2 34 33.8 32.8 31.4 30.5 32.8 33.3 33.6 34.3 35.5 36.4 36.5 35.9 34.1 32.4 30.7 30 29.3 28.9 29.4 29.6 29.6 29.3
13.4 13.5 13.6 13.7 13.8 13.9 14 14.1 14.3 14.4 14.5 14.7 14.8 14.9 15 15 15.2 15.7 16.3 16.8 17.3 17.2 16.8 16.3 16 15.9 15.7 15.1 14.6 15.8 16.4 17.5 16.7 15.2 17.4 18.1 18.7 19.8 22.1 24.8 26 26.6 26.3 25.5 25.1 23.8 22.4 21.4 20.5 21.3 22.6 23.1 22.8 24.2 22.3 24.8 28.6 31.2 33.8 33.5 32.8 31.5 31.5 32.5 33.4 33.6 33.4 33.1 32.2 30.2 31.2 32.7 33.2 33.6 34.2 35.2 35.8 35.8 34.9 34 32.2 30.1 29.4 28.8 28.5 28.3 28.6 28.5 28.2
13.4 13.5 13.6 13.7 13.8 13.9 14 14.2 14.3 14.4 14.5 14.7 14.8 14.8 14.9 14.9 15.1 15.6 16.2 16.6 16.9 17 16.8 16.4 16 15.7 15.4 14.9 14.7 14.8 15.1 16.2 16.6 17.3 17.1 17.5 18.5 19 21 23.2 25.3 25.5 25.2 24.9 24.3 23.1 22.2 21.1 20.6 20.9 21.6 21.7 21.8 21.8 22.4 25.8 28.1 30.5 32.6 33.3 32.5 31.9 31.5 31.4 31.4 32 32.2 32.2 31.4 29.7 30.2 32.1 33.1 33.5 34.1 34.8 35.2 34.7 33.8 32.9 31.3 29.6 28.9 28.6 28.3 27.9 27.6 27.5 27.5
13.4 13.5 13.6 13.7 13.8 13.9 14 14.2 14.3 14.4 14.6 14.7 14.7 14.8 14.8 14.9 14.9 15.4 15.9 16.2 16.5 16.7 16.8 16.3 15.8 15.5 15.2 14.9 14.6 14.5 14.3 14 14.6 15.1 15.7 16.6 17.6 18.5 19.7 21.8 23.5 24.6 24.5 24.4 24 22.9 21.5 20.8 20.6 21.3 21.2 21.2 21.3 21.4 23.2 25.8 27.9 29.6 31.4 32.6 32.2 31.7 31.6 30.6 30.4 30.1 30.3 30.6 30.5 28.6 28.4 30.2 32.1 33.3 33.6 34 34.2 33.7 32.8 31.9 30.3 29.2 28.5 28 27.7 27.3 27 27 26.9
13.4 13.5 13.6 13.7 13.8 13.9 14 14.2 14.3 14.4 14.6 14.6 14.7 14.7 14.8 14.8 14.8 15.1 15.5 15.9 16.1 16.2 16.4 16.1 15.7 15.4 14.8 14.7 14.4 13.4 13.8 13.5 13.6 13.8 14.3 15.3 16.1 16.9 18.4 20.3 22 23.4 23.7 23.3 22.8 22.6 20.6 20.8 20.6 20.9 20.7 20.7 20.9 21.9 23.7 25.6 27.5 28.9 30.4 31.5 31.4 31.2 30.9 30.2 29.4 28.8 28.6 28.7 28.3 26.8 27 29.2 31.2 32.4 32.7 33 33 32.8 31.8 30.8 29.5 28.7 28 27.5 27 26.6 26.3 25.9 26.4
13.5 13.6 13.6 13.7 13.9 14 14.1 14.2 14.3 14.4 14.5 14.5 14.6 14.6 14.7 14.8 14.8 14.8 15.2 15.5 15.6 15.7 15.9 16 15.6 15.1 14.6 14.1 13.5 13.4 12.8 12.6 12.8 13 13.3 13.6 14.5 15.3 16.6 18.5 20.5 21.6 22.1 21.8 21.4 20.9 20.2 20.5 20.3 20.1 19.8 20.5 21.1 22.2 23.7 25.4 27.2 28.5 29.3 30.3 30.2 30 29.5 28.9 28.1 27.8 27.6 27.5 25.8 25.8 26.2 28 29.4 30.6 31.7 32 31.8 31.6 30.8 29.9 29 28.3 27.6 27 26.5 26 25.6 24.8 25.1
13.5 13.6 13.7 13.8 13.9 14 14.1 14.2 14.3 14.4 14.4 14.5 14.5 14.6 14.7 14.8 14.6 14.5 14.9 15.1 15.2 15.2 15.5 15.9 15.4 14.9 14.5 13.3 13.6 13.1 11.6 11.8 12.1 12.3 12.6 12.7 13.1 13.7 14.7 16.3 17.4 18.6 20 20.2 19.8 19.8 19.9 20 19.8 18.3 19.1 20.2 21.4 22.2 23.7 25.3 27 28.2 28.9 29.1 28.9 28.7 28.1 27.4 26.3 25.8 26.2 26.4 24.1 25.8 25.9 27.5 28.9 29.5 30.5 30.9 30.6 30.3 29.9 29.1 28.5 27.8 27.1 26.6 26.1 25.7 25.2 25 25.3
13.6 13.7 13.8 13.8 13.9 14 14.1 14.2 14.3 14.3 14.4 14.5 14.5 14.6 14.7 14.6 14.4 14.2 14.6 14.7 14.7 14.8 15 15.4 15.6 15.7 15.5 14.2 13.3 12.7 12 11.5 11.5 11.5 11.9 12.2 12.2 12.7 13.4 14.1 15.3 16.4 17.4 18.5 19 19.4 19.4 18.9 18.3 18.6 19.1 20.2 21.3 22.4 23.9 25.5 26.7 27.7 28.1 28.4 28.2 27.7 26.8 25.9 24.6 23.2 23.4 23 22.2 24 24.6 27.1 28.4 28.7 29.5 30.1 29.8 29.5 29.1 28.6 28 27.3 26.9 26.6 26.2 25.8 24.9 25.2 25.4
13.5 13.8 13.9 14 14 14.1 14.1 14.1 14.2 14.3 14.4 14.4 14.5 14.6 14.7 14.5 14.3 14 14.2 14.3 14.4 14.6 14.7 14.9 15.2 15.3 15.1 14.7 13 12.4 11.6 9.3 11.4 11.7 11.1 11.5 11.7 12.1 12.9 13.6 14 14.8 15.7 16.5 18.2 18.5 17.8 17.8 17.9 17.8 19 20.1 21.5 22.9 24.5 26 26.8 27.1 27.2 27.4 27.7 27.3 26.1 24.7 23 21.6 20.7 20.2 20.4 21.6 23.3 25.9 26.7 27.9 28.9 29.4 29.1 28.8 28.5 28 27.5 27 26.7 26.4 25.8 24.6 24.3 24.4 24.6
13.1 13.9 13.9 14 14 14.1 14.1 14.1 14.1 14.2 14.3 14.4 14.5 14.5 14.5 14.3 14.1 13.9 13.9 14 14.2 14.3 14.5 14.6 14.7 14.7 14.3 14.1 12.9 11.7 11.3 9.3 11.4 11.2 11.1 11 11.1 11.7 12.7 13.8 13.8 13.4 14.2 14.5 16.2 16.3 16 16 16.3 17.1 18.7 20.6 22 23.3 24.5 26 26.8 26.8 26.8 26.9 26.9 26.1 25 23.6 22.2 20.7 19.9 19 19.3 20.4 22.8 24.2 25.4 26.9 28.3 28.7 28.4 28.2 27.8 27.5 27.2 26.8 26.6 26.3 25.3 24.6 23.9 24.3 24.4
12.8 13.6 13.9 14 14 14 14 14.1 14.1 14.1 14.2 14.3 14.3 14.3 14.2 14 13.8 13.6 13.7 13.8 13.8 14 14.1 14.3 14.4 14.4 14.3 14 12.5 12.4 11.6 10.7 10.3 11.3 11.5 11.2 11.1 12 13.8 13.4 13.2 13.2 13.5 13.6 13.8 15.2 14.7 15.9 16 15.7 18.4 20.3 21.5 22.7 24.1 25.6 26.5 26.5 26.5 26.5 26.4 24.5 22.8 21.8 20.8 19.8 18.8 17.8 18.1 19.7 21.4 22.8 24.2 25.8 27.4 28.1 28.2 28.1 28 27.7 27.4 26.9 26.6 26.3 26.1 24.4 22.3 23.9 24.2
12.5 13.3 13.9 13.9 13.9 13.9 14 14 14 14.1 14.1 14.1 14 13.9 13.8 13.6 13.6 13.4 13.5 13.6 13.6 13.7 13.8 13.9 14.1 14 13.9 13.9 13.7 12.7 11.6 9.8 11.2 11.5 12 12 12.3 12.4 13.4 13.6 13.2 12.7 12.8 14.1 14.4 14.9 14.9 15 15.5 15.4 17.7 19.5 20.8 22 23.4 24.3 25.2 26.1 25.9 25.8 25.4 22.9 21.2 19.7 18.8 18.5 17.3 16.2 17.8 18.6 19.7 21.4 23 24.7 26.2 27.4 27.9 28.2 28.1 27.9 27.5 27 26.8 26.7 26 24.5 22.4 23.4 23.6
12.2 13.8 13.9 13.8 13.7 13.7 13.8 13.8 13.8 13.9 13.9 13.7 13.6 13.6 13.4 13.3 13.3 13.2 13.3 13.4 13.4 13.5 13.6 13.7 13.8 13.8 13.8 13.7 13.7 12.8 11.6 10.9 11.5 11.6 12.2 11.5 12.4 12.8 12.7 12.4 12.2 13.9 13.4 13.7 13.9 14.4 14.8 14.9 15.4 15.4 16.1 18.1 20.1 21.3 22.2 23.3 24.3 25.2 25.5 25.3 24.4 21.7 19.7 18 17.2 16.9 16.5 16.2 17.6 18.8 19.7 21.1 22.3 23.8 25.5 26.7 27.3 27.6 28 28.8 29 27 27 26.6 25.5 23.8 22.4 23.7 23.8
12.8 13.8 13.8 13.8 13.7 13.6 13.5 13.6 13.6 13.7 13.7 13.5 13.3 13.2 13.1 13.1 13 13 13.1 13.2 13.3 13.4 13.5 13.6 13.6 13.6 13.6 13.6 13.1 12.2 11.2 11 11.4 9.8 11.7 11.1 11.9 11.2 10.6 12.7 12.7 12.7 12.6 13.1 13.4 13.9 13.8 14.2 15 16.1 16.1 16.3 18 20.7 21.5 22.3 23.4 24.3 24.2 24 23 20.7 18.6 16.5 15.8 15.8 15.1 16.2 17.4 18.7 19.9 21 22.1 23.2 24.6 26.1 26.7 27 27.7 29.2 29.4 28.4 26.9 25.8 24.8 22.7 21.2 23.7 23.7
13.7 13.8 13.8 13.8 13.7 13.6 13.5 13.4 13.4 13.4 13.4 13.2 13 12.8 12.8 12.8 12.8 12.8 12.9 13 13.1 13.2 13.3 13.4 13.4 13.4 13.4 13.5 13.3 12.7 12 11.4 9 10.4 10.2 10.2 10.2 11.4 11.6 11.9 12.2 12.4 12.7 13.2 13.3 13.2 14 14.8 15.3 16 16.1 16.2 16.3 19.4 21 21.6 22.1 22.6 22.4 22.4 21.7 19.3 17.4 16 15.5 15 15.8 16.2 17.5 18.4 19.5 21.1 22.1 23.2 24.2 25.4 26.2 26.9 27.5 29.2 29.2 27.4 25.8 25 24 22.5 20.1 23.1 22.9
13.8 13.8 13.7 13.7 13.7 13.6 13.5 13.4 13.2 13.2 13.2 13 12.7 12.5 12.6 12.6 12.6 12.6 12.7 12.8 12.9 13 13.1 13.2 13.2 13.3 13.3 13.3 13.2 13 12.7 12.2 11.5 10.8 8.6 9.9 10.2 10.6 11.1 11.5 11.8 12.1 12.8 13.5 13.4 12.8 13.6 14.5 15.5 15.9 16.1 16.2 16.6 17.9 20.3 21 21.1 21.3 21.4 21.6 20.3 18.5 16.9 15.8 15.6 14.5 15.1 15.7 17.2 17.6 19.2 21.2 22.2 23.3 24.3 25.4 25.8 26.4 26.9 27.8 28.1 26.4 24.6 24.6 23.4 22.3 19.9 20.8 21
13.9 13.9 13.8 13.7 13.7 13.6 13.5 13.4 13.3 13.1 12.9 12.5 12.2 12.2 12.3 12.3 12.4 12.4 12.5 12.6 12.7 12.8 13 13.1 13.1 13.1 13.1 13.1 13.2 12.9 13.1 13.1 11.9 11.4 11 10.4 9.3 9.5 10.5 11 11.5 12 12.7 13 12.9 12.5 13.5 14.4 15.3 15.6 15.7 15.8 16.2 17.2 18.6 19.9 20.7 20.6 20.7 20.7 19.5 18.2 16.5 15.3 14.3 14.8 14.9 14.9 16.2 16.8 18.8 21 22.3 23.4 24.4 25.2 25.3 25.8 26.2 26.6 26.3 25.2 24.3 24.5 23.5 22 19.7 18.8 19.2
13.9 13.9 13.8 13.7 13.7 13.7 13.5 13.4 13.3 13.1 12.2 10.7 11.3 11.7 11.8 11.9 12 12.1 12.3 12.5 12.7 12.8 13 12.9 12.9 13 13 13 13 13 13.2 13.2 12.4 11.9 11.5 10.9 10.2 8.8 9.5 10.9 11.4 12 11.9 12.3 12.1 12.4 13.3 14.3 15 15.2 15.3 15.6 15.9 16 16.6 18.3 19.9 19.8 19.5 19.5 18.3 17.4 16.1 14.6 14.1 14.3 14.4 14.9 15.3 16.2 18.7 20.7 22.4 23.4 24.3 24.9 25 24.9 25.1 25.3 25 24.8 24.5 23.6 22.4 20.9 18.5 17.2 16.7
13.7 13.5 13.5 13.6 13.7 13.6 13.6 13.4 13.2 12.9 12.4 10.5 10.3 10.6 10.7 11.1 11.5 11.8 12.1 12.4 12.7 12.8 12.8 12.8 12.8 12.8 12.8 12.8 12.8 13 13.5 13.3 12.8 12.4 11.8 11.1 10.4 9.8 9.1 10.3 11.3 11.2 11.2 11.4 11.5 12.3 13.2 14.1 14.6 14.7 14.7 14.9 15.2 15 14.7 15.3 16.5 17.1 17.4 17.8 17.4 16.6 15.5 14.3 13.8 14 14.3 14.7 14.7 15.7 18.3 20.3 22 22.9 23.8 24.2 24.3 24 23.7 23.9 24.1 23.5 22.6 22 21.5 19.7 18.1 16.7 16.6
13.5 13.4 13.1 12.9 12.9 12.9 13 13.1 13.1 12.4 11.5 10.2 10.1 10 10.7 10.9 11.1 11.4 11.8 12.1 12.4 12.6 12.7 12.7 12.6 12.7 12.6 12.6 12.6 12.9 13.4 13.5 13.2 12.7 12 11.3 10.6 9.9 8 9.8 10.4 10.5 10.5 10.8 11.4 12.2 12.8 13.5 13.9 13.9 14 14.1 14.4 14.1 13.7 13.6 13.8 13.7 14.2 14.8 15.6 15.3 14.9 13.8 13.3 13.4 14 14.2 14.4 15.7 17.8 19.8 21.3 22.3 23.2 23.5 23.8 23.6 23.1 22.8 22.7 21.3 21 20.5 20 19.1 16.9 15.5 15.1
13.3 13.1 11.8 11.8 11.8 11.3 11.8 12.5 12.2 11.4 10.5 10 10 9.9 10.5 10.5 10.8 11.1 11.4 11.7 12 12.3 12.3 12.3 12.3 12.4 12.4 12.4 12.3 12.8 13.2 13.4 13.2 12.7 12.2 11.7 11 10.4 9.8 8.9 9.7 9.5 10 10.6 11.2 11.6 11.9 12.5 13 13.2 13.3 13.4 13.5 12.9 12.8 12.9 13 13.1 13 13.2 13.8 14.3 14 13.6 13.5 13.3 13.7 14.6 16.1 16.5 18.1 19.3 20.7 21.6 22.5 22.8 23 23.3 23.5 23 21.5 20.5 20.5 19.2 18.3 17.2 15.2 14.2 14.3
13.1 12.1 11.7 11.5 11.4 11.1 10.8 10.8 11.1 10.9 10.3 9.8 9.8 9.9 10 10.2 10.5 10.7 11 11.2 11.6 12.1 12 12 11.9 12 12 12.1 12.2 12.6 13.1 13.3 13.2 12.6 12.5 12.1 11.5 10.9 10.2 9.3 9.1 8.3 9.8 10.4 10.9 11.1 11.1 11.4 12.2 12.3 12.5 12.6 12.7 12.2 12.2 12.6 12.7 12.8 12.8 13.3 13.8 14 14 13.9 13.7 13.8 14 14.3 15.2 16.3 17.5 18.8 19.8 20.5 21.1 21.7 22.1 22.4 22.5 22.1 20.4 20.7 19.9 17.7 16.5 15.6 14.7 13.5 13.3
11.9 11.6 11.3 11.2 11 10.8 10.5 10.2 9.6 10 10.1 9.7 9.7 9.9 9.8 10.1 10.5 10.5 10.5 10.7 11.2 11.8 11.8 11.8 11.8 11.8 11.8 11.9 12.1 12.5 13 13.3 13.1 12.9 12.7 12.4 11.8 11.2 11 10.2 8.9 9.5 10 10.3 10.8 10.9 11 11.1 11.6 11.5 11.6 11.9 12.1 11.7 11.4 11.4 11.8 11.8 12.5 13.5 14 14.1 14.2 14.1 13.9 13.3 13.4 13.5 13.8 14.9 15.4 16.3 18 19.2 19.7 20.3 20.9 21 21 20.9 20.3 19.6 18.3 16.3 15.3 14.5 13.8 12.9 12.6
11.6 11.2 11 10.8 10.7 10.4 10.1 9.8 9.9 10 10 9.7 9.7 9.7 9.7 10.3 10.3 10.4 10.4 10.4 10.7 11.4 11.5 11.6 11.6 11.6 11.6 11.7 12.1 12.5 12.9 13 13.2 13.1 12.9 12.7 12.3 11.7 11.3 10.7 9.8 9.1 9.6 10.2 10.6 10.7 10.8 11 11 11.1 11.2 11.6 11.7 11.3 11 10.8 10.6 11.3 12.1 13 13.8 14.3 14.4 14.4 13.8 12.8 12.8 12.9 12.9 13.4 14.1 14.4 14.9 16.3 17.2 18.8 19.2 19.2 19.4 19.2 18.4 17.6 16.2 15.6 14.9 13.8 13 12.4 12.4
11.3 10.9 10.7 10.5 10.4 10.2 9.8 9.4 9.1 10 9.7 9.7 9.7 9.6 9.3 10.2 10.2 10.3 10.4 10.3 9.9 10.6 11.4 11.4 11.4 11.4 11.5 11.6 12.1 12.3 12.4 12.7 13.2 13.1 13 12.9 12.6 12.2 11.7 11 10.1 9.2 9.2 10.3 10.1 10.2 10.3 10.6 10.8 11 11.1 11.4 11.3 11 10.6 10.1 9.9 10.3 11.1 12 12.8 13.7 14.5 14.6 14 13.3 13 13.1 13.2 13.4 14 14.3 14 14 14.3 14.8 15.2 16 16.2 16.6 16.8 15.7 15.6 15.6 14.8 13.4 12.5 12.2 12.1
