ny/ny94_OST50GRID_20230518/NY94.asc
ncols 200
nrows 200
xllcorner 390000
yllcorner 540000
cellsize 50
[rows 140 to 174 of 200, columns 78 to 155 of 200]
340 351.7 360.1 372.6 384.7 392.1 398 406 415 423.2 432.3 437.9 442.5 445.7 446.8 449.4 452.2 456.8 460.2 464 467.1 470.1 472.8 475.8 480.7 486.1 492.5 499.6 503.6 501.7 496.5 491.5 486.4 481.2 475.1 470.5 466.4 462.7 459 454.6 449.2 444.6 441.3 439.8 438.6 436.5 437.4 436.2 435.2 434.6 434 433.4 432.9 433.1 433.6 432.6 431.3 429 425.9 424.4 423.3 421.8 419.9 416.5 411.1 403.9 398.8 395.9 394.3 392.7 390.7 385.6 380.4 376 369.2 364 359.1 354.9
343.6 351.6 360.5 373 383.5 390.4 395.8 402 411.3 417.8 423 426.4 434.6 438.4 440.2 442.6 445.8 449.2 452.3 457.1 461.7 465 468 471 475.4 480.5 485.8 490.6 495.3 498 496.6 492.2 486.9 482.2 476.6 472.1 467.7 463.7 459.8 453.9 451.8 449.3 446.7 445 442.3 442 441.4 440 438.7 438 438.3 437.9 437.4 436.9 436.8 436.2 434.1 432.3 430 428.5 427.1 424.5 422.3 419 413.3 406.2 400.8 397 394.7 392.4 390.3 385.6 380.5 375 368.2 363.1 358.2 356.4
336.5 349.3 357.6 369.8 380.2 387.1 392.7 396.5 402.1 409.6 414 417.5 420 423.3 427 432.1 436.2 440.9 445 449.7 454.1 459.9 463.2 467.1 471 475.6 481.6 487.2 491.9 495.5 495.5 493.4 488.7 483.2 478 472.9 468.9 465.3 461.8 458.3 454.8 452.7 450.6 448.4 447.1 446.9 445.2 444.5 443.1 442.9 443.1 442.5 442 441.8 441 441.1 439 436.7 435.2 433.5 432.5 429.2 424.8 420.3 414.9 407.6 402.3 398.2 395.5 392.6 389 385 379.9 373.5 367.3 362.1 360.3 358.9
329.2 345.7 354.6 365.4 374.5 382.4 387.4 390.8 394.3 398.2 404.2 407.5 410.5 413.7 416.5 419.4 423.6 428.5 436.5 443.6 447.8 452.9 458.4 463.3 467.6 472.2 478.4 484.2 490.3 494.1 496.3 493.6 489.8 485.2 480.5 476.1 472.5 469.1 465.6 462 458.2 456.8 455.5 453.5 452.3 451.7 451 450.3 449.5 449 449.2 448.4 448.3 448.2 448.2 447.4 445.3 442.9 440.5 439.3 436.8 431.4 426.4 421.5 415.6 408.4 403.2 399.3 396.6 393.1 389.2 383.7 378.9 372.2 367.8 364.7 362.3 359.5
327.6 338.3 351.8 359.5 368.4 376.4 380.9 385 388.6 392.2 395.8 398.5 401.3 404.4 407.5 410.6 415.3 419.7 427.3 434.7 443.1 447.5 452.1 458.9 463.4 469.3 475.3 482.1 488.7 493.3 496.7 495.6 491.1 485.9 481.1 477.9 474.5 471.9 468.4 465.5 465 463.8 462.5 460.9 458.6 458.4 457.4 457.1 456.8 456.1 455.7 454.9 454.9 454.6 453.3 451.9 450 446.5 443.9 442.5 439.5 434.5 427.7 422.3 416.3 409.8 404.1 400.3 397.3 394.1 389.4 383.2 378.1 372.4 369.6 366.8 363.4 360.6
325.4 327.5 345.3 355.1 362.4 369.2 375 379.1 383.4 387.1 390 391.9 393.6 396.9 399.8 401.8 408.3 414.6 420.1 426.8 435.6 444.3 440.3 452.4 460.6 466.5 472.2 478.8 485.6 491.3 493.8 493.9 491.2 486.2 483.2 480.9 478.3 475.2 472.8 471.6 470.9 469.5 468.5 466.9 465.3 464.9 464.4 464 463.2 462.5 461.9 461.4 460.5 459.4 458 456.5 454.2 451 447.7 445.1 441.8 436.2 430.1 423.1 417 410.3 405.1 401.6 398.7 394.7 389.8 384.3 379.9 374.1 370.4 367.5 364.6 361.8
321.6 324.9 331.6 349.4 357.4 363 368.8 373 377.3 380.2 383.9 386.2 387.7 390.8 394.1 396.7 401.6 408.4 414.6 420.7 427.5 435.9 435.1 437.1 456.6 463.7 468.9 475.6 482.3 489 492.6 492.5 493.2 491.6 488.1 485.4 483 480.8 478.5 476.2 475.5 474 473.1 471.9 471.3 470.7 470 468.8 468.6 467.9 466.7 465.3 463.6 462.6 461.3 459.8 457.4 454.7 451.8 448.2 443.6 437.3 431.1 423.5 417 411.3 406.1 402.7 400.7 397.1 393.2 387.8 382.4 376.1 371.1 367.6 364.7 361.9
318.7 323.3 324.9 338.2 352.3 357.9 362.2 366.8 369.6 373.1 376.2 380.2 380.4 384.5 388 391.9 394.6 401.4 409.2 415.4 427.5 439.2 438.4 444.5 453.1 461 466.1 471.5 479.3 486.8 491.8 494.7 496.5 495.6 493 489.9 487 484.4 481.9 480.1 478.5 477.5 476.8 476.2 476.2 475.5 475.3 473.8 472.9 472.5 470.8 468.9 466.8 464.9 463.1 461 459.1 457 454 449.8 444.3 437.5 430.2 423.7 417.1 412.1 407.3 405.1 402.7 399.5 395.4 390.3 384.1 377.5 371.6 368 365 361.9
319.1 318.1 322.4 325.4 343.1 353 356 359.8 362.3 365 367.7 371 373.1 377.4 381.1 385.9 391 396.1 403.2 410.5 417.4 432.2 440.1 443.1 449.8 457.9 464.1 470.2 477.1 484.6 490.6 494.8 498.6 498.3 495.6 493.5 489.9 487.9 485.4 483.3 482.4 481.4 481.2 481 481.3 481.1 480.6 479.1 477.9 476.6 474.6 471.4 467.8 465.8 463.8 461.4 458.9 456.6 454.5 451 445 437.4 431 424 417.6 412.9 409.4 406.7 404.6 401.2 396.6 391.3 384.7 378 372 367.9 364.8 362.2
322.6 317.8 317.5 320.9 328.2 345.1 351.8 353.3 356.3 358.6 361.4 363 366.5 370.5 374.4 380.9 387.6 393.5 398.9 407.1 414 423 432 441 447.8 455.2 461.8 467.3 473.8 482.1 487.7 493.3 497.1 499.1 497.6 494.1 492 490.8 488.4 487.4 486.8 487.1 487 487 487.1 486.7 484.9 482.9 481.1 479.5 477.9 473.8 468.7 466.5 464.2 461.9 458.3 456.8 454.7 451.5 445.3 438.5 432 425.4 419.6 414.2 411.1 408.3 406.3 402.3 397.8 392.3 385.4 379 372.4 367.8 364.6 362.7
326.3 316.4 316.3 317.4 319 333.3 343.4 348.5 351.6 353.4 354.7 356.6 357.5 360.6 370 376.5 383.5 390.7 395.1 403 411.4 419.7 428.3 437.8 446.1 453 459.8 465.6 470.7 478.6 485.1 490.3 495.3 497.3 497.7 494.1 493.8 493 491.9 491.1 491 492 492.5 494.1 494.2 491.9 489.1 487 484.4 481.6 479.3 475.9 470.9 466.7 464.8 462.4 459 457 454.9 451.3 445.9 439.6 433.4 426.5 420.7 415.7 412.9 410.2 407.2 403.2 398.8 393.6 386.6 380.1 373.8 368.2 365.4 362.8
331 315.3 315.7 316.4 318.1 324.2 334.5 340.6 344.2 343.7 343.5 349.7 355.5 360.7 362.9 371.8 380.6 388 393.9 400.1 407.9 417.3 425.4 434.9 444.4 450.5 457 463.6 468.1 475.6 482.1 487.3 493 496.3 498.3 494.7 494.2 494.3 494.3 494.5 495.7 497.2 500.2 503 501.6 496.8 491.4 488.7 486.6 484.1 481.4 476.6 472.1 468 465.4 462.6 459.5 457.3 454.5 450.7 445.1 439.8 434 427 421.3 417.2 414 410.9 407.9 403.7 399.3 393.3 386.7 380.4 374.2 369.6 366.8 364.3
334.9 327.3 314.8 315.3 317.2 320 327 329.2 333.2 342 350.1 354.5 360.1 364 366.5 369 372.7 383.4 391.2 396.4 403.6 411.7 422.2 431.7 441.7 449.7 454.4 461.3 465.9 470.8 478.7 484.7 489.1 492.6 494.8 495.8 495.7 497.2 497.8 499.8 501.7 505 505.9 504.3 501.7 498.9 492.6 488.5 487.1 485.1 482.7 477.9 472.6 469 466.2 463.1 460.4 457.6 454 449.2 443.6 438.5 432.9 426.6 421.6 417.8 414.8 411.5 407.9 403.3 398.8 392.3 386.6 380.1 374.6 371 368.9 366.2
335.6 330.8 315.3 314.5 316.5 319.3 324.9 333.9 343.4 350.8 355.6 357.9 361.2 364.5 368.4 373.3 381.9 381.6 384.4 393.3 400.7 407.2 414.2 424.9 435.6 445.2 451.3 456.3 462.8 467.4 474 481.5 485.7 489.7 492.2 495.2 497.4 500.4 504.1 507.6 508.6 508.2 504.7 502.8 498.9 495.4 491.6 487.6 486.2 484.8 482.3 479.2 475 470.6 467.6 464.7 461.9 458.7 454.2 448.9 443.5 438 432.1 426.5 421.9 418.3 415.6 412.2 409.3 406.4 402.7 396.8 388.7 381.9 375.7 372.7 370.6 367.2
336.3 331 316.3 313.9 315.6 318.5 325.5 335.2 343.3 353 360.6 365.9 371.1 376.9 383.2 387.6 391 394.5 395.1 397.2 399.1 403.4 408.3 415.8 424.1 432.6 442.7 449.8 457.2 464.2 469.8 478.7 484.2 487.8 491.5 495.7 499.9 504 508.9 509.7 509.2 507.7 502.9 498.1 494.2 491.8 488.5 486 484.6 483.2 482 479.1 476.7 473.3 470.1 466.3 463.1 459.7 454.6 449.3 443.2 437.2 432.4 426.6 422.1 419 416 413 411.1 407.5 402.5 395.7 388.5 382.7 378 373.4 370 366.5
338.3 332.4 328.8 313.5 313.2 315.5 323.4 334.4 342.8 352.7 361.1 368.5 374.8 382.6 390.2 395.7 400.1 402.8 404 405.6 408.4 411.8 414.6 418.1 420.3 427.1 437 448.2 454.7 461.9 468 475.5 484 487.3 493 496.8 501.2 504.9 508.8 508.1 505.4 503 499.9 495.5 492.4 489.3 486.2 484.7 483.1 481.6 480.2 478.6 476.5 474.6 471.9 469 465.2 460.5 455.2 449.6 443.3 437.4 432.5 427.4 422.4 418.9 415.9 413.6 410.6 406.5 402.4 397.5 389.7 382.9 376.8 372.7 369.4 365.6
342.8 334.1 328.8 319.4 311.2 312.5 319.1 332.2 342.2 352.8 362 370.5 379.3 387.3 394.5 400.7 405.9 409.9 414.5 417.6 421.7 424.7 426.1 429 431 432.3 437.2 449.1 455.2 461.1 467.7 474.6 483 486.5 492.9 495.6 498.4 500.8 502.8 500.9 497.7 496.5 493.9 491.1 488.1 485.6 484.5 483 481.8 480.3 479.1 477.6 476.2 474.9 472.4 469.5 465.6 460.9 455 448.3 443 437.8 432 426.8 422.2 418.9 416.6 414.3 413.6 408.6 401.9 395.8 388.2 381.8 376.1 371.2 367.4 363.7
345.2 336.9 328.8 324.2 310.7 309.6 314.5 328.9 341.9 354.3 363.1 372.1 382.1 391.6 397.7 403.6 411.5 418.9 424.9 428.6 431.8 435.2 439.3 444.4 447.9 447.9 445.8 450.5 455.5 462.2 469.3 474.6 481.9 486.2 490 493.1 493.9 494.7 495.9 495.1 491.7 488.3 486.4 484.5 482.3 481.3 481.3 480.6 479.8 478.9 478.7 477.5 476.6 475.2 472.8 469.5 465.1 459.8 454.3 447.8 442.4 437.5 432.7 427.2 422.3 418.3 415.8 413.4 414.2 406.7 399.8 394.8 387.4 380.7 375.2 369.7 365.4 361.7
345.9 339.5 333.2 326.6 317.2 309.3 309.9 323.6 341.6 353.4 362.7 371.9 383.3 393.9 399.3 403.5 410.1 419.7 430 433.5 439.7 446.4 453 457 457.7 457.3 457 458.5 460.9 466.8 471.5 476.8 484.9 488 486.8 490.4 491.4 490.9 491.1 490.4 487.8 483.9 481.7 480.2 478.3 477.5 477.1 478.9 478.1 477.3 477.5 477.2 476.9 475 472.2 468.4 462.7 457.5 452.3 446.5 440.6 435.4 431.3 427.4 422.5 417.8 415 411 407.1 403.1 398.2 393.5 385.3 378.2 372.8 367.9 363.5 360
347.4 340.4 334.4 327.3 319 309.3 308.4 318.8 339.4 351.9 361.1 368.5 379.3 389.8 395.5 399.2 403.8 413.4 424.8 430.9 440.5 455.1 460.2 461.6 462 460.8 460.5 462.8 466 471.6 475.6 481.3 486.8 489.3 490 485.1 485.6 487.1 486.5 486.1 483.3 481.5 479.2 477 475 474 472.9 474 475 474.8 475.5 475.3 474.1 472.5 469.1 464.5 459 453.9 448.7 442.8 437.7 432.4 428.8 425.3 421.3 417.4 413.1 408.8 404.5 400.6 395.9 391.2 383.2 376 370.1 365.1 360.9 356.7
349.5 341.4 336.7 330.1 321.6 309.7 307.1 310.9 334.6 348.3 355.9 363.3 372 382.2 389 392.6 397.7 405 415.2 424 432.4 447.7 458.3 461 462.4 463 464 468.1 472.6 475.6 479.7 484.7 489.2 490.9 491.2 491 484.8 479.2 478.8 480 480.5 478.3 475.3 473 471.2 469.3 467.7 467.9 468.7 467.8 467.2 467.4 467.2 464.9 462.3 457.6 451.8 446.8 442.9 439 432.6 428.8 425.6 422.3 419.2 416.1 411.5 407.2 403 399.8 395.8 390 381.3 374.2 368.3 363.6 358.2 352.9
352.6 346.6 340.7 333.7 324.7 311 307.2 306 321 344.2 351 358.5 364.4 372.3 379 384.9 389.8 396.6 404.1 413.9 422.5 432.5 443.7 455.6 459.3 462.1 468.1 471.9 475.8 479.2 482.7 487.3 490.6 491.5 491.2 491.1 488.4 484.4 479.4 474.2 476.7 475.2 472.2 468.8 466.3 464.5 462.5 460.9 460.9 459.5 457.5 457.8 456.8 455.5 453.4 450.4 446.2 441.8 438.2 433.7 428.9 425.9 422.9 420.2 417.3 414.3 409.5 405.3 401.5 398.2 394.3 387.9 380.8 374.5 366.6 361 355.9 351
355 349.3 340.9 333.9 325.2 319.6 307.4 305.4 314.6 339.6 346.5 353.8 358.9 365.1 369.9 375.8 381.5 388.6 395.8 403.9 411.5 421.3 432.2 449.7 457.7 461.8 468.5 472.7 477.1 481.6 485.7 488.6 490.2 490.2 490.4 490.8 487.4 483.7 479.9 474.4 470.7 469.9 466.1 464.1 460.7 458.8 455.2 453.2 452.9 451.8 450.9 448.4 447 446.6 445 442.5 439.5 436.4 432.5 428.7 426.1 423 420 417.3 413.7 410 407 403.5 399.9 395.6 391.2 386.3 380.2 375.5 368.3 359.1 354.1 349.6
357 351.6 343.5 335.9 333.5 329.3 312.8 305.6 304.6 329.2 342.4 348.7 355.1 359.6 363.3 368.7 373.7 380.9 387.9 395.6 402.9 413.4 425.7 443.2 454.5 460 466.4 471.2 475.9 481.4 484.6 486.3 489 489.1 488.4 488 486.2 483 480.1 477.2 473.1 467.6 459.9 452.9 447.4 452 449.5 446.7 446.1 444.7 443.9 441.9 440.8 439.8 437.9 434.8 432.6 429.6 426.5 424.3 422.3 419.7 417 413.6 410.5 407.4 404.7 400.9 396.3 391.9 386.9 382.3 378.8 373.5 368.5 358.6 352.2 348.3
357.4 351.5 345 338.2 336.7 333.5 323.4 306.7 304 316.3 337.7 343.4 349.7 355 358.6 362.5 366.5 373 380.7 389.8 397.4 407.1 421.9 438.7 449.9 454.6 460.2 467.4 471.5 475.9 478.3 479.9 482.5 484.5 485.4 485.7 484.6 483 480.7 479 475.3 469.7 462.9 456 446.8 436.9 441 439.8 439.1 438.5 436.9 435.4 435.3 433.7 431.4 428.5 427.1 424.5 421.8 419 416.4 414.3 412.2 410.5 408.1 404.7 401 396.9 391.5 387.2 384.1 379.9 374.8 370.9 365.8 357.1 351.4 347
357.6 353.5 346.4 342.2 339.3 336.5 330.1 321.2 306 302.8 323.1 338.5 343.9 350 354.7 357.2 361.8 368.4 375.3 384.1 393.2 402.6 417.4 433.4 444.3 448.9 451 456.3 462.9 466.8 469.2 473.1 475.6 478.7 482.4 483.5 484.8 484.7 481.8 478.4 473.4 466.8 459.6 451.9 446.7 439.8 427 428.9 430.4 431.3 429.6 429.4 429.2 427.5 425.4 423.7 422.1 418.9 416.1 412.8 410.4 409.6 408.3 406.9 404.7 400.1 396.1 392 387.6 383.1 380.4 376 372.3 368.6 363.4 357.4 351.1 346.9
358.4 355.4 351.5 346.3 340.8 336.8 331 324.3 316.1 301 317.6 332.9 339.2 345.7 350.2 353.7 357.8 363.4 369.8 377.9 388.6 398.5 412 426.6 435.4 441.4 443.6 445.3 448.5 452.9 456.6 462.4 465.6 472.2 476.7 477.5 479.3 480.6 476.7 472.9 468.4 461.5 453.6 447.8 442.8 437.1 431 418 417.1 421.6 424.2 424.1 423.8 421.8 420 419 416.6 412.2 409.2 407 404.7 402.3 401.7 401.3 399.1 396.6 393.1 388.1 383.5 379.8 376.6 373.7 369.1 366.3 365 355.1 350 345.9
358.4 355.7 351.5 346.4 339.5 335.5 330.4 323.9 314.9 301 305.2 323.1 333.4 339.5 343.8 349.2 354.5 359.4 365 372.4 383.3 394.9 404.7 417.6 426.4 431.5 434.2 436 438.2 441.9 445.1 450.4 456.5 465.1 471.6 474.3 480.3 481.2 479.9 475.8 470.6 464.3 456.8 448 437.8 430 425.5 421.4 410.1 406.8 411.3 415.2 415.8 415.5 413.7 412.8 408.8 406.1 401.8 399.7 397.3 396.1 396.9 397.3 396 393.4 389.6 383.4 379.5 375.4 370.6 366.5 362.5 361.3 362.7 354.9 346.5 342.9
349.6 350.9 348.7 342.5 337.3 333.8 328.3 322.4 313.2 300.8 300 309.2 325.8 330.8 339.3 345.7 351.4 356.1 361 369 378.4 389.2 399.3 408 417.2 423.7 427.2 429.4 431.3 433.7 436.9 441.9 450.7 460 467.7 475.2 482 483.5 481 476.6 470.8 463.8 456.4 448.1 440.5 432.2 420.8 413.7 407 403.1 400.5 402 404.4 403.1 404.7 403.3 400.8 398.2 395 391 388.9 389.1 390.1 390.9 389.9 386.6 382.7 378.3 371.6 366.2 363.4 359.3 357.4 356.3 356 352 343.9 339.7
353.1 341 334.6 340.5 326.4 323.9 318.4 312.4 309.6 304.6 298.3 302.3 312.1 321.9 333.7 339.9 347.4 353.2 359.2 366 373.5 383.8 394.7 402.3 409.3 416.8 421.7 423.7 425.3 427.3 430.3 437.5 447.6 457.2 466.4 475.7 482.1 483.3 481.3 476.7 469.8 462.6 455.4 448.4 441.2 434.2 424.7 418 412 405.6 397.9 394.7 392.5 388.9 391.2 392 389.5 389.3 386.9 384.5 382 379.9 380.2 381.3 380.2 376.8 374 371 365.4 362 358.8 355.6 352.9 351.1 349.5 347.1 340.4 336.3
357.5 353.5 347.2 343.1 328.6 330.1 329.2 327.3 321.1 310 300.6 297.6 300.5 313.6 325.5 335.1 343.6 350.8 358.2 362.8 369.9 379.9 390.9 398.2 403.3 408.8 413.4 417.2 419 421.4 426.9 435.1 446.2 454.9 464.1 474.4 480.9 482.3 481.5 477.4 470.5 463.8 456.6 449.9 441.8 433.3 424.8 418.5 412.8 405.8 400.2 395 388.1 384.6 383.1 379.6 381.8 379.1 378 376.8 375.4 373.9 373.5 374 372.4 369.8 366.9 364.1 360.7 358.3 354.7 350.9 347.9 345.4 344.3 341.7 335.9 331.5
358.9 354.8 345.1 341.3 342.8 339.9 335.3 328.6 318.5 310 304.2 297.2 297 305.7 318.6 330.4 340.2 348.6 355.5 360.2 366.8 375.8 386.8 395.1 398.9 402.6 405.9 408.2 409.5 418.5 426.4 438.1 446.6 455 463.1 471.5 480.1 482.2 481.6 478.3 471.6 464.2 456.9 450 441.8 433.3 426.6 419.8 412.9 406 400.2 393.7 388.4 376.8 375.5 378.2 374.2 373.3 373.2 372.3 370.3 370 369.6 369.2 366.6 363.5 360.5 357.6 354.8 352.6 349.5 345.4 342.7 339.2 336.2 333.5 330.1 327
358 349.9 350 348.7 345 340.3 335.2 329.2 320.8 314.5 309.1 300.9 296.3 297.6 308.6 325.7 336.1 344.5 351.6 356.7 361.9 372.9 384.2 392.6 394.9 397.6 399.2 400.6 409.4 419.1 429.2 439.4 446.4 453.2 462 470.1 479.3 482.1 481.4 477.1 471.1 463.7 456.7 450 442.4 434.1 427 421 413 405.5 398.9 392.9 387.8 382.2 372.3 368.1 370.6 368.4 368.8 367.8 366.7 366.3 366 363.8 360.6 357.2 353.7 351.5 348.8 346.1 342.4 339.4 337.9 334.7 331 327.5 324.5 321.8
357.8 353.1 354.2 350.9 347.5 343.7 336.5 330.1 324.8 318 311.7 304.5 296.5 294.2 303 321.7 333.4 340.3 348.3 353.1 360.2 368.7 378.6 387 389.5 391.9 392.2 399.3 408.2 417.1 425.7 436.5 444.2 450.4 459 467.1 477 480.6 480.1 478.1 473 465.1 456.7 449.1 441.7 433.9 427.7 420.5 413 405.5 397.8 392.1 387.3 382.2 372 367.6 361.4 364.3 365.1 363.2 363.7 364.4 360.7 358.7 354.7 350.1 346.9 345.4 342.9 340.4 336.6 334.4 331.8 329.6 326.4 322.4 319.3 316.9
359.7 357.5 355 353.2 349.7 344.4 338.1 332.3 326.6 319.3 313.7 309.5 302.3 293.2 300.8 321.8 331.2 338 344.9 350.9 357.6 363.2 371 378.3 382.2 380.1 392.5 398.3 404.7 411.8 419.9 430.1 439.2 446.3 454 463 472.7 478.8 479.1 478.1 474.1 466.7 457.9 451.1 442.1 434.8 429.5 422.3 414.3 406.4 398.8 392.1 386 381.3 374.5 367.6 361 357.2 357.2 357.4 359.4 358.4 355.4 352.6 348.3 343.5 340.4 338.8 337.2 335.2 332.2 329.5 326.5 324.3 321.6 315 315.4 313.3
