ny/ny94_OST50GRID_20230518/NY94.asc
ncols 200
nrows 200
xllcorner 390000
yllcorner 540000
cellsize 50
[rows 0 to 34 of 200, columns 0 to 77 of 200]
442.2 440.9 440.1 438.5 438 438 438.8 437.9 435.4 432.9 428.8 423.9 418.6 415.4 413.4 411.2 409.1 408.3 407.8 405.3 400.7 396.1 391.7 388.4 385.6 382.4 379.9 378.1 376.2 374.9 374.6 373.3 372.3 372.1 371.9 370.9 370.2 368.3 344.7 329.5 324.9 334.7 350 362.9 365.2 367.5 369 370.2 370.7 370.8 370.7 370.6 371.1 371.6 373.2 375 376.8 378.6 382.7 386.4 388.4 391.3 393.4 394.2 397.2 399.6 402.6 405.3 411.1 416.2 416.2 416.4 415.8 414.5 412.9 409.9 408.3 406.8
445.4 444 441.8 441 440.2 440.9 441.4 440.3 436.1 432.8 428.6 423.8 419.7 416.1 412.7 409.2 406.4 403.5 401.3 396.5 391.6 387.5 385.1 380.8 376.7 374.8 371.7 369.6 366.9 364.3 363.8 363 361.8 361.4 361.3 360.6 360.5 360.5 358.2 346.5 325 324.2 341.9 355.9 359.2 361.9 364.3 365.7 366.7 366.9 366.3 367.3 367.6 367.9 369.4 370.4 371.3 372.4 374.6 377.3 380.9 384.3 386.1 387.3 390.9 394 396.5 398.8 401.3 407.5 414.4 415.9 415.9 415.5 414.1 412.5 411 409.5
446.4 444.7 442.4 440.8 440.7 441.6 440.1 437.1 432.8 429.4 426 423.4 421.3 416.6 408 403.2 398.1 396.3 393.1 389.8 385.4 380.1 376.9 372.2 369.1 367.3 364.4 361.9 360.2 357.4 357 356.4 355.9 354.7 353.4 353.7 353.7 354.4 353.4 352.2 335.2 318.7 333.5 347.5 354 357.1 359.2 359.9 360.3 360.4 359.7 360.3 360.7 360.1 361 363.2 364.6 367.4 368.3 370.6 372.4 373.3 374.9 377.2 380.6 385.1 388.9 392.5 395.3 398.2 401.2 407.2 414.9 415.7 414.9 413.9 412.4 411.2
442.8 441.8 440.8 439.8 439.2 437.6 434.7 432.3 429.5 426.9 424.7 423 420.9 410.8 401.7 396.5 393 390.9 386.8 381.1 375.4 371.8 368.9 365 362.8 360.9 357.6 354.1 353.2 350.8 350.6 348.9 347.9 346.5 345.3 346.7 348.3 349.8 349.3 348.3 341.5 317.6 325.9 345.7 351.2 352.9 353.5 354.2 354.8 354.6 353.5 353.2 353.5 353.6 353.7 354.6 356.3 358.1 361.3 363.8 365.2 366.6 367.5 368.2 369.1 370.7 375.6 381.4 387.6 391.2 393.6 394.5 401.1 412.9 415.1 414.9 414.1 413.1
439.3 438.1 436.4 434.9 433.1 431.5 430.4 428.4 426.8 424.6 422.2 420.6 412.9 403.2 397.2 391.5 385.5 381.6 377.7 373 368.9 365.4 362.7 360.5 356.8 343.7 335.8 331.6 331.2 330 339.8 336.6 328.9 326 323.1 324.9 339.1 343.9 343.2 343.3 343.6 321.8 315.6 336.8 346.8 349.3 348.9 348.5 348.4 348.7 347.6 346.3 346.4 346.3 347.5 348.1 349.2 349.9 351.2 352.9 353.9 355.6 356.9 357.3 358 359.5 362 366.2 371.2 377.6 383 386.7 391.4 398.9 412.4 415.5 414.9 413.6
436.3 434.1 431.5 430 429.4 428 426.3 424.7 423.6 420.6 417 411.1 403.3 398.6 391 383 378.7 375.7 371.2 367.5 363.4 360.1 355.8 344.3 333.9 343.1 356.3 352.9 347.8 332.3 328.8 328.2 328.6 330.9 330.6 330.3 321.5 334 333.4 334.2 334.4 328.2 311.4 318.6 333.9 344.8 344.3 337.6 339.5 341.9 341.3 338.3 337.1 339.9 341.5 342 342.8 343.9 344.4 343.8 344.2 345.5 345.7 346.7 348 349.9 351.3 354 358.2 363.3 367.2 374.3 383.4 391 401.1 410.5 412 408.9
430.2 427.8 426.2 425.6 424.7 423.8 421.4 419.2 416.3 412.2 406.2 400.8 396.3 390.4 384.3 377.5 373.7 370.7 367.3 362.9 356.6 344.2 337.7 352.4 353.9 353.6 353.4 354.3 349 345.8 342.3 342.8 351.3 349.2 343.1 335.3 322.9 318.9 316 314.8 316 313.4 311.5 309.4 311 329.3 332.8 333.2 327.6 327.9 328.6 325.1 322.6 325.1 328.4 330.7 333.1 334.9 336.1 335.1 334.5 335.2 335.9 336.4 337.4 339.8 341.9 344.6 346.9 350 355.3 361.3 372 384.8 394.1 400.7 402.3 400.2
424 421.5 420.6 419.4 417.5 415.4 412.3 408.6 403.8 400.1 397.3 393.6 388.1 383.1 377.7 373.1 368.9 365.5 358.1 346.5 340.4 349.3 345.1 355.7 356.8 356.6 356 355.4 355.3 354.8 355.3 354.6 355.4 354.2 352.2 348.9 342.5 337.1 337.6 324.9 320 312.8 309.5 306.7 305.8 307.2 310.4 314.3 314.1 314 313.8 310.8 308 310.9 314.9 317.4 319.1 321.9 324.2 323.5 322.7 323.9 325.8 327.6 328.9 331.5 333.8 335.9 338.3 341.9 345.8 351.1 360.9 372.9 386.4 392.5 394.7 394.8
417.6 415.1 412.5 409.3 406.8 402.4 399 396.3 393.4 390.1 386.5 382.8 380.4 376 371.9 367.8 350.2 348.4 344.1 355.6 356 355.8 351.9 358.7 360.2 360.5 360.6 360.6 360.9 361.1 360.5 359.4 358.8 357.4 355.7 353.1 348.1 348.3 347.1 343.6 339.3 330.2 329.6 319.1 306.4 303.9 302.2 300.9 300.4 298.9 297.8 296.6 295.4 294.4 295.3 299.2 308.3 310.7 310.7 308.3 305.2 301.7 297.7 301.3 307 313 317.6 321.5 325.9 333.9 338.7 344.1 350.6 360.5 371.2 381 387 386.6
413.4 406.8 403 399.5 396.3 393.1 389.5 385.4 382.2 379 378 370.5 367.9 364.4 358.3 347.1 356.5 360.7 362.3 362.1 360.7 360.6 358.2 362.5 364.9 366.4 367.6 369.6 369.1 367.8 364.5 363.2 362.1 360.5 358.9 356 355 353.8 353 351.3 348.6 346.2 343.5 339.8 328.6 321.1 314.2 306.9 303.5 301.1 299 297.5 296.2 293.9 292.9 292.3 293.9 296.1 293.4 289.8 288.4 286.9 286.1 284.9 285.4 290.7 296.6 301.2 304.9 312.2 329 338.4 343.7 349.3 358.4 366.1 372.2 374.8
408.3 400.4 393.2 390.6 386.4 380.4 368.1 359.6 364.6 363.8 357.7 356.5 356.3 354.9 357.9 363 365.6 366.6 366.4 365.9 365.1 364.3 363.4 366.5 370.9 374.2 376.4 379.3 377.3 374.1 370.3 368.8 367.1 365.3 363.4 361.7 360 358.2 357.8 356.2 353.6 351 348.5 346.4 344.2 340.4 334.7 329.6 323.9 317.9 311.4 312.5 313.4 309.8 306.2 299.7 291.9 290.6 288.4 288.2 303.3 307.1 307.2 303 290.3 283.8 281.7 282.6 281.6 282.7 306.8 329.4 337.9 343 348 353.1 356.6 357.7
400.6 392.7 385.4 373.5 374.9 364.4 363 368.6 368 361.6 366.9 362.7 367.7 369 369.6 369.5 370 370.9 370.7 371.2 370.8 369.3 368.3 370.8 376.2 379.9 383 386.3 385.2 380.4 377.1 375.2 373.7 372.1 369.4 367.7 366.3 363.6 362.7 361.9 359.9 357.7 355.6 352.1 349.4 347.4 343.5 339.1 331 323.6 323.3 324.4 324.4 323 322 319.2 317.3 316.5 313.5 309.4 315.4 319.7 320.4 319.3 315.7 309.2 304.6 299.8 282 280 286.2 311.7 332.2 338.3 341.8 344.1 345.3 345.4
393.2 385.7 377 367.9 363.5 368.1 375.2 376.4 375.3 373.3 370.2 368.7 373.5 373.8 374.1 374.2 375.1 376.2 377.6 378.3 377.2 375.5 372.5 375 381.2 385.4 389.3 393 393.5 388.1 384.2 382.7 381.7 379.7 376.8 375 374 372.1 370.6 369.2 368.2 365.6 363.1 359.4 355.6 354.3 350.7 345.7 339.1 326.7 334.7 335.6 335.4 333.5 330 328.4 327.1 325.2 319.9 315 323 329.2 331.5 332.4 330.2 327.9 322.2 314.2 298.6 281.4 279.4 299 318 331.3 334.6 336.5 338.9 338.8
385.7 377.8 368.3 372.2 377.5 380.1 381.5 382.8 381 376.8 371.5 373.8 378.5 379.3 379.6 380.9 382.2 383.6 385.5 387.6 385.7 381.3 376.1 379.2 386.7 391.7 395 398.3 401 396.5 393.1 391.8 390.5 387.7 383.7 383.1 383.1 381.2 380.6 379.7 377.8 374.5 372.4 367.8 365.2 361.8 357.3 352.4 346.5 340.2 343.5 343.9 343.1 341.2 338.1 335.8 334.3 332.5 327.2 325.1 329.7 337.2 340.5 340.1 340.1 337.6 332.5 325.8 310.2 290.6 277.6 286.2 303.3 317.7 328.1 330.6 333.9 334.4
373.9 369.7 373.1 382.4 385.3 388.2 389.6 390.4 388.1 382.4 377.7 378.8 384.4 386 386.6 388.2 389.9 392.4 394.6 394.5 391.6 387.4 379.8 382.7 392.1 398.3 400.7 403.8 404.9 402.8 401.9 401 399.1 395.9 391.8 392.4 393 391.4 389.8 389.1 387.1 385 382.1 378.7 373 369 364.2 358.5 353.8 348.5 349.9 350.5 349.9 348.5 346.5 343.8 341.3 338.2 331.1 333.4 339.5 345.6 347.5 346.3 344.8 342.9 338.1 330.5 319.6 301.9 281.7 278.3 289.6 301.9 311.3 320.9 325.5 327
370.8 369.6 385.4 391.2 395.2 397.3 398.8 398.6 394.7 388.2 385.7 381.1 390.5 392.6 393.9 395.8 398.1 400.7 402.1 402.2 397.7 393.8 383.3 386.3 401 403.4 406.7 409.8 412.3 412.3 411.6 410.6 408.2 403.5 399 401.1 402.8 401.8 399.3 397.7 394.5 392.6 389.6 386.6 382.7 377.7 370.6 366 360.3 355.6 356.6 356.9 356.2 355.8 354.1 349.9 345.9 341.6 338.7 342.1 346.3 350.5 351.9 350.7 349.2 346.3 342.9 337.8 328 313.9 293.3 277.1 278.1 286.1 291.3 299.5 308 311.7
380.5 389.8 395.5 399.5 402.6 405.1 406.3 405.5 401.1 395.5 392.8 386.8 397.9 399.7 401.7 403.7 406.3 407.2 406.9 406.1 403.3 399.3 387.5 396.8 404.7 409 413.4 417.8 420.6 422.3 422.1 420.2 417.1 409.8 406.7 411.6 412.2 410.8 408.2 405.3 401.7 399.3 394.9 392.4 389.7 385.2 378.9 372 366.3 362.7 364 363.5 363.3 363.3 360.9 355.8 350.5 346.9 347.8 349 351.9 353.3 355 353.8 352.2 348.7 347 344.1 336.3 324.1 310 287.3 275 275.5 273.5 276.3 284 290.1
393.4 398.4 402.8 406.6 409.7 412.3 413.9 412 407.3 400.9 393.6 400.9 406 407.4 409.1 410.5 411.9 412.5 412 411.2 409.7 403.5 390.4 401.2 408.9 415.4 420.6 426 427.6 430.2 430.3 427.6 424.1 415.9 418.7 419.9 419.3 417.7 414.6 412.2 409.5 405.5 400.5 397.4 394.7 391.6 383.5 378.2 372.9 372 372.6 372.9 372.1 370.6 367.1 360.7 352.9 355.9 355.7 356.5 357.7 358.9 359.2 356.8 354.9 352 351.6 348.5 342 333.8 318.2 306 296.8 285.3 276.7 272.8 272.2 272.7
400.4 405.6 409.2 413.4 416.5 420.2 421.2 418 412 404.9 394.2 410.5 412.2 413.8 416.1 418.3 420.6 419.5 419 417 413.5 407.3 395.1 407 414.3 421.5 427.4 431.3 433 433.6 433.5 431.9 428.6 425.9 426.4 425.4 424.2 422.8 420.6 417.8 414.5 409.7 404.7 401.7 398.9 395.3 391.6 386.6 379.3 379.4 380.7 379.6 378.5 376.5 372.2 362.8 361.1 363.8 364.1 363.6 364.9 366.1 363.6 360.8 358 356.1 354 351.3 345 338.7 333.1 321.2 319.7 314.9 306.9 297.7 289 280.4
407.3 411.7 418.1 421.7 424.4 426.4 426.6 424.4 419.5 410.3 408.7 413.1 419.5 422 423.6 426.9 429 427.1 425.3 421.9 418.1 411 393.7 413.5 424 428.7 431.3 434 434.8 435.4 434.7 433.5 431.5 430.4 429.9 428.9 427.2 425.8 424.6 422 418.4 414.4 410.5 405.5 401.9 397.8 395.3 391.6 388.5 387.4 386.9 385.1 383.1 380.1 375.3 364.4 370.6 370.7 370.4 370.7 371.7 370.9 367.7 365 362 359 356.2 352.6 348.5 343.5 339.3 333.6 329.3 327.9 325.7 322.1 317.2 312.6
415.1 422.6 426.7 428.9 430.6 430.9 430.4 429.5 426.4 417.2 406.8 418.9 426.8 430.3 431.8 433.7 435.5 434.7 431.6 427.9 422.5 414.6 399.5 419.6 429.8 432 433.4 434.7 435.4 436 435.5 434.4 433.3 433 432.2 431.2 430 428.6 427.2 425.3 421.9 418.1 414.2 410 404.5 402.3 399.1 396.1 394 392.2 389.8 387.6 385.6 382.9 377.7 377.4 377.3 376.2 375.6 375.1 375.3 374.1 371.7 368.5 365.3 361.9 358.5 354.7 352.5 348.7 345.1 340.8 336.3 333.6 331.1 329.2 327.8 325.3
423.9 429.8 432 433.1 434 435.1 434.4 433.8 432.3 424.6 412 430.3 433.7 436.3 438.2 439.2 440.1 439.5 436.8 433 426.8 415.7 404.4 423.9 432.5 434.5 435.2 436.3 436.5 436.7 436.5 435.7 435.1 435.2 434.5 433.6 432.8 431.5 430.3 428.4 425.5 421.6 418 414.9 410.4 406.7 403.5 401.1 398.4 395.5 392.4 390.1 387.9 385.5 382.3 382.1 381.5 380.8 380 379.2 377.9 376.1 374.4 372.5 369.3 365.3 361.2 357 356 353.7 350.3 346.4 340.7 336.8 334.4 332.6 330.6 327.5
430.3 434.1 435.4 436.3 437.9 439 438.3 437.7 436.9 428.1 431.5 436.3 438.9 440.7 442.1 443.1 443.5 442.5 439.8 437 431.3 420.6 410.2 428.3 434.5 436.1 438 438.4 438.6 437.9 437.4 436.9 436.9 437.1 436.8 436.3 435.5 434.2 432.7 430.9 427.8 424 420.1 417.5 415.1 412.5 408.3 406 403.3 399.5 396 392.6 390.1 387.5 385.8 385.1 384.1 383.5 383 382.1 380.5 378.6 376.9 375.2 372.5 369.1 364.5 359.4 357.3 355.2 352.6 349.3 344.2 339.8 335.5 333.4 331.5 328.8
435.8 439.2 440.3 441.5 442.2 442.3 441.9 441 439 432.1 437.5 440.6 442 443.7 445.5 446 446 444.6 441.8 439.1 432.8 423.7 421.6 432.3 436.6 438.8 440.3 440.7 440.7 439.9 439.2 439 439.6 440.5 440.5 440 438.6 436.6 434.9 432.9 429.9 425.2 422.2 421.3 420.3 417 414.4 410.9 408.2 403.3 400 396.1 392.6 390.1 389.1 388 387 385.5 384.9 384.1 382.5 381.1 379.4 377.4 375.1 372.1 367.5 362.1 357.7 355.9 354.4 350.8 346.1 341.1 337.8 334.8 331.7 328.6
440.1 443.9 444.7 445 445.5 445.3 444.4 442.9 441.1 436.2 437.6 441.5 443.1 445 447.2 447.7 447.5 445.9 442.6 439.9 430.5 421.5 431.6 436.4 438.9 441.4 442.7 443.4 443.5 442.4 441.9 442.1 443 443.6 443.8 443.5 441.7 439.7 436.8 434.7 432.2 428 426 424.7 422.7 421 419.4 416.2 413.1 408.8 403.1 399.3 396.5 394.1 392.4 391.2 389.8 388.3 386.6 385.2 384.1 383.3 381.7 379.6 377.4 374.7 370.1 365.3 359.5 356.7 354.8 351.2 347.2 343 339.5 335.4 330.7 326.4
443.9 446.9 447.5 447.4 447.7 446.7 445.9 444.8 442.8 439 438.4 441.8 443.8 445.3 447.3 448.8 448.4 446.7 442.5 437.3 424.4 432.6 437.4 439.8 442.3 444.5 445.2 446.3 446.4 445.5 444.7 445.1 446.7 447.1 447.4 447.3 445.6 442.7 439.4 436.8 434.8 432.6 429.8 427.7 426 423.8 422.1 420.1 416.9 412.6 406.9 403.5 401.1 398.4 395.8 394.2 392.8 391.1 389.8 387.6 386.2 385 383.5 381.3 379 376.4 372.4 368 362 357.8 355.1 352.1 347.9 344.5 339.8 334.6 329.1 318.9
446.4 448.8 449.4 449.6 449.2 448 446.6 445 443.5 441.7 441.6 443.2 444.6 446.5 447.8 448.8 448.6 447.3 441.6 432.8 435.4 437.3 440.5 442.9 445.7 447.7 448.5 448.6 448.7 448.6 447.9 449.1 451 451.7 452.3 451.3 449.4 445.9 441.9 439.7 437.3 435.4 433 430.2 428.7 426.9 424.9 423 419.6 415.1 411.7 408.7 406.9 404.1 401.1 399.1 396.8 394.7 392.9 390.3 388.4 387 384.5 382.7 380.1 377.3 373.8 369.3 364.2 360.2 356.4 352.4 348.6 344.5 339.7 333.4 324.9 309
448.9 451.2 451.7 452 450.9 449.6 447.3 445.5 444.4 443.9 443.7 444.6 445.6 447 448.1 449.4 448.7 447.4 441.9 438.6 440.7 442.1 443.4 446 448.9 450.8 450.8 450.7 451.6 451.6 451.6 452.6 454.8 455.5 455.7 453.8 452 449.7 446.1 442.5 440 437.6 435.4 432.5 430.4 428.8 427.3 424.8 421.6 418.1 414.9 413.5 411.5 408.8 406.7 404.5 402.2 398.7 396 392.6 390.5 388 385.3 383.2 380.6 377.7 374.1 368.9 363.6 359.4 356.2 351.3 347.4 343.3 337.8 331.3 320.6 297.4
452.3 454 454.5 453.8 452.9 451.1 449.1 447.8 446.6 445.4 446 446.7 447 447.9 449.4 449.5 448.6 447.8 447.1 443.2 443.6 444.8 446.4 450.1 453.5 454.3 454 454.7 455.5 456 455.6 456.8 458.5 459.2 458.2 455.4 454 452.6 450 446.6 443 440.3 437.4 434.9 432.7 431.2 429.1 426.5 424 422.2 419 417.8 415.7 413.8 412.1 408.8 406.2 402.6 397.9 394.2 391.9 388.9 386.1 383.1 380.4 376.7 373.3 368.2 361.9 357.4 353.3 348.4 343.9 340.5 334.8 328.5 315.2 289.8
455.8 457 457.2 456.5 455 453.4 451.7 450.1 448.9 447.6 447.9 448.7 448.8 449.7 450.7 450.8 450.4 450 447.8 444.7 447.5 448.3 449.8 453.7 457.5 457.4 457.4 459.8 460.3 460.3 460.3 460.2 462 462.2 460 457.8 456.8 455.3 452.9 450.5 447.2 444 440.6 437.5 435.4 433.1 430.8 428.2 426.3 424.9 422.6 422 419.8 418.6 416.1 412.9 410.6 405.2 399.5 397.8 394.7 391 387.4 384.1 380.7 377 372.2 366.8 360.1 355.7 351.2 346 341.5 337.5 332.1 325.5 311.2 284.2
457.6 459.1 458.8 458.5 457 455.8 454.5 452.7 451 449.6 450.1 450.5 450.6 451.6 452.3 452.6 452.2 451.6 449.9 450 451.8 452.9 454.2 456.4 460 460.8 460.8 463.2 463.4 463.6 463.6 463.6 464.7 463.8 461.9 460.6 459.3 458.1 455.1 452.9 450.8 447.6 442.8 440.1 437.5 435.4 432.8 430.6 428.5 427 425.6 425 423.9 422.8 421 417.5 413.3 409.3 405.2 401.6 397.3 392.6 388.4 384.8 380.8 376.5 370.9 365.1 357.9 354.1 348.5 344.1 339.2 334.8 329.4 320.1 301 290.3
459.1 460.6 460.8 460.3 459.6 458.8 457.6 455.8 454 452.2 452.7 452.9 452.9 453.2 454.4 454.6 453.6 453 452.8 453.7 455.6 456.7 457.9 459.5 461.4 462.5 464.3 466.1 467 467.3 467.1 467.1 466.7 466 464.3 462.9 461.7 460.3 457.7 455.1 453.3 450 445.4 442.3 439.3 437.3 435.6 433.8 431.4 430.2 429.1 428.4 426.4 425.6 423.5 421 417 412.2 409.3 404.8 399 393.9 389.4 384.5 380.3 375.5 369.2 362.4 355.7 352.5 347.1 342.4 337.6 332.6 323.3 306.4 287.4 305.9
460.2 461.7 462.7 462.4 461.8 461.4 460.5 458.8 457.3 455.6 456.2 456.4 456 456.4 456.8 456.8 456 453.9 455.1 456.9 458.2 459.9 461.3 462.3 463.4 464.9 466.7 468.9 469.5 470.1 469.7 469.1 468.8 468.4 467.2 465.8 464.5 462.7 460.5 458.4 455.1 452.9 447.9 444.5 441.4 438.9 437.1 436 434.2 432.9 432 432.1 429.4 426.6 424.4 422.3 419.3 416.2 412.8 407.8 401.9 395.9 388.9 383.6 379.3 373.8 366.5 359.6 354.6 350.6 345.3 341.1 335 324.8 307.4 289.1 304.2 320.1
462 463.7 464.5 464.7 464.6 464 463 461.2 459.1 458.1 459.3 460 459.7 459.6 459.1 458.9 457.8 455.5 456.9 459.9 462.4 463.7 464.9 465.9 466.7 467.6 469.4 471.8 472.5 472.4 472.1 471.6 471.8 471.8 471 469.4 467.4 465.1 462.4 459.8 456.8 454.4 450.4 446.6 443.3 440.5 438.8 437.6 436.5 435.4 435.4 434.9 431.9 427.5 424.9 422.9 420.8 417.8 414.7 410.2 404.2 395.2 388.8 382.8 377.9 372 364.7 357.8 354.1 349.5 344.1 338.5 328.7 307.8 294.1 305.2 318.6 331.6
464.3 465.9 466.6 466.3 466.7 466.1 464.8 462.8 460.7 460.6 461.9 462.1 462.2 462.2 461.2 460.9 460.1 457.3 458.8 462.2 465.9 467.9 468.5 469.5 469.9 471.4 473 474.6 474.7 474.6 474 474.3 475.8 474.7 473.4 471.7 470 468.3 463.9 461.2 458.3 455.8 452.6 447.5 443.3 440.8 439.5 438.3 437.1 437.3 437.5 435 434.2 428.3 425.3 423.9 422 419.4 416 409.6 403.4 393.6 387.3 381.4 375.1 368.3 361 356.6 353.3 348 342 334.9 317.7 291.4 305.8 318.6 328.8 335.6
