ny/ny94_OST50GRID_20230518/NY94.asc
ncols 200
nrows 200
xllcorner 390000
yllcorner 540000
cellsize 50
[rows 105 to 139 of 200, columns 78 to 155 of 200]
491.3 495.3 499.9 507.6 513.1 517.1 521.2 524 527.1 529.7 532.8 534.2 534.4 534.7 533.3 530.7 526.8 523.8 520.5 517 513.9 511.3 508.1 504.3 499.3 493.7 487.6 481.3 476.1 472.1 467.7 464.8 461.1 458.1 457.5 456.3 455.5 455.1 454.8 454.8 455 454.1 454.9 455 454.8 453 452.9 452.6 452.7 452.1 451.7 451.4 451.7 453.6 455.1 458.3 461.3 462.8 461.9 458.6 456 455 452.7 452 452.7 455.7 457.8 459.5 461.6 463.6 467.2 471.3 474 476.2 477.6 480.2 482.1 484
487.6 490.8 494.5 501.8 509.4 514.9 518.8 522.1 525.1 527.7 529 530.6 531.8 531.1 529.7 528.1 526.3 523.3 520.4 517.2 513.8 510.8 508.4 502.9 497.7 491.1 485.1 480.3 475 470.2 464.1 459.6 455.8 452.2 451.2 449.9 449.8 449.2 448.9 449 449.1 449.2 449.9 450 449.3 448.7 448.1 447.6 447.2 446.7 447.3 447.4 448.4 450.5 451.2 452.6 454.2 455.9 455.4 452.9 450.7 449 446.5 445.8 446 446.8 449 452.4 456.1 459.6 463.6 466.1 467.5 469.3 470.3 472.6 473.3 475.3
484.4 486.8 491.1 496.5 503.5 511.8 516.5 519.8 522.7 524.6 526.1 527 528 528.8 528.2 527.7 526 523.5 520.9 518.1 514.7 511.3 509.6 502.3 496.1 489.3 484.5 479.7 474.6 470.9 466.8 462.3 456.1 449.4 444.3 440.9 442.3 444.5 445 445.4 445.4 445.4 444.9 444.7 444.5 444.3 442.7 442.2 442 441.7 442.1 442.4 444.7 447.1 447.9 448.5 449.8 450.5 449.4 447.3 445.4 443.5 441.9 441.5 440.2 440.7 441.7 443.8 446.7 454 457.8 460.6 461.7 462.8 463.5 464.4 465.5 467.5
479.6 483.9 487.4 491.9 498.4 507 514.1 517.3 519.7 521.6 523.3 523.9 525 526.1 526.6 526.4 525 523.1 521.6 519.1 515.7 511.9 510 502.1 495 489.1 484.1 479.8 475.7 472 468.5 463.9 458 453 448.8 444.4 437.2 436.6 439.7 441.3 440.9 441.4 441.2 441.4 440.8 440.5 439.5 438.7 437.9 437.1 436.8 437 440.1 442.8 444.1 444.7 445.7 445.4 444.6 443.1 441.4 439.7 437.9 436.9 435.2 435.6 436.3 437.2 438.7 442.6 447.6 453.7 455.8 456.2 457.3 457.9 458.7 460.5
473.5 480.3 484.5 488 492.6 500.1 508.5 514.2 516.3 517.8 519.3 520.7 522.3 523.6 524.3 524.8 524 523.2 522 519.7 517.4 513.9 510.5 503.7 496.7 490.2 485.1 480.6 477 472.4 469.6 465 460 455 450.7 446 440.1 433.7 429.6 434.2 435.5 435.7 435.5 435.5 435.3 435.1 435.1 434.5 433.7 433.6 432.4 431.6 434.6 437.5 439.3 440.3 440.7 441 440.5 439.8 438.2 436.4 433.8 431.4 429.4 430.3 431.1 431.9 431.4 432.5 436 441.5 445.1 447 449.1 450.1 451.2 453.5
467.8 474.9 481.4 485.1 488.6 492.5 500.2 506.2 511.3 513.8 515.4 517.1 518.8 520.7 522.7 523.7 523.7 523 522.3 520.3 518.1 515.6 511.8 506.8 500.3 493.8 487.3 481.8 477.9 473.4 470 465.9 460.8 455.7 451.6 447.9 442.7 435.4 430.2 423 431.2 431.6 431.2 431.5 431.8 431.2 430.5 430 428.5 427.7 426.2 426.6 429.4 431.6 434.9 435.6 437 438.8 440.3 439 436.7 432.7 428.8 425.6 422 422.4 424.5 425.8 426.1 426.3 428.7 432.6 434.9 437.4 437.3 438.1 440.1 442.7
462.6 469.6 476.8 482.7 485 487.7 490.4 495.4 500.5 505.6 509.1 511.7 514.4 516.8 519.4 521.7 522.2 522.7 522.4 521.2 519.2 516.8 514.5 510.5 506 499.1 491.9 485.8 480 475.5 470.8 466.9 462.1 456.8 452.5 448.5 442.9 437 428.8 425.9 421.7 425.6 426 427.5 427.5 427.3 427 426.2 424.9 422.8 419.2 422.6 425.7 427.9 429.2 430.2 432.4 435 437.8 438 436.5 432.1 424.2 419.7 415.7 415.2 417.3 418.8 420.1 421.8 424.2 426.2 427.8 427.9 427.5 428 428.5 431.3
458.5 463.6 471.3 478.5 482.1 483.7 485.3 486.9 489.9 494.2 496.9 501.6 507 510.7 515.4 518.4 520 521.1 521.3 521.5 519.8 518.3 517.3 513 510.3 505.8 498.1 490.7 484.1 478.6 473 468.4 463.7 457.8 453.1 448.6 442.7 436.8 429.6 424 419.2 414.3 416 419.8 421.3 421.8 421.6 421.2 419.3 416.4 411.2 418.3 420.8 422.2 424.7 426.5 427.6 428.8 431.9 433.8 432.8 427.7 421.1 415.4 407.9 408.9 412.1 413.7 414.9 416.8 419.1 420.8 420.9 420.4 419.8 419.7 420.2 421.5
452.7 456.9 464.7 471.1 475.9 479.1 479.8 480.7 482 484.6 487.2 490.7 494.9 499.6 506.3 513.9 516.9 518.8 520.3 520.4 520.4 514.3 517.7 515 512.7 509.3 504.7 497 490.2 482.3 475.6 470.2 465.3 459 453.6 449.3 444 437.3 430.9 425.2 418.9 413.9 408.8 409.4 410.5 410.8 412.2 412.3 411.2 409.2 404 410.1 415.1 417.3 418.6 420.4 423 425.6 426.5 427.4 425.5 419.6 416 412.2 403.7 402.7 405.5 408 410.2 411.9 411.7 414.3 416.1 415.5 414.5 413.7 413.5 414.9
449.2 452.9 457.5 461.2 464.7 468.7 471.1 472.5 473.9 477.1 480.3 483.5 485.9 489 494.6 503.2 510.9 515.4 518.7 519.3 518 520.8 518.1 516.5 514.6 512 508.2 503.9 494.6 486.2 478.6 472.6 466.8 461.3 455.9 450.5 445 439.5 435.3 430.6 425.5 419.4 413.8 409.3 403.2 402.5 403.2 403.7 403.4 402.1 397.6 401.9 405.4 409.7 413.5 415.2 417.6 419.9 421.5 421.5 419.5 415.4 412.1 408.6 402 392.7 396.5 401.4 405.5 406.1 405.8 406.7 408.7 407.3 406.6 405.2 404.6 407.2
444.5 448.8 450.2 451.3 453.9 456.7 459.5 460.9 464.3 467.1 470.7 475.4 479.3 481.9 485.4 490.1 499.4 510.9 515.5 518 514.2 519 519 517.8 516.5 514.1 510.4 506.8 500.8 489.7 480.6 473.9 468.4 463.4 458.3 453.2 447.3 443.4 439.7 436.1 432.6 428.4 425.3 420 413.8 406.3 400 395.7 390.5 390.4 387.6 393.6 398.3 401.5 404.4 408.5 412.5 414.6 415.8 415.8 414.7 411.4 408.1 404.2 398.2 390.2 386.3 391.8 397.9 399.8 399.4 399.7 399.2 398.3 398 396.8 396.2 399
438.3 441.8 442.3 442.2 443.8 446.3 448.8 451.2 454.5 457.8 461.7 466.4 470.5 475.1 479.3 482.9 488.5 499.3 510.6 514.7 519.4 518.5 519.6 518.9 517 514.7 512.1 507.9 503.1 493.9 483.7 476.1 470.2 465.7 461 455.9 450.7 445.9 442.5 439.4 435.9 433.4 431.2 427.9 422.2 419.4 414.1 409.5 405.2 401.3 393.4 381.2 386.4 395.1 398.2 401.1 405.5 409.2 410.4 410.7 409.7 406.5 402.7 397.1 393.2 387.8 377.5 384.6 388.4 390.7 392.2 392 392.2 392.6 391.9 390.3 390.5 393.4
431.3 431.8 431.3 429.6 431.7 434.3 436.4 440.6 445.2 448.9 453.4 457.4 462 466.9 473.1 478 482.5 489.2 501.3 513.4 516.5 518 519.2 519.1 517.9 515.4 512.8 508.9 504.2 495.2 485.3 477.3 471.4 467.9 463.5 458.3 451.8 448.7 444.5 440.9 438.1 435 434 430.8 428.3 425.7 422.4 418.4 411.7 405.1 399.8 387.3 377.1 381.5 391.3 395.8 398.5 401.1 404 404.7 403.5 399.2 396.2 392.9 388.8 384.7 379.1 377.1 383 385.8 387.7 387.1 386.7 385.5 383.4 382.7 384 386
423.4 422.5 421 418.3 422.6 425.7 427.8 431.3 435.2 439.3 445.1 449.8 455 459.9 466.4 473.8 479.3 485.3 494 504.3 513.9 517.7 519.1 519.5 518.3 516 513.4 509.5 505 495.3 485.9 478.3 473.6 469.7 465.7 461 455.3 450.2 446.5 442 438.2 434.6 433.6 431.8 429.5 427.3 424.2 419.7 412.8 405.2 400.5 395.3 385.3 372.6 379.1 391.1 394 395.6 396 396.8 396.8 393 391.6 388.1 384.7 381.2 376.9 369.9 380.4 382.5 383.7 384.1 383.7 381.9 377.3 375 375.4 376.8
409 407.8 406.9 407.2 410.1 413.3 418 423.1 428.2 432.9 436.5 440.7 446.8 453.5 460.6 469.1 476.9 483.1 489 499.5 511 516.4 518.5 519.2 517.7 515.4 512.9 509.1 504.5 495.7 486.7 479.6 475.4 471.2 466.9 462.7 458 452.6 446.7 442.7 438.7 434.6 432.1 429.2 427.6 425.4 422.3 417.5 409.9 403.8 399.4 395.1 390.2 383 370.1 381.3 388.8 390.7 391.5 392.2 391.2 388.6 386.6 383.5 379.3 376.9 373.3 362.3 373.5 377.6 379.6 379.9 379.2 375.7 373.7 368.3 366.4 371
397.6 398.2 398.7 400.2 402.4 404.5 408.9 412.7 418.1 424.8 428.8 433.5 439.5 448.1 456.6 464.9 472.8 481 487 495.8 508.6 515 517.2 517.9 516.8 514.6 512.1 508.8 503.9 495.3 486 479.8 476.2 472.7 468.8 464.2 459.2 454 447.6 442.8 438.2 432.6 429.2 425.5 423.2 420.6 416.6 411.4 407 401.9 397.4 393.2 388.4 383.6 376.5 369 378.6 381.7 385 386.2 384.7 382.7 378.4 374.9 372.4 371.1 367.6 360 363.4 368.7 372 372.3 371.4 368.9 366.9 363 364.7 373.8
390.6 390.6 392.7 394.5 395.9 399.2 402.2 405.8 409.2 413.2 417.6 425.6 437.6 446 454.9 461.9 468.7 477.5 484.7 493 507.1 514.1 515.6 516.4 515.7 513.7 511.1 507.3 501.7 494.6 486.6 480.9 477.1 473.8 470 465.2 460.3 454.7 448.5 442.4 436.6 430.3 425.6 420.8 416.9 413.3 409 406 403.9 400.7 395.9 391.4 385.9 382.2 376.8 369.4 368.8 372.5 373.6 373.5 373.5 371.9 369 366.6 363.7 361.9 360.2 356.5 356 359.6 361.1 361.2 360.9 361.9 360.2 356.9 369.2 374.4
384.9 385.9 388.1 388.5 389 393.3 396.4 400.4 403.1 405.7 411.9 424.8 435.6 442.4 451.4 458.4 465.4 473.6 481.6 489.6 501.9 512.6 514.5 514.6 513.3 511.8 509.4 506.2 499.9 494.1 486.6 481.4 477.9 474.8 470.8 466.2 461 454.9 448.3 441.9 434.2 427.4 421.2 416.4 411.8 407.2 404.1 402.8 400.8 397.9 393.5 388.2 383.1 379.3 375.2 372.8 360.9 363.5 366.2 365.9 364.9 363.7 362.1 359.4 356.8 355.1 355.2 352.4 348.8 353.9 354.9 354.6 354.9 355 350.7 360.7 368.9 372.3
379.6 382.2 382.5 383.4 384.5 388.1 392.1 395.7 396.1 401.6 409.3 421.9 433.3 439.6 448.4 455.4 462.2 469.6 478.1 486.8 495.2 507.2 512.4 513 511.6 510.6 508.3 505.3 499.1 493.7 487 482 478.8 474.9 471.2 466.4 461.5 455.6 449.7 442.7 435.1 428.3 421.2 413.2 408.1 404.7 400.6 399 396.8 393.6 389 383.4 380 376.6 373.3 370.8 368 360.2 358.7 359.9 358.8 356.1 354.6 352.2 349.6 349.1 350.1 350.5 346.1 347.7 350.3 350.1 350.1 349.9 346.3 357.2 364.9 368.7
375.8 376.7 377.2 378.4 380.7 385.3 388.1 388.7 393.3 399 406.9 417.6 430.1 437.8 445.3 452.9 460.4 467.2 476 484.1 489.5 498.2 506.3 510.5 510.5 509.6 507.7 503.1 498.5 493.1 487.5 483.5 479.7 475.5 471.5 466.7 461.8 456.1 449.3 442.2 435.1 428.1 420.9 412.8 407.2 401.5 396 391.7 389.5 387 383.5 380.5 377.6 374.4 371.6 367.9 363 356.8 353.3 351.1 352.6 351 350.7 349.3 346.4 342.4 340.5 341.5 342.4 341.1 344 343.7 344.3 343 347.3 352.9 358.1 362.7
377.2 372.4 367.6 373 377.9 381.9 383.3 385 390.8 396.7 404.5 414.1 427.1 435.4 442.1 450.8 459.6 464.5 473.1 481.1 487.2 492.8 500.9 508.7 510.6 509.2 507.8 504.1 499.1 493.2 487.9 484.1 480.2 476.3 471.8 466.9 461.6 455.8 448.5 440.4 433.6 427.2 420.1 414 407.5 402.7 399.3 394.4 388.9 382.8 378.9 376 374 371.9 369 364.2 357.5 366.2 365.3 363.6 361.4 361.8 361.2 359.1 356.3 353.1 345.7 342.3 337.8 336.4 333.7 332.1 330.2 335 344 349.3 352.5 355.9
380.9 378.6 372.2 367.2 373.5 375.5 375.1 381.3 388.2 395 402.6 411.6 422.9 433.2 440.6 449.1 457.6 464.2 470.4 478.1 485.3 490.3 500.5 509.6 511.1 510.3 508.8 505.4 499.9 494.9 488.9 484.7 480.8 476.9 472.8 467.8 462.3 456 448.9 441.5 435 428.8 422.8 415.9 410.2 406.4 402.7 397.8 392.2 385.7 380.5 376.5 372.3 367.9 364.5 361.7 367.8 368.7 368.2 367.3 366.3 366 365.6 362.7 359.8 355.4 352.5 353.2 352.7 351 348.6 345.9 339.1 330.2 328.6 340.4 347.8 351.3
381.8 379.6 375.9 364.9 372.3 368.7 378 382.8 385.8 391.5 402 411.7 418.2 430.1 440.4 448.2 456.6 464 469.6 476.8 484 490.8 502.3 510.9 512.3 511 509.9 505.8 501.2 496.6 490.6 485.9 482.1 478.3 474.3 469.2 463.3 456.5 449.6 443.4 436.6 430.6 424.1 418.2 412.2 408.2 404.1 400.2 395.1 389.1 383.7 378.7 375.3 371.9 365.4 368.4 369.8 370.6 369.9 369.4 368.2 368.3 367.4 364.7 361.3 358.3 358.5 358.1 357.6 356.3 354.2 351.9 349.6 344.7 335.9 326.5 339.8 346.1
382.3 379.9 375.4 366.3 361.3 373 380.1 386.5 393.9 401.6 408.5 415.5 425.6 435.4 442.8 448.9 457.2 464.5 469.6 477.1 484.2 491.3 503.6 511.2 513.9 513 511.3 506.9 502.5 497.9 491.6 487.2 483.6 479.8 475.8 470.3 463.9 457.1 450.5 443.9 437.4 431.6 426.2 420.2 413.5 409.2 405 400.9 396.3 390.8 385 380.3 376.1 370 371.9 373.1 374 373.1 371.7 371 370 369.7 368.2 365.7 363.2 362.5 362.5 361.8 360.7 359 357.3 355.4 353.5 350.3 344.9 336 326.4 337.1
381.1 377.4 371.8 362.4 365.6 376.8 382.8 390.7 399.4 406.8 411.9 420 431.3 439.3 444.6 451.4 459.8 464.9 470.7 478.6 485.3 492.9 504.6 512.1 514.7 514 513 508.7 503.7 498.8 492.6 488.1 484.6 481.1 477.1 470.9 464.4 457 449.8 444.1 438.1 432.6 427 420.8 413.7 409.9 406.1 401.8 397 391.1 385.8 380.1 375 377.1 377.9 378.8 379.3 376.2 374.9 373.5 372.8 371.8 370 367.6 366.2 365.4 365 364.1 362.7 360.7 358.6 356.8 354.2 351 348.2 344.2 327.9 323.9
377.2 373.1 367.7 356.4 368 379.8 386.2 393.8 402.9 410.2 415 422.8 435.4 441.4 448 456.1 461.8 466.7 473.4 481.2 488.2 495.5 507.2 513.4 515.7 515.7 514.6 511.6 505.4 499.5 493.4 488.6 485.2 481.5 477 470.8 463.9 456.7 449.9 444.2 438.5 432.8 427.1 420.7 414.4 410.7 407.2 402.4 397.7 392.5 384.6 377.8 383.7 387.9 388.7 387.5 385.3 382.9 380.8 379.2 377 374.7 373.2 371.7 369.7 368.2 367.4 365.7 364 361.9 359.9 358.1 355.8 352.8 350.1 347.2 340.9 327.7
375 367.6 359.5 357.5 371 381.6 387.3 394 402.9 410 414.9 423.9 437.3 443.9 452.5 459.7 465 469.8 477.2 485.1 490.5 499.9 510.4 514.9 516.9 516.8 515.9 513.5 505.8 500.1 493.8 488.7 485 481.5 476.7 470 463.9 456.9 450.2 444.3 439.2 434.1 428.4 420.9 415.1 410.9 406.7 402.2 397.7 391.5 383.4 389.5 395.9 396.9 396.5 395 393.1 390.8 388.7 386.5 383.5 380.2 377.5 376.1 373.8 371.9 370.5 368.6 365.6 363.5 361.4 359.3 357.5 354.8 352.6 350.2 345.9 340.2
371.1 364 352.5 358.6 371.3 382.4 389.6 396.2 402.1 409 415.8 426.3 438.2 446.1 455.9 462.5 467.4 473.9 481.6 487.8 493.8 504.1 512.9 516.5 518.1 517.5 516.9 514.2 507.1 501.6 495.1 488.9 485.3 481.5 476.5 470.3 463.8 456.7 451 445.2 440.5 435 429.1 422.2 415.6 411.7 407.6 402.9 397.6 389.7 394.2 399.6 400.9 401.2 400.8 400 398.5 396.6 394.9 393 390.4 387 383.6 381.2 379.3 378.8 377 372.8 368.6 366.7 364 361.9 359.2 356.5 354.6 352.2 348.6 345.2
367.9 359.4 348.1 359.3 373.2 383.4 390.9 396.7 402.5 409.7 418.5 431.2 440.3 447.9 458.7 465 469.5 477.1 485.1 490.2 497.4 507.9 515 517.9 519 518.5 518 515.9 510.4 504.3 497.3 489.7 485.2 481 475.8 470.1 463.9 457.4 452 446.1 441.6 437.3 431.7 424.6 416.9 412.8 407.7 400.3 395.2 397.9 402.5 404.3 405.1 404.8 404.4 403.8 402.7 401.6 399.8 397.5 395.2 392.3 391.4 388.1 385.7 386.2 383 378.8 375.5 372.7 368.6 364.1 361 358.2 355.6 353.3 350.9 348.5
363.7 357.3 349.6 357.9 374.8 381.9 390.9 397 403.2 411.3 422.8 435.2 443.8 452.5 461.8 467.1 471.3 478.3 485.4 490 498 509.4 517 518.8 519.9 519.6 519.2 517.4 513.2 505.8 498.9 490.9 485.8 480.4 475.3 469.7 464.3 458.2 452.8 447.9 443.2 438.6 432.4 425.2 417.4 412.5 404.7 401.5 405.3 406.1 407.8 408.6 408.6 408.3 407.7 407 406.1 404.6 403 401 399.1 397.1 396.3 395.8 393.5 388.8 387.9 385.3 382.1 377.8 374 368.4 363.1 360 357.3 355.1 352.7 351.6
361.8 354.8 351.4 362.7 375.7 385.5 392.1 397.6 405.2 415.1 429.5 439.3 447 457.8 464.7 468.9 472.4 478.9 485 489.4 495 503.7 513.1 518.8 520.3 521.1 520.6 518.6 515.3 507.3 498.6 490.5 484.8 479.7 474.6 469.2 464.1 458.9 453.2 448.7 444 438.5 431.4 423.1 419.4 413.8 409.1 406.6 411 411.4 412.3 412.3 412.2 411.4 410.6 409.8 408.2 406.1 404.9 404.3 402.3 401.5 400.1 399.2 397.3 394.4 389.9 389.2 387.3 382.3 377.6 371.6 366 361.8 359.3 357 354.8 353.4
360.7 348.2 353.1 366.3 375.8 385.6 392.7 399.3 408.4 420.2 435.1 442.6 450 460.3 466 469.5 472.5 476.4 482.5 486.6 489.9 495 502.6 512.9 519.9 521.1 521.4 519.4 516.4 508.2 498.1 489.2 484.2 479.1 474 469.1 464 459 453.5 449.8 444.3 438.1 431.4 427.2 424.1 419.9 414.3 413.5 415.7 415.9 416.1 416 415.9 414.9 413.5 412.1 410.6 409.1 407.2 406.2 405.5 404.6 403.3 400.7 399 397 393.4 390.6 389.8 385.9 380.5 375.2 368.6 364.3 361.4 358.7 356.5 354.8
356.5 339.7 360.2 367.7 377.6 387.8 395 402.3 412.6 425.7 439 445.2 451.4 460.8 465.2 468.2 470.7 473.4 475.9 480.6 484.4 488.2 493 503 515.6 520.1 520.8 519.5 516.1 506 497.1 489.5 484.8 479.7 473.8 468.9 463.9 458.9 455.4 451.3 445 440.1 436.2 432.7 428.3 422.6 415.8 419.2 419.8 419.7 420.4 421.2 420.9 419.8 419.3 417.7 416.3 413.4 411.9 409.9 408.5 407.2 406.1 402.7 399.7 397.8 396.1 391.7 390.2 387.5 383.9 378.5 373 367.5 364.4 361.2 358.8 355.4
342.1 351.6 360 369.5 380.6 389 396.8 404.8 414.8 427.4 440.2 445.3 450.8 457.5 461.7 464.8 467.3 469.7 471.3 473.7 477.3 481.1 485.1 491.3 500.2 508.2 516.6 518.8 516.3 505.1 495.6 490.3 485.6 479.3 473.3 468.5 464.1 459.6 456.5 452.9 448.2 444.3 440.2 435.4 427.7 426.1 424.7 425 425.8 425.8 426.4 426.9 426 425.6 425.2 424.6 422.8 420.8 418.1 415.7 414.4 413.1 411.8 407.6 402.3 398.9 396.8 395.4 391.1 389.7 385.5 380.6 376.5 372.5 367.4 363.7 359.9 355.8
334.5 350.4 360.3 369.7 382.8 391.2 397.6 405.9 416 426.3 439.2 443.8 448.1 451.4 453.4 457.8 461.2 464 467 469 472 475.5 478.2 482.7 487.2 493.2 501.2 513.3 509.9 504.2 495.9 490.9 485.9 479.9 473.9 469.3 464.8 461.2 457.8 454.4 450.4 446 441.2 433 433.6 431 431.8 432 431.7 431.5 430.9 430.2 429.7 429.9 429.7 428.9 427.6 425.4 423.2 420.9 419.7 418.4 417 412.7 407.1 401.2 397.6 396 393.7 391.8 389.4 384 378.9 375.2 369.8 364.1 359.9 355.7
