ny/ny94_OST50GRID_20230518/NY94.asc
ncols 200
nrows 200
xllcorner 390000
yllcorner 540000
cellsize 50
[rows 105 to 139 of 200, columns 0 to 77 of 200]
538.4 549.2 556.1 558.2 558.2 558.2 558.8 559.9 561 562.3 563.5 564.2 564.4 564.5 564.4 563.4 563.7 564 563.4 562.5 562.6 561.9 561 560.2 558.3 556.4 554.7 553.5 552.3 550.9 549.1 548 547.1 546.2 544 540.8 535.6 531.5 528.4 524 519.8 516.4 513 509.9 507.7 506 503.5 500.8 499.8 498.3 498.7 500.1 502.6 503.4 503.8 503.7 503.1 502.3 501.4 500.4 499 497 493 488.7 492.2 492.8 492.9 492.1 490.8 489.9 489.1 487.8 487.1 487.1 487.1 487.2 487.6 488.9
533.3 541.9 552.5 557.1 558 558.6 559 559.5 561.1 561.8 562.9 563.9 563.9 563.2 563 561.9 561.8 561.9 561.3 561 561.1 559.7 558.9 558.2 556.8 555 554 553 551.5 550.3 549.4 547.9 546.3 543.2 540 536.6 532.4 528.5 523.4 519.8 515.9 513 510.6 508 506.1 503.5 500.3 497.6 495 492.4 494.4 498 500.5 502.9 503.2 503 502.6 502.3 501 499.5 497.6 495.3 491.3 476.7 487 487.8 487.4 487.3 487 486.2 485.5 484.2 483 483 482.7 483.2 483.7 485
528.8 534.2 543.4 553.9 557.6 558.5 559.2 559.5 560.7 561.5 561.8 562 561.8 561 561 560.5 559.8 559.5 559.7 559.4 559.4 558.5 557.3 556.4 555.5 554 552.5 551.2 550.4 549.4 547.6 545.7 542.1 538 534.9 532.1 528.6 525 520 516.1 512.8 510.4 508.2 506 503.2 498.7 495.3 491.2 487.7 484.8 488.8 493 498.5 501.5 502.6 502.7 502.2 501.3 499.9 497.7 495.5 492.3 488.1 474.9 474.8 478.6 478.6 479.3 480 480.1 479.6 478.7 476.8 475.9 475.6 475.4 477.7 480.8
524.9 529.1 536.1 544.8 554.4 557.8 558.6 558.7 560 561 561.2 560 559.8 559.3 558.7 558.6 559 558.3 557.7 557 556.8 556.4 555.2 554 552.8 551.1 548.6 546.3 545.7 544.9 543 540.5 537.1 533.7 530.3 527.2 524.4 521.5 517 513.2 510.8 508.6 504.9 501.6 497.7 492.9 487.1 486 483.8 477.4 482.8 488.6 493.7 498.5 501.4 501.7 501.4 500 497.7 495.2 491.9 487.1 482.8 472.9 463.8 468 468.3 469.3 469.7 470.1 470.3 469.3 468.6 468.4 468.2 467.4 470 474.5
522.2 525.3 529.5 535.5 545.6 554.1 557.2 558 559.2 559.3 559.8 559.3 558.8 557.7 557.4 557.8 558.1 556.9 553.8 550.9 550.2 549.2 547.6 544.9 544.6 542.9 541.2 540.1 539.6 539.2 537.1 534.5 531.3 528.5 525.7 523.3 520.7 518.2 514.2 511.2 508.6 504.7 500.7 495.3 490.7 487.6 485.2 482 478.6 469.1 478.8 484.2 489.7 494.7 498.4 499.5 499.7 497 493.8 489.4 484.7 480.6 474.7 468.9 457.7 459.7 460.7 460.5 461.3 461.5 462.1 461.6 461.2 460.6 460.3 459.1 462.1 467.9
517.8 522.6 525.6 530 537.3 548.5 556.4 558 558 558.5 558.3 558 557.7 557.3 556.4 556.1 554.9 551.3 547.5 544.5 542.9 542 540.5 538.4 536.9 535.8 534.8 533.9 533 532.2 531.4 528.9 526.9 524.3 522 519.6 516.9 514.8 511.4 508 504.1 498.6 494.5 490.1 487.9 483.8 481.8 478.9 471.5 467.2 475.8 479.4 483.7 489.3 493.6 495.9 495.5 493.4 489.1 482.9 477.6 474.2 470.2 465.9 460.5 449.5 455.3 455.6 456.1 456.6 456.5 455.7 455.8 455.2 453.6 450 456.6 461.3
513 519 523.5 527.8 532.5 542.1 553.2 555.1 556.9 557.7 557.8 556.9 556.5 555.8 555 553.4 550 545.6 542.3 539.4 538.7 536.9 535.1 533.7 532.5 531.6 530.1 528.6 528 527 526.2 524.6 522.5 520.3 517.9 515.3 511.8 509.1 505.9 502.3 498.2 492.9 489.8 486.4 483.5 480 475.4 473.5 465.7 461.7 472.2 476.7 480 484.1 487.4 489.6 489.9 487.6 484 478.3 475 471.7 468.6 464.7 458.8 444 446.3 449 449.9 450.5 450.6 449.9 449.1 448.3 443.6 444.7 450.9 456.7
508.7 514.8 520.5 525.7 529.9 536.6 546.4 554.1 556.7 557.4 557.5 556.7 555.4 553.8 551.3 546.5 542.6 540.3 538.4 537.1 536 533.8 531.7 530.1 528.6 527.4 526 524.1 523.1 522 521.3 519.9 517.6 515.5 513.2 509.9 506.3 502 499.4 496.8 492.9 489.7 487 483 479 475.5 467.6 466 459 457.3 468.7 474.5 477.1 480 481.3 482.2 482.7 480.4 477.9 474.7 473 470.3 467.4 463.2 455.7 444 437.9 441.1 442.1 442.7 443 442.5 441.1 440.3 435.5 438.5 447.1 453.1
504.2 509.8 516.6 523.7 528.6 533.4 541.6 548.9 555.3 557.2 557.2 556.1 554.1 549.7 545.8 541.1 538 536.5 535.1 533.7 532.4 530.9 529.3 527.2 524.8 523.1 521.4 518.8 516.8 515 513.5 512 510.1 508 506.1 503.8 501.2 497.5 495 492.1 489.3 486.5 484 480.5 472.6 469.4 462.3 451.5 447.4 454.9 465.9 472.3 475.7 477.9 478 478.1 477.2 476.1 474.6 473.1 471.4 468.7 466 461.6 453.1 444 430 433.7 436.4 437.9 437.7 437.1 435.7 433.5 425.7 434.7 443 448.7
500.8 506.9 513.4 521.5 528.2 532.2 537.4 543.5 548.4 552.5 553.8 552.8 548.4 544.8 541.1 537.6 534.2 533.3 532.2 530.9 529.7 527.7 525.4 522.8 519.8 516.9 514.2 512.4 510.8 508.9 507.2 506 504.6 502.8 501 498.4 496.3 494 491.3 489.3 486.4 483.6 480.6 477 471.4 461.6 453.4 445.9 435.5 455.2 463.5 470.1 474.6 476.3 476.8 476.2 475.1 474.3 473.1 471.6 469.9 467.4 464.4 459.9 453 446 439.8 426.1 426.8 431.5 433.2 432.8 430.9 425.4 421 433.1 438.1 444.1
494.1 504.7 510.4 516.7 523.5 530.1 533.3 537 540.9 543.9 543.7 543.1 542 539.9 537.1 534.4 532.2 531 529.3 528.1 525.9 522.5 519.7 516.9 514.2 511.5 508.9 507 505.6 504 502.9 501 500 499.2 497.3 496.1 494.2 492 488.9 485.3 482.4 479.3 475.7 471.8 467.5 462.4 455 437.3 437 453.7 460.5 468.9 474 476 476.2 475.4 474 472.9 471.8 470.2 468.7 466.6 463 458 451.6 446.3 440.8 434.1 418.8 423.1 426.5 426.2 423.8 416.3 420.7 431.1 435.3 439
481.9 498.7 504.8 508.9 510 523.2 529.6 532 533.7 535.6 536.7 536.8 536.4 536.2 534.4 532.2 529.4 528.6 526.1 522.8 519.3 516.3 514 512.1 509.5 507.1 504.6 503.5 502.3 500.4 498.5 497.8 496.8 495.9 496.1 495 492.5 489.1 485.6 481.8 476.5 472.8 469.7 466 461.8 458.9 453.6 431.2 433.9 451.7 458.6 467.4 472.5 474.8 475.1 474.5 473.2 472.3 471.2 469.7 467.8 465.7 461.2 455.6 449.4 444 438.6 430 421 406 416.6 418.2 415.9 407.1 418.4 426.1 431.3 434.3
490.6 497.7 505.5 510.1 512.9 518.9 524.6 527.5 530.9 531.8 532.2 532.6 532.3 532.9 531.8 530.3 527.3 524.2 519.1 515.9 512.6 510.7 510 507.6 506.3 503.7 501.5 501 499.3 497.1 494.2 493.5 492.5 492.4 493.6 492.6 489.6 485 480.8 475.8 470.8 467.6 464.5 461.6 458.6 455.3 446.8 426.2 428.8 449.5 456.3 463.9 469.8 472.5 473.5 473.7 472.8 471.9 470.7 469.7 468 465.3 462.2 456.8 450.6 445.3 439.9 435.8 427 413 403.5 407.4 408 401 411.6 417.8 422.8 429.3
481.6 492.7 499 505.9 511 514.4 518.7 525.8 528.2 529.4 530.1 529.7 530.4 530.3 530.2 526.5 522.5 518.1 511 508.7 506.9 506.8 506.6 504.2 502.6 500.8 498.3 496.7 495.1 492.6 489.9 488.1 486.9 487.6 488.1 487.6 484.1 479.5 473.8 469.3 466.5 463.5 460.5 457.5 453.7 449.4 437.4 419.9 427.3 445.8 454 459.1 464.1 468.8 471.8 472.7 472.7 471.8 470.7 469.5 467.5 465.2 461.6 455.7 449.4 444.8 440.7 436.4 430 418.6 407.6 397.4 399.3 397 403.1 408.1 412.7 419.4
482 484.5 487.6 499.2 508.2 512 514.7 519.1 524.8 527.6 528.9 528.1 527.5 526.3 523.1 519.8 515.4 512.2 507.4 503.9 502.3 503.4 502 499.2 497.1 495.5 492.7 490.4 488.8 487.1 484.1 482.5 480.4 478.2 480.5 480 476.7 472.4 468.1 464.7 462.4 459.2 455 451.2 446.5 435.1 429.1 413 427.8 442.8 451 454.8 458.5 463.2 467.4 471 472.1 471.7 470.7 469.6 467.3 465 460.5 454.2 448.3 444.1 440.6 436.3 429.9 420.5 411.8 403.5 393.2 390.9 395.1 398.8 401.9 406.2
480.6 483.3 486.6 488.1 504.4 509.9 512.1 514.5 517.9 524.7 527.1 526.5 522.4 519.7 515.4 512.2 509.4 506.7 504.3 501.6 498.6 499 496.1 492.5 491.1 489.6 487.9 485.7 483.5 481.1 478.4 476.9 475 472.3 471.3 470.6 468.3 466.1 464.3 461 457.1 453.6 447.7 442.8 437.2 429.8 419.6 409 425.6 436.1 444.7 451.3 455.7 458.7 462.2 466 469.9 470.5 470.2 469.3 467.6 464.1 460 453.2 448.2 444.4 440.5 435.3 427.9 420.8 413.5 404.9 397.4 390.2 384.3 390.3 392.9 395.6
479.2 482 485.6 484.7 496.4 505.4 509.6 511.7 514.3 518.9 522 524 519.3 513.2 509.8 507.8 505.8 504.2 501.7 497.7 495.9 493 490.9 489 487.2 485.8 484 481.9 479.8 476.9 473.7 471.3 470.3 467.5 465.2 464.8 463.8 462.4 459.8 455.9 450.2 444 439.5 435.6 429.2 417.6 409.2 413.9 422 428 434.7 446.7 453.3 456.7 459.1 461.9 466.2 469.2 468.8 468.5 467.3 464 459 452.7 448.4 444.2 440.1 434.5 427.5 420.1 413.6 405.9 399.4 393.4 387.6 382.5 386.4 388.5
473.5 480.1 483.6 485.8 483.1 498.9 503.4 507.9 510.3 512.3 513.8 514.7 512.2 509.9 507.1 504.6 503.2 500.7 497.2 493.5 491 488.1 486.8 484.9 483.2 482.3 480.5 477.8 474.6 472.8 470.5 467.7 463.3 460 460.3 461.5 460.1 457.1 453.4 448.1 443.1 436.8 433.2 431.3 427.5 421.7 404.7 409 419.8 424.3 430.2 438.6 450.4 454.7 456.2 458.5 461.5 465.2 467.2 466.6 464.5 460.7 455.9 451.3 447.3 444.1 439.7 434.5 428 420.1 413.7 407.7 401.8 395.2 390.4 384.3 380.9 382.6
463.5 472.3 478.1 482.9 482.1 491.1 496.3 501.4 505.5 508 509.5 509.6 508.2 506.7 504.1 501.7 497.3 495.6 492.2 489.6 486.7 483.8 482.2 480.7 479 477.6 476.2 473.4 461.4 468.8 469.6 468.9 465.6 460.4 445.3 455.6 453 447.9 444 439.4 435.4 432.1 428.9 426.8 424.8 420.7 404.5 399.9 415.1 421.9 427.3 432.7 442.7 451.1 454.7 455.8 456.8 459.6 461.3 461.3 458.4 455.2 452.4 449.3 446.4 444.3 441.2 435.6 429.3 421.6 415 409.3 404.2 398.3 392.5 386.8 378 378.4
458.1 463 468.2 476.6 479.3 484.5 489.1 492.2 495.8 499.9 502.3 502.9 502.7 500.9 498.4 496.7 492.9 490.3 488.6 486.1 482.4 480 478.5 476.8 474.2 471.9 469.4 467 464.7 463.8 466.1 467.9 465.2 459.9 450.6 442.5 441.4 439 435.8 433 430.8 427.7 424.9 422.7 421.6 417.8 404.4 392.8 410.3 419.8 423.5 427.7 434 443.6 450.6 452.6 453.4 454.2 454.6 453.9 453.2 451.6 449.8 448.4 446.7 444.8 442.1 436.7 430 422.3 416.5 410.7 406.1 399.5 393.3 388.3 383.5 375.3
450.6 457.1 462 467.8 471.6 478.2 483.2 486.7 488.7 489.2 491.8 492.7 493.6 492.7 492.1 491 488.4 486.7 485.1 482.3 479.9 477.7 475.5 473.3 469.8 466.8 464 462.1 459 457.8 457.4 463.2 461.1 454.8 448 438.6 433.4 432.9 430.4 427.9 426.6 424.3 420.5 417 415.6 411.4 403 391.1 404.5 416.3 419.9 423.1 427.5 435 444.1 448.3 449.4 449.6 449.5 449 448.8 448.9 448.4 447.8 446.7 445.1 442.4 436.2 429.7 423 416.3 410.9 407.3 401.7 394.4 389.6 385.9 381.8
439.6 449.4 456.1 461 465.6 471.3 476.9 481.4 483.4 483.9 485 486 486.3 486.6 487 486.7 485.5 484.1 481.8 479.6 478.1 476.3 473 469 465.2 461.5 459.2 457.1 453.9 452.4 452.1 454.7 453.4 449 444.4 439.3 433 427 423.6 420.9 420.7 418.3 411.6 404.3 404.1 403.9 399.1 389.4 401.4 410.3 416.5 419.2 422.7 426.9 433.1 437.9 441.2 441.2 440.4 440.3 442.4 444 446.1 446.1 445.9 444.3 439.4 433.2 427.4 421.8 416.7 412.8 406.6 400.4 395.5 391.3 387.6 384.1
430.6 439.5 448.5 455.1 460.2 465.2 470.5 474.7 477.4 478.8 480 480.8 480.8 481.5 481.7 482 481.7 481.2 480.2 478.3 475 473 468.9 463.8 459.7 456.6 454.3 452.2 449.7 447.5 448.1 447.5 447.2 444.2 440.9 437.2 433.6 430.7 428.2 425.5 420.5 411.4 412.6 407.8 397.1 392.5 392.7 388 397.8 403.7 411 415.7 418.1 420.2 423.8 427 429.7 429.9 429.3 428.9 430.2 435.5 441.2 442.9 441.6 439.3 433.3 427.9 424.8 421.1 417.5 413.3 406.6 400.1 395.4 391.8 388.4 384.9
424 428.7 437.5 447.8 454.2 459.3 463.8 467.8 470.1 471.7 473.7 474.3 474.1 474.8 476.6 477.3 477.7 477.2 475.7 473.9 470.8 466.5 462.8 457.9 455.2 452.6 449.4 446.9 444.6 443.9 443.3 443.1 441.8 439.3 437.2 435.2 433.5 431.8 430 427.5 425.2 423.3 421.4 418.4 409.6 399.6 387.8 381.4 392.6 398.1 403.5 409 412.2 413.7 416.1 417.1 417.7 416.8 416.1 415.3 417.3 423 428.3 430.5 429.3 426.9 425.1 424.2 422 420.1 417 412.3 405.3 399.7 395.4 391.8 388.6 385.3
411.5 422 427.3 436.5 445.8 452.7 456.8 460.2 462.4 464.9 465.9 467.2 465.7 467.1 469.4 469.4 469.2 468.3 467 464.7 462.7 460.7 458.4 455.1 451.8 448 445.1 440.8 439.3 438.3 440.4 440.7 438.7 435.8 435 433.6 432.4 431.7 431.9 431.5 428.7 424.8 421.8 418.8 413.2 404.2 395.1 379.2 379 391.9 395.7 399.4 400.6 404 406.5 407.3 407.8 406.5 405.3 404.6 406.8 410.5 414.7 417.4 417.9 418.8 419.2 420.5 420.5 419.3 416.8 411.8 404 399.2 394.8 391.8 388.7 385.3
402.9 408.7 419.8 426.9 433.3 441 448.6 452.4 454.6 456.3 457.5 460 460.1 460.7 461 461.2 460.9 460.5 459.8 459 458 456.8 454.6 451.2 448.1 444.9 440.8 436.1 430.9 432.7 438.5 438.8 436.2 433.1 430.6 428.1 427.5 431.1 432.7 431.5 430.8 425.5 421.9 418.3 413.6 405.1 400 389 374.7 374.6 385.5 391.6 392.3 393.8 395.1 396.2 397 397.4 398.2 397.8 398.5 400.4 403.6 407 409.5 411 414.4 417.4 418.5 418.1 416.2 410.8 401.9 396.4 393.2 390.6 387.7 383.4
401.9 399.9 406 418.1 425.7 429.9 433.9 438 445 447.4 450.7 452.7 454.4 454.7 455.3 455.3 455.9 455.8 456.4 455.7 454.4 452.9 450.7 448.3 444.8 440.9 435.6 429.8 422.7 426.1 435.2 433.4 431.8 427.8 425 422.7 421.4 425 426.3 425.5 422.9 417.7 413.9 410.6 407.8 404.1 401 394.1 382 372.3 374.1 382.6 385.2 387.1 389.1 390.9 391.9 392.5 392.2 391.5 392.4 393.5 395.4 397.4 399.3 401.9 408.3 414 417.6 417.2 414.3 405.9 398.1 393.9 391.7 389 386.2 381.9
404.1 400.8 399.8 408.4 414.8 419.9 425.4 427.7 432.9 439.5 443.3 444.5 445.7 447 449.4 450.8 451.8 451.9 452 450.5 449.9 448.8 446.9 443.6 438.9 433.7 429.4 425 416.9 420.9 425.8 426.5 424.7 422.8 421 419.5 417.6 416.9 416.7 415.4 413.9 412.1 410.1 407.6 404.6 402.3 399.2 393.2 387.5 376.6 364.4 369.8 375.1 379.1 383.2 385.7 386.6 386.9 387 387.3 387.5 388.2 389 390.6 392.4 394.3 398.4 406.2 410.6 410.6 405.7 398.8 394.3 390.8 389.1 387 384.2 378.1
411.2 403.2 400.2 398 406 411.1 416.7 422.3 425.5 429 431.1 433.7 434.5 435.9 438.7 443.3 446.9 447.8 447.4 446.6 445.5 443.1 439.6 435.5 431.3 428 424.3 420.8 414.2 417.3 419.3 420 420 418.6 417.6 416.3 415.1 413.8 412.6 411.4 410.2 408.8 407.4 404.6 400.7 396.5 392.6 387.6 384.5 378.4 366.6 362.9 367.3 371.6 374.7 377.4 378.5 379.3 379.9 379.8 380.8 381.8 383 384.7 386.1 386.9 388.4 390.1 393.3 394.6 393.9 392.5 389.9 387.5 386.5 384.8 381.3 375.1
415.7 410.9 405.1 400.4 396.9 401.7 408.2 414 417.6 421.6 424.2 427.1 428 428.8 429.9 430.7 432.8 436 438.2 438.3 436.1 433.5 431.1 429.7 426.7 423.1 420.6 417.2 409.7 413 415 415.1 416.1 415.8 414.9 413.1 411.4 409.4 407.9 407 405.9 403.4 400.5 395.5 391.5 386.8 382.6 377.8 375.4 372.8 369.1 357.1 359.4 363.9 366.4 368.1 368.9 369.4 370.1 371.6 372.1 373.4 374.4 375.7 377.1 378.2 378.8 379.4 381.9 383 384.2 385.2 386.2 384.2 382.8 381.2 377.2 371.9
417.5 412.1 408.4 405.9 398 395.4 393.8 404.3 407.6 410.5 414 418.5 421.6 424 425.3 425.6 426.3 427.2 427.7 428.5 428.9 428 426.7 425.1 422.2 420.6 417.7 414.2 407.6 406.8 410.8 410.7 411.1 410.9 410.2 407.4 405.1 403.2 401.4 399.6 397.9 396.3 393.2 388 383.7 379.9 376.4 373.3 370.3 367.7 366.1 362 354.4 357.3 360.7 360.7 362.4 362.8 363.4 362.8 363.6 363.5 364.8 366.2 366.6 367.3 368.1 369.7 371.9 374.7 376.1 377.7 379.3 379.8 377.8 376 373 367.1
418.1 417.3 412.8 408.8 405.6 396.1 394.2 391.7 396.9 401.8 404.7 407.3 411.3 414.9 418.6 421.3 422.2 423.4 424 424.8 424.5 423.3 422.4 422 419.3 416.1 414 410.7 404.9 398.4 403.8 404.5 404.8 403.7 402.4 400.7 399.1 396.9 393.5 392.1 390.5 387.9 384.7 380.9 377.2 374.8 372.4 369.4 366.5 364.1 362.1 359.6 354.5 352.3 354.4 355.2 355.8 356.6 357 356.1 356.8 356.1 355.7 355.9 357 358 359.5 361.3 362.5 364.1 366.6 368.4 370.8 373 371.8 369.4 366.4 364.7
425.9 420.4 417.8 415.1 411.3 406.7 399.9 393.6 391.1 390 391.8 398 400.7 404 408.7 412.6 415.9 418.8 419.8 421.3 420.7 419.7 418.9 417.3 414.4 411.9 407.7 404 400.7 396.6 396.6 396.7 397.2 397.4 396.7 395.6 392.9 390 387.8 386.1 383.5 380.7 377.8 376.4 374 371.1 368.5 365.8 363.6 362 359.8 357.9 354.3 348.5 350.6 351.2 351.5 351.6 350.8 350.1 350.2 349.2 349 349.9 349.9 350.9 351.4 352.6 353.6 355.1 356.6 359.1 360.5 361.7 362.7 362.9 361.4 360.7
427.9 424.1 422.7 420.3 416.4 411.3 406.9 401.6 391.3 390.7 389.5 388.2 390.6 394 397.8 403.7 407.5 410.7 413.8 415.8 416.4 415.6 414.4 412.3 409 406.2 402.8 399.9 397.4 394.4 389.6 392 391.5 390.9 390.3 389.9 387.6 385.3 383.5 381.5 378.8 376.4 374.6 373.3 370.7 368.1 365.6 363.6 361.7 359.9 357.6 355.4 353.1 348.1 348.3 348.5 348.3 347.3 347.1 345.1 342 343.6 343.4 343.1 343.3 334.3 337.8 345.9 346.3 347.4 349.1 350.5 351.9 352.4 354.1 355.8 356.8 355
429.6 427.2 427.3 424.3 420.2 416.3 411.5 407.8 403.5 398.3 389.5 387.7 387 385.9 387.7 392.7 397.3 400.9 403.1 405.9 406.9 407.2 406.2 405.9 404.6 402.3 399.1 396.3 393.8 391.2 385.3 386.7 386.8 386.6 386.8 384.8 382 380.8 379.5 377.4 374.5 371.7 371.5 370.7 368.4 364.1 360.1 354.6 354.3 352.9 351.3 348.1 347.5 346.3 345.5 345.5 344.3 343.1 342.6 339.6 337.5 337.2 336.3 336.7 335 333.6 333.1 335.9 339.3 340.2 342.5 343 344.3 346.1 346.9 349.3 350.1 347.6
