ny/ny64_OST50GRID_20230518/NY64.asc
ncols 200
nrows 200
xllcorner 360000
yllcorner 540000
cellsize 50
[rows 0 to 34 of 200, columns 0 to 77 of 200]
560.4 554.9 548.7 542.7 537.9 534.7 531.8 529.1 527.7 527.4 526.4 523.9 524.2 523.4 522.6 521.9 520.8 520 518.2 518.7 519.3 519.9 519.7 518 515.9 514.4 513.4 510.9 506.6 503.2 500.4 498.7 499.7 499.2 498.1 500.1 499.3 498 496.8 495.8 497 495.5 486.7 496.3 498.9 498.5 497.5 496 494.6 490.5 495.9 500.7 504 510.4 515.2 521.5 525 524.1 522.2 519.2 513.4 507.7 505 505.6 506.5 505.4 502.8 499.8 494.5 488 483.8 474.4 465.4 457.2 451.7 446.8 440.5 431.8
564 559.9 554.6 548.4 542.2 537.3 533.9 532.6 531.5 531.2 529.7 528.5 527.3 526.4 525.6 524.6 523.4 521.1 520.5 521.7 521.7 521.6 522.2 520.8 519.2 517.5 515.8 514.4 511.3 507.5 503.8 501.6 501.6 500.3 500.5 501.8 500.9 499.3 498 498.2 498.3 496.9 485.9 499.3 500.5 499.4 499.2 498.1 495.4 494.6 498.4 502.4 507.5 511.9 516.1 522.7 527 526.5 525.3 523.2 517.1 512.6 511.3 511.5 509.8 509.3 508.5 506.3 501.1 496.2 491 481.8 471.8 464.3 456.4 451.7 447.7 440.8
567.3 563.1 559.1 554.5 547.5 541.1 538.8 536 535.1 533.8 532.4 531.5 530.3 529.4 528.5 526.8 525.4 524.7 524.6 524.4 523.8 524.1 524.7 524.8 523.7 522 519.7 517.5 515.2 510.5 507.1 505.4 504.7 504.4 504 503.5 502.3 500.8 500 500 499.3 497.2 489.3 500.9 502.2 501.2 500 499 497.8 499.5 502.3 506.2 509.2 512.7 517.3 522.4 528.3 528.8 527.9 526.2 523.6 519.6 516.8 514.2 513.3 514.2 513.6 511.5 508.3 502 493.7 487.1 480.2 474.3 468.2 459.1 452.1 446.1
569.1 566.1 562.3 558.3 552.4 547.3 542 539.4 538.2 536.8 535.6 534.5 533.4 532.4 531.5 530.2 529 527.6 527.7 527.5 526.5 527 528.8 528.3 527.4 526.2 524.4 521.8 519.2 514.6 510.6 509.4 507.3 506.1 506.5 505.6 503.6 502 501.6 500.8 499.8 496.4 491.5 501 503.1 502.3 501.2 500.1 500.2 502.7 505.9 509.2 511.7 513.7 516.5 522.1 528.6 530.8 530.3 529.2 528.6 525 521.1 517.9 520.1 520.3 517.8 514.6 509.3 503.2 497.4 492.4 487.6 482.1 476.2 467.5 455.4 447.6
571.1 568.1 565.2 561.3 557.5 552 545.6 542.1 541.1 539.4 538.8 537.7 536.6 535.7 534.8 533.5 531.9 530.9 531.1 530.9 529.8 531.4 532.9 532.9 532.6 530.7 528.9 526.2 522.8 519.8 515.1 512.8 509.8 508.5 508.8 508.3 505.2 504.5 502.5 501.7 499.7 492.6 495.7 502 503.5 502.8 501.8 501.9 503.3 506.1 509 512 514.9 516.5 518.4 521.2 526.8 533.5 533 532.2 531.4 530.2 526.6 521.7 522.8 522.9 520.9 515.9 510.8 505.4 501.8 498.8 494.1 487.1 480.2 469.3 457.9 450.2
572.7 569.9 567.1 563.4 559 555.1 549.6 545.6 543.7 542.3 541.8 540.9 539.8 539 538.2 536.7 535.1 534.7 535.2 534.4 534.4 536.4 536.9 537.5 537.5 536.7 534.8 532.3 529 525.4 521.5 516.2 513.2 510.9 510.6 509.8 508.6 507.8 504.6 502 499.4 491.8 497.3 502 504.2 503.7 503.4 503.9 506.2 509 512.2 515.3 518.2 520.8 521.3 524.8 526.3 534 535.2 534.3 533.6 532.2 528.8 525.1 527 527.7 524.8 519 512.4 510.9 508.3 504.5 499.6 492.3 480.6 470.4 460.1 452.5
573.5 570.6 567.5 564.6 561.7 557.4 552.6 548.5 546 545.1 544.6 543.7 543 542.3 541.4 539.4 537.9 538.8 538.9 538.7 539.3 541.8 541.4 541.9 542.7 541.8 540.8 538.6 536.1 532.9 527.6 521.4 517 513.4 511.2 510.6 510.3 509.4 505.5 502.3 497.8 495.2 496.4 502.2 504.9 504.5 505.2 505.8 508.5 512.3 515.5 518.6 522.9 525.4 525.9 529.1 530.7 532.5 537.5 536.8 536.2 534.9 533.2 532 532.5 533.1 528.8 522 517.6 516.7 514 510.1 504.4 494.5 481.8 472.1 462.7 454.8
574 571.4 568.5 567.1 563.7 560 555 550.8 548.9 547.9 547.2 546.5 546.3 545.5 544.6 542.3 542.6 542.9 542.3 542.1 544.5 546.8 546.6 547.2 546.6 545.9 545.3 543.9 541.5 538.1 533.9 526.9 520.7 517 514.1 512.5 511 510.7 508.6 504.9 503.5 502.6 495.6 500.5 504.4 505.9 506.8 508 510.4 514.9 519.8 524.7 529.6 530.8 531.7 534.8 536.9 537.1 539.3 540.2 539.3 538.7 537.5 537.7 539.3 537 531.3 525.3 522.6 521.4 518.2 514.3 506.6 495 483 474 465.8 457.9
575.1 571.7 569.2 567.7 564.6 559.8 556 552.6 551.1 550.5 550 549.4 548.7 548 547 544.2 546.4 547 547.8 549 551.3 551.9 552 552.1 551.2 550.3 549.9 548.2 545.2 542.2 538.4 530.5 525.7 520.6 516.9 514.1 513.3 512.3 510.4 506.6 506.1 502.9 498.6 501 505.2 507 508.2 510.5 513.7 518.6 524.9 531.6 535.3 536.6 539.6 540.1 540.6 541.3 542.6 543.3 542.5 542.8 540.6 543.6 544.2 541.2 535.8 530.2 527.9 525.7 522.6 517.4 509 499 486.7 477.8 469.4 462
573.2 572.1 569.3 566.3 562 558.1 555 553.2 551.5 551.1 549.9 549.6 549.1 548.6 547.9 547.6 548.2 551 553.6 555.2 556.2 556.7 556 556.6 556 555.2 554.3 552.5 549.8 546.4 542.8 535.7 528.5 522.9 518.7 516.1 515 513.1 511 508.4 507.7 506.4 502.1 502.9 507 509 511.8 515 518.1 523.3 530.2 535.4 539.1 542.5 544.9 544.8 544.1 543.1 542.9 543.9 544.7 544.2 544.3 546.3 545.9 543.7 539.1 534.2 531.6 529 524.9 519.8 511.9 500.5 489.5 481.2 473.2 464.5
569.5 568.5 565.5 562.7 558.9 556.2 553.2 551.4 549.2 548.7 548.2 547.8 547.5 547.1 547.3 548 549.5 552.8 557.5 558.9 559.1 560.1 560.1 560.5 560.7 559.5 558.3 557 554.4 551 547.9 543.2 532.8 525.6 522.2 518.7 516.3 514 511.7 510.2 509.8 508.8 505.9 507.8 511.3 514.3 516.8 519 522.4 527.6 533.9 539.3 543.4 549 548.8 547.4 546.8 545.2 545.2 545.9 546.1 546.5 547.7 549.1 547.7 544.8 541.2 537.3 535.1 530.7 527 522.5 513 501.2 490.9 482.3 472.6 462.6
564.3 562.9 560.5 558.4 555.9 553.3 550.5 547.4 544.1 541.8 542.5 542.5 542.2 542.9 543.2 544 547.1 550.4 554.8 559.3 561.8 562.3 562.6 563.6 562.9 561.9 561.1 559.8 558.4 555.6 552.5 548.2 540.9 532.3 526.6 521.9 518.7 515.9 513.4 512.3 512 510 508.7 511.6 513.2 516.8 519.5 521.1 524.3 530.5 536.1 541.5 546.1 551.7 550.9 550.1 549.6 549.6 550.9 550.2 549.4 550.1 551 551.5 549.4 546.6 544.4 540.7 536.8 533.5 528.6 522.5 512.5 503.4 492.7 481.2 471.9 463.4
558 556.6 555.6 553.6 551.7 548.6 544.7 542 538.7 537.3 537.1 537.2 537.1 538.1 538.6 539.8 542 545.6 550.3 555.6 561.9 563 564.1 564.6 564.8 563.7 562.8 561.8 560 557.4 554.8 550.5 545.3 537.9 533.4 527.9 523.2 518.6 515.4 514.3 514 511.7 511.7 513.2 514.4 517.8 520.2 522.7 526.9 532.1 538.1 542.8 546.1 550.9 552 553.2 553.4 555.3 554.9 554 553.1 553.1 554.2 553.1 551 549.8 545.6 542 537.7 534.5 527.6 521.4 514.5 504.9 494.8 485.7 477.2 469.2
549.4 548.6 547.7 546 544 540.4 537.4 535.7 533.3 532.1 532.7 532.4 531.8 532.8 534.2 535.6 536.9 539.2 543.1 550.1 556.7 561.1 562.9 563.9 565.2 564.9 564.1 563 561.6 559.1 556.7 552.7 547.6 541.3 537.5 534.4 527.2 521.9 518.6 516.4 515.4 514 513.8 515.4 517.5 516.8 520.1 524.3 527.7 531.3 538.2 542.6 545.4 548.1 551.3 552.8 554.2 557.7 558.4 557.4 556.5 556.3 555.2 553.5 551.9 549.4 545.7 541.3 537.4 535.8 532 528.2 517.9 507.7 500.5 492.9 482.9 476
537 537.4 537.3 536.9 535.2 532.9 530.3 527.8 526.4 524.5 525.2 525.3 525.7 526.3 527.7 529.2 531.1 533.6 536.3 541.2 548.2 554.2 558.9 562.4 564.3 564.2 564.4 563.4 562.1 560.2 557.6 554.4 548.9 543.9 539.9 536.7 530.9 524.4 521.1 518.5 516.8 515.9 516 518 518.5 519.4 521.4 524.9 528.6 533.1 536.6 540.4 543.4 546.7 549.2 552.1 554.6 557.5 558.9 559.4 559 557.9 556.7 554.9 552.2 549.3 546.7 542 538.1 536.9 534.2 529.9 522.4 516.8 509.5 500 490.9 484.8
526.8 525.8 526.7 526.4 524.8 522.6 520.7 519 518.1 518.2 518.1 518.9 519.6 520.7 521.9 523.4 525.9 528.2 530.8 534.8 540.5 546.2 550.7 557.7 561.5 563.2 563.6 563 562 560.2 557.9 554.6 549.8 544.2 540 537 533.1 527.5 523.6 520 518.4 517.3 518 519.1 519.8 521 522.1 525.5 530.6 533.7 537 539.5 542.7 545 547.3 550 552.7 555.4 557.6 559.3 557.3 556.5 555.6 553.7 552.8 551.3 547.3 543.6 541.7 540 536.2 533.6 531.1 525.8 518.1 508 498.8 492.7
515.5 515.3 515.3 514.4 512.9 510.6 508.6 507.6 508.1 507.6 508.9 510 510.5 511.7 514.3 517.1 520 522.6 525.3 528.9 533.7 538.3 543 549.2 556.9 560.7 561.9 562.6 561.9 560.1 556.7 554.1 550 545.3 541.3 539.2 534.8 529.7 525.2 520.9 519.4 518.5 518.9 519.6 521.3 522.6 524.1 526.8 532.2 535.7 537.4 540.5 541.3 543.6 545.6 548.4 550.8 553.5 555.8 557.2 556.6 555.4 555.8 555 553.1 551.5 549.6 547.3 544.9 540.8 539.4 538 536.9 533.2 525.5 516 507 499.5
502.6 502 501.3 500.5 499.4 498 496.4 496.4 496.3 496.3 497.8 499.2 500.8 503.1 505.8 509.4 513.6 516.3 519.9 523.3 527.5 532.8 535.7 541.6 549 556.8 561 562.3 562.1 560 558.6 557.1 552.8 546.8 542.5 539.4 534.5 530.5 526.2 523 521.4 519.9 518.8 521.1 523.1 524.5 526.3 528.5 533.6 537.4 539.1 541.4 543.5 544.2 544.5 547 549.3 551.7 553.9 556.1 556.4 556 556.5 555.4 553.3 552.4 552 550.1 547 543 542.8 541.6 540.9 538.5 531.6 523 514.6 507.5
487.6 486.7 486.5 485.2 484 484.5 485 485 485.3 485.8 485.3 487.9 489.5 492.7 497 502.8 506.3 509.3 512.7 517.4 521.6 526.2 530.3 535.1 542 550.1 558.1 561.4 562.7 563 561.7 559.1 555.2 549.1 545.2 540.2 535.3 530.9 527.4 525.3 523.3 521.3 520 522 524.2 525.7 526.8 528.8 533.5 536.6 539.2 542.4 544.9 545.7 545.6 547.3 548 549.1 551.7 553.5 554.9 554.5 554.3 554.9 554.8 554.9 553.8 551.9 549.1 547.3 547.1 546.4 544.9 542.4 537 528 520.7 513.4
475.3 473.5 472.5 472.4 471.8 473 473.2 473.8 472.5 470.6 472.5 469.8 477.1 481.1 487.2 493.8 498.4 502.4 505.4 510 514.7 519.2 522.7 528.9 535.5 544.3 552 559.3 564.5 561.4 563.2 560.4 555.8 550.7 546.4 541.3 536.4 532.8 530.1 527.9 526.4 524.2 522.3 522.2 524.7 526.4 527.1 529 532.4 535.9 539 542 544.2 544.7 545.7 547.2 548 549.3 550.5 551.2 552.7 553.1 553.5 555.7 555.1 556.2 555.5 553.4 552.5 551.8 551.5 550 548.8 546.2 542.4 533.8 525.4 517.5
466.4 465.9 464.6 462.4 461.9 463.4 463.7 463.2 461.9 462 461.3 458.5 466 470.8 476.8 484.6 490.9 495.3 499 503 507.8 511.8 515.3 523.7 531.9 541.1 546.5 551.5 555.7 561.9 562.8 559.7 555.1 551.1 547.6 543.7 540 536.3 533.4 530.5 529.2 526.3 525.1 524.8 525.7 526.5 526.7 530.2 532.7 534.4 536.4 539.5 542.5 544.6 545 546.6 547.2 549.3 550.4 551.2 552.4 552.4 553.8 555.1 556.1 556.2 556.3 556.1 555.4 556.1 555.4 553 550.9 549.4 546.4 537.3 528.4 520.5
452.2 451.4 451.2 451.6 451.7 452.4 452.3 451.8 451.6 450.5 450.7 449.5 454.6 460.7 468.6 477.7 486.3 490.6 493.5 497 501.4 505.7 509.1 517.4 528.2 537 541.3 545.4 553.1 563.6 564.6 562.8 557.4 551.7 548.6 544.7 542.3 538.6 534.6 531.9 528.9 526.9 526.2 525.4 525 524.9 526.5 529.2 532.3 532.5 534.5 537.8 540.1 541.5 542.9 545.7 547.3 549.4 550.6 550.6 551.1 550.8 551.5 553.3 555.3 557 557.9 558.1 558.4 558.9 558.9 557.2 554.1 552.3 549.4 540.5 531.3 523.9
441.1 440.7 441.4 441.2 441.7 442.2 441.5 440.4 439.4 438.1 438.1 438.5 442.2 449.4 458.2 467.8 475.1 483.1 487.6 491.3 494.9 498.5 501.8 506.8 514.7 527.5 533.1 540 545.8 551.1 562.2 562.1 558.2 552.5 548.3 545.4 542.2 538.2 533.5 530.2 528 526.3 525.4 524.8 523.5 525.2 528.4 530.9 531.9 532 532.8 534.2 537.1 539.5 540.8 543.5 545.7 548.2 549.9 550.5 549.8 550.2 550.4 551 554.4 558.4 559.8 560.7 560.8 561.1 562 560.7 556.6 554.8 550.6 543 535 526.9
432.4 431.5 432.4 432.5 432 431.1 430.7 428.5 426.4 426.8 427 427 431.1 437.9 446.3 454.9 463.3 470.6 477.4 483.5 488.2 491.9 495.1 500.2 505.6 514.5 521.6 528.2 535.3 541.5 552.5 557.2 554.7 550.9 547.4 544.5 541.4 536.4 532.3 529 526.5 525.1 524.4 523.9 522.4 525.1 530.3 531 532.1 532.8 532.7 533.4 535.5 537.6 539.3 541.7 543.3 544 546.4 547.7 547.8 548.3 549.3 551.4 554.3 559.8 561.9 562.6 563.5 563.6 564.2 562.8 558.5 555.9 551.7 545.6 539.1 530.6
422 421.8 422.8 423.3 422.7 422.4 420.5 417.2 415.2 415 415 407.9 422 428.4 434.7 442.2 449.9 457.6 465.4 472.1 480.2 484.9 488.3 494 499.6 506 512.3 519.1 526.5 535.4 541.2 546.1 548.2 547.4 544.9 542.8 541.1 536.5 531.3 528.2 525.8 524.7 522.7 522.6 521.8 522.7 526.2 529.2 530.4 531.4 531.3 532.6 533.4 535.8 536.2 538.2 540 541.2 543.2 544.7 546.5 547.5 549.5 552.3 555.7 559.6 562.3 564.4 565.7 565.5 564.9 563.3 560.2 557.3 553.1 548.3 541.9 532.9
414.2 409.8 411.8 410.3 409.3 408.4 407.5 406.6 404.6 403.5 399.3 402 413.3 420 426.1 432.3 438.3 444.6 453.4 461.2 469 477.1 481.3 486.8 493.6 499.7 505.1 512.8 517.7 523.4 531.3 538.4 542 542.5 542.4 541.4 539.7 533.8 529.8 527.9 526.2 524.3 522.4 520.9 519.7 520.7 524 526.9 528.5 529.2 530.1 530.7 532.8 534 534.7 536.1 539 541.4 543.5 546.2 549.4 550.8 552.7 553.6 556.2 558.5 561.5 566 567.3 567.1 566.4 564.9 561.9 558.2 553.4 549.7 544.5 536.2
403.9 403.2 402.1 401.1 400.3 398.3 396 394.1 393.2 392.2 393.4 392.4 406.2 412.6 418 423.8 429.6 435.1 441.6 449.8 457.9 466.3 474 479.8 485.4 491.7 499.2 505.9 510.4 516.3 520.6 527.7 534 536.7 538 537.6 538 533.4 529.7 527.8 524.6 522.4 520.7 518.3 518.1 519.6 521.5 524.1 526.1 525.9 526.3 528.2 529.7 533.8 535.9 537.4 538.7 541.5 545.9 549.4 552.4 554.2 555 556.5 557.1 559.4 562 565.8 567.7 569 568.6 566.3 563 559.6 555.7 551.5 546.4 541
395.4 393.1 393.7 393.1 391.5 388.5 385.9 385.6 384 383.5 381 390.5 396.4 404.3 411.1 416.5 421 426.4 432.6 439.3 448.8 456.8 465.1 472.6 477.7 483.8 491.9 498.3 503.7 508.1 512.9 518.1 523.1 528.1 531 530.9 530.6 530.5 528.2 525.9 523.5 519.7 517.6 515.3 513.6 514.2 516.3 516.8 516.1 513.8 512 512.1 520.5 528.1 533.5 536.6 539.7 542.3 545.9 550.7 554.3 557 556.9 557.1 558.8 559.8 562.1 564.6 567.2 569.3 569.8 567.3 564.4 560.8 557.3 553.3 550.3 545.6
386 384.1 384.8 384.9 383.9 381.3 379.4 376.7 375.7 372.3 370.9 382.5 387.8 393.2 399.5 406.5 414 419.9 424.9 430.6 438.2 447.2 456 464.4 471 476.6 483.4 489.8 496.1 500.7 505.5 509.8 515.5 520.9 523.6 523.5 523.8 523.4 524 522.9 518.9 513.5 511.6 506 502.2 501.8 502.8 502.2 502.3 502.4 504.2 508.6 513.9 518.1 523.2 533 539.6 542.2 544.7 549.1 553.3 556.8 557.3 557.8 559.3 561.1 562.9 565.5 568.7 570.4 570.5 568.9 566.3 563.3 560 557 553.5 549.5
373.5 374.7 379.2 377.5 377.6 373.4 370.4 368.2 366.1 357.2 367.2 374.1 380.3 384.5 387.9 394.2 401.6 410.1 417.5 422.6 429.4 436.9 446.8 456 465 470.1 476 482 486.6 491.7 496.8 501.2 505.8 511.9 515.2 516.4 516.4 517.5 517.3 515.5 510.5 504.5 499.4 495.4 491 492.9 493.6 493.6 494.2 494.3 493.6 503.2 507.9 512.9 516.8 523.1 531.3 538.7 542.8 546.4 551.1 555.1 556.4 557.7 558.9 560.6 562.3 566.7 570.2 571.4 571.5 570.2 568.3 565.1 562.8 560.5 557.7 554.2
365.3 363.9 368.8 367 367.2 362.8 359.7 359.7 355.9 354.2 362 367.6 371.5 375.4 378.9 383.1 389.9 398.5 409.2 417.1 421.9 428.2 437.6 447.3 456.5 463.5 468.6 474.1 479.1 482.6 487 492 496.5 502.2 507.1 509.5 511.3 512.7 510.9 507.5 501.3 496.6 490.3 486.5 480.5 484.4 485.6 485.6 485.7 484.6 489.4 494.3 500.3 506.9 512.4 517.9 524.7 534.3 540.6 543.9 547.1 550.6 554.5 556.8 558.5 560 561.9 567.7 571.1 572 572.3 571.7 570 567.4 566.2 563.2 560.4 557
354 352.5 353.7 351.4 351 349.7 349 348.1 343.3 349 356.1 359.9 365 369.8 372.5 376.8 381.3 386.9 397.2 408.5 416.5 421.6 428.7 438.3 448.1 456.1 463 467.7 471 474.5 478.5 482.6 487.5 492.9 498 502.2 504.4 505 504.2 499.2 494 487.5 482.4 478.9 468.7 477.4 478.8 479.8 478.2 470.4 483.8 488.1 494.7 500.2 507.6 513.8 521.3 529.2 536.4 541.3 545.2 549.2 552.8 555.1 557.8 560 562.6 566.9 570.6 572.3 572.8 572.5 571.7 570.7 568.9 566.7 564.8 561.7
345 339.7 340.2 339.4 339.7 339 338.8 338.4 331.7 341.5 347.2 352.2 357.9 362.7 366.2 370.5 373.7 378.7 388.2 397.2 408.2 414.8 420.6 429.7 438.9 448 456.2 461.1 463.9 467.2 470.5 474.9 479.5 484.1 488.9 493.5 496.4 497.9 497 491.8 485.7 479.8 475.3 471.7 465 469.2 471 472.4 465.5 471.6 477.9 481.7 488.9 497.4 504.6 510.1 517.5 524.8 531.5 536.9 541.8 546.3 549.8 554.1 557.9 560.9 563.4 565.7 570.3 573 574.1 574.2 573.7 572.8 571.6 570.7 568.5 564.8
338.9 331.2 330.2 329.8 329.9 330.2 331.5 329.4 325.2 334.5 340.5 344.4 347.9 354.4 359.6 364.6 368 373 378.9 388 398.4 408.2 413.6 421.7 430.2 438.4 447.2 454.6 458.2 460.7 462.7 466.8 471.6 476.5 480.9 483.9 486.9 488.1 487.6 485 478.8 471.7 467.8 463.8 459.1 461.2 464 464.6 457.2 467.3 473.8 477.2 483.7 494.7 501.2 507.2 514.4 523.5 529.2 534.2 538.8 543.2 548.3 553.5 558.5 561.3 563.5 565.7 569.6 572.6 575.2 576.3 575.5 574 573.8 573.8 571.9 568.5
331.2 324 318.2 320 321.5 321.5 324.3 316.5 325 329.9 334.2 336.3 339.5 344.1 351.1 358.3 362.1 366.5 371.5 378.4 388.3 398 407.3 413.3 420.7 428.9 436.9 444.4 451.2 454 455.6 458.6 463.1 467.6 472 476.5 479.5 481 479.7 476.1 471 465.6 459.9 454.8 441.5 449.2 450.9 453.5 444.5 459.3 468.9 473.3 480 490.2 498.1 505.5 511.8 519.5 527 533 538.3 544.1 548.8 553.5 557.8 560.7 563.4 565.5 568.5 572.4 576.2 577.6 576.6 577.1 577.4 576.7 575 570.8
