ny/ny64_OST50GRID_20230518/NY64.asc
ncols 200
nrows 200
xllcorner 360000
yllcorner 540000
cellsize 50
[rows 140 to 174 of 200, columns 0 to 77 of 200]
188.5 188.1 188.2 189.8 194.9 197.8 199.5 202.8 206.6 210.7 215.8 218.2 222.5 227.5 233.8 240.6 240.4 240.3 245.1 251.8 255.3 255.3 255.9 258.9 262.4 266.6 269.9 273.8 277.6 282.3 283.9 286.8 290.6 294.3 295.6 296.2 296.2 296.6 295 293.9 300.1 295.7 282.8 280.5 292.5 308 319.7 327.5 333.6 340.3 345.9 350.4 354.3 358.7 363.8 370.2 377.3 384.4 390.1 393.5 397.3 401.4 407.6 413.8 418.9 424.5 431.1 436.4 440.9 446.1 450.6 455.1 459.3 464.6 469.9 477.6 482 474.8
185.7 186 188.6 193.5 195.3 202 203.8 204.8 206.3 208.4 213.8 217.1 219.7 225.5 229.5 235.3 234.9 238 243.7 250.8 254.3 252.5 255.6 257.4 263.2 267.4 271.1 274.5 276.7 280.8 284.3 286.2 289.4 293.6 296.4 298.4 300.1 303.1 306.6 306 314.7 319.4 310 294.7 282.2 293.3 306.1 316.3 322.8 328.6 335.7 341.4 345.2 350 354.6 362.9 371.2 378.6 383.7 387.6 391.5 396.8 400.9 405.8 413.1 420.4 426.5 431.8 436.7 440.6 443.2 445.2 449.5 454.4 457.8 462.3 465.5 467.9
185.6 186.2 189.9 193.5 196.6 203.1 207.6 210.4 211.8 213.3 213.6 214.4 215.7 220.7 226.3 231 233 233.5 239.5 243.4 245.9 254.1 258.4 261.8 261.4 264.5 270.3 272.9 274.7 276.7 280.8 283.7 286.3 291 295.2 297 298.8 302.5 307.1 308 312.5 321.1 320.5 314.9 298.9 289.8 291.1 292.8 296.9 305.6 318.2 330.2 336.7 341.4 347.4 355.6 364.1 371.9 377 382.5 387 392 395.7 400.3 404.7 411.3 417.8 423.5 428 434.3 436.8 440.3 443.6 447.2 448.2 452.2 455.3 459.1
186.2 189.1 192.9 195.3 201.3 205.5 209.5 213.2 213.8 215.2 216.7 219.1 220.1 218.2 219.9 224.5 228.1 235.2 241.9 244.7 251.8 258.2 258.2 261.1 263.8 264.6 263.7 268.1 269.1 271.6 276.5 280.5 283.7 287.4 290.6 293.5 295.6 300.5 305.7 307.8 310.9 320 322 324.9 322.7 301.2 303.9 308.6 308.3 299.4 301.8 308.5 317.7 328.6 337.8 346.7 355.6 363.9 371.9 378.2 383.5 387.1 391.2 396 400.9 406.3 412.1 416.4 419.5 424.3 431.9 435.6 438.7 440.3 442.4 446.3 443.6 452.6
189.8 194.2 198.2 204.4 206.3 208 211.4 214 215.9 218.2 222 225 226.7 225.9 221.9 222.3 232.1 238.5 241.1 248.2 250 255 257.7 258.7 260.1 262 264.1 265.2 268.7 270.4 272.6 275.8 279.4 283 286.2 289.6 293.2 297.1 301.8 306.3 310.1 318.7 324.7 323.6 327.7 317 320.2 324.9 324 319.3 313 310.5 311 311 324.4 336.6 345 356.6 364.5 371.7 377.4 382.8 387.5 392.8 397.7 402.6 407.5 411.6 414.2 417.8 421.7 423.8 428.6 433.8 435.4 434.5 429.8 437
194.9 202 207 206.2 212.1 213.9 216.2 217.8 221.2 225.9 229 230 231.1 232.4 234.2 226 223.9 235.4 241.5 248.4 250.3 251.4 258.6 257.6 257.1 258.2 260.2 261.5 264.9 268.8 271 272.6 274.7 278.6 284.2 287.9 291.6 296 300.2 304.6 311.7 321.2 327.5 325.6 327.4 325.8 318.4 327.7 329.9 331.1 326.4 324.3 325.4 324.6 314.4 324.7 336.5 349.4 355.9 362.9 368.7 375.4 383.4 390.8 394.9 399.6 404.8 406.9 408.7 411.5 414 415.5 417.8 419.8 419.7 419.2 415.3 430.2
202.9 210.9 212.1 210.9 215.7 222.9 225.4 225.9 229.1 232.2 235.1 236.4 237.5 239.5 241.3 237.8 226.7 225.2 231.8 240.3 244.7 247.4 253.4 260.6 257.1 257.9 260.3 261.6 265.6 268.5 270.2 271.7 275.5 276.6 281.8 285.1 289.6 293.7 299.6 303.6 308.8 323.8 328.4 327.4 328.6 327.3 319.2 329.6 333 337 336.8 335.1 336.4 336.3 331.6 321.7 322.6 337.1 345.9 354.5 360.6 367.9 375.5 382.5 389.1 394.1 398.2 401.2 403 404.3 405.7 406.5 405 397.6 397.6 413.2 425.8 437.2
210.3 212.9 215.7 215.8 218.6 227.4 230 230.1 233.1 235.6 237.5 239.3 240.9 243.2 245.3 244.8 237.9 225.4 227.6 228.2 231.4 238.4 245.5 257 258.7 256.9 259.7 260.5 264.8 268.2 269.6 272.6 276.3 277.9 280.6 285.8 288.9 291.9 298.8 303.8 311.6 320.7 328.7 327.4 329.4 330 329.2 329 334.5 337.5 339.1 342.2 346.7 346.2 345.2 339.1 330.2 332.7 331.9 335.3 337.4 343.9 363.9 372.3 379.2 384.8 387.9 390.8 393.3 392.2 392.3 387.2 385.3 401.2 412.7 421.8 431.8 444.5
213.4 217.5 221 220.1 218.8 227.2 231.3 230.8 233.7 237.2 239.1 240.3 241.8 243.3 244.2 242.7 236.9 225.8 232.2 237.1 236.5 231.8 234.5 239.9 246.9 250.4 256.5 261.4 263 267.8 270.1 271.8 276.2 278.4 280.8 285.4 288.2 292.3 299.5 305.4 312.2 318.8 325.3 328.7 330.2 330.9 327.3 333.6 337.2 338.1 345.1 348.9 352.4 355.2 355.7 353 350.3 347 346.2 347.2 351.5 353.6 350 358.3 366.7 370.6 374.7 377 368.1 372.1 379.6 386.7 399.4 410.6 420.2 428.6 438.8 449.9
214.9 219.4 223.3 220.1 219.5 227.2 231.7 231.7 234.6 237.7 239.6 240.8 241.6 241.7 240.3 237.4 232.8 225 229.9 235.5 240.5 243 237.2 233.9 239.5 247.2 251.4 258.1 264.1 265.1 270 271.2 275.5 279.3 280.9 286 289.8 292.9 299.6 305.9 311.7 317.5 321.9 325.6 330.2 331.4 328.8 334.4 340.7 341 348.3 354.3 357.5 361.1 361.8 362.7 363.1 361.9 361.5 361 358.8 359.5 358.1 355.7 357.8 356.8 360.1 361.2 376.3 383.7 390.3 398.5 408.1 416.8 425.3 433.8 444.1 454.9
215.9 220.4 223.2 219.3 220.2 228.7 231.7 232.3 234.3 236.9 238.3 239.5 240.1 239.1 236.5 230.1 225.2 225.2 228.9 233.7 239.5 245.8 245.8 237.1 237.4 245.6 256.1 253.9 260.5 265.8 268 272.2 274.7 280.2 282.1 286.8 291 293.9 301 307 312.9 317.6 321 324.2 330.2 332.9 330.2 336.5 344.8 346.5 352.9 359.1 362.9 365.8 368.2 369.7 371.1 369.2 369.4 369.1 364.3 366.5 370.6 370.1 370.1 371.6 373.8 365.8 379.6 388.7 395.7 406.2 412.6 423.2 429.6 437.2 449.3 458.5
215.5 219.5 222.8 219.5 220.9 228.3 230.7 231.9 233 235.6 237 237.6 237.9 235.6 232.5 226.1 223.6 225.4 229.1 233.1 238.2 245.8 252.4 238.1 236.7 244.5 252.5 256.3 258.6 265 268.9 272.8 275.3 280.2 282.2 288 291.9 296.2 302 307.6 314.7 317.4 319.7 326 330.3 335.5 334.7 334.6 346.6 348.1 354.8 361.4 366.5 370.7 373.5 375.4 376.1 375.4 375.4 376.1 376.7 374.5 384.2 383.1 379.1 381.5 383.8 383 382.2 392.9 402.1 410.6 418.2 428.4 434.3 444.6 454.2 462.3
216.5 218.5 222.1 220.9 218.1 222.9 229.2 231.4 231.5 233.9 234.9 235.4 234.1 232.1 228.7 224.4 223.3 226.8 231 234.1 237.5 247.1 250.4 237.6 237.1 243.7 248.7 255.9 257.8 263.2 269.2 273.2 275.4 279.8 282.3 288.2 293.1 298 302.5 309.1 314.6 317.3 321.6 327.4 332.1 335.5 338.5 334.4 346.5 351.1 351.7 360 369.9 375.7 378.4 380.5 380 378.8 380.1 382.4 385.4 390.4 399.1 399.3 392.3 395.6 394.6 393.6 383.4 396.8 408.8 414.8 423 431.1 438.4 450.2 457.9 465.1
218 218.9 222.8 223.3 216.1 220.2 226.6 229.6 229.1 231.8 232.9 232.7 231 228.2 226.7 223.6 222.9 226.9 232 235.3 239.2 252.9 246.2 236.9 239.1 241.1 246.6 257.3 260.8 261.3 268 273.1 275.6 280.8 282.6 286.7 292.9 297.1 302.5 308.6 314.5 317.9 321.9 328.6 333.2 335.9 339 335.6 346.3 354.4 357 356.9 370 378.1 382 383.8 383.4 382.9 383.8 386.1 389.5 393.6 403.8 411.4 409.9 409.9 406.5 402.4 401 390.9 408.8 419.3 425.6 433 442 453.5 461.1 469.3
218.7 219.7 222.8 223.6 217 217.3 224.7 225.9 227.1 229.8 230.4 229.4 227.6 225.3 223.2 222.5 222.7 225.8 232.1 236.6 241.3 254.3 241.1 237.7 241.5 247.2 244.9 254.9 262.5 261 268.8 272.9 275.8 280.9 282.8 288.1 293.1 297 302.7 308.3 314.8 318.8 321.2 328.6 333.6 336.4 339.4 336.4 344 354.4 359.8 362 366.4 377.2 382.7 384.9 385.5 386.4 388.6 392.3 395.7 399.3 409 412.1 411.8 410.8 410.3 411.3 412.2 406.2 404.1 419.5 426.8 434.5 443.8 455.4 464.3 471.9
220.1 220.1 221.9 223.6 218.1 215.1 220.1 221.6 225.4 227.7 227.2 225.7 223.1 219.6 222.7 226.4 225.7 225.5 230.3 236.2 245.4 252 239.9 239.3 243.9 250.5 251.9 250.4 261.2 263 266.1 273.1 277.2 280.3 284.5 289.3 294.5 297.8 303.4 308.1 315 319.4 321.7 329.5 335 337.8 340.5 340 337.6 346 360.2 366.3 363.5 371.5 382.8 386.2 388.4 389.8 394.9 398.4 401 405.9 410.8 413 412.3 413.3 416 419.2 419.4 419.9 413.9 414 425.8 436.3 445.4 455.8 466.6 474.9
220.9 220.7 221.9 222.7 218 213.4 217.8 219.4 222.7 224.2 224.2 221.8 217.8 221.8 224.4 228.9 229.6 224.3 229.6 235.8 250.2 244.5 239.9 238.3 244.2 250.6 252.6 248.5 258.6 263.4 263.6 271.1 276.7 280.8 284.9 290.5 295.7 299 304.4 310.6 314.8 320.6 323 329.9 335.2 340.4 342.9 344.7 344.6 341.8 357.1 366.7 370.5 367.5 380.8 386.7 389.5 393.5 399 401.8 406.4 411.6 416.2 417.3 418.8 420.1 423 424 424.8 426.8 428.1 420.2 432.4 440.3 447.3 456.5 469.2 477.1
221.8 221.6 221.6 222 218.9 214.3 213.5 216 220.5 221.2 220.4 217.8 218.3 221.5 224.8 228.3 230.8 228.6 228.3 233.8 247.4 242.2 241.1 238.9 241.2 249.5 253 248.7 257.3 263.5 263.3 266.3 274.1 280.8 285.9 289.8 296.1 299.7 305 310.4 315.5 320.1 323.8 328 335 342.3 346.9 348.1 345.3 346.9 357.9 368.8 372.9 369 377.9 386 391.5 395.7 402.6 407.5 413.1 415.5 419.3 421.6 423.7 428.5 430.4 430.7 431.6 434.1 436 433.9 436.9 444.7 452.6 461.5 470.1 478.1
221.8 222 222.3 222.2 220.2 215.7 212.2 212.4 215.1 216.3 216.3 214.7 217.8 220.7 224.2 227.5 229.9 229.6 225.9 233 244.2 241.5 242.2 240.6 238.6 247.9 254.4 249.8 254.5 264.5 265.4 265.4 273.6 281 286.2 290.5 295.6 300.5 305.7 309.9 315.9 320.5 323.6 325.6 335.3 342.9 348 350.7 345.6 351.7 361.6 371.1 374.8 375.4 374.5 384.6 392.2 399 408.3 414.7 417.3 418.5 422.2 426.4 431.9 436.7 438.2 438.2 439 442.3 443.2 442.6 442.2 448.7 457.7 465.5 475.9 483.1
221.7 221.9 222.1 222.5 221.7 219.4 214.1 210.7 211.7 211.8 212.6 213.5 216.7 219.7 223.2 227 229.3 229.8 225.9 227.5 244.5 238.9 238.9 239.8 238.8 244.9 255.3 252.5 250.2 260.6 268.6 266.4 272.4 280.4 285.9 290.1 295.5 301.6 307.1 311.2 316.5 321 322.4 325.3 333.5 341.8 348.8 351 347.5 350.2 360.6 370.5 376 379.3 377 385.2 395 404 413.6 418.8 420.3 421.7 429.7 434.9 441.5 446.3 446.8 447.6 448.7 449.3 449.9 450.1 451.4 453.4 462.4 471.1 481 487.7
221.5 221.5 221.6 222.1 221.8 220.7 216.2 209.8 208.3 209.4 210.9 212.4 214.9 218.7 222.7 226.5 228.5 228.2 224.7 223.8 239.9 240.9 238.5 238 238.3 240 251.8 256.6 251.6 253.5 264.4 269 268.4 279.6 284.9 291 295.2 300.5 306.3 311.6 316.6 320.7 323.7 325 330.3 340 347.7 349.7 349.2 357.7 355.8 366 375.9 380.4 380.8 391.6 395.5 406.3 416.6 424.6 428.8 432.8 437.6 443.2 450.1 454 455.1 457.2 459 459 459 458.7 459.5 462.5 466.9 474.5 484.6 491.5
220.9 220.6 220.2 220.6 220.5 219.9 216.9 210.6 206.8 208.3 211.3 211.1 213.2 216.3 221.7 225.1 226.4 225.6 220.2 222.5 232.5 247.9 238.7 239.4 243.9 242.3 242.9 252.5 256 252 260.2 269.8 267.1 274.5 284 290 294.2 298.2 301.3 306.3 314.1 318.2 322.1 325.5 328.8 336.3 346 351.3 350.1 362.1 363.7 363.1 374.9 379.8 383.4 395 401 406.6 417.7 424.7 433.5 440.5 443.2 446.2 457.6 460.9 462.9 464.9 467.8 469.7 471 471 468.1 471.6 476.5 480.3 486.5 494.2
219.2 218.8 219 219.7 219.8 219.7 217.2 213.1 207.8 204.9 206.7 209.1 211.1 213.8 217.5 221.6 221.8 220.6 220.6 221.1 227.5 241.5 242.3 239 244.7 246.9 242.5 249.9 255.6 252.9 254.1 265.2 264.9 266.7 272.7 280.7 290.3 289 284.7 289.7 303.1 311.6 319.9 325.8 327.1 333.1 342 348.1 350.8 362 368.2 364.2 368.1 375.9 386 397.1 403.8 408.1 418.1 429 438.4 446.2 448.8 454.5 455.5 467.6 470.4 472.2 476 479 481.1 483 479.7 480.2 484.4 488.5 492 496.2
218.9 218.5 218.5 218.9 219 218.5 217.4 213.8 208.4 204.4 204.4 209.9 209.2 211.1 213.8 217.1 218 218.8 220.7 221.2 226.1 233.8 242.1 238.2 243 242.8 243.3 250.3 255.7 256.3 253 257.1 258.6 260.2 262.5 265.6 271.9 273 276.1 279.7 286.7 296 309.2 320.5 327.5 331.4 337.5 345.2 349.9 362.3 369.8 375.1 374.6 370.6 380.3 394.1 404 414.9 411.9 426.5 440.6 448.4 451.5 462.4 468.2 473.8 475 478.2 483 487 489.7 492.2 490.6 489.8 489.6 494.5 497.8 499.9
218.1 218.4 218.3 218.2 217.9 217.4 216.1 214.3 208.8 205.5 203.6 204 207.3 210.1 212.1 213.8 215.9 217.6 220.1 221.8 226.4 231.1 238 237.3 241.2 244.2 246.5 251 256.5 257.8 255.8 254.1 255.1 257.5 265 264.8 266.8 272.5 283.3 293.6 294.6 300.2 298.6 307.3 318.5 329.2 335 343.4 347.5 361.8 371.1 377.3 380.5 381.3 374.3 385.4 401.5 413.1 420.2 419.2 437.4 450.3 460 468.2 474.4 477.5 480.4 482.9 488.8 493.2 496.8 499.8 500.8 498.6 496.8 498.8 501.5 504
217.6 217.5 217.6 217.4 217 216.7 215.7 214 208.9 205.3 202.2 200.7 204.3 208.7 210.6 212.5 214 216.1 219.9 221.9 224.9 230.4 235.7 238.5 240.8 244.5 246.4 251.3 256.7 258.9 255.4 255.2 260.4 264.8 272.5 269.4 271.9 277.7 288.1 293.9 300.7 306 309.6 314.2 320.9 324.2 331.1 338.8 342 358.7 372.1 378 381.7 385.3 383.8 379.5 396 411 420.7 420.1 429.1 446.9 458.9 465.6 470.7 477 480.9 486.1 491.3 495.5 500.6 503.6 505.5 505.7 504.9 504.1 508 511.6
216.7 216.8 216.2 215.9 215.8 215 214.5 213 210.2 206.2 204.1 198.2 204 208 209 210.8 211.7 214.7 218 221.8 223.4 226.4 234.8 237.1 238.2 245 246.6 251.6 255.4 258.5 257 259.6 262.6 266.7 271.3 272.7 278.3 281.7 288.2 292.7 296.2 301.1 306 312.3 325.1 329.9 334.5 339.6 345.6 357.2 368.6 375.4 380.6 385.5 387.9 381.1 391.4 407.6 415.8 423.1 425.4 440.5 450.4 461.7 470.2 478 484.6 490.3 494.8 498.3 503.9 507 508.9 510.1 511.5 512.1 514.4 519.4
215.9 215.7 215.1 214.7 214.4 213.6 213.6 212.4 209.2 206.4 202.4 196.9 201.2 204.4 205.6 208.7 212.2 215.1 218.5 221.9 224.2 229.8 230.1 236.8 237.7 242.2 245.8 248.3 252.7 255 256.9 260.6 262.5 265.2 268.1 273.8 278.6 283 287.3 289.5 292.2 296.4 301 308.7 321.4 329.1 334.2 340.5 346.9 357.4 367.7 374.9 380.6 385.1 388.3 384.4 388.5 399.2 409.9 418.9 425.8 437.2 449.8 460.7 471.2 481.7 491.1 495.5 498.3 502.2 507 510.4 512.3 514.1 515.7 518 520.6 525.7
213.7 213.7 213.3 212.8 212.9 212.2 212.5 212.7 208.6 204.4 200.4 195.4 198 200.1 202.6 206.1 211.4 214.4 218.2 220.9 223.3 226.6 230.3 234.2 238.7 239.7 244.4 246.9 248.7 253.2 255.8 259.8 262.1 264.8 267.8 271.6 275.9 281.7 285.1 286.4 290.5 294.8 298.9 306.4 314.5 324.5 332.8 338.3 343.3 355.2 366.8 374.8 380.5 384.3 387.5 384.8 390 400.1 415.3 420 425.3 434.9 447.3 458.8 470.8 483.5 495.1 500.2 504.3 506.4 510.1 514.6 518.6 520.3 519.8 522.9 526.3 530.4
211.5 211.4 211.3 211.6 211.8 211 211.4 211.8 208.1 203 200.9 194.6 197.2 200.6 203.3 209.6 213.9 214.2 217.6 221 222.6 224 226.8 231 236 239.8 240.3 244.4 247.2 248.5 253.4 257.8 261.3 264.5 268.1 271.2 274.4 279.4 281.1 283.7 288.6 293.1 298.4 305.6 310.4 319.1 328.6 336 343.8 351.7 363.9 374 379.9 384.6 388.6 387.1 390 400.2 413.7 422.8 425.4 428.6 439.2 456.8 468.3 483.3 493.6 503.5 508.2 512.4 515.1 519.2 525 529 529.2 532 533.1 535.1
209.5 209.2 209.7 210.2 210.4 210 210.6 210.7 207.2 201.1 198.8 195.7 197.4 201.5 207.3 212.3 214.3 215.4 216.6 220.5 223.5 224.1 223.9 228.6 232.2 238.2 241.5 241.7 244.6 246.3 250.4 255.9 258.6 263.2 266.4 268.8 272.1 274.1 277.6 281.5 287 292.3 297.4 304.6 308.5 319 328.5 336.6 344.5 349.7 362.4 372.5 379.5 385.5 389.8 391 388.3 402.2 414.5 424.2 428 432.5 431.3 450.1 466.6 480.1 493.1 504.5 513.5 516.4 519.9 523.7 529 533.4 537.3 538.4 539 540.6
208 207.1 207.8 208.4 208.8 209 209.7 209.4 206.5 200.2 196.3 192.9 198.7 204.2 209.4 213.5 214 217.1 215.6 218.4 221.5 222.2 224.2 226.7 230.9 235 242.8 244.1 242.7 244.1 246.3 251.2 255.5 256.8 258.8 259.3 261.9 265.8 272.6 280 285.4 289.8 288.8 293 303.7 320.1 328.9 336.3 343.9 348.6 363.3 372.9 379.7 385.6 392.3 398.4 392.6 399.6 412.3 422.4 430.4 437.1 435 450.8 466.1 477.7 489 503.6 514.4 520.6 524.1 529.8 533.3 535.6 538.6 542.1 543.4 544.3
205.6 205.2 205.6 206 207.2 208.2 208.5 207.9 205.8 200.8 195.7 194.6 199.5 206.1 209.9 213.1 213.9 215.2 214.6 215 216.7 219.1 223.2 226.1 230.2 232.2 235.7 240.4 242.7 243.9 244.4 245.8 248.9 252 255 260.5 264.8 267.5 271.2 273.5 276.8 281.3 287 292.7 299.1 314.9 327.1 338 343.1 350.7 364.9 373.8 381.7 389 395.8 401.8 401.4 395.9 410.5 424.3 432.6 440.1 439.6 450.3 467 476.7 488 500.5 515.9 526.6 531.2 533.7 537.3 541 543.2 545.5 547.1 547.9
203.3 203.3 204.1 204.7 206.4 207.4 207.2 208.1 206.2 201.2 195 193 199.7 204.7 209.2 212.5 212.6 213.4 213.3 213.4 214.7 217.5 221.4 223.6 227.1 227.7 226.4 228.5 237.5 242.5 242.7 244.1 249.4 253.9 259 266 271.3 275.4 279.9 283.2 281.5 285.8 290.2 296.5 301.8 306.5 313.4 327.4 342.8 351.7 364.7 375.7 383.1 392 398.9 404.1 407.3 403 413.6 425.9 435.8 440.2 439.3 453.6 465.9 476.9 487.2 499.6 514.1 527.4 533.8 538.2 541.3 544 546.3 549 550 551
201.5 201.7 202.4 203.6 205.6 206.8 206.8 207.2 206 200.8 193.8 191.1 198.2 203.2 207.1 209.9 210.8 210.3 210 210.5 212.6 213.7 216.9 219.3 222.2 226.6 230.4 231.7 233 236.1 239.8 245.9 253 259.6 265 271.7 276.6 282 286.1 288.4 292.1 296.3 297 303.1 308.2 314.1 325.3 332.4 335.2 351.2 362.1 374.1 382.1 390.6 399.9 405.6 410.7 407.7 418.3 428.4 438.6 441.8 447.2 452.3 465.2 478 487 497.3 510.5 525 534.5 539 542.7 546 548.6 551 551.4 553.6
