ny/ny64_OST50GRID_20230518/NY64.asc
ncols 200
nrows 200
xllcorner 360000
yllcorner 540000
cellsize 50
[rows 105 to 139 of 200, columns 0 to 77 of 200]
333 337.2 340.7 342.9 345.9 348 350.9 353 355.7 358.7 355.1 365.8 371.8 376.5 376.9 381.5 383.5 384.1 389.9 394.3 397.8 403.4 414.6 419.8 420.4 421.1 422.4 421.9 422.6 423.1 423 423.5 423.7 422.3 419.6 414.4 408.6 400.3 394.3 386.6 382 379.8 376.9 373.3 368.6 362.4 357.1 347.3 349.8 351.8 350.9 360.3 364.1 367.7 372 378.3 383.7 387.6 393 394.7 394.6 399.7 413.9 419.1 426.9 433.4 438.8 444.5 451.2 459 466.5 473.2 479.9 486.9 493.6 500.7 510.7 520.4
325.2 329.6 333.6 336.4 336.7 339.2 341.1 342.6 344.4 343.8 352.8 363.2 369.2 373.6 377.5 381 384.1 387.2 391.6 396 400.3 401.8 409.7 417 418.4 418.5 418.8 418.1 417.9 418.1 416.7 414.3 411.8 410.4 407.5 404.5 398.6 393.3 385.6 377.7 367.3 372.2 369.6 364.7 360.2 355.5 347 338.1 334.2 346.3 363.4 366.9 371.3 373.2 373.6 375 385.1 389.9 394.9 399.4 403.8 408.9 415.4 419.5 425.2 429.6 433.4 439.6 449.1 456.5 461.9 470.3 476.9 485.5 492.4 500.8 512.1 520.9
319.1 322.4 324.8 328.3 329.1 330 330.2 331 333.6 340.3 351.5 358.3 362.9 369.3 375.3 379.7 384.7 387.8 392.4 392.3 400.6 400.3 405.9 411.6 416.4 416.7 416.3 415.5 415.3 414.4 413.4 411.2 408.5 406.1 401.6 396.4 389.3 381.5 374.5 369.4 365.9 363.3 361.2 358.1 353.1 344.6 333.6 327.6 340.3 358.1 365.6 369.8 373.6 378.6 379.6 381.9 382.2 386.4 393.8 399.4 405.4 411.6 418.2 422.1 427.3 433.3 437.6 443.4 449.8 456.9 466.4 474.4 481.3 487.6 494.9 502.9 514.4 521.9
307 311.5 306.4 316.3 320.2 319.1 320.3 327.9 334.4 340.3 349.2 356.1 360.2 365.8 373.9 378.5 384.3 388.6 392.2 392.8 398.8 402.4 403.8 405.8 409.4 413.6 413.1 412.4 410.9 408.5 406.1 403 399.6 396 391.7 386.6 380.4 372.7 368.2 363.1 358.9 351.9 354 350 343 331.3 318.7 331.2 347.7 360.6 366.9 370.9 374.8 378.8 382.8 386.3 389.3 392.6 394.3 395.6 402.9 410.2 416.5 420.9 425 429.5 434.7 442.2 449.7 457.8 466.2 474.4 481.6 489.2 496.3 506.9 516.8 523.2
286.3 290.2 301 302.6 308.1 314.2 322.8 329.4 335.3 340.2 345.7 353 358.2 363.7 371.1 377.6 383.7 388.6 392.6 392.3 397 402.1 404.1 405.3 405.3 407.8 407.6 405.3 402.4 399.3 395.7 393.1 390 386.4 382.3 377.7 372.6 365.8 361.4 356.4 353.3 347.7 345 342.9 332.9 317.4 327.1 342.6 349.7 362.2 368 372.3 376.4 380.5 384.4 388.1 391.8 395.4 399.3 402.3 404 405.5 409.3 418 425.8 432.1 438.6 444.6 451.5 457.8 466.7 473.3 479.2 490.7 496.8 509.2 518.5 525.4
290.5 297.7 303 303 307.9 316.7 322.8 328.2 334.6 340.4 344.9 351.1 356.3 360.7 368.5 374.7 381.5 388.7 393 393.9 398.5 401.6 403.5 405.3 404.8 403 401 398.5 395.2 393.7 390.2 386.9 383.6 379.9 374.6 369.3 366 360 354.7 351 347.3 342.2 334.6 333.5 319 317.9 335.1 347.3 356.2 363.2 368.6 373 377.5 382.1 386 389.7 393.4 397.2 401.7 406.3 410.2 413.7 413.3 421.1 427.1 432.9 440.7 447.8 454.2 460.6 469 478.5 487 493.8 499.8 511.1 519.8 527
286.2 293.3 301.1 305.4 303.5 317.3 323.8 328 332.8 340.2 345.4 349.3 355 359.9 366 371.7 376.8 384.5 390.9 390.4 399.2 401.6 402.9 403.6 403 401.6 399 394.7 392.9 389.3 384.7 377 375.6 374 368.8 362.2 358.4 353.9 349 342.5 337 331.5 321 316.8 308.6 324 337.9 349.6 357.5 363.6 369.1 373.9 378.1 382.5 386.9 391 394.9 399 403.2 408.2 413.6 417.6 420.4 421.4 429.6 434.9 443.1 449 455.9 462.2 471.5 482.6 490.3 496.2 501.5 511.6 521.2 529.2
277 289.7 299.1 304.5 303.4 307.6 319.3 327.3 331 337.3 344.6 349.4 352.5 357.4 361.6 368.3 372.7 379 385.8 391.9 397.9 400.7 401 401.3 401.6 400.6 397.8 393.8 390.7 386.5 380.6 374.6 368.3 364.5 360.1 355.1 350.1 344.1 335.6 327.5 322.2 318.6 310.3 307.1 318.2 330.1 339.6 349.8 357.9 363.8 369.2 374.3 378.7 382.9 387.3 391.5 395.4 400.1 405.3 411.5 416.6 420.1 423.5 426 431.5 438.2 444 451.1 458.1 463.9 474.3 486.9 494.6 500 505.2 513.7 522.6 530.9
282 286.5 294.4 303.9 308.4 303.1 308.2 322.8 328.7 333.6 338.2 345.8 350.8 353.8 358 363.8 368.9 374.1 382.3 387.7 391.9 394.7 397.6 399 399.5 398.3 395.8 393.1 388.8 384.8 377 370.5 357.2 352.5 345.8 339.4 332.7 325.4 319.9 315.3 311.2 305.7 299.2 311.7 328.4 336.6 342.8 349.9 357.4 363.3 369.2 373.9 379.4 383.5 387.6 391.8 396 401.1 407.9 414.7 419 422.5 427.6 433 435.8 441.5 447.2 453.8 459.8 465.6 477 489.8 498.2 501.5 506.9 515.7 524.5 532.7
279.3 284.6 289.7 300.6 306.7 309.9 302.4 310.7 324.4 330.6 335.6 341 346.7 350.7 355.5 359.3 366.3 370.7 376.5 382.6 385.5 390.6 392.3 393.5 395.3 393.2 390.8 390.4 384.2 379.2 373.2 364.3 351.5 336.9 330 325.7 320.5 314.6 309.7 305.3 298.1 293.2 301.1 315.2 329.9 335.5 342.8 351.5 358.1 364.3 370.1 375.2 380.6 384.9 388.7 392.6 397.3 403.1 410 416.1 420.7 427.3 432.7 437.2 440.5 444.3 450.1 455.7 461.2 467.9 479.6 492.9 500.9 504.4 510.2 518.8 526.7 533.9
274.8 281.2 286.3 295.3 303.4 308.5 309 301.5 317.1 329.8 335.1 338.3 343.1 347.1 353.1 355.9 362.4 367.8 372.1 377.1 380.3 384.7 387.5 389.4 389.8 389.7 388.1 384.2 379.2 373.1 361.6 350.9 339.9 328.8 318.4 313.3 310.5 305.2 299.4 286.2 290.2 303.2 319.3 320.1 323.8 329.6 340 349.7 358.2 364.3 370 375.4 381.5 386.3 389.3 393.1 397.1 402.9 410.2 416.3 422.3 429.8 436.1 440.3 444.4 448.7 453.1 457.8 463.4 470.8 483.2 495.4 503.8 508.7 514.6 521.8 529.8 536.6
268.2 279.1 284.1 288.8 298 306.3 307.7 300.5 308.7 322.1 332 332.6 337.2 342.6 347.1 352.1 356.7 362.4 366.5 370.1 373.7 375.7 378.9 382.3 382.9 383.6 382.9 378.8 369.4 358.1 349.7 339.5 328.7 317.2 309.1 301.1 301 295.5 286.8 288.4 303.9 317.9 324.7 331.2 337.6 343.8 349.8 354.7 359.5 363 369.4 375.7 381.9 385.7 389 392.7 396 402.6 409.2 415.5 419.9 430.5 437.1 442.1 447.2 451.7 455.8 461.1 466.6 475.8 488.2 499 507.1 512.1 518.2 524.7 532 538
265.1 274.4 280.6 286.8 292.8 302.2 305.2 298.9 303.9 309.8 314.1 315.7 321.6 331.1 337.7 345.4 352.5 357 360.9 363 366 367.9 370.1 371.9 372.1 371.6 369.8 365.1 356.9 348.1 339.2 327.6 314.6 306 299.3 289.3 288.8 280.4 292.2 302 309.6 320.5 328.4 335.2 341.5 347.2 352.4 357.7 362.4 367.1 372.9 376.6 380.7 384.2 388 394.3 398.5 405 412.3 421 426.8 433.2 437.1 442.2 447.7 452.7 457.8 463 468.9 480.4 493 502.9 509.7 515.5 521.4 527 533.4 538.4
262 268.7 274.6 283.6 289.8 296.2 301.2 298.5 300.5 304.5 310.6 320.8 321.5 323.2 322.3 330.3 342.1 351.3 353.7 357.4 359.7 361.8 363.2 364.6 363.9 362.6 359.8 355 348.3 337.4 325.5 314.3 303.8 293.6 276.8 276 281.3 290.8 301.3 308.7 316.9 324.4 331.5 337.1 343.5 349.3 354.6 359.3 363.9 369.9 375.9 380.3 382.7 387 393.7 397.8 401.7 409.8 417.9 425.1 430.3 436.1 440.8 445.3 450.1 454.4 459 467.6 475.6 489.2 498.7 505.8 512.7 518.4 523 528.1 534.7 540.4
258.2 260 268.2 276.6 285.7 292.8 296.7 299.5 298.8 308.7 313.2 320.2 324.1 327.6 332 330.5 326.2 339.3 348.1 348.4 349.6 355 356.1 355.7 355.6 351.4 346.9 342.8 335.2 324.2 312.7 301 290.5 280.7 273.5 282 289.9 300.6 309.7 316 322.8 327.9 333.2 339.3 346.2 351.5 356.5 360.9 365.6 370.9 377.4 382.7 385.8 391 396.2 400.2 405.3 413.8 422 429 433.9 439.4 443.5 448.1 452.9 457.9 465.4 475 484.5 495.3 502.3 508.5 514.9 520.3 524.6 529.3 535.7 541.3
260.4 261.8 263.1 271 278.4 286.8 293.9 296.5 293.7 297.3 305.8 312.6 319 323.2 326.1 328.4 323 324.8 340.3 341.9 341.4 345.7 346.9 346.5 344.6 341.2 335.8 329.7 321.9 312.1 300.2 286.5 285.1 267.5 282.1 292.7 298.4 307.3 314.9 320.5 326.2 333.1 339.3 344 349 353.7 358.1 361.9 365.9 372.1 378.3 383.5 387.7 393.4 398.7 403.1 409.3 416.9 425.6 433.2 438.4 442.2 445.9 450.6 455.7 461.3 473 479 488 497.6 505.4 511.3 516.8 522.4 526.4 530.4 536.6 542.1
259 260.9 260.5 267.3 273.5 281.4 287.7 293.2 297.3 285.5 302.4 306.4 311.8 315.5 318.8 323.5 325.2 319 321.8 328.2 332.8 335.5 339.7 338.6 335 330.9 326.7 320.6 311.4 299.4 285 281.2 271.8 266.9 289.8 299.5 306.6 313.1 318.1 323.8 329.6 336.5 341.5 347.1 351.4 355.5 359.5 363.7 368.3 373.3 378.6 383.7 388.7 394.4 400.4 406.2 412.2 419.6 429.5 437.1 441.1 444.4 448.6 453.3 458.7 465.6 479.8 484.6 490.2 500.1 507.8 513.6 518.8 523.8 528 532.1 536.8 542
257.1 260.6 257.4 264.3 269.4 276.1 282.9 287.7 291.9 280 304.9 306.9 309.3 314.7 313 315.8 319.7 322 317.9 320.3 323.2 322.1 326.8 330.9 327.6 322.8 316.7 309.2 299.2 287.4 280.5 266.9 260.6 274 294.2 302.2 309.7 315.3 321.2 327.1 333 338.5 343.3 348.8 353.6 357.8 361.9 366 370.3 374.6 379.3 385.3 390.8 396.9 403.6 409.9 415.3 422.4 432 439.5 442.8 446 450.5 455.5 461.5 470.8 482.9 487.5 494.4 504.8 511.3 515.4 520.3 525.2 529.6 533.6 537.8 542
251.1 254.3 255 260.7 263.5 268.8 275.7 282.8 278.6 286.9 300 305.9 308.7 309.9 311 311.1 313.1 315.3 311.8 315.2 322 322.5 319.5 323.7 319.7 313.2 305.1 298 286.6 277.4 263.5 253.4 262.2 282.6 297.5 305.1 311.3 317 323 329.6 335.9 340.8 345.5 350.8 355.3 360.2 364.1 368.1 372.3 377 381 386.8 393 398.7 405.9 412.7 417.6 424 432.9 440.5 444 448 452.5 457.5 463 475.6 484.6 490 499.5 508.9 514.6 517.8 521.4 526.6 531.3 535.8 539.5 543.2
246.2 249.2 253.1 254.4 256.7 260.2 264.5 271.1 268.1 281 287.2 295.1 300.7 301.7 307 305.5 305.9 303.3 308.6 313.5 313 315.9 314.7 314.1 310.4 303.5 296 289.2 276 260.6 251 266.4 279 289.9 300.6 306.5 312.5 318.1 324.8 330.8 337.2 342.4 347.4 352.1 357.2 361.8 365.8 370 375 379.1 383.1 388.5 394.6 400.8 408.2 415.3 418.7 423.2 432.7 439.2 443.1 449.7 454.4 459.3 464 477.4 485.8 491.2 502.6 511 516.9 519.6 523 528 532.6 536.2 540 543.7
241.9 244.6 247.6 251.3 256.4 261.2 262.1 264.5 262.3 265.1 270 276.9 284 283.6 291.1 289.7 289.2 300 306.4 309 309.2 309.9 308.8 304.7 301.5 294.2 288.2 278.9 259.2 245.8 261.4 278.8 289 297.8 307.7 310.1 315.3 320.9 325.7 331.2 337.2 343.5 348.6 353.5 358.5 362.8 367.1 372.1 377 380.8 384.7 390.7 396.7 402.3 408.2 415.9 420 423.3 429 435.5 441.6 448.9 455.2 459.9 465.3 475.2 487.3 491.5 500.8 511.3 516 519.8 523.8 528.9 532.4 536.2 540.3 544
240.6 242.5 244.5 248 250.9 253.4 256.3 264.1 262.7 263.9 264 264.1 267.6 276.2 276.7 277.5 285.3 290.6 295 298.9 301.9 302.8 297.6 295.4 290.6 284.5 274.8 258.4 243.7 257.7 270.2 284 293.3 302.6 312.3 313.9 317.5 323.3 326.9 331.4 336.9 343.6 349.6 353.6 358.2 362.7 367.8 373.7 378.7 382.5 386.9 391.8 397.1 402.3 408.5 415.1 420.6 422.6 424.7 428.4 434.7 443.5 453.9 460 465.9 472.1 487.4 492.6 497.2 505.6 514.1 520 523.6 527.1 530.8 534.7 539 543.2
241.6 240.7 241.8 243.2 245.4 247.7 248.7 252.2 252.6 259.4 264 265.7 263.8 264.4 263.1 264.5 267.4 276.6 280.8 286.1 291.7 293.9 287.9 279.2 277.1 272 245.2 238.1 249.1 266.4 280.1 287.9 300.4 306.1 312.2 317.6 322 324.2 327.3 331.5 336.7 343.8 350.3 354 357.8 362.8 368.4 375.2 380.6 384.7 389.1 393.6 397.4 401.5 406.8 410.7 415.8 420.1 421.3 425.1 430.2 438.5 446.8 458.1 464.9 471 482.9 490.5 496 502.4 510.4 517.5 522.4 525.1 529.3 534.2 538.5 542.4
240.1 239 239.3 240.3 243.5 244.1 244.6 245.9 250.2 258.9 265.1 263.6 260.7 260.4 260.5 256.1 258.9 263.7 270.8 275.7 279.2 280.8 279.1 270.9 260.7 250.1 232.9 247 260.4 274.7 287 291.1 297.9 305.8 311.9 318.9 321.3 324.5 328.3 332.2 337.7 343.7 350.1 354.4 358 363.3 369 375.4 382.9 386.9 390.5 393.6 397.2 400.3 403.2 407 409.9 414 419.1 423 428.1 435.7 442.4 453.2 464.2 469.2 475.6 487.1 495.6 499.7 505.8 512.3 517.9 521.5 527.5 533.9 539.1 542.9
237.6 236.5 235.8 237.7 240.3 244.1 247.2 248.8 240.4 249.3 256.4 258.3 262.2 264.5 262.1 255.7 251.1 255.4 261.4 266 268.4 270 265.4 256.3 244.3 233.7 242.1 254.9 265.7 273.4 280.1 288.3 294.5 303.1 309 313.1 318.2 323.9 327.9 331.9 337.3 343.2 349.1 353.7 357.8 363.8 369.1 374.4 381.2 386.7 389.8 392.6 396.1 399.6 402.2 405.3 408 411 415.7 421.1 426.2 432.7 438 444.9 459.2 466.1 471.6 478.4 492.5 497.4 501.7 507.2 512.5 516.8 522.9 531.1 537.7 542.2
235.9 234.5 232.5 234.6 239.6 244.3 251.3 249.6 236.2 239.4 257.4 262.7 265.7 267.1 263.6 257.5 247.4 247.2 249.1 248.8 253.2 253.4 244.5 234 230.8 224 229.5 237.6 240.5 253.4 258.9 274.4 290.5 298.7 302.2 294.7 305.3 319 325.7 330.6 335.9 341.4 347.1 351.7 356 361.7 367.2 372.3 378 383.2 388.6 391.4 394.7 396.5 401.1 404.5 406.7 409.5 414 419.8 425.2 429.3 434.4 441.8 452.3 462.1 469 475 482.6 491.2 497.3 501.2 507.6 514.7 519.7 526.2 533.4 540.4
230.5 228 231.2 233.4 235.1 238.8 242.2 241.2 231 227.4 243.4 254.5 260.1 260.5 256 250.7 242.6 233.4 238.1 236 230.5 227.3 224.8 223.4 226.9 235.8 241.3 243.6 246.7 247.3 240.8 267.3 271.9 279.9 284.3 302 298 311.9 321.7 327.3 333.1 338.7 343.8 348.2 352.5 358.8 364.2 369.7 375.4 380.9 385.5 389.5 391.3 395.6 399.2 403.2 406.1 409 413.8 420.2 426.3 430.2 434.9 441.4 447.5 461.6 469.3 474.3 479.2 484.2 490.5 497.6 502 512.3 517 523 528.3 534.4
223.5 227 231.6 233.3 234 235 229.9 219.9 220.3 218.1 227.9 235.5 235.7 234.6 231.7 227 223.8 222.6 220 219.6 218.2 217 218.8 230.4 242.4 249.9 253 255.8 259.4 253.4 241 265.2 280.7 283.3 298 305.3 299.3 300.8 309.3 316.3 325.1 332.6 338.6 344.4 349 355.4 361.3 366.9 372.6 377.4 380.3 383 390.4 394.7 398.6 401.5 404.8 408.7 413.7 420 426.8 430.9 435.6 441.8 444.1 458.4 467.6 472.7 476 479.7 484.6 491 495.7 508.1 515.1 521.3 524.8 528.7
218.9 225.6 229.2 232.2 232.2 223.4 205 204.8 206.9 209.5 212.6 208 208.7 210.5 213.2 213.8 213 212.8 211.9 212.8 216.5 228.1 235.1 239.4 246.7 252.3 257.9 262.5 264.4 266.7 250.1 246.4 266.9 283.4 293.2 301.3 304.9 302.7 305.7 306.4 310 320.6 328.3 340.6 346.6 351.2 357.1 363.1 369.1 371.1 377.4 383.6 388.5 393.1 396.3 399.5 404.9 408.6 412.8 418 425.3 430.3 435 441.6 443.4 455.8 465.1 469.3 472.8 476.7 480.5 485 491.8 498.4 509.1 518.1 522.7 524.8
220.5 223.1 225 226.7 227.4 211.9 201.9 201.6 201.1 201.5 201.7 200.2 203 205.2 203.6 205.8 207.6 209.1 218.3 228.9 235.3 236.6 239.3 244.1 250.2 256.1 260.8 265 268.3 270 263.4 245 249.9 257.6 274.6 289 298.3 304.6 312.4 317.8 314.4 312.4 316.8 331.9 340.2 346.5 351.6 356.4 358 370.1 376.5 381.8 386.7 391.7 395.4 397.6 402.8 407.9 411.2 416.6 422.7 429.4 433 439.5 441.2 450.7 459.5 465.2 469.9 473.7 477.7 481.9 488.6 494.4 500.2 506.2 511.3 514.9
214.5 218.1 221.8 220.9 219.9 201.2 197.5 203.2 213 217.8 220.4 224.7 224 224.2 224.9 225.4 227.1 225.6 228.7 234 236.1 239.4 244.1 249.4 254.7 259.7 263.3 267 270.2 273.5 274.2 268.8 257.7 255.5 258.5 273.1 288.5 300.1 310.8 317.1 321.5 322.1 318.8 320.7 333.1 339.8 341.1 345.5 358.8 367.4 374 378.5 384.8 390.7 395.2 397.8 402.1 406.1 410.1 413.7 419 426.5 432 436.7 442 447.7 454.5 462.6 468.4 472.8 476.6 480.5 486.2 492.3 497.8 503.1 506.8 510.5
201.1 204.6 206.3 208.5 201.5 196.1 199.7 208.5 222.3 225.1 226.6 230.1 234.7 232.1 237.3 234.9 234.7 230.8 230.9 235.3 239.7 245.7 250 253.2 256.1 260.9 264.6 268.8 273 276.3 278.6 280.5 274.8 260.5 259.1 263.8 279.3 293.5 307.6 308.8 316.2 318.9 321.2 317.5 324.5 328.7 339.7 347.3 354.5 362.8 370.5 375.5 381.6 387.1 393 399 401.5 404.1 406.9 410.6 415.8 422 429.1 434.8 437.7 444.7 453 460.5 466.4 471.9 475.7 479.5 485.2 491.3 496.5 501 504.3 506.9
204 203.2 201.8 200.3 193.5 196.7 203.2 213 218 222.1 225.7 230.2 234.2 238 241.4 241.5 239.4 235.5 236.6 241.4 249.2 255.6 254 255.2 257.9 261.8 265.7 269.8 275.2 279.2 281.8 283.7 284.6 278.4 257.5 256.7 268.7 282.4 289.9 294 301.6 309.8 313.7 313.3 318.9 326.4 335.8 341.9 350.3 358.9 366.4 372.4 377.6 382.4 387.2 394.3 397 401.1 404.7 407.5 411.8 417.6 421.7 427.8 432.9 439.2 447.2 456.8 464.2 470.4 474.8 478.8 483.2 489.9 495 497 499.7 502.3
196.5 198.4 194.6 192.4 194.4 198.4 204 208.5 213.1 218.2 222.2 227.9 232.1 237.6 241.3 241.7 238.7 238.5 242.1 246.5 252.2 254.7 255.3 257.1 259.7 262.8 266.2 270.9 276.1 280.9 283.7 286 288.2 288.1 283.1 273.2 259.1 263.3 264.5 266.9 281.9 292.1 297.2 311.1 320.8 322.3 329.8 338.1 346.1 353.8 360.7 366.8 372 376.5 380.2 386.3 392.2 396.7 401.2 405 408.8 412.8 417 421.1 428 433.5 439.8 447.6 459.5 467.1 472.6 476 481.4 485.7 489.8 492.3 494.7 497.7
192.6 191 190.1 192 196.3 198.7 201.3 205.3 209.2 213.8 217.5 221.8 227.1 232.1 237.5 243.3 240.2 240.2 244.2 249.6 254.3 256.1 257.5 258.2 261.8 264.7 267.7 272 277.1 280.3 285.3 287.6 290.5 291.6 291.8 288.6 278.9 282.8 281.3 283.1 277.9 276.4 284.7 299.6 310.9 319.3 325.2 333 340.5 347.3 353.7 358.9 363.3 368.5 373.7 378.3 383.6 389.5 396.8 401.8 403.7 406.8 411.3 416.6 423.1 428.7 434.8 440.7 448.6 458.9 466.6 471.5 476.1 480.4 482.4 486.5 490.9 490.9
