ny/ny64_OST50GRID_20230518/NY64.asc
ncols 200
nrows 200
xllcorner 360000
yllcorner 540000
cellsize 50
[rows 35 to 69 of 200, columns 78 to 155 of 200]
570.9 564.6 559.6 553.9 549.9 543.3 535.3 528.5 523.2 517.8 512.9 506.8 501.3 497.3 493.3 488.5 481.7 477.3 471.3 464.9 457.5 450.5 442.6 422.5 423.3 441.7 449.5 454.2 459.7 469.2 476.2 487.4 497.2 504.3 512.3 519.4 525.3 532.1 541 550.9 559.8 567.9 574.5 581.7 591 600.2 606.5 609.7 610 608.9 606.8 601.6 595 587.1 579.7 574.3 570.2 563.5 556.6 550.4 544 536.2 531.2 524.6 520.4 515.3 507.7 500.8 491.5 482.1 470.6 462.4 452.1 447.3 444.4 441.1 441.4 448.2
574.2 568.6 563.9 559.8 553.8 547 538.9 532.2 527.2 523.1 517.8 511.3 505.5 501.6 497.5 493.5 488.4 482.1 475.2 467.7 460.4 451.3 445.1 437.8 421.1 443.4 450.8 457.6 464.7 473.3 482 491.6 499.4 507.9 515.3 522 527.3 534.9 544.8 554.7 563.6 570.6 578 586.1 595.8 605.2 610.5 613.7 617.5 616.4 612.8 606.8 600.9 594.7 587.9 580.7 576.3 570.5 561.9 554.6 550.7 543.7 536.3 529.6 523.5 519.8 514.1 508.6 503.2 494.4 484 476.2 465.7 458.1 452.2 448.3 449.1 455.4
577.7 573.2 568.8 565.1 558 550.4 542.5 536 529.9 525.1 520.6 515.5 510.3 504.9 500.4 497.4 492.8 486.7 479.4 471 459.5 456.7 451.5 443.2 424.9 443.8 451.9 460.7 468.4 476.1 485.2 492.5 501.8 510.6 518 524.3 530.4 538.6 548.7 558 566.2 572.8 580.5 589.3 600.6 608.4 614.3 620.8 624 622.8 620.2 613.3 606.8 602.2 596.1 589 580.2 574.8 567.5 560.8 555.8 551.1 543.4 535.6 527.4 521.5 518.6 514.4 508 503.3 494.4 483.9 476.6 469.3 458.8 456.4 459.2 462.6
580.1 577.2 573.3 568.7 561.4 553.6 546.4 539.1 531.8 527.3 525.4 519.6 513.7 507.3 504.3 500.7 495.5 488.4 476.3 475.3 468.9 462.2 455.5 447.2 427.6 446 454.4 461.7 469.6 478.2 487.4 494.1 503.9 512.9 520.5 526.6 533.9 542.1 551.3 560.5 568.5 575.1 583 593.1 604.6 611.6 618.3 625.4 626.9 627.1 625.9 620.2 611.7 606.4 602.2 596.3 586.9 580.3 574.7 566.6 560.8 557 551 540.2 531.6 525 522.5 518.7 514.8 509.9 502.8 492.1 484.1 476.2 472.4 465.7 468.8 474.8
582.7 579.1 574.7 569 563.5 555.6 547 539.5 534.1 530.4 528.3 523.3 517.8 511.7 508.1 502.2 497 487.6 485.2 480.7 474.6 466.8 459.7 451.6 432.3 450.9 457.9 464.7 470.5 479.6 489.6 496.7 506.6 515 521.9 529.2 537.1 545.5 554.4 563.1 570.5 577.5 585 595.9 607.5 614.6 622.2 629 630.8 631.7 629.9 626.3 618.4 610.3 606.5 601.8 593.3 586.4 581.8 574.2 567.5 560.8 555.7 548.1 537.3 531.6 528.8 523.4 520.1 516.5 511 503.1 490.6 484.5 482.6 481.9 484.7 485.5
584.8 579.6 574.5 568.9 564.5 556.3 549.7 544 537.6 533.1 529.2 525.5 520.4 514.6 510.1 502.8 498 495.8 491 483.3 478.8 470.2 463 454.7 437 453.9 460.3 467.5 475.1 482.8 492.6 498.5 508.2 517.2 523.8 531.1 540 547.9 557.2 565.4 572.7 579.3 587 598.1 608.4 616.2 625.3 632.1 636 638.3 634.3 629.9 626.4 617.2 611.2 606.3 599.5 593.1 586.8 581.2 574.3 566.1 560 554 544 540.1 536.1 527.7 523.5 521.6 517.7 510.1 496 490.7 496 496.6 494.9 494.4
587.2 582.1 576.2 570.4 566.5 560.7 555.8 548.9 540.8 535.1 531.2 528.6 522.7 517.1 511.8 505.7 503.1 499.7 493.2 487.9 480.6 473.8 466 455.2 443.9 456.2 463.4 470 478.2 485.5 496.3 502.9 510.6 518.4 525.2 532.3 541.3 550.8 559.8 567.5 574.4 581.3 589.5 599.3 609.6 617.4 626.8 634.3 638.7 641.8 638.3 632.6 629.2 624.2 616.4 611.1 605.7 599.2 593.4 586.4 579.3 573.1 565.8 558.8 552 547.6 542.7 534.4 527.9 525.5 523.2 517.6 507.5 499.6 505.4 504.6 502.9 502.1
588.1 583.3 578.3 573.2 569.7 566.2 561 552.2 544.9 538.4 534.5 532.3 526.1 520.3 514.1 509.7 507.5 502.7 496.2 489.7 483.1 475.3 465.4 454.7 451.5 454.2 456.6 470.3 478.9 487.9 497.2 505.7 514.3 520.4 526.8 534 542.8 553.2 562 569.7 575.9 582.4 592 601.4 610.5 618.2 628.3 635.7 639.5 642.3 639.3 635 632.6 629 623.3 616.4 611.1 605.6 598.7 591.2 583.9 578.3 571.7 563.1 556.3 552.6 547.9 542.7 535.1 529 526.9 524.5 517.8 512.9 512.8 510.5 509.4 509.8
589.7 585.7 581.1 577.3 574.4 570.7 564.7 556.7 549 541.8 538.7 535 529.6 522.6 518.1 514.8 510 504.6 497.7 490.8 481.6 468.6 459.7 452 464.1 467 465.2 463.8 480 489.1 498 509.2 516.4 522.2 526.9 534.8 543.5 556.1 564.3 570.9 577.5 584.7 593.8 602.7 611.7 618.7 628.6 636 641.1 644.9 642.5 639.6 636.4 631.2 627.5 622.4 616.6 610.4 603.9 596.9 589.8 582.4 576.8 568.9 561.5 556.9 552.4 548.1 542.5 534.7 531.1 529.3 525.4 523 521.6 519.3 518 517.5
589.5 587 584.2 581.6 577.8 574.2 567.3 559.9 551.7 545 540.8 537.3 531.1 527.1 522.7 519.7 513.3 505.6 499.5 488.7 476.9 480 467.8 469.7 472.3 474.3 473.2 474.3 472 490 499.6 509.4 517.9 524.5 528.6 536 546.5 559.1 566.5 573.2 579.8 586.4 595.3 605 613.2 620 629 636.3 641.8 644.5 646.7 646.3 642.4 634.3 629.1 625.8 622 614.9 607.9 602.3 593.8 586.7 579.8 575.6 567.1 559.3 555.6 551.8 547.5 541.1 534.9 532.9 532 530.2 528.4 526.3 524.6 521.7
589.2 587.9 586.7 583.9 579.5 576.2 568.9 563.1 555.4 549.5 544.7 539.4 536.1 531 527.6 523.3 514.8 505.6 492.3 494.5 492 480.6 482 479.6 479.9 480.6 478.4 483.4 480.5 485.2 499.9 511.3 520 526.7 530.7 538.2 550.4 561.3 567.8 574.3 580.9 587.5 596.6 606.6 615.1 621.8 629.7 636.4 642.1 643.8 646.5 649.9 648.3 640.4 632.5 628.4 624.8 618.6 611.6 605.8 598.6 590.1 582.8 578.5 571 562.9 556.3 553.5 550.9 547.5 540.5 537.5 537 535.2 533.2 531.5 529.2 526.7
587.5 588.2 587.4 585.4 582.3 578.6 574 567.1 559.7 552.8 547.4 543.7 540.3 535.2 529.6 523.7 514.8 508.4 505 502.6 496.2 490.6 490.3 486.3 488 487.6 485.8 489.8 492.9 488.8 495.7 512.5 522.5 529.4 533.6 540.8 554 562.1 568.8 575.3 582.3 589.4 598.4 609 617.2 623.6 630.9 637.3 642.1 645.6 648.8 654.7 651.7 643.8 638.6 633.2 627.8 621.3 614.5 608.4 601.1 592.5 584.9 579.9 575.2 567.2 559.1 555.6 554.5 551.8 547.9 543.9 542.7 539.9 538.1 536 533.1 530.3
587.7 587.9 586.7 586.6 582.8 581.7 577.6 570.2 563.7 557.3 552.4 549.1 543.3 536.1 531.5 525.3 518 514 510.9 507.1 498.6 500.4 496.8 492.5 496.1 494.6 493.1 497.3 501.6 504.1 499.3 513.1 524.7 531.4 537.2 544 556.5 564.7 570.3 576.8 583.7 591.2 599.9 609.8 619 625.8 631.7 637.7 642.1 645.3 650.7 656.8 654.6 648.1 642.1 638.4 630.5 623.5 617 610.9 604.4 595 587 581.9 576.3 569.8 564 559.9 557.4 554.2 551.7 549.1 546 543.2 541.2 538.8 535.3 532.1
587.5 587.4 586.6 585.7 584.1 584.2 580.3 574.5 567.8 562.5 557.4 552 543.1 541.4 534.1 526.2 519.4 519.3 514.9 512.3 506.6 509.8 506.8 501.1 504.8 503.2 502.9 506.6 511.6 514 515.6 516.2 523.2 533.3 540.1 549.2 560.1 567.3 572.7 579.6 586.5 593.7 602.1 612 620.5 626.7 632.6 637.6 642.8 645.6 650.5 656.2 655.4 651.6 645.7 639.9 632.6 624.7 620.2 613.2 606.4 597.4 589.4 583.2 577.3 573.4 569.6 563.2 559.3 556.5 554.6 552.4 548.9 545.7 543.7 540.2 535.6 529.3
587.8 587.7 586.6 586.1 585.3 586.2 583.5 578.1 571.9 566.5 559.8 553.7 548.2 544.4 534.4 530.4 527 525.6 521 517.9 516.6 517.8 516.6 514.5 514.1 515 515.3 518.8 522.3 525.3 526.7 530.2 526.7 535.5 543.5 554.2 562.8 569.1 576.1 582.8 589.3 596.5 605.3 614.3 620.6 626.8 632.8 637.2 642.2 646.1 649.7 656 654.9 653 646.3 640.1 633.1 625.4 622.1 615 607.9 599.8 591.4 584.4 578.9 575.5 572.2 566.7 561.2 558.6 556.2 553.5 550 546.9 544.1 537.4 528.4 519.8
588.3 587.9 587.2 586.9 587.2 587.6 585.7 580.5 574.5 568.4 562.5 556 550.9 546.1 542 533.9 534.8 532.7 528.9 526 524.9 525.4 524.7 523.7 525.4 529 528.7 530.5 532.1 534.5 536 539.3 540.8 541.1 545.2 555.5 566 572.2 578.5 584.9 592.1 599.5 607.8 615.2 621.1 627 632.8 637 642.2 645.7 648.8 655.2 655.5 653.3 647.1 639.6 631.5 625.7 621.5 613.8 606.6 598.9 592.4 586.4 581.1 578.2 574.6 569.7 562.7 559.8 557.3 553.7 549.9 546.7 539.5 527.6 518.5 511.3
587.7 588 588.3 589.7 590.7 589.1 586.1 581.6 577.8 571.7 565.7 559.2 555.7 552.1 547.6 544 542.2 539.2 537.5 534.7 533.4 533.8 533.6 534.3 536 536.4 537.6 538.8 540.5 542.9 546.6 549.5 553.1 551.9 561 566.2 571.6 577.1 581.6 587.8 594.8 603.2 610.7 616.2 621.4 627.4 633 637.3 642.6 645.5 646.4 650.1 651.2 648.7 642.8 637.5 629.4 624.4 617.3 610.4 602.5 596.2 591.9 587.4 582.2 578.7 574.4 569.2 563.4 559 555.7 551.9 547.8 538.6 527.6 518.5 510.6 504
586 589 589.7 592.4 592.5 590.3 588.4 584.8 579.8 574.6 569.8 564.8 562.4 558.5 552.5 551.1 548.8 546.4 544.8 541.7 540.4 541.7 541.7 541.8 542.9 543.2 543.7 547.4 550 553 556.8 559.1 562.2 563.7 569.6 573.7 576.9 580.2 584.6 590.7 597.2 604.4 611.8 617.4 622.6 627.1 632.9 637.1 642.6 644.6 643.8 644.5 643.5 640.5 637.8 632.1 624.8 620 613 605.8 600.1 594.4 589.9 585.2 581.9 576.3 572.3 567.1 561.5 557.3 553.2 548.7 537.7 527 518.6 510.9 503.7 497.1
582 585.2 589.8 593.8 594.6 593.1 590.1 587.2 583.6 579.1 575.1 571 567.8 563.3 555.9 556.1 555.1 552.5 550.6 547.9 547.3 548.4 547.1 546.9 547.1 549.2 551.7 555.3 558.6 560.8 564.4 566.7 569.5 572.3 574.6 579.1 581.6 584.5 589 594.6 600.6 607 613.2 618.3 622.1 626.9 632.6 635.8 639.3 640.5 639.3 638.7 636.6 633.6 630 626.6 620.1 613.6 606.1 600.8 596.3 591 587.3 582.7 578.5 573.6 569.2 564.5 559.4 554 547.1 536.8 526.5 518.1 510.6 504.7 499.3 493.5
576.1 581.6 590.9 596.1 598.3 595.1 592.8 589.2 586.7 583 578.5 575.6 573.1 567.5 562.9 563 561.1 558.7 556.1 554.5 554.5 554.3 551.9 552.3 552.6 556.4 560.4 562.4 565.5 568.3 571.2 573.5 576 578.2 581.4 584.5 587 589.1 593 598.4 604.1 609.1 615.3 619.3 623 626.7 630.8 632.4 634.3 634.4 633.2 631.4 628.5 626.1 623.1 618.9 613.5 606.9 601.7 596.3 592.6 588.2 583.2 578.4 574 569.8 565.3 560.9 554.7 545.2 535.8 526.8 519 512.4 505.8 500.9 495.2 488.8
575.9 581.1 590.1 597.3 599.7 596.7 594.8 591.8 589 585.8 581.2 580.1 578 573.7 570.3 567.6 565.4 564.4 562.4 560.9 561.3 560.4 558.3 559.1 560.4 564.1 568.4 570.6 572.8 575.3 577.5 580.1 582.7 585.3 587.7 589.2 592.3 594.3 597.6 603.5 607.4 611.8 617.1 620.6 623.4 625.2 627 628.6 629.3 628.6 626.4 623.9 621.2 618.6 614.2 610.6 605.7 601 596.6 592.4 587.7 582.7 578.3 574 569.2 564.6 558.4 550.4 542.2 533.4 527.1 518.5 512.5 507.3 502.1 495.6 489.9 483.5
576.7 581.5 589.7 596.4 599.2 597.7 595.6 594.1 591 588.3 584.6 583.2 581.6 579.2 574.5 571.2 569.7 569.5 567.6 566 567.6 566.1 563.6 565.6 568.1 572.6 575.2 577.3 579.1 581.7 584.8 587.1 589.1 591.1 593.3 594.5 597.2 601 604.5 608.3 611.1 614.7 619 621.3 622.2 623 623.8 623.8 623.8 621.5 617.9 614.7 612.2 610.1 606.9 603.8 600.1 596 589.9 584.6 580.2 576.2 572.5 568.4 563 553.6 544.5 537.8 531.3 524.4 518 512.2 507.3 503.1 496 489.6 483.7 477.8
576.7 583.5 589.8 592.4 594.5 595.6 596.8 594.7 592.6 590.3 586.5 585.4 584.5 583.3 577.8 575.5 574.6 574.3 574.1 572.2 572.5 569.8 569 572.3 576.3 580.2 581.3 582.9 584.7 589.1 591.3 593.2 595.4 597 598.8 600.5 604.2 607.5 610 612.2 613.8 616.9 620.1 622.1 622.2 621 619 617.9 616.3 614.1 611.1 608.7 606.6 604.1 600.5 597.3 592.4 587.3 581.1 577.4 573.7 569.7 566.1 557.5 548.4 540.9 535 528.7 523.2 518.8 514.2 509.4 503.9 497.7 489.7 482.2 475.7 470.4
574.5 580.3 586.2 589.3 592.9 596.5 598 595.9 593.7 591.5 588.2 586.5 585.6 586.5 582 580.3 580.3 580.5 579.6 577.3 576.1 575.1 576.2 579 584.3 586.2 586.9 589.3 592.7 595.1 597.2 599.7 601.4 603 604.7 608.6 611.5 614.2 615.2 615.8 617.2 619.2 621.7 621.4 619.1 616.5 613.8 611.7 610.5 608.5 606.3 603.6 599.7 596.4 593.3 588.1 583.5 579.1 573.9 570.3 566.5 559.8 551.1 543.9 537.9 530.9 525.7 521.7 518.8 514.4 510 504 498.7 492 484.9 477 469.6 462.3
571.8 578.2 584.6 589.1 593.2 598.1 598.8 596.4 594.9 592.2 590.7 588.8 588 589.5 588.4 584.8 585.1 584.3 583.2 581.8 580.8 582.7 585.8 586.8 589.3 591.2 591.9 595.1 599.3 600.8 603.4 605.8 607.8 610.7 613.2 615.7 617.1 618.7 619.1 620.2 620.6 621.4 620.5 618.2 614.9 611.9 609.3 607.4 605.8 603.2 600.2 595.7 591.7 588.2 584.5 580.2 575.5 571.1 565.3 558 551.4 543.7 538.1 533.7 527.9 523 519.3 516.8 513.3 509.1 504.5 498.2 492.1 485.8 476.8 468.4 461.3 454.5
570.8 577.1 584 587.9 589.4 591.8 594.8 595.7 596.5 597.5 593.5 591.9 592.2 592.4 593.2 591.3 589.4 587 585.9 586.3 587.7 589.4 589.8 591 593.4 594.8 595.4 599.1 603.9 606.2 608.3 611.6 615 618.1 620.3 620.9 621.5 622.6 624 623.6 622.1 620.3 617.6 614.8 611.8 608.7 605.9 602.9 599.7 595.9 591.7 587.8 583.7 580.1 574.5 568.5 561.6 555.2 549.2 542.4 538.3 533.7 529.6 524.8 521.8 518.1 514.2 510.9 507.1 502.9 495.8 490.6 484.8 475.8 468.6 462 456.2 447.7
568.5 573.7 580.3 583.6 587.6 592.8 595.3 597.5 599.3 600 596.8 595.1 594.1 595.4 595.8 595.3 593.5 590 588.4 591.1 594 593.3 593.5 594 596.6 598 598.9 602.7 607.7 609.8 613.6 618.7 622.5 623.9 625.4 626.5 627.4 627.8 626.6 624.2 621.6 618.5 615.4 612.2 609.4 605.7 601.4 597.5 591.6 587.7 583.2 578.6 572.2 565.7 558.7 551.9 546.5 541.6 536.9 532.9 529.9 524.9 521.7 518.6 514.9 510.5 507.4 504.1 498 492.9 487.6 481 474.8 468.6 463.2 456.3 448.1 440.7
563.4 569.7 574.9 578.9 584.1 589.5 594.6 597.7 599.8 599.6 598.2 597.8 597.7 597.4 597.7 597.8 596.9 594 592.9 594.8 597.2 597 597.5 598.5 600.9 601.4 603.9 607.2 611.4 614.6 620.3 624.6 627 628.4 629.7 631.2 632.1 630 626.4 622.9 619.9 616.6 613.8 609.5 606.2 600.4 595 589.7 583.2 578.3 570.9 563.4 557.7 551.2 546 541.5 536.7 532.3 528.3 524.2 521.4 517.1 514.8 510.7 507.1 503.9 500 496.2 490.6 484 478.7 472.9 467.3 462.3 456.5 450.8 443.3 437.4
559.8 565.2 570.6 575.6 580.1 585.8 590.7 593.8 596.4 598.6 599.7 600.7 599.8 598.3 599.1 599.3 598.8 598.6 598.7 599.8 600.7 600.6 601.3 602.5 605 605.8 608.6 613.3 615.5 619.6 625.3 628.6 630.7 631.5 632.9 634.1 633.8 629.8 625.1 620.8 618.4 615.7 612.1 607 600.2 592.8 586.3 579.3 572.6 563.7 557.2 552.4 547.5 541.3 535.8 531.8 526.8 522.6 520.4 517.2 512.9 510 507.3 503.8 499.1 495 492.4 486.8 480.7 476 470.9 465.9 460.1 454.3 450.6 445.1 438.1 432
557.3 560.2 565.8 572.1 577.7 582.7 588.1 592.9 596.6 599.4 600 600.7 600.5 599 598.4 598.9 600.3 601.7 602.8 603.3 603.8 604.2 604.5 606.1 608.2 610 613.6 618.5 621.2 623.8 629.1 631.7 633.5 634.3 635 634.9 631.8 627.7 622.7 620 616.6 613.6 608.1 599.8 592.3 584.2 575.6 567.4 560.8 553.8 547.3 540.5 535.8 531.5 526.4 523.6 519.2 516.3 513.4 509.3 506.2 502.4 500 495.6 491.7 488.3 483.5 478.4 474.3 468.7 462.8 457.2 451.9 447.4 444.3 439.3 432.1 427.6
550.4 555.8 561 566.6 572.7 577.2 583.5 589.3 594.4 596.5 597.8 599.1 599.2 598.4 598.5 598.8 602.2 604.6 605.3 606 606.5 607.3 606.9 609.4 611.9 614.4 618.5 623.1 625.8 627.9 631.7 634.1 635.7 636.5 635.7 631.9 628.6 625 621.9 618.9 615 608.6 600 592 583.2 574.9 565.8 558.3 551.1 544.1 536.4 529.5 525.5 522.6 518.3 514 512 508 504.6 502.3 498.6 496 491.5 488.1 484 479.3 475.6 471.1 466.4 460.6 456.2 450.9 446.1 442.8 437.3 433.7 428.8 424.8
545.9 552 556.8 561.4 566 572 577.5 582.7 586.8 589.4 592.1 594.8 596.1 597.8 598.1 599 602.2 606 607.9 608.7 608.8 609.4 609.5 613.2 616.7 619.4 622 626.2 627.6 630.2 632.7 636.2 638 636.8 632.7 630.5 627.7 624.3 620.2 615.2 610.1 602.4 592.9 583.1 574 565.4 558.4 551.6 543.2 534.8 526.1 519.7 514.6 512.8 510.3 508.5 505.6 502.3 498.9 495.6 490.5 487.9 483.1 479.5 476.1 472.3 467 463.5 459.6 454.6 449 444.2 440.2 436.9 432.6 428.3 424.6 420.5
541.8 549.3 554.8 558.9 562.4 566.6 572.7 577.6 581.7 585.1 587.3 589.2 590.9 594.6 597 599.6 602.2 605.8 609 610.1 610.7 611.7 612.8 616.5 620.2 623.8 627 628.5 629.4 631.3 633.1 634.3 634.7 632.8 631 629.1 626.1 621.9 617.2 610.7 603.6 594.9 584.9 575.4 566.3 560.8 552.6 543.7 533 524.6 517.7 512.2 506.3 503.7 502.3 500.6 497.1 494.6 492.1 488.3 484.4 480.8 476.3 472.2 469.9 464.4 460.6 457.8 452.9 447.2 443 439.1 436 432.6 427.7 421.5 417.8 412.8
538.2 546.2 552.3 556.6 560.7 564.1 568.2 573.2 577.6 580.9 584.3 586.1 587.4 591.2 595.6 599.6 602.4 605.4 607.6 610.8 611.5 612.7 615.3 619.2 623.2 627.1 628.9 629.5 630.6 631.3 631.6 631.4 631.1 630.6 629.5 627.2 624 618.8 611.9 604.6 596.3 587.1 577.4 568.8 562.2 555.1 546 537.2 525.9 518.1 512.5 506.6 500.7 497.3 494.9 493 491.3 488.6 485.5 482 478.4 474 469.2 465.5 462.4 458.4 455 451.2 447.6 443.6 439.5 435.1 430.5 425.8 418.3 412.3 409.6 407.5
536.8 544.8 550.5 554.5 558.9 562.3 565.2 568.8 573.1 575.4 578.3 583.2 585.7 588.9 593.3 596.9 600.3 603.6 605.9 609.4 612.5 614.4 617.3 620.9 624.5 628.6 630.6 631.2 631.8 631.2 630.3 629.7 630.2 628.7 626.9 624.3 620.6 612.5 604.8 596.2 587.8 578.6 571.1 563.9 556.8 548.8 540.4 531.4 520.2 512.5 506.7 500.8 495.8 491.7 489.2 487.1 485.4 482.6 477.6 474.5 470.9 466.3 462.6 460.2 457.3 452.9 448.8 445.8 442.9 439.2 434.6 428.4 421.1 415.5 409.9 407.4 405.3 404
