ny/ny71_OST50GRID_20230518/NY71.asc
ncols 200
nrows 200
xllcorner 370000
yllcorner 510000
cellsize 50
[rows 70 to 104 of 200, columns 0 to 77 of 200]
156.2 152.1 143.8 142.8 149.8 158 163.5 163.5 161.7 160 158.3 158.3 160.6 160.5 158.8 156.9 157.5 158.4 161 161 158.4 154.5 149.9 146.9 143.1 139.5 136.7 139.9 146.6 153.1 156.3 148.4 140 133.1 130.5 133.5 133.4 134.7 135.4 136 135.7 135.7 135.1 135.9 137.9 140.4 142.3 144.5 146.3 148.9 150.4 150.6 148.9 146.7 144.4 143.4 142.4 141.3 140.9 139.8 138.5 138.1 137.6 137.8 139 140.9 141.9 141 140.1 139.9 140.2 141.5 142.6 143 142.9 142.9 142.1 142.3
160.7 157.2 150.4 142.4 144.2 156.7 163.7 165.9 165.2 163.8 161.6 158.9 162.7 161.5 160.9 159.8 157.8 158.6 160.8 163.4 163.9 160.6 155.6 151.9 149.3 145.8 136.9 140.5 145.6 152.7 159.6 158.5 151 142.4 134.3 133 130.2 132.9 138.6 139.6 139.2 137.7 137.1 136.5 137.1 138.6 140.7 143 144.6 146.8 148.7 150.1 150.4 149.4 147.4 145.7 143.3 142.7 142.5 142.7 141.9 141.1 140.5 139.1 139.3 140.6 141.3 142.3 142.9 142.3 141.3 140.3 140.2 141 143.8 148.1 146.6 143.3
164.9 161.6 155.4 144.3 142.9 154 161.8 166.4 167.9 167.2 165.9 161.9 160.5 161.2 161.4 160.4 159.6 158.4 159.7 160.5 163.2 163.7 159.9 155.5 153.7 149.3 138 146 148.9 151.9 158.9 163.2 158.3 152 145.7 135 133.3 131.5 133 135 141.5 143 141.8 139.7 138.1 137.4 138.8 140.9 144.5 147 148 148.9 150 150.2 149.2 146.8 144.7 143.8 143.6 143.2 143.8 143.8 143.1 142.5 141.8 141.3 141.5 141.3 142.3 142.6 142.6 141.8 141.4 140.5 141 146.7 152.6 152.9
165.9 164.5 158.1 151.4 143.5 148.7 159.1 164.5 168.7 170.1 169.5 166.6 162 161.1 161.4 161.8 162.2 158.8 158 158.1 158.2 160 159.2 156 153.1 149.8 138.6 145.5 150.2 150.5 157 162.3 164.6 159.6 152.6 143.6 134.4 134 133.3 133.5 133.7 144.4 146 145.5 143.1 140.9 140.5 141.8 145 149.4 151 150.8 149.3 149.8 149.2 148.4 147.1 144.5 144.7 143.7 143.6 144 143.4 144.1 144.2 143.1 142.2 142.4 142 142.1 142.1 142.6 142.4 141.1 140.4 143.1 153.1 157.9
165.1 165.8 160.4 154.3 144.9 145.4 154.7 160.5 166.2 170.2 171.9 169.7 165.2 162.7 161.3 161.8 162.7 158.9 156.8 157.2 156.4 155.5 154.8 155 152.2 147.2 140.6 139.6 146.2 148.5 153.7 158.2 161.2 161.6 156.2 148.6 144.8 134.9 133.9 131.2 134.1 134.7 144 147.2 147 146.4 144.9 145.1 147.4 151.8 154.5 154.9 153.7 151.2 148.8 148.3 146.6 145.2 145.6 145.5 144.6 144.2 143.5 144.2 144.2 143.2 143.4 144.1 144.1 143.2 142.8 142.1 142.3 141.7 140.3 142.1 152.5 161.1
165.1 164.4 163 156.5 145.1 145 148.1 157.1 160.7 165.8 170.2 171.1 170.3 163.8 161.1 160.4 161.6 159.3 155.8 156.4 157.4 155.2 153.5 152.1 151.3 150.7 145.8 140.4 140.6 144 149.1 152 153.6 154 151.8 151.7 152.9 146.7 140.1 134.7 134.3 133.8 133.7 138.9 144.6 147.5 148.2 148.8 149.1 153.6 156.4 158.4 157.2 155 152.4 149.5 146.8 144.6 143.9 144 145 144.2 143.2 144.1 143.2 143.2 143.2 144.4 144.7 144.9 144.7 144.1 143.4 142.1 141 141.6 147.6 160.8
158.7 159.9 161.8 158.7 147.4 143.7 146.3 150.1 156.9 161.4 165.1 171.2 172.7 168.5 161.5 158.6 157.1 156.1 153.6 154 156.6 157.4 155.8 153.6 150.4 151.6 149.4 144.1 140.5 140.7 143.4 145.5 145.5 145.7 148 155.3 159.4 156.9 152.2 144.3 142.9 134.6 133.8 134 134.2 139.3 144.9 148.6 149.1 152.8 155.4 158.2 158.5 158.4 156.6 153.6 149 145.6 143.8 143.5 142.8 142.8 143.8 142.2 142.6 143 142.5 142.3 143.7 144.2 145.2 145.8 145.6 143.8 141.9 141.3 143.9 156.2
155.1 159.9 155.9 156.4 148.4 147.4 146.1 146.7 149.1 156.2 162.3 166.8 170.9 170.8 165.7 157.7 156.3 152.7 152.1 151.6 154.1 157.6 158.7 155.3 149.5 149.5 151.1 147.2 141.7 140.1 140.4 142.4 142.9 146.6 152.8 158.6 166.6 166.5 163.6 156.5 152.4 144 131.5 134 134.3 134.5 135 141.9 145.1 147.8 151.7 154.7 156.7 158.1 157.7 155.1 153.2 150.3 145.3 142.7 141.9 139.5 139.8 134.9 134.4 140.3 138.8 135.8 135.9 137.7 141.1 144.7 145.7 145.7 144.1 141.6 142.6 153.6
155.5 166.5 152.6 150.2 152.3 148.1 145.8 145.4 145.7 147.6 150.9 162.6 167.9 168.9 167.7 164.6 160.6 158 154.5 152.3 152.2 155.7 158.8 156.7 150.5 147.5 147.9 148.1 143.6 140.7 140.9 141.9 143 149 156.1 162.7 169.3 175.6 174.6 168.5 162.2 150.9 139.5 130.9 134 134.5 134.7 134.7 136.7 139.9 143.8 148.2 152.6 154.2 155.7 155.1 155.5 153.4 146.4 145.5 143.5 138.3 135.9 135.8 135.9 135.8 136.1 136 136.1 136.1 135.9 138.5 140.9 144.3 145 143.8 142.5 146.3
155.6 157.9 155.2 155 153.5 153.7 154.4 154.8 152 148.3 147.1 160.4 165.4 168.7 168.8 168.4 166.8 163.4 159.9 156.4 152.2 153.4 155.6 156.5 152.1 146.8 144.3 144.7 142.7 141.3 141.1 141.9 144.5 149.7 157.4 164.6 171.1 178.4 181.2 176.8 172.2 161.8 146.3 137 133.4 134.6 134.9 134.8 135 135.4 136.4 139.6 145.5 149.2 151 153.8 154.6 153.5 146.9 141.7 135.6 135.3 135.4 135.9 136.1 135.8 136.3 136.4 136.4 136.4 136.3 136.5 136.6 136.1 138.1 142.4 141.4 143.6
160.6 160.7 166.2 158 155.7 154.4 152.8 157.3 158.8 157 148.4 157.5 163.6 166.2 169.7 170.1 169.5 168 165.8 162 156.8 149.6 151.7 154.6 153.4 147.4 143.2 142.8 142 141.5 142 142.2 144.2 149.8 156.1 163.6 171.7 178.6 186.3 184.8 181.3 174.3 161.8 150.7 133.5 133.8 134.7 134.8 134.9 135.4 134.8 135.6 138 140.8 142.9 147.3 145.1 138.3 135.3 136 134.8 136.1 133.1 132.8 135 136.7 136.4 135.9 133.2 134.2 136 136.6 136 134.6 136.8 135.2 136.6 138.8
163.8 164.1 163.4 161 157.6 155.7 152 156.7 159.9 157.3 148.4 153 163 165.6 168.5 170.7 171.5 170.5 168.1 165.6 159.5 154.4 146.5 148.8 149.9 146 143 143.5 143.5 143.8 143 142.9 143.6 148.2 155.1 160.9 168.8 177.6 184.9 191.3 189 182.9 176.2 165 147.1 130.9 134.1 134 134.2 134.3 134.4 134.6 134.7 134.9 135.4 135.5 132.1 135.4 135.4 135.9 136.2 135.5 136.3 136 135.7 135.8 136.2 136.1 136.3 136.5 135.4 133.1 133.4 134.6 136.5 136.8 136.3 133.4
164.8 165.2 163.9 167.8 159.3 157 152.9 156.7 159.9 159.9 148.5 148.6 161.5 166.6 167.6 170.8 171.8 172.1 170.9 167.3 161.2 156.2 148.9 146.1 145.1 145.8 144.5 147.2 148.9 148.9 147.9 146.2 144.6 145.7 154 159.3 165.7 172.7 181.7 189.5 193.2 190.6 184.9 176.7 162 142.7 131.2 134.3 134.5 134.5 134.8 134.6 135.2 135 135.7 135.7 134.7 134.7 134.5 134.8 134.5 134.3 134.9 134.7 135 135.5 135.9 136 135.9 135.9 136.2 136.6 136.5 136.6 136.8 136.4 136.8 136.9
163.9 164.4 163.9 164.2 159.3 156.4 157.2 156.7 159 162.2 157.8 149.2 151.5 167.5 168.4 169.4 171.7 172.3 172.3 169.6 164.9 157.4 149.3 147.5 148 151 152.3 153.2 153.9 153.8 153.6 151.9 149.2 148.1 150.8 158.1 163 169 176.4 183.6 190.6 194.3 189.7 182.2 172.8 152.5 146.4 137.6 130.9 131 132 131.7 132 132.1 136 140.2 145.2 147.5 148.5 146 144.7 143.1 140.8 135.9 134.5 135.1 136 136 135.4 136 135.7 136.2 136.5 136.4 136.6 136.4 136.8 137
159.7 160 158.8 159 170.1 158.9 158.3 158.2 158.7 161.3 164.2 158.3 150.4 157.9 169.7 169.7 169.3 170.3 172.1 169 163.9 158.3 151.1 148.5 153.4 155.7 157.6 159.5 162.4 162.1 159.8 158 155.3 152.8 150.8 154.7 159.5 166.1 173.1 178.1 185.2 190.7 191.6 187 178.7 171.5 162.4 155.2 148.9 143.5 139.5 137.5 136.6 134.9 137.7 143 150.4 155.3 156.4 157.2 156.1 155.9 154.7 152.1 145.8 140.9 135.3 135.6 135.8 136 135.9 135.5 135.6 136 136.3 136.1 136.3 136.6
161.1 160.6 160.6 160.6 160.7 161.4 160.1 160 161.1 161.6 165.2 163.8 151.2 149.4 168.9 172.6 171.2 169.2 167.9 168.9 162.4 157.8 149.1 150.9 157.4 159.8 162.9 165.8 168 169.6 167.5 164.6 161.3 158.4 155.9 152.3 155.2 162 167.6 172.6 179.4 183.4 186.7 187.7 183.7 174.7 166.4 158.8 151.6 145.9 141 138.7 137.1 135.3 136.6 141.9 149.3 157.2 163.2 164.6 163.8 163.5 162.1 160.7 159.9 156.5 151.6 145.9 138.6 135.5 136.1 136.3 135.4 136.6 136.2 136.7 136.8 137.3
163.1 163.3 163.5 163.6 164.3 171.4 163.5 164 163.5 163.9 165.8 168.6 154.8 150.4 165.2 173.6 175.8 172.9 170.6 166.6 163.9 160.4 156.9 150.3 159.7 164.6 169.1 169.9 170.1 172.8 172.3 170.6 166.6 163.6 160.6 155.9 152.8 157.2 162 166.8 172.9 177.6 181 182.6 182.3 177 169.9 160.8 153.7 146.9 142.2 137.7 136.3 134.7 135.7 138 145 153.1 159.4 166.2 170.7 171.1 171 168.4 167.7 165.7 164 160.6 154.8 148.5 138.3 135.8 136.1 137 136.8 137.1 136.9 137.3
167.3 168.5 168.5 168.7 168.7 168.3 168.4 168.1 167.7 167.2 167.1 170.1 156.5 151.4 164.3 173.7 180 178.4 174.5 170.5 167.3 164.1 161.6 153.5 156.9 165.3 171.4 174.7 174.1 173.6 174.2 173.4 170.7 167.4 165.1 159.8 154.2 153.9 157.4 162.3 167.3 171.4 174.7 176.2 177.1 175.3 169.6 163.4 156.3 150.7 145.3 139.6 136.4 135 134.7 136 138.4 148.3 154.3 160.2 164.5 168.8 174.6 177.7 178.3 176.4 171.8 169.3 167.5 162.3 155.9 149.4 145.1 139.4 137.1 136.7 136.5 137.1
172.8 172.2 173 172.7 173.5 172.5 172.5 172.2 172.1 171.7 170.3 171.3 162.6 151.7 158.7 170.3 175.7 180.6 179.6 176.4 171.8 168.4 164.5 161.3 152.1 163.2 169.3 177 178.3 176 175.6 175.4 174 169.4 166.8 163.3 157.5 153.4 153.9 158.4 163 166.2 168.7 169.9 170.2 171.1 169.5 164 159.3 153.7 147.8 142.7 139.1 135.9 134.9 135.2 135.7 139.6 146.9 153.2 157.2 161.5 164.7 170.2 177.9 178.1 176 173 170.9 167.2 166.7 164.2 158.3 151.2 145.4 139.4 137.6 137.3
174.7 175.4 175.7 176.1 176.3 176.1 177.4 176.3 175.9 175.6 175.2 173.3 172.8 150.9 151.4 155.5 160.3 169.8 180.1 179.7 175.5 171.7 167.4 165.3 159.4 159.4 167 173.2 178.8 180 176.8 175.8 175.2 171.2 165.5 163.1 159.2 154.2 152.3 154 157.5 161.7 163.9 164.8 163.8 162.9 163.6 162.9 159.2 155.4 150.9 146.7 141.2 137.6 135.3 135.2 135.3 135.7 137.5 142.1 148.2 153.3 155.7 158.1 162.6 167.1 169 169.3 169 169.9 170.5 169.6 167.8 163.7 158.5 152.9 144.9 140.6
175.6 178.8 178.9 178.7 179.2 179.3 178.9 179 179.5 179 178.7 176.9 176.5 169.7 161.2 153.2 153 152.9 170.6 179.5 177.4 173.8 170.9 167 163.4 153.8 165 169.4 174.6 179.3 179.4 176.2 175.5 170.2 162.4 158.5 155.9 152.1 150 149.7 151.4 155.2 158.1 158.6 157.8 156.6 156.1 156.4 155.9 153.4 151.3 147.8 141.5 138.1 135.2 135.3 135.1 135.4 136.3 136.8 138.2 140.9 146.4 149.4 155 159.6 162.8 165.2 168.4 172 173.9 172.9 171 169.1 165.9 162.1 158.1 153
180.2 179.8 181.3 180.6 181.7 181.9 181.6 174.9 181.6 181.6 181.9 180.9 178.7 176.1 172.4 169 156.2 152.6 163.5 175.9 175.1 171.3 169.5 167.4 163.6 156.4 160.6 165.5 169.3 173.6 177.6 177.5 174.5 169.5 161.5 157 152.1 148.6 146.6 146.5 146.7 148 150.4 151.6 151.4 151.3 150.8 150.4 150 148.8 147.3 146.2 141.5 136.6 135.1 134.9 134.9 134.9 136.8 136.7 135.3 137.7 140.3 145.6 152.1 156.3 159.4 162.1 165.9 170.7 175.2 176.2 173.1 169.3 167.6 164.6 162.2 159.3
184.2 181.1 180.6 181.6 182.9 183.8 183.9 175.7 183.8 183.3 183.7 183.5 180 179.9 175.7 172.3 167 154.1 165.6 172.5 172.7 169.5 166.2 162.9 159.5 156.5 156.5 161 165 169 171.5 173.9 173.9 167.6 160.6 155.9 151.3 148.5 146.8 145.8 145.2 145.4 145.6 145.8 145.8 145.4 144.9 144.2 144.1 144.1 143.4 142.7 141.4 138.2 135.4 134.8 135.2 135.1 135.7 135.4 135.3 135.3 138.6 142 147.5 153 156.5 160.4 163 167.6 172 174.9 175.9 171.4 166 162.1 161 159.2
189.7 184.9 182 181.1 181.2 182.6 183 183 184.3 184.7 183.7 184.6 181.3 180.5 180.3 178.8 170.4 154.9 168.6 175.6 176.2 173 169.7 166.6 162.3 158.2 155.5 157 160.4 163.9 166.8 168.6 169.8 165.5 159.8 156.5 154.3 152.5 150 147 145.2 144.8 144.4 144.4 144.3 144.2 144 143.9 142.5 141.8 141.7 141.8 140.8 141.1 137.8 135.6 135.4 135.4 135.3 135.5 135.3 135.3 137.9 138 142 148.7 152.7 157.9 161.7 165.2 169.4 173 174.7 173.8 167.8 163 157.3 152.4
196.3 191.2 186.8 183.5 181.4 179.5 179 179.6 181.2 182.1 182.6 183.8 181 180.8 181 179.4 174.8 155.6 173.4 178.9 180.3 177.6 173.5 170.1 165.3 161.8 158 155.5 156.7 159.1 161.7 162.8 163 161.5 160.7 160.9 160.8 161.9 159 154.4 150.8 146.9 145.1 144.7 144.5 145.7 145.2 144.2 143.2 142 140.9 140.7 140.9 141.6 140.3 138.9 136.6 135.5 135.2 135.5 135.7 135.3 135.3 136.8 139.1 143.4 151.2 157.5 162.7 165.9 168.7 171.6 173.6 173 169.4 163.7 158.5 154.1
200.4 197.6 193.1 188.6 185.3 182.1 179.1 178.3 176.6 177.4 178.5 178.3 177.3 179.1 180.5 180.1 176.3 160.7 166 175.8 181.2 182.4 179.1 175.8 170.6 166.3 161.2 157.3 155.5 156.8 157.3 156.9 158 162.5 166.3 167 167.4 168 167.6 164.8 159.2 154.1 149.4 146.2 144.6 145.3 146.6 145.6 144.7 142.5 141.1 141 140.4 140.5 140.4 140.2 139.1 136.7 135.8 135.7 135.7 135.3 136.2 137 139.5 141.3 150 157.1 165.7 169.7 172.2 172.6 173.8 173.2 171.2 165.7 158.8 154.4
203.8 201.8 198.9 195.1 190.7 187.4 183.4 180.3 178.4 176.7 175.3 175.1 174.4 177.1 179.7 180.9 176.2 163.3 156.6 171.1 177.2 183.2 183.1 180.7 177.7 173.7 167.3 161.7 157.9 157 157.4 158.2 160.6 164 168.6 170.7 171 171.7 172 170.7 168.9 163.9 156.8 151.4 146.7 145.9 146.5 146.5 145 143.5 141.8 140.7 140.4 140.5 139.2 139.2 139.8 138.3 136.2 135.9 135.3 135.7 135.4 136.2 137.6 142.5 151.3 159.9 168.9 175.8 176.9 176.4 173.4 171.2 170 167.9 161.9 155.2
205.2 204.9 202.9 200.1 197.2 193.1 189.6 185.6 178.2 180 177.5 175.7 174.6 175.2 178 181.1 177.6 164.6 155 168.5 175 180.7 183.3 183.5 183.6 179.6 175.1 168.7 162.8 158.8 156.5 160.7 162.3 164.7 168.1 172.4 174 173.7 174.3 174.2 174.5 171.5 165.5 157.9 150.1 145.7 145.7 145.9 145.2 143.8 144.1 143.7 142.8 142.6 141.1 139.3 137.6 137 136.4 136.3 136 136 135.8 136 137.6 144.5 152.9 162.3 173.7 180.9 182.9 181.7 178.1 174.2 171 167.3 163.4 156.3
207.2 207.1 206.2 203.7 202.2 199.8 196.7 192.6 177.3 186.1 182.6 179.6 176.3 175.4 175.8 177.9 176.5 168.2 157 157.2 171.8 176.1 179.3 182.2 182.8 183 178.2 173.9 168.8 163.8 159.2 159.3 163 165.1 167.5 172.1 175.2 176.2 176.2 176.6 176.4 175.3 171.4 163.4 155 148.1 145.1 144.1 143.8 143.4 145.2 148.5 148.9 148.1 145.7 144.3 142.5 141.5 139.3 138.2 136.3 136 136.2 136 138.1 145.6 154.6 165.4 175.4 183 187.6 187.6 184.9 180.5 174.8 169.2 163.7 157.8
209.1 208.9 208.1 207.5 205.3 204.1 201.8 197.9 177.5 192.4 189.1 185.1 180.6 177.1 176.1 176.1 176.4 171.7 157.8 157.6 165.9 170.8 173.7 176.9 179.8 182.4 178.8 176.1 171.9 167.8 162.7 157.7 161.5 164.9 167.3 170.1 174.5 176.9 177.6 178.1 177.9 177.6 175.2 168.3 159.5 153.2 147.3 144.9 144 144 144.8 149.3 154.1 155 153.4 150.8 148.4 146.9 145.7 143.4 140 137.7 136.5 135.9 138.9 146.5 157.1 166.7 173.4 179.2 185.8 190.5 190.9 187.5 180.5 174.2 166.5 160.3
211.4 210.4 210.5 209.5 208.6 206.4 205 203 200.2 197 194 190.6 185.3 180 177.1 174.4 172.3 171.2 159.3 157 157.9 166.3 169.1 171.8 175.3 177.2 177.1 176.6 174 171.2 166.7 162.5 158.3 162.8 166.7 169.1 170.8 175.2 176.9 178.4 178.2 176.4 174.8 169.7 163.2 157.1 151.2 147.6 145 144.4 145.1 149.1 154.2 160.2 162 160.9 158.5 156.4 153.7 152.3 149.1 144.1 139.5 136.8 139.6 146.9 156.2 164.8 170.7 175.2 181 185.9 191.1 191.7 186.2 179.5 171.5 165.4
212.8 212.9 211.8 211.3 210 209.6 208.5 206.4 203.6 201.2 197.9 194.5 190.7 184.4 178.9 175.1 170.9 164.7 158.4 158.3 158.6 160.8 165.2 168.2 171.3 174.6 176.5 177.2 176 173.5 171.1 167.6 163.8 159.8 164.6 166.7 167.4 169.9 173.5 176.2 177.4 176.2 173.7 172.4 169.2 163.4 158 153.7 149.2 146.8 146 148.9 153.2 158.3 163.3 168.2 167.4 164.7 163.7 160.6 157 151.5 144.9 138.2 137.3 143.6 152.2 161.8 167.2 171.9 175.8 180.1 183.6 186.4 189.5 186.9 180.6 172.8
213.7 214.7 214.4 213.5 212.4 211.1 210 208.8 206.6 204.2 201.6 198.2 194.4 189.4 182 176 170.6 164.2 158.8 158.7 159.8 161.1 164.4 166.3 168.8 172.2 175.5 177.2 177.5 175.1 173.6 171.9 168.9 163.2 161.9 165 164.7 165 167.1 170.7 174 176.4 175.9 174.1 171.5 167.8 163.5 157.6 152.9 149.3 147.2 148.4 151.5 155.2 159.7 166 168.8 171.4 171.5 169.7 166.2 160.3 151.1 143.2 138.4 139.6 146.7 154.4 161.5 167.2 170.5 172.8 175.3 178.9 182.2 185.1 183.3 177.8
213.6 214.6 216.2 215.8 214.6 213.6 212.4 210.5 208.8 206.9 204.4 201.2 197.2 193.4 186.5 178.2 169.9 163.5 159.6 159.3 159.4 161.4 166 165.9 166.8 170.1 174 177.2 178.4 176.8 174.6 173.8 172.5 168.9 165 162.4 162.6 163.1 165.8 168.3 171.6 174.6 176.4 176.7 174.4 172 167.8 162.4 156.8 151 148.9 148.6 149.9 151.9 155.8 160.6 163.9 167 170.4 170.9 170 166 158.7 147.9 142.3 137.7 141.8 147.9 154.5 161.5 163.7 165.6 168.3 171.5 175.6 179.1 178.9 176.8
213.1 214.1 215.9 216.4 216.2 215.4 214.4 213.2 210.7 208.7 206.6 203.5 199.6 195.5 190.1 180.9 172 164.9 160.1 159.7 160.8 166.3 166.3 164.5 166.1 167.9 172.1 176.1 178.8 178.5 176.2 173.7 174.2 171.5 167.5 164.8 162.7 162.5 164.8 167.9 170.6 173.3 175 177.3 178 175.4 171.7 166 160.6 154.6 150.3 149.3 150.3 150.7 152.5 156.1 159.2 162 163.8 166 165.2 164.9 162.2 155.8 147.3 140.8 139.1 141.4 147.1 152.3 155.6 158.8 161.9 165.3 169.8 173.4 174.2 172.8
