ny/ny71_OST50GRID_20230518/NY71.asc
ncols 200
nrows 200
xllcorner 370000
yllcorner 510000
cellsize 50
[rows 70 to 104 of 200, columns 78 to 155 of 200]
144.1 151.6 160 168.3 173.6 174 170.6 162.2 152.9 148.9 146.8 146.5 146.7 146.7 147 147.4 148.3 150.3 154.7 158.7 161.3 152.5 157.7 173.3 179.1 175.2 175.9 174.4 177.8 179 174.5 181.2 185.7 187.5 188.9 187.5 186.9 187.7 189.4 193.6 197.4 202 204.1 200.8 198 195.2 190.5 184.1 196 197.5 196.4 193.7 192.2 189.9 195.5 198.9 203.3 207.3 210.1 216.4 222.8 225 224.8 226.4 227 227.3 226.4 226 225.2 222.3 214.9 212.8 217.3 223 228.7 233.7 237.8 242.2
143.3 143.2 150.3 156.8 165.4 168 165.1 157.9 151.7 147.2 146.7 146.2 146.4 146.5 147 147.5 148.1 149.3 150.1 152.6 154.3 151.6 162.3 171.6 180.1 189.1 187.6 183.1 185 186.5 181.2 176.3 178 181.7 185.5 186.2 183.2 182.9 184.2 187.5 191.7 196.5 201.7 203.9 205.7 201.4 192.5 184.5 182.5 183.4 189.9 190.8 190.1 188 189.4 193.1 197.4 200.1 205 211 217.5 220.1 219.6 221.4 222.3 222.3 222.5 222.7 223.9 224.5 222.9 216.2 208.8 218.8 222.2 227.7 231.8 234.6
146.3 143.5 143.7 146.2 154.4 157.5 161.9 159.5 152.2 145.7 146.2 145.6 145.5 146.5 148 148.5 148.1 149.1 150.1 151.7 150.5 152.1 165.8 176.2 184.2 190 191.7 190.5 189.6 189.5 187.8 182.1 175.6 173.2 173.7 175.6 174.2 174.7 178.6 181.8 187.7 192 194.8 197 201.4 203 199.7 193.5 186.3 178.4 177.6 177.5 180.4 180.9 184.2 186 190.4 194 198.4 203.7 207.9 212.2 212.8 213.6 214.6 215.2 216 216.4 218.2 220.3 221.7 222 214.6 206.9 216 221.1 224.8 228.6
156.7 148.6 143.6 143.8 145.4 150.2 151.7 152.5 147.8 145.5 146 145.3 145.7 145.9 150.2 153.5 152 149.1 149.2 151.1 150.9 151.6 165.5 175.2 183.4 188.4 189.7 191.6 192.1 190.8 189.2 186.3 179.5 171.8 168.4 166.1 165.4 167.1 168.9 177.1 181.5 187.2 192.5 193 193.2 193.5 193.8 193.9 193.6 191.9 188.7 181.4 174.3 173.9 175.5 179.6 183.1 187.8 192.9 196.5 200.6 204.6 208.1 209.9 211 210 210.2 211.2 212.6 214.5 215.6 216.8 217.1 209.4 208.4 215.9 218.4 219.9
162.3 159.5 152.8 148.1 144.6 145 145.6 145.6 145.3 145.3 145.1 145 145.5 145.3 149.5 156.4 158.3 156.6 153.2 149.6 149.7 150.4 161.3 168.8 176.7 183.6 185.4 187.1 188.2 188.8 186.4 184.6 178.1 171.3 167 162.3 162.2 163.5 165.6 169 176.1 180.8 187.5 190.6 192.2 191.7 189.7 188.2 187.1 186.7 186.2 184.4 181.8 170 171.8 173.5 176.3 181 185.7 189.7 193.6 199.5 203.4 207.5 210.1 210.8 210.2 210 210.4 210.9 211.5 211 210.2 209 203 207.2 209.6 209.9
166.8 167 163.8 157.5 149.6 146.7 145 145.5 144.7 144.7 144.7 144.7 145 145.1 146.1 150.4 156.3 159.5 158.2 149.6 149.5 148.3 156.7 162.4 168.1 174.7 178.8 181.3 182.5 184.1 181.7 184.4 178.9 171.4 166.7 160.5 161.8 164.2 167.2 170.7 173.1 176.4 179.9 184 185.2 187.5 187.9 187 183.7 180.4 178.3 175.8 168.6 169.2 170.3 171.9 173.5 175.6 178.4 184.6 187.5 193.4 197.2 199.3 202.3 205.1 208.3 208.8 211.3 212.7 212.2 211.1 210.6 210.2 209.1 199.2 199 200.2
165.9 170.8 171.2 167.5 160 154.5 149.7 148.2 147.7 146.7 144 144.5 144.9 145.1 145.4 145.9 147.9 152.5 155.9 149.7 148.1 147.6 147.6 156.7 160.9 167 173.8 175.4 176.6 179.6 180.6 180.7 177.9 173.1 166.1 161.3 159.3 162.3 165.7 171.6 177.4 178.6 177.3 178.2 178.8 179.3 179.4 179.1 176.6 173.7 173.8 165.8 167.5 172.8 176.9 177.8 176.4 175 176.5 179.9 183.6 186.9 190.9 193.8 196 198.7 200.9 201.9 203.5 205.6 205.2 205.6 205 206.9 207.1 205.5 200.2 194.8
162.9 170 173.3 173.5 170.9 164.8 157.9 157.1 153.2 149 145.8 144.6 144.9 146.9 145.1 145.2 145.6 146.9 148.1 148.1 147.9 146.5 146.6 148.1 155.4 160.2 166.5 173.7 175.1 173.8 173.4 174.1 172.5 170.5 165.6 159.6 155.4 159.9 162.8 167.5 173.2 178 177.7 175.8 173.7 172.8 171.4 170.2 168.6 165.8 163.4 165.8 173.2 179.4 185.1 185.9 184.1 180.1 177.3 176.8 178.8 181.7 185 188.2 190.8 192.3 194.3 195.9 196.2 197.5 198.9 199.1 199.6 199.3 199.9 201.9 200.4 190.7
159.6 168.5 173.6 174.9 174.2 171.1 165.6 164.6 157 154.5 151 147.1 145.1 145.5 145.8 147.1 145.3 145.5 146.9 147.4 147 146.8 146.4 146.3 146.4 153.9 157.3 160.8 164.3 166.1 169.9 169.8 165.7 161.2 156.7 155.2 151.4 156.6 158.1 160.1 166.1 171.6 173 171.2 171.3 171.2 169.8 168.4 167.9 162.8 163.4 169.9 173.6 178.4 182.2 184 183.3 179.8 176.2 175.2 175 175.9 179.5 182.7 184.4 186.3 188.9 191.1 190.9 191.2 193 193.3 194 194.7 195 196.2 195.7 191.2
149.1 160 171.1 176.1 176.7 175.6 170.3 170.8 164.1 159.9 158.1 153 147.7 145.5 145 145.5 146.2 146.2 147 146.3 146.4 146.2 144.1 145.5 144.8 145.1 145.4 150.2 152.9 156 159 160.3 156.7 151 148 148.5 147.7 149.3 151.9 153.3 155.7 158.7 160.1 163.9 165.9 169.6 171.3 170.8 168.9 161.1 161.3 162.8 169 172.5 174.2 175.4 176.6 174.3 173.2 172.4 173.5 174.2 178.5 182.7 183.9 184.7 185.7 187 187.7 188.1 188 188.7 189.6 190.4 190.7 191.9 193 188.2
144.3 150.5 158.6 166.7 170.7 176.2 173.7 174.7 170.5 166 164.7 160.4 154.8 148.9 146.7 145.6 146.2 147.3 147.5 147.3 145.3 145.6 145.5 144.6 144.2 143.9 143.8 143.8 144 148.5 151.8 155.2 149.6 145.2 150.7 150.9 149.5 146.8 147.8 148.2 149.1 152.8 154.7 157.8 159.9 161.4 164.1 166.7 168.9 166.7 159.2 159.5 163.6 165.7 167.1 168.4 168.8 170.1 173.1 173.6 174.3 177.7 183.5 187.4 189.9 191.6 192 191.5 189.8 189 187.5 186.7 186 186.6 185.9 187.1 187.8 188.1
133.7 143.2 149.7 155.6 158.9 165.7 172.3 176.6 173.9 168.3 169.2 165.4 161.7 157.2 151 147.6 147 146.9 147.6 147.7 147.1 146.9 146 144.5 142.9 143.4 143.1 143.5 143.3 143.8 143.2 147.1 145.1 151.8 155.1 155.9 155.4 153.9 153.2 149.7 148.2 149.8 153.5 157 158.2 158.1 158.1 158.8 158.9 160 158.1 158.5 160.6 161.4 164.4 165.1 166.6 169.1 172 176 179.3 182.1 186.7 189.4 191 193.4 194.2 194.2 194.2 192.5 191.7 190.8 190.3 190.3 189.3 188.3 186.5 184
137.2 136.8 133.9 145.6 151.4 156.6 162.8 168.9 172.7 170.4 170.7 169.4 166.6 163.2 159.4 153.6 148.2 147.9 147.6 147.5 147.3 146.5 147.1 147.6 145.7 144.2 142.5 142.6 142.6 143.3 144.3 145.2 145.3 148.5 151.2 153 152 150.5 149.2 148.7 148.1 149 149.6 150.9 152.6 153.5 154.2 153.3 154.7 156.3 157.3 157.5 157.6 158.4 160.3 161.5 163.9 166.8 172.5 179.5 187.2 189.9 192.4 192.2 191.7 191.6 191.3 191 190.7 190.8 190.1 190.5 190.8 190.4 189.4 187.7 186 183.6
137.2 136.9 137.1 136 138 147.3 151.7 155.5 160.3 163.9 167.5 169.1 167.3 165.9 162.3 158.3 153 149.5 149 147.7 147.4 146.8 146.7 146.4 146.4 145.3 142.3 140.8 142.3 143 143.3 145.2 144.7 145.8 149.3 150.5 151.3 151.4 150.2 149.2 149 148.1 149.9 150.1 151.1 151.8 152.5 153.5 154.5 154.9 157.8 159.3 158.1 157.9 158.5 159.3 160.7 162.4 165.6 172.9 180.3 186.4 191.3 193.7 194.9 194.1 193 191.7 190.2 188.6 188.2 188.2 188.3 188.3 187.5 184.9 183.1 181.8
137.2 137.1 137.3 137 135.6 136.2 140 146.4 149.5 152.8 156.8 161 163.5 163.2 162.4 160.7 155.5 153.9 149 147.1 146 144.6 144.8 145.1 144.8 141.5 145.2 141.2 141.6 142.4 143 143.9 146.3 146.1 146.9 148.2 149.9 151.3 151.5 151.4 150.2 149.1 148.6 150.1 150.6 151.6 152.5 152.8 154.8 161.1 164.9 165.8 164.7 161.8 158.8 158.1 158.1 160.4 161.5 165.2 168.7 172.9 178.2 183.4 187.5 189.8 191.7 191.7 191.4 190.4 190.9 190.6 190.5 189.8 188.8 187.8 187.8 184.7
137.3 137.3 133.9 137.2 136.4 136.1 136.1 140 143.9 145.7 148 150.5 153.9 155.9 156.8 156.6 154.3 155.4 151.7 149.4 146.8 145 142.2 141.6 141.6 141.6 145 146.9 144.8 144.6 145.1 146.2 146.7 147.5 148.5 149.1 149.5 150.5 150.6 151.5 151 149.8 150 150.4 150.6 150.8 152.5 157.1 162.9 169.4 174.5 177.9 177.7 175.1 168.3 163.3 160 158.2 160.7 162.2 163.9 166.5 168.4 170.8 174.7 178 180.9 184.4 186.1 186.9 188.2 189 188 186.8 191.6 194.1 194.1 192.4
137.6 137.2 133.9 137.6 136.5 136.8 136.2 136.3 137.9 138.3 142.1 144.3 145.9 148 150.2 150.7 151.8 151 149.4 150.7 147 143.1 140.9 140.6 139.9 142.2 144.8 147.2 148.1 147.9 146.6 147.7 147.3 148 149.4 150.5 151.4 151.8 152.8 153.7 152.4 151.4 150.6 150.8 150.3 151.5 156.9 163.4 171.3 178.7 185.7 187.6 189.8 188.3 181.9 177 168.2 163.4 159.9 161.2 161.3 162.3 164.6 166.3 168.9 170.7 172.3 174.5 177.2 178.4 180.4 182.6 183.4 187.7 195.3 200.9 200.5 200.1
137.5 137.5 133.9 137.8 137.4 134.4 136.4 137.5 137.5 138.4 139.4 139.2 140.9 141.3 143.7 146.1 146.2 147.9 148.2 149 146.7 142.9 140.6 140.3 140.7 142 143.9 145.9 147.6 148.5 148.7 149.9 150.3 151.6 152.7 152.4 153.2 153.6 154.9 157.1 155.8 156.5 154.7 153.6 151.3 153.1 160.9 169.6 178.9 186 186.6 192.6 193.5 190.6 188.7 184.7 175.9 170 166.8 165.2 166.3 165 161.8 163.7 164.8 166 167 168.1 170.2 173.8 178.7 181.6 183.6 184.7 189.8 192.8 194.8 195.6
137.6 137.8 135.3 137.7 137.5 137.4 137.5 137.6 137.4 138.3 138.3 138.8 139.6 140.3 140.9 142.1 141.2 142 141.4 142.6 142.3 143.2 140.1 141.1 140.4 141.6 143.1 145.4 147 147.6 148.2 148.8 150.3 151.5 153.5 155.6 156.2 157.7 156.4 155.1 155.8 156.3 157.5 157.1 151.2 156.9 163.8 168.3 171.9 177.8 182.6 183.9 186.8 186.1 185.8 182.9 180 176.8 173.9 169.5 166.8 163.6 160.1 160.1 159.8 160.6 161.4 162.3 165.3 169.7 175 177.7 181.9 184.4 187 187.7 187.7 189
138.8 138 136 137.2 137.5 137.3 137.5 137.6 137.8 138.3 138.6 138.3 138.5 139.3 139 139.6 139.4 139.1 139.4 141 139.7 138.9 140.3 142.3 140.8 141.9 143.4 144.9 146 147.9 148.4 151.1 148.8 149.3 151.6 154.6 155.4 159.4 160.1 158.8 157.2 156.5 156.8 155.9 156 156.4 157.6 159.7 161.5 163.9 168.1 171.2 174.1 175 173.3 174.9 171.7 172 168.6 164.7 161 158 156.9 156 155.7 156.5 158.1 160.6 163.9 168.3 172.8 175.2 177.3 180.5 184 184 183.6 181.2
146.3 141.9 136 137.3 137.8 137.3 137.7 136.4 137.1 138 137 138.1 138.4 138.8 139 139.9 139.2 138.9 139.3 139.2 139.4 140.5 144.9 144.3 145.1 145.2 145.8 145.7 146.1 146.4 147.4 147.7 148.6 148.6 148.7 149.9 154.5 156.4 158.8 159.7 158.9 159.5 160 159.2 156.6 157.2 157 156.4 152.7 153.1 155.5 158.1 158.6 160.7 160.4 160.7 160 160.7 160.6 159 156.6 155.3 154.7 154.7 155 155.7 158.1 159.4 162.3 166.2 168.4 172.2 174.3 178.1 179.9 180.5 179.7 179.3
155.8 148.3 135.6 137.3 137.7 137.9 137.4 137.4 137.3 137.9 137.8 138.1 139.1 138.9 138.8 139.7 138.1 139.3 139.1 139.2 139.6 139.4 140.1 143.2 145.6 146.2 147.4 147.9 147.6 147.9 147.9 147.7 147.7 149.1 148.1 148.7 149.8 151.1 153 155.4 157.8 161.1 163.2 165.3 164.2 162.5 160 158.2 157.3 157.4 156.8 157 157.5 158.7 158.1 157.8 157.1 157.6 155.7 155 154.9 154.6 154.9 154.6 155 157.6 158.9 157.6 159.2 160.7 163.5 167.5 170 171.7 174 175.7 175.5 176.8
157.5 151.9 133.9 137.9 138.5 137.9 137.7 138.7 139.3 138.1 137.9 138.8 139.1 140 139 139.1 140.1 141.5 141.6 139.7 139.9 139.4 140.2 140.5 141.3 144.2 145.5 145.7 146.4 147.2 147.5 147.9 148 148.3 148.5 148.8 149.6 150 151.4 152 152 158 165 168.2 170.2 170.5 168.2 165.6 163.6 162.1 160.7 159.2 159.7 159.8 160.5 162.2 163.8 162.9 161.3 160 157.4 155.7 155.1 154.6 154.9 157.9 159.3 158.6 159 158.5 160.1 162.8 166 167.9 169.4 170.5 170.9 171.8
152.3 149.4 133.9 137.9 138.4 137.9 138 139.6 142.2 142.7 142.3 141.6 141.2 141.2 139.3 140.8 141 141.9 142.2 142.6 142.2 141.1 139.1 140.5 140.4 141.1 141.9 140.4 141.3 141.4 140.3 139.7 140.8 143.4 145.8 148.1 149.9 150.4 150.7 151.9 151.8 159.1 164.3 169 172 173.2 173.1 173.4 170.7 169.4 167.2 164.7 163.8 162.6 164 165.3 168.1 167.2 166.2 165 163.2 161.7 159.4 155.5 155.3 155.5 155.8 157.5 159 161 162.1 163.5 165.4 168.5 171.7 171.6 171.5 172.5
147.8 143.1 139.1 137.3 138.1 137.6 137.7 138.4 144.4 145.1 145.1 144.7 144.1 144.1 141.7 142.9 142.9 143.4 142.9 142.9 142.8 143.8 144.4 143.6 143.1 140.4 140.8 140.9 141.3 141.6 141.6 141 141.5 141.5 141 144.9 146.6 148 149.4 151.2 152.8 156.1 159 163.1 166.7 169.3 170.2 172.3 173.4 173.2 172.4 171.1 169.5 167.9 168.2 169.8 170.8 171.2 170.6 169.5 167.8 166.2 164.8 162.7 159.5 158.3 155.4 154.5 155.7 159 163 166.2 169.2 172.7 176 177.1 176.8 177.1
149.4 142.9 138.9 137.9 133.9 137.7 137.7 137.3 142 146.7 147.5 147.3 145.2 144.6 142.9 143.8 145.5 145.2 145.2 145.6 145 144.9 145.1 145.4 145.2 145.8 143.8 144 142.8 142.2 143 141.6 142 142.4 142.5 142.7 147.3 143.5 144.1 144.5 145.5 147 151.3 154.2 156.3 159.7 162.6 164.7 166.3 167.9 168.5 168.4 167.8 166.6 167.5 168.7 169.3 168.7 168.3 168.1 167.3 167 166.7 164.7 162 160.4 157.7 156 153.4 153.5 156.1 159.8 164.6 168.3 170.5 172.1 172.4 172.8
149.2 143.3 139.7 139.4 138.9 133.9 138.4 138.3 138.4 145.5 147.8 149.1 149.1 149.8 149.8 148.7 148.8 147.7 146.9 147.7 148 147.7 147.8 147 146.9 146.3 146 146 145.6 145.9 145.9 144.2 142.7 142.2 142.9 142.8 143.6 148.6 143.8 144 143.9 143.7 144.4 141.8 146 150 152.8 156.5 159 160.2 160.5 161.1 161.9 163.3 163.5 163.2 163.4 163.3 161.9 162.2 161.7 161.3 161.1 160.3 159 158.2 156.2 154.1 152.5 151.8 152 153.3 157.4 163.3 167.2 168.6 169.4 172.8
150.8 146.1 141.2 140.3 139.3 138.3 135.5 135.4 137.9 145.7 148 149.4 150.4 151.8 153.9 153.6 154 152.2 147.1 149.3 151.3 151.8 150.6 150.2 149.6 148.4 147.7 147.3 146.5 147.1 147.1 146.3 142.7 142 143.5 145.2 146.7 145.9 148.6 144.1 144.5 144.9 144.9 145 145.1 143.6 146.3 149.1 152.2 154 154.6 155.7 156.8 157.9 159.2 153.8 153.7 154.3 157 158.5 158 157.6 156.8 155.2 153.7 152.8 151.4 149.8 150.4 150.8 151.2 152.3 157.7 162.4 165.7 167.9 170 171.7
152.9 148.2 144.1 141.8 140.1 139.2 138.8 138.7 137 137.8 151.6 151.8 151.9 152.3 153.5 154.4 155.1 153.2 148.1 154.1 157.6 158 156.6 154.8 153.2 152.2 150.6 149.7 148.4 148.4 147.8 147.6 145.3 142.1 144.5 145.9 146.2 147.3 147.2 148.2 146.6 145.1 145.3 145.3 145.6 145.3 145.5 145.2 145.9 146.3 146.1 147.4 149.8 151.1 149.1 148.4 148.3 148.8 150.4 151.8 155.6 155.5 155 154.1 152.5 150.3 149.5 149.7 150.1 150.6 150.5 151.5 154.2 157.9 161.4 163.5 165.4 167.7
155.6 151 146 144.7 143.8 145.2 141.9 138.7 138.7 138.5 135.5 153.4 156.9 157.4 158 157 156.6 152.1 149.9 157.5 163.7 165.1 166.4 165.9 161.5 157.7 154.6 152.3 150.6 149.7 149.7 149.2 147.1 143 146.3 147.7 147.8 147.3 147.7 148.1 148.3 148.1 147.8 147.6 145.6 147.7 148 147.7 147 146.6 146.8 146.4 146.4 146.9 146.1 147 147.5 147 147.8 148.3 148.4 151.8 152.3 152.6 150.1 149.3 149.7 149.8 150.5 150.3 150.8 151.1 151.5 152 152 156.8 158.6 154.8
160 154.2 149.3 147.1 147.8 152.7 153.8 151.3 141.7 139 139 136 156.9 162.6 163.6 163.2 161.3 157.2 153 157.3 166.4 170.2 172.5 173.5 172.1 169.8 165 160 157.3 153.9 151.4 150.5 149.7 145.2 144.1 148.7 149.1 149.6 149.7 150 150.8 150.5 150.6 151 150.7 151.7 153.1 154.6 155.6 156.8 157.9 158 156.1 154.4 154.7 153.7 153.7 152.8 150.5 149.2 147.7 147.9 148.8 148 149 149.4 150 150.2 150.1 150.5 150.9 150.8 151.5 153 153 154.6 158.9 163.2
165.7 159.2 154.1 150.6 148.6 153.3 156.7 157.1 151.3 145.9 140.2 137.8 141.4 155.5 161.7 168.1 167.6 163.9 157.5 155.9 163.3 171.3 174.9 176.5 177 175.9 174.7 171.4 166.5 163.6 159.5 155 152.1 148.9 145 145.3 148.7 149.4 150.8 151.6 151.8 153.1 155.7 157.9 160 162.3 163.4 167.5 169.6 171.9 172.6 173.4 172.9 169.6 166.9 164.2 162.8 161.3 158.7 155.3 151.5 149.8 149.2 149.3 149.3 149.4 149.8 149.9 150.2 150.6 150.9 151 153.3 161.8 167.1 168.8 170.3 171.8
172.4 166.7 159.9 154.3 150.6 152.5 153.1 154.8 156.4 152.8 147.8 139.3 138.6 149.4 157.2 164.9 169.4 170.3 163.8 159.1 159 166.1 172.7 176.5 177.4 178.4 178.1 177.4 176.2 175 171.5 166.9 160.3 153.5 150.8 145.6 143.4 147.1 149 149.7 150.5 151.9 153.1 155.4 158 161.4 163.1 166.6 169.6 172.7 174.8 176.4 178.5 179.5 178.2 178.4 175.8 173.6 171.1 168.2 162.6 160 159.6 158.6 154.2 151.4 150.4 150.6 152.9 155.8 155.3 151.4 154.8 163.2 161.8 165.1 172.3 173.1
172.8 168 164.2 158.1 154.3 153.5 151.8 151.6 151.7 153.8 152 136 138.7 146 153.1 158.7 163.5 165.6 166.1 161.7 157.5 159.3 167.1 172.3 175.3 177.3 176.8 177.9 178.2 178.1 177.8 174 170.4 164.1 157.7 153.8 145.3 142.9 145.6 146.8 148 149.1 149.7 150.9 152.1 153.4 154.6 156.5 158.6 160.7 163 164.7 166.9 169.6 172.1 175.9 177.2 177.2 175.5 172.8 163.7 172.2 171.5 169 165.8 163.2 159.8 156.3 156.4 156.7 155.1 151.2 153 155.7 157.8 159 166.5 170.4
170 165.8 162.3 158.9 155 155.4 153 150.8 148.6 148.1 145.9 138.7 139.1 141.6 148.6 153.7 158.2 160.6 163.6 163.3 159.5 155.8 156.6 164.3 168.9 172.6 175.8 177.3 178.7 179.6 179.9 177.9 175.6 171.6 159.9 158.5 151.1 145.7 143.3 143.5 144.5 146.6 147.7 148.9 150.2 151.6 152.4 153 154 153.8 155.8 157 157.8 158.7 160.3 162 164.9 167.3 167.6 167.2 166.7 168.9 167.9 166.1 164.7 162.5 160 157.4 156.8 154.5 151.2 151.4 153.1 154.5 156.5 159.7 163.8 166.6
