ny/ny71_OST50GRID_20230518/NY71.asc
ncols 200
nrows 200
xllcorner 370000
yllcorner 510000
cellsize 50
[rows 0 to 34 of 200, columns 78 to 155 of 200]
249.6 252.4 264.3 259.7 262.1 267.1 273.5 277.8 282.9 289.9 295.7 302.1 310.5 318.1 323.9 329.8 336.4 340.8 348.2 359.4 376.3 390.2 401.2 411.7 425 435.5 445.1 454.9 468 481.8 496.8 520.7 550.7 566.4 570.6 568.5 567.1 566.2 564.3 560.9 554.8 547.5 543.2 540.5 534.2 534.8 545.8 556.5 565.7 574.8 583.4 588.9 596.3 603.1 607.4 612.5 616.2 619.6 620.8 618.7 616.3 610.9 604.2 600.4 598.6 600.8 603.4 604.1 606.2 609.5 609.3 608.6 611.8 616.1 615.8 609.4 609.1 609
249.4 252.4 255.6 259.5 261.4 264.1 270.3 276.2 281 288.7 294.5 300.4 306.9 314.4 322.6 327.1 333.2 340.5 345.8 354.5 364.9 378.2 396 403.7 418.9 427.7 440.8 450 461 473.5 484.8 504.1 533.2 558.8 564.2 564.3 562.8 562 560.8 557.9 550.6 543.4 538.6 536.7 532.4 534.1 542.6 553.8 566.8 576 583.8 589.7 599 603.4 608.4 612.2 617.2 618.9 619.1 619.1 617.8 614 608.6 605.8 604 605.4 604.7 607.2 613.1 615.7 609.6 609.5 619.4 618.9 614.2 608.1 605.5 605.1
248.5 251.7 256 260.9 260.5 263.7 268.6 274.9 279.9 285.3 292.2 298.6 304.5 310.8 318.3 324.6 329.8 334.9 342.5 348.5 361 373.8 386.4 399.8 408.3 423 434.5 443.8 458.3 468.3 481.5 494.6 519.1 551.1 563.8 563.4 559.8 556.4 555.2 553.4 547 540.6 533.8 531.1 526.8 531.2 539.9 548.1 562.5 574.6 582 589 598.5 603.2 606.9 611.2 615.4 620 619.7 618.5 620.6 618.8 616.6 611.3 608.2 606.4 607.2 612.4 616.7 616.9 612.2 608.2 619 618.1 610.6 604.3 600.3 596.9
246.7 250.4 253.2 259.2 259.7 263 267.9 275.7 279.6 285 289.4 296.1 302 306.6 312.9 320.7 325.4 329.4 333.7 342.5 352.3 366.3 379.4 389.6 403.7 414.6 424.3 432.3 448.5 463.1 475.6 487.2 506.5 531.8 555.2 562.9 562.2 554.2 547.2 544.6 540.3 534.6 527.3 523.1 520.2 523.5 533.8 545.5 555.4 571.2 579.9 587 596.7 600.7 606.9 611.2 614.7 617.9 620.9 621.4 620.9 620 620.7 612.6 608.5 607.3 609.1 617.5 618.1 614.9 612.8 606.3 610.4 615 608.1 602.5 594 591.1
246.4 250.9 254 256.8 259.6 261.5 266.9 273.5 277.6 284.3 288.4 291.5 297.9 304.3 310.6 314.6 318.9 323.4 331.5 338.3 348.3 351.3 370 381 395.3 407.2 408.5 432.4 448.9 457.8 471.9 481.2 495.4 512.8 531.4 554.6 559.3 554.6 543.4 532.1 529 525.5 520.1 515.8 512.8 515.2 524.9 539.2 549.7 566 579.3 585.8 596.1 599.9 603.9 606.8 612.9 616.3 619.7 620.7 619.3 618.4 619.2 614.2 610.1 606.2 608.2 610.9 618.7 614 610.9 603 600.4 609.2 602.7 600.2 591.1 585.8
244.9 249 253.3 255.7 260.2 261.1 264.3 269.9 277.1 284.9 288.7 288.2 297.3 304.4 307.5 310.3 315.8 319.9 324.2 328.8 337.9 349.1 360.5 374.9 384.4 394.6 409.8 427.1 446.9 454.5 465.9 477 482.5 498 510.7 533.7 548.8 545.2 535.3 518.8 517.1 514.3 511.7 509.6 506.5 507.9 514.8 531.1 542.5 555.5 576.4 584.6 591.9 595.5 600.6 605.1 609.6 612.8 615.4 616.6 617.6 617.4 621.5 614.6 612.7 609.5 607.3 607.1 608.6 612.5 608.8 602.7 591.4 599.5 596.2 595.6 587.5 579.9
245.9 247.4 250.7 255.3 258.8 260.1 262.6 267.6 273.9 280.7 285.6 285.2 294.1 300.8 303.4 306.9 310.9 315.6 319.7 324.9 333.3 340.9 348.4 366 362.9 387.1 404.3 425.1 441 449.4 462.6 468.5 470.8 479.6 494.7 506 531.3 535.4 519.2 504.5 504 501.5 500 500.3 501.9 502.4 506.9 517 532.3 546.4 560.7 576.5 585 592.1 597.8 602.1 604.9 609.7 612 612.5 612.7 614.7 619.8 617.7 615.9 608.9 606.7 605.5 606 612.3 607.2 601.3 589.5 587.8 591.1 588 581.9 575.2
245.2 246.8 249.6 251.9 255.3 257.7 260.6 264.1 267.8 273.8 280 286.4 290.7 294.4 301.4 303.3 307.1 310 315.1 319.6 323.4 331 344.5 347.8 368.1 381.2 397.4 417.5 432.6 441.3 453.6 459.8 462.5 463.2 472.9 487.8 499.2 515.7 503.6 489.8 490.1 490.3 489.4 488.9 491 493.7 500.3 510.5 518.5 537.7 549 566.5 576.7 588.6 593.3 597.2 601.9 605 607.6 607.9 608.9 610.1 614.5 611.8 610.4 611 611.4 607.5 603.1 603 605.6 598.5 586.9 578.8 585.4 577.6 576.6 570.9
245 248.6 250.2 251.8 253.4 255.5 257.8 260.8 266.6 270.9 275.6 283.3 288.4 292.6 295.1 300.2 301 306.1 309.6 312.9 317.2 321.8 327.4 345 358.6 370.4 385.1 405.6 417.2 430 443.4 449.3 451.3 454.1 456.8 466.8 481 492.9 485.6 478.5 475 476.3 475.1 477.4 482.2 486.3 491.3 500.4 511.4 523.7 540.3 549.7 571.8 575.6 587 592.3 597.1 598 601.1 602.5 606.8 608.9 609.6 609.1 606.9 608.6 606.7 606.6 602.9 597.1 594.4 592.1 585.2 573.9 575.7 573.8 572.9 567.5
245.8 248.1 250.2 251.5 253 253.8 255.2 257.1 260.2 266.4 270.4 276.9 282.7 287.6 291.2 294.1 297.6 301.1 302.4 305.3 308.3 310.9 322.2 333.7 345.1 357.7 369.7 386.5 400.8 413.1 428.4 434.2 438.1 442.4 445.7 451 463.4 475.5 477.8 469 465.4 461.1 462.9 466.1 468 472.9 480.4 487 498.9 507.2 528.2 538.9 550.9 568.2 573.8 583.3 587.6 593 600.4 601.3 602.5 605.9 607.5 608.5 606.3 604 605.9 604.1 602.3 595.4 589 588.4 581.8 571.6 563.7 569 566.7 564.8
242.2 245.3 247.3 249.8 252.3 251.9 253.3 255.4 258.5 262.9 270.3 274.5 279.4 284.1 289.8 291.7 294 295.2 297.6 299.4 300.6 305.9 310 319.1 326.8 342 354.8 367.4 381.6 395.1 406.7 416 423.6 430.4 434.6 439.4 446.6 465.4 471.9 462.9 459.1 453.8 453.5 452.9 457.3 461.9 464.1 473.7 485.2 496.8 510.4 524.7 534 548 567.7 582 587.7 592.3 596.1 598.2 598.7 602.2 603.9 605.4 605.2 602.5 600.5 597.4 596.2 593.5 586.2 581.8 576.6 568.9 555.8 559.8 557.6 559.6
242.2 245.2 247.2 249.8 249.6 248.4 251.5 254.3 257.2 261.3 265.1 271.5 275.5 281.8 283.8 289 291.9 292.7 292.8 295.1 296.2 298.7 302.3 306.7 314.1 325.1 338.8 351.5 363.8 375.4 387.3 395.2 406.8 416.3 423.2 426.6 433 447.2 458.6 451.6 449.7 443.8 445.8 444.2 446.3 447.6 455.5 460.7 471.7 483.3 495.3 506 523.6 535.8 550.1 578.7 583.3 589.2 592.4 594.9 596.7 597.5 598.1 599.8 601.3 600.5 598.8 593.2 591 587.3 580.3 571.1 570.7 562.6 550.4 547.6 550.3 548.7
239 243.7 244.6 245.1 245.7 249.5 252.8 254.3 257.1 260.9 262.9 267.1 272 275.1 282.4 286.1 288.6 289.2 288.8 289.5 291.5 293 295.8 298.7 303.4 311.9 321.5 332.6 348.1 359.6 368 381.1 390.3 399.2 404.1 412.3 419.6 430.8 442.8 438.6 437.4 433.6 435.3 434.7 436.8 438.6 443.2 450 456.4 469.8 480.8 491.2 504.8 520.4 533.6 554.9 577.5 582.5 587.4 592.1 594 595 595.6 596 597 596.2 593.2 591.5 587.9 581.1 576.4 567 563.6 557.3 546.6 533.6 540.2 538.2
234 236.5 241.8 242 245.4 247.8 249.7 252.6 254.9 257 260.7 264.4 268.3 273.6 277.6 280.9 283.1 284.5 282.4 284.5 287.2 287.3 289.1 292.5 297.5 302.4 310.6 320.1 330.9 341.4 355.7 365.1 377.1 387.2 391.9 400.5 408 415.5 420.2 424 424.8 425.2 426.7 426 428.5 430.1 433.7 439.7 448.1 457.8 470.8 481.9 490.4 503.2 520.3 530.9 553.2 564.2 576.4 585.3 590.3 590.9 594.1 594.2 592.4 590.3 588.4 585.3 583.5 579.8 572.3 563.5 555 553 541.8 527.7 528.2 528.9
228.2 230.1 227.2 238.9 242.5 244.6 247.7 251.4 253.8 255.6 257.6 261.7 265.3 269.4 271.8 275.6 277.5 278.8 280.1 279.8 282.5 283.5 284.3 288.3 292.4 296 301.9 312.2 322.2 328.6 337.9 350 361.2 370.7 374.9 387.4 395.9 405 409.7 410.4 409.7 410.4 415.8 413.8 421.7 424.7 426.3 430.4 436.2 445.6 454.6 468.6 475.3 487.1 502.1 514 527.9 548.1 560.1 579.8 585.6 587.6 588.5 590.7 589.7 587.9 585.1 580.7 576.9 575.3 568.4 559.9 549.4 543.7 538 524.3 515.1 519.6
218 218.6 222.4 228 235 238.2 242.4 245.8 250 252.6 256 257.8 260.3 264.2 268.1 270.2 273 274.6 272.3 276.8 280.7 279.5 282.8 285.2 288.8 292.2 297.1 303.7 311.5 320.5 328.6 336.6 344.1 353.6 364.3 376.1 382 391.8 398.5 400.7 400.8 401.6 404.1 409.3 414.4 416.2 419.1 422 425.6 429.9 439.4 451.8 462.9 469.6 481.2 495 509 522.2 535.1 559.7 578.6 582.9 584.1 582.8 585.2 584.5 581.5 578.8 574 569.2 563.4 552.7 543.9 532.6 529.8 519 512 505.8
211.2 213.4 218 223.9 232.1 233.5 234.1 238.9 244 248.5 251.6 254.6 256.9 258.9 263.5 266.2 268.6 270 268.1 273.8 276.9 278.1 280.1 281.7 283.5 288.7 292.9 298 303.4 314 321.9 327.8 331.2 339.5 348.3 358.4 368.7 379.4 385.1 389.8 392.8 393.1 392.9 398.3 403.9 409.2 410 414.3 417.4 421.1 424.1 435.1 442.2 454.6 465.5 477.5 493.8 509.9 522.2 536.7 558.7 577.5 578.4 580.1 581 581.9 577.4 574.4 570 564.4 556.9 548.4 538.9 528.3 518.6 513.5 506 500.5
208.8 209.5 218.4 216.2 223.9 228.3 228.5 229.8 235.6 241.1 247.4 251.2 254 256.5 258.4 261.3 264.5 262.6 269.6 271.9 272.9 274.9 275 277.1 278.8 282.1 288.4 292 298.7 306.5 314.2 319 318.9 331.6 335.9 342.8 349.4 365.5 374.4 379 381.9 385.1 388.1 389.7 394.4 399.7 402.2 404.1 408.1 411.1 415 420.8 425.9 437.4 453.2 465.8 477.1 492.3 508.2 519.9 535.5 560.6 576.8 576.7 575.9 577.1 573.4 568 563 557.9 550.2 544.3 532.4 523.6 514.7 505.5 502 495.7
205.9 205.5 208.2 212.2 216.7 217.7 221.5 221.8 225.6 230 238 244.4 249.2 251.8 253.8 258.3 255.4 261 264.5 268.4 272.2 273.8 271.8 273.3 275.3 278.7 282.8 286.1 289.8 297.8 304.4 303 317.7 320.6 329.5 331.7 337 349.6 352.9 363 369 373.1 379.8 384 386.6 389.2 392.9 397.4 399.9 404.6 408 411 418.3 422 438.8 455.2 465.2 476.8 492.8 512.6 519 531.8 568.5 572 572.4 571.4 568.4 566.2 561.9 553.7 544.4 534.7 521.9 511.7 507.9 497 495.7 493.3
201.1 202 203.1 207 211.7 215.9 215.6 216.4 215.9 217.3 223.5 231.8 242.1 247.6 251 253 250.6 257.7 261.3 263.4 267.7 269.4 267.7 270.5 273.5 275.5 277 280.6 284.2 287.6 293.9 300.4 300.7 315.2 318.7 324.9 329.8 334.1 338.6 344.9 356.7 365.2 370.5 375.9 379.2 381.9 385 388.6 392.5 395.5 398.3 406.7 411.1 415.3 429 443.5 455.2 463.1 478.2 496.3 507.9 514.3 546.3 559.5 561.3 565 562.7 559.8 555.6 548.4 538.9 528.3 513.9 504.8 501.6 489.5 484.7 488.3
198.4 198.7 201.1 203.6 206.8 211.1 214.2 214.9 214.3 222.6 229.3 233.3 231 237.3 242.2 242.8 250.7 253.4 256.4 259.4 262 263.1 261.8 268.6 268.9 272.8 273 275 278.7 280.7 283.7 290 295.6 301.6 308.6 314 322.2 320.1 330.6 337.2 335.9 355.9 361.5 367.4 372.8 376.3 377.4 382.9 386.8 391.6 395 398.7 401.8 407.8 421.6 432.2 444.7 454.6 460.2 472.4 492.6 502.9 529.4 550.2 556.7 555.9 553.4 548.8 546.5 539.8 531.1 518.7 502.3 495.5 493.8 487.2 477.7 477.2
194.3 195.5 199.7 203.8 205.3 207.7 210.5 211.5 213.3 222.5 229.2 233.1 232.6 231.5 233.6 239.2 242.1 245.2 251.6 254.1 256.5 257.4 261.1 261.9 266.2 266.6 268.2 270.6 273 273.5 280.5 282.4 284.8 287.6 292 303.6 312.4 313.9 304.4 312.2 337.5 344.1 349.7 355.8 361.5 363.7 368.3 374.1 381 385.6 389.7 392.2 395.4 400.8 415.4 425.4 433.7 440.8 450.2 458.1 473 485.4 502.1 524.9 537.2 545.4 547.6 544.3 535.5 529 513.5 505.2 493.5 488.7 485 479.9 470.9 469.5
193 194.2 199.2 203.7 205.8 207.8 208.6 209.5 211.1 219.4 226.7 230.7 233.2 232.2 229.7 229.6 231.8 237.7 241.1 244.4 247.3 249.6 255.6 258.5 260 259.8 263.7 266 268.6 270.3 272.1 275.9 277.7 279.2 283.1 291.6 290.6 292.6 302.4 320.9 327.1 335.9 341.3 347.4 352.1 358.2 362 367.6 373.1 380.4 384.3 388.1 391.3 399.9 410.7 421.1 430.1 438.5 450.5 456.4 453.1 465.1 477.7 497.7 517.4 528.1 528.4 526.7 523.5 517.6 506.2 494.5 482.3 472.4 475.5 467.8 463.4 460.8
195.9 196.3 196.1 203.2 207.5 209.7 211.4 212.8 209.3 214.5 221.9 227 230.1 229.3 226.3 226.2 226.9 225.8 235.4 238.5 239.8 244 248.2 253.5 253.2 255 257.3 259.9 261.1 263 265.1 268.3 272.4 274.1 276 279.6 282 294.6 305.5 313.8 320.2 327.2 332.9 340.6 345.2 348.4 353.1 358.4 364.4 373 377.5 384.7 394.3 402.2 411.7 418.5 425.2 431.3 444 445.9 448.5 451.7 459.1 471.2 484.9 496.4 507.3 518 511.9 504.5 502.2 483.7 472.8 462.6 457.8 451.5 447.4 450.4
199.3 201.7 200.9 198.1 203.8 208.3 212.9 215.2 214.9 209.3 216 221.9 226.1 225.4 224.1 223.9 224.8 224.2 225.7 228 231 238.1 240.5 244.3 245.5 247.8 250 252.6 254.3 250.9 255.6 259.5 262.2 267.6 264 268.8 282.3 289.3 295.1 303 311.2 318.1 324 333.9 337.4 342.3 347 351.4 353.9 359.6 365.8 373.9 384.7 395.7 405.7 414.9 420.9 425.6 428.9 432.8 430 431.4 438.7 449.8 457.8 466.2 474.7 482.5 489.4 498.8 482.1 472.9 460.2 448.8 439.9 432.6 443.8 455.9
197.5 202.2 205.6 203.9 199.7 203.2 207.3 211.2 214.5 213 209.3 217.4 221.4 223.4 223.2 221.7 222.9 222.3 221.9 222.8 226.5 230.9 236.1 239.8 241.9 242.7 243.4 243.9 245.5 245.3 248.8 247.5 256.5 253.7 262.6 273.5 279.7 284 289 292.2 300.1 309.4 316.3 322.7 330 334.6 340.1 344.3 345.9 353.2 360 365.4 371.4 386.9 396.8 404.8 408.9 413.9 417 420.1 422.7 424.6 428.4 433.5 441.4 450 455.1 457.3 458.1 460.9 459.2 451.5 438.6 430.7 425.5 431.5 445.1 456.2
192.3 197 200.7 206.3 205 202.2 202.6 205.7 208.9 210 207.9 212.7 218.1 221.6 222.9 220.7 219.4 219.6 219.2 220.2 223 226.3 231.3 236.1 240.1 240.3 238 237.5 239.6 239.1 242.2 247.2 248.4 249.2 259.8 268.5 273.6 278.9 284.3 288.6 295.1 301.2 306.3 312.4 317.3 325.3 327.3 335.8 345.5 352 356.4 359.4 360.4 364.7 381.1 392 394.5 402.5 406.9 407.9 405.1 405 411.7 417.8 425.5 431.7 437.4 442.6 443.7 438.5 435.5 428.1 420.3 419.3 420.3 446.1 460.5 458.8
189.1 192.1 195.7 199.7 205.4 206.9 204 202.7 204.8 206.5 205.9 209.2 212.8 217.7 221 220.8 218.6 216.6 218.1 219.7 221.7 224.2 226.9 231.2 235 238 238.6 236 234.4 235.8 239.9 236.7 239.9 247.4 252.4 261.6 263.2 272.2 279.1 282.9 289.1 294.5 299.2 302.7 302.6 314.8 315.9 329.9 340.7 348.7 353.1 355.7 356.1 357.7 362.3 370.7 377.9 385 392.3 395.1 394.4 397.7 407 410.9 415.1 416.7 421.6 418.9 421.7 420.2 411.8 405.6 407.4 412.7 432.3 457.4 462.3 462.5
194 190.4 190.6 194.9 198.8 203.8 207.3 205.1 202.9 202.9 205.4 206.8 208.7 213.2 217 219.3 219.1 213.8 217.4 219.5 221 221.9 223.8 226.9 229.3 231.8 233.7 234.4 232.3 232.3 231.6 233 233.5 234.4 243 251.8 254 266.9 272.3 276.9 282.1 285.6 290.2 291.2 294 312.6 321.4 326.6 333.4 340.7 347.3 353.8 355.9 356.3 357.4 361.1 366.5 371 375.7 380.2 384.1 388.2 393.5 400 406.6 410.4 407.1 407.5 405.4 400.6 394.2 403.9 412.6 423.5 446.2 458.3 463.4 469.3
197.9 195.5 189.3 191.4 195 198.5 203.1 206.5 206.2 203.6 201 202.4 204.9 208.7 211.9 213.1 212 214.3 215.3 217.4 219.3 220.3 221.6 222.6 224.9 226.7 227.9 229.7 229.7 228.8 228.7 229.2 230.2 231.2 234.9 246.4 255.5 260.3 264.8 269.1 270.9 278.3 278.9 279.2 294.9 302.9 313.7 322.4 328.3 332.9 338.5 346.3 353.8 357.4 356.6 356.5 359.9 366.1 369 373.4 374.2 378.4 384.5 393 397.4 401.5 404.9 404.9 401.3 393.1 390.9 404.7 416.1 425.6 450 458 462.3 467.9
196.5 196.4 191.1 188.7 192.4 195.1 198 202 205.3 205.7 199.8 202.7 202.8 204.5 207.6 208.7 209.7 212 213.9 217.2 216.9 217.9 218.8 220 220.9 221.8 224 225.1 225.6 225.7 225.4 224.9 226.7 228.9 233.1 244 250.4 255.1 257.1 260.3 266.1 269.3 268.3 271.3 286.2 291.3 307.6 315.9 319.9 323.3 333.2 338 343.8 349.5 353.4 357 354 357.8 361.3 367 370.5 371.1 374.9 383.9 392 398.5 400.6 397.8 397 383.9 390.7 401.4 410.5 424.9 450.5 457.7 462.7 464.7
197 194.9 193.1 188.5 190.8 193.3 196.4 197.8 199.8 201.8 196.6 204.3 207.7 209.3 206.1 206.9 208.7 210.2 212.5 214.2 215.3 215.8 217.1 217.7 218.2 218.2 218.6 219.8 221.4 221.8 222 222.4 222.9 224.8 229 236.7 242.7 247.4 250.4 255.7 258.9 262.2 260.6 267.3 273.5 280.9 300.2 305.6 311.6 320 324.1 332.3 337.8 342.8 346.7 350.7 352.3 346.7 347.6 356 362.1 367.1 369.5 374.6 383.7 390.4 389.8 387.2 383.9 372.9 388.9 398 406.4 429.1 450.6 457.5 460.6 462
195 193.1 192 189.1 188.5 190.9 193.7 196.1 196.9 196.8 196.4 201.3 207.3 212 211.3 209.1 208.1 208.7 209.4 209.5 212.8 215.1 215.7 215.9 216.2 216.8 216.7 216.9 218.3 218.6 220 219.4 220.3 221.2 223.3 228 237 242.3 245.5 250.9 254.6 256.4 253.4 259.8 267 273.6 287.9 295.2 304.5 310.8 316.3 325.3 330 333.8 338.4 342.7 347 345.6 339.8 343.1 351.7 355 363.2 369.3 375.2 377.8 377 375.3 369.9 373 385.5 393 411.6 440.3 452.5 457 459.6 461.9
189.1 189.4 189.2 188.4 188.4 188.9 190.5 192.7 194.8 194.5 194.3 197.2 201.3 206.8 212.1 214.7 213.7 211.3 211.5 212.4 210.5 213.2 213.2 213.6 214.8 215.6 215.8 216.7 216.7 216.9 217.1 217.6 217.9 219.2 221.9 225.5 230.1 234.7 238.4 243.7 247.6 251 246.8 255.1 259 270.2 280.1 288.9 296.4 302.2 306.6 313.9 321.6 327.8 331.6 335.7 338.3 340.8 334.7 337.6 344.1 350 354.4 361.9 366.6 366.1 365.7 363.9 358 372.4 384.1 396.3 426.4 452.6 456.3 457 460.9 459.2
189.5 189.4 189.6 190.2 189.1 189.2 188.8 189.3 190.5 192.3 193.1 193.9 193.8 200 205.7 211.3 214.4 215 213.9 213.8 211.5 212.3 212.9 213.4 213.1 214 215.2 215.9 215.8 215.9 214.9 215.5 216.9 218.1 222 224.1 225.6 227.8 231.3 235.3 234.7 239.6 242.7 248.2 258.5 265.2 275 281.2 290.1 292.7 297.4 301 308.9 317 325.7 329.8 332.7 336.7 332.1 331.9 339.2 346.3 351.4 355.6 355.5 353.1 353.3 346.6 356.9 370.5 387.5 412.6 445.8 458.1 457.3 456.5 459.2 458
