ny/ny71_OST50GRID_20230518/NY71.asc
ncols 200
nrows 200
xllcorner 370000
yllcorner 510000
cellsize 50
[rows 0 to 34 of 200, columns 0 to 77 of 200]
173.4 174 171.3 164.1 163.4 166 169.9 172.2 173.4 171.4 167.8 162.5 155.6 147.9 147.9 155.9 150.6 151.6 151.7 152.4 154.9 157.9 160.3 162.3 166.6 168.1 168.7 168.7 168.4 165.1 164.4 169 172 174.5 172.5 171.4 173 175.2 175.4 174.7 176.9 181 180 184.5 189.1 193.4 196.9 194.2 194.7 202 205.7 206 208.6 213.2 217.1 219.5 218 217.7 219.7 219.7 220.2 222.4 224.4 224.6 223.8 223.2 223.8 224.7 225 225.9 226.9 228.5 230.5 233 237.2 240.9 244.5 247.9
172.2 172.8 171.4 163.3 162.3 165.8 169.6 172.8 174.2 173.3 170.5 164.6 155 147.3 148 155.8 157.3 155.9 150.9 154.2 156 157.5 159.7 162.2 163.6 167.2 168.8 168.9 168.7 167.6 168.2 164.9 168.5 170.9 171.5 170.8 173 174.9 175.6 177.4 177 180.4 183.5 185.1 183.7 191.4 195.9 196.6 195.1 194.8 202.2 206.1 206.7 211.9 214.9 217.9 219.5 218.4 218.1 219.7 221 222.8 224.9 226.4 224.9 223.4 223.3 224 224.8 225.7 226.9 228.1 229.6 231.1 234 237.6 242.5 246.7
167.9 170.6 171.4 163.4 159.8 163.9 167.9 172 174.2 174.3 172 167.3 160.7 146.6 147.4 154.9 157.4 158.6 159.6 157.3 155.5 157 158.3 161.4 164.2 165.6 168 170.1 170.3 169.5 168.5 166.9 166.1 169.2 168.5 170.4 171.2 173.9 175.5 177.4 176.4 178.2 183.6 186.8 186.9 185.1 192.1 195.5 194.9 194 197.2 202.4 206.2 205.8 211 214.2 217.1 218.5 218.4 218.2 219.1 221.9 224.7 227.5 228.3 227.2 224.4 224.7 225.1 225.2 226.8 227.1 229 231.5 233.4 236.6 240.7 246
168.1 169.6 169.6 165.1 158.1 160.7 165.4 169.6 171.5 173.8 172.8 168.9 162.2 149.1 146.1 155 158.2 159.7 161.3 160.5 156.2 156.7 157.5 161.5 164.2 165.9 168.8 171 171.5 172.6 170.4 169.5 167.2 167 167.8 168.4 169.9 171 173.6 177.7 176.4 176.4 182.5 187.1 188.8 189.3 186.8 191.7 193.5 192.6 193.4 197.3 200.4 200.1 208.9 209.9 211.3 215.2 217 217.1 218.1 218.7 220.4 224.3 228.4 230.5 229.7 227.8 227.7 225.6 227.6 226.9 229.3 231.9 232.9 236 239.2 244.2
167.8 167.9 168.1 166.4 158.1 158.2 161.5 165.8 169.1 170.7 171.3 169.2 164.2 151.2 145.7 151.3 156.9 158.9 161.4 161.7 159.6 156.9 156.9 158.9 162.7 165.8 167.4 170.5 173.8 174.6 173.6 172.5 171.1 169.8 168.9 168.1 168.6 169.4 171.3 174.2 178.3 176.4 177.8 183.4 187.6 190.2 189.9 187.4 190.4 192.5 191.9 193.3 194.9 198.4 203.6 210.3 213.3 213.1 212.8 214 215.4 217 217.7 220 223.3 227.8 229.8 229.5 228.9 226 225.6 227.7 228.7 231.9 234 236.1 240.8 242.4
168.3 166 164.6 166.4 157.7 156.9 158 161.3 165.2 166.7 167.4 167.8 164.1 153.8 144.5 145 155.1 157.5 160.5 161.6 162.7 158.6 157 159 158.7 163.8 165.9 168.7 172.9 175.2 174.3 175.4 173.6 171.5 170.3 168.4 168.3 168.5 169.5 171.7 176.6 180.4 181.6 182 184.3 188.4 189.5 189.3 188.6 188.6 190 190.5 191.6 192.6 197 203.9 210.3 213.1 213.9 211.7 213.1 214.4 215.8 217.3 219.7 222.6 225.1 226.3 227.5 226.3 225.8 227.1 228.4 232.6 234.2 235.6 241.2 243.8
168.7 166.2 161.5 159.3 164.6 156.7 156.7 158.1 161 163.8 165.3 165.6 164.1 155.8 144.3 144.7 147.9 155.5 158.5 161.5 161.5 160.3 162.6 162.1 158.8 161.9 164.3 168.3 172.2 173.9 175.9 176.7 175.5 173.3 170.5 169 168.2 168.7 168.5 169.5 171.9 176.5 180.3 181.1 181.3 183.1 186.6 187.6 189 188.8 188.5 188.7 189.2 189.8 192.7 196.3 203 208.5 211.9 210.8 210.6 212.1 212.5 214.8 217 219 223.1 223.7 222.7 224.3 224.7 226.5 229.5 230.5 233.5 236.7 239.4 244
169.7 167 160.2 158.1 157.8 163 157.1 157 157 160.5 163.9 163.7 163 158.6 143.8 145.1 154.1 154.4 156.6 158.8 160.9 160.9 161.6 163 162 158.7 162.9 166.2 169.3 172.4 174.9 176 175.9 174.9 171.7 168.5 168.2 168.2 168.4 169 169.8 170.9 176.2 175.8 178.5 180.3 182.7 185.2 186.2 187.2 186.8 187.3 186.9 188 187.9 191.9 195.6 200.5 205.1 207.5 207.5 210.1 210.6 211.7 213.7 218.9 224.2 225.8 223.1 224 226.4 227.1 227.7 230.8 230.3 236.2 237.8 241.1
169.7 166.5 159.3 155.2 156.8 158.1 161 158.7 155.9 155.3 159 160.3 160 156.2 143.5 142.6 151.9 154.4 155.3 156.4 157.7 159 162.6 163.6 162.9 160.1 160.4 162.8 166.7 170.6 173.2 174.7 175.2 175 172.6 169.1 168.2 168.2 168.2 169.2 169.7 170 171.4 175.9 179 178 178 180.3 182.9 183.9 185.9 185.4 184.4 183.9 184.3 184.5 188.6 194.3 197.6 200.6 199.6 205.2 206.8 207.4 211.2 215.2 221.8 225.7 224.5 224.2 228.8 230.7 233.1 234.7 232.1 234.9 238.4 242.1
167.1 164.3 156.8 151.5 153.4 158.4 160 159.8 159.3 154.8 152.6 154.8 154.7 153.5 147 142.2 143.4 151.4 153.1 154.3 157 159 161.9 163.4 163.4 162.3 162.5 163.9 165.4 168.6 171.6 172.9 173.5 173.2 172 170.6 168.4 168.2 168.7 169 169.1 169.2 169.5 170.4 175.2 178.1 177.5 176.1 171.9 173.4 181.7 183.3 183.1 182.2 181.9 182.3 184.2 187.6 190.3 193.4 194 197.8 199.1 203.2 207.8 211.7 217.4 222.1 224.6 223.7 229.1 233.1 236.4 236.5 233.4 235.2 238.3 242.2
163.6 161.5 154.8 150.2 149.4 154.8 160 160 160 160.3 154.9 150.4 148.6 147.3 143.6 142.3 142.6 147.3 150.8 152.3 154.7 157.9 159.5 161.9 163.2 163.2 161.2 164.1 165.2 166.3 169.7 172.1 173 172.2 170.9 170.3 168.7 167.4 167.8 168 167.9 168.1 169.7 169.3 169.3 169 168.5 170 171.7 171.3 172.9 174.4 180 181.9 181.6 182 184.2 184.6 186.1 187.7 189.5 192 191.7 196.4 201.9 207.5 212 216.8 220.6 223.3 224.4 230 236.7 236.9 234 235.3 237.9 240.4
163.9 158.9 153 149.6 148.2 149.9 155.7 160 156.5 161.8 160.5 157.2 154.7 153.4 153.7 150.9 141.9 142.3 152.2 151.3 152.4 153.9 155.8 159.3 161.2 162.7 163.1 162 166.3 167.9 170.1 171.9 172.4 172 170.7 168.7 167.4 167.2 166.9 167.2 166.8 166.8 167.1 167.7 167.1 169.2 170.5 175.6 176.5 176.4 171.3 173.7 177.4 179.3 179.9 181 181.7 183.7 183 183.2 187.1 188.6 189.4 190 194.4 200.6 205 209.4 213.9 217.2 220.7 224.3 231 236.3 233.7 234.5 237.2 240.3
163.9 158.8 152.9 149.9 148 147.8 150.2 154.5 156.8 154.8 159 158.7 156.8 154.6 155 156 151.2 140.8 151.3 153.3 152.8 157.8 159.2 156.3 158.9 160.6 162.6 162.7 162.6 167.1 170 172.3 173.2 172.1 170.7 168.2 166.2 166.6 166.8 166.7 166.3 166.6 167.1 166.3 170 170.6 173.3 175.2 177.2 177.1 172.5 173.8 175.4 177.4 177.9 177.6 179 179.2 182.8 187.5 188.8 190.2 195.7 197.1 192.1 191.5 193.9 197.8 204.9 211.8 215 216.3 222.3 226.5 228.1 230.7 233.9 236.7
159 156.7 152.6 151.8 148.1 148.1 148.8 149.6 152.4 152.4 153.1 154.5 155.1 154.7 154.1 155.7 155.6 141.3 142 154.5 153.5 155.2 160 162.3 157.7 155.9 159.1 160.9 162.6 163.1 167.5 171.4 174.5 173.6 171.3 167.8 166.4 166.7 166.1 165.9 165.6 166.3 166.6 166.5 169.2 171.1 173 174.4 176.3 177.2 177.2 173.5 174.5 177.1 177.5 177.1 177.5 177.7 178.5 185.8 189.2 189.4 191.7 197 200.9 201 199.3 196.1 194.2 199.3 204.5 207.7 210.8 217.5 219.9 223.5 228 232.3
151.9 149.1 148.6 147.1 147.1 149.5 149.2 151.8 154.2 155.3 153.3 151.4 152.5 152.8 153.1 152.7 153.9 139.6 140 152.4 153.4 152.5 158.1 163.8 163.6 160.6 155.6 155.6 158.1 159.5 162.3 168.9 173.8 175.9 173.6 169 166.9 166.7 166.5 166.1 165.6 165.5 166 166.8 168.5 169.9 172.3 174.9 175.9 177.3 178.7 178.8 173.3 175.2 178 175.8 176.3 175.9 177 179.3 185.8 188.6 189.3 193.4 198.8 204 206.2 204.5 197 196.1 207.6 209.6 208 209.1 213.5 216.3 220.8 224.3
148.2 147.3 147.2 145.6 146.2 147.4 148.3 150.9 153.1 157.2 157.3 153.4 151.8 153.9 152.9 152.9 152.4 147.2 139.4 142 150.9 150.8 153.1 159.4 163.8 163.5 159.3 154.7 152.6 154.3 157.9 165 171.4 176 177.2 172.5 167.9 165.9 166.2 165.6 165.1 165.2 165.2 165.8 167.3 169.5 171 173.4 175.8 177.4 178.9 180.5 179.4 174.5 175 174.7 178 180.7 180.6 177.5 180.5 185.5 187.2 190.2 195.8 202 206.2 207.5 204.1 195.9 205.8 213.5 215.8 210.8 205.9 209 213.1 216.7
144.5 146.5 147.7 146.5 145.2 145.7 146.9 148.7 151.5 156 158.7 157.2 150.7 153.9 156.1 154.1 153.6 150 138.4 138.5 151.3 152.2 150 152.5 159.9 162.7 160.5 153.9 149.4 151.2 155.3 160.6 167.2 173.3 176.5 177 172.6 166.4 164.9 165.3 164 163.9 165.5 165.7 166.6 168.2 169.5 171.9 174.2 176.5 178.8 180.4 181.9 180.2 177.4 176.2 178.8 181.6 182.9 179.5 178.1 179.1 181.2 183 190.8 197.9 203.5 206.6 207 200.2 201 206.7 213.5 215.9 208.4 206 207.5 210.2
145.5 145 147.6 149.2 148 145.4 145.4 146.3 149.5 153.6 157.3 158.8 157.3 148.1 154.3 154.4 152.4 154.2 150.3 137.5 144.4 153.2 151.8 149.7 151.6 157.5 157.5 147.9 148.1 149.2 154.9 158.3 164 169.1 174.8 177 175.8 171.2 165.5 161.7 163.9 164.8 165.8 166.2 167.2 168.2 169.3 170.5 171.9 174.3 176.8 178.6 181.4 183.2 182.4 182.3 180.9 181.8 183.3 183.6 179.7 179.4 179.8 180 183.8 192.7 200.3 204 206.3 204.9 198.2 201.4 206.1 211.5 212.6 205.8 204.9 208
138.4 143 145.4 148.8 150.1 149.3 145 144.9 146.5 149.7 153.6 156.8 156.9 155 147.1 150.1 150.2 152.8 152.2 147.8 137.3 151.2 153.1 150.7 147.2 148.6 147.4 142 139.7 140.4 144.8 153.4 152.1 156.3 170.2 174.3 175.6 174 168.2 160.9 164.1 165.7 166.3 166.5 167.5 167.8 169.5 170.6 171.4 172.7 175 177.3 180 182.1 182.6 183.4 182.9 181.6 182.9 184.3 183.6 184.4 184.4 183.6 180.4 184.2 194.1 200.2 204.5 204.8 202.3 195.8 200.2 203.5 208.3 208.6 203.8 204.2
138.4 136.9 141.1 145.6 149 151.2 149.6 146.5 143.9 146.2 149.1 152.2 155.6 155.5 152.3 146.7 147.3 146.5 149.7 145.4 137.6 146.1 149.9 148.9 145.9 141.2 139.2 145.1 148.2 153.2 147.1 145.9 146.3 147.2 163.2 170.9 173.6 173.6 171.6 166.5 160 165.1 165.6 166.4 167.6 168.3 169.3 170 170.9 172.5 173.7 175.8 178 180.2 182.2 183.1 183.6 182.6 182.1 184.1 185.9 185.4 185.5 185.6 182.9 180.7 186.6 192.2 199.5 202.8 201.3 195.4 192.4 197.8 200.1 204 204.3 201.4
137.3 136.3 137 139.9 145.8 149.1 151.3 150.3 145.2 143.3 144.2 146.7 150 152.4 152.2 149.1 146.3 145.2 141.5 143.2 137.5 137 143.8 143.8 138.9 139.1 146 148.2 151.6 156.4 163 167.7 164.2 146.6 151.9 167.7 170 171.3 170.4 169 165.4 160.9 165.1 165.4 166.2 167 165.6 168 168 168 171.7 174.4 176 178.1 180.4 182 184 183.9 182.1 183.4 186 187.9 187.5 186.5 185.1 181.1 184 189.6 194.2 198.2 196.9 193.5 189.6 192.6 195.8 197.3 200.2 200.6
136.2 135.3 135.5 136.6 139.9 145.3 149.1 149.6 147.2 142.7 139.2 141.4 143.8 145.4 146.8 147.1 146.2 146.1 144.2 138 136.9 136.9 135.5 140.4 140.1 142.3 147.9 151.3 157 156.1 162.6 170.1 168.7 161.5 144.6 151.3 157.1 165.5 169 166.9 165.8 158.2 163.8 164.5 165.1 160.8 166.3 168.3 170.8 172.4 172.9 170.9 172.1 175.6 178.4 180.8 182.7 183.8 184 182.5 183.5 185.7 188.5 189.4 187.7 182.9 181.6 184.6 191.4 194.9 194.4 191.2 188.4 187.5 192.6 198.1 197.1 195.6
136.7 135.2 134.3 134.3 136.2 139 146.7 147.9 147.4 143.3 138.7 136.2 136.6 137.2 140 144.3 144.3 143.8 146 143.6 135.2 138.3 139.3 145 147.2 147.4 149.1 151.3 159 158.3 163.3 168.8 171.4 171.3 166.8 153 153.4 156.6 152 163 164.4 163.9 157.6 164 158.2 163.7 165.4 167.4 169.7 170.9 174 174.8 176 176.2 174.3 178.8 180.9 182.5 183.5 183.8 181.7 183 185.6 188.1 188.8 189.2 184.9 182.1 185.8 191.2 193.9 191.5 186.2 185.5 186.6 193 195.5 190.5
138.8 137.2 134.4 134.4 133.9 135.4 137.8 142.9 144.7 143 138 133.9 133.1 134.6 138.5 139.9 138.6 137.8 134.1 145.7 145.9 139.3 139.6 144.5 149.3 151.3 150.5 154.5 160.6 161.6 167.5 168.2 172.9 173.7 175.3 172.7 169.4 166.5 163.3 151.5 158.1 164.2 154.5 158.7 158.2 163.8 164.5 165.4 167.7 170.8 173.7 175.5 177.4 178.1 178 176.4 176.6 180.1 181.3 182.4 182.8 181.3 182.8 185.7 189.9 192.2 191 185.9 183.1 185.8 189.5 193.2 186.2 185.4 186.4 187 188.6 191.9
142.7 140.8 138.9 134.5 133.7 133.2 134.7 136.8 138.6 140 136.5 133.1 132.4 133.7 134.3 136.8 142.3 144.9 144.8 146.5 147.9 147.2 144.3 143.5 148.6 152.5 153.5 155.5 161.4 164.3 170.6 170 174 175.4 180.7 180.3 176.8 171.8 169.1 159.3 153.2 153.7 154.5 160.5 163.3 164.3 163.8 164.6 166.2 169.6 173 175.5 177.9 179.4 180.1 180.2 180.1 179.7 178.4 180.5 181.3 180.6 181.6 186.9 192.2 196 195.7 192.8 188.8 184.3 185 189.4 185.7 185.4 185.9 187.2 189.2 194.9
149 146.9 143.4 139.7 134.8 132.8 133.6 134.8 133.7 136.2 132.8 133 133.4 137 140.1 145.7 151.2 156.7 156.1 152.9 153.4 152.1 149.4 148.2 145.9 150.3 153.7 155.9 160.8 165.9 169.2 172.3 174 178.1 182.5 186.2 184.1 179.6 175.6 172.1 164.9 156.9 154.3 158.9 161 162.4 163.6 164.2 165.1 168.2 171.7 175.4 177.7 179.8 180.9 181.3 181.3 180.9 180.1 178.6 179.2 179.8 180.3 187.4 192.9 195.7 198 197.6 193.5 188.8 183.8 184.2 184.4 184.9 186.4 186.8 187.4 192.7
154.6 152.5 148.6 144.9 139.7 134.9 132.5 132.2 133 133.3 132 133.9 139.8 141.2 142.5 147 155.4 161.5 164.2 161.8 158.7 157.8 154.4 145.7 151.3 149.8 153.8 156.7 162 165.7 169.3 172.8 176.5 178.2 183.5 189 189.1 186.1 181.4 177.3 170.6 164.3 160 155.5 155.2 160.1 162.5 163.7 164.9 166.2 170.4 174.4 177.3 179.3 181.3 182.2 182.6 181.5 180.2 180.2 179.4 179.5 178.9 183.9 191.3 195.5 195.6 196.7 197.2 190.1 183.6 183.9 183.8 187.7 192.4 192.4 189.7 188.5
159.1 158.8 156 153 146.8 139.2 133.9 131.6 132.1 132.9 135.3 138.6 143.9 147.5 147.1 147.9 152.6 161.1 165.8 166.6 165 160.8 155.7 152.8 146.7 147.4 153.8 156 160 165.3 168.8 171.9 175.2 180.6 184 188.6 190.8 189.8 188.2 183.3 177.9 171.8 165.3 161.2 158.3 156.1 160.6 162.2 164.6 165.6 167.9 173.2 176.4 178.7 180.4 181.9 182.4 181.6 180.8 180.7 180.8 180.4 179.6 179.6 185.1 192.1 195.8 195.5 195.5 192.1 183.7 183.6 184.2 190.7 195.9 197.1 196.7 192.1
155.2 160.9 163.2 160.4 155.4 145.8 138.2 132 132.4 132.6 135 137.3 143.9 149 151.9 153.9 153.1 156 163.7 167.7 167.1 162.4 156.5 152.6 147.1 146.5 151.2 155.3 156.9 162.8 167.2 170.6 175.6 178.7 183.6 187.8 190.3 191.2 190.6 189.5 186.4 181.1 174.5 167.9 162.3 158.8 158.2 161.5 164.2 165.7 166.7 170.1 175 177.3 178.8 180 181 180.9 180.8 182.3 182.7 183 181.1 179.8 179.9 184.6 190.1 194.6 194.8 192 185.1 183.1 188 192.2 194.3 197.2 198.2 196.5
152.1 156.7 162.3 167.7 163.9 157.1 145.5 134 132.1 131.4 132.6 136.6 141.5 149 155.7 158.8 158.9 155.2 158.3 163.9 166.2 160.7 153.7 148.8 145.5 146.4 148.8 154.6 157.7 158.3 164.5 169.5 174.4 179 182.3 185.8 190.1 191.1 191.2 190.9 189.2 185.6 180.9 175.9 168.6 163.5 160.3 159.4 162.8 165.4 167.4 168.7 172.6 175.3 177.2 178.8 179.4 180 180.6 182.7 185.2 186.4 185.2 181.6 179.9 180.5 181.9 185.5 190.2 189.4 185.5 183.2 187.8 191.8 194.8 196.5 197.3 196.6
148.6 152.9 157.3 162.2 166.1 161.3 154.2 143.2 133.4 132 130 132.4 138.8 142.9 157.2 161 162.6 161.2 157.2 158.1 160.6 158.1 151 146 143.2 144.4 147 150.7 154.6 158.5 159.1 164.5 171.6 176.2 180.6 185.5 188.2 189.4 190.1 189.9 189.3 187.1 183.9 179.8 175.6 169.9 164 160 159.7 162.9 164.1 168.5 169.6 172.9 175.2 176.6 177.8 178.6 179.3 182.1 185.6 188 188.6 185.9 182.2 180.3 181 180.6 181.1 182.5 184.2 183.6 184.8 189.5 194.6 197.1 197.3 196.8
144.9 147.2 152 155.5 159.6 158.8 155.4 148.7 140.7 132.7 131.2 131 133.1 141.3 148.9 157.4 162.8 164.3 163.3 159.7 156.5 154 150.1 144 141.4 142.4 147.3 150.3 155.8 158.6 160.8 159.8 165.1 172 176.5 180.4 185.9 186.1 186.9 188.9 188.7 187.6 184.6 181.5 177.5 173.8 169.5 164.4 160.4 160.2 163.3 166.2 168.1 170.7 172.8 174.2 175.6 177.2 178.3 179.8 182.5 187.8 191.3 192.6 190.4 186 183.4 181.3 181.5 184.8 189 189 184.7 184.1 189.7 193.9 197.2 197.7
144.7 144.6 145.4 147.1 149.5 151.7 151 147.1 141.8 136 132.9 131.4 131.6 134.8 143.7 150 156.3 162.2 164.4 164.5 161.8 158.3 153.7 147.8 140.6 140.4 143.8 148.4 152.3 157.7 159.3 161.6 159.8 164.8 169.4 176.7 181.2 184.7 186.3 186.7 187.7 187.9 185.2 182.5 178.9 175.8 172.5 168.1 163.9 160.4 160.8 162.7 165.3 169.3 170.5 171.3 172.1 174.9 177.1 177.7 180 183.3 188.4 193.4 195.5 192.3 189.6 190.4 190 189.3 189.6 190.8 192.7 190.5 184.5 187.5 192.1 195.1
142.4 146.4 144.9 143.3 144.7 147.1 144.5 141.3 137.9 135.1 133.4 129.5 130.4 131 134.9 141.9 149.5 154.3 159.6 163 163.3 161.1 157.4 151.6 144.7 138.8 140.4 145.1 149.6 153.6 157.7 160.6 161.6 159.5 163.6 167.5 175.5 178 185.6 187.3 188 187.7 186.6 184.3 180.7 176.6 173.5 171.1 167.8 162.7 161.4 161.1 161.7 164.7 166.4 164.9 168.9 172.2 175.4 175.9 176.7 179 182.1 188.6 193.8 195.5 193.6 196.2 197.1 195.6 192.7 189.9 192.5 193 190.6 184.1 184.1 186.8
139.1 145.9 147.1 145.1 142.3 143.7 141.7 137.8 135.4 132.2 130.6 131.1 130.8 131.2 131 132.5 141.1 146.9 151.3 156.8 161 160.6 158.3 152.9 145.5 138.9 138 140.2 145.1 149.5 155.2 158.1 159.9 160 158.7 161.7 164.9 173.7 180.3 185.5 188.6 188.7 188 186.4 182.2 178.1 174.4 171.1 168 165.4 162.3 162.2 161.2 161.5 162.7 165.5 171 172.7 172.3 172.4 172.9 175.7 177.6 181.5 188 193.5 194.9 195.8 198.5 199.3 197 192.6 189.4 190.4 191.4 190.3 183.5 185.7
