ny/ny80_OST50GRID_20230518/NY80.asc
ncols 200
nrows 200
xllcorner 380000
yllcorner 500000
cellsize 50
[rows 140 to 174 of 200, columns 0 to 77 of 200]
591.3 610.8 631 637.7 636.6 635.7 634.1 631.4 626.9 618.4 610.7 603 599.2 599 592.6 583 570.9 562.8 570.9 575.9 579.5 573.7 565 559.4 556.2 557.2 553.3 547.3 540.4 537.7 533.6 528.3 522.3 514.6 506 503 497.3 493.6 485.1 478.1 474.3 471.6 470.5 467.4 465.2 461.8 457.8 453.7 448 443.4 440 437.5 437.6 438.3 444.3 452.1 456.8 459.9 465.8 474.5 481.8 487.6 492.7 498.6 502.4 504.5 504.5 504.2 506.1 507.9 508.5 508.3 508.9 508.1 506.9 506.9 504.5 500.6
604.1 627.5 639.4 638.5 637.1 635.8 634.5 630.8 627.2 618.8 610.1 602 598 597.3 585.7 573.4 578.8 589 591.8 592.5 591.6 589.2 576 571.9 565.2 562.5 557.4 551.5 546.1 543.4 540.5 535 528.7 522.4 513.1 503.8 503.1 497.6 490.2 480.3 477.5 474.9 472 467.1 463.7 461.6 459.1 456.6 455.1 452.7 450.5 447.9 442.7 435.8 436 442.4 445.3 456.5 459.6 465.5 473.8 479.3 485 493.4 499.1 501.8 498.8 496.3 495.8 498.4 504.9 507.6 507.4 507.8 508.3 507.1 504.4 500.4
616.8 638.9 640.3 639 637.4 636.2 634.2 630.9 626.4 615.6 607.4 601.1 598.5 592.8 586.8 580.5 592.3 595.2 594.7 594.7 595.9 595.3 590.7 582.5 576.7 570.4 563.9 556.8 551.8 548.5 543.7 540.3 532.8 526.7 517.8 508 504.8 500.1 492 485.2 480.6 476.7 471.9 466.9 462.8 460.3 458 456.3 455.3 454.4 452.1 450 446.8 441.2 436 434.1 441.2 450.4 454.2 460.3 466.9 472.9 479 484.3 485.7 484.6 486.1 493.1 500.8 504.8 507.4 507.8 508 509.4 508.9 506.9 503.5 500.4
628.4 641.6 640.9 639.6 638.2 636.4 633.8 630.6 626.6 618.9 607.4 603.7 602.8 595.2 581.1 592.6 595.6 597.4 597.5 598.6 597.1 597.9 596.3 592.7 585.6 576.1 568.6 562.8 557 551 549.1 544.4 537.7 530.3 521.3 513.7 507.1 503.5 497.9 490.6 483.4 477.9 472.7 467.7 463.2 459.3 457.6 456.6 455.2 452.9 450.2 448 447.5 448.3 446.2 433.8 438.7 448 452.6 456.1 458.9 466.8 471.5 474.1 482.2 490.6 495 497.8 499.9 502.5 504.5 507.2 507.3 508.2 507.6 503.9 500.5 497.1
639.5 641.9 641.2 639.8 638.5 637 634.2 631.1 627.6 622.3 612.2 611 605.3 597.1 589.4 595.5 599.9 603 605.2 608.5 609.4 607.1 604.9 601.4 593.5 583.7 576.2 569.1 562.7 557 552.4 547.5 541.7 534.9 525.9 516.7 509.9 507.4 501.8 495.8 488.9 481.4 474.9 471.1 466.9 460.4 458 457 456.3 454.2 451.1 446.3 447.8 448 446.3 438.8 432 446.2 452.4 452.7 448.5 452 468.6 475.6 482.2 486.4 489.3 493.1 496.5 499.2 501.5 503.4 505.6 504.3 502.7 500.1 498.5 496.1
641.8 642.5 641.6 640.6 639.2 637.5 634.6 631.7 629.4 624.5 620.1 612.7 609.5 599.2 597.7 608.9 613.8 617.4 619.6 621.8 622.8 622.1 616.4 608.6 600.6 594 583.2 576.3 566.3 559.5 554.9 550.4 543.7 538.5 530 521.5 514.3 509.2 502.8 496.2 489.4 482.6 478.1 473.3 468.1 461.6 458.6 458 456.7 454.9 451.1 449.5 445.7 441.2 439.1 434.9 431.5 442.3 446.1 446.5 443.3 457 464.2 470.3 475.3 478.8 482.8 485.9 494.2 497.5 499.7 501 501.9 501.1 499.8 498.3 498 494.7
642.8 643.3 642.7 641.4 639.7 638 635.2 632.8 630.5 627 623.9 621.2 616.7 604 611.8 614.9 619 620.2 621.7 623.9 625.3 626.1 624.2 616 608.8 600 593.2 584.5 571.8 564.6 558.2 551.7 546.3 541.7 532.7 526.8 519.2 511 505.3 499.8 493.8 486.9 478.1 473.2 467.6 462 459 457.5 456.6 455.9 455 454.8 453.1 450.1 446 439.1 432.9 430.8 439.4 439.5 443.2 452.5 459.4 465.1 470.1 474.3 478.3 482.7 491 492.6 497.9 499.3 499.6 499.5 498.5 498.2 496.9 492.4
644 644.4 643.7 642.4 640.6 638.7 636.3 634.6 631.1 629 626.4 622.9 620.1 615.5 618.9 620.3 620.9 621.5 623 625.1 626.3 627.5 628.3 622.1 614.4 605.6 597.8 587.4 576.6 567.7 560.1 554 549.3 544.5 538.8 531.9 524.9 517.8 509.6 502.6 496 489.2 484 478.2 470.5 462.9 458.1 456.1 455.3 455.4 455 454.7 454.9 454.2 451.9 445.7 438.6 429.9 430.5 438 445 448.5 452.2 459.2 466.7 471.6 476 480.3 487.9 493.8 496.8 498.1 497.8 497.7 497.6 496.8 494.5 490.4
644.8 645.1 644.5 643.3 641.6 639.6 637.6 635 632.9 629.6 627.3 624.2 622.4 620.9 621.7 621.6 622.1 624.3 624.1 625.5 626 627.9 629.5 625.7 616.9 607.9 600.5 589.6 578 569.1 563.4 557.2 552 546.9 541.1 534.9 527 519 513.2 506.7 500.9 495.4 490.1 483.6 475.1 465.4 460.9 455.5 453 451.9 451.1 452.2 454.7 455.7 453.8 449.3 440.9 435.3 428.3 441.1 446.9 446.8 448.2 453.4 462 469 473.7 478.4 484.2 490 492.5 494.2 495.8 496.2 496.1 495.5 493.5 490.7
645.3 645.6 645.1 644 642.5 640.6 638.7 637 634.2 632.9 628.6 624.4 622.9 623.8 623.6 622.7 624.6 624.9 626.2 627.1 627 628.4 629.5 627.2 618.2 609.9 602.9 592.6 581.6 572 564.9 559.2 553.2 546.3 540.4 533.7 526.5 521.4 515.4 508.1 501.3 497.1 492.4 486.3 478.7 471.7 465.3 460.5 452.9 450.1 448.8 449.7 451.1 451.6 449.6 447.1 442.5 435.4 427.2 437.4 440.8 442.9 445.1 448.8 458 465.7 471.4 476.5 480.4 484.6 486.4 492.3 494.2 494.8 494.1 493.7 494.5 496.7
645.2 645.4 645 644.6 643.2 641.5 640 637.6 635.4 632 628 625.3 623.4 624.7 624 624.2 625.1 624.6 627.3 628.9 629.8 630.8 630.5 627.9 621.2 611.6 603 592 582.6 572.5 565.2 559.2 551.8 544.1 537.7 532 526 520 513.8 508.5 502.4 496.5 492.7 488.8 483.9 478.7 469.7 461.4 453 448.8 446.7 445.1 443.5 443.2 443.3 443.3 442.5 436.2 425.4 427.1 432 439.1 441.6 442.6 449.9 461.1 470.1 474.6 478.5 480.9 482.9 488.3 491.6 492.7 493.9 495.6 498.7 501.1
645.4 645.9 645.1 644.7 644.1 642.5 640.5 638.9 636 632.2 628.8 628.6 625.3 624.8 624.9 626.1 625.9 625.6 628.1 630.3 630.9 630.4 630.6 630.9 627.2 614.8 604.4 595.8 586.2 576.6 568.1 560.2 553.2 545.3 538 531.4 525.7 519.6 509.7 503.2 494.5 490 488.7 488.9 485.6 480.8 472.8 460.4 455.8 451.1 445.6 440.5 436.5 435.9 437.9 439 438.6 437.2 428.4 424.1 421.9 433.1 437 440 445.1 453.3 467.5 471.6 474.1 476.4 478.5 481.9 487.4 487.7 492.7 496.9 501.5 504.1
647.3 648.9 647.8 646.2 644.7 643.5 641.5 639.4 636.7 633.2 632.5 631.4 629.4 627.7 627.5 626.7 626.2 627.2 629.6 631.1 630.6 629.7 630.4 630.9 628.7 618.8 608.4 598.5 588.2 579.7 569.5 561.1 553.7 547.6 540.8 534.5 528.7 521.9 514.3 507.2 504.7 498.6 488.8 481.2 482.1 475.8 470.7 469.9 464.8 458.2 451.9 445 439.4 435.9 433.1 433.1 432.5 431.6 430 424.8 421.4 423.2 430.5 432.3 435.4 445.6 458.7 464.7 469 471.9 475.3 478.1 479.8 485.2 491.3 497.1 503 504.8
649.9 651.4 651.4 649.8 647.6 645.6 643.1 640.6 638.9 637.5 635.4 634.9 631.8 632.6 632.4 629.5 628.4 629.4 629.9 630.5 630.5 629.9 629.9 629.3 628.1 622.3 610.3 602.1 592.3 582.9 573.8 565 556.6 549.5 542.3 534.9 528.4 521.7 516.2 514.2 509 501.3 490.8 483.5 477.6 479 479.4 475.6 469.6 462.7 455.7 448.3 441.9 436.5 433.4 432.2 430.9 429.1 430.3 432.7 428.6 419.9 420.2 425 427.8 437.3 445.7 458.3 464.7 468.6 471.7 473.7 476.6 482.1 491.1 497.8 502.7 505
651.3 653 652.4 651.6 649.4 648.1 645 643.2 641.8 640 638.1 636.5 633.8 636.2 635.8 634.6 633.4 633 632 631.7 630.6 628.9 627.9 627.8 627.9 623.8 614.2 606.4 596.7 585.1 574.5 563.1 554.6 548.5 541.8 535.1 527.9 524.4 519.6 514.7 510 501.1 493.3 484.2 482.1 482.3 480.8 476.8 471.6 465.5 459.3 452.4 445 439 436 433.9 436.1 438.9 440 438.7 433.8 427.1 417.8 417.4 419.4 426.1 434.2 447.8 459.1 463.8 467 469.4 473.8 481.3 490.6 497.3 502.3 506.9
650.4 653.1 652.4 651.5 650.5 648.8 647.2 645.5 643.8 642.3 639.7 638.4 637 638.3 638.4 637.8 636.8 635 634.2 634.8 630.9 628.9 628.3 627.2 627.1 624.3 614.7 606.6 595.4 584.3 576.1 568.8 556.7 550.7 542.9 535.1 529.2 525.6 522 516.9 510.5 502.6 493.7 485.5 481.5 479.7 477.1 474.3 470 460.6 451.8 448.6 445.7 440.5 437.4 436 440.5 443.2 442.6 440.3 436.5 431.5 426.2 421.9 417.3 417.7 425.7 437.4 448.5 455 462.3 466.4 470.4 477.7 488.7 495.2 502.3 507.1
649.7 653.5 653.3 652.8 651.3 649.8 648.1 645.9 644.6 644 641.6 640.7 639.7 640.9 640.2 640.1 638.8 637.3 635.6 634.6 631.7 629.8 628.6 627 622.3 617.9 609.5 607.2 599.5 590.5 580.4 571.3 562.3 553.6 547.3 538.7 530.5 523.5 519.1 513.8 507.7 500.6 493.8 486.5 481.2 475.9 470.6 471.9 470.5 468.4 466 458.9 450.4 443.4 439.3 438.2 442.5 442.4 441.5 439.4 440.4 442 441.7 436.1 431.9 416.2 414.2 426.1 439.9 449.8 455.7 459.8 466.3 472.4 482.3 489.3 497.4 503.7
650.6 653.8 654.8 653.7 652.8 651.7 649.6 648.3 646.7 645.5 644.1 643.3 643.4 642.7 642.8 641.9 639.8 639 636.6 634.9 632.6 631.6 630.1 628.6 626.7 623.9 618 611 601.5 590.4 580.2 571.2 563.1 555.1 547.8 540 531 523.3 517.5 511.2 504.5 495.9 488.6 489.5 485.6 481.7 478.6 477.6 476.5 473.3 468.7 462.8 456 449.3 442.9 440.6 443.7 442.3 439.1 440.2 440.1 439.5 439.9 439.3 439 437.6 432.3 415.3 427.5 438.3 445.8 451.2 458.8 465.5 471.6 482.8 493.1 498.3
650.7 652.7 655.9 655.1 654 653.3 651.9 651.1 648.7 646.7 645.2 644.6 644.1 643.1 642.6 641.9 641.7 639.9 636.7 634.6 633.9 633.6 632.5 630.4 627.2 624.2 618.7 610.4 599.8 590.5 581.6 570.5 563.7 556 548.1 539.4 530.2 523.7 513 511.6 505.7 500.2 497.5 494.9 491.9 486.8 481.4 478.4 475.7 472.9 468.8 464.2 459.7 454.5 451.1 449.1 445.4 441.3 437.4 435 433.2 435.5 436.7 437.9 438.7 438.5 434.9 424.1 412.6 426 432.1 441.2 447.2 453.4 462 478.8 488.7 495.6
652.7 653.8 655.8 656 655.5 654.8 653.5 652.2 650.2 647.6 646.3 645.9 645.7 643.5 643.1 643.3 642.5 640.2 637.6 635.5 634.5 635 632.6 630.7 628 624.7 618.5 609.3 597.7 588.9 579.7 569.9 562.4 554.4 546.4 538.4 528.4 520.5 520.4 517.7 509.9 502.4 499 497.1 493.8 488.3 480.7 476 470.1 469.5 466.2 462.4 459.4 456.6 453.2 450.8 447.2 441.8 438.6 435.9 433.2 433.6 434.8 434.3 433.7 428.6 414.9 408 408.4 409.2 412.3 424.3 438.3 443.8 451 461 472.5 486.9
655.1 656.1 657.1 657.3 656.9 654.7 652.5 650.8 649.5 647.6 647.1 647.4 645.3 644.5 643.5 644.1 642.7 640.5 638.2 636 634.9 634.4 633 631.1 628.7 625.5 618.2 607.9 596 587.6 577.8 570.5 562 549.6 541.7 534.9 533.3 531 526.3 520.7 513.6 503.7 497.8 494.4 491.8 489 485.5 479.8 472.3 465.6 463.7 461.8 459.4 457.1 455.7 454.1 450 444.2 438.9 435.4 433.4 432.1 426.9 414 410.4 413.9 419.8 428.6 423.5 407.5 407.2 412 420.4 435.2 441.7 449.5 462.5 468.6
656.4 657.8 658.2 658.3 659 657.4 654.3 652.7 651.1 647.7 647.1 646.4 646.3 645.3 644.2 643.6 642.3 640.5 638.8 636.9 635.3 635.2 633.8 631.7 629 624.2 614.4 602.2 593.1 584.7 575.7 566.7 564 559.1 550.4 543.7 539.1 533.4 527.9 522.4 515.9 509 503.8 498.7 495.3 491.3 486.5 480.8 471.7 466.5 463.3 461.6 460.8 460.5 460.4 457.7 453 445.9 439.6 436.4 434.4 426.4 416.7 433.6 436.4 438.1 438.7 435.9 432 422.2 407.6 403.9 406.4 420.3 431.4 439.1 446.8 460.6
658.8 659 659.5 660.1 661.5 660.5 658.7 658 654.6 650.2 647.8 647.3 648.5 646 645.3 643.3 642.3 640.9 639.3 637.6 635.7 635.2 634.6 632.2 628.4 621.7 609.9 599.4 588.6 581 579.1 575 568.4 561.4 555.5 548.5 541.8 535.7 530.5 525.7 518.9 512.8 507.8 504 501.4 497.4 492.1 484 474.9 468.7 466.2 463.3 464 464.7 463.1 459.3 454.5 447.9 441.1 436.9 433.5 423.8 434.4 438.3 440.4 440.5 438.2 434.8 433.6 431.8 417.5 404.8 402.8 405.7 417.6 431.7 436.8 449.3
660.3 661.5 662.5 662.4 662.8 660.9 659.7 658.7 656.5 653.6 651.7 648.6 647.3 646.5 645.7 644.4 642.6 640.3 638.7 637 635.3 634.7 634.1 633.1 629.8 618.6 603.6 599.9 596.4 591.3 585.6 579.3 572.9 567.6 560.8 552.4 545.1 539.2 533.7 527.1 520.6 515 510.8 508.5 506.1 502.3 496.3 488.3 480.4 474.6 469.7 467.4 466.5 466.5 465 461.8 458 452.5 445.5 438 434.1 433.9 436.2 439.3 441.6 440.7 437.3 432.8 431.3 428.8 423.3 412.2 403.2 402.8 402.7 414.8 429.5 442
661.4 663.2 664.5 665.4 665.2 663.7 661.6 660.1 659.1 657.4 653.7 650.4 648 648.2 646.4 645 642.5 640.5 639.4 636.7 635.1 635.2 634.4 633.5 631.5 625.1 618.3 611.2 601.9 598.1 591.4 584.7 579 572.2 565.3 557.9 550.6 542.7 535.5 528.2 520.6 514.5 511.7 510.2 507.6 504 498.9 493 486.3 480.1 476.5 473.1 469.7 468.7 467.1 463.9 460.1 455.5 449 441.2 436.1 421.5 437.9 441.2 443.1 441.9 438.5 432.5 428.6 423.7 417.9 414.5 408.5 404.3 401.4 400.3 416 428.8
669.5 664.8 667.5 668.9 668.7 667.6 664.9 660.1 660.1 657 655.5 651.1 649.4 648.1 647 646 644 642.2 641.1 638.6 635.2 634.3 634.8 634.5 633.3 630.7 624.6 616.8 608.6 601.6 594.2 590.4 583.7 575.6 568 559.3 552.8 544.7 537 529.4 522.6 515.9 510.4 507.2 506.3 503.3 498.7 493 486.9 482.5 479 475.4 471.6 468.7 465.8 463.1 459.6 456.1 451.2 445.3 437.4 430.2 441.2 444.2 445.2 444.2 441.4 436.7 430.6 428.1 422.5 418.5 412.4 408.4 404.6 400.4 402.9 418
673.1 670.3 670.9 672.6 675.4 672.6 669.1 664.2 661.9 659.5 656.5 652.8 649.5 648.9 649.4 646.8 645 644.4 642.6 639.3 636.8 634.3 636.1 634.8 633.4 632.1 627.2 619.7 612 605.4 600.8 594.2 586.3 577.7 569.2 561.2 552.2 544.9 539 530.7 524 517.8 512.9 508.2 504.9 499.8 497.1 491.7 485.6 482.5 478.2 473.6 469.9 467.2 464.2 461 457.8 454.9 450.9 445.8 438.4 435.3 442.1 444.3 444.9 443.7 441.7 439.1 437.7 434.7 430.4 425 418.6 413.1 409.8 404.6 399.3 404.3
671.9 672.5 673.1 674.9 676 676.3 673.9 672.4 668 661.3 659.7 657.4 652.8 650.5 649.5 650 647.5 645.4 642.9 639.3 635.7 634.6 635.3 635 633.5 632.3 628.9 622.4 615.7 609 601.8 593 585.7 577 570 562.6 554.8 546.5 538.6 531.2 524.3 518.4 512.5 505.6 501.8 494.7 491.6 487.5 480.9 476.9 473.8 471.8 468.5 465.2 462.4 459.5 455.9 452.7 448.1 443.4 441.2 431.1 438.4 443.6 444 443 443.4 442.6 440.2 435.6 428.7 426.3 422.3 418.8 415.6 410.5 401.9 395.8
673.3 673.7 675.3 677.4 678.5 680 678.3 676.5 667.8 663.5 660.4 658.4 657.2 654.1 650 650.9 648.3 646.2 643.6 640.3 637.3 635.3 634.3 634.2 633.7 632.9 630.8 622 614.2 608 600.5 593 584.8 576.8 569.6 562 554.2 546.5 538.4 532.5 525.4 517.4 511.2 501.6 496.1 499 494.8 486.4 478.9 471.7 469.9 469.3 467.9 464.6 461.5 460.1 457.2 452.5 448.1 444 441.1 440.2 434.6 443.3 445.1 444.8 444.2 443.1 439.5 437.3 435.2 432.3 428.6 424.3 421.5 414.5 405.6 402
671.7 674.2 676.6 679.6 682.2 681.4 680.4 679.2 676 671.2 664.1 660.3 657.8 654.5 650.7 650.6 649.6 647.2 643.6 642 638.8 636 634.9 634.2 634.2 633.5 629 622.1 614.4 606.4 599.4 592.2 583.3 575.4 569.5 562.4 554.9 546.1 539.2 533 525.6 519.1 513.7 505.5 505.1 503.3 498 489.6 482.5 474.9 470.1 467.8 465.9 465.1 462.7 460.5 456.4 454.9 451.9 446.5 443.3 435 439.1 448.2 449.2 447.9 446.1 443.4 443.1 442.7 441.3 438.9 434.4 428.4 419.8 421.8 417.4 413.3
671.3 672 676.4 682.3 687.1 685.7 684.3 683.3 681.7 677.3 670.8 663.7 657.9 652.6 650.9 649.5 648.3 646.8 644.3 641.5 638.5 636.6 635.5 635.2 634.4 632.8 627.8 620.4 611.9 603.8 597.6 589.5 580.1 573.1 567.7 561.3 554.3 545.1 538.1 530.3 524.7 519.6 514.8 508.3 508.6 505.2 499.3 492.8 485.8 480.6 476.1 470.9 466.6 463.1 461 460.9 461 458.3 453.8 448.6 438.6 437 444.7 451.6 451.2 448.5 446.2 448.3 450.1 450.1 448.1 442.9 435.2 428.3 431.6 428.8 425.5 419.7
669.3 674.2 680.6 688.4 693.4 693.6 693.3 689.7 685.9 681.2 676.3 669.8 660.1 658.3 655.1 652.6 651.1 648.2 644.7 641.4 638.8 637 635.9 634.9 633.5 631.3 628 622 613.4 603.9 597.5 589.3 579.8 572.4 566.4 561.2 555.5 545.6 536.8 531.7 525.2 519.3 514.2 511.3 508.4 504 497.9 492.3 488.1 484.7 480.1 473.3 466.4 465.5 464.5 464.8 463 459.5 454.8 445.8 438.8 440.3 449.3 452.3 451 448.8 450.9 454.9 457 455.2 451 442.9 431 439.2 436.9 433.2 431 427.9
669.3 676 685 692.4 700.4 701.2 695.6 692.8 686.6 682.5 677.8 671.7 666.3 664.8 660.2 656.4 652.6 649.7 646.8 642.6 637.7 635.9 635 634.4 633.5 631.7 629.8 620.1 609.2 602.2 594.6 584.8 578.2 572 566.2 560.9 553.4 543.4 536 529.9 523.7 518 513.4 509 505.7 500.5 495 490.7 485.9 483.3 478.6 473.8 469 466.3 465.3 464.9 462 457.2 451.5 440.4 441 444 449.9 451.5 450.8 450.6 454.3 459.4 460.7 458.5 454 444.8 435.4 441.7 438.9 438.7 435.5 434.1
669.1 680.8 689.3 697.5 706.9 706.9 697.7 693.4 687.5 682.9 678.1 673.2 669.2 667.1 662.4 659.1 655 651.6 647.4 642.3 636.7 634.1 633.9 632.5 632.4 630.2 623 613.7 605.8 599.5 590.6 581.7 576 570.4 564.4 558.6 550.4 539.3 532.5 526.8 520 515.1 509.4 509.5 503.4 497 488.8 482.6 481.7 481 478.3 474.8 469.7 464.7 461.7 459.3 456.1 448.4 443.6 440.7 448.4 449.6 453.4 453.6 452.3 452.4 457.1 461.9 464 461.9 456.6 449.7 441.7 440.6 444.5 443.5 441.6 439.4
669.4 683.9 695.6 705 708.6 704.6 697 690.5 685.8 681.3 675.6 671.4 665.8 664.7 662.7 658.2 653.6 649.6 645.3 640.6 635.4 632.7 631.2 629.8 629.6 626.3 616.2 608.1 603.3 596.4 587.4 580.1 574.2 567.2 560.9 555.5 544.4 535.2 530.5 525 518.1 513.5 509.1 502.7 499.9 494.7 489.5 483.4 476.6 477.1 474.8 469.8 462.2 454.3 451.7 449.4 448.4 446.3 442.4 451.2 456.1 456.3 455.9 455 454.8 456.8 460.7 464.6 466.2 465.6 462.1 456.5 449 441.3 448.1 447.2 445.9 443.8
