ny/ny80_OST50GRID_20230518/NY80.asc
ncols 200
nrows 200
xllcorner 380000
yllcorner 500000
cellsize 50
[rows 105 to 139 of 200, columns 78 to 155 of 200]
558 552.1 545.2 540.4 534.6 529 522.2 513.7 504.7 494.2 487.4 481.7 464.3 455 457.6 470.1 483.7 493 500.1 508.2 517.8 528.1 536.8 545.9 555.7 560 560.9 562.9 566.4 568.9 568.7 569.5 569.2 571.8 573.3 572.3 571.2 569.6 567.1 564.6 560.6 553.1 544.7 541.6 537.4 531.9 520.1 511.8 503.6 464.8 463.7 477 451.8 474.1 499.7 505.9 511.8 515.6 519.7 523.2 525.8 528.8 531.2 533.9 535.9 534.5 536.4 537.9 537.8 535.1 530.8 526.7 522.6 520.6 518.4 515.5 512.3 507.9
557.1 551.3 546.8 540.7 535.3 529 521.1 511.1 500.8 493.5 487.5 477.3 462.3 452 456 470.6 486 493.9 500.8 507.2 513.2 522.6 532 540.1 551.5 556.1 557.8 560.1 561.3 562.3 564 565.8 567.4 569.3 569.4 568.6 567.9 566.4 565 562.3 556.6 549.1 543.8 538.6 535 524 513.8 504.6 494.1 486.8 460.7 454.2 462.7 483.2 499.7 509.1 516.6 521.5 525.1 527.8 531.4 534.8 538.3 540.8 540.2 539.8 542.3 542.1 539.9 535.5 531.1 525.3 521.2 518.5 517.1 514.9 511.7 506.6
557.7 552.6 547.1 541.6 531.4 525.1 517.7 508.9 499.5 490.3 481 478.6 460.3 453.1 450.4 466.4 486.7 493.4 499 503.6 510.9 520.1 530 535.8 542.8 552.3 556.4 556.8 556.2 556.3 558.7 562.8 564.8 565 563.7 562.9 562.3 560.9 560.2 558.1 551.2 545.9 541.7 537.6 528.8 518.5 510.3 496.5 488.9 480.7 457.8 453.4 472.7 488.9 501.5 512.8 521 526.5 530.7 535.1 540.7 543.2 544.9 545.5 543.2 544.4 545 543.9 540.4 535.6 530.7 523.1 520 517.6 514.8 512.5 509 499.2
557.4 552.7 548.2 542.8 534.8 525.6 516 505.9 499.4 493.1 484.5 474.2 459.6 449.6 452.2 469 482.9 489.2 494.6 499.6 507.8 518 529.8 535 538.2 546.5 550.8 553.1 553.5 553.7 554.9 558.4 560.4 559.9 556.6 555.8 556 555.8 555.6 552.6 546.3 542 538.5 531.9 521.9 515.5 502.3 493.3 484.7 473.5 451.5 455.6 473.7 488.7 502.8 514.2 524 528.8 533.2 538.5 541.7 543.9 545.2 546.1 546.6 547.2 546.8 542.6 538.2 534.5 528.3 521.1 518.5 515.9 513.1 509.2 494.6 488.8
557.8 554.2 548.9 542.2 532.9 522.2 513.3 505.5 497.9 488.3 481.6 470.8 457.1 449.5 448.9 462.5 477.2 481.6 490.1 495.1 501.1 513.2 521.5 527.8 533.5 538.5 544.1 547.7 551.8 554.1 555.6 557.2 557.5 553 550.6 551.1 551.9 551.4 550.1 545.6 541.2 538.1 534.5 525.4 519.3 507.7 498.6 490.4 481.4 470.7 444.9 453.9 473.4 489.6 507.2 515.8 524.4 529.1 533.9 539 541.3 543.6 546.2 547.6 548.1 548.2 544.2 539.7 536.5 533.2 522.3 517.5 516 514.3 511.4 509.2 502.5 476.3
557.5 554 549.1 540.5 530.4 519.4 504.4 498.6 489 475.3 467.3 469.7 469.6 450.8 445.8 459.2 470.6 476.1 485.7 491.8 496.4 504.2 513.7 522.8 528 534.1 542.7 548.2 553.5 554.5 556.5 556.4 555.3 548.2 547.8 548.3 547.5 546.9 544.7 541.6 537.7 533.3 527.5 522.9 513.9 503.4 495.7 487.5 474.4 465.4 445 447.8 465.7 487.1 506.3 515.2 522.1 528.6 533.9 539 541.1 543.5 546 548.1 547.9 543.7 540.7 538.4 535.3 527.7 519.3 518.2 515.6 514 511.6 511.6 504.8 495.1
555.2 552.5 546.8 536.1 527.1 512.2 498.3 491.4 486.7 494.4 486.1 478.7 464.6 452.1 446.1 444.6 461.6 467.9 480.8 488.3 494.2 500.5 509 518.8 525.1 533 542.3 548.9 552.5 555 555.3 553.9 547.1 544.7 545.9 544.6 543.2 541.8 539.9 537.8 533.4 527.7 524.8 519.4 509.9 500.4 492.2 479.5 470.5 461.7 439.5 450.9 473.4 481.9 505 514.9 521.6 528.6 532.4 537 539.2 541.5 544.5 545.4 542 540.6 538.3 538.5 533.9 523 520 517.2 513.8 513.7 514.2 512.2 505 496.5
552.3 547.7 540.9 533.1 523 506.7 513 512.1 505.2 498.5 489.3 481.4 468.7 458.4 449.3 444.2 444.8 457.8 476 484.6 488.4 496.9 507.5 515.6 523.9 533.5 541.8 546.7 549.7 553.2 549.5 545.5 543.9 543 542 540.9 539.6 537.4 535.6 533.2 528.6 526.7 523.4 516.7 505.2 493.5 482.9 476.4 466.6 453.2 439.4 452.9 468.7 487.6 505.5 515.4 521.5 526.7 530.4 532.2 535 538.2 540.9 540.5 539.8 539.4 538.9 537.8 526.8 522.1 519.4 516.1 516 515.5 515.2 511.2 503.4 494.7
546.3 532.4 527.5 526 514.9 520.2 521.8 515 510.1 500.9 490.5 482.7 467 456.9 449.4 443.1 442.3 454.4 467.9 477.4 486.3 496.3 502.1 513.5 522.3 532.3 538.6 542.6 545.9 544.6 543.6 541.6 540.5 539.5 538.8 537.1 535.6 534.3 531.4 527.4 526.7 524.8 520.9 510.9 497 485.6 478.2 470.8 461.9 446.5 431.8 461 470.9 486 503.6 513.7 518.9 524.9 527.1 528.6 531.6 534.8 536.7 538.1 537.7 538.9 538.5 532.6 525.1 522.4 519.9 516.5 517.2 516.7 514.2 509 502.4 493.1
548.2 542.4 535.4 527.9 531.9 531 526.1 521.9 511.9 502.2 491.1 480.4 469.8 458.2 450.1 441.2 441.9 449.7 457.1 475.2 484.3 492.9 496.5 512.9 519.9 529.1 533.8 537.6 540.2 540.3 538.5 538 536.4 536.4 536.5 535.1 532.9 529.4 527 524.2 523.6 521.6 514.7 503 485.7 477.5 472.5 468.1 449.6 436.1 447.3 463.1 472 486.3 501.7 512.7 516.4 521.6 524.4 526.3 531 532.9 533.7 536.2 537.9 537.6 536.3 529.1 524.6 522.7 521.2 519.5 519.5 517.9 515.1 509.6 500.7 492.9
547.7 542.3 537.5 538.3 538.3 535.8 532.6 527.9 515.3 499.7 494.5 481.7 471.1 458.8 452.1 443.6 438.8 440.3 452 474.3 480.3 486.4 491.7 504.3 517.6 525 529.9 534.2 535.9 535.6 534.8 535.2 534.2 533.3 533.4 531.8 528.3 525.2 522.8 521.7 520.6 516.3 504.7 492.3 481.7 473.4 468.3 457.2 449.7 428.2 447.6 464.5 472.1 488.1 503 512.2 514.5 516.3 519.8 523 529.4 533.7 534.8 536.1 537.5 538.2 534.2 527.2 524.2 521.3 521.8 521.2 520 519.7 516.1 509.3 500.9 490.6
547.4 543.4 543.3 544.9 543 541.1 539 532.2 521.4 500.9 493.8 484.9 473.1 460.8 451.4 443.6 438.2 439.2 452.6 467.3 477.8 481.4 490.7 499 513.8 519.2 526.8 531 532.2 531.7 531.5 532 531 529.7 529.3 528 524.6 521.9 520 518.1 516.2 506.6 495.7 481.9 474.5 468.7 460.9 446 442.1 426.3 452.9 466.3 477.1 489.4 505.5 510.9 511.3 511.7 513.2 520.6 528.5 533.6 536.2 536 538 539.1 531 526.4 523.2 521.9 522.6 522.1 520.7 518.6 516.8 510.2 500.8 489.2
547.9 547.6 548.7 548.1 546.3 544.6 540 533.8 524.3 507.8 497 490.8 480 465.5 455.7 443 437.1 435.7 446 457.5 469.8 476.5 483.7 493.6 511.9 518.4 525 528.4 529.1 526.8 525.1 527.4 526.3 524.2 524.2 523.1 521.6 519.3 517.4 515.6 508.3 496 483.9 473.6 468.9 465.5 456 437.2 423.9 441.7 459.2 467.4 478.3 490 505.2 509 507.5 507.8 511 517.7 525.6 531.9 535.4 537.3 538.1 536.2 529.4 525.9 522.8 523.2 523.4 523.2 521.6 519.6 517 510 498.8 488.2
550 550.4 549.9 548.5 546.1 542.5 538.2 533.9 526.3 516 498.7 493.3 484.9 471.4 461.6 452.1 437 435.6 442.4 452.3 469.1 479.2 485.9 494.3 505.7 517.1 523.9 526.2 525.3 522.9 519.7 520.3 521 520.6 520.8 520 518.3 517 515.5 509.9 494.5 488.1 474.6 470.1 462.5 455.2 447.5 433.6 423.7 449.5 458.6 466 477.3 488 500.7 505 495.6 506.9 511.6 519 525.4 530 532.6 535.7 537.1 531.2 527.7 524.6 523.6 523.6 523.7 523.3 522.1 520.2 516.3 506.6 495.8 486.8
549.7 549.1 548.1 546 543.2 540.1 536.4 532.5 527.4 517.6 504.7 495.3 487.3 476.8 468.6 459.6 442.5 433.8 436.9 444.7 463.2 473.5 481.3 492 502.7 513 519.1 521.4 522.3 520.3 518.2 517.3 518.5 518.3 518.3 517.2 516.3 514.5 511.2 501.2 490.6 477.4 470.8 463.8 455.6 449.4 438.3 429.4 425.2 448.4 456.4 463.9 473.3 483 491.8 471.5 485.6 504.8 514.6 522.9 528.2 529.8 529.6 531.5 532.1 528.4 525.7 523.8 522.8 522.6 522.2 521.9 521.5 521.5 515 503.6 492.7 484.5
547 546.3 544.3 542.4 540.2 537 534.1 529.8 526.1 518.6 508.2 497.2 489.8 481.9 475 465.1 451.6 434.2 434 441.1 449.6 471.1 478.7 485.9 492.9 507.1 511.5 514.4 516.4 515.5 514.9 514.2 515.9 515.8 515.6 515.1 513.6 510.4 501.4 495 485.5 474 470.5 454.8 448.2 442.6 436.5 419.4 423 444.4 452.5 461.8 466.2 469.8 466.3 468.1 486.3 504.2 512.6 522.3 523.7 524.3 525.1 526.3 526.6 525.2 524 522.3 521.4 520.9 520.6 519.8 520.7 520.8 511.9 499.5 490.7 484.9
543.5 542.2 540.3 538.4 536 534.3 531.2 528.3 524.4 517.6 507.1 499.3 491.7 484.4 477.5 468.3 460.8 442.1 435.7 430.2 442.5 459.6 470.4 481.8 489.9 498.1 506.5 509.7 511.8 512.3 512 512.2 512 512.4 512.8 512.1 509.5 502.6 495.9 479.6 473.7 466.8 462.7 451.6 442.2 434.2 430.6 418.3 425 438.6 446.8 447.6 457 457.7 459.1 480 495.1 502.5 509.2 516.9 520.4 521.7 522.7 523.1 523 522.3 521.8 519.9 519 519.2 518.9 519.9 519.4 517.8 506.4 496.1 489.7 484.7
539.8 537.6 535.7 534 531.9 530.2 527.8 524.7 520 514.1 505.3 498.7 490.4 484.6 478 471.3 464 455.6 443.3 431.2 431.6 447.7 466.7 473.4 480 487.2 493.3 506.6 508.3 509.8 509.8 507.9 507.2 509.5 510.1 507 501.3 492.9 481.6 477 467.7 458.8 456.1 444.7 436.5 429.6 425.1 416.6 423.3 429.9 429.5 450.7 453.1 463.2 469.7 486.1 491.6 497.3 502.9 512.1 517.4 519.5 519.9 519.1 517.8 518.9 518.4 517.2 517.3 517.7 518.4 518.8 518.5 513.6 502.6 495.2 488.7 482.5
533 532.5 531.3 529.3 527.2 525.4 522.5 519.4 515.8 510.7 503.2 495.7 490 483.7 476.6 470.4 463.3 454.1 440.3 428.9 432.5 440.7 459.4 470.1 470.9 483.6 484.4 498 503.7 506.1 505.9 503.6 498.8 504.5 501.3 496.2 491.4 477.4 469.5 469.6 462.7 457.3 443 435.1 431.5 428.3 419.6 415.4 421.9 426.5 441 452.5 462 470.5 478.1 484.2 487.8 494.1 498.6 505.9 510.9 513.8 515.4 513.9 514.8 515.8 515.1 515.5 516 516.2 517.6 517.6 516.2 509.1 502.1 495.6 488 479.2
531.1 525.3 526.1 524.7 521.4 518.3 515.7 512.9 508.8 505.1 498.4 493.4 488.3 480.9 473.3 467 460.6 452.4 442.8 426.7 429.4 434.5 441.5 456.7 465.8 472.1 476.6 481.8 494.2 496.6 494.1 484.1 479.6 486.4 493.8 489.4 477.3 474.5 467.3 461.5 458.1 450.5 440.4 432.4 426.2 424.6 415.2 414.8 418.4 428 442.7 453.1 462 470.8 477.3 479.8 482.2 488.4 495.1 502.1 506.6 509.1 510.1 511.5 512.3 512.8 513.1 514.7 515.4 515.5 517 517.3 514.4 507.7 501.5 493.9 486.8 479.1
530.5 526.5 518 519.5 516.6 512.7 509.5 506 501.8 497.6 493.9 490 484.5 468.5 462.5 461.9 456 449.1 439.7 428.8 425.6 427.9 433.3 440.3 455.6 464.7 466.2 472.1 478.2 483 478.1 470.3 472 480 481.3 478.1 474.5 467.9 462.9 456 449.1 442.5 433.5 428 424.2 419.6 412.1 411.9 417.5 430.7 443.2 452.4 461.5 468.4 472.1 473.2 478.4 483 492.2 499.5 503 504.1 505.9 508.8 509.4 511.2 512.6 513.6 513.7 514.2 515.2 515 512.4 507.4 501.9 495.4 488 479.2
527.9 525 521 515.5 509.2 508.3 503.7 500.1 494.4 492.2 488.2 484.8 478.2 462.5 452.8 444.2 441 440.3 444.7 436.9 427.9 424.6 423 433.8 443.5 455.2 459.8 467.6 467.8 470.4 469.1 463.2 464.6 471.1 472.3 471.4 469.2 466 462.4 458.1 451.3 441.1 432.5 426.9 425.4 423 411.1 412 419.8 431.9 441.1 449.2 451.7 462.1 466.7 470.9 475.5 481.2 490 496.9 500.2 500 504 507.3 508.1 510 509.7 512.3 512.9 513.7 514.6 514.8 511.8 507.5 503.2 495 485.8 478.5
526.3 523.1 518.3 513.7 511.1 505 497.3 492.6 488.1 484.1 480.3 478.8 470.5 455.2 465.9 465.1 461.6 458.9 452.5 444.8 434.5 425.5 423.5 424.9 431.2 440.3 450.4 455.8 462.5 461.4 465.5 458.8 460.3 464.1 467 466.2 464 462.9 460.7 456 449.6 440.5 432.6 430.4 428.5 422.7 414.9 409.9 420.7 428.6 436.6 442.7 450.2 453.8 463.1 467.9 472.1 478.6 484 490.2 486.8 491.9 502.9 505.5 505.7 509 510.4 511.3 512.2 512.5 513 513.6 510.2 504.2 499.4 492.3 485.2 479.2
524.3 521.8 518.7 515.1 510 503.8 497.6 492.2 478.1 474.1 468.2 468.3 459.5 470.5 471.2 468.2 465.5 461.7 459.2 452.9 441.8 430.1 422.9 421.9 424.1 427.2 439.5 446.5 450 452.4 457.5 453.9 456.8 459.7 461.8 460.7 459.1 457.6 455.8 451.5 446.3 440.2 436.1 434.4 430.5 422.1 412.5 407.7 416.6 420.7 428.5 431.1 445.8 453.9 459.4 463.8 468.5 474 476.5 472.3 480.6 497.5 501.8 504.2 504.8 507.3 509.9 510.9 511.4 511.8 511.6 511.8 510.6 508 504.7 496.2 487.5 479.4
524.6 521.8 518.4 513 507.1 502.2 496.6 492.9 490 486.4 476.4 479.8 478.5 476.3 473 470.1 467.2 464.8 462.2 458.3 449.2 437.9 428.6 420.7 420.1 421.7 423.5 432.6 441.5 445.5 443.4 442.4 453.8 456.1 456.7 455.5 453.4 451.9 449.7 446.8 443 438.8 435.4 431.7 427.5 420.3 412.3 407.4 410.9 416 429 436.9 444.8 449.6 454.7 459.2 464.1 467.4 464.8 470.4 485.4 495.2 498.8 502.5 504.6 505.7 507.9 509.4 510.3 510.4 510.1 511.3 511.4 508.3 503.4 496 487.6 479.3
523.6 520.9 516.3 511.2 505.7 501.5 497.4 494 490.6 487.1 485.7 483.2 480 476.7 474 470.7 469.2 467 464.4 460.8 453.4 448.4 439.3 431.4 421 418.2 419.3 420.3 422.8 425.9 425.7 445 447.8 449.9 449.3 448.8 447.3 445.4 443.7 441.4 438.1 433.7 431.6 427.8 423.5 416.6 408.4 399.7 409.6 416.1 423.5 434.3 440.2 443.4 448.9 453.3 457.5 454.7 467.5 476.2 489.6 493.2 495 500 501.1 502.8 505.3 506.4 508.7 508.8 509 509.7 509.9 506.8 502.2 495.8 488.4 481.1
521.9 518.9 514.7 509.2 505.6 501.7 498.1 494.5 491.8 489.9 486.6 482.9 479.2 476.2 475.1 473 470.2 467.9 464.9 461.6 458.5 453.2 450.6 443 432.7 424.5 418 415.7 417.7 416.4 419.5 428.8 442.4 443 442.2 440.4 439.6 439.6 438.1 436.2 432.4 428.6 425.1 422.3 416.8 408.5 404.4 397 408.2 411.9 418.7 427.9 434.3 438.5 442.7 443.8 446.9 460.2 466.7 478.7 490 477.3 491.4 496.4 497.4 501.6 502.5 505.2 506.9 507.4 507.1 508 507.3 505 500.9 495.1 488 480.9
520.7 517.3 513.5 509 505.5 501.7 499.3 497.3 494.1 490.5 486 481.3 478.6 477.2 475.5 473.4 471.3 468.8 466.3 464 460.7 458.5 454.8 449.5 443 436.3 434.6 427.5 421.1 418.6 415.7 416.8 422.1 432.8 433.2 433.8 432.3 432.8 430.8 428.3 425.4 421 418.3 415.4 408.1 403.4 400.2 398.2 404.1 409.6 415.3 422.1 425.8 436 433.5 442.3 452.2 458.1 465 472.7 470.8 466.7 482.7 494.4 496.6 500.4 502.2 502.9 504.7 504.9 504.1 504.9 504.3 503 499.1 493.7 488.1 480.1
519.2 515.8 512.3 509 505.5 503.5 500.5 498.1 494.1 488.7 483.7 480.7 479.2 477.4 475.7 473.7 471.3 468.8 466.4 464 460 455.9 451.1 446.4 442.2 439.8 437.3 433.7 429.6 421.6 417.3 415.4 413.6 414.9 415.6 420.5 421.1 425.3 423.5 422.1 419 416.7 410.8 406.3 401 397.6 397.4 396.8 400 405 412.5 417.6 422.7 420.9 435.2 442.3 448.5 453.9 452.4 457.1 468.8 484.4 488.6 492 495.8 500.3 499.6 499.3 501.5 502.7 502.8 501.4 500.7 500.3 497.1 492.9 486.9 475.3
517.2 513.9 510.9 508.7 507 503.7 500.1 497.1 491.7 486.3 483.4 481.6 480.2 478.1 475.2 471.8 468.8 466 462.5 458.9 454.5 450.5 446.5 441.7 441.1 440.9 438.6 434.4 428.7 420.4 417.6 416.6 414.4 411.7 411.8 406.7 411.4 413.8 412.7 410.9 410 407.4 403.6 401 398.7 397.9 397.2 396.3 395.8 398.8 408.8 410.7 418.7 426.4 432.2 439 440.6 446.4 456.6 467 476.1 478.5 480.6 489.9 495.6 498.8 496.9 497 501.2 501 499.8 497.9 497.8 496.8 494.6 490.8 483.3 474.1
516 514.3 512 509.6 505.9 501.9 497.8 493.2 488.9 485.8 483.6 481.7 479.1 475.5 472.5 468.2 463.6 461.1 457.7 453.4 449.7 446.4 439.2 438 439.6 438.5 434.2 428 421.4 419.4 418.5 417.6 416.5 415.3 414 412.6 410.8 404.9 406.7 406.2 405.3 403.2 401.6 400.3 399.6 398.5 397.8 397.1 395.4 396.7 405.6 411.5 418.6 424.2 426.8 433 440.4 448.7 456.2 461.8 465.5 474.7 487.2 491.2 494.4 494.8 495 496.4 501.3 498.6 496.8 494.2 494.5 493.7 492.3 488.6 480.4 473.4
514.6 513.1 510.5 506.8 502.9 498.7 494.6 490.8 487.9 485.3 482.6 479.3 476.1 472.2 466.7 462.8 458.8 455.7 452.3 448.3 444 440.3 436 435.1 434.9 432.4 427.3 423.9 424.4 423 420.5 419.1 418.4 418 419.2 420.3 416.9 408.3 404.3 405.4 403.7 402.9 401.1 401 398.6 399.5 398.7 397.4 395.4 394.1 407.8 414.9 420.1 424.7 429.2 433.6 438.6 444.1 448.8 454.4 468.5 481.1 486 490.2 492.4 492.8 493 494.7 496.8 495.3 494 491.2 491 490.9 489.7 484.7 477.5 474.7
511.6 509.6 506.3 503.2 500.3 497.7 493.4 489.4 486.3 483.4 478.4 474.4 471.1 467.7 463.8 459.9 456.3 452.2 449.1 445.7 440.5 437.2 435 433.8 431.9 430.5 430.9 430.5 429.6 428 425.1 422.7 422.1 422.3 423.3 419.7 411 405.9 404.9 405 402.5 405.7 406.1 405.7 407.5 405.1 404.4 403.4 396.3 393.9 402.4 414.6 421.4 425.1 428.5 432.5 436.3 443.3 453.2 465.1 474.2 479.2 481.3 485.7 488.4 489.2 489.1 491.1 491.7 491.4 490.3 489.1 487.9 488.2 486.3 481.4 477.5 476.4
508 505.3 502.7 501.2 499.2 495.2 489.8 486.1 483 478.8 474.5 470.5 466.5 459.9 456.3 455.1 453.1 450.2 447.1 443.8 440.1 436.9 435.9 435.2 435.6 435.7 435.1 433.8 430.6 427.9 424 423.1 423.2 423.2 418.9 411.8 407.2 413.8 412.6 407.9 413.1 415 414.4 416.3 412.4 409.1 405.9 402.7 396.3 393 398.7 410.7 419 422.2 427.4 430.6 435 443.4 452.9 463.7 471 474.7 479.9 483.3 483.9 483.1 481.9 482.1 486.1 486.7 486.6 486 485.1 485.7 482.8 479.6 478 477.1
503.6 502.1 501.2 499.7 496.3 491.8 487 481 477.9 473.6 470 466.2 459 454 452.2 449.9 449 446.4 442.8 439.5 435.5 434.4 435.7 436.7 437.4 436.9 434.1 430.7 427.4 423 418.7 419.9 419.9 415.7 410 410.8 411.3 417.3 418.7 419.3 421.2 422.8 425.1 420.3 414.7 410.5 405.8 394.2 388.9 394.2 403.5 409.7 421.7 426.5 429.5 431.6 434.5 442.4 450.7 453.6 465 468.5 480.7 483.3 482.3 480.2 477.6 480.4 482.4 482.4 483.9 484.1 483.7 482.9 481 479.6 478.5 476.4
