ny/ny80_OST50GRID_20230518/NY80.asc
ncols 200
nrows 200
xllcorner 380000
yllcorner 500000
cellsize 50
[rows 70 to 104 of 200, columns 0 to 77 of 200]
364.9 369.1 369.1 369.5 371.3 376.5 372.6 360.2 352.9 350.9 358.3 369.1 378.7 390 402 413.8 430 443.6 460.6 476.1 487.2 494.2 498.9 506.1 512.2 517.5 524.5 530.8 535.3 539.1 544.5 552.1 560.4 565.4 571 575.1 580.2 584.8 585.8 592.8 600.1 607 617.4 619.9 625.1 636.3 645.1 645.2 651.3 653.8 648.6 648.3 647.4 643.3 637.5 633.4 625.8 619.7 614.2 611.1 610.8 609.2 609.6 608.6 605.6 606.9 607.6 608.2 608.5 608.2 607.1 605.3 603.1 600.1 597.1 595.3 591.5 587.7
373.8 375.2 373.2 372.5 374.7 382.4 382.1 372 366.3 359.7 357.3 357.4 370.2 376.9 390 402.5 415.2 432.2 447.6 459.7 478.7 488.7 498.6 504.1 506 516.7 524.2 530.2 534.7 538.5 545.2 552.6 560.4 567.2 573 578.3 584.2 587.8 589.9 596.2 599.6 605.9 617.9 621.8 628.7 641.5 647.4 645.4 654.2 655.1 653.2 653.4 652.4 648.5 642.8 635.6 626.6 620.2 616.6 614.9 616.3 615.3 612.5 608.8 610.2 610.4 609.7 609.3 608 605.5 604.2 603.1 601 598 593.2 589 587 585.2
380.2 381.8 379.1 379.3 382.4 386.7 387.1 381.6 373.6 371.3 373.7 365.8 359.1 364.8 371.5 389.5 403 416.9 432.5 448.2 468.1 485.1 497.2 503.8 507.3 517.8 523.2 528.8 533.8 538.2 549.3 559.2 565.2 569.1 573.9 578.7 584.6 588.3 592.7 599.9 605.8 608.8 616.1 622.6 629.2 642.3 647.6 648.1 654.1 656 654.6 654.6 653.4 649.6 644.6 638.2 630.2 623.7 619.7 617.5 617 617.9 615.8 614.1 613.7 611.4 610.8 608.2 604.9 602.2 601.6 600 593.5 587.7 582.7 579 577.5 578.2
386.3 386.7 386 388.5 391.2 392 390.5 386 380.8 380.7 384.1 380.5 373.4 369.9 369.9 377.1 389.6 404.3 418.7 435.9 454.4 476.4 492.1 501.7 507.7 517.8 522.5 527.7 532.8 540.8 552.5 561.4 567 569.9 574.2 577.9 583.4 587.9 593.7 602.2 611.2 620.3 620.1 624.3 630.5 640 648 649 652.7 655.9 655.4 655.4 654.3 650.1 645.6 639.4 633.3 626.4 623.3 618 617.5 617.7 616.3 617.7 615.8 613.2 609.5 605.7 602.7 599.3 597.1 593.4 596.1 596.9 593.9 589.8 581.5 566.5
391.2 393.4 395.6 396.7 398 397.2 394.9 392.2 388.3 388 392.9 387.2 384.3 376 383 371.4 388.6 399.3 410.2 426.8 444.6 463.7 481.3 495 505.9 516.8 521.3 526.7 532.3 541.1 553.7 560.2 566.9 570.2 574.4 577.3 585.8 590.6 595.7 604.6 616.2 621 623.4 624.7 631.4 639.7 648.1 650.3 653 656.8 657.2 656.6 657.1 652.2 646.7 642 635.6 628.8 623.1 619.2 619.9 618.6 617.1 617.3 615.5 612.2 608 603.2 601.6 600.5 600.2 601.2 599.3 595.8 591.5 585 569 575.7
398.6 402.2 403.3 404.2 404.5 402.5 400.3 399.8 395.3 396.2 400.8 397.3 390.6 386.7 388.1 384.5 380.7 393.6 404.6 417.1 432.8 450 466.1 489.9 498.6 507.3 519.2 525.6 531.5 536.2 543.3 555.8 565.5 570.4 573.5 577.1 584.4 590.1 596.5 604.2 612.5 621 626.1 626.9 631.3 638.9 646 649.8 652.7 658.4 659.4 656.7 658.3 655.8 650.8 644.8 637.5 630.1 623.2 620.9 620.1 619.5 619.4 618.2 614.9 611 607.3 604.7 603.3 602.4 602.2 600.7 597.8 594.1 585.3 575 582.5 582.2
407.1 409.4 410.5 410.9 410 407.9 407.4 406.8 402.9 403 406.6 404.8 398.6 396.3 396.5 395 381.9 383 400.6 409.1 422.4 429.6 446.3 475.8 499.5 512.3 522.5 527.7 531.5 541.4 551.9 561.2 568.3 571.7 574 577.3 586.1 589.2 594.6 603.1 610.3 620.9 627.9 628.8 631.4 637.6 643.8 648.4 651.7 657.4 660.6 658.3 658.7 656.9 652.7 647.9 642.4 633.1 625.5 623.6 622.4 621.8 620.6 617.8 614.1 611.2 608.5 607.2 605.7 603.2 601.2 598.4 594.2 583.1 584.7 589.2 585.5 583.1
412.8 414.2 416.5 415.6 415.1 414.1 414.4 413.3 409.4 407.9 412.3 411 408.8 405.9 407 405.8 396.2 382.4 390.4 399.4 415 435.3 454.9 476.4 500.6 515.4 522.9 527.5 533 544.1 550.2 561.3 569 573 575.5 578.3 583.1 587.9 594.8 599.5 605.9 619.6 626.4 629.4 632.3 635.5 642.8 649.7 649.8 654.4 661.2 660.6 659.3 656.6 653.8 651.4 645.5 635.8 628.1 626.5 625 623.1 620.3 617.7 614.2 612.3 611.8 609.4 605.1 599.3 595.9 593.2 594.2 595.3 594 590.9 587.6 583.4
418.3 420.4 421.8 421 420.1 420 421.1 419.3 415 413.1 416.2 415.5 414.2 412.9 412.8 411.2 408.3 390.1 392 401.3 412.2 434.5 456.8 486.3 501.6 513 521.8 527.3 533.9 545.2 555.2 562.8 569.8 573.7 574.8 577.4 581 588.4 596.6 603.1 611 621.9 628.6 630.1 632.3 636.5 642.7 649.1 649.5 653.1 658.6 661.1 659.7 657.1 654.8 652.6 645.7 636.8 632.7 629.7 626 623 619.5 618.3 616.8 615.6 613.1 609.1 605.6 603.4 601.2 600.6 599.5 597.8 594.9 591.6 587.6 583.5
423.8 425.9 425.6 425.8 425.3 425.9 426.3 424.4 420.4 417.5 419.9 420 418.6 417.2 415.4 409.6 405.7 397.9 389.2 397.9 408.7 427.8 452.7 481.1 501.7 510.1 520.6 527.5 534 545.2 556.6 564.4 570.2 574.1 576.7 579.5 585.2 589.8 596.4 605.6 614.2 623.4 631 631.4 632.7 637.8 643.9 650.9 649.4 649.7 654.6 660.3 659.4 657.1 654.6 650.4 643.2 637.4 635 631.4 627.7 623.5 619.3 619.8 618.8 616.1 612.1 610.2 608.3 605.5 602.9 604.4 602.1 598.9 595.8 591 588 585.8
429.6 429.9 429.1 430.2 431.4 432.4 431.2 428.4 424 421.2 424.9 423.9 422.3 421.2 419.8 413.8 408.1 402.3 391.5 396.6 407.6 421.3 446.3 469.7 497.5 506.6 518.7 526.2 532.1 542 553.9 563.6 568.9 573.2 577 580 584.4 590.9 596.9 604.9 613.4 623.3 630.3 631.5 633.6 637.3 642.7 651.2 649.9 650.7 652.2 656.2 658.4 657.6 654.7 649.2 643.5 640 636.8 632.6 627.1 623.7 621.8 620.1 617.9 614.2 613.8 613.1 610.4 608.9 609.1 607.6 604.6 599.9 598.1 593.6 590.3 586.1
435.1 431.9 431.5 434 438.2 438.6 435.5 432 425.8 420.3 423.7 425.2 426.7 427.1 426.6 420.4 414.2 404.4 393.7 397.3 404.1 416 436.3 458.5 484.6 501 511.7 522.6 528.9 533.7 546.4 562.2 569.4 573.2 576.9 580.4 586.5 592.9 597.5 602.8 608.7 619.7 629.2 631.7 632.2 635.6 641.5 649.6 650.9 650.5 651.6 652.2 654.6 655.6 652.6 647.9 643.3 639.4 634.3 627.9 626.2 623.5 621.7 618.6 614.2 617.2 617.3 615.1 614.3 613.7 611.9 608.8 606 602 599.2 595.1 590.3 585.5
436 433.7 435.5 439.6 445 444.6 439.6 434.8 426.9 422.5 422.6 425.6 433.6 436.2 436.5 432.7 423.6 411.5 395.2 399 405.7 414.5 423.4 443.3 461.1 489.3 503.7 516.7 525.4 534.2 549.6 561.7 569.5 573.8 577.8 580.7 586.4 594.5 599.4 604 611.1 619.7 629.4 632.8 630.7 633.5 639.1 647.2 651.5 650.7 650.8 648.7 648.6 651.4 650.4 646.7 642.1 635 629.1 631.2 627.4 625.7 624.2 622.7 621.4 620.5 617 616.6 618.5 616.8 614 610.7 606.4 602.1 598.1 594.6 590.5 586.9
437.4 436.6 440 445.9 452 450.6 444 437.5 431.2 424.8 431.8 438.6 445.2 453.3 449.7 440.3 433.1 415.9 396.5 400.2 405.9 420 438.4 450.9 450.7 475.5 496.6 510.1 521.5 531.5 549.2 560.9 567.5 573.4 578.5 581 584.9 590.3 600.1 605.8 612 618.7 628.1 632.4 630.6 631.2 634.8 642.4 650.2 652.6 651.4 647.5 648.4 645.8 647.3 644.3 634.2 636.3 635.8 633 628.7 627.4 626.7 624.9 622.5 620.6 619.8 621.7 620.9 618.4 615.4 610.6 605.1 600.3 598 594.2 590.6 587.2
440.6 442.3 445.9 452.4 458.4 457.9 452.9 447.4 447.8 442.7 446.1 451.6 456.7 459.1 456.5 448.3 440.8 424.6 404.5 400.1 408 424 449.6 470.5 487 471.8 489.3 505.7 517.4 527.9 544.9 558.8 566.5 570.7 575.3 580.6 583.5 586.7 596.5 606.4 611.8 615.7 620.7 628.6 629.4 631.3 634.8 638.2 646.3 651.7 652.5 650.3 647.3 645.4 642.5 640.6 640.2 641.1 637.2 632.8 630.4 629.6 627.8 626 622.7 620.4 624 624.2 622 618.4 613.6 607.9 603.7 601.1 598.1 593.9 590.6 587.6
446.1 447.9 451.2 458.2 464.3 466 466.7 464 463 463 462.2 463.7 466.5 466.1 462.8 455.4 450.9 433.2 412.6 401.7 410.3 431 457.7 483.5 497.9 497.7 496.8 504.6 513.1 523.7 537.7 555.1 563.9 569.3 574.5 579.5 582.2 586 593.7 604.2 609.1 613.2 621.5 629.6 633 633.3 632.8 637.4 640.8 647.5 652.5 652.9 650.2 647.9 644.9 645.1 643.2 640.7 636.8 634.8 633.8 631.9 628.3 627.2 624.7 626 627.4 626.7 623.1 617.9 613.4 609.1 606 601.9 597.8 594.3 591.9 587.8
450.2 452.2 456.3 465 471.3 475 478.2 477.5 476.5 480.3 483.2 482 479.4 480 479.3 466.7 457.1 443.4 419.8 404.8 411.3 432.9 461 496.5 505 505.2 504.3 499.3 511.7 518.2 527 542.5 552.7 564.3 570 575.1 579.8 583.1 588.7 598.6 608.8 613.5 624.1 633.8 636.3 635.2 635.6 636.6 638.7 643.3 649.1 654 651.6 649.2 647.8 646.4 644.4 640.8 638 637.9 637 634.4 631.6 630.5 628.6 629 629.8 627.8 623.5 619.8 615.7 612.1 607.8 601.9 599.6 596.8 592.7 589.5
454.1 457.2 461.1 468.6 477.3 485.8 496 494 493 497.7 502.3 499.8 497.6 494.2 490.9 481.7 469.4 451.1 428.6 408.8 411.5 433.3 458.5 495.1 509.5 507.9 510.4 505.5 512.4 517.7 523.3 531.6 538.2 556.4 568.3 573.5 577.8 582.2 589.7 600.3 606.3 610.6 619.3 631.1 636.2 637.8 639.5 640.4 640.8 642.4 646 650.8 652.7 651.2 648.6 646 642.7 642.1 642.1 641.7 639.8 634.1 635 631.2 632.2 633.1 630.9 627.4 623.5 620.3 615.8 612.9 607.6 605.8 602.2 598 593.3 589.6
457.5 460.8 465.9 473.5 486.2 500.3 507.4 508.6 513.9 522.8 517.1 514.9 510 502 495.5 489 479.5 462.5 437.2 418.1 411.2 425.6 449.8 477 510.2 511 512.6 512.7 512.7 516.5 522.5 533.7 546 560.4 568.2 574.3 576.9 581.3 587.9 598 604.4 608.3 614.9 625.9 633.7 638.7 641.7 642.8 643.4 644.8 643.8 647.2 649.8 650.6 649.9 648.8 647.1 644.8 644.9 644 639.8 637.7 636.7 635.4 636.1 634.5 631.3 627.3 623.8 620.2 616.9 613.5 611.9 608.5 603.8 599.8 594.7 589.7
459.5 463.8 469.8 481.4 498.1 512.2 518.8 528.1 533.9 529.1 524.3 519 512.8 505.5 498 491.6 486 477 449.8 430.6 418.9 418.2 438.6 464.9 500.1 513.2 516.5 516.8 515.9 520.4 524 533.7 552.5 561.2 568.1 576.5 578.5 582.3 591.2 596.3 602.4 606.7 611.6 620.3 630.8 633.8 639.5 641.7 641.4 641.6 644.5 644.9 647 648.8 651.5 652.6 651.4 649.3 648 645.4 643 643.1 640.8 638.9 635.9 633.3 629.4 626.5 622.5 620.9 619.4 617.2 613.8 608.5 604.4 599.4 595.3 589
458.7 465.5 477.2 491.3 509.9 521.8 533.5 537.7 537 531.7 526.9 521.3 514.7 508.3 500 494 489.4 485.3 469.1 443.8 429.1 418.8 431.8 450.6 483.3 508.2 518.4 522.4 522.4 524.7 527.2 533.5 549.1 560.1 568.4 575.2 578 581.6 590.2 594.1 599 604.9 609.7 614.4 621.7 629.3 636.5 637.7 640.8 641.8 647 646.8 649 648.4 651.5 656 655.5 653.9 652.4 649.4 648.3 646.4 644.3 641.9 638.5 634.3 630.2 625.7 622.9 621 620.4 618 613.5 609 604.8 600.1 595 589.5
458.3 468.7 483.7 500.2 518.4 535.7 544.5 542.9 538.9 533.2 528 523.7 517.1 510.3 502.9 496.4 493.9 494 491.3 469.1 443.9 431.3 428.5 444.9 472.8 504 514.1 522.2 525.9 528.4 531.5 535.6 543.4 556.6 566.5 574.8 577 578.6 585.6 590.8 597.8 602.6 604.8 612.7 625.7 635.6 637.2 639.9 643.7 646.9 649.9 650.6 650.3 653.7 653.6 655.2 656.8 656.5 655.3 653.7 652.5 648.8 645.2 642.6 638.9 635.3 629.8 625.5 622.6 621.3 620.3 616.5 612.1 609 603 598.2 593.8 589.4
458.5 471 487.6 507.2 524 542.3 545.4 542.7 539.4 534.4 529.5 525 518.3 511.9 506.9 503 500.2 498.2 497.3 495.5 472.1 447.9 432.2 447.6 484.7 501.8 511.2 521.8 527.1 528.8 531.9 535.9 541.3 551.2 560.4 570.2 574.4 575.5 581.4 592.2 598.6 601.9 605.2 611.6 623.4 633.3 637.9 642 645 647.1 650.3 650 650.7 653.9 654.7 655.6 657.2 657.9 657.6 656.3 653.7 648.5 643.2 640.9 638.6 635.1 630 626.4 623.7 620.5 618.4 615.8 612.4 607.9 602.7 596.9 591.4 588.6
455.1 467.9 487.3 508.6 528.7 542.5 545.2 542.3 539.4 535.3 531 526.4 519.6 514.9 511.6 507.6 504.6 502.2 502 500.3 497.8 470.3 448 448.2 493.3 501.9 509.5 521.4 525.5 528 530.1 532.9 538.8 545.4 554.5 564.7 570.4 572.8 577 586.1 591.8 598.8 604.2 609.8 625.8 632.6 635.2 640.4 642.1 644.8 648.1 648.5 649.5 653.1 654.4 656.6 657.8 659.6 658.8 656.3 653 646.6 640.4 636.9 634.7 631.3 628.2 626.3 622.5 618.8 616.2 614 610.5 607.2 601.9 595.7 590.5 586.9
451.2 460.6 477.5 500 523 541.4 544.5 541.7 538.9 536.3 532.8 528.3 522.2 518.4 515.1 510.9 508.2 505.1 504.5 503.8 502.5 499.4 474.4 451.1 475.9 499.6 506.1 518.6 522.6 525.7 527.5 530 532.9 537.9 547.3 556.7 563.2 568.5 570.2 574.2 585.4 594.9 601.9 607.4 613.4 619.2 633.7 638.2 641.6 646.4 649.9 649.4 650.4 651.6 654.7 656.9 657.9 658.3 656.1 654.9 651.1 644.9 638.5 634.9 631 628.4 627.1 623.4 620.1 616 614.4 611 608.2 603.9 599.4 595.7 592.2 586.4
447 451.8 466.4 484.4 506.5 532.9 541.7 541.1 538.2 536.3 532.4 529.5 524.8 520.4 517.5 513.7 511.7 509.7 507.6 505.2 504.2 502.6 498 483.6 460.3 499.4 504.4 511 519.2 522.6 525.9 528.1 530.8 534.2 539.6 547.7 558 564.3 565.4 568.7 576.3 589.3 597.2 602.6 608.4 619.5 627.7 625.6 638.5 644.9 649.6 648.8 649 650.7 653.7 656.1 657.9 656.7 655.3 651.9 647.2 642.7 636.9 632.9 630.4 627.7 623.1 619.3 617 614.9 611.1 608.3 606.2 601.9 600 595 591.2 585.4
440.4 443.7 453.8 469.6 490.3 516.3 536 538.6 536.8 533.9 531.8 529.2 526 523 520.4 517.2 514.6 513 510.3 507.8 504.9 502 498.4 497.1 488 495.9 500.2 505 512.5 517.4 522.8 526.6 530.5 534 537.8 541.9 549.4 558.7 560.7 564.1 568.6 579.7 589.8 598 601.9 607.1 607.5 618.7 638.7 644.6 647.9 649 649.4 649.6 652 655.1 657.1 655.2 653.5 650.3 644.3 639.6 635.5 632.3 628.6 625.6 620.6 617.6 614.3 611 609.9 608.2 602.8 601.7 600.8 597.7 589.4 582.6
437.3 438.7 445 458.7 476.6 503.3 526.2 534.6 533.8 532.4 530 528.6 527.1 524.8 522.5 520 517.5 514 511.1 507.8 505.8 502.4 501.2 499.5 497.9 495.5 494.2 501.7 509.1 514.1 519.8 523.4 528.8 532.7 535.6 539.3 544.4 552.8 554.9 560.2 564.2 570.1 575.3 590 595.6 599.1 604.9 617.7 637.3 642.4 644.5 647.4 649.2 650.8 652.3 654.4 655.8 652.2 650 646.4 641.6 635.9 633.4 629.3 625.6 624.6 620.3 615.2 613.4 612.5 610.8 607.9 604.2 603.5 600 595.5 589.6 583.4
435.5 439.1 443.7 453.9 470.6 494.1 518.6 530.5 532.4 530.8 528.7 527.8 527.3 525.5 523.9 521.3 518.1 514.4 511 508.6 509.6 507.9 504.5 504.5 500.6 501.9 498.1 500 505.5 510.3 517.7 521.3 522.8 528.7 533.6 537.8 542.1 547.8 553.7 555.2 560.6 564.4 569 579 590 596.1 602.1 608.6 629.6 640.8 643.5 646 647.8 650 650.4 651.3 652 650.3 646.5 642.8 639.1 635 631.9 629.9 626.7 625.2 621.1 615.9 613.7 612.5 611.1 607.9 604.3 602.8 598.9 593.1 587.2 581.9
434.3 438.9 443.2 450.2 464.7 485 507.4 525.5 529.4 528.6 527.8 527 526.4 524.6 523 520.8 517.4 513.6 510.1 508.3 510.5 509.1 506.4 507 505.1 506.6 505.2 497.3 502.8 510.2 515.3 517.7 518.2 521.5 523 534.7 542.9 548 551.8 554.5 557 559.3 563.9 569.6 583.8 598.8 600.3 615.1 620.9 641.1 641.4 643.5 644.9 646.6 648 648.9 648.5 647.5 645.6 641 636.6 634.1 631.6 629 626.7 625.4 622.5 617.4 615.1 613.4 610.4 607.4 605.2 601.5 596.2 590.9 586.6 583.9
432 437.2 442.4 447.3 457.8 474.3 494.1 519.1 525.6 526.9 526.2 525.3 524.7 522.9 520.9 519.4 516.6 512.8 509 507.5 509.1 509.5 509.3 508.8 509.7 511.1 509 504.7 501.1 507.8 512 513.9 513.8 517.9 528 535 540.5 546.3 548.9 551.3 553.5 556.4 558.1 566.9 582.9 594.3 595.7 607.1 615.6 638.1 639.7 641.1 642.8 644.9 645.6 646.9 646.4 644.4 641.9 638.5 634.6 631.9 629 627.3 624.8 623.9 621.7 618.4 615.9 613.3 611.3 609 604.5 599.4 595.4 591.6 588.2 582.7
428.7 434.2 440.6 447.1 454.9 464.3 481.8 506.8 522 525 524.6 523.8 523.5 521.3 519.6 518.8 516.2 512.3 508.4 507.7 510.5 511.8 511.7 511.2 512.7 513.6 511.7 508.3 503.3 505 508.4 509.5 513 518.8 526.1 531.7 537.4 542.7 545.7 547.7 550.8 551.2 557.9 563.4 572.9 584.3 593.8 597.5 612.9 636.7 638.9 639.3 640.9 643.3 643.8 642.8 642 639.6 637.4 636.1 633.4 632.1 628.9 626 621.7 620.9 619 616.3 615.2 613.8 611.1 607.6 603.6 599.1 595.4 591 585.3 580.3
425.1 429.4 436.6 445.3 451.6 461.8 479.2 503.4 520.5 523.6 523.9 522.5 521.9 521.2 518.3 518.3 515.8 512 507.8 508.1 509.9 511.2 511.1 510.8 511.6 513.9 512.9 509.6 505.8 506.3 507 509.7 513.3 518.4 524.6 530.1 535.2 538.1 539.9 544.7 547.5 552.2 556.6 562 569.1 577.9 588.9 593.7 603.7 626.2 636.9 638.7 639.4 641.8 641.8 640.9 639.2 636.3 634.6 633.8 631.9 629.2 625.2 624.2 621.5 619.1 615.1 614.2 612.9 611.3 608.3 605.7 602.8 599.1 594.8 587.8 579.4 570.6
423.6 426.3 431.9 439.3 446.6 456.9 477.7 503.4 520 522.4 522.8 521.8 520.6 520.2 518.4 517.8 516.4 512 507.4 509.3 510.3 510.4 510.1 509 509.8 512.3 512.5 509 506.5 506.2 507.3 510 513 516.6 522.1 528.6 533.8 536.9 539.7 540.6 544.1 550.1 556 561.4 566.2 574 580.8 592.7 598.6 631.8 634.2 636.5 637.2 638.3 637.9 638.1 636.4 633.8 631.6 630.7 627.2 625.4 623.7 622.2 620.5 616.2 613 609.7 608.7 607.2 605.4 603.8 601.8 597.3 591.4 582.7 575.8 564.4
421.1 424.7 428.8 434.7 443.4 455.5 475.9 503.2 518.4 520.5 521.3 520.7 520.1 519.8 518 517.6 516.6 512.4 507.9 507 507.5 509.1 509.5 508.8 509 508.9 508.6 507.1 506.2 506 507.4 509.5 511.8 514.8 521.6 528.1 531.3 534.9 537.1 534.8 540.4 546.2 553.8 558.5 563.9 569.8 577.8 590 595.4 623.9 630.7 633.6 633.5 634 635.2 634.4 632.6 631.1 628.8 629 627.4 623.4 621.8 620.6 619.1 615.4 609.1 610 608.8 604.8 603 602.4 599 592.9 587.6 579.3 569.9 561.4
