ny/ny80_OST50GRID_20230518/NY80.asc
ncols 200
nrows 200
xllcorner 380000
yllcorner 500000
cellsize 50
[rows 0 to 34 of 200, columns 78 to 155 of 200]
334.6 333.2 316.2 309.2 302.4 291.4 317.3 347 357.2 365.3 376.9 376.9 373.6 371.2 374.5 382.3 389.3 387.5 386.2 384.1 382.1 381.6 381.5 382.8 385.1 384.1 382.8 384 388.9 394.5 395.6 394.1 387.7 393.4 404.2 405.2 406.8 406.7 412.2 415.4 418.1 426.1 439.4 462.3 466.6 472.8 476.3 476.6 477.6 478.6 490.1 494 494.4 494.2 496.2 502.3 500.5 499.1 497.3 494.6 492.8 491.5 490.2 488.2 486.2 483 482.4 482.9 484 485.8 485.3 484.3 482.7 483 482.4 481.2 481 480.1
337.8 338.5 327.4 320.7 311.9 303.5 295.4 296.1 326.9 350.8 365 373 374 370.4 371 375.8 380 381.4 380.9 379.2 378.4 377.6 376.4 375.2 375 374.5 373.8 373.8 375.8 379.7 382 380.1 388.7 398.8 408.7 409.5 410.4 411.5 417.5 417.4 417.1 421.2 431.7 448.8 464.8 470.3 474.2 476.1 477 478.5 488.4 494.5 493.5 494.5 496.1 499.2 496.1 499.2 496.9 494.2 492.6 491.4 489.7 488 486.3 486.2 486.5 488.9 490.9 490.1 489.2 487.2 485.7 485 484.9 484.3 483.7 483.1
340 341.8 341.6 342.7 338.5 326.4 318.5 312.4 300 304.4 340.3 363.4 370.4 371.9 371.2 375.7 384.9 382.8 381.1 379.5 379 378.7 378.2 376.5 375.3 372.6 370.3 366.8 367.3 369.1 371 375.5 382.5 398.1 410.4 412.2 414 415.6 415.2 415.2 415.7 418.1 426.2 439 460.9 468.3 472 474.1 476.1 478.4 485.6 493 492.4 491.8 494.9 496 495.7 498 496.7 494.5 492.7 491.3 489.1 486.9 486.9 489.4 492.7 494.6 497.5 496.3 494.6 491.7 490.4 490.3 493.6 493.8 489.3 488.4
342.8 343.1 344.3 346 348 348.3 331.1 320.6 316.1 310.2 315.4 352 347.8 364.3 370.6 372.2 378.1 384.1 381.6 379.8 378.9 379 379.5 380.1 379.7 377.6 374 369.5 362.5 362.9 364.1 369.5 375.3 389.9 408.5 414.5 414.9 416.2 415.4 414.8 415.5 417.6 422.5 431.9 451.3 467.5 471 476.4 478 478.5 483.7 491.1 491.5 490.9 491.8 491.8 496.4 497.1 494 493.8 491.7 490.9 488.5 487.4 487.4 489.2 495.6 500.8 503.9 502.6 500.8 501.8 502.8 503.3 502.1 499.4 495.4 494.2
345.4 345.9 347.8 349.8 351.1 354.6 345.3 331.1 323.4 315.9 305.9 307.1 314.7 347.7 367.2 368.5 369.6 372 379.4 377.8 376.5 376.4 377.1 377.5 378.9 378 376.1 372 365.2 358.5 360.8 364.4 370.6 381.9 404.3 414.5 416.9 416.8 415.2 413.5 414.9 415.7 419.4 425.1 438.7 463.2 472.1 476.9 478.8 478.8 481.2 489.5 488.7 489 488.8 487.6 487 485.8 484.2 482.9 483.7 488.1 488 487.1 487.8 489.6 498.4 503.6 505.1 504.6 504.1 505.2 505.4 504.7 503.2 501.2 498.4 497.1
350.4 351.1 352.5 355 356.2 358.3 359.1 356.9 349.3 342.5 338.9 339.6 321.8 332.2 356.5 363.6 365.3 365.4 365.7 369.5 371.4 371 370.2 370.8 371.6 371.5 370.2 367.8 364.1 360.5 358.6 367.8 374.1 383.6 398.5 413.5 417.5 416 415.2 413.3 414.2 414.5 416.3 420.7 428.8 451.1 470.5 477.7 479.3 479 480.1 487.9 488.3 488.4 486.5 484.8 483.3 482.7 481.4 480 479.5 481.8 486.9 486.3 487.1 489.6 500 504.2 506.2 505.9 505.5 506.7 507.3 506.5 505.5 504 502.3 498.7
355.9 355.9 357.6 359.8 363.1 365.6 365.3 363.9 362.7 359.9 353.3 348.1 332.9 325 344.1 353.4 356.2 361.6 361.4 361.8 362 361.3 362.7 362.7 362.4 361.8 360.8 359.5 358.2 356.3 359.2 370.4 377.4 387 397.6 408.5 415 414.6 412.8 412.1 412.5 413.5 415.1 418.3 426.8 440.7 464.8 476.6 479.6 479.1 477.9 487.3 487.4 487.1 485.1 483.1 482.4 480.9 479.2 477.2 477.7 477.6 484.6 484.8 486.2 489 499 504.9 506.8 507 507.3 508.7 509.5 508.8 508.1 506.4 504.8 503.6
359.9 359.5 361.9 364.8 369.2 373.3 372.2 369.4 366.2 361.7 356.8 350.1 324.1 312.9 333 340.5 347 351.7 355.5 358.5 357.7 356.2 355.5 355.3 354.6 353.7 352.6 351.1 351.9 351.1 359 371 379.5 386.7 396.1 406 410.9 412.2 411.2 410.7 410.3 412.7 414.6 422.6 427.3 434.2 454.7 472.4 478.2 478.5 477.6 481.1 486 485.2 483.6 481.3 480 478.4 477 475.6 475.5 475.8 481.3 484.4 485.9 488.8 497.2 503.8 506.7 507.6 509.6 511.6 511.9 511.5 511 509.3 508 506.5
363.8 362.5 363.5 367.6 371.7 372.7 370 367 363.6 359.1 354.9 350 340.5 330.4 316 315.6 338.2 342.5 346.6 350.3 350.5 348.9 348.1 347.9 347.6 347 347.5 346.5 347.3 353.2 360.1 371.4 379.2 386.3 393.8 404 408.9 410.6 410 409.1 411.5 414.5 422.1 426.9 429.8 432.4 443.6 461.5 473.3 475.4 475.6 475.8 484.7 482.7 481 479.2 477.5 475.9 474.9 474.4 474.7 475.2 476.7 483.7 485.5 488.1 493.1 502.3 505.8 508.7 512.6 513.3 513.1 513.1 512 510.6 508.5 508.1
367.2 366.1 366.9 367.9 368.9 367.8 363.1 359.9 356.8 354.7 350.8 347 343.8 335.9 327.5 317.4 316.1 335.1 337.4 340.1 341.4 340.6 340.4 339.3 338 337.6 340.1 340.5 347.5 353.7 360.1 370 378.2 383.7 392.3 401.3 407 408.6 408.6 413.7 415.9 420.4 425.2 428.4 430 431.7 437.3 445.4 457.4 470.4 471.8 472.6 479 480.4 478.9 476.5 476.1 474 473.3 474.1 474.6 475.1 476.2 483.1 485.8 488.1 491.1 499.1 505.2 509.2 512.4 513.4 513.5 514.2 513.2 510.8 508.4 508.9
368.3 369.2 369.6 369.8 369.3 367.6 363.8 358.8 352.8 349.3 346.2 342.2 339.7 333.6 330 319 317.1 322 329.3 326 330.3 327.3 328.3 333.6 333.5 335.2 336.6 337.4 344.1 352.8 359.9 367.8 376.7 380.5 387.7 396.5 404.8 405.9 410.5 415.3 417.6 419 421.5 428.6 429.8 430.8 434.1 438.5 445.2 455.5 465 465.6 467.7 469.6 476 474.5 473 472.2 472.9 473.8 474.4 474.9 475.7 484.4 486 488 490.4 495.5 504 509.4 512.2 513.1 513.7 515 513.4 511.2 511 511.2
366.1 368.4 370.1 370.8 370.2 368.4 365.1 360.5 355 348.9 343.5 337.5 334.9 327.7 321.3 319.9 316.7 318.4 320.6 327.2 321.7 333.5 338 339.4 339.9 334.5 336.5 338.6 339.8 349.8 357.3 363.6 369.9 378.8 387.2 398.1 404.2 406.1 408.4 413.3 415.2 415.4 416.5 419.8 427 430.2 431.5 435 438.2 440.6 448 453.7 458.5 461.3 463.6 469 471.8 471.7 472.3 473.4 474.3 474.9 477.2 483.8 486.2 488 489.9 494.8 504.5 510.2 511.2 512.1 514.5 516.3 514.2 512.2 511.1 512.1
360.6 363.2 364.4 365.4 365.6 363.9 361.6 358 353.4 348.7 343.3 337.9 328.6 324.1 322.3 326.6 319 323.4 328.3 331.5 335.1 339.2 345.8 347.5 346.9 344.3 338.9 337.5 338.8 340.7 349.5 357.4 364.9 372.8 382.8 395.9 403 403 404.4 406.9 409.9 411.3 412.3 414.9 420.3 426.3 429.2 432 433.8 435.2 439 442.9 449 456.1 459.2 461.8 470.4 471.4 472.4 473.6 474.4 475.3 477.6 484.6 486.2 487.6 490 495.4 505.1 510.8 511.4 511.9 518.9 516.8 514.8 513 512.5 510.6
358.1 358.4 357.4 357.2 357.3 356.6 354.9 352.2 348.2 341.2 334.2 327.9 329 331.1 329.2 326.9 322.2 324.4 329.8 334.9 340.3 348.3 354.2 355.2 353.9 351.7 350.2 346.3 340.3 340.5 342.5 346.2 358.7 364.9 374.9 389.5 398.9 398 399.6 402.8 405.1 408.5 409.1 411.2 414.7 418.4 421.4 430.7 431.7 432.3 433.5 436.5 440.5 447.5 455.6 459.7 466 471.5 471.9 473.3 474.4 475.5 478.2 485.8 486.8 487.4 488.7 494.5 505.2 509.9 509.9 513.7 520 517.3 514.6 513.5 513.2 513.4
357.1 355.2 353.2 352.9 351.6 340.9 339.8 336.3 338.2 340.5 338.1 337.8 335.2 332.9 329.9 329.6 325.8 330.8 335.4 338.5 346.6 354.9 360.4 360.8 359.9 358.8 357.5 354.1 348.5 345.7 342.1 344.5 347 355.4 364.9 380.9 390.5 391.9 394.2 398.1 401.6 406 406.1 407.4 408.2 412 415.1 421 429.5 429.8 430.4 431.4 433.4 441.5 455.2 457.8 462.2 470.9 472.8 474.2 474.5 475.8 477.6 484.4 486.6 487.3 489.1 493.1 503.8 506.8 509.5 513.6 518.5 517.2 515.1 514.3 514 515.3
355.5 354.1 352.5 351.8 342.3 351.1 352.9 353.5 352.9 350.7 346.5 341.8 337.7 333.4 332 332.6 326.5 334.2 338.5 344 353.1 362.4 367 366.4 365.6 365.1 365.5 363.8 359.3 356.7 352.8 346.9 345.1 347.8 357.4 374.3 383.4 386.5 389 391.7 396.5 402.2 402.3 403.2 404.8 405.8 407 414.7 420.7 427.2 427.2 427 428.3 432.8 439.3 455.6 459 465.6 471.8 473.6 475 475.8 476.6 479.9 485.4 487.4 489.2 492.8 500 507.4 507.8 512.1 517.1 517.7 517.1 516.8 517.3 515.4
355.5 354.1 348.3 346.7 344.1 354 357.8 358.9 359.3 358.1 354.7 349.5 344.4 340 336 334.9 330 336.6 341 349.9 359.3 370.7 374.2 372.9 371.7 371.7 375.1 376.1 373.5 369.3 364.2 359.4 355.1 348.5 348.7 362.6 376.8 382.2 384.8 385.3 388.2 396.9 400.6 401.4 401.9 404.9 407 411.4 416.2 420.7 423.7 424 424.1 424.9 432 438.5 455.9 460.9 467.3 473.4 474.7 475.5 476.9 480 485.6 487.4 488.8 491.5 499.6 502 506.8 509.9 516.6 518.4 517.3 519.1 518.5 515.4
356.7 354.7 348.9 348.5 348.7 355.3 360.4 362.3 363.1 362.8 360.3 355.6 349.4 344.4 339.8 336.8 334.2 338.7 343.8 352.7 365 380.3 382.5 380.8 379 378.7 382.3 384.9 383.9 379.3 374.2 369.5 364.5 362.5 359.8 350.2 369.6 378.1 380.7 380 381.5 386.6 393.1 400 402.9 405.8 409.5 414 418.6 422.4 422.5 422.4 422 423.6 427.3 437.4 445.1 453.6 460.8 469 474.1 475.7 477.6 482 486.4 487.9 489 490.7 495.6 502.3 505.3 507.3 513.4 519.3 518.4 517.1 517.2 515.8
359.6 356 351.1 353.3 353.6 356.1 361.1 363.5 364.9 364.9 362.4 358.6 353.5 347.8 341.5 333.9 339.9 341.1 345.5 354.9 372.3 387.3 391.1 388.6 385.7 384.5 389.5 394.8 391.7 385.6 381.6 378.3 374.9 374.2 373.7 368.5 353.1 370.7 376.2 378.8 381.8 384.5 389.1 394 398.5 406.2 409.7 414.9 422.6 422.7 422.3 421.9 420.8 421.8 423.6 429.6 439.4 446 453.9 461.1 470.5 475.1 478.5 484.5 486.7 487.3 487.9 489.4 494.1 501 503.3 505.3 508.5 519.2 517.9 517.7 516.3 515.8
363.9 359.1 353.3 356.7 356.4 356.9 360.2 362.5 364.1 363.8 361.7 359 355.2 350.4 343.7 336.8 343.8 345.3 346.4 360.4 380.2 394.5 395.8 394.2 391.2 389.3 394.7 398.9 393.6 389.6 386.4 383.4 379 380.2 379.5 376.7 369.3 372.8 381.3 382.5 385.2 388.6 391.7 395.1 398.6 402.1 406.9 412.6 421.2 422 422.2 421.9 420.2 421.2 422.7 424.3 430.7 438.6 446.1 452.4 460.9 471.4 474.9 480.7 484.7 484.1 485.4 486.8 490.4 496.7 500.4 503.3 506 510.9 517.6 516.3 517.7 516.2
369.2 363.7 356.8 359.1 359.1 359.3 360.2 360.9 362.4 362.2 360.1 357.8 354.7 351.1 342.7 344.1 347.9 351 354.7 365.5 385.7 399 400 398.1 396.4 394.4 397.9 401.7 395.6 391 389 386.8 382.7 382.7 382.1 381.7 379.5 363.9 384.7 386.3 388.6 391.4 394.1 396.9 399.7 403.4 406.6 410.8 417.1 421.3 422 421.8 420.2 419.4 421.2 422.6 423.9 428.4 433.8 439.5 446.9 456 464.6 471.7 480.2 480.7 481.1 482.7 486.1 490.8 493 501 503.6 509.3 516.1 516.7 517.8 516.5
375.7 371.8 363.2 360.6 361.9 362 362.8 362.9 362.6 360.7 359.3 356.8 348.7 346.3 351.2 352 352.7 358.1 365.1 370.8 390.4 404.1 404.9 401.9 401.1 399.6 399.8 399.8 394.5 390.8 389.1 388 386.7 388.1 389.2 377.6 360.7 384.4 386.3 388.2 390.2 392.3 394.9 397.7 401 404.5 408.3 411.5 415.3 419.4 422.1 421.7 421.5 419.9 419.5 420.8 421.6 422.2 426.1 430.3 436.1 441.8 449.6 457.4 464.5 470.7 476.6 478.3 480.9 483.6 489.7 499.6 503.7 510.3 518.7 518.4 519.7 516.6
381.4 377.9 371.6 362.7 366.6 366.1 365.5 366.3 364.4 360.6 359 358 355.9 354.9 355.2 361.3 366.2 370.3 373 381.2 392.4 405.6 409.1 406.4 405.4 403.7 402.3 398.1 393.5 390.9 389.9 389.1 387.4 384.6 380.4 375.2 373.2 372.6 384.3 388 390.1 393 395.6 398.9 402.7 406.4 409.5 413 416.2 419.4 422 422.5 421.7 421.1 417.4 417.8 418.6 418 419.3 422.2 425.6 430.9 435.7 441.9 449.8 456.6 465.7 472.4 476.5 479.2 483.3 495.4 502.5 513.9 517.5 520 520 516.5
389 384.8 379.7 373.3 366.3 369.5 369.8 370.2 363.5 364.9 363.1 361.1 360.5 359.5 358.9 362.7 371.4 376.2 380.3 386.5 395.7 406.7 413.8 412.7 412 409.1 406.2 402 397.4 392.8 391.2 390.1 387.8 385.4 373 378.5 371 368.1 372.8 382.4 388.5 391 393.7 396.5 400.2 404.6 408.5 412.7 416.3 420 422.3 422.9 422.2 420.4 417.7 414.3 414.4 415.8 417 417.4 419.2 421.4 424.2 428.5 435.5 441.8 451.2 459.1 467.9 472.1 476.5 483.8 496.2 505.8 515.8 515 510.7 505.2
397.5 393.4 387.6 382.8 371.9 379.1 378.8 375.1 373.5 371.7 370.3 367.3 367.4 367.3 366.9 362.8 371.1 379.1 385.7 391.6 399.3 409.5 419.7 423.4 420.1 417.4 413.5 409.6 404.2 398.7 394.6 391.4 377.6 376.1 385.9 386 383 376.4 380.9 376.6 380.9 382.8 380 391.9 396.8 401.6 406.4 411.9 417.3 425.7 424.2 421.5 418.6 413.4 410.7 415.8 419 420.8 421.5 421.6 422.8 424.6 425 425.7 427.1 430.4 437 445.1 453.2 459.4 466.5 469 478.8 492.1 501.1 503.4 500.5 499.2
404.8 400.9 396.6 391.3 375.8 388 378.8 383.7 383.4 381 379.5 376 375.2 375.8 374.9 372.6 370.3 377.1 386.3 395.5 402.2 412.5 421.9 425.1 424 421.7 420.4 416.7 411.8 406.6 401.3 395.4 382.5 391.1 389.6 388 386.9 386.7 386.9 387.6 388.9 388.9 389.1 389.2 391.1 400 406.2 415.5 422.9 420.1 416.9 409.8 410.1 417.2 419.8 421.4 423.3 425 427.6 429.7 431.2 431.6 431.3 434.4 434.6 434.3 437.1 442.2 444.1 451.4 455.8 461.6 466.8 473.7 485.8 492 490.2 485.4
414.5 408.8 405.8 400.3 384.8 396.4 385.9 394.3 392.7 389.5 387.9 384.7 384.4 384.3 383.2 380.6 381.5 387.5 392.8 399.9 406.7 414.6 420.8 424 425.7 425.1 426.3 422.5 418.3 413.5 407.6 390.8 392 397.1 394.4 392.8 391 391.6 391 391 392.1 393.5 391.6 394.5 395.2 394.4 405.4 413.9 409 406.1 406.2 408.9 419.3 419.7 422.7 425.4 428.5 431.3 435 437.9 439.9 442.3 441.5 443.3 444.6 444.6 442.4 447.5 450.2 454.7 460.1 465.5 468.5 470.3 471.3 474.9 474.5 476
423.2 417.5 414.5 388.5 406.6 405.6 397.4 404 401.1 399 397.1 394 393.8 392.4 392.9 390.3 394.2 400.1 404.8 408.8 414.2 418.5 422.5 425.7 427.5 428.2 428 426.4 422 414.8 407.3 409.2 408.2 407.4 405.9 404.9 404.7 401.5 403.8 403.5 403.1 403.6 394.8 404.6 405.7 404.8 399 401.4 404.9 410.4 413.7 416.3 415.7 420.3 424.7 430.8 434.2 436.1 438.5 441.6 444.3 446 444.3 448.1 453.3 453.3 452.6 455.2 460.5 465.3 473.2 477.9 482.2 482.7 481.8 479.4 483.8 483.8
429.8 426.5 414.3 394.7 416.4 417.4 410.9 414.4 409.3 410.4 407.9 406.2 403.8 405.1 404.7 404 409 413.1 417.4 424.9 425.6 425.3 425.4 427.7 429.2 429.5 428.8 426.6 419.6 414.3 418.2 423.6 422.8 421.7 419.8 419.1 418.5 415.7 415.4 414.9 414.8 414.4 400.4 413.7 413.8 414.3 413.8 414.9 416.3 417.7 418.7 420.2 419.9 422.3 429.9 434.5 436.9 438.7 440.7 443.1 446.7 449.9 452 451.8 456 457.6 458.7 459.5 464.6 472.5 478.5 483.4 486.9 486.6 487.8 487 485.1 485.2
437.8 433.6 412.7 406.8 426.9 427.4 426.3 424.6 423.5 423.9 420.5 421.5 419.2 419.6 418.4 419.9 421 422.2 426.8 432.8 430.5 429.7 429.3 429.6 430.5 430.7 429.7 427.1 422 424.7 428.8 433 433.4 432.8 430.1 427.8 425.1 423.1 421.7 421 418.5 414.7 402.5 416.6 418.7 419.9 420.6 419.8 420.4 421.3 421.8 423.7 424.8 425 431.8 435.5 438.3 440.4 442.3 446.5 451.2 455.4 458 453.7 460.6 461.6 463.2 465.4 470.3 472.2 478.1 481.8 483.3 485.1 485.7 485.1 483.7 483
445.6 440.7 424.9 413.9 436.8 437.5 434.2 436.1 436 434 432.4 431.9 432 433.4 432.3 431.5 431.3 432.8 433.7 436.5 435 434.1 433.7 433.5 435.2 433.6 431.5 427.7 426.1 431.4 436.7 440.7 442.1 437.5 433.6 429.8 426.3 424.8 421.9 420.2 418.1 417.5 418.3 415.6 421.4 422.8 423.5 423.8 425.8 427 427.7 429.6 429.7 430.3 432.9 436.9 440 442.8 447.8 454 457.9 461.5 463.5 456.8 465.3 467.4 468.3 472.6 475.9 477.7 479.3 480.5 483.2 484.3 485.2 485.5 485 486
452.1 448.5 436.3 429.4 445.1 446.2 443.6 446.2 446.1 442.5 441.9 442.1 441 442.5 442.8 442.7 442.8 441.9 441.9 441.3 439.7 439.1 439.1 440.5 439.1 435.9 431.5 429.3 434.2 438.8 442.1 442.8 440.7 437.4 433.8 431.6 429.6 428 425.7 424.3 422.7 419.5 422.3 419.1 424.4 426.7 428.6 430.4 431.6 433.1 434.8 437 436.5 435.6 435.1 438.3 442.4 446 454.4 460.2 464.3 467.3 469.1 461.5 470.1 475.1 476.6 477.9 480.4 483.2 485.2 483.9 485.5 486 486.6 487.3 488.8 488.4
457.7 449.4 433.2 448.3 453.5 455.6 453.3 451.1 453.4 450.4 449.3 450.3 449.2 451.5 451.9 451.3 450.9 449.5 447.5 445.6 444.8 444.4 444.5 443.4 439.6 433.4 433.5 435.7 439.2 444.6 445.4 443.9 441.8 439.6 437.3 435.1 433.2 430.9 427.8 426 421 421 426.5 424.4 430.7 434.1 436.5 438 438.9 439.8 440.8 441.4 442.6 441.7 441.3 441.8 445.2 450.4 458.8 464.5 469 472.9 476 465.4 476.5 478.4 480.6 481.4 484.4 486.9 487.8 488.2 489.9 489.6 489.4 490 490 488.8
462.6 442.7 442.8 453.8 459.7 461.6 455.3 459.3 458.4 457.2 455.8 457.1 455.9 456.9 457.7 456.3 455.1 452.3 450.6 448.9 448.9 448.8 446.3 442.8 437.1 437.7 441.5 442 440.4 448 447.7 446.2 444.7 442.4 440.2 437.3 434.2 430.6 426.8 422.2 423.7 428.6 432.1 433.5 436.3 440.8 443.4 445 445.9 446.5 447 446.8 447 445.9 444.3 445.3 448.1 453 461.5 467.2 473 478.5 479.1 468.8 480.6 482.5 484.5 485.8 488.2 490.6 492.3 493.6 493.3 492.4 491.4 491 490.1 489.2
459.2 439.1 451.8 461.4 465.5 465.4 451.9 463.5 462.4 461.8 462.3 462.9 461.3 462.3 462.7 461.4 459.2 456.8 454.5 452.1 451.6 447.6 443.4 439.6 441.4 444.4 446.1 448 450.1 451.5 451.1 449.5 447.4 444.5 441.3 438 434.7 431 427 427 429.9 434.2 437.4 439.7 437.1 445.2 448.5 449.9 451.3 451.7 451.3 450.9 450.8 450.2 449.6 449.7 452.5 459.6 465.4 468.7 475.3 482 483.4 481.4 475.7 486.2 488.7 490.1 492 494.2 497.2 496.9 495.6 494.5 492.9 491.7 490.6 489.3
