ny/ny00_OST50GRID_20230518/NY00.asc
ncols 200
nrows 200
xllcorner 300000
yllcorner 500000
cellsize 50
[rows 37 to 73 of 200, columns 0 to 82 of 200]
24.8 26.6 25.3 34.3 37.1 33.5 35.2 36.5 35.7 34.7 37 35.7 33 31.6 23.5 22.7 25.8 28.7 33.1 45.2 53.3 56.6 54.3 55.8 56.6 58.4 59.8 60 60.9 61.8 62.5 64.5 66.4 67.9 69.4 72.2 75.4 79.2 81.2 84.8 87 86.9 86.1 85.2 84.2 83.4 82.3 80.9 80.2 78.7 77.5 76.5 75.8 65.7 54.2 46.9 45.6 52.5 55.1 61.8 64.6 65.2 67.8 71.3 74.2 76.1 78.3 80.6 84.8 88 90.7 94 97.5 100.7 102.6 103.7 104.8 103.8 110.9 114.7 118.9 124.4 130.8
22.1 24.7 30.8 37.8 37.8 31.5 35.2 35.9 36.8 38.9 38.5 37 33.3 31.6 28.4 24 23.5 27.3 29.3 41.6 51.8 55.8 52.9 54.4 55.4 57.1 59.3 59.9 61.2 61.3 61.6 62.7 64 66 67.5 70.2 74.2 75.9 78 81.1 83.8 84.3 84.1 83.1 82 80.6 79.9 78.5 77.9 77.3 78 76.7 70.4 60.7 47.2 44.3 46.8 55.1 57.8 62.4 64 64.9 68.6 71.1 72.7 74.4 76.6 78.9 83.1 86.2 88.9 92.5 95.8 98.9 100.8 102.2 103.6 102.5 106.7 111.7 114.5 119.1 125.6
21.2 23.2 30.9 37.3 33.4 35.3 34.6 35.5 37.1 41.1 40 39.7 35.1 31.5 30 23.1 22.5 26.5 29 40.4 51.7 55.7 52 52.7 54.5 55.6 57.5 59 60.2 59.9 61.1 61.2 62.5 64.7 66.9 68.4 71 73.8 75.6 77.1 79.6 83 82.3 82.8 81.6 78.1 77.8 76.2 76.1 76.6 77.6 74.6 64.8 55.3 44.3 44.6 49.2 55.4 59.6 64 64.3 63.8 67.8 70.7 71.2 72.7 75 77.2 81 83.9 86.6 90.1 93.5 96.6 98.3 99.7 100.8 101.6 103.3 106.5 111.7 115.8 121
21.3 24.1 26 28.4 29.5 31.3 32.6 35 41.3 44.2 43.6 41.2 36 32.1 29.4 23.7 21.3 24.3 30.2 42.7 51.1 55.1 53.9 52 52.7 56.2 59.1 60.8 61.2 60.4 59.5 59.5 59.4 62.7 64.5 67 68.5 71.4 73.7 75 76.5 78.5 78.8 81.1 79.5 76.2 76.4 74.5 75.4 75.3 76.4 71.6 61.9 50.9 43.6 44.5 48.3 57.5 62.3 63.8 64.5 64 66.8 67.7 68.5 70.8 73.4 75.7 79.2 81.5 84.3 87.8 92.2 95.5 96.6 98 99 99.7 99.4 102.8 107.4 112.5 117.3
22 24.4 27.8 29.3 28.8 31.9 33 35.1 40.3 44.1 43.7 41.3 36 31.8 29.6 23.3 22.4 23.3 31.3 41.8 46.9 52.1 52.8 50 49.7 56.2 60.5 62.9 62.8 61.6 60.5 59.8 58 59.8 63.4 64.5 66.4 69.1 71.3 72.2 73.3 73.5 74.1 75 74.4 74.1 73.9 72.3 71 71.4 73.6 68.4 59.3 47.8 43.5 44.2 48.1 57.9 61.9 62.7 63.1 63.3 66.2 65.5 65.6 67.5 71.7 74.2 76.6 78.9 82.1 85.7 89.6 93.6 95 96.2 97 97.4 97.8 98.3 103.7 108.8 112.9
21.3 22.8 30.1 32.9 32.9 32.9 33.1 34.3 36.8 41 42 40.9 37.6 32.6 29.5 23.3 22.4 23.1 30.7 42.1 46.5 51.3 51.7 50 48.8 54.5 59.4 63.2 63.3 62.2 61.4 60.3 58.6 57.4 60.9 63.4 65 67.2 68.3 69.3 70 70 71.1 72.3 72.8 71.5 71.1 69.3 65.3 65.2 63.9 61.3 55.7 47.7 42.9 43.4 48 55.9 57.1 60.9 62.5 63.2 64 63.5 64.9 65.7 69 72 74.5 77.3 80.9 84.2 87.7 91.5 93 94.1 94.4 94.7 94.9 94.3 96.6 101.9 107.9
22.4 22.6 28.9 34.3 35.1 36.5 34.9 36.5 37.6 39.1 41.1 40.4 37.4 32.6 26.8 22.9 22.8 22.6 31.7 41.4 45.5 50.4 52.6 50.3 48.1 52.5 57.5 61.4 63.2 62.6 61.3 60.8 59.5 57.1 57.9 60.7 62.6 64 65.1 66.4 67.5 67.5 68 69.1 73.8 71.7 69.7 65.7 61.5 58.8 56.4 54.8 50.1 46.9 43 42.4 45.5 52.1 58.3 59.1 61.6 61.9 62.2 63.4 63.8 63.6 67.6 71.1 73.5 76.5 79.4 82.9 86.6 89.1 90.7 91.4 91.6 91.5 91.2 90.9 94.4 97.6 102.7
22.4 25 29.8 34.5 34.2 37.8 37.9 38.5 38.4 39.8 39.9 39.4 35.8 31.2 22.1 22.4 22.6 21.2 26.3 41.9 45.5 47.5 49.2 49.1 47.5 49.4 54.1 58 61.3 61.7 60.5 60.1 59.3 57.7 56.4 56.5 59.5 61.4 62.5 63.6 64.2 64.6 64.9 67 69.4 69.6 68.1 61.9 57.5 51.6 47.5 45.7 45.5 46.5 41.9 41.1 44.3 52.7 58.4 59.5 59.4 59.6 61.3 62.7 62.7 62.1 65 68.9 72.6 76.1 79 81.7 84.3 86.8 87.8 88.1 87.6 87.5 87.2 88 90.8 94.5 97.6
21.1 23.1 31 33.2 34.1 36.1 37.3 38.7 39.5 39.5 39.7 39 35.7 25 21.9 21.7 22.3 21.8 24.1 40 44.8 47.1 48.3 49.6 49.1 46.2 50 55.4 58.8 60.3 59 58.3 58 57.7 55.9 55.2 57.6 59.9 60.7 61.2 61.2 61.3 62.8 65.1 67 68.1 66.1 58.6 54.4 47.1 45.5 44.2 43.7 44.6 40.4 41 42.6 49.4 53.8 56.4 55.3 57.2 62 63.7 62 62.1 64.8 68.5 72 75 79.1 81.3 82.5 83.8 84.1 83.5 83.1 83.3 83.7 85.3 87.6 90.8 93.8
21.8 22.1 29 29.7 30.3 31.5 35.1 37.1 38.3 39.7 39.3 38.5 33.9 21.3 21.3 22 20.9 22.2 29.2 37.4 42.3 45.7 46.8 48.8 51 46.2 46 52.4 55.6 56.7 55.3 56.2 56.6 57 56.4 54.7 56.7 58.6 59.3 59.5 59.4 59.7 60.3 62 64.1 66.6 64.2 55.7 49.9 44.8 43.3 42.2 41.6 41.2 39.9 39.8 41.2 48.3 51.8 53.3 51.3 58.9 63.3 61.3 59.3 61.3 64.8 67.1 70.5 73.9 78.2 82.1 81.2 79.8 80.2 79.5 79.7 80.2 82.3 84.3 85.7 88.4 93.3
23 23.5 29.4 30.3 29.2 29.3 31.7 36.4 39 39.7 39.1 38.1 21.3 20.9 21.5 21.9 19.8 22 27.8 34.1 40.1 43.8 45.2 47 48.5 46.5 44.3 49.3 52.4 53.7 53.9 54.7 55.8 57.7 56.7 53.9 56.4 57 58.4 59 58.2 58.9 59 60.3 62.3 64.2 63 54.8 45.3 41.5 40.6 40.4 40.1 40.1 39.1 38.9 39.9 47.6 50.8 47.4 52.8 59.4 61.4 58.7 58.1 61 63.4 66.8 68.8 69.9 75.5 79.5 81.6 79.4 76.9 77.2 77.8 78.6 80.9 81.7 84.3 87.7 91.5
27.5 27.5 27.6 28.2 29.8 30.4 31.8 35.2 38.6 39.2 39.4 37.3 21 21 20.9 20.9 19.8 26.8 28.8 31 38 41.4 42 44.2 44.6 42.9 43.9 47.9 50.5 53.3 51.8 52.9 55.3 57.2 56.5 53.7 54.8 56.7 57.2 57.5 57.7 57.8 58.1 58.9 60.1 61.3 60.4 52.5 42.8 39.6 39.1 39.1 39.2 38.8 38.4 38.5 39 44.4 45.1 47.3 55.2 59.7 59.5 57.4 59.1 60.5 63.9 68.4 71.4 72.1 72.7 75.7 78.6 78.9 77.9 73.9 74.6 76 78.8 78.6 82.9 86.7 89.8
29.7 26.9 29.4 30.3 29.9 30.4 31.6 34.7 37.5 38.8 38 33.1 21.2 20.5 20.4 20.8 21.2 28 28.8 30.2 35.5 38.7 38.4 39.2 39.2 40.3 42 46.8 50.9 52.2 51.1 52.1 53.8 55.5 55.9 53.4 51.1 54.3 53.9 54.8 55.4 56.6 57.5 58 58.9 59.6 58.8 50.6 42 38.2 38.1 38.6 39 38.2 38.1 38.3 40.5 42.9 44.4 51.4 56.8 58.2 56.7 56.2 58 60.7 64 65.2 64.8 71.6 73.7 73.6 75.8 76.1 72.8 71 76 77.1 77.2 77.8 78.7 84.8 87.7
26.7 27.2 30.3 31.5 31.3 29.6 29.9 33.5 35.9 37.2 37 26.4 21 20.1 20.4 19.8 20.7 27.7 28.8 30.9 33.1 34.7 34.7 35.2 36.5 40.9 42.7 45.7 47.9 49.4 50.4 50.1 51.5 53.3 53.9 53.3 49.6 49.4 50.1 51.5 54.3 56.7 57.3 57.2 56.9 59.8 58.2 51.4 41 37.8 37.7 37.8 37.7 37.5 37.3 37.8 39.7 42.9 49.2 57.6 58.7 57 55.1 56.8 60.4 61.4 62.6 64.6 68.7 69.4 74.5 74.6 72.2 73.1 67.9 71.4 78 79.2 79.5 78.8 80.4 82.8 85.9
26.7 25.8 28.4 30 32.3 32.3 30 31.5 34.4 36 36.3 30.9 20.6 19.6 19.3 19.1 20 26.8 28.4 29.3 29.7 33.5 36 36.6 36.2 37.4 39.4 40.9 45 48.1 48.1 48.3 49.2 51 51.6 51.7 48.8 46.6 48.6 52.3 54.7 56.6 57 55.7 55.1 53.9 56.8 47.8 38.1 36.7 36.8 36.6 35.9 36 36.7 37.8 40.3 44.6 54.1 57.5 55.8 54.5 55.1 58.4 61.4 62.5 65.3 64.9 64.6 71.4 73.4 75.1 72.5 68.6 71 74.4 76.6 75.9 76.7 77.2 80.1 81.8 84.3
27.5 27.3 28.9 34.2 32.6 31.9 30.9 30.2 33.3 34.9 35 31.5 25.9 19.5 19.6 19.8 19.9 23.9 27.9 27.7 29.1 32.7 34.4 35.1 36.2 37.5 37 40.7 42.8 46.7 47 47.7 48.4 49.5 50.5 50.3 47.5 44.4 49.7 53.2 55.1 55.7 55.6 57 56.8 50.8 48 39.7 36.5 36.9 35.9 35.8 35.6 36.2 38 42.8 44.7 51.5 55 52.8 54.1 58.2 61.3 65.6 64.5 62.2 63.8 63.9 65.1 68 68.6 73.5 71.2 65.4 70 72.5 74.2 73.8 72.5 75.2 78.9 81.5 82.5
27.1 30 29.9 33 32 30.7 31.4 28.9 31.5 33.5 32.7 29.5 27.5 27.8 21.1 19.9 19.7 19.1 25.7 27.8 29.6 31.4 35.9 38.3 38.6 38.3 38.9 39.7 40.4 44.2 45.1 46.4 47.5 48.5 49.3 48 40.7 44.3 50.1 52 53.3 55.3 56.1 56.7 55.7 49.4 44.5 39.5 36 36.1 34.7 34.8 34.7 35.3 41.5 43.4 47.2 52.5 49.6 50.8 55.9 58.6 60.3 64.7 65.1 63.5 65.6 65.7 66 65.8 67.1 68.8 67.8 64.5 69.6 71.1 72.6 69.5 70.1 71.9 75.8 79.6 80.9
32.8 34 30.7 30.5 29.6 28.9 29.8 28.3 30.1 32.7 32.8 30.2 28.2 27.8 28 23.7 19.3 19 17.7 27.4 28.9 32 37 39.3 39.9 39.2 40.3 40.5 39.1 41.7 43.1 44 44.4 46.8 48.4 45.2 38.7 47.2 47.5 46.7 49.5 54.4 55.3 56.4 54.4 47.3 42.5 40.8 37.8 34.8 34.1 34.2 34.7 39.1 40.5 42.3 44.1 46.7 47.8 50.9 55.5 60.8 64.9 66.6 65.6 66.6 67.5 67.8 68.5 66.3 66.9 66.2 62.6 66.3 71.8 71.2 71.5 70 71.3 72.9 75.6 77.5 79.3
37.6 38.9 36.8 35.8 32.1 29.5 30.9 30.9 28.2 30.2 31.3 28.5 27.9 27.9 27.9 26.4 22.9 18.9 18.5 26.2 27.1 30.3 37 37.5 39.3 39.7 39.9 40.4 40.9 38.9 40.9 39.8 42.4 46.9 46.5 41.4 37.9 42.5 41.1 40.2 49.1 54.3 54.8 52.9 53.1 45.4 40.8 40.4 38.7 36.1 33.3 34.5 36.2 39.3 39.8 41.1 42.6 44.9 48.8 51.9 52.6 64.8 68.2 67.8 65.7 66.2 67 67.1 68.6 65.2 62.7 61.4 68.2 70.5 72 69.4 70.1 70.8 71.6 73.5 75.3 76.1 77.4
40.5 37.5 35.7 34 29.8 28.8 28.4 28.3 26.9 29.4 29.9 26.9 27.6 27.6 27.8 27.2 25.6 18.5 18.6 24.1 32 33 37.6 40 40.7 40.5 40.9 41.7 40.7 40.4 40.4 40.6 43.6 44.5 41.7 38.4 35.5 34.5 34.4 35.8 45.6 49.5 51.4 51.4 49.5 39.4 34.8 37.2 37.2 36.2 35.3 35.3 36.4 38.6 39.1 40.2 42 45.2 49.4 51.4 56.7 64.3 67.3 67.8 65.9 66.9 67.2 67.3 67.3 65.6 59.5 65.7 70.1 68.2 70.3 68.3 69 70.9 71.1 73.1 74.8 76.7 77.9
40.4 37.4 32.7 29 27 26 26.1 27 27.2 28 28.1 26 26.8 27.2 27.7 27.2 24.8 18.4 18.8 23.9 29.7 33.5 34.9 37.5 39.7 41.7 40.4 40.9 41.3 42.4 39.9 42.2 44.2 42.8 38.7 35.5 34.3 33.7 33.1 32.9 34.5 35.9 37.5 36.6 36 34.4 34.3 34.1 33 35.4 36.2 36.4 37.1 38.1 38.9 40.4 42.2 46.8 52.4 52.9 59.6 66.5 68.4 67.8 65.8 66.6 67.9 67.3 65.9 62.1 61 64.6 68.3 65.8 67.1 67 66.8 69.9 71 73.4 75.3 76.6 78.4
35 33.7 29.1 23.9 23.8 23.6 23.5 25.8 25.3 25.3 26.3 25.3 25.5 25.9 26.1 26.7 18.2 17.7 16.9 24.6 25.2 29.2 30.6 31.7 30.7 33.5 36 36.7 40.2 42.3 40.5 43.3 43.8 41.9 35.5 33.2 32.6 32.4 32.1 31.9 32.1 32.4 33.3 33.6 33.3 33.5 33.4 31.8 31.9 34.8 35.8 37.2 38.2 38.7 39.9 42.1 43.4 47.7 51.3 58.4 62.4 64.1 65.1 64.5 62.9 68.4 67.3 63.9 58.3 59.5 64.7 65.3 66.4 65.7 65.6 64.8 65.7 68.1 71 73.2 76.4 76.2 79.9
24.4 28 29.5 28.5 26.7 24.6 24.2 26 27.8 28 25.5 25.4 23.5 22.5 21 17.7 17.8 16.4 22.6 24.9 25.5 25 25.6 32.5 32.4 33.6 34.7 32.9 35.5 40.4 38.3 40.2 39.5 38.8 34.9 31.5 31.6 31.6 32.1 31.1 31.2 31.8 32.8 32.5 32.4 32.3 30.3 31.5 35.1 43 39.3 42.2 40.4 39.7 42.4 43.7 44.7 45.1 46.8 47 52.3 57.8 61.4 61 59.9 62.1 62.3 59.7 55.1 63.4 65.3 66 65.9 66.2 64.9 63.1 64.9 67.6 70.8 73 76.2 78 79.3
25 27.8 25.8 29.6 31.4 32.5 31 32.5 35.4 32.9 28.9 26.2 23.9 24.1 18.2 17.3 17.1 17.6 18.2 24.2 24.7 25.6 26.3 30.6 32.2 34.2 33.5 32.7 33.1 37.1 36.7 36.6 33.6 32.1 31.9 31.5 31.5 31 30.4 30.3 30.6 31.3 31.4 31.2 30.2 29.2 29.2 33.3 41.6 44.4 39.8 45.2 43.9 42.3 40.7 40.5 41.2 41.8 43.6 43.6 43.9 46.3 50.9 54.5 55.4 56.6 57.8 54.4 56.3 63.2 65.1 66 65 63.4 61.7 60.1 63.7 66.6 69.6 72.4 74.6 76.3 78.1
21.4 23.6 23.9 26.5 29.4 31.7 31.2 34.8 33.6 33.6 30.3 26.6 25.6 24.5 17.6 17.3 16.8 16.5 15.9 16.9 20 24.5 25.9 28.3 31.5 33.3 33.6 33.1 34.7 35.6 37.7 38.9 38.6 33.2 30.6 30.4 30.5 30.7 30.2 28.7 28 28.2 27.9 27.4 29 29 34.5 44.2 44.8 46.3 38.4 45.2 43.3 40.3 39.8 40.7 41.4 44 47.4 50.5 48.3 47.4 45.5 46.8 47.7 49.5 50.8 51.1 54.5 58.1 58 59.3 60.8 59.3 56.2 56.4 57.8 60.5 64.1 67.8 68.8 71.7 64.2
18.4 21.3 24.8 24.4 25.9 27.4 28.6 27.7 32.1 35.3 33.4 27.5 25.1 23.6 17.1 17 16.8 16.4 16.1 15.3 15.4 15.1 20.6 28.1 31.6 32.6 34.8 37.1 38.7 35.4 39.3 40.4 40.4 35.9 31.9 29 30.4 30.4 29.3 26.6 26 27.2 26.9 34.9 35.7 42.7 44.4 45.6 45.7 44.1 41 42.8 40.3 38.7 39.1 39.6 41.3 45.8 50 57.3 58.4 56.4 53.1 49.5 48.6 48.5 49.1 49.8 49.8 50.4 52.5 52.2 53.4 54.3 55.3 55.8 56.6 58 59.1 60 61.3 61.8 63.1
20.1 23.7 23.6 22.5 26.3 26.2 28.2 30.7 32.9 35.5 33.7 27.9 24.8 21.6 16.6 17.1 16.8 16.5 16.3 14.9 15.6 15.4 15 26.6 29.4 31.3 34.6 38 36.8 37.8 39.6 39.3 39.6 40.7 35.9 29.8 29.4 29.8 27.7 26 26.1 31.6 41.4 43.5 43.5 45.5 45.2 43.6 41.4 40.6 40.4 39.6 38.5 36.6 38.2 40.1 40.7 45.5 52.3 62.4 65.3 65.4 62.4 55.4 53.9 51.5 52 52.3 53.1 53.9 56.4 56.6 57.3 57 57.8 61.1 62.7 64.5 63.1 62.3 62.5 62.7 63.2
21.8 23.5 23.8 23.7 26.3 26.7 30.9 31.3 31.2 31.9 32.2 27.9 21.2 22.2 22.2 16.8 16.3 14.9 16.2 14.4 14 13.7 14.5 26 28.7 31.5 37.7 39.5 39.1 39.5 37.3 38.7 39.9 41.3 40.2 32.5 28.4 29.5 25.4 24.8 30 31.6 35 35.5 35.4 37.2 37.3 37.3 37.2 36.6 36.1 34.8 41 38 39.4 40 42.4 49.3 53.9 63.3 65.2 68.2 64.9 57.3 53.7 53.5 54.4 56.2 56.7 57.4 60.1 62.7 62.9 63.4 61.3 63.7 65.3 65.8 66.5 66.2 68.5 67 67.9
23.9 27.7 28.1 28.6 31.3 30.8 28.9 31.7 29.8 28.2 28.9 28.7 21 19.8 20.9 18.3 16 17.2 23.3 15.7 15 15.1 15 13.6 30.4 31.3 36.2 39.4 40.2 38.4 35.1 37.9 39.1 41.1 39.1 35.4 29.6 27.9 25.6 26.8 26.1 28.5 28.6 31.7 30 31.2 31.2 31.8 32.5 33.9 34.1 35.6 37 40.3 41.3 43.2 46.6 51 53.5 57.4 61.4 70 71 61.4 53.9 54.8 55.2 55.6 56.9 58.2 60.8 63.6 63.3 62.2 59.6 59 64.4 64.6 67 68.8 74.8 74.2 72.9
24.8 26.9 27.7 33.7 33.6 30.5 29.6 30.7 29.4 27.2 26.3 25.7 22.1 21.4 21.3 21.3 21.4 23 22.6 14.8 14.5 14.7 14.8 21 28.9 32.6 36.4 37.6 36.1 36.9 35 35.5 38.2 39.2 39.6 38.5 34 26.1 23 24.7 28 29.4 31.3 34.7 34.7 37.2 36.9 39.1 41 35.9 35 40.1 42.1 42.6 44.2 46.5 48.2 50.4 53.5 56.4 61 70.9 69.2 62.7 56.4 56.3 55.3 56.9 58.5 60.8 62.4 62.1 63.3 61 58 60.5 62 63.3 66.8 68.6 73.5 78.2 78.5
26.5 24 26.7 31.2 30 29.8 29.4 27.5 27.7 28.2 25.1 23.5 23.4 24.2 25.1 22.1 20.1 21.3 20 14.1 13.8 14.2 12.6 31.9 33.3 34.6 36 33 29.3 32.5 33.2 33.8 36.2 35.8 36.5 35.8 34.3 29.8 23 27.3 29.3 29.4 30.7 36.9 38.5 39.5 40.9 42.8 44.5 42.9 40 45.5 48.5 42.9 41.9 44.6 47.6 48.5 53.2 57.3 58.3 63.4 66.4 62.6 58.6 56.4 56.5 57.3 59.9 62.5 63.8 63 62.8 61.3 58.5 63.8 62 65.6 67.8 69.1 76.6 77.2 78.5
26.2 25.2 23.5 26.3 28.3 29.6 30.3 29.8 30.3 27.7 26.1 27.3 29.3 28.1 24.9 21.4 18.9 17.8 14.4 13.9 14 12.6 28.2 34.4 36.7 33.8 33.2 28.8 28.3 32 32.8 32.2 33 33.9 32.9 33.1 32.9 32.6 22.6 26.8 28.5 29.1 30.1 34.6 38.3 41.4 43.2 42.8 45.2 45.8 45 46.8 50.2 48.7 45.1 44.3 46.3 49 50 56.4 58.5 61.6 62.7 61.9 59.9 57.9 57.1 57.4 60.4 62.6 63.7 63.2 62 60.6 62.1 65.6 64.1 66.7 68.2 70.4 76.1 74.7 76.9
28.4 27 26.4 23.3 24.9 28.2 28.7 30.3 28 27.9 26.3 24 26.2 27 25.1 18.8 20.4 15.6 14.6 13.4 12.7 26.4 28.6 31.6 33.8 32.5 27 25.8 26.7 29.8 31.4 31.4 30.4 31.2 32 29.2 31.8 32.5 21.8 24.7 28 28.2 28.6 31.4 37.3 41.9 46.1 48.7 47.9 46.8 48.2 48.5 49.1 49.4 48.5 48.5 46.3 49.6 51.1 53.6 60.8 60.4 61.8 61.4 60.1 58.2 57.9 57.4 59.2 60.7 61.8 61 62.5 62.8 60.6 65.4 67.3 67.7 67.8 74.9 77.3 76.3 77.1
30 29.8 27.3 25.1 21 21.5 24.5 25.1 22.6 28.8 27.2 25.9 26.8 25 23 22.2 20.1 14.1 13.8 12.2 14.4 26.9 27.4 28.5 30.2 28.7 25.3 22.3 21.2 24.5 25.6 27.5 28.1 30 30 24.3 25.2 22.2 21.1 23.6 27.7 27.9 28.1 30.8 36.1 42.7 46.3 48.2 49.2 47.7 47.3 47.5 48.2 48.3 49.1 49.8 49.4 49.3 54.3 55.8 57.8 58.1 60.4 60 60.3 59.8 56.4 55.9 58.4 58.6 57.2 58.8 60.4 60.7 64.4 67 67.7 67.5 69.8 75.2 76.6 76.3 76.5
28.9 30.5 25.2 24.3 18.5 18 20.4 20.7 22.4 26.9 28.1 30.2 24.4 19.8 15.2 15.1 14.5 13.4 12.1 13.6 14.8 23.1 21.4 26.6 25.9 23.7 23.6 18.3 17.6 20.2 24.4 30.2 26.2 26.4 23.8 19.6 19.1 20.5 21.5 26.4 27.7 27.4 28.7 31.5 35.3 39.7 46.4 47.6 47.9 47.8 47.5 48.3 48.8 48.6 49.3 50.2 51.3 46.6 51.2 53.6 53.4 55 60.2 61.5 62.2 60.7 54.7 54.9 58.7 55.6 53 58.3 56.4 55.6 62.2 66.1 66.2 67.5 72.2 75.4 75.4 75.4 75.7
29.2 30 28 24.9 20.9 18 18.7 19.2 20.3 22.4 22.9 31.4 17.8 14.1 14.1 14.2 14.2 13.7 12.9 13.2 13.8 14.5 17.3 24.7 22.6 18.7 17.2 15.6 14.3 15 21.5 27.9 24.8 25.2 18.8 19.2 20.2 21.5 23.4 26.6 27.6 28.2 27.7 30.6 35 41.4 46.6 47.2 47.3 48 48.5 48.8 48.1 48.3 48.7 49.2 49.4 47.1 51.1 50.4 51.9 53.5 56.9 59 60.5 56.1 52.5 56.1 55.8 53.6 52.2 53.4 54.6 55.3 61.5 64.2 65.7 73.4 74 75.8 75.9 75 75.6
27.8 27.1 26.7 25.9 24.5 18.8 18.1 18.9 19.6 19.5 21.8 30.7 26.6 14.3 13.4 13.1 12.8 12.4 13.4 13 12.9 13.8 14.3 18.6 17 14.4 14.2 14.4 15 15.3 16.2 25.1 20.5 19 18.4 20.8 23.2 25.5 26.1 26.5 26.8 26.9 29.1 32.9 36.7 39.5 44.2 45.9 46.9 47.4 47.2 46.7 47.7 47.7 48.1 48.1 47.6 47.3 49.5 49.9 52 55.2 53.6 51.3 53 52.6 51.5 51.4 51.1 51.3 51.6 54.8 56.1 57.4 59.9 60.8 71.8 76.1 74.8 73.9 74.2 74.1 74.1
