ny/ny00_OST50GRID_20230518/NY00.asc
ncols 200
nrows 200
xllcorner 300000
yllcorner 500000
cellsize 50
[rows 148 to 184 of 200, columns 83 to 165 of 200]
38.2 36.2 32.7 29.2 27.1 26.8 26.4 26.7 26.6 28.3 32.2 35.4 37.1 38 36.3 38.5 36.6 33.3 30.6 30.4 31.1 31.3 30.9 31.9 32.5 33 33 33.9 36.7 37.3 37.2 37.5 37.2 39.7 43.2 45.5 45.5 45.2 44.4 45.7 44.9 45.2 52.7 53.8 54.2 52.7 50.9 52.8 54.2 55.5 56.6 56 54.3 51.7 52.6 55.4 53.4 48.8 46 45.1 43.3 43.4 42.9 42.3 42.3 41.8 41.7 45.9 47.4 46.1 43 46.8 46.2 43.1 41.8 42.6 44.9 40 37.7 37.2 45.2 50.9 50.5
41.4 39.5 36.7 32.4 29.7 27.9 27.3 26.9 26.4 26.7 27 29.6 31.1 31.9 32 32.7 32 31.5 28.9 29.8 29.8 30.3 31.9 32.7 33.8 34.9 35.4 38.1 40.4 36.9 37.7 39.7 40.3 37.7 39.2 42.6 45.1 44 45.4 45 45.9 51 48.4 48.2 51.3 51.8 49.4 52 52.9 54 56.1 55.4 54.6 54.5 55.9 58.9 53.7 48.5 46.5 45.7 44.1 44 45 50.2 48.3 42.3 42.8 47.6 47.8 47.1 45.8 47.9 47.5 46.4 44 44.3 46.5 43.7 37.2 45.3 50.2 51.8 50.4
44.4 42.3 39 34.8 31.8 29.6 30.5 29.6 28 27.2 26.6 25.9 27 27.2 28.2 27.9 28.1 27.9 28.7 29 30.4 31.1 32.7 34.2 35.6 37.2 40 40.3 40.4 39.8 39.6 40.6 36.9 36.3 37.7 38.8 43 40.9 43.6 44.2 45.5 49.3 50 47 50.8 52.8 46.4 47 48.9 51.7 53.4 55.5 55.7 56.9 57.8 58.8 55.7 52.5 48.5 46.3 45.8 45.9 51.8 53.5 51.1 43.8 43.9 46.6 45.8 44.3 45.5 48.5 48.4 51.3 49.2 46.1 44.4 45.9 48.3 49.6 51.8 52 50.3
44.7 43.1 40 36.4 34.1 32.4 33.3 32 30.7 29 29.1 27.7 27.6 27.2 27.3 27.6 27.7 28.2 30.8 29.7 29.9 30.6 31.8 33.4 35.8 34.9 36.1 40.8 42 38.8 36.3 35.9 35.9 36.1 35.7 36.1 36.4 38.1 41.6 44.4 45.3 47.1 48.9 48 45.6 43.9 43.6 44.3 48.4 51.8 53 55 57 58.3 59.5 60.1 59 59.1 55.1 50.9 50.2 49.8 52.6 50.4 47.4 43.4 43 43.9 45.7 44.6 44.6 46.7 49.8 50.8 49.3 46.7 45.6 46 48.5 49.4 51.7 50.9 49.2
43.9 43 40.7 38.2 36.5 34.3 35.1 34.4 33.1 31.5 31.2 31.3 29.5 28.2 28.8 28.9 31.5 33.4 33.8 32.1 29.5 29.4 30.3 31.2 33.2 30.4 30.9 39.6 37.5 36.6 37.9 36.6 36.1 35.6 35.7 36.3 36.2 36.7 39.8 43 45.7 48.4 51.4 48.5 45.8 45.6 42.7 43.3 47.5 53.1 54.1 55.2 57.7 59.5 59.5 62.1 61 59.6 58.4 55.5 49.5 50.8 50.4 50.8 45.7 43.3 43.8 45.8 49.8 51.6 48.1 47.6 50.6 48.8 47.4 48 47.3 47 45.9 48.3 50.4 49.9 50.2
43.3 42.1 41.2 39.1 38.2 36.9 36.3 36.1 34.6 33.2 32.7 32.5 31.6 30.9 32.9 34.7 36.7 38.8 38.1 36.9 34.4 29.7 29.8 30.1 30.4 30 30.5 42.7 38.5 38.9 39.8 39.5 36.7 35.7 35.7 36.3 34.9 35.5 35.8 45.2 45.9 48.7 51.2 49.5 46.6 46 43.4 42.3 46 53.1 54.6 54.7 56.3 57 56.6 60.3 60.5 59.8 59.2 55.8 49.8 49.1 48.2 46.8 43.9 44.7 51.3 54.7 55.8 58.2 49.6 53.6 52.5 49.1 48.7 49.6 49.1 46.2 45.2 47.5 48.6 49.7 50.7
41.9 41.2 40.6 39.5 39 39.5 38.9 38.1 36.2 36.1 35.3 34.2 32.7 31.6 35 37.3 39.3 40.9 41.1 40.1 37.9 34.8 29.6 29.3 29.4 31.4 37.8 41.3 39.5 41.6 41.7 42.2 38.4 36.9 36.1 38.3 38.9 35.4 35.2 43.1 46.6 46.9 48.7 48.4 45.9 42 40 42 45.8 49.3 51.6 53.2 53.1 52.8 53.8 56.7 58.2 58.7 58.5 55 50 48.3 48.8 46.9 44.7 50.9 59.4 62 63.1 64.5 56.9 58.2 54.8 50.8 50 50.9 51 49.2 47.7 48.1 47 46.7 48.4
40.4 41.6 41 41.5 40.5 39.9 39.9 39.1 37.9 37.5 37 35.9 34.2 33 34.8 36.7 38.7 40.7 41.7 40.8 39.2 37.3 33.7 29.7 29 30.4 39.9 38.1 37 41.6 43.7 42.2 39.5 37.7 38.8 38.8 40.3 40.3 40.7 37.7 40 39.1 40.8 47 47.6 39.9 41.5 45.2 50.9 52.1 51 54.6 57.8 56.6 55.3 56.3 57.3 58 56.3 54.7 49.7 50.9 53.4 53.4 52.3 50.8 58.4 61.6 63.8 64.6 63.5 65.8 58.4 50.9 49.5 50.9 52.1 51.5 50.5 50.2 49.9 48.3 47.2
38.5 39.3 40.8 41 41.3 40.9 40.3 40.2 38.9 38.6 37.8 36.6 35 33.5 33.6 35.2 36.8 38.5 40 39.5 38.5 37.2 36.5 31.8 30.6 32.1 34.3 37.9 37.2 40.3 41.2 38.9 37.7 37.9 38.1 38.3 39.6 39.2 39.3 35.1 35.1 37.3 35.8 40.4 38.6 42.6 44.9 50.9 52.6 51 51.5 54.6 56.4 54.1 52.4 55 55.4 56.6 53.6 51.5 51 55.4 56.1 55.9 54.9 52.8 58.5 60.6 62.4 64 64.4 65.1 58.7 50.1 48.2 51 52.3 52.7 51.5 50.6 50.2 50.8 50.9
38.2 39.3 40.1 40.7 40.7 40.6 39.9 39.9 40 39.4 38.2 37 36 34.8 33.2 33.9 35.3 36.2 36.9 37 37.3 37.1 35.4 34.2 30.7 33.3 32.7 39.8 38 37.5 37.1 37.8 37.8 37.5 37.6 38 37.6 37.6 34.2 35 34.9 34.9 36.5 36.2 39.8 41.6 45.3 49.1 47.6 45.5 48.9 54.3 56.4 53.6 52.3 53.1 52.4 52.8 50.9 50.6 53.5 55.6 54.6 54.9 54.6 54.7 58.3 59.7 61.5 62.6 63.3 60.9 54.2 47.3 44.9 48 51 51.3 50 50 49.5 50.3 49.8
38.7 39 39.2 39.9 41 41.2 41 40.8 40 39.1 37.9 36.7 34.9 34.3 33.4 33.4 33.8 34.4 35.3 36 36.4 35.2 34 34.7 31.8 30.9 32.9 40.6 36.1 35.3 35.4 36.3 38.5 37.7 37.1 38.4 38.1 34.4 34.1 34.7 35.6 35.9 35.5 35.5 39.1 40.5 41.8 44.6 44 41.5 46 52.8 55.8 56.5 54.7 52 51.1 51.1 51.6 53.2 53.4 54.6 54.1 53.2 53.9 57.9 59.3 59.6 60.4 59.3 61.4 60.8 53.4 46.5 42.5 43.6 47 46.4 47.2 49.5 49.5 47.3 45.7
36.3 36.8 38.3 39.6 40.8 41.2 39.7 39.6 39.6 38.9 37.5 35.9 34.6 33.4 33.1 33.2 33.9 34.7 35.8 36.1 35.6 34.8 34.6 33.5 31.6 31.4 33.3 37.5 36.7 34.7 35.1 36.1 38.5 37.5 35.8 37.1 35.1 33.6 33.7 33.9 36.2 35.7 35.7 35.2 38.5 39.5 40 43.7 45.9 39.8 45.5 53.5 56.1 57.6 55.3 52.4 52.6 54.3 55 55.1 54.7 54.6 53.6 52.1 53 55.6 58.7 59.2 58 57.9 60.6 57.3 52.1 48.4 43.9 40.1 41.9 43.2 45.6 46.3 45.5 44.8 42.3
34.2 36 38.2 39 39.7 40.1 39.6 39.4 39.2 38.6 37.9 36.3 34.8 33.4 33 33.7 34.6 35.1 36.1 35.8 35.6 35.6 36.4 35.1 31.9 31.4 33.2 36.5 35.2 34.4 35.1 36.5 38.5 36.4 38.5 34.8 33.8 33.1 33.7 35.7 38.6 39.2 39 38.6 37.1 37.7 38.6 41.1 44.3 39.6 44.4 54.3 56 55.5 54.1 53.5 52.9 55.3 55.7 55 55.4 55.2 53.5 52 52.4 54.1 58.9 57.8 57.1 56.7 58.8 59.4 59.5 54.4 46.2 40.5 37.7 40.7 42.4 41.2 41.6 44.1 42.9
34.4 35.2 34.8 36.3 37.8 38.1 38.5 38.3 38.6 39.4 38.7 37.3 35.4 33.5 33.4 33.6 35.5 35.8 35.8 36 35.7 36.9 38.4 37 32.9 32.1 32.5 34.8 35.5 35.2 36 37.4 37.7 39.2 36.5 33.5 32.7 34.2 35.6 37.8 40 41.3 42.5 42.2 39.4 38.1 37.6 38.2 41.1 38.1 40.9 50.9 55.6 53.7 53.7 53.1 53 54.2 55.8 55.1 55.1 53.5 51.1 50.2 51.8 52.9 58.2 56.3 54.2 52.7 54.7 56.9 57.5 54.3 47.8 44.3 37.1 35.6 37.1 36.8 36 35.1 34.6
32.2 32.5 33.2 34.2 35.7 36.2 37.3 38.4 38.9 39.2 38.9 37.2 35.7 35.4 34.5 35.3 36.1 36.3 35.5 36 37 36 35.7 35.2 32.5 31.7 31.7 31.7 32.3 33.2 34.3 38.1 36.4 33.9 32.9 31.5 33.2 33.1 34.8 36.6 37.7 38.9 41.7 42.7 39.4 38 36.8 35.6 37.3 38.3 42.2 50.8 53.5 52.8 53 52.7 53.1 54.2 55.2 55 53.3 52.9 49.4 49.6 51.3 52.4 57.6 55.2 52.7 51.4 49.5 51.1 49.6 46.5 43.2 40.5 37.8 33.8 33.7 33.8 34.1 33.3 32.9
30.3 31.4 32.2 34.9 35.9 35.7 35.9 36.8 38.7 38.8 37.8 36.9 35.1 34.1 34.7 35.3 34.6 35.4 35.3 34.4 33.6 32.6 31.5 32.5 34.8 33.8 32.4 30.8 30.7 31.3 32 37.9 34.8 32.5 31.4 32.3 32.5 33 34 34.3 34.6 36.3 39.7 41.2 40.2 41 40 36.3 37.5 39.6 44.7 51 51 51.8 51.7 50.7 51.6 53.5 53.3 53.7 51.8 50 48.2 50.3 51.8 57.2 56.9 55.7 54.2 51.7 47.3 44.1 42.5 40.4 38.8 36.9 35.3 32.9 32.7 33.2 32.6 32 32.1
29.7 30.5 32.7 35 36.2 36.3 36.3 36.6 38 38 36.8 36.1 34.8 34 34.4 34.3 33.4 34 31.1 30.5 30.5 31.1 32.7 36.1 37.2 36.1 34.9 30.4 31.1 31.3 31.8 36.6 32.9 32.1 32.3 32.2 32.5 34.4 34.4 35.7 38.2 40 40.4 40.8 39.8 42.7 43.3 39 37.2 39.4 45 49.8 48.1 49.2 48.3 49.2 51 52.6 52.4 50.6 49.2 46.8 47.2 52.8 54.9 54.2 55.4 55 52.6 49.6 48.3 42.8 39.1 37.2 36.4 34.7 32.9 32 31.8 32 31.9 31.2 32.1
30 30.6 33.5 33.7 35.5 35.8 35.6 35 34.9 36.2 35.5 35.2 32.8 32.3 32.7 33.2 32.5 30.6 29.2 29.5 30.6 33.3 34.9 38 38.2 38.7 34.5 30 32.8 33.4 34.1 32.9 31.2 33.7 35.2 35.4 37.2 36.8 37.2 36.1 37.5 40.5 39.5 40.5 40.1 45.1 41.6 38.6 38.4 40.4 44.7 46.2 45.4 45 44.9 46.4 48.4 49.4 49.5 45.8 43.8 44.8 47.6 50.1 51.2 51 52.5 51.7 51.5 48.1 45.1 42.6 40 37 35.1 33.7 32.2 31.7 31.2 30.9 31.2 30.6 30.5
29 30.3 32.6 32.9 34.7 34.6 34.2 34 33.2 32.9 33.7 32.2 31 31.2 32.8 31.8 30.5 29 28.5 29.5 33.8 33.6 33.5 33.9 35.5 38.4 31 29.6 34.6 36.7 39.9 32.2 30.1 33 35.5 40.9 40.6 38.7 36.3 36.5 37.9 40.6 41.6 42.3 41.1 42.1 39.3 36 37 39.1 42.5 44.3 44.6 44.1 43.6 44 45 45.1 43.5 41.7 44.9 46.6 41.9 42.5 45.8 47.5 44.2 45.4 47.4 47.3 44.8 42.5 40.1 37.5 34.6 32.2 32.1 31.8 31 30.7 30.3 30.1 30
27 30.3 32.6 33.3 32.8 31.8 31.9 31.8 31.9 31.2 30.6 30 30 31.2 31.3 31 30.5 28.4 28.4 30.1 30.7 31.9 31.4 30.5 33 32.9 32.2 29 31.2 36 41 31.6 29.7 31 33 41 37.7 36.2 36.3 37.7 39.4 41 42 43 43.4 42.7 39.5 35.6 38.7 43 47.4 46.2 44.7 44.3 43.8 42.7 42.6 42 40.6 40.2 42.5 45.8 44.4 42.1 39.3 41.7 42.9 42.1 43.7 45.5 44.3 40.8 38.5 36.3 33.6 32.7 31.5 31.1 30.8 30.1 29.6 29.6 28.9
27 29.1 31.3 31 29.5 29.6 28.5 28.3 29.5 31.2 30.7 30.7 31.7 31.8 31.6 31.8 29.8 28.3 28 29.1 29.7 29.5 30.6 31.1 33.4 31.6 30.1 30.2 29.9 33.6 34.1 29.9 29.3 31.2 34.1 38 35.9 36.8 37.8 39 39.8 40.9 42.6 43.4 43.3 41.9 38.5 37.9 40 43.7 47.1 47.1 45.5 44.9 43.2 43 42.7 41.6 39.8 39.2 39.7 40.4 42.3 45.8 44.5 39.8 36.8 42.4 45.3 45 43.8 40.7 38.2 35.3 33 31.7 30.9 31.2 31.2 30.6 29.2 29.2 28.5
26.4 28.1 28.6 26.9 27 26.2 27 28.9 30.5 31.1 31.9 32.4 33.4 34.7 34.7 33.4 30.5 27.7 28.3 29.5 31.2 28.8 30.2 29.5 29.8 36 34.6 31.6 29.8 28.7 31.7 35.8 29.2 31.1 34.9 38.6 36.5 36.5 36.2 37.1 40.7 42.4 42.5 43.9 43.7 40.9 38.6 39.8 40.1 42.7 46.7 47.4 47.7 47.3 45.4 43.6 44.3 43.5 41.6 39.1 38.5 41.9 42.4 45.4 46 43.8 35.8 38.1 44.3 44.8 43.2 41.4 38.5 35.2 33 31.5 30.7 31 30.6 29.9 29.1 28.1 28.1
24.8 25.3 25.3 24.2 24 25.3 26.2 27.2 29.1 30.4 31.9 33.7 35.2 36 35.9 34.7 32.3 27.8 29.3 32.4 32.2 29.5 30.2 28.7 28.4 30.7 34.3 29.6 28.7 27.4 30 30.7 30.2 31.8 34.7 35.6 33.8 34.3 34.2 36.9 39 39.7 39.7 40.9 40.5 37.6 38.8 41.3 42.4 43.8 44.6 45.5 45.7 45.3 45 44.7 45.4 46.8 46 42.1 42.2 45.7 44.7 46.2 44.8 40.7 33.8 33.5 39.7 41.5 43.6 42.3 41.2 36.7 32.8 31 31.2 31.1 29.8 29.1 28.4 28.5 28.2
21.8 22.3 22.1 22.3 23.1 23.6 24.9 25.9 29.2 31 32.4 33.7 36.2 37.1 36.6 36.1 34.3 31.5 28.4 29.3 29.8 29.4 29.6 28.1 28.3 30.9 33.8 33 30 26.2 27.8 28.6 29.4 31.5 31.2 33.3 33.6 36.4 34.7 34.1 34.5 33.8 35.4 37.6 37.6 39.3 40.5 40.3 42.4 43.6 45.7 45.5 45.4 45.3 46.5 45.4 44.2 44.3 44.2 43.8 43.4 44.4 45 43.4 42.5 36.4 32.3 31.8 36.4 39.1 42.4 44.3 42 38.6 32.7 32 31.4 31.8 30.6 28.8 28.2 28.6 28.2
22 20.5 20.7 21.3 22.3 24.7 26.8 28.4 29.3 30.5 32.1 34.4 36 37.7 37.9 37.7 37.1 32.1 26.9 28.4 27.1 27.4 30.1 28.5 32.6 37.1 36.2 30.4 26.4 27.4 30.6 34.9 33 32.8 34.2 36.1 39.9 42.8 39.1 31.1 30.9 32.4 34.2 37.1 40 41.9 42.2 43.3 43.1 40.7 41.4 42.1 42 42.6 44.6 44.8 46.2 45 44.5 45 46.2 44.4 42.6 43.1 41.8 41.1 35.8 31 33 37.1 37.7 38.5 37.7 37.9 33.4 31.2 32 32.1 30.7 28.9 30.4 29.9 29.3
22.3 21.7 21.5 20.7 22.2 24.5 26.2 29 30.6 30.5 33.4 35.3 36.5 38.1 39 38.4 37.1 31.8 26.2 27.7 26.1 30.8 36.1 35.9 36.8 36.5 35.4 29.4 25.2 28.9 31.2 34.4 35.1 33 33.5 36 39.3 39.2 33.4 29.6 30.2 31.6 34 36 39 41.4 43.1 45.4 36 36.3 41.2 41 41.3 42.4 44.6 45.9 46.3 43.6 41.2 42.4 45.4 46.1 45 43.1 42.5 40.2 39.5 37.5 29.6 38.7 37.3 35.1 36.6 37 34 31.1 29.1 30.3 28 31.8 32 31.5 30.9
21.7 21.1 21.2 21.6 23.3 24.6 26.6 27.7 29.1 31.7 34.2 35.4 36.8 38.7 40.2 40.1 37.6 33.1 27.4 24.7 30.3 34.3 36.2 37.2 34.5 28.6 31.5 32.1 25.8 26.8 26.9 26.7 26.6 25.2 25.4 27.7 28.4 28.1 27.7 28.4 29.3 31.4 33.2 36.3 38.9 42.8 44.8 35.5 33.2 34.6 37.4 42.1 41 41 45.4 46.5 45.3 42.7 37.5 37.6 42.3 44.3 46.1 45.2 44.9 44.1 40.8 38.3 34.1 27.6 31.2 30.6 28.6 29.7 33.4 31.5 28.9 27.1 28.6 30.6 32.6 33 32.2
21.3 22.2 21.3 21.2 23.3 24.5 24.7 27 28.7 32.1 34.9 35.9 37.8 40.2 41.2 41 38.4 33.8 29.3 24 33.4 30.1 29.8 29.1 25.6 27.9 31.3 32.4 24 22.8 23 23.8 24.5 24.7 24.6 26.6 28 31.4 30.4 28.9 28.3 29.1 31.3 36.2 40.9 41.2 42.7 36.4 33.6 33 36.2 36.2 36.1 41.5 45 46 44.7 40.8 37 35.1 37.1 40.9 43.2 43.4 43.1 43.8 43 39.8 36.1 30.8 26.2 27 29 31.7 29.7 27.6 28.8 30 32 32.4 33.6 34.4 33.7
19.8 20.6 19.8 20.2 22.3 22.7 24.8 26.5 28.6 32.9 34.8 37.7 39.3 41.3 42.1 40.7 36.5 32.2 29.1 23.3 25.6 26.9 32.3 26.7 31.2 31 27 26.5 22.1 23.2 24.6 25 25.8 25.6 25.8 27 28.6 28.5 29.9 30.8 32 30 31 32.9 39.5 39.4 41 42.1 43.1 35.3 36.5 35.4 36.7 42.9 43.3 44.5 43.5 38 36.7 35 33.6 36.7 42.1 42.6 40.2 40.4 42.3 40.9 38.6 31 26 30.8 34 34.8 35.4 35.8 33.6 32.9 33.9 35.2 37.9 40.9 38.1
18.5 19.1 19.8 22.5 24.9 25.2 25.7 28.6 31.6 33.7 36.2 38.8 40.9 41.2 39.9 36.8 33.8 30.5 25.9 22.3 23.1 32.8 30.1 28.2 31.7 28.5 22.2 21.9 21.1 24.5 27.7 30.5 31.5 31.4 31.3 32.7 32.8 29.8 28.8 28.8 30 30.4 31.6 34.9 39 38.8 39.8 41 43.5 44.9 36.2 36.1 35.3 35.6 41.2 40.9 34.7 31.7 33.2 32.7 32 34.4 38.5 38.2 39.8 40 42.3 41.1 37.6 34.5 30.7 25.3 30.9 34.2 35.2 38.8 38.7 36.2 38 40 44.2 46.5 45.4
17.5 17.8 20.6 23.9 27.9 28.5 26.4 27.6 34 36 38.4 39.3 39.6 38.7 36.7 35.1 32.6 28.2 22.4 21.1 22.1 27.2 26.7 28.2 28.6 22 20.1 21.1 21.4 21.6 23.8 30.8 33.5 35.4 35.4 38 37 33.4 30.8 30.9 30 30.5 30.7 32.5 35.1 38.9 39.7 40.7 41.8 41.5 38.5 36.9 34.8 36.6 35.1 36.1 33.2 30.9 30.9 31.7 32.7 35.3 37.1 38.4 40.9 40.3 40.7 38.6 37.6 35.9 34.9 28 26.7 32.9 35.9 38.7 39.3 39.1 41.7 45.7 48.7 48.4 47.8
14 12.9 16.4 19.9 25 27.7 27 26.3 28.6 33.2 37.6 39.1 38 35.8 37.9 36.1 33.8 28.1 21.3 21.2 21.4 21 24.8 30.5 22.3 19.4 20.6 21.7 23.5 23.2 22.6 25 31.9 34 36.7 36.2 36.9 33.3 31.1 32.3 30.6 29.8 30.1 30.5 33.5 37.2 38.2 41.3 42.9 33.7 31.3 32.9 34 34.4 37.1 32.9 32.3 31.2 30.1 30.5 32.9 36.7 38.3 40.2 39.7 38.7 38.7 37.3 37.4 36.2 35.4 30.5 27.5 32.7 34.9 36.6 37.6 39.6 42.8 48 50.2 49.1 46.7
12.1 13.3 15.9 18.4 21.1 26.3 27.4 27.4 27.3 32 36.3 40.4 38.9 35.9 36.9 37.1 34.9 27.2 20.5 23 22 19.9 26.7 30.7 20.2 20.4 22.5 23.2 25.2 27.7 28 25.4 26.3 29 30.7 32.5 32.1 29.6 29.4 30.9 30.4 28.5 29 29.9 31.9 35.7 36.7 38.8 40 41.3 36.4 34.8 37 37.2 36.2 34.6 32.5 34 29.9 30 32.9 36.5 38.5 39.5 38.3 36.3 36.7 35.4 36.7 36.1 33.4 24.3 27.6 34.7 35.1 36.1 37.9 39.4 43.9 49.4 51.9 49.7 45.7
11.2 13.5 15.4 19 21.6 23.8 25.7 27.6 29.3 31.3 36.6 38.7 38.7 35.7 33.5 33.9 32.9 26.7 22.1 23.6 21.3 22.1 27.8 27.9 17.9 22.2 23.8 25.1 25.7 27.8 30.1 30.5 27.8 27.7 28.9 27.7 28 28.2 28.3 28.6 28.1 28 28 28.6 30.5 33 32.7 32.4 33.5 34 36.5 36.8 36.5 35.5 35.1 34.4 32.5 32.1 30.9 30.7 31.9 34.6 36.5 36.7 37.1 34.6 32.8 33.3 34.8 35.6 25 25.4 33.3 33.2 35.9 36.9 38.6 40.8 45.8 48.7 49.2 46 44.8
8.6 10.4 10 12.6 18 21.1 23.7 29.3 31.8 32.9 34.6 35.3 33.8 31.8 31.8 31 27.4 25 23.4 20.3 19.9 18.7 24 18 19 22.4 24.2 26.2 28.6 29.7 31.9 33.7 32.1 30.3 28.8 29.9 30.9 30.8 29.2 28.6 28.3 28.2 28.1 28.5 27.9 28.6 29.4 30.6 30.9 31.9 32.9 33.6 34 33.6 33.5 32.4 31.6 28.3 32.5 31.4 32.7 33.8 34.9 34.6 34.6 31.2 28.8 27.9 30.6 30.6 23.4 32.4 34.3 34.4 36.3 36 38.4 41.6 45.6 48.1 48.2 46.8 45.3
10.6 9 9.5 9.5 14.4 17.5 19.9 23.9 28.1 31.6 33.2 32.5 32.1 31.7 32.8 28.3 25.6 24.5 23 22.6 22.7 18.6 17.4 17.9 21 23.4 25 27 30.5 32 32.9 35.6 36.3 34.4 34.7 36.9 35.2 32.3 31.4 31.9 30.9 28.6 28.6 27.8 26.8 26.8 26.9 29.5 29.5 31.5 32.9 31.7 30.9 31 34.4 30 28.1 31.9 34.8 33.3 33.5 34.5 35.2 34.9 33.4 30.7 26 25.4 27.5 23.7 27 31.2 33.3 34.1 35.4 35.7 36.7 41.9 45.3 48.6 48.6 48.7 47
10.6 13.3 14.3 13 12.2 11.4 10.8 14.4 20.1 25 27 25.1 26.1 25.9 27.7 26.3 23.2 22.8 23 21.7 19.2 16.7 17.4 19.6 23.1 24.7 26.8 29.1 31.8 33.4 33.4 36.4 38.5 37.1 37.4 41.8 39.8 34.3 33.2 34.5 33.2 28.8 27.7 27 26.9 26.6 26.6 27.2 28.6 29.4 29.3 29.4 29.7 30.1 30.2 29.6 28.1 28.7 32.9 34.6 34 34 33.1 33.2 33.7 31.9 26.8 24.8 24.1 21.8 26.9 30.2 31.2 33.4 35.7 35.3 35.7 38.2 43.1 46.3 46.9 47 47.2
