ny/ny00_OST50GRID_20230518/NY00.asc
ncols 200
nrows 200
xllcorner 300000
yllcorner 500000
cellsize 50
[rows 111 to 147 of 200, columns 83 to 165 of 200]
54.3 54.9 57.7 61.9 66.4 71.7 67.5 73.7 68.3 61 57.2 69.8 80.8 85.5 87 86.2 83.8 81.9 84.3 86.7 87.9 89.4 92.5 95 98.3 100.9 100.4 101.5 102.4 103.3 104.2 105.6 106.6 107.6 108.6 108.6 109.1 110 110 109.6 107.9 105.6 104.4 104.5 105 106.4 109.5 111 112.4 116.3 120.5 124.7 127.9 129.8 132.4 135.1 138.4 141 141.3 141.7 141.1 140.4 139 137.1 139.5 143.1 142.9 142.1 142.9 143 142.3 140.7 137.1 126.2 112.4 96 80.3 70.3 66.8 69.2 80 94.2 110.4
63.4 59 54.4 58.1 62.4 68.1 64.8 67.9 63.6 57.2 61.9 75.1 84.6 88 88.4 87.2 87.2 84.9 82.2 85.6 87 89.9 92.7 95.6 98.8 101.4 101.9 100.4 101.7 102.7 103.8 105.4 106.4 107.4 108.4 109.1 109.7 110.3 110 109.5 109 107.3 103.8 103 107.9 111.9 113.2 113.3 113.9 115.6 118.5 121.7 126.5 128.1 130.4 133.4 136.2 138.4 139.9 140.5 140.5 139.4 138.7 134 134.2 138.2 138.3 138.3 139.5 140.3 137.3 136 130.8 117.2 103.8 87.1 73.5 65.9 65.7 70.9 84 99.6 111.8
69.2 65.5 58 52.9 53.6 59 60.9 57.4 53.7 57.2 65.6 82.5 88.8 89.1 87.7 87.6 88.3 88.8 84.5 81.1 85 88.1 91.8 95.1 98.5 100.8 101.6 99.7 100.4 102.3 103.7 105 106.3 107.2 108 109.2 109.9 110.4 110 109.4 108.9 108.1 104.3 102.5 111.1 113.4 115 116.1 117 117.7 117 120.6 125.4 126.8 128.3 131.4 132.7 134.1 136.7 138.1 137.2 136.3 137.4 132.8 132.4 132.5 133.6 135.3 136.6 130.4 126.8 123.8 114.8 103.1 90.3 79.8 67.7 65 65.1 74.3 89.3 102.5 110.6
70.8 69.4 62.7 57.1 51.1 51.5 54 50.8 51.1 64 77.9 85.9 88.1 87.2 87.1 87.6 88.9 90.1 89.7 82.8 82.3 85.6 89.2 93.2 96.9 99.6 100.5 99.7 99.3 101.7 102.9 104.6 105.5 106.9 107.3 109.2 111 111.6 110.3 109.6 109.4 109.1 105.1 103.8 112 114 115.8 117.4 118.9 120.2 118.4 118.3 123 125.5 127 128.6 130.5 130.9 131.9 133.2 132.9 132.8 132.7 132.2 131.5 129.8 128 130.5 131 123.2 119.7 112.8 99.7 88.1 78.8 68.1 63.9 63.8 66.5 79.2 91.2 102.3 109.6
71.1 71.5 68.6 63.4 54.5 49.4 49.3 49.2 51.3 63.7 72.2 80.8 85.4 84.4 86 87.5 89 89.3 89.6 86.3 84.7 83.6 83.5 89.5 94.5 97.1 99.2 99.9 98.8 98.8 101 102.3 104 106.2 108.2 110.5 111.6 111.9 111.3 111 111 110.6 104.7 103.1 110.9 113.6 115.6 117.6 119.2 119.7 120.5 116.9 118.6 121.7 125 124.8 127.1 127.9 127.5 127.4 128.4 130.9 132.9 133.3 129.4 128.6 127.8 118 118.2 103.2 110.2 98.4 86.4 78 69.7 64.5 62.6 62.6 71.3 81.9 92.9 100.5 105.5
70.4 70.5 68.1 65.1 56.8 49.9 49 49 51.8 58.2 66.8 75.6 80.8 82.1 85.1 86.7 87.2 87.5 87.6 88 86.7 87.4 89.5 84.5 91.2 94.1 95.9 97.7 98 96.8 98.7 100.9 103 106.4 109.5 110.9 112.1 112.6 112.5 112 111.9 110.9 106.7 100.5 107.3 112.2 114.8 116.6 117 117.3 118.6 118.8 115.6 117.5 120.3 121.4 121.6 123.3 123.8 124 125.4 127.1 128 130.3 130.2 125 125.1 116.5 105.6 102 99.5 85.7 75.3 67.7 64.3 61.1 61.6 62.2 74.6 83.1 90.9 97 101
68.7 67.3 66.2 66.7 62.9 53 49.7 48.6 51.7 54.3 61.4 68.3 72.4 77.2 81.8 84 84.4 84.9 86.4 88.5 88.6 86.4 89.7 87 85.5 91.1 92.3 94.3 95.6 95.2 97.5 100.5 103.8 106.7 108.8 110.7 111.6 112.5 112.2 111.7 111.2 110.7 109.2 102.7 103.8 109.7 112.6 113.3 114.4 115.1 116.9 118.3 117.3 114.9 116.6 117.4 117.9 119 118.5 117.2 117.5 120.3 122.5 123.9 121.5 117.6 113 106.6 98.7 92 87.8 76.5 68.3 62.9 61.1 60.6 61.1 67 75.6 82 88.1 92.6 95.2
65.3 63.9 63.7 64.8 56.9 59.3 57.2 49.5 49.8 52 54.4 63.1 65.2 68.3 74.3 78.5 81.5 83.3 85.5 87.2 88.1 87.2 87.7 89.1 83.4 87.9 89.5 90.7 92.1 92.6 95.6 99.9 103.6 105.6 107.6 109.4 110.4 110.8 110.8 110.1 109.5 109 108.9 107.5 102.3 104.9 107.7 108.5 110.1 113.2 115.8 117.4 116.8 114.6 113.1 116.2 116.6 114.4 111.9 108 107.4 105.9 107.4 109.2 108.5 104.9 102 96.6 91.2 87.3 76.8 68 60.6 59.7 60 60 59.2 70.6 74.3 78.9 84.1 88.3 90.9
62.9 61.2 60.1 61.3 54.7 66.6 69.2 58.8 53.1 50.8 52.5 55.8 60.6 59.2 63.1 72.1 77.4 81.5 83.9 85.9 86.9 87.9 86.5 85.9 87.7 80.5 85.6 87.6 89 91.2 95 98.3 102.4 104.5 106.3 107.6 108.3 108.6 107.6 107.3 107.2 106.8 107.3 106.3 100.4 98.8 100.7 103.6 107 111.1 113.7 114.1 112.8 112.3 109 109.5 113.8 106 101.9 99.7 98.8 98.2 99.7 100.7 98.9 95.4 92.5 87.8 83.8 79.6 74.1 65.1 59.1 59.4 58.4 59 61.7 68.1 70 73.7 79.9 82.9 86.1
61 58.3 57.1 51 60.5 68 71.4 72.5 63.9 48.5 50.5 51.9 55.1 55.9 57.3 64.5 74.5 78.8 82 84.3 85.9 87.3 87.1 85.2 84.9 83.3 79.4 83.2 87.3 90.3 93.7 97.1 100 102.8 105 105.4 105.9 105.3 104.8 104.6 104.9 105.3 105.8 103.9 99.4 97.2 94.8 97.8 104.1 108.1 109.4 109 107.3 104.3 102.8 101.9 104.7 97.1 92.5 91.3 90.7 93.2 93.8 93.4 90.2 87.1 84.3 80.1 76.4 72.2 67.2 59.1 57.2 56.8 57.2 57.6 63.2 65.4 66.8 70.1 76.4 81.1 84.1
60 54.5 48.9 51.5 61.4 66.7 70.3 72.3 73.3 62.4 49.7 48.2 50.1 52.9 53 58.7 71.3 75.8 80.1 82.4 84.3 85.4 86.2 86.1 82 83.1 76.1 79.9 85.9 88.1 91.3 95.1 97.3 99.6 102.3 102.8 102.7 101.7 101.3 101.7 102.7 103.7 103.3 100.7 95.8 94.9 94.5 97.9 99.6 102.6 102.3 102.3 101.1 97.6 95.2 94.5 95.9 91.1 84.1 82.7 85 88.1 88 86.8 83.9 80 76.5 71.5 67.1 65 57.7 56.2 56.4 56 56.4 60.6 61.5 61.1 64 70 75.9 79.6 82.3
55.3 48.7 50.9 54.8 58.7 64.1 68.2 70.4 72 72.6 59.7 51.6 46.4 49 50.9 56.5 66.5 73.3 77.7 79.8 82.6 83.8 84.7 84.7 82.3 75.9 78.9 73.2 84 86.1 88.9 92.7 95.3 97 98.5 98.8 98.2 97.7 97.9 98.4 99.9 100.4 99.9 96.9 93.8 92.3 92.6 92.3 94 94.7 95.4 94.6 92.5 91.5 89.2 87.1 85.7 82.1 76.5 76.3 80.1 82.7 81.9 80.3 77.1 73.4 68.3 62 60.9 56.7 54.8 55.5 56.1 55.2 58.6 57.5 57.5 59.2 64.4 70.8 74.7 79 80.8
51.8 47.7 48.5 53.2 55.6 59 64.6 69 70.5 71.7 70.6 59.3 47.5 45.9 48.3 53.3 63.6 70.2 73.5 77.6 79.9 82 82.6 82.4 80.3 68 68.6 71.5 80.8 83.6 86 89.6 92.4 94 94.2 93.4 93.9 93.4 93.8 94.3 96 96.1 95.3 93.8 90.9 86.6 89.3 87.8 84.5 86.2 88 88 86.9 85.7 84 81.1 77.1 72 70.1 71 75.9 77.1 76.9 72.8 69.4 66.3 60.7 56.5 53.8 53.7 54.9 54.5 54.5 53.8 56.9 55.6 54.8 59.1 65.3 70.7 75.4 78.4 79.6
47.1 45.2 47.9 55.7 57.1 52.6 61.6 67.1 68.3 69.4 69.6 64.7 55.9 48.6 44.5 49.4 61.2 66.1 69.9 74.1 76.9 79.3 80.3 79.6 75.8 65.9 68 75 80.7 82.2 82.6 84.9 88.5 90.5 90.8 89.9 89.7 89.6 90.2 90.6 91.6 91.7 91.6 90.8 87.3 82.1 82.9 84.7 84.4 76.9 79.4 82.1 81.8 80.8 77.5 72.6 68.5 66.7 65.6 68.8 71.1 71.7 70.2 65.6 62.2 60.2 55.7 52.3 53.1 52.9 53.7 53.7 53.3 52.8 52.5 55.4 54.1 58.2 64.6 70.2 75.7 78.1 80.2
43.7 43.4 47.6 53.5 59.2 57.1 54.9 64.6 65.4 66.4 67.4 66.9 62.7 53.3 46.4 43.9 52.3 64.8 70 70.8 72.1 73.4 77.7 76.8 75.5 64.8 69 75.4 81.3 82.3 82 82.9 83.6 86.2 87.3 87.9 86.9 86.8 87 87 87.9 88.6 88.6 87.1 83.1 79.1 77.6 82.5 85.1 73.4 72.3 76 76.4 74.6 70.7 66.3 63.4 62.1 61.7 65 66.9 66.4 64 59.6 58.3 56.7 54.1 52 52.1 52.6 53 52.5 52.5 52.1 52.2 51.6 54.5 57.6 64.7 70.1 75.6 80.1 82
41.9 41.6 44.4 50.7 56 59.5 52 54.9 62.2 63.7 64.5 64.7 63.3 59.6 52.3 44.2 48 60.1 67.3 71.9 70.9 70 71.1 73.5 72.7 65.1 67.5 74.8 80.6 84.4 84 82 81 81.3 83.1 84.6 84.5 84.7 84.4 84.2 84.7 85.4 85 81.5 78 75.4 76.8 80.4 77.1 66.4 67.9 69.9 70.5 67.9 64.3 61.6 60.2 60.6 60.3 62.4 62.3 61.4 58.4 55.6 54.3 53.5 51.4 50.6 50.9 51.3 51.8 51.6 51.7 51.8 51.5 51 54.5 57.6 65.2 70.6 75.8 81.8 86.5
40.6 40.9 43.5 47 53.3 58.1 59.7 54.7 53.6 59.9 61.2 60.8 59.7 58.2 55.3 46.5 44.5 53.3 59.3 65.1 70.6 72.4 69.3 68.5 70.1 64.4 65.4 72.9 79.6 83 83.4 83.4 81.6 79.5 79.2 79.8 81.2 82 81.2 79.8 80.4 79.6 78.3 75.9 72.9 71.1 72.1 71.1 68.5 64.3 64.2 64.4 65.5 63.3 60.5 58.6 58.7 59 59.1 60.3 59.3 58.1 56.2 55 53.6 50.9 49.7 50 50 50.1 50.7 50.7 50.7 50.6 50.6 49.9 54.4 58.6 66.6 72.6 79.1 85.2 90.6
40 40 41 44.7 51.1 55.3 58.1 58.5 51.2 51.6 55.6 56.7 55.6 54.4 52.7 45 41.9 48 51.3 57 65.8 70.6 70.2 64.8 67.2 63.5 64.3 70.3 75.3 78.3 81.1 82.7 83.8 82.5 78.7 76 76.1 76.3 75.4 74.5 73.9 73.5 71.5 69.8 69.2 67.2 67.9 66.7 66.4 63 60.1 61.1 60.7 60.7 59.6 56.6 56.5 57 58.8 58.6 58.2 57.7 54.9 53.8 51.3 49 49.1 49.4 49.6 49.5 49.6 49.6 49.5 49.5 49.5 49.1 54.7 60.9 68 74.5 80.3 85.7 90.6
38.3 38.6 40.1 41.2 47.3 51 54.1 55.2 53.9 49.8 51.6 52.3 51.4 49.1 44.7 40.4 45 49.6 50.3 50.9 61.4 66.8 67.3 62.8 65.2 62.6 63.9 65.5 68.9 71.9 76.7 80.2 82.1 78.7 75.9 75 74 73.2 72.1 70.7 70.1 68.9 67.3 65.4 65.6 63.3 64.4 64.6 61.1 60.3 59.4 58 56.3 55.5 57.1 55.5 55.6 57.2 58.9 58.8 58.4 57 53.5 51.4 48.8 47.2 47.8 48.3 48.9 49 49 49 48.4 48.3 48.4 49.5 56.1 63.5 70.6 76.1 81.1 84.3 86.6
37.3 37.4 39.2 39.1 42 46.4 48.5 50.3 53.3 51.8 50.2 49.2 47.3 45.3 41.1 40.3 44.8 50.9 54.5 49.8 57.1 62.4 64.4 63.2 60.2 60.8 62.6 63 64.4 67.9 72.4 75.7 74.6 75.7 75 73.2 72.6 71.7 70.3 69.9 67.2 64.9 61 59.6 59.2 58.5 59.2 59.3 58.9 58.6 57.9 57.3 55.2 53.9 54.4 54.5 57.1 58.8 58.8 59 58.9 56.9 53.2 51.7 47.7 46.5 47 47.5 48 48.1 48.2 48.4 47.8 47.5 47.5 52 60.1 67.6 72.1 77.2 79.8 79.7 78.4
36.5 36.7 37.7 37.9 38.9 40.6 42.7 45.2 48.1 50.5 48.7 45.5 45.6 42.2 39.3 41 42.6 46.4 52.1 50.4 52.2 58.3 61.1 60.1 57.5 59.8 60.6 60.4 61.9 64.4 67.3 70.1 71.8 71.4 70.6 69.3 69 70 68.9 67.3 62.9 58.9 58 57.8 58.1 58.1 58.4 57.9 57.8 57.5 57.2 56.6 54.7 53.6 53.7 55.4 57.8 58.8 58.5 58.4 58.2 55.7 53.5 54 46.5 46 46.1 47.1 47.2 47.2 47.3 47.4 47 47.3 50.5 57 64.4 69.7 73.2 74.6 73.6 71.1 67.6
35.4 37.1 37.7 37.4 37 38 38.6 39.2 41.1 43.5 44.4 42.9 42.6 39.3 39.4 41.2 41 43.4 49.1 51.3 48.7 49.6 51.7 53.1 54 57.8 58.4 57.8 59.6 61.4 63 64.4 66.3 65.9 65.7 64.4 66.5 69.4 64.5 60 56.7 56.7 58.2 58.8 58.1 56.7 57 57.4 59.2 58 56.7 55.6 54.5 53 55.3 56.2 57.8 58 58.2 58.1 57.5 56.4 55.9 52.3 45.6 46.2 45.6 46.3 46.3 46.4 46.4 46.4 46.2 46.5 53.9 59.8 64.9 68 69 67.5 63.4 61.3 57.9
36.2 37.3 37.3 36 33.2 33.7 33.8 34.5 35.2 36.1 37 37.4 37.3 38 38.5 40.9 40.3 41.9 45 49.2 48.3 48.3 49.3 50 50.6 51.8 57.3 53.7 54 54.9 57.2 59.2 60.5 61 60.2 61.2 63.3 61.7 56.6 56.3 57.6 59.6 60.7 60.8 57.7 55 55 56.4 58.8 56.9 57.4 57.1 54 51.1 53.6 55.5 56.3 57.1 57.7 56.5 56.4 55.9 56.8 52.2 45 45.1 45.1 45.1 45.3 45.4 45.5 46 46.7 46.1 52.4 57.6 60.3 61.8 60.7 58.1 54.5 52.2 47.3
35.5 36.1 34.7 31.7 33.4 34.9 36.5 36.2 36.2 36.4 37.1 37.3 37.3 38.3 38.6 38.7 40.5 41.9 42.7 44.5 47 50.2 51.1 51.4 50.7 49.7 47.6 48.9 48.9 48.6 50.6 54.3 54.7 54.8 55.9 58.8 58.7 56.2 54.6 57.7 59.4 60.4 60.6 60.7 59.7 57.4 58.1 58.3 55.8 55.8 55.7 56.2 57.2 55.2 49.8 49.2 50.7 54.4 55.6 55.1 55.2 54 55.1 52.3 44.4 44.7 44.7 44.7 44.8 44.9 45 44.7 45.5 45.3 45.2 50.4 53.2 53.4 51.7 48.8 47 44.8 44.3
32.6 32 31.7 33.2 36.3 39.8 41.1 41.3 39.9 38.7 38.3 39.1 38.8 38 37.9 38.1 40.4 42.5 42.9 43.5 49.4 53.6 56.2 56.8 54.1 54.9 48.2 45.7 46.6 46.8 48 48.9 49.9 50.5 52 53.4 54 53 54.1 58.2 59.6 59.7 57.7 56.4 54.4 54.3 55.6 56.5 53.3 54.7 54.5 55 55.3 56.6 56.7 53 46.7 46.5 49.1 53.6 54.2 53.4 52.2 53.8 44.2 44 44.2 44.2 44.3 44.4 44.5 45 45.1 44.6 44.5 43.8 43.7 43.8 43.4 44.2 41.9 39.5 40.7
30.3 31.5 34 35.1 37.8 40.7 42.8 42.3 42.2 41.8 40.3 39.9 37.9 37.6 37.2 37.1 38.6 39.9 41 40.3 46.2 50.9 54.9 55.7 52.2 49.9 46.8 44 45.2 45.2 46.8 47.4 46.7 47 46.7 47.7 49.4 49.5 53.2 59 57.1 53.7 51.6 50.1 50 50 50.3 51.2 51.4 52.3 53.6 54 53.7 53.9 56 56.5 56.9 48.7 45.6 47 52.5 52.7 51.8 51.2 46.5 43.3 43.1 43.6 43.7 43.9 44 43.9 44.3 43.9 43.7 43.3 42.8 42.3 42.3 41.2 39.9 38.8 38.1
32.7 33.9 34.8 35.6 37.9 40.7 44.4 46 46.6 45.4 42.2 40.6 39.4 37 36.4 36.6 36.4 38.2 42.1 41.3 41.9 47.6 49.3 51.3 48.8 47.4 46 44 42.4 44.2 45.5 45.8 44.6 45.5 46.8 48.9 47.4 47 51.9 54.2 51.3 49.1 48.6 48.5 48.5 48.6 49 49.3 49.9 49.7 50.9 50.7 51.8 52.4 54.6 55.2 56.2 56.5 54 45.1 47.5 50.8 50.2 52.3 49.1 43.3 42.4 42.9 43.1 43.2 43.5 43.7 42.8 43.2 43 42.6 41.9 41.4 41.5 40.4 39.5 38.6 37.9
32.7 34.1 35.3 35.9 36.6 39.8 44.3 48.7 49.3 48.3 44.7 41.3 39.4 37.4 36 35.3 36 38.5 40.4 41.9 41.6 43.5 45.3 46.3 47.1 47.3 45.8 43.4 40.9 41.9 43.6 44 43.2 44.9 47 48.7 46.9 45.3 47 47.6 48 48.4 48.3 48.2 48.2 48.4 49.3 48.5 49.2 48.5 48.6 48 48.1 49.6 50.3 52.2 54.5 54.8 54.5 49.3 43.6 45.1 52 52.9 50.5 44.8 45.2 42.1 42.5 42.1 42.7 43 43.3 43.5 42.5 42 41.6 41.1 40.5 40.3 39.3 38.5 37.6
31.9 33.6 34.7 34.9 35.4 38.9 42.3 46 48.5 50.1 47.7 44.3 40.7 38.5 35.8 34.7 34.5 37.5 38.9 40 42 42.5 45 45.7 46 46.3 45.1 45 42.9 39.7 41.1 41.3 42.3 44.6 46.7 48.1 46.9 47.3 48.2 54.2 52.9 49.2 48.6 48.3 48.3 48.8 48.2 47.8 47.8 48.2 47.9 47.3 46.4 46.7 47.4 48.7 50.5 50.6 49.5 47.4 43.3 42.9 51.3 52.4 50.8 47.1 49 42.7 41.5 41.5 41.6 42.2 42.1 42.1 41.8 41.7 41.3 40.8 40 38.9 39.1 38.1 37.4
31.6 31.9 32.5 32.3 34.1 36.9 39 43.4 47 49.1 49 46.4 41.7 38.2 35.5 34 34.2 36 37.3 36.6 38.6 41.9 44.7 46.2 45.1 45.2 44.3 43.6 41.6 38.7 39.7 40.9 42.4 44 45.1 45.1 45.4 48.7 51.5 56.2 53.8 53 50.5 50.5 50.3 49.6 48.8 48 46.7 45.6 45 45.2 45.8 45.7 44.5 46 46.8 47.9 46.5 42.6 42.2 42.3 46.9 50.5 49.2 47.4 43.8 42.5 41.3 40.9 41.2 41 41.2 41.6 41.8 41.8 41.2 40.7 40 39.4 38.7 38.3 37.3
31.1 31 31.3 31.4 33.3 35.4 37.7 41 44 47.6 49.1 47.8 43.7 38.7 36 33.9 33.8 34.9 36.9 36.4 36.3 38.7 43.1 47 46.2 47 48.2 42.5 39.8 38.2 39.6 41.1 42.3 41.6 42.1 41.4 46.6 49 53.3 55.3 52 53 52.7 52.1 51.5 50.5 50.3 49.6 48.8 46.8 45.3 45.4 44.4 44.1 44.1 44.4 43.6 45.2 43.7 41.9 41.7 41.9 45.9 49.3 46.8 45.3 42.7 43.8 41.2 40.8 40.4 40.4 40.5 41 41.2 41 40.6 41 40.4 39.3 38.6 38.5 37.6
31.3 31 31 31.7 33.3 34.2 36.6 39.5 43.2 46.9 49.3 49.4 45.8 41 37 33.9 33 33.7 36 36.5 35.9 36.1 39 43.9 47.1 47.6 45.3 41.9 36.8 38 40.3 41.1 41.2 41.2 40 41.4 46.1 47.3 51.8 51.1 50.7 54.2 53.3 53 52.8 50.4 49.5 49.2 48.3 46.3 46.4 47.1 47.5 47.1 45.6 45.7 44.7 45 44.4 43.1 41.1 41.7 41.6 42.8 43.7 43.1 44.8 42.8 49.2 42.5 40.3 39.9 39.7 39.9 40.1 40.2 40 40.2 40.1 39.2 38.5 38 37.3
32 29.9 30.4 31.6 32.4 34.3 35.6 37.7 41.3 45.3 46.7 49.7 48.4 44 37.8 35.2 33.4 32.9 34.8 36 36 35.5 35.9 40 45.1 45.5 41.1 37 36 36.3 37.7 39.3 39.2 39 39.5 43.3 45.4 46.6 46.9 46.9 49.2 54.9 53 52.6 52.3 51.7 50 50.6 50 48.7 49.2 51 51.9 50.8 49.2 47.8 46.2 45.4 44.6 44 41.9 41 40.8 40.1 40 41.4 45.4 43.7 47.9 40.2 39.7 39.6 39.5 38.9 39.1 39.2 39.2 39.3 39.3 40.1 38.9 38.6 38.5
26.7 27 27.5 28.3 29.6 31.7 33.8 34.5 37.9 42.4 43.7 47.7 50.1 46.2 40.4 36 33.8 32.1 34.3 34.9 34.4 34.3 35.5 38.3 38.2 40.5 36.7 35.5 34.9 34.9 36.2 37.7 41.8 42 42.8 43.5 43.7 44.4 45.8 47.2 48.6 54.4 55.3 52.2 50.1 51.4 53.5 53.9 54.7 52.7 53.4 54.6 56.8 56.1 52.2 49.7 47.4 46.1 44.8 44.3 41.4 40.6 41 40.9 39.8 39.6 43.6 45.6 43.7 40.3 39.5 39.4 39.3 39.1 38.2 38.5 38.8 38.5 38.9 39.4 39 38.2 37.5
27 25.7 25.5 26 27.2 29.7 31.9 33.4 34.9 38.5 41.7 46.6 48.5 46.8 44.1 40 35.6 33.7 32.8 33.1 34 35.1 35 36.2 37.2 36.1 35.4 33.6 33.9 34.4 37 39.3 40 43.4 44 43.3 43 43 44.6 46.6 46.6 51.4 54.9 55.8 54.2 51 53.1 56.3 56.4 57 57.4 56.7 57.5 56.1 52.5 50.3 47.7 46.6 46 44.6 41.8 40.7 40.6 42.2 40.4 39.7 39.5 39.4 39.6 39.5 39.6 39.2 39.2 39 39 38.3 38.4 38.3 37.9 38 38.2 37.3 37.1
30.9 27.7 26.1 25.5 26.3 27.5 28.7 30.8 33.2 36 39.4 43.7 45.3 46.3 45.3 42.3 38.4 35.6 32.7 31.8 33.1 33.7 33.6 33.4 33.8 34.6 34.5 33.4 34.1 35.6 41.1 41.3 42 42.9 43.4 43.3 43.2 42.8 43 44.6 45.5 47.6 51.7 56.2 56.6 50.9 52.5 56.4 56.5 58.3 58.4 57.3 55.1 53 52 50.5 49.3 46.9 45.1 44.6 42.3 42 40.9 41.8 40.4 40.1 39.7 39.6 40.9 40.4 42.3 42.9 39.5 39.2 38.4 38.2 38.1 37.8 38 37.1 37.1 36.6 36
33.4 31.6 28.6 26.5 25.9 25.9 27 27.6 29.4 33.7 37 39.6 41.7 44.2 41.7 40.7 38.4 34.6 32.6 30.9 32.1 32.2 32.1 32.6 33.9 34.1 32.9 33.7 34.7 35.7 39.6 40.6 42 44 44.8 45.1 43.8 43.5 43.9 44.9 45.6 46 49 57.2 56.1 52 52.3 54.7 55.5 57.3 57.6 55.7 53.7 51.7 50.5 49.9 48.5 47.7 46.5 44.7 43.5 43.3 42.3 41.2 40.3 41.6 42.3 44.5 46.3 45.1 44.2 46.8 45.9 41.4 44.7 42.4 39.3 38.1 37.7 37.2 36.6 45.6 50.3
