ny/ny00_OST50GRID_20230518/NY00.asc
ncols 200
nrows 200
xllcorner 300000
yllcorner 500000
cellsize 50
[rows 0 to 36 of 200, columns 83 to 165 of 200]
153.8 162 169.3 176.1 183.2 190.5 197 200.6 204 206.9 207.8 209.3 203.7 192.8 186.9 178.5 177.2 177.7 178.5 181.8 193.3 200.9 207 211.3 214.2 217.4 219 220 218.6 215.4 210.4 210.5 215.7 219.5 221.3 221.2 219.8 215.7 211.9 209.2 205.6 203.9 203.4 196.9 189 176.2 156.4 165.7 185.2 190.9 203.2 209.5 213.4 217.1 220.6 223.2 226.1 228.6 231.2 233.4 235.8 239.6 241.7 243.9 245.8 246.3 246.6 247.5 248.9 251.3 254.2 257.4 260.3 262.8 264 266.3 269.9 270.6 273.4 273.8 276.3 279.5 283.1
157 164.9 170.2 177.2 184.7 191.8 195.6 198.7 202.3 204 205.2 204.7 198.1 188.1 180.8 176.7 175.7 176.8 173.6 181.8 194.8 202.3 207.4 212.2 215.9 221.5 224 225.4 223.9 222.2 219 219.9 223.7 225.3 225 225.4 224.1 220.5 217.7 214 210.4 208.3 206 201.3 194.5 179.9 159.4 156 178.1 187 201.3 207.7 213.2 216.5 221.7 223.8 227 229.8 232 234.2 237.1 238.8 240.2 242.8 247.4 245.3 243.3 243.5 244.2 245.9 248.4 252.2 255 256.7 257.3 257.4 260.5 263.2 264.7 264 266.3 269.5 273.6
158.7 165.9 170.8 176.2 184.3 188.8 192.2 195.6 198.4 200.1 201.6 199.6 190.7 181.9 176.6 174.1 174.8 174 179.2 188.9 197.2 203.6 209.5 213.9 220.8 225.9 229.2 230.5 227.7 226.2 225.7 226.3 227.9 229.3 228.9 229 227 223.2 220.4 216.4 212.7 210.5 208 205.3 198.4 180.9 158.4 151.7 164.7 184.9 199.1 206.1 211.6 216.4 220.7 224.2 227.1 230.5 232.6 233.9 234.5 235.6 237.7 241.4 240.5 238.3 237 236.8 238.2 239.7 242.8 245.2 246.7 248.5 249.3 249.9 252.1 252.5 254.5 256.9 258.2 260.2 264.1
159.4 165.5 170.9 175.3 181.2 184.1 188 191.3 193.7 195.6 194.8 190.5 183 177.6 174 172.3 173.1 169.1 183.8 193.1 198.5 205.1 211.2 218.4 226.6 231.9 235.7 237.1 236.1 231.7 229.8 229.8 231.3 233.1 233.8 232.6 230 225.7 221.9 219.1 216 209 206 203 196.1 181.4 158.6 148.7 158.5 180.6 197.8 204.1 211.2 215.9 219.4 223.3 226 228.1 229.9 230 230.2 230.5 232.5 233.1 231.6 231 230.6 229.8 232.3 232.6 234.4 238 240.5 242.1 242.8 243 244.5 244.6 244.6 247.7 250.2 251 258
156 162.8 167.3 172.5 176.6 179.4 182.4 185.8 187.7 188.2 186.5 182.5 177 174.3 171.3 172.8 169.5 168.7 186 192.7 199.7 207 215.3 222.9 230.1 236.7 243.3 245.4 243.8 241.7 239.3 237.5 238.1 240.1 240 238.3 234 229.6 224.5 219.9 214.4 207 203 197.6 191.9 177.3 157.7 144.9 161.3 185.9 199 205.7 210.4 214.6 217.6 219.4 221.9 223 222.7 222.7 222.4 222.6 222.1 223.7 224.4 222.7 222 221.7 222.1 223.3 224.9 229.8 232.7 231.7 232.5 232.7 233.5 235.1 237.3 241.2 243.5 246.2 250.6
149.6 157.5 163.8 167.6 171.5 175.1 177 179.6 182 182.5 179.6 175.1 171.8 168.9 168.8 172.8 168.1 173.8 184.7 191.5 199.8 208.6 216.5 225.7 234.2 241.5 249.2 252.7 253.7 252.1 249.7 248.4 247.9 247.2 245.3 242.5 235.8 229.9 224.4 219 213.3 209.7 199.4 188.3 178.3 166.1 153.4 143.7 169.1 188.5 198.2 203.5 208.1 211.4 213.4 215.3 215 214.4 212.4 210.3 211.4 214.9 215.6 215.4 214.9 214.4 212.3 209.8 208.1 206.9 209.1 212.3 217.9 219.6 222.4 223 224.3 225.7 230.7 233.6 235.3 238.9 241.9
146.8 152.3 158.7 163 167.2 170.6 172.7 175.2 176.2 176.5 173.4 169.5 166.4 164.5 168.6 172.6 169.5 167.4 177.8 189.1 198.8 208.2 216.7 226.7 235.1 243.4 251.8 257.3 260.6 261.5 260.8 257.1 255.2 252.6 249.1 243.9 236.8 229.5 222.8 217.3 212.1 206.4 200.4 187.2 169.5 157.2 143.2 147.8 176.6 189.5 197.9 202.7 205.5 207 207.8 206.6 206 203.7 202.2 199.6 200.9 205.5 201.1 198.9 200.7 201 196.2 190.9 190.1 184.5 189.1 194.5 197.3 202.1 204.3 211.4 213.6 215.6 218.9 222.6 227.9 230.7 232
145.1 150 154 158.2 162.3 165.6 167.7 170.1 170.5 170.9 167 163.8 161.3 162.8 167.1 170.5 170.2 168.7 181.1 189.4 197.9 206.7 215.9 225.3 234.9 243.4 251.8 260 264.3 267.5 267.7 264.8 259.8 256 251.4 245.6 238.8 230.7 222.2 215.7 209.4 203 194 182.7 167.5 148.9 137.3 152.5 177.3 188.3 196.2 199 201.1 202.6 200.4 196.7 193.3 191.7 190.5 187.3 184.1 183.9 185 188.6 181.4 179.9 174.5 171.6 168.3 168.5 172.5 176.9 182.6 186 189.6 191.8 195.8 199.7 205.6 211.4 215.7 219.5 221
140.1 145.4 149.9 154 158.9 162.5 162.9 163.6 165.2 165.4 161.3 158.6 157.6 161.5 165.4 167.4 164.9 173.8 182.6 187.3 195.8 205.1 214.1 224.5 234.9 242.9 251 259.3 265.9 270.8 272.7 271.2 264.9 258.6 252.7 247.3 240.2 231.6 221.1 214.1 208 200.1 190.9 177.2 161.9 144.3 140.3 156.9 178.9 186.9 192.2 195.1 194.9 194.2 191 187.2 180.9 178.4 175.7 173.9 172.8 172.9 171.7 168.4 163.7 159.1 155.8 149.2 150.9 150.3 153.9 159.1 165.6 170.5 174.8 178.9 183.7 188.5 190.7 194.4 204 208.5 211.7
136.3 144.5 147.5 150.4 155 158.1 159.1 156.2 156.4 154.3 153.8 154.2 155.1 160.2 164 162.7 169.7 176.8 181.2 186.1 193.1 203.7 214.3 222.5 232.9 241.8 250.4 258.4 266.4 272.5 276.1 276.1 270.1 261.5 253.9 247.4 240.3 231.5 222.1 212.5 205.1 195.5 184.9 173.6 157.2 140.8 138.8 163.8 178 184.1 187.8 190.4 191.2 187.2 182.9 176.2 169.6 163.2 158.2 155.4 160.4 159.9 150.7 144.1 142.7 143.8 142.5 142.8 144.3 145.1 146.7 148.2 150 152 157.9 161.1 170.8 178.8 179.1 186.4 192.4 197.9 201.3
135.5 144.6 145 147.2 150.1 153 156.1 156.6 155.5 154.1 152 151.3 153.3 158 161.4 162.4 170.1 174.8 179.1 183.7 192.2 202.2 213.6 221.6 230.1 239 247.8 257.5 267 273.6 277.8 279.6 275.6 267.1 255 246.4 239 230.2 220.6 212.2 201.8 192 182.5 169.5 154.2 139.5 136.8 167 175.9 180.6 183 185.5 185.6 180.4 173.5 164.7 155.6 148.4 143.3 138.2 140.7 136.4 137.2 136.8 137.4 138.8 140.2 141.6 142.2 142.7 145.5 147.6 147.9 149.2 150.4 155 158.6 161.6 173.5 177 182.5 186.4 191.4
134.9 141.3 141.8 143.8 147.7 149.5 151.9 154.6 153.8 151.8 149.5 149.4 151 156.7 161.1 159.9 167.1 173 176.9 182 190.6 200 211.6 220.2 227.6 236.3 245.7 254.7 265.4 273.2 278.9 280.9 279.9 272.3 258.8 247.8 237.7 229.4 219 209 200.3 190.4 179.2 166.3 151.7 139 133.2 160.4 173.6 178.2 181.5 182.7 179.1 170.9 160.1 150.9 140 134.2 132.1 132.9 133.6 135 134.9 138.2 138.4 139.9 140.5 141.3 141.8 143.9 144.3 146.8 147.1 148 149.4 150.4 151.8 153.9 156.5 159.9 172.6 174.1 180.8
135.7 136.2 139.1 143.4 145.9 143.9 144.9 147.8 151.5 147 146.7 148.2 148.8 155.3 159.4 157.1 165.8 171.3 175.4 180.2 189.1 198.8 206.9 215.4 224.1 231.8 240.8 251 260.9 271.7 278.5 283.8 283.6 276.9 264.4 249.9 238.4 228.6 218.6 208.4 199.6 188.6 177.7 167.2 153.2 139.8 130.2 160.6 171.7 177.4 179.1 177.1 169 155.5 145.2 131.2 129.8 130.2 131.4 132.7 133.7 135.4 140.8 141.7 144.9 147.5 149.2 151.5 151.7 155.4 151.4 151.2 151.9 153.8 153.6 154.6 151.2 152.8 154.6 154.8 157.9 162.6 172
134.6 137.9 142.8 146.4 148.8 149.5 150.3 150.8 150.2 147.6 147.5 147.9 149.4 153.1 155.4 158.6 165.4 170 174.1 179.6 187.2 195.5 204.4 211.3 218.8 227.1 236.3 246.3 257.7 267.8 277.5 284.2 286.6 284 272.1 254.9 240.1 228.2 215.2 207.6 198 187.5 178.2 169.7 158.6 141.4 128.8 152.8 168.7 173.6 171.3 166.8 156.4 141.6 127.5 128.6 129.7 132 133.5 136.5 141.8 147.5 149.1 152.3 156.4 159.5 163.2 165 164.6 166.2 169.3 171.1 165.1 168.4 168.8 165.5 162.3 160.4 159 158.8 157.3 157.4 157.8
136.4 141.1 145.2 148.8 151.8 154.6 156.9 159 157.6 154.7 151.6 149.1 150.5 151.7 155.4 160.6 164.9 169.3 173.9 178.9 185.1 192.3 200 206.4 213.8 220.9 229.7 243.6 253.9 265.1 275.9 283.5 288.6 287.3 280.3 262.8 245.8 229.6 216.3 204.2 192.9 185.9 175 167.4 156.5 142.5 126.7 154.4 166.5 167.4 162.5 154.5 141.1 126.6 126.6 127.5 130.9 135.6 144.3 151 153.6 157.8 159.6 165.1 169.7 174 178.9 180.5 180.7 181.7 182.1 183.6 178.4 180.9 180.3 178 176.4 174.3 172.6 170.6 168.8 164.1 160.1
137.8 142.4 147.1 151.1 155.9 159.8 162.9 164.1 162.9 160.2 155.6 152 150.7 151.7 154.6 159.2 163.8 168.7 173.3 178.4 182.6 188.4 195.2 202.7 209.8 216.5 227.1 241.2 252 264.2 275.3 284.8 289.3 289.9 285.3 271.7 252.2 235.5 221.6 211 198.5 187.8 177.2 164.7 150.9 138.2 125.3 142.1 164.1 159.7 152.7 140.2 125.3 125 127 135.8 142.4 149.8 158.8 165.7 168.6 170 172.5 178.6 184.1 190 195.7 196.5 197.6 198.5 198.6 198.5 193.7 196.1 194.6 194.3 189.9 188.1 185.8 182.5 180.2 177.6 172
139 143.8 149.5 154.9 159.7 164.5 168.1 170.6 168.6 164.7 158 152.5 149.9 150.9 153.7 157.6 161.8 166.7 171.2 176.7 183 187.8 195.1 202.2 211 219.6 228.4 240.6 254.1 265.2 276.2 284.7 288.9 290.4 288.5 279.9 263.1 244.2 229.1 215.9 204.7 191.9 176.5 165.2 149.8 134 124.5 129.1 157.2 154.5 138.7 123.7 124 130.9 138.1 145.6 153.9 160.2 169.2 180.7 183.3 183.6 184.4 192.2 196.5 201.8 208.2 211.9 213.4 213.8 213.3 212 210.3 210.8 209.1 207.4 204.7 202.4 197.9 194.1 191.8 188.5 186.2
141.4 147.4 153 157.9 163.5 170.8 175.5 175.4 171.9 166.8 157.5 151.9 148.6 149.4 151.9 156.1 160 164.6 169.3 174.5 181.4 188.6 195.4 203.2 213.1 222.8 233.1 245.2 258.4 267.9 276.5 283.2 289 290 289.2 284 271.2 254.3 236.5 221.4 208.8 196.3 181.5 168.6 152.7 137.5 122.6 126 146.9 146.5 125.6 123 128.3 136.1 141.2 149.6 158.9 165.9 172.1 182.1 192.1 196.4 196.5 202.9 205.4 211.9 221 222 224.7 226.8 225.6 223.2 221.2 221.5 219.1 217.5 215 212.8 209.6 206.4 203.7 201 198.3
142.1 148.9 155.5 160.9 168.3 176.3 180.7 179.3 174.8 167.1 156.6 149.5 145.4 146.2 149.7 154.9 158.9 162.8 167.4 173.9 180.9 189.2 197.3 205 216.1 228 239.6 251.9 261.7 268.4 276 281.7 286.7 288.8 288.5 285.1 276.6 263.2 244.6 227.4 210.9 196.5 183.5 171 157.4 143.8 128.7 122.7 122.1 121.1 120.4 129.9 135.4 140.1 147.1 153.2 158.7 167.2 174.5 185.7 199.4 206.9 209.9 212.9 217.9 223 229.1 232.6 236.2 237.5 236.8 233.5 231.8 230.7 229.1 226.8 224.3 223.3 221.2 218.4 215.7 213.5 210.5
145.4 150.9 156.6 163.5 171.7 179.2 182.3 180.4 174.3 165.6 154.9 146.9 142.2 140.4 144.6 152.4 156.4 159.5 164.3 172 181.6 190 199.5 209.9 220.3 232.5 243.8 254.2 262.6 269 275 280.5 284.4 287.4 287.1 284.3 278.4 269.1 253.4 235.4 219.2 203.9 191.4 178.7 161.3 150 134.6 120 119 120.2 127.6 133.6 138.1 142.9 151.5 156.1 162.4 168.9 177.6 191.1 204.5 215.5 221.3 224.1 228.9 234.8 237.9 243.4 244.9 245.5 245.8 243.1 239.8 238.9 238 236.7 234.5 233.7 232.7 230.7 227.9 224.8 223.2
146.7 151.3 157.9 164.6 174.1 180.4 181.8 178.4 171.8 163.3 152.3 143.1 137.6 137.8 141.9 148.8 152.4 156.6 163.3 173.6 182.1 191.6 200.8 212.3 223.3 233.5 244.8 254.5 262.9 268.7 273.4 278.4 282.7 284.8 285 281.9 278.2 271.5 259.2 242.2 226.3 212.2 197.3 185.4 171.4 157.9 144.7 132 119.2 123.5 131 135.3 137.5 146 155 160.8 166.2 172.2 179.5 194.1 209.1 222.3 229.7 231.4 235.1 239.1 245.2 250.8 253.9 253.3 251.7 249.1 247.7 246.9 246 246.1 246.4 246.7 245.4 243.6 240.6 237.5 235.1
147.9 152.9 160.3 167.2 173.8 178.8 179.6 175.7 168.6 159.3 150.6 140.1 135.1 136.2 141.4 146.9 152.6 158.1 163.6 173.5 184.6 192.4 202.6 213.4 223.4 233.1 244.4 254 262 267.9 272.1 277.3 280.1 281.5 281.2 278.4 275.9 271.9 262.8 248 231.2 217.6 203.9 190.5 175.8 161 148.9 140.9 127.4 116.1 132.4 136.6 139.3 151.4 160.2 165.5 169.1 172.4 183.3 197.4 212.9 228 237 239 240.9 243.7 251 255.6 258.2 260.6 259 256.9 255.9 255.1 255.5 256.1 258.8 259.6 258.4 256.6 253.7 250.9 247.9
149.8 154.9 161.6 168.4 173.4 176.3 176.9 171.9 165.3 156.5 148.1 138.9 133.2 133.8 142.5 148.5 153.1 159.2 165 175.1 184.4 193.3 202.7 212.5 221.7 230.7 241.7 252 260.4 266.2 270.7 274.6 277.1 277.2 275.8 272.8 272 269.4 263.3 250.4 234.7 221 206.7 193.9 180 165 150 141.2 134.5 120.2 122.2 136.9 142.3 154.2 162.5 168.1 170.1 174 186.5 201 216.4 231.2 240.7 242.4 242.9 245.5 252.7 257.3 261.8 265.3 265 263.5 263.6 264.4 265.7 267.4 269.2 271.3 269.3 268.8 266.5 263.7 259.9
153.4 156.1 163 169 173.2 174.3 173.3 167.9 162.1 153.1 145 137.7 131.7 133.7 144.1 150.9 155.6 161.4 166.4 174.8 185 192.6 200.3 209 218.5 227.3 239 248 257.3 264.7 268.6 272.3 274.3 272.3 269.9 267 265.6 264.7 261.5 251.9 236.9 221.4 208.4 194.7 182.6 169.2 154.1 141.7 133.7 121.6 113.1 131.1 146 157.2 165 167.9 170.1 176.7 189.7 205.1 220.2 231.1 242.5 240.4 239.8 246.1 254.4 257.8 264.6 269 270.3 271.1 272.4 273.7 275.8 278.9 280 282.6 282.8 280.6 278.2 274.7 271.1
152.5 159.5 165.1 170 173 173.2 169.8 165.5 158.6 150.2 142.8 133.9 130.4 131.4 143.6 150.8 156.7 162.9 168.6 174.4 184 190.2 196.7 203.9 214 223.7 235.6 245.5 253.4 262 266.6 270.3 271 268.6 264.8 261.3 260 258.6 257.5 251.1 236.8 221.7 207.4 194.4 181.2 169.3 158.2 142 127.8 118.9 115.5 121.5 148.9 159 164.4 167 169.8 179.9 194.3 209 221.6 230.6 234.7 234.8 239.3 247.4 252.7 259.4 265.7 273.1 276.3 277.9 282 284.2 285.5 288.7 291.8 292.3 291.8 290.4 288.8 285.6 279.1
155.7 162.7 167.7 172.2 174 172.3 168.2 161.8 155.2 147.9 139.6 130.9 129.4 133.1 144.3 151.2 157.3 163.8 169.1 173.5 180.8 186.8 193.6 201.1 209.7 219.6 232.7 242.5 251.5 258.8 264.7 267.9 267.5 264.7 261 256 254.6 253.8 250.2 244.2 234 220.5 205.1 191.1 179.3 167.9 154.4 137.1 121.4 115.2 112.4 121.3 152.2 159.1 163.2 166.9 171.5 183.8 198.2 211.7 222 227.1 229.5 232.1 238.7 246.2 251.8 259.7 268.3 275.7 280.5 286.7 291.7 294 295.4 298.1 299.9 301.2 301.1 299.5 295.9 292.6 288.3
161.9 166.8 171.3 174.9 176.2 172.6 166.7 158 151.8 146.3 136.6 129.6 128.8 135.3 144.4 150.9 158.1 164.1 169.7 174.6 180.2 186.1 192.6 199.3 205.1 214.2 229.3 241 249.8 257 262.1 265.1 263.8 261 255.7 250.2 248 246.9 243.1 237.7 229.5 217.6 200.7 186.3 175.6 160.5 144.5 130.8 114.9 111.2 111 136.3 153.8 158 161.6 166.8 173 186.2 199.9 212 219 221.8 225 232.4 240.9 248.2 256 265.2 273 278.7 285.1 294.3 298.2 301.6 304 306.7 308.9 309.7 308.8 306.4 303 299.3 294.9
163.9 169.4 174.4 176.8 177.2 172.3 165.4 156.5 148.6 141.2 133.6 127.6 127.6 134.1 142.4 150.1 158.8 163.9 169.1 174.5 179.4 184.8 190.8 196.5 202.4 211.4 227.4 238.9 248.3 254.8 259.2 261.3 259.7 255.4 250 242.9 240.3 238.8 236.6 231.2 224 212.7 195.2 180.1 167.8 152.7 142.5 124.8 109.6 109.4 120.8 146.1 152.8 156.6 160.8 166.8 175.5 186.1 198.6 209 213.8 217 225.2 234.5 244.4 254.7 261.9 270.3 277.3 283.9 292.7 300 304.2 308.2 311.4 314.8 316.3 317.8 316.5 314.4 311.3 306.4 301.3
167.6 172.9 176.1 177.8 177.1 170.7 163.2 154.3 145.8 137.7 129.7 126.3 129.7 136.8 142.7 151.8 158.4 164.1 169.3 173.8 177.3 182.4 188.4 194.2 201.2 210.5 225.6 236.5 246 251.8 253.8 256.5 254.8 249.6 243.2 236.9 232.9 231.9 230 225.2 219.9 206.8 188.9 171.9 159.8 146.8 135.5 118.9 108.5 110 132.6 145.8 151.3 154.9 159.6 166.1 173.6 182.6 195.9 204.5 209.5 217.8 228.4 240.8 250.7 260.9 266.9 274.8 281.2 288.6 294.8 301.9 309.5 314.5 318 321.4 323.9 324.7 322.7 319.7 316.5 312.5 306.2
168.6 172.5 176.4 177.7 175.3 169.1 160.6 152.4 142.7 135.3 126.6 127.4 131.3 135.4 142.3 150.2 156.8 162.4 167 171.9 175.3 180 184.2 192.7 201.6 212.7 225.6 235.6 242.4 245.4 247.1 250.1 247.4 242.3 235.2 229.7 225.4 225.5 224.1 220.5 213.9 201.7 182.3 162.5 145.7 133.4 122.7 112.2 107.7 119.1 139.3 146.1 151.2 155.2 159.9 165.5 172 182.4 194 204.3 212.8 223.4 233.9 244.8 255.1 265.2 273.2 277.5 284.9 289.5 297.7 305.4 312.8 319.4 324 327.8 329.9 330.2 329.5 324.9 320.5 315.7 307.3
166.7 171.2 174.4 175.3 173 167.1 158.2 149.9 140 132.1 124.7 125.2 130.1 135.1 140.5 148.4 154.6 160.1 164.3 168.6 172.4 177 183.6 191.6 203 215.7 223.9 233 238 239.5 239.9 241.9 239.4 234.6 228.3 223.1 220 219.2 218.3 215.1 209.3 195.4 174.4 153.3 133.5 118.9 111.1 106.8 109.3 129 142 147.6 152.9 157.3 161.5 166.6 172.6 183.9 199.2 207.6 217.1 227.5 237.3 247.2 258.3 272.4 279.2 283.3 287.6 292.6 300 308.6 316.9 323 330.2 335.5 336.4 334.2 330.8 326.7 321.7 315.4 307.4
163.1 168.3 172 172.8 170.4 164.7 156.8 147.6 138.7 130.8 123.9 124.2 127.3 131.5 137.7 145.2 152.3 158.1 162.2 165.2 168.6 174.8 181.9 192.7 205.6 214.3 221.6 227.9 231.8 233.5 234.8 234.7 230.7 226.7 220.7 216.1 213.5 213.3 213 209.8 201.2 184.9 164.8 144.6 122.5 108.6 104.9 106.6 111.3 132.5 143 149.8 154.2 155.4 164.2 169.5 176 189.6 203.1 211.1 220.4 229.6 238.8 249.9 267.2 280.1 283.8 285.8 289.3 293.9 302.4 312.9 318.7 327.2 335 339.3 340 337.6 333.1 327.2 321.5 313.3 305.8
159 164.7 168.4 169.2 167.4 162.4 154.4 145.3 137.3 130.1 124.9 123.7 126.4 129.1 136.8 144.9 151.8 156.5 160.2 163.4 167.6 173.8 181.4 192 203.6 211.6 217.3 221.4 225.4 226.6 226.5 226.1 222.2 218.5 213.4 209.7 207 207 207.5 204.2 191.8 173.9 153.7 133.9 114.4 104.6 103.4 104.8 113.6 129.4 146 153.5 158.2 163.3 168.4 172.3 183.7 195.3 207.8 213.6 220.6 231 242.9 256.9 270.3 280.4 282.8 285.3 289.2 296.2 305.5 313.3 319.2 330.9 337.8 341.7 341.8 338.7 333.4 324.7 319.1 310.4 303.9
155.3 160.1 163.3 164.9 163.2 158.5 152.2 143.6 136.1 129.8 123.2 122.4 124.2 127.9 137.4 145.3 150.9 155.3 159 162.1 166.5 174.4 180.8 190.4 200 206.7 211.3 214.4 216.8 218.5 218.3 216.8 213.9 210.5 205.4 202.9 201.1 202.7 202.1 196.4 181.2 164.9 143 122.8 105.6 102.5 102.4 103.9 113.5 134.4 147 158.6 162.6 166.7 172 180.9 184.9 194.2 207.7 215 223.7 234.9 245.6 255.2 270.5 277.2 279.9 284.2 289.2 297.4 302.8 311 321.9 332.4 338.5 340 341.5 338.2 330.7 321.3 314.6 308.2 301.5
150 155 158.5 160 158.9 154.6 148.9 142 134.8 128.2 122.8 122 121.6 128.1 137.4 143.5 149.1 153.2 156.7 160.7 165.2 172 178 187.3 194.7 199.9 203.4 207.2 209.3 209.5 209.9 209.4 205.7 202.4 198.2 195.9 195 197.3 196.3 191 173.3 156 137.1 115.1 104.2 102.3 101.6 103.2 121.8 138.8 152.3 162.4 166.8 173.2 177.6 183.6 193.8 202.2 208.7 215.4 221.1 232.7 242 251.8 261.8 271.3 275.8 281.4 287.8 294.6 302 311.7 321.6 330.3 335.2 338.3 339.8 333.3 326.6 319.4 312 305.2 298.8
145.4 148.9 152.4 155.2 155 151.6 147 140.6 134.1 129.2 123.8 120.5 120.3 125.9 135.9 141.7 146.3 150.8 154.6 159.5 164 169.6 175.6 182.6 188.7 192.7 197.1 200.8 201.8 202 201 200.9 198.2 194.7 191.7 189.5 190.3 192.5 191.3 184.8 170.8 153 133 112.2 101.6 101.9 100.5 109.6 128.4 141.5 156.3 164.4 169.9 174.9 179.8 185.7 195.4 201.5 209.4 217.8 228.3 237.1 240 249.9 258.1 266 272.6 280.4 286.7 293.9 302.3 311.6 320.6 327 332.5 335.2 335.4 330 322.6 315.8 308.6 302 295.4
140.1 143.4 146.9 149.8 151.1 148.9 144.8 139.8 134.6 129.9 126.5 126.5 122.2 116.1 132.8 138.6 143 147.9 153.2 156.1 160.8 165.5 171.9 177.5 182.2 186.8 191.3 194.4 195.1 193.8 193 192.9 191.1 188.9 185.9 183.9 183.9 187.6 185.7 178.5 168.5 151.2 129.3 103.1 99.8 99.2 100.2 116.5 132.8 148.3 157.6 164.8 172.4 179 184.1 190.1 196 203.1 211.7 220.2 229.2 238 244.9 251.2 257.7 264 272.6 279.9 286.9 294.2 300.8 310.4 318.5 324 327.8 331.6 332 326.5 319.4 312.1 305.1 297.8 291.7
