ny/ny49_OST50GRID_20230518/NY49.asc
ncols 200
nrows 200
xllcorner 340000
yllcorner 590000
cellsize 50
[rows 35 to 69 of 200, columns 78 to 155 of 200]
308.5 314.4 319.2 324.9 324.8 318.9 301.7 278.1 277.5 301.3 327.3 350.3 371.6 389.6 402.8 412.3 417.6 422.6 429.6 438 444.7 449.7 453.6 458.6 466.1 477.9 491.8 496.2 492.4 481.5 466 448.4 429.6 406.8 385.8 367 351.1 337.5 325.4 314.7 303.6 292.5 278.4 277 292.4 315 339.1 360.9 382.1 401.7 420.2 434.3 434.7 421.6 405.6 391.5 376.5 360.1 342.7 324.4 307.6 293 280 269.5 262.6 253.8 242.7 243.4 235.3 231.1 251 269.3 275.2 271.7 267.9 256.3 274.4 298.6
303.4 308.5 313.4 319.1 319 312.6 292 267.5 287.5 311.8 332.9 354.5 373.2 389 403.4 414.9 422.5 427.4 432.8 438.6 440.2 442.6 443.9 444.8 450.5 460.1 475.4 487.8 487.8 479 465.6 448.7 429.4 404.8 382.4 363 346.2 333.1 322 311.6 302.7 292.4 270.3 277.8 298.1 326.2 351 374 396 415.6 432.2 437.6 429.2 416.4 404.3 390.6 374.1 356.3 338.9 321.9 305 289.6 276.8 266.7 258.2 250.3 244.3 232.2 227.3 244.9 262.8 272.6 272.1 266.9 261.7 245.1 278.3 303.1
293.7 302.3 307.4 313.7 312.3 306.1 284.3 274 294.2 313.7 331.8 349.2 364.6 379.3 393.8 404.6 412.7 419.9 424.2 426.6 426.3 427.8 425.3 423.8 429.1 440.6 459.6 479 482.5 471.2 456.1 440.5 422.2 400.4 378.6 357.6 339.5 325.9 315.4 306.7 298.6 287.5 267.7 279.4 306.7 336.1 363.9 387.9 410.8 430.6 438.7 433.9 424.4 413 401.8 387.1 368.7 348.6 329.3 310.7 294.9 281 271.6 263.5 254.9 247.1 238.5 224.6 237.2 259.6 271.5 272.6 267.6 262.3 256.2 253.7 282 303.8
298.1 288.8 298.9 303.4 303 298.9 279.6 273.7 291.9 307.6 321.6 334.9 350 365.1 378.4 389 398.5 409.3 412.6 412 409.6 405.8 402.6 402.6 409.5 427 451 473.2 471.7 458.6 446.2 432.3 416.1 396.2 376.1 354.7 336.6 321.4 308.7 298.5 288.6 275.6 267.2 287.6 318.5 347.9 375.9 401.7 423.2 436.9 436 428.7 420 410.2 399.5 381.4 355.9 346.8 336.8 322.8 305.2 286.5 271.4 261.1 250.2 241.7 232.8 222.9 246.2 265.6 270.7 267.8 262.2 258.3 251.2 257.6 285 303.7
300.3 294.3 281.4 291.2 291.6 290 275.4 270.1 283.4 294.5 306 318.8 333.8 348.4 360.4 369.9 383.7 395.3 396.1 393.3 388.6 383.6 382.6 384.7 400.5 424.5 450.1 463.1 454.9 443.9 433.5 422.2 410 394 375.2 354.7 336.3 319.7 306.6 293.9 280.1 266.4 270.9 299.9 330.8 360.2 388 412.4 428.4 431.9 427.9 422.1 416.7 410.6 402.1 392.4 383.3 374.7 358.4 337.3 314 293.2 276.6 263.8 254.4 245.3 226.1 223.4 246.1 262.1 263.2 258.6 253.6 252.8 239.8 267.8 296.1 309.3
301.3 294.9 289.3 277.4 281.8 282 274.1 265.3 271.1 280.8 289 298.9 313 326.9 338.6 351.9 370.9 378.9 377.9 372.6 368 364.5 362.4 378.1 403.4 429.7 450.3 445.1 437.2 427.7 420.3 411.2 401.3 388.9 371.4 350 331.6 315.4 301.3 287.6 271.2 260 283.5 313 342.7 372 397.5 414.2 419.8 420.5 417.9 415.9 415.3 414.4 411.3 407.3 401.2 388.4 369.6 347.8 325.7 305 284.6 268.2 257.7 247.1 232.9 220.6 241.3 251.7 250.6 242.7 239.9 232.2 255.1 283.1 306.6 312.1
299.5 293.1 287.5 283.4 272.5 269.7 272.7 260.9 262.8 269.1 275.6 281.3 290.9 304.9 319 342.1 357.2 360.4 356.9 352.3 348.2 339.7 360.9 387.8 413.1 436 437 426.9 417.7 409.6 405 400.6 393.3 380.6 361.2 341.4 324 308.2 294 279.2 258.9 268.3 295.6 324.4 353.6 379 395.9 403.6 407 406.7 408 412.1 417 419.9 420.9 418.5 410 395.8 377.2 358.1 339.3 317.8 295.6 272.9 259.6 247.7 235.2 218.8 235.2 239.1 232.9 226.2 236.7 254.6 278 300.3 309.5 310.7
300.8 294.7 291.1 285.4 280.5 278.4 271.4 265 259.8 261.9 265.8 269.7 276.4 287.9 305.6 326.6 338.1 339.6 337.4 333.4 320.9 347.5 374.3 400.4 423.3 434.3 424.8 412.4 399.3 390.8 388.4 387.4 382.4 369.3 351.8 333.3 317.5 303.3 288.8 271.6 256.3 276.2 304.3 333.9 357.9 375.1 384.2 389 390 389.9 398 410.7 421.2 427.5 428.7 423.8 413.7 400 385.7 370 350.5 326.7 301.9 278.6 262.3 250 235.1 217.6 227.5 226.8 231.5 244.4 257.3 275.9 295.8 304.7 306.2 306.3
305.7 301.5 292.2 293.2 290.8 287.4 281 274.1 264.6 255.7 258.8 262.1 267.5 275.5 290.5 309.8 320.1 320.6 318.8 309.9 334.8 361.7 387.8 413 426.9 423.6 414.1 401 386.5 370.5 366.9 368.4 368.1 358.7 342.9 326.3 311.7 297.4 281.5 264.1 257.7 283.9 312.5 337 354.7 367.4 371.9 370.5 368.1 372.6 393 411.3 424.7 430 430.1 424.5 414.4 403.3 392.1 376.1 355.7 330.6 306.3 283.4 264.7 252.1 241.3 215.8 219.2 225.3 246 264.9 280.6 293.4 300.2 302.5 301.7 300.9
309.9 300.8 301.6 302.1 300.9 296.6 289 279.4 269.9 257.2 254.8 256.9 259.5 267 277 292.4 302 302.3 300.2 327.7 354.7 379.8 401.2 418.9 417.9 414.3 407.8 397.6 384.1 367.3 348.9 347.2 348.2 344.5 333.5 319 304.8 291 272.6 252.1 269.7 294.6 317.2 337.3 351.6 358.2 357.7 350.3 347 370.2 393.3 411.5 421.8 426.5 425.8 420.5 414.1 407.1 393.3 377.3 356.1 330.9 307.1 284.7 266.2 252.3 241 222.6 215.9 226.7 251.9 274.8 290.9 294.7 296.7 297.5 295.9 293.4
312.6 309.5 308.6 311.8 309.5 303.4 295.3 284 273.4 264.8 260.1 252.6 253.6 259.6 268.5 277.7 285.6 297.6 321.3 347.8 374 396.6 415.3 414.5 408.6 406.1 404.4 398.1 388.4 372.8 353.6 337.7 330.2 327.3 321.3 310.1 297.9 284 263.4 255.4 278.3 300 320.7 335.2 345 347.3 341.2 333.1 346.8 369 388.9 403.4 413.7 416.2 415.6 413.9 412.4 404.1 391 375 353.8 329.6 306.2 283.5 265.3 250.9 240.8 229.2 214.3 226.3 255.4 278.6 288.5 290.5 292.3 292.2 289.4 286.5
315.9 314 315 318.6 316.4 309.6 301.2 291 280.6 271.5 265.1 259.5 252.7 252.8 260.3 274.8 293.8 316.8 340 363.4 385.8 406.7 415.9 408.6 401 398.9 399.7 399.9 394 380.8 362.2 343.6 327.9 312.3 303.3 299.2 289.3 278.2 255.9 257 279.5 301.9 318.1 330.4 338.3 335.5 325.6 327.4 344.6 360.1 375 387.6 396 400.2 403.4 405.9 405.2 398.3 387.2 370.4 348.7 325.4 300.7 279.1 261.9 249.1 239.5 230.1 213.7 228.9 258.4 280.8 284.1 286.9 288.4 287.7 284.1 279.8
321.3 320.7 321.8 323.1 320.3 313.2 305 295.2 284.3 273.6 266.5 260.7 253.7 249.6 261 278.3 304 326.8 347.3 369.5 389.5 405.8 408.7 401.7 393.1 389.7 394 398.7 396.9 388.7 372 352.5 334.4 320.4 308.9 292 279.9 262 245.1 254.2 273.9 295.4 311.8 323.2 327.3 322.7 308.9 320.9 335.6 347.1 357 367.7 376.9 383.4 389.2 393.6 393.7 387.6 376.2 361.5 342.7 316.6 293.7 274.3 259.3 246.6 236.6 219.6 208.8 233.7 262.5 275.3 279.5 282.3 283.3 281.4 277.6 273.5
329.7 329.6 327.3 324.7 320.2 313.8 305.7 295.8 283.6 273.3 266.6 260.3 251.7 248.1 260.1 279.9 305.9 329.3 350.8 372.4 390.6 399.7 400.3 395.1 384.6 378.9 384.9 391.4 391.9 385.9 371.4 353.5 338.7 325.6 314.1 302 287.9 274 256.7 245.9 263.2 283.7 299.4 309.2 313.4 312.4 301.5 307.9 320.5 332.5 341.3 346.6 355.8 365.8 372 375.6 375.8 371.4 360.6 347.1 330.3 306.8 287.7 271.2 256.6 243.6 232.1 216.7 215.8 245.1 265.8 270.7 273.9 276.5 276.7 275.2 272.5 268.4
338.3 338.9 332.9 326.8 320 313.2 306 295.7 285.1 275 267.4 260.5 252.6 248.5 259.8 282.5 309.5 333.3 356 377 395.6 403 399.1 390.6 379.2 368.4 374.4 379.3 381.8 375.1 363.6 349.5 336.9 325.9 316.9 307.6 295 280.5 264.1 243.4 251.7 267 278.8 289.7 296.2 295 290.7 292.2 305.2 317.1 321.9 325 336.1 344.8 350.2 355.6 357.8 353.3 342.6 331.1 317 297.5 284.3 269.7 256.4 242.8 228.3 208.4 227.3 255 261.8 265.7 268.7 269.9 269.8 268.1 266.8 264
349 347.2 340 330.2 320.3 312.7 306.6 299.7 289.3 278.9 269.2 262.1 253.5 246.3 260.3 283.9 311.6 337.3 359.4 380.3 397.8 400.7 394.6 385.2 374.5 365.3 362.9 367.6 368.6 362.9 352.7 340 330.2 322.5 315.3 309.1 299.4 285.6 271.2 254.1 240.6 249.7 258.2 267.4 272.8 273.9 271.9 274.2 285.8 293.7 296.4 302.1 314.1 321.9 327.7 331.7 330.6 327.1 321.4 315.1 303.4 294.4 283.9 271.4 258.7 244.6 224.3 206 230.8 247 256.5 261.1 263.6 263.8 263.8 262.4 261 259.3
360.8 355.8 344.4 333.2 321.8 311.8 305.6 299.5 292.6 283.3 273 264.2 251.5 245 260.2 284.6 312.2 336.7 358.1 379.3 395.7 395.5 389.5 382.1 372.1 361.8 347.8 352.6 352.8 346.2 336 328.3 320.8 316.5 313.8 308.7 299.8 288.9 275.8 262.4 247.5 234.5 237.8 247.2 251.9 253.8 249.8 256 262.5 266.7 269.7 277.6 287.1 295.2 301.2 304.7 305.4 305.1 305.6 302 295.7 291.2 284 272.8 260.5 246.7 222.2 205.2 218.3 239.9 250.7 257.1 259.5 258.8 258.8 257.7 256.5 255.2
374 365 349.9 335.9 322.6 311.6 302 295.3 288.5 282 274.2 265 255.3 246 259.9 284.6 309.9 332.3 353.3 374.3 387.8 391.4 385.6 377.8 368.3 358 347.4 332.3 333.7 326.7 318.6 314.3 310.1 309.2 308.9 304.8 298.1 289.8 279.7 267.2 257.1 250.3 238.7 230.3 233.8 234 232.3 236.8 239.4 242.1 245 252.9 260.1 268.5 276.5 282.7 286.9 287.8 288.4 287.5 287.6 287 279.4 269.9 259.8 247.7 233.2 210.9 203.7 229.5 242.6 253.1 256.9 256.5 254.8 253.6 252.2 250.9
386.9 377.4 359.6 342.7 327.3 314.4 301.5 290.1 283 278.6 272.1 264.3 254.3 243.8 258.5 282.8 306.7 327.2 348.1 368.4 380.1 380.7 376.5 369.2 359.7 349.4 341.2 332 321.2 298.5 302 298.5 296.2 299.1 302.4 298.2 293.3 288.2 281.1 272.9 262.6 254.2 247.7 241.4 234.6 229.2 225.1 224 224 224.1 224.7 227 233.2 241.1 251.3 262.1 267.4 269.4 269.9 269.5 270.4 270.9 267.7 261.5 255.3 247.4 238.2 227.7 200.3 219.8 238.4 250.2 255.2 254.6 252.2 250.2 248 246.6
400.7 393 372.8 354.2 335.6 319.6 304.2 291.6 282.6 274.2 268.6 263.6 255.4 243.8 257 280.9 304.7 325.8 346.4 362.8 369.8 367.5 362.4 353.4 343.4 336.3 330.4 323.3 313 303.6 293.7 272.7 277.2 282 288.1 285.6 282.9 283.4 280.3 272.8 265.6 258 251.8 245.7 240.2 234.5 229.8 226.8 225.5 223.7 218.9 217.9 216.7 216.6 227.7 239.3 244.7 248.2 249.9 250.9 251.3 250.9 250 248.2 245.3 241.6 235.2 226.7 198.4 211.3 231.7 246.6 251.7 250.4 249.2 248.7 245.9 243
414.6 408.9 388.5 365.7 344.8 324.2 306.6 292.9 282.3 273.8 266.4 260.6 255 241.9 257.2 280.5 304.9 326.5 344.3 353.7 355.5 351.6 345.1 335.5 327 319.3 311.9 305.8 298.4 291.6 285 277.5 262.3 268 268.3 268 269 269.8 268.2 265.4 261.7 256.8 251.1 245.2 241.6 236.6 234.7 232.2 230.2 229.1 226.7 223.7 219.5 215.9 210.9 218.5 222.8 227.5 232 233.7 233.6 233 233.1 232.8 230.9 228.8 227.3 223 204.5 198.3 224.8 240.4 246.4 246.1 246.1 246.8 243.5 239.8
429.1 422.5 403.5 377.7 352.3 330.3 310.3 294 282.4 273.8 267.3 260.9 253.8 240.4 258.6 282.5 305.6 326.1 337.3 339.2 337.7 333.5 326.3 318 309.9 301.6 292.6 286 280.6 275.1 269.3 263.5 257.8 246.1 252.4 252 252.8 253.4 252.5 252.1 250.5 247.7 242.9 239.8 237 236.3 236.4 236.9 235 234.6 233.4 229.5 225.1 221 216.4 212.3 207.3 211.2 214.9 217.5 218.4 218.5 216.4 217.1 217.4 217.4 218.2 218 216.6 209.6 218 232.3 237.9 239.3 239.5 240 240 236.8
438.9 429.4 410.9 384.5 357.4 335.9 315.4 295.7 282.6 273.1 266.8 259.1 251.2 240 260 283.5 305.3 320.1 323.8 322.7 318.5 313.1 308 300.6 292.6 284.4 274 266.5 262.3 257.2 251.5 246.7 243.8 240.5 238.5 237.4 236.4 236.4 235.9 235.9 234.8 232.4 231.3 231.3 230.7 229.8 229.9 230.6 229.9 230.1 229.5 227.6 224.2 219.8 216.8 214.4 211.5 208 204.5 207.9 208 207 205.8 207.5 208.9 208.7 209.1 209.9 210.1 204.8 209.1 220.9 228.2 230.7 232.3 233.2 234.1 233.4
443.4 430.7 410.7 385.5 359.3 337.3 316.2 296.6 280.9 271.2 265.4 256.6 246.4 239.2 259.8 282.2 297.8 306.9 308.2 306.7 302 297.5 292.5 284.7 274.9 265.8 255.7 248.9 244.2 241.7 237.6 233.4 230.8 227.5 225.6 225.4 223 220.9 220.6 220.7 219.9 219.8 219.1 219.6 219.4 219.3 220.3 220.7 221.1 220.4 219.3 219.1 218 216.1 213.8 212.6 211.3 209.1 204.1 200.7 202.3 202.2 201.2 200.4 195.8 192.4 196.3 196.8 195.7 194.4 197.8 207.5 214.9 221.4 225.2 226.4 228.7 230.6
443.6 428.1 406 379.9 354.6 331.4 312.2 296.3 282.4 271.6 262 250.7 239.7 239.7 253.1 270.5 280.8 287.6 290.4 289.7 285.7 280.5 274.9 266.9 257.5 251.1 241.8 235.6 230.3 228.2 226.3 222.1 220.2 220.8 217.9 216.4 213.2 211.9 209.2 209.9 211.1 210.5 209.8 209.2 208.7 208.5 206 207.8 209.8 210.8 209.9 210.2 211.3 211 210.4 209.1 207.2 203.6 198.6 198.4 199.6 199.1 198 193.2 195.9 195.4 194.2 193.7 192.6 189.1 191.1 197.7 203.5 209.9 216.3 221 224.7 227.7
442.4 424.5 401 375 351 331.9 318.4 303.7 287.9 274.4 263.2 252.8 240.6 236.4 242.9 255.1 264.1 268.3 270.5 269.8 267.4 262.5 257.2 250.1 244 238.7 232.9 226.9 222.5 219 215.8 215.1 214.6 214.2 213.2 210.8 210.8 210.9 210.3 208.9 209.2 208.5 207.8 207.3 205.8 204.8 206.6 205.6 203.8 204.5 203.9 203.8 203.3 203.9 202.6 202.2 198.7 203.6 203.9 203 198.2 197.1 200.1 200.8 200.9 200.5 199.5 197.2 193.8 190.5 187.1 191.8 195 199.9 206.7 214 220.7 225.3
445.2 425.3 402.3 379.2 364.5 350.4 333.1 313.8 294.4 279.6 266.8 256.1 245 231.7 234.2 239.5 246.2 249.9 250.5 250.2 250.1 246.7 241.7 236.1 232.7 229.6 225.6 222.7 219.7 215.8 214.5 212.8 212.5 212.3 212.8 214.5 215.1 214.7 212.7 210.1 207.3 206 206.4 209.2 211.9 213.5 213.6 214 211.5 206.7 202.6 205.1 202.3 204.3 205.7 207.4 210.4 212.6 213 212.5 211.5 210.5 211.4 211.9 210.2 208.1 205.3 203.1 198.5 193.7 189.5 186.5 189.1 191.5 198.4 206.5 215.3 221.1
449.3 433 414.5 400.7 387.5 371.1 348.5 325.6 303.5 286.6 272.1 260.5 248.2 236.9 232.7 228.1 231.6 231.3 229.1 235.9 234.6 233.2 230.4 228.4 226.3 224.9 222.6 215.9 215.4 214.2 214.4 216.4 215.7 219.6 223.6 226.1 227.3 226 224.1 222.5 222.6 222.9 224 225.1 225.5 226.8 226.9 226.6 224.7 221.9 219.9 219.5 219.4 217 217.9 220.6 222.3 224.5 225.1 224.3 222.3 221.9 223 223.4 221.6 218.3 214.3 209.5 204.6 198.9 194.1 189.4 187.6 188.5 191.5 198.2 208.7 215.7
450.8 440.9 430.3 421.6 409.3 389.9 364.2 337.6 314.7 296 279.6 266.3 255.8 246.2 238.2 233.5 226.9 227.5 224.7 223.8 226.1 224 223.8 223.4 222.5 222.4 216.6 215.8 216.4 220.8 225.4 226.5 223.8 229.1 234.5 237.4 237.9 237.3 236.6 234.1 234 236.7 238.9 240 240.4 241.5 241.8 241.2 239.9 238.4 236.7 234.4 232.3 230.3 231.5 234.1 235.6 237.1 236.4 234.5 232.6 233.3 234.4 235 235.9 232.9 225.8 218 209.8 203.8 198.8 193.2 186 186.9 188.1 193.9 200.6 208
446.7 441 435.1 428.7 422.4 405.9 382.8 359.3 335.4 311.4 291.1 276.4 263.8 253.8 245.3 237.9 234.1 230.5 230 224.6 222.1 220.2 219.3 219.6 218.9 218.3 217.3 219.4 226.2 232.8 236.6 238.3 236.4 242.1 246.2 249.9 252.3 251.5 251.1 249.2 247.9 251.5 253.5 254.9 255.2 256.5 257.7 258.8 259.2 259.1 255.7 252.2 248.2 245.2 245.8 247.2 247.5 247.2 245.4 243.7 242.7 243.3 246.2 249 250.8 246.9 236.8 226.2 216.2 208.6 204 198.7 190.4 186.5 186.6 189.1 194.7 200.5
439.7 435.7 432.7 430.3 427.3 417.6 400.2 380.6 356.4 331.9 310.6 292.3 277.4 265.1 254.2 245.6 239 234.7 232.1 230.8 227.6 228.7 226.1 223.9 220.3 218.6 221.2 230 238 244.2 247.6 249.3 243 254.4 260.8 265.2 267.5 267.8 268.1 265.6 264.4 264.7 265.7 268 271.4 274.8 277.8 280.9 282 279.3 274 269.2 264.1 259.4 260.4 262.6 263 263 261.8 258.6 254.9 256.2 258.8 259.7 258.2 254 245.8 234.3 223.2 213.7 209.1 204.2 197.3 188.6 184.1 185.1 188.7 188.4
428.3 426.1 424.5 424 423.7 419.9 408.7 394.7 376.1 355.7 334.6 313.8 296.2 280.3 267.2 256.9 249.5 243 237.6 235.2 232 231 228.6 224.5 221.1 223.2 233 242.1 249.7 257.3 262.2 264.4 253.6 266.3 273.7 278.8 282.4 283.4 281 275.1 275.8 277.8 281.8 285.7 290 294.2 298.2 301 300.3 295.3 289.3 282.8 276 272.4 274.9 277.7 278.3 278 276.8 273.9 270.1 269.7 268.8 266.3 262.9 259.3 253.4 241.4 229.2 219 213.4 208.3 202.1 193.1 187.8 184 182 188.7
413.4 412.4 411.4 410.9 412.1 413.9 409.1 398.8 385.4 369.3 352 332.7 315.8 299.2 286.3 274.4 264.5 256.9 249.1 244.4 238.8 234 228.8 223.9 219.5 233.5 244.3 254.2 262.5 270.8 276.3 274.6 268.7 277.1 285.2 290.1 293 292.7 288.2 284.9 289.8 296 300.9 304.9 308.6 312.7 316.6 319 316.3 309.7 301.8 293.3 286.3 283.7 283.7 285.3 287.4 288.6 291.4 290.8 285 280.8 275.9 271.6 267.1 263.8 257.3 245.8 233.8 223.8 217.4 212.1 205.9 198.5 192.9 187.8 184.3 183.8
396.8 394.6 392.3 390.8 396.4 401.6 400.7 394.4 387.1 374.2 360.3 344 326.9 312.3 300.4 288.5 277.6 267.5 257.9 250.8 242.2 233.9 226.5 223.1 229.9 243.8 255.8 267 276.5 286.3 288.1 277.6 282 290.2 298.2 303.7 304.3 301.7 293.5 298.3 306.8 313.5 318.8 322.7 327 331.9 334.4 333.4 327.8 318.7 309.8 302 296.1 293.1 292.5 294 300.6 306.6 309.9 306.4 297.9 290.1 280.5 272.2 267.4 263.4 255.5 245.7 235.6 226.5 220.2 214.6 208.8 201.7 194.9 188.9 184 182.2
377.6 375.5 370.1 365.5 376.9 388.2 386.6 383.7 382.5 373.6 360.6 345.1 329.6 316.8 305.4 294.2 283.6 271.6 260.8 252 242.5 234.2 225.6 228.4 239 253.9 268.2 279.4 292.5 299.3 294.8 284.6 294.1 303.3 312.1 318.4 318.8 312.5 303.1 312.9 321.8 328.5 334.3 340.1 346.8 348.8 345.1 339.9 333.1 324.3 316.5 310.4 305.6 302.9 303.4 310.5 319.3 325.4 324 315.9 304.6 293 282 272.4 267.2 262.1 253.3 243.7 235.8 229.7 222.7 216.1 209.5 203.2 197 192.3 185.2 180.9
