ny/ny49_OST50GRID_20230518/NY49.asc
ncols 200
nrows 200
xllcorner 340000
yllcorner 590000
cellsize 50
[rows 70 to 104 of 200, columns 0 to 77 of 200]
199.9 199.8 198.6 200.6 208 216.9 224.4 230.8 237.3 243 246.6 250.2 252.5 251.6 246.3 235.7 219.1 202.8 202.4 210.5 222.1 234.6 247 262.3 280.2 299.5 314.1 325.5 330.6 328.8 320.4 310.8 300.9 292.3 286.7 289.7 293.9 295.1 295.8 300.9 302.6 306.1 316.4 336.5 361.7 380.2 396.8 410.9 423.1 430.8 435.5 437.1 437.2 435.7 433.7 429.8 425.5 419.1 409.3 400.3 390.3 380.7 370.9 362.4 350.7 340.9 335.4 316 332.1 352.7 364.8 373 378.6 381.1 379.8 375.5 369.7 361.8
215.7 215.5 213 212.9 221.8 231.7 240 248.6 255.7 261.8 267.3 271.4 273.7 271.7 263.4 249.7 230.5 211.2 201.2 210.2 222.3 235.5 248.6 266 288.2 308.6 325.6 336 337.4 330 317.9 307.7 299.8 295.2 294.9 299.1 304.2 309 311.4 314.6 318.9 326.8 337.2 352.5 372.2 391.2 408.4 422.7 433.1 439.4 442 443.1 443.3 442.1 439.4 435.5 429.2 418.5 402.8 386.5 377.8 369.2 359.2 348.1 340.1 328.3 320.1 314.2 331 344.5 352.2 358.8 364.2 365.9 363.2 358.5 351.2 342.5
236.3 234.1 229.3 225.9 236.3 246.8 257.2 267.3 276.5 285.4 292.2 297.3 298.4 293.9 282 264.5 242.2 221 201.4 210.5 222.1 235.7 250.6 271.3 294.3 313.8 324.2 327.6 325.3 317.5 306.6 298.7 294.9 295.3 300.8 307.3 314.3 319.3 323 327.4 332.5 340 350 363.5 380.9 399.7 416.8 430.2 437.7 442.5 446 448.1 448.3 446.3 442.6 437.2 429.7 418.6 394.4 368.1 356.5 351.3 346.7 332.1 322.6 312.9 308.5 321.7 334.9 338.9 342.6 346.4 352 353.7 349.5 342.6 333.3 324.7
256.5 253.4 248.5 239.1 250.2 262.8 276.6 289.3 301 310.8 318.2 320.6 317.9 309.8 298.1 281 258.4 234.3 211.9 209.4 222.2 235.7 252.3 274.1 291 301.6 306 307.1 305.1 299.8 290.8 283.2 281.8 292.3 304.5 314.7 323 328.8 333 336.6 341.7 348.2 356.9 368.4 385 403.1 418.9 429.9 437.5 443.6 448.7 451.1 450.9 448.6 444.3 437.7 429.5 417.9 399.4 372 348.1 332.8 328.7 316.9 304.8 304 319.5 334.4 340.6 337.7 334.1 333.6 336.9 337.5 333.2 325.3 313.6 302.9
275.1 273.5 270.5 258.8 268.3 282.7 298.1 312.8 324.4 331 333 332.2 327.3 319.3 308.9 293.8 272.8 247.1 222.2 206.5 219.3 233.5 249.4 264.8 275.4 281.8 284.4 284.8 283.1 278.7 270.4 263 274.9 290.8 307.5 319.6 327.9 334.4 337.1 339.2 341.5 345 350.7 359.5 373.3 390.7 407.3 423.4 434.9 443.9 449.8 452.1 452.7 449.9 444 436.1 425.8 412.2 394.2 372.4 349.4 327 308.4 301.2 296.4 316.1 334.5 351.1 351.1 340.9 329.9 321.6 318.4 316.4 309.1 300.6 288.9 277.4
291.6 292.5 292 286.7 291.2 304.3 318.9 330.8 337.2 340.4 341.5 340.6 335.3 327 315.8 299.2 277.5 254.3 231 216.2 213.1 223.7 236.1 247.2 254.7 259.4 262.2 263.3 262.1 258.4 252.7 253.1 267.8 283.9 303.4 313.9 320.3 324.8 323.9 321.6 321 323.3 320.6 337.8 353.6 377.3 399.1 418.1 434.8 444.9 450.4 453.3 451.7 447.2 440 429.9 418 402.9 384 363.3 344.1 325.1 303.6 288.3 305 325.1 347.4 360.9 357.8 344.6 329.7 314.8 303.6 295.5 288.4 279.8 270 261
306.7 310 312.1 313.5 317.9 327.3 335.5 340 341.5 343.7 345.5 345 339.2 330 315.4 296.8 276.4 256.5 245.3 236.8 220.4 215.6 222 229.8 236.2 240 243.1 244.2 244.7 242.8 239.6 242.7 250.9 260.9 276.8 292.6 299.8 301.5 299.7 297 303.2 322.9 341.3 359.8 376.2 393 409.1 425.8 439.1 448.1 451.4 450.9 446.9 441.1 432.4 421.4 408.9 391.1 371.9 353.9 336.2 320.5 301 282.4 303.8 325.9 346.7 350 344.1 334.8 324.2 310 295.1 279.9 269.6 261.2 253.5 248.1
322.5 327.5 333.6 337.9 343.4 346 345.5 341.8 338.6 340.7 342.4 342 340.5 332.3 318.5 303.9 287.9 279.1 274 260.1 241 226.7 216.7 217.3 220.7 220.9 226.1 224.9 226.8 230.9 234.5 238.7 241.4 241.1 250.2 265.2 276.6 276.8 281.7 300.8 322 342.3 361.8 380.3 397.8 412.5 422.2 433 442.2 448.2 448.7 446.2 441.9 434.6 425.6 413.8 398.1 377.8 359.1 343.6 330.4 316.9 300 277.6 295.8 320.6 332.6 330 323.4 315.1 305.4 294 280.3 267.9 255.4 251.9 254.9 258.2
338.3 347.9 354.8 359.2 358.5 354.1 345.4 334.3 329.1 332.1 336.9 343 346.7 343.7 336.5 325.8 315.7 308.7 299.9 282.6 263.1 245.6 234.2 236.6 235.8 234.3 233.9 236.6 238.8 236.9 242.6 252.7 259.7 261.3 253 251.5 265 281.9 300.8 321.4 342 362.6 382.4 400.2 416.4 427.7 433.1 439.3 444.5 446.7 446.4 443.6 437.6 429.2 416.6 400.1 381.8 364.2 347.6 332.1 318.3 307.1 294.3 273.5 291.4 311 314.5 309.6 300.9 291.1 281 270.2 260.7 257.7 260.6 264.3 268.7 272.5
357.3 366.8 371.3 369.2 361.3 350 334.6 321.2 315.5 321.4 335 350.7 360.4 362.5 357.8 349.9 341.1 334.1 321.7 304.7 285 264 244.7 254.2 256.1 255.5 256.7 260.7 258.2 251.3 257 271.9 281.7 282.2 269.7 267 283.1 300.7 319 340.5 361.9 382.1 400.2 415.4 427.9 435 439.6 444.1 447.8 448.3 444.9 439.4 431 419.6 403.5 380.8 360.7 348.9 334.3 319.3 306.2 295.6 286.2 271.3 283.5 295.2 295 287.5 277.5 266.8 257.6 261.5 264.5 269.3 273.7 277.2 279.7 281.2
369.9 375.7 375.3 367.6 356.2 339.5 320.9 307 303.1 314.8 336.7 357.1 370.9 376.6 375.5 370.3 362 351 340.6 328.2 306 282 263.3 273.1 278.6 279.9 281.1 284 278.8 267 271.2 289.4 300.7 302 287.7 264.8 288 307.3 329.3 354.4 376.6 396 411.3 423.1 431.2 436 442.4 447.2 448.3 444.2 437.3 429.4 419.2 406.8 390.8 368.6 343.3 329.6 317.7 305.5 295.9 287.3 279.9 273.3 269.6 278.2 274.7 266.1 257.9 266 271 275.7 278.7 281.5 284.6 286.5 286.4 285.9
372.1 374.7 370.2 361.2 348.6 328.7 307.1 295.6 295.5 312.4 336.3 355.9 370.9 380.8 382 376.7 367.9 359.2 352.6 343.4 325.6 303 284 296.9 304.4 306.6 305.1 305.8 300.5 285.3 285.8 307.1 320 322.8 311.4 288.2 275.3 303.4 329.6 358 382.6 400.7 412.4 420.7 426.2 432.2 439.1 441.2 438.1 433.2 426.3 417.4 407.4 395.2 379.7 359 336.5 316.1 303.3 294.6 286.8 281.7 280.9 277.6 273.2 266.4 261.2 264.9 273.1 280.6 285.2 288.6 290.8 292.8 293.5 294.3 293.1 290.4
366.7 367.5 362.9 354.1 340.5 318.7 296 285.5 291 308.1 331.2 347.8 360.9 369.7 372.4 370.3 365.8 361.4 357.2 352.4 345.4 329.7 320.3 326 332.2 333.8 331.1 329.4 321.3 299.1 303 325.3 341 345.6 335.3 311.3 293 299.3 325.5 353.5 377.1 391.6 401 408.3 415.8 424.1 428.4 428.8 426.5 421.8 416.2 407.6 397.6 385 369.6 348.3 325.2 308.4 297.3 290.2 293.3 293.4 290.1 283.4 276.4 263.2 268.9 277.7 285.2 292.6 297 300.5 302.1 303.1 303.2 301.8 299.7 295.1
357.4 358.8 354.7 346.4 332.2 311.3 288 272.5 281.5 301.5 322.3 334 343.7 350 353.5 354.9 355 355.7 357.3 360.7 361.3 357.4 354.2 357.6 362.5 362.8 358.1 354 341.7 320.8 322.6 345.1 362.8 368.8 358.6 331.4 309.9 294.3 318.1 342.1 359.2 372.3 383 391.7 402.8 411.5 416.1 417.3 416.6 412.8 406.7 397.8 386.6 373.8 358.5 337.8 315.8 303.6 298.5 307.8 308.5 303.6 293.9 280.5 267.3 269.7 280.3 290.5 298.6 305 309.1 312.2 313.1 313.4 311.4 308.8 303.7 296.7
351.8 352.7 347.7 337.3 322.5 303.3 282.4 266.1 274.7 294.2 309.1 317.2 323.3 327.6 331.6 333.9 338.7 347.8 359.7 367 371.6 376.4 380.5 387.3 391.8 390.6 386 381.2 365.8 343.4 346.5 366.7 381.5 386.6 377.4 351.8 327.8 314 308.7 325.7 340.3 354.3 366 376.3 388.7 402.6 408.9 410.5 408.4 403.1 396 386.2 374.3 360.5 344.5 326.2 306.5 316 321.6 321 314.9 305.2 286.7 268.9 269.5 279.6 293 304.2 312.6 318.4 321.8 323.9 323.6 320.9 318 312.9 304.9 290
347.3 345 337.3 326 312.1 293.7 273 257.3 268.1 283.4 292.9 298.4 303.3 306.4 309.8 315.3 327.4 347.7 364 372.9 381.8 390.1 398.4 404.2 408.4 410.3 410.5 405.4 388.9 372.3 374.5 386.4 394.1 397.6 394.7 371.5 347.3 332.7 322.7 317.6 330.3 345.5 359.1 374.2 389.1 400.5 405.1 404.6 399.7 393.8 385 374.5 360.5 345.6 326.1 328.9 333 335.8 332.3 325.6 315.9 298.5 278.6 267.8 277 292.3 307.7 318 325.6 330.3 332.9 333.3 331.5 328.1 321.8 313.9 301.9 299.9
341.6 335 324.6 311.4 297.6 280.5 262.4 250.6 260.5 271 276.8 281.7 285.7 290.9 302.1 317.9 336.8 356.3 371.7 382.2 391.8 401.8 408.7 413.7 418.8 423.8 423.9 416.1 407.4 399.8 398.4 401.7 403.3 404.5 402.6 392.4 371.7 356.6 344.9 339.1 335 349 367 384.7 395.9 402.1 403.8 400.3 393.1 385.4 375.7 361.2 352.2 351.3 351.3 350.2 347.7 342.2 333.9 324.7 309.6 287.1 269.9 274.8 287.3 305 317.8 327.1 333.9 338.4 340.1 339.9 338.3 333.4 324.6 315.7 304.9 311.5
333.9 322.8 308.2 294.2 280.2 264.9 250.4 243.9 252.5 257.9 263.4 272.6 285.4 301.1 318 335.7 352.9 368 380.2 389.3 397.6 406.5 412.2 416.3 423.9 426.5 424.9 421.7 418.3 415.9 412.7 410 407.7 406.9 407.7 407.8 398.6 383.3 371 362.3 350.7 364.7 383.2 398.7 405 407.2 405.3 399.7 391.3 380.4 370.6 366.8 370.2 368.3 364.1 357.1 347.7 339.4 328.5 311.5 293 278.1 269.9 282.1 298.6 314.9 324.9 333.2 339.9 344.6 346.4 346.5 344.5 339.1 332.6 326.1 309.9 324.6
325.3 310.2 291.1 275.6 262.4 250.2 238.4 239.9 249.6 260.5 273.3 286.3 301.7 318.2 335 350.9 365 377 386.7 393.8 400.4 407.1 407.8 409.7 418 424.4 424.7 425.2 423.9 420.8 416.9 410.6 406 402.7 408.8 414.2 413.9 409.9 398.5 388.2 368.3 380.6 400 410.7 413.5 412 408 403 396.1 388.9 384.9 382.3 378.5 373.1 364.3 351.7 333.7 320.4 311.8 311.4 299.4 270.5 277 287.7 307.1 320.8 330 337.9 344.5 349.2 351.8 352.6 350.9 349.1 345.4 334.9 320.8 339.2
312.4 297.5 277 260.1 248.9 238.7 232 246 261 274.1 287 299.9 315.7 331.6 346.4 360.9 371.5 381.9 390 397.3 404.1 402.5 393.4 395.4 409.5 418.7 421.5 421.5 419.9 415.6 410.7 403.9 396.3 393.1 408.2 419 423.2 423.6 420.5 415.3 395.8 403.6 414.8 418 417.5 415 411.2 406.6 402 396.6 391.8 386.6 381.3 373.6 360 338.1 340.9 340.7 336.2 328.2 313.2 285.1 275.8 284 304.4 321.7 332.3 341.2 348.4 353.5 356.6 358.5 360.8 360.8 357.5 347.8 336 353.9
295.4 281.7 264.9 248 237.2 228.5 239.2 257.3 273.3 287.1 298.4 311.9 325.8 340.4 354.8 365.1 372.7 380 390.1 399.6 402.4 391.4 369.3 375 393.2 407.6 412.8 412 407.6 403.3 398 390.2 380.8 383.9 406.5 420.9 425.3 427.2 426.7 423.2 422 423.1 423 422.7 420.7 417.7 414.1 409.3 404.4 399.2 393.9 388.4 379.7 366.1 350.1 353.3 356.2 351.3 341.8 330 312 287.6 286 289.2 287.7 313.2 330.9 343.2 351.4 357.4 362.3 367.8 371.4 373.5 371.8 364.8 354.3 364.2
275.1 263.8 249.6 236.4 227.1 228.1 248.8 267.4 283 294.2 303.9 315.9 327.8 339.6 348.5 354.7 360.2 370.7 382.2 389.8 390.6 378.3 357.6 354.6 373.9 388.3 393.8 393.7 388.9 383.3 378 371.9 361.2 379.5 400.8 412.6 419.2 425 428.4 429.7 430.5 430.2 428.1 426.7 423.7 419.4 415.1 410 404.8 400 394.7 389.2 380.3 369.2 366.7 365.2 360 350.2 336.2 319.4 299.4 280.2 298.2 305.5 290.4 298.8 323.3 342.8 354.3 363 370.5 377.7 384.4 387.7 388.2 382.9 374.5 374.2
253.9 244.5 235.6 225.8 218.7 236.9 257.8 275.2 284.7 290.2 296.6 304.8 311.5 317.6 324.9 331.4 340.2 352.1 362.9 371 372.6 363.5 345.6 335.5 353.7 366 370.4 369.5 364.4 358.1 353.2 349.8 350.3 361.9 374.7 392.6 415.5 424.8 429 432.1 434.4 433.6 431.6 429.1 425 420.2 415 409.6 404.8 400.1 395.2 390.1 383.6 377.5 373.3 367.2 355.6 340.8 323.1 302.8 284.9 293.2 311.6 318.5 305.2 288 313.5 337.3 356 368.9 381.5 391.9 400 404.8 405.6 402.1 395.6 386.4
234.8 228.7 222.1 215.4 225.2 245.2 263.2 273.5 275.4 275.6 278 280.7 284.8 291 299.4 306.3 317.8 329.8 340.7 348.2 350.1 344.1 330.6 317.3 332.5 344 346.3 345.6 340.1 333.1 328.7 327.6 330.2 354.3 379.7 401.3 415.3 423.8 429 433 435.2 434.5 432.4 429.2 424.9 420 414.5 408.6 403.7 398.7 394.2 389.8 384.7 379.3 372.4 362.1 343.8 323.5 305.8 288.6 290.3 309.9 325.9 329.3 317.5 298 306.1 330.7 356.3 376.6 394.4 408.1 417.4 422.5 423.3 420.5 416.8 410.3
216.6 212.4 208.5 216.1 232.4 248.6 258.1 259.7 257.6 254.6 252.4 253.1 257.4 264.8 274.1 282.9 294.9 306.9 316.9 323.2 325.1 322.4 313.6 304.2 314.5 321.7 324.3 322.3 316 311.5 307.2 328.5 349.9 371.3 388.9 405.2 415.8 422.3 427.5 431.9 433.1 433 431.6 428.3 423.5 417.6 411.3 405.1 400.9 396.4 391.6 387.5 382.5 374.1 366.1 351 329.9 308.1 292.1 287.6 305.5 326 339.3 341.2 327 306.5 298.5 326.3 354.6 383 404.5 422.1 434.2 440.9 441.6 439.8 437.7 438.3
201.3 207.7 208.2 215.6 228.2 237.7 241.2 239.9 236.5 232.8 230 235.7 236.7 243 251 259.7 271.7 283.3 292.7 299.4 301.5 300.6 296.1 289.2 298 302.4 303.1 300.9 297.7 308.4 327.7 348.7 369.5 389.1 403.8 413.1 418.6 421.6 425.4 428 429.6 429.5 428.2 425.4 418.8 411.5 406.1 401.6 396.2 390.1 385.9 381.8 376.3 358.1 354 338.5 318.3 298 287.1 305.2 323.4 339.5 349.7 350 333.4 313.6 300.4 323.8 353.1 382.8 411.2 434.2 450.6 459.3 461 459.6 457.6 459.4
218.5 223.1 221.2 216.6 217.9 220.5 223.7 225.4 237.7 246.7 253.4 257 258 255.1 252.3 246 253.2 262.8 271.3 277.1 280.3 280.7 279.1 277 281.8 285 287 287.4 306.6 327.7 348 369.2 388 403.6 413.9 418.5 419.3 420.5 422.6 424.7 425.7 423.4 420.5 421.2 418.5 406.9 397.9 392 386.6 381.3 379.2 376.1 370.9 349 332 323.8 306.2 290.9 300 320.5 338.6 353.4 361.6 359.6 343 323.6 300.1 322.9 352.7 383.6 415.4 440.9 457.4 466.6 471.9 472.1 470.8 471.3
234.4 240 242.3 238.2 236.2 238.7 245.1 253.2 263.1 272.6 279.7 282 281.5 279.4 275.3 268.8 261 250.5 256.7 262 264.9 265 267.2 268.9 272.8 279.2 289.7 306.2 324.9 345.4 365.2 383.6 397.1 404.5 413.7 415.1 414.8 416.6 418.9 420.2 418.9 414.3 410 410.7 411.3 400.3 388.2 383.3 378.5 374.7 372.5 371.2 366.2 353.8 335.7 310.8 295.3 294.5 314.3 334.5 351.7 366.3 374.3 373.4 356.9 334.2 307.7 325.3 354.5 384.9 414.2 433.4 443.9 452.4 459.5 465.5 471.7 476.2
249.9 258.9 263.2 263 263.9 265.7 271.4 279.5 289.5 299 306 306.9 306.5 303.5 298.8 292.8 285 274.7 265.2 261.2 264.4 274.3 280.5 287 288.2 280.6 294.2 311.1 329.8 348.3 365.1 376.9 385 391.9 402.2 405.4 407.6 411 413 412.1 409.2 403.8 397.3 393.5 392 386.6 379.9 375.2 371.1 368.3 366 364.8 361.2 350.5 330.9 307.8 290.7 306.8 327.9 347.6 364.7 377.9 386.5 390.3 374.6 347.7 320 327.2 353.6 380.7 403.3 415.6 424.7 435.3 447.9 461.5 476.4 486.1
267.1 277.7 283.4 287.2 289.6 292.2 297.6 304.9 314 322.8 328.8 330.4 330.7 327.6 323 317.2 309 296.5 279.5 266.9 282.5 292.9 299.9 307.1 309.2 301.1 291.2 295.1 317.2 333.7 346.7 356.6 365.6 374.7 387.6 392.5 399.9 404.7 406.4 405.3 401.1 394.1 386.5 380.4 377.4 374.2 370.7 368 364.2 361.5 359.5 357.8 353.7 341.3 320.9 297.1 299.6 317.8 338.9 358 374.2 386.5 396.9 399.1 379.3 351.1 316.7 327.6 345 368.6 383.6 402.5 422.2 439.8 458.6 477.4 493 494.7
287 297.7 304 308.1 311.5 314.6 319.7 326.9 335.9 344.5 350.1 352.6 353 351.3 346.3 337 323.9 304.6 286.6 273.3 291.3 303.6 314.8 324.2 329.5 325.8 316.7 310.9 306.7 319.7 330.6 341.6 350.2 358.3 372.3 382.6 393.7 397.6 397.9 395.2 389.3 383.5 376.4 370.6 366.9 364 362.7 360.7 357.3 354.5 352.3 347.7 343.4 328.2 307.9 292.2 312.7 330.8 346.9 366.8 382.7 396 405.3 398.4 375.1 347 317.7 340.1 361.2 381.6 401.5 420.6 440.7 461.2 481.1 497 501.5 490.4
301.4 312.5 319.4 324.2 327.5 331.4 336.7 344.1 352.2 359.1 365.1 371.1 374.3 372.7 364.4 350.5 329.8 308.2 292.9 280.8 290.8 307.8 321.1 332.9 341.2 346.2 343.8 336.8 331.8 331.8 333.6 331.8 342.5 350.5 359.5 370.5 385 390.7 391.7 387.4 379.5 373.2 367.3 361.7 357.2 355.6 354.1 352.9 350.1 347.2 344.3 336.1 328 313.7 295.5 309.3 328 346.4 362.6 378.4 393.3 405.5 410 395.9 370.7 341.3 326.9 345.5 367.6 391.4 416.5 440.7 463.1 484.1 502.5 512.6 505 484.1
311.6 322.7 330.9 336.5 339.6 342.7 346.8 352 358.4 367.5 378.8 386.6 389 385.5 375.3 356.2 332.7 311.2 297 295.7 304.7 311 320.3 334.6 346.7 355.7 363.7 365.1 361.8 360.5 360.4 360.1 356.5 366 365.8 366.5 384.5 389.6 390.7 386.4 377 367.1 359.7 353.9 348.3 347.4 346.1 345.1 341 337.4 336.5 325.1 311.9 295.8 307.4 324.1 343 361.3 378 392 403.9 412.8 410.2 390.8 365.2 338 330.2 350.3 374.6 401.3 427.9 453.5 477.5 500.2 516.7 515.4 501 479.8
318 328 334.2 337 337.6 339.3 342.6 347.8 355.7 365.4 373.9 381.8 388.5 393.4 383.3 360.6 336.3 315.6 304.5 308.3 321.5 329.3 336.8 345.2 353.8 363.6 372.2 380.5 384.2 385.3 383.4 382.1 379 382.3 384.2 381.8 386.8 391.1 392.1 388 377.9 364.2 354.1 348.3 345.2 337.6 336.5 335.7 332.1 328.2 326.3 314 299.2 312 323.9 336.7 357.8 376.5 393.5 408.4 420 426.1 416.9 393 367.2 340.9 334 354.8 381.4 408.6 434.9 460.1 484.5 505.2 515.1 510.7 497.3 476.1
316.9 321.4 321.5 319.8 318.6 321.9 326.4 330.1 336.2 344.5 353 364.5 378.5 388.1 384.1 363.9 340.7 321 313.9 319 333.1 343.1 350.2 356.9 363.6 369.9 377.2 385.1 391.4 393.2 391.6 390.1 389.1 390.3 391.6 391.8 393.6 394.1 391.5 384.7 371.5 358.5 350.1 345.7 342.4 338.9 332 327.9 323.1 320.8 316 304.5 315.9 327.8 340.4 357.1 374.2 392.6 410.6 426.2 439.4 445.8 430.9 404.1 377 349.9 333 356.1 383.3 411.4 438.5 462.6 485.4 504.4 512.1 508.1 496 476.7
