ny/ny49_OST50GRID_20230518/NY49.asc
ncols 200
nrows 200
xllcorner 340000
yllcorner 590000
cellsize 50
[rows 70 to 104 of 200, columns 78 to 155 of 200]
354.3 352.1 346.9 342.9 357.7 371.2 370.1 366.6 366.5 362.6 352.8 339.4 326 313.5 303.2 293.1 281.9 269.8 259 248.9 239.4 229.5 226.3 235 248.4 262.9 277.8 293.5 305.4 307.1 302.3 290.7 303.7 316.6 327.6 332.4 330.8 324.6 318.1 327.9 336.3 343.3 349.4 355.9 362.2 359.6 354.5 347.1 338 329.7 324.7 319.7 316.4 315.9 320 328.7 337 335.5 327.1 316.9 305.1 292.7 281.6 271.5 263.9 258.6 250.5 242.6 236.1 230.7 224.3 216.7 209.8 203.8 198.3 193.2 188.9 181.3
333.4 328.6 324.8 325.9 341.2 351.2 351.3 349.4 349.2 346.7 339.9 329.7 317.8 305.7 294.1 283.6 272.9 261.5 250.7 240.3 231.8 225.7 233.2 245 259.7 273.8 288 302.9 312.8 316.2 311 297.6 313.1 330.3 342.1 345.3 343.6 339.5 332.9 343.9 352.8 359.4 364.5 370.6 373.2 373.8 370.6 362 350.8 340.1 333.4 330.9 330.8 333 339.8 347.2 348.2 340.3 329.4 317.2 304.2 291.3 279.5 268.3 258.7 252 246.4 239.6 233.5 228 222 216 209.3 203.2 198 193.3 185.7 182.5
315.6 306.5 305.2 310.4 322.9 329.4 332.1 332.5 332.7 329.7 323.9 315.4 305.4 293.5 280.8 269.8 259.9 250.4 240.5 231.7 226.3 230.7 236.6 251.3 268.4 283.8 297.9 314.2 328.2 328.5 320.4 311.1 320.2 339.2 352.6 356.8 357.8 356.1 353.5 360.3 369.6 376.7 382.8 385 387.2 389 387.4 377.5 364.5 352.4 345.7 345.6 347.5 351.4 357.6 359.7 352.7 341.5 329.3 315.8 302.2 288.8 274.8 262.7 251.8 244.8 240.5 235.2 229.2 223.4 218.1 212.1 206.8 200.9 195.1 189.7 189 187.2
293.8 284 285.3 292.6 302.1 309.7 314.5 314.7 312.7 308.9 304.1 296.4 286.8 275.6 265.7 255 244.1 235.8 231.2 226.9 234.1 240 240.5 243.7 264.3 284.7 305.9 326.4 339.6 337.2 328.2 317.7 326.9 345.5 360.1 367.9 372.6 373 375.2 380.1 389.5 398.2 404.6 409.1 410.1 407.4 401.5 390.3 376.1 366.4 363.6 365.4 367.8 369.2 367.3 363 351.9 338.5 324.3 310 296.1 283.6 270 257.2 247.4 240.7 234.2 229.2 223.7 217.9 212.5 203.4 198.2 192.9 191.6 193.7 193.4 191.3
270.5 266.8 266.3 272.6 280.4 288.4 293 292.4 289.1 286.9 283.6 277.1 268.4 260 250 238.9 229.4 228.6 233.3 238.9 245.4 250.8 252.9 251.4 249.6 271.4 298.5 324.7 339.6 340.9 335.1 328.6 333.4 351.6 365.8 378.3 387.3 392.9 397 400.2 408.7 418.6 427.6 434.5 434.7 427.6 415.6 401.8 387.5 381.7 383.4 386.3 387.4 381.5 371.5 360.3 347.9 332.5 316.9 302.3 289.2 276.8 264.3 253.8 245.9 238.1 229.7 222.4 215 205.8 202.7 207.1 205 201.3 199 196.7 194.5 192
256.8 248.3 247.1 246.5 254.9 260.5 266.7 268.8 269.8 268.1 264.4 260 251.9 244.4 234 231 230.1 238.2 243.5 249.5 255.9 261.4 265 265.9 258.9 258.9 282.3 310.3 335.6 343.2 341.2 338.7 340.8 357.8 374 389.1 401.1 410.9 417 423.2 430.4 439.7 449.8 458 458.1 447.5 429.3 411.5 402.6 400.6 403.1 403.6 398.2 385.3 370.8 356 340.3 324.7 309.1 294.4 282.3 270.5 259.4 251.3 244.1 232.9 222 209.7 217.2 219.6 216.3 213 208.1 202.5 199.1 196.6 194.3 190.9
248.9 251.5 249.1 246.2 243.3 244.7 246.8 249.8 253 252.6 250.4 245.7 238.8 231.1 233.5 231.9 238.2 246 253.3 260.1 266.3 273.5 280.5 281.6 275.4 256.1 271.6 299.4 326.2 341.3 347.2 349.2 345.2 364.7 383.2 400.5 414.9 428.2 439 447.2 453.8 461.3 469.9 476.4 473.3 462.3 447.1 432.8 422.7 417.4 414.3 409.5 399.7 385.7 368.9 351.8 332.9 317.2 303.2 289.1 276.7 265.2 256.1 247.3 237.5 222.5 229.2 232.2 229.1 226.1 221.5 217.2 212.2 207.1 200 196.8 195.2 192.1
261.9 263.6 263 255 249 246.2 239.5 239.9 240.3 238.8 238.8 234.9 237.8 238.8 241 235.7 245.7 255.4 263.6 271.3 279.5 292 298.7 298.2 292.7 274.6 267.2 292.8 320.9 341.2 352.3 358.2 360.5 371.5 391.4 409.8 428 445.1 459.7 469.2 477.1 484 490.3 491.9 484.8 472.7 460.3 449.3 440.2 431.6 421.5 409.5 397.5 382 362.9 344.3 325.8 310.5 297 284.8 272.4 262 252 242.3 223.7 231.9 243.6 240.6 236.3 231 226.7 221.4 216.7 211.8 205.7 201.3 199.7 197.8
273.6 271.1 267.5 259.5 251.9 247.7 249.7 248.2 245.7 243.5 242.3 244.2 244.8 245.2 241.3 242.2 255.1 265.6 273.8 281.7 294.5 308.7 315.1 316.4 309.5 288.6 266.2 288.5 315.9 336.9 354.7 364.9 372.2 375.2 398.6 417.3 436.7 458.2 476.5 489.6 498.7 505.8 509.4 504.3 490.7 476.8 465.7 456.1 446.8 436.4 424.3 409.3 393.6 374.8 351.9 334.9 318 304.5 291.4 279.2 268.9 259 247.6 229.2 242.1 253.9 257.1 247.9 240.9 234.9 231 225.2 219.4 214.5 209.8 208.5 206.8 205.2
278.6 274 266.7 254.6 257.6 260.7 262.6 262.3 262.5 260.3 257.9 254.8 253.7 254.1 244.3 250.2 263.9 274.1 282.9 291.6 306.9 320.8 332.3 337.5 323.7 301.5 278.5 287.1 312.7 334.8 355.7 371.9 384.7 391.3 406.8 425.8 446.5 467.4 487.7 504.9 517.3 523 519.5 505.2 488.9 474.6 465.2 456.8 447.5 435.6 421.2 406 388 366.5 343.7 326.4 311.9 298.4 285.2 272.8 263.7 254 237.5 249.2 265.2 269.5 266.9 256.5 246.3 238.8 234.6 228.8 222.8 218.3 217.4 216.1 214.5 213.4
282 276.4 268.2 263.5 270.4 274.2 275.6 275.9 274.9 271.7 266.3 261.7 261.2 260.5 241.6 256.2 272.2 283.1 293.7 304.5 322 337.7 352.6 356 338.7 316.4 291.9 277.1 307.1 332.9 356.3 378 395.8 408.5 421.8 435.6 454.5 475.4 496.1 515.2 526.1 524.9 513.4 497.2 480.8 470.1 463.4 455.1 444.8 431.3 416.6 401.7 380.1 358.6 337.6 320.8 306.1 292 280.9 267.6 261.2 238.9 250.1 268.5 280.3 277 271.4 264.7 255.4 245.6 239.2 232.7 227.5 223.6 225 223.5 221.5 220
284.3 276.4 267.3 277.5 283.6 287.4 288.3 287.1 283.5 278.3 272.5 267.8 266.9 259 246.8 264.2 280.8 294 307.4 321.4 338.7 355.9 369.5 371 354.4 333.1 307.6 282.9 303 330.2 355.9 382.5 404.7 424 437.5 449.4 464.3 483.6 502.1 518.1 520.8 513.8 501.7 486.7 474 468.1 461.8 452.4 441.2 427.2 412.3 395 373.6 353.4 333.1 314.9 300.8 286.3 281.9 277.6 264.9 249.9 267.8 282.5 286.7 283.2 277 269.9 263.4 254.4 245.6 239.2 234.1 231.7 230.8 229.6 228.1 226.8
287 273.9 284.4 292.3 297.8 301 301.2 296.8 290.6 282.9 276 270.1 268.5 256 253 272.5 289.7 306.6 322.1 338.5 355.9 373.5 386.9 387.9 372.2 349.7 322.4 291.9 300.9 327.1 355.6 384 410.9 434.4 452.1 465 477.3 492 506.6 513.8 511.3 502.8 491.3 477.7 470.6 466 458.2 447 435.1 421.3 405.2 386.8 367 346.8 326 309.7 302 293.5 284.2 270.7 258.3 263.4 285 292.7 291.7 287.9 282.2 275.1 268.1 261.7 253.4 246.1 240.9 238.4 237.1 235.6 234.2 233.2
278.1 291 299.2 306.2 311.2 313.9 311.5 307.1 298.8 287.7 278 270.7 263.7 251.4 260.3 280.1 299.3 318.1 337.4 355.2 373.3 391.4 404.6 405.2 389.7 365.8 336.5 307.8 299.7 324.7 353.8 383.1 413.2 440.4 461.9 478.3 491 501.3 508.3 508.4 501.1 492.4 482.5 471.6 464.5 459.7 450.6 439.1 427.7 413.6 396.2 376.2 356.4 332.4 327.5 302.8 297 292.8 283.2 275.6 261.2 283.2 300.1 301.1 297.8 292.4 287.4 280.2 272.9 266.8 258.9 252.9 248.6 245 242.9 241.6 240.2 238.8
296.3 305.2 313.8 320.1 324.6 326.4 324.1 317.1 305.8 290.9 278.2 267.8 258.2 252 269.2 288 307 329 349.8 369.5 390.8 409.2 422.3 422.9 404.6 379.8 351.8 326.7 300.7 320.7 350.1 381.1 412.3 441 465.5 485.4 499.8 506 505 501.3 493.1 483.7 478.8 471 462.9 446.2 435.9 425.4 414 398.1 383.3 359.8 345.6 343.6 334.1 324.3 316.6 307.8 296.5 280.6 272.7 300.2 310.7 309.2 303.7 298.2 293.5 286.4 279.4 272.5 266.5 261.5 257 253.4 249.7 247.7 246.1 244.6
310 319 327.4 333.6 338.1 339.3 336.6 326.9 311.9 295.8 281.1 265.9 253.9 251.6 272.9 293.2 313.1 336.5 358.6 382.2 404.5 424.2 437.7 438.9 421.6 398 372.7 348.2 323.1 315.1 343.5 374.8 406.3 436.6 463.4 484.1 497.1 501 499 494.9 487.3 481 477.7 472.7 465.9 456.2 445.6 435.5 420.3 403.3 387 376.7 371.7 360.2 347.1 338.5 330.4 317 300.4 275.4 290.3 312.5 319.7 318.1 312.7 307.4 302 296 289.3 283.2 277.5 272.2 267.3 262.1 257.7 254.5 252.5 250.8
323.6 333.4 342.5 349.3 353.9 354.2 349.2 336.6 320.5 302.6 286.2 270.1 255.4 254.7 271.5 294.3 316.8 340.4 364 390 414.1 434.8 449.3 453.2 439.5 417 392 367.8 342.4 316.5 336.7 367.4 398.7 428.8 455.1 470.7 481.1 489.1 491.2 490.1 485.4 479.9 477.6 473.7 467.4 459.7 450.6 439.5 428.3 417 405.1 394.6 382.1 368.6 356.4 344 330.5 314.3 292.4 286.6 309.1 325.4 332.5 332.1 327.9 322.4 316.3 310.1 304 297.6 290.8 284.2 278 272.7 267.5 262.5 260.2 257.6
338 350.5 360.8 367.3 369.7 368.7 362.2 347.7 329.4 310.3 292 272.6 259.1 262.1 272.1 292.9 315.9 339.8 365.6 392.7 417.9 439.4 454.7 467.5 455.1 432.6 407.8 383.4 357.4 331.5 333.1 362 392.8 418.5 437.3 448.8 459.9 473.8 483.5 486 482 478.9 476.7 473.2 466.6 459.2 449.7 438.9 429.2 420 409 398.5 387.5 376 362 346.3 328.7 308.8 283 308.1 326.9 337.3 344.2 344.5 341.4 336.2 330.5 324.4 317.8 311.3 303.8 295.5 288.7 282.7 277.2 272.8 268.4 264.7
354.6 368.2 378.8 385 387.2 384.6 376.5 359.9 338.2 316.9 295.4 274.3 260.9 267 274.1 291.9 313.4 335.7 362.5 389.6 414.6 436.2 451.6 464.1 464.5 445.2 420.8 396.2 371.7 347.3 329.7 356.7 384.4 404.6 416.1 426.6 441.7 461.6 474.9 477.3 476.3 475.2 472.8 468.7 462.2 453.3 443.7 435.7 428.6 420.7 411.7 402 393.8 384.7 367 347 328.4 307.1 297.4 325.1 338.5 347.9 354.3 356.4 353.8 349.4 344.2 338.1 331.2 324 316.3 307.7 300.1 293.3 287.9 283.5 279.1 274.2
371.6 385.5 395.9 401.1 402.1 398.1 387.9 368.9 344.4 320.7 297.8 270.5 273.9 278.4 268.2 286.5 304.8 326 352.4 378.6 402.2 422.2 439 452.4 459.7 452.8 432.5 409 388.5 367.5 345.8 348 370.2 385.2 396.7 413 432.1 449.2 459.2 465.7 468 467.6 466.6 462.9 456.8 448.6 441 434.1 427.5 420.6 412.1 405.6 398.7 388.7 369 347 328.1 306.9 308.4 336 347.9 356.4 362.4 365.4 365.3 361.8 357 349.2 343.3 336.4 329.4 320.8 312.5 305.1 299 293.8 289.6 284.6
384.6 399.4 409.6 414.7 415.2 409.3 395.7 373.5 346.9 321 296.6 265.9 280.5 292.8 277.2 272.5 288.6 309.2 335.2 358.6 381.1 402.6 419.6 433.8 445.5 450.4 441.4 424.1 405.9 387.1 367.6 349.5 349.8 365.4 382.7 404.2 423.3 434.6 444.3 453.3 460.4 464.4 463.8 460.1 454.9 448.1 441.1 434.1 427.3 419.9 412.5 405.5 398.3 388.8 371.2 349 330.7 308.8 317.3 345 355.6 363 368.7 372.2 374 373.3 367.6 358.9 352.3 347.2 342.3 334.2 325.5 318.3 311.4 304.6 299.6 294.4
396.1 412.4 421.9 425.8 424.4 416.6 400.9 376.6 348.4 321.1 294.2 266.3 289 305 300.7 285.3 272.7 292.3 315.6 337 358.6 379.4 396.4 411.6 425.6 435.8 439.2 436 422 405.9 390.7 376.4 370.2 370.1 367.9 394.9 412.3 425.9 437 447.1 455.8 461.7 461.8 457.7 453.2 447.4 440.8 433.4 425.9 418.5 410.7 402.8 395.1 386 372.7 353.2 334.3 306 325.7 351.4 361.1 368.6 373.5 378.6 383.3 382 376.2 368.9 362.7 355.7 351.1 345 338 331.3 324.3 316.2 309.8 303.7
408.3 425.7 435.7 439.2 436.2 425.4 405.9 378.4 350.1 321.8 292.9 275 298.7 318.3 321.8 309.9 297 282.8 295.7 314.1 333.4 353.4 369.6 385.9 403 417.7 428.5 434.1 433.4 422 412.2 401.7 396.5 394 395.1 400 407.1 419.6 434 445 453.2 459.7 459.7 456.6 451 445 438.3 430.7 423.1 416.6 408.7 400.9 393 384.3 370.7 355.6 338.7 313.9 333.1 356 366.7 373.7 379.7 384.6 388.6 387.6 383.9 378.4 371.7 364.4 358.5 352.7 346.7 340.4 333.3 326.2 319.5 312.3
426 440.8 451.7 454.7 448.1 432.9 408.7 380.8 352.9 324.7 292.6 282.4 306.8 330.2 340.6 336.5 324.7 310.4 298.9 290.6 308.5 325.3 341.9 359.2 378.1 398.4 416 424.9 427.3 427.8 425.6 420.1 414.8 412.7 414 419.5 425.2 431.7 438.7 446.9 454.3 459.3 458.5 454.5 448.3 441.7 434.6 427.4 420.9 414.4 406.9 399.3 391.8 383.2 370.6 356.9 341.2 313 342.5 362 371.4 377.7 383.7 389.6 392.3 392.1 389.5 385.2 377.5 370.6 365.2 359.8 353.4 346.9 340.5 333.7 326.9 320.4
446.6 458.9 468.2 467.8 453.3 434.3 408.9 380.4 352.9 325.3 295.3 287.5 311.9 336.4 352.1 360.6 353.2 340 327.9 316.2 302.5 301.8 316.5 333.4 353.7 380.4 401.4 412.8 418.5 422.8 425 424.1 422.4 421.2 424.2 430.1 433.9 438.7 446.2 452.2 456 457.3 455.3 450.9 444.8 437.5 430.2 423.5 417.1 410.9 404.3 397.4 391.7 385.1 374.8 360.6 343.8 321.7 352.9 368.4 376 382.2 387 391.6 394.9 395.6 394.1 389.1 382.1 376.8 372 366.9 360.2 353.4 346.9 340.9 334.1 327.5
465.4 471.5 472.9 464.7 447.9 426.1 401.2 375.5 349.3 323.4 294.4 285.7 311.2 338.3 356.3 373.8 377.8 369.3 358.1 344 329.6 317.2 305.9 318.5 338.5 363.6 385.9 399.1 407.7 414.1 417.5 418.4 419.7 423.3 428.3 433.2 437.5 443.4 450.9 457.9 456.9 453.3 449.8 445.5 439.6 432.6 425.4 419.1 412.8 406.2 398.9 391.3 387.4 382.1 375.3 364.3 345.7 331.2 360.7 373.5 381.2 385.1 387.5 391.3 394.1 395.7 394 390.9 386.8 382.3 378.2 373.1 368.1 360.1 352.2 345.7 340.4 334.6
473.3 472.8 466.6 454.7 436.3 415 388.7 362.1 337.7 314.9 288.5 288.6 309.6 336.2 357.7 378.7 389.7 389.1 381.6 369.5 356.5 343.2 328.6 316.9 324.2 347.3 369.9 384.6 393.4 398.7 403.3 405.4 409.8 416.2 426.6 434.8 441.4 449 455.2 460 457.2 452.7 446.4 438.2 431.1 427 417.5 412.8 405.4 398.4 389.5 387.6 385.1 374.4 374.6 359.7 338.4 351.6 368.9 379.7 384.2 387.2 389.3 391.3 393.4 393.8 392.8 392.2 389.8 386.8 382.7 377.9 372.3 365.6 357.4 349.7 343.7 338.2
477.9 474.3 464 448.3 429 406.5 381 358.4 336.9 315.8 295.2 292.2 308.7 331.4 353 374.1 388.3 396 395.3 389 379 368 355 337.8 321.2 332.8 353.8 368 376.6 382.6 387.4 392.7 398 405.8 421.7 435.8 445 453.4 459.3 462.2 458.4 454.7 448.3 441.6 434.9 428.3 421.2 413.9 408.2 402.9 400.1 395.4 391.2 385.7 375.1 340.4 355.8 370.8 379.5 384.6 386.9 388.7 390.6 391.7 392.6 392.5 392 391.7 391.2 388.4 385.2 380.5 374.2 367.7 360.8 353.7 347.3 340.9
484.8 474.8 460.3 443.1 426.4 409.7 390.1 368.2 345.7 320.2 294.3 290.4 304.6 321.5 341.4 362.2 378.8 390.6 396.5 395.8 391.3 385.1 375.7 359.7 342.8 330.2 338.6 351.2 359.4 366 372.2 379.6 390.8 402.7 419.5 436.9 447.8 457.1 463 466.3 463 457.9 451.6 445.1 439.1 432.8 426.1 420.3 415.1 410.9 406.4 401.6 396.8 390.4 374.3 370.6 377.9 381.7 386 388.8 389.7 390.3 390.9 392 392.4 391.9 391.5 391.4 391.3 389.8 386.5 381.2 375.1 369.1 362.4 356 349.8 343.1
482.8 467.1 451.3 434.9 419.9 404.6 386.4 365.8 344.2 319.1 295.5 299.5 298.8 308.6 325.9 345.7 362.9 377.6 386.9 389.8 390.1 389.8 386.7 378 363.2 350.6 337.7 344.9 354.4 361.9 373.1 383.2 392 408.5 424.5 441.6 452 460.9 466.2 469 466.3 460.8 454.5 447.4 440.8 436.9 432.5 426.2 420.9 416.1 410.5 404.5 399 391.4 376.4 385.7 387.1 387.8 390.1 391 391.2 390.8 391.5 392 391.5 390.9 390.6 390.7 390.1 389.1 386.2 380.8 373.8 368.9 362.5 355.6 349.6 343.7
471.4 453.1 434.5 418.2 403.1 387.6 370.8 353.9 335.3 314 298.6 309.9 321.4 311.3 315.9 329.8 344.9 359 370.6 378.5 383.6 388 391.4 388.6 380.4 366.2 355.9 366.1 378.2 386.5 396.2 403.8 410.7 417.1 433.9 447.9 457 465.6 471.4 473.1 468.9 463.4 457.5 451.2 447.4 443.9 438.3 431.7 424.9 419.6 413.7 407.2 400.6 389.9 388.6 391.7 391.8 391.7 392.4 392.2 391.8 391.3 391.5 390.7 390.7 390 388.8 388.8 388.3 387.1 384.1 378.9 372.1 366.8 360.6 353.4 347.3 341.4
461.7 437.9 416.3 398.6 382.3 367.3 353.5 339.2 324.3 308.3 305.4 322.2 336.4 338.7 328.1 316.1 329.6 341.5 355.2 366.1 375.2 384.2 392.1 395.4 392.7 385 382.7 389.5 395.4 403.2 411.1 416.4 422.3 422 441.7 455.7 463.4 470.7 475.6 475.1 471 467.4 461.4 456.3 452.6 447.6 441.2 434.4 426.9 420.5 413.6 406.8 399.6 389.6 393.7 395.1 394.6 394.4 394.2 392.7 391.9 391.3 390.7 389.7 388.9 388.3 386.5 385.2 384.9 383.6 380.5 375.1 369.3 363.6 357.9 351.3 344.8 339.1
455.2 428.8 403.5 377.2 362.4 349.7 336.9 326.4 315.3 318.6 307.7 334.7 350 358 353.9 343 336.2 334.7 342.8 357.8 372.9 385.6 395.3 401.5 401.8 400.4 401.2 403.9 407.8 413.1 419.7 425 433.3 443.5 450.6 462.2 468.9 475.5 477.8 475.9 473.7 470.4 465 459.7 455.1 448.5 441.5 434.2 425.7 417.9 412 405.7 398 395.2 398.5 398.3 397.6 396.9 395.7 392.7 391.4 391 390.6 389.2 386.1 384.7 383.7 381.6 379.9 378.7 375.9 371 365.7 360.1 354.3 348 341.3 336
450.7 417.3 385.7 363.8 360.5 352.8 346.4 339.5 337.5 331.4 324.6 347 363.8 375 376.7 368.4 358.5 350.6 342.8 363 382.3 396.1 403.9 408.7 411.9 412.7 414.5 416.7 418.7 423.5 428.5 434 443.1 455.6 457.8 468.2 474 478.5 478.7 476.3 474.6 470.6 464.4 459.1 452.9 446.9 439.8 431.1 421.3 414.1 410.1 404.7 402.5 401.9 402.4 402.2 401.1 399.2 396.9 393.1 390.5 389.7 389.1 387.4 383.6 379.8 378.8 376.9 375 372.3 369.4 365.8 361.6 356.1 350.4 344.4 338 332.7
453.2 425.5 394 390.6 385.3 380.5 375.2 361.8 356 334.4 336.1 359.7 379.3 392.1 395.7 389.3 375.9 356.9 356.2 374.8 392.1 404.2 411.5 416.6 419.3 422 424.9 428 431.4 434.6 438.9 444.5 453.7 465.2 471 474.5 478.2 480.8 479.4 476.9 473.5 468.8 462.7 456.6 451 445.7 439.7 432.7 425.1 419.4 414.2 410.1 408.1 407.1 406.9 405.3 404.1 401.7 397.9 393.7 389.8 388.1 386.1 384.7 381 376.6 371.7 370.6 368.5 365.6 362.7 359.9 356 352.2 346.5 341 335 329.7
