ny/ny49_OST50GRID_20230518/NY49.asc
ncols 200
nrows 200
xllcorner 340000
yllcorner 590000
cellsize 50
[rows 35 to 69 of 200, columns 0 to 77 of 200]
392.9 393.5 381.6 362.8 358 348.4 329.1 302.2 304.1 326.1 345.2 360.6 372.5 376.9 404.3 424.8 441.2 455.1 470.4 481.4 487.7 490.7 490.3 487.8 484.9 479.3 471.5 460 441.5 423 425.9 431.3 434.9 435.5 432.9 420.7 402.1 392.5 387.2 382.9 380.5 382.1 380 373 362.9 344 322.6 303.1 290.5 281.7 275.2 268.7 258.3 266.9 277.8 290 301.3 310.8 317.3 320.8 323.8 329.4 342.8 353.7 362.4 364.3 363.7 362.6 360.8 358.5 355.3 351.9 346 338.8 330.9 322.7 312.7 309.9
386.3 378.4 361.5 353.8 347 333 304.5 284.6 314.4 338.3 361.6 382.9 397.7 407 419.5 433.7 447.5 458.9 466.5 469.6 470.5 471.5 468.6 466.4 465.3 461.1 455 445.6 429.7 402.8 400.5 406.6 413.4 415.5 414.7 403.1 387.3 374.4 368.6 366.5 368.1 375.2 378.1 373 365.3 350.3 331.4 312.2 296 284.6 276.3 269.8 262.6 263.1 274 285.7 296 303.1 307.5 303 314.5 326.7 336 345.5 355.3 359.4 359.3 358.5 357.6 355.6 352.3 349.1 345 336.6 330.6 322.8 313 303.5
376.9 359 349.1 345.1 332.9 309.7 285.9 298.4 325.3 351.6 378.2 401.7 418.4 429.9 440.6 450.9 460 460.8 452.5 447.9 447.8 446.9 445.8 445.4 445.1 444.1 439.4 431.3 418.9 397.2 375.2 381.4 390.7 395.5 394.7 383 369.7 360.7 352.9 351.6 358 370.3 375.8 371.6 364.9 354.2 341.1 321.3 302.2 287.9 278.2 271.6 263.7 255 269.1 281.8 289.5 294.3 295.8 296.3 307.9 318.8 328.2 337.7 347.9 353.8 354.8 354.4 353.7 353.2 350.8 347.5 342.4 335.5 329.5 323.2 313.9 305.5
358.3 346.5 340.7 330.6 313.2 289.5 280.4 308.5 336.9 366 394.1 417.4 435.3 449.4 461.3 469.2 466.9 451.2 433.5 420.9 420.2 420.3 421.4 423 425.7 425.8 422.5 416.5 406.5 391.9 370 358.6 367.5 373.5 372.5 363.7 353.3 347.1 340.1 340.1 351.6 365.8 371.4 367.3 362.3 354.6 345.8 329.8 308.3 292.1 280.6 273 266.7 253.7 267.1 276.5 280.7 282.8 282.7 290 300.4 309.8 319.4 329.6 340.8 347.6 349.7 350.7 350.8 351 349.2 345.8 339.6 332.5 327 321.5 315.1 306.3
343.4 340.2 329.5 314.9 290.9 275.6 292.3 320.6 350.6 379.7 407.4 429.7 450 464.5 477.3 480.1 462.3 438.8 416.9 395 389.3 390.2 394.5 401.4 406.2 406.5 404.4 400 391.9 379.6 363.2 338.6 346.4 351 352.7 346.1 338.8 333.5 328.5 332.4 347.6 360.3 364.2 361.7 357.7 351.8 344 330.4 312.1 296.1 282.2 274 267.8 258.3 259.6 266.2 268.8 269.9 267.9 281.1 290.3 300.3 309.7 320.7 333.8 340.8 344.7 346.4 348.6 348.6 347.1 342.4 336.1 331.1 325.2 320.3 311.4 307.3
336.6 327.3 313 288.8 272.1 280.5 306.8 334.9 364.2 392.4 418.1 440.9 459.9 474.2 486.8 482.7 456.1 428.5 405.6 380.2 360.9 360.2 366.7 380.2 388 388.6 387.5 383.1 375.2 364.5 350.6 333.9 327.2 332.5 335.5 331.5 325.7 320.4 317 329.1 345 353.6 355.7 353.8 351.4 347.6 340.2 327.6 312.7 295.7 282.2 274.4 267.9 261.5 249.9 258.8 256.4 257.3 262.5 269.4 278.2 286.4 294.6 306.8 319.1 329.9 337.5 342.6 345.5 346 342.5 337 331.8 327.3 322.5 317.5 312.3 306.7
324.6 310.5 289.2 266.3 276.1 299.9 324.8 351.6 378.8 402.7 428.6 450.2 467.1 479.9 482.7 474 452.1 425.2 397.6 371.7 344.8 334 341.5 358.9 370.4 371.6 369.9 364.9 358.1 348.4 336.4 321.9 306.9 316.8 320.5 317.5 312 306.3 312.5 328.9 341.7 345.7 345.9 344.2 342.9 341.7 337 326.8 311.9 294.8 280.7 272.4 266.5 260.5 249.9 251.8 257 268.3 273.1 272.4 267.4 273.5 278.9 286 296 311.7 327.4 337.5 340.1 339.6 334.9 329 324.9 321.7 318.3 313.5 310.4 305.2
309.1 289.9 262.9 269.4 293.3 316.8 341 367.1 392.4 416.4 439.7 458.8 471.9 472.4 466.2 458.6 444.7 426.1 399 371.3 343.4 315.6 320.3 337.1 351.3 355.5 352.6 348 341.4 332.3 321.2 308.2 296.2 304.2 307.9 304.2 298.6 293.4 313.4 328.2 335.9 337.3 335.2 332.8 333.4 335.2 331.7 322.6 309.4 293.4 279.1 270.6 263.9 257.7 245.8 254.8 269.1 280.3 286.4 287.4 280.2 275.8 274.8 273 282.1 293.9 308.1 317.7 323.7 326.5 323.4 317.6 312.7 312 312.1 310.4 308 304.8
293.6 263.1 256.1 282.2 306.7 330.4 355.1 381.2 406.4 429.8 452 469.9 468.7 455.8 445.6 440.1 434 420.9 398.6 371.3 343.2 314.9 302.4 317.1 332.8 340.3 337 332.2 326 317.6 307.4 295.8 284.5 294.5 296.5 289.6 277.6 297.1 311.9 323.5 328.3 327 323 320.5 324.1 327.1 324 316.8 305.5 290.4 276.6 268.5 261 252.9 242.7 262.6 275.7 287.6 294.7 296.9 294.9 294.7 296.9 294.4 286.5 279.6 286.6 293.1 299.4 304.5 304.7 300.1 296 302.7 308.1 310.3 310.9 308.9
275.5 242 264.8 290.3 316.5 342.8 368.9 394.8 419.4 440.5 459.6 468.3 455.3 436.4 422.8 420.6 419.4 410.4 394 370.8 342.3 314.5 285.4 299 316.4 324.9 322.1 317.2 311.6 304.9 296.6 282.8 276.2 286 284.7 272.9 277.9 293.3 306.8 316.6 319.7 316.9 311.7 309.5 313.6 316.6 314.9 309.7 300.8 287.8 273.5 263.6 254.1 243.8 251 266.7 278.9 293.3 304.3 307.1 306.9 309.4 314.2 314.5 305.1 296.3 288.8 285.8 285.5 288.1 293.1 301.4 310.2 313.3 314.5 315.7 315.4 313.1
255.7 239.8 267 294 323.6 351.5 378.4 405.2 429.1 448.4 461.5 457.8 438.8 416.2 397.3 398.9 403.8 400 387.6 370.8 344.9 315.9 287.8 281.6 298.8 307.3 306.5 302.1 299.1 294.4 287.9 271.1 270.2 274.5 272.4 259.6 267.4 286.7 299.2 307.1 309.6 306.3 300 298.3 302 304.5 304.4 300.3 294.9 282.8 268 254.6 244.9 240.1 256.6 268.4 280.3 295.7 310.6 313.1 314.1 317 319.9 321.4 319.8 314.6 309.7 308.4 310.6 306.8 311.4 316.2 318.8 320.3 321.6 321.6 320.5 317
243.7 242 268.8 298.6 329.7 358 386.9 413.2 437.4 453.9 456.8 443.3 421.6 397.5 372.4 376.5 388 391.7 383.5 369.8 347.7 318.1 288.7 262.1 278.5 288.8 289.2 288.4 286.4 282.2 274.9 259.1 255.4 261 258.3 246.8 260.3 278.9 288.4 296 297.4 295.2 288 287 290.1 291.6 291.7 289.8 285.2 275.3 260.9 246.5 239.4 249.8 260.2 271.4 282.9 295.8 307 311.2 313.4 317.8 321.1 323.2 323.5 323.6 323.5 324.1 325.1 325.2 324.7 326.6 326.9 328.3 329.1 328 325.2 320
234.5 245.3 273.4 304.3 336.2 366.1 394.1 420.6 444 454.9 446.2 427.5 404.8 380 355.7 355.4 373.2 384.2 379.2 366.5 349 323.9 293.4 264.5 259.9 270.2 273.8 273.4 270.5 265.6 258.1 247.1 236.5 239.8 239.3 232.3 254.2 263 270.7 280.3 283.8 281.7 274.9 272.7 275 276.2 277.4 275.9 272.5 265.2 250.9 234.2 244.3 254.1 263.7 273.3 284 293.4 302.5 307.6 311.9 316.5 321.2 323.4 325.8 327.4 329.4 330.6 332 332.1 334.3 334.6 335.1 335.3 334.5 332.3 328.6 324.4
231 252.6 281.3 312.8 343.6 373.6 400.3 425.9 447 448.2 434 413.3 389.6 364.6 340.3 336.8 356.8 368.7 368.3 358.9 344.1 325 298.8 268.1 245.9 255.1 259 257.1 253.7 248.6 241.1 230.6 221.6 214 217.6 227.9 234.6 239.3 247.2 258.1 264.3 264.6 261.7 256.3 255.2 255.9 256.9 256.9 255.7 248.5 236 242.5 255.7 265.2 272.1 278.7 286.3 293.7 300.8 306.2 311.4 316.5 319.8 322 325.4 330.7 333.6 336.8 338.5 339.2 341.7 341.5 341.1 338.7 337.4 334.8 331.7 329.5
233.4 260.4 290.4 322.9 353.1 381.4 406.1 428.6 445.2 438.9 422.3 400 374.6 349.6 325.5 320.9 339.7 353 354.6 346.9 333.1 316.4 297.4 275 248.1 241.1 245.3 242.3 238.5 231.4 219.3 209.5 212.9 219.9 217.7 214.5 215.8 220.1 225.5 233.9 241.5 244 243.3 239.4 236.5 235.5 235.6 232.4 236.4 234.4 245.3 258.4 269.4 277.4 283.6 289.3 294.8 299.4 303.4 307.2 311.1 313.7 316.9 319.8 324 329.6 334.2 337.1 338.5 342 345.5 346.1 344.5 342.1 340.2 338.4 336.6 337.4
240.7 268.8 299.5 330.9 359.9 387 410.5 429.4 440 427.6 410.4 389.5 362.6 335.2 310.9 307.9 323.9 335.8 338 331.4 319.9 304.8 289.2 272.4 252 229.7 233.1 230.3 223.4 213.7 212.1 222.9 231.6 240.5 237.3 234.4 231.7 226 220.9 220.3 224 225.8 224.2 224.3 225.7 226.4 230.1 238.9 243.8 251.3 261.9 271.8 278.9 285.2 291.3 295.7 299.7 302.2 304.1 306.6 308.7 310.9 313.1 315.2 319.7 325.4 329.3 331.1 335.1 341.2 344.2 345.2 345.2 344.6 343.8 343.5 344.7 347.3
248.8 278.7 309.7 340.2 368.6 392.9 413.6 426.3 427.7 415 398.7 379.9 354.3 325.4 298.8 292.1 305.2 316.4 320.2 315.3 305.6 292.2 277.4 263.6 248.8 231.1 220.9 217.3 206.6 216.5 231.1 244.3 255.6 262.4 258.9 257.5 252.9 247.2 241.9 237.2 234.9 233.5 235.3 239.8 245.3 250 253.9 258.3 262.7 268.1 273.3 278.5 284.7 290.4 295.1 297.6 298.6 300.2 301.7 303.3 304.4 305.7 307 310 314.2 319 320.9 323.9 329.6 335.1 339.2 342.3 344.7 347 349.4 351.3 355.1 359.6
255.8 287.3 319.8 351.2 377.8 394 406.7 415.9 412.3 400.7 386.9 370 347.2 319.7 291.5 276.1 285.4 298.2 304.2 301.2 292.1 280.1 267.1 253.9 240.2 225.7 208.8 203.9 217.2 235 251.4 265.4 276 282.5 280.8 277.8 273.9 268.6 263.5 259.2 257.2 255.9 256.9 259.9 262.9 265.3 267.4 269 270.6 273.2 276.5 282.8 288.1 290.6 293 293.2 293.3 294 294.9 295.5 297 298.9 301.2 304.3 307.3 310.3 312.7 316.4 322 328.3 334.1 340 345.8 350.3 355 358.4 365.9 373.2
261.1 292.2 323.7 352.2 376 389.1 397.1 402.4 398 385.7 373.8 358.9 340.1 314.6 286.9 260.3 268.5 282.9 290 288.3 280.4 269.7 256.3 243.7 229.5 215.5 203.8 214.8 234.9 254 270.3 284.2 293.4 298.5 295.2 290.2 285.2 280.8 277 274.2 270.9 269 267.8 267.3 266.6 267 267.3 268.7 270.8 274.4 278.4 282.1 285.4 285.6 284.5 283.1 282.5 282.4 281.3 285.1 287.7 289.4 294.2 294.9 298.6 299.3 305.2 312.4 320.1 329.1 334.5 342.2 349.1 355.6 361.7 367.6 377.1 385.2
272.3 302.6 331.2 357.7 374.7 382.3 384.3 387.1 382.3 370.3 358.5 345.4 330.4 308.7 282.2 258.2 256.4 271 278.7 278.5 271.4 261.3 247.9 233.5 217.7 204.5 211.4 231.8 252 271.8 286.5 297.4 303.8 304.7 300 294.3 288.1 283.2 279.5 275.6 272.1 268.9 266 264 262 261.7 262.5 265.2 268.6 272.6 275.7 276.8 274.9 272.1 267.1 268.7 271.4 280.9 281.6 284.9 282.8 288.8 292 295.9 296.4 305.2 315.2 325.3 333 340.1 343.5 349.4 356.6 363.5 370.6 377.2 387.6 397.4
279 310.5 338.2 361.1 370.6 372.4 373.4 371.2 363.6 353.4 342.6 330.3 318.1 301.7 279 252.7 246.8 262.2 270.5 269.8 262.9 252.6 238.9 223.3 206.3 204.2 226.1 247.4 268 284.5 294.2 300.2 302.3 300.3 297.8 291.3 284.2 278.8 274.3 269.7 265.9 262.6 258.9 256.1 255.1 255.4 257.2 260.7 264.9 267.3 265.7 263.4 260.8 270.1 279.1 288.3 292.8 300.5 303.2 303.4 303.6 300 303.6 301.8 300.5 311.2 324.1 335.9 344.7 349.4 352.4 358.3 365.3 373 381.6 388.9 401 411.3
281 312.5 339.4 354 359 361.4 358.7 353.5 345.5 337.2 327.2 316 304.4 291.9 275 248.1 240.5 255 261.9 260.8 254.2 244.6 231 214.7 199.2 216.2 238.2 258.2 274.3 283.6 288.7 291.8 292.3 290.7 288 282.3 276.1 270.5 265.2 259 255.2 251.2 247.3 245.2 245.4 247.5 251.4 255.5 256.4 257.8 251.2 264.7 274.4 284.5 295.2 305 312.5 317 318.4 317.7 315.7 313.1 310.5 307.6 306.2 319.8 334.6 345.5 353.2 357.6 362.4 367.8 375 383.1 391.7 401.9 415.2 426.8
280.7 311 330.8 338.7 342.3 343.7 340.1 334.8 328.3 320.9 312.7 302.8 291.9 281.6 268.2 245.2 232.5 247 252.9 251.9 245.9 236.2 223.8 206.1 202 222.9 241.4 256.8 266.7 272.3 275.5 276.5 277.4 276.6 275.6 271.5 265.7 260.2 255 248.2 242 236.8 233.2 232.1 235.4 239.4 245 245.8 244.8 254.2 267.3 279 289.3 299.1 309.2 317.7 323.6 327 327.3 324.8 321.6 321.2 318.5 312.3 310.6 329.1 343.7 354.1 361.3 367.3 372.5 377.8 385.1 393 402.3 417.3 430.4 438.8
277.8 302.5 313.9 319.2 322.4 322.1 318.6 314.8 310.6 305.3 298.3 289.5 280.1 270.7 259.3 241 224.7 238.2 244 242.5 236 226.4 215.6 199.8 205.2 220.8 233.6 241.7 249 254.2 257 258 260.1 260.6 263.1 259.9 254.7 249.8 243.8 233.8 227.4 223.3 231.7 239.4 240.6 240.5 242.6 252.3 261.7 272 283.8 293.6 302.8 311.4 320.2 327.5 331 332.4 332.5 330.6 328 327.8 325.2 316.3 316.8 335.1 351.6 362.3 370.3 375.5 382.2 387.6 394.2 402.2 415.7 431.4 442.6 447.4
272.8 289.2 292.9 296.4 298.6 298.9 296 293 291.3 288.5 283.3 275.8 267.4 258.1 247.9 235 214.2 229.3 233.4 230.4 223.5 215.5 205.2 193.4 203.7 212.4 217.4 222.2 228.4 233.5 236.6 239.5 242.2 243.2 248.1 246.8 243.1 237.6 229.7 219.2 222.7 235.2 246.1 253.1 253.7 245.7 253.5 262.6 273.6 285.8 297.1 306.5 314.8 322.3 328.2 332.8 335.8 337.7 337.5 336 336.1 336 331.1 320.6 320 343.8 359.6 369.9 377.9 383.3 389.1 395.6 403.4 412.6 428.7 442.1 452.3 453.4
264.9 271 270.8 271.6 274.3 275.6 272.9 270.7 270.7 270.5 266.4 260.1 251.6 243.3 235.8 226.9 210.3 218.2 219.7 216.2 209.8 202.4 194.6 194.9 197.8 197.1 200.8 206 208.4 213.9 217 219.4 222.2 224.1 231.3 232.5 227.9 222.6 216.4 223.4 237 250.3 260.7 266.9 267.8 258.1 259 265.7 280.5 295.3 305.5 314.2 322.1 327.8 333.4 338.1 340.9 343.4 344.3 344.2 345.3 344.2 334.3 323.2 325.1 351.1 367.2 376.3 382.1 387.7 393.5 401.5 410.4 422.3 437 449.7 457.5 454.9
248.3 249.6 249.4 251.3 253.6 253.8 250.6 248.1 250.6 252.3 248.9 242.7 235.4 228.8 222.4 216.3 203.3 206.3 205.6 202 196.5 192.6 189.2 198.3 206 211.8 214.9 215.7 213.4 207.8 204.7 206.6 207.8 209.4 212.2 214.3 213.1 217.6 227 240 254.5 267.2 276.7 280.5 277.8 273.9 271.8 268.5 280.7 292.9 302.8 311.9 322 331.1 338.2 343.8 348.3 351.9 353.7 354.6 354.5 349.7 336.1 324.4 330.7 356.2 371.5 378.2 383.4 389.3 396.3 405 414.9 429.1 442.1 453.5 460.3 456.9
229.6 230.6 231.7 233.1 234.6 233.6 230.4 229.2 231.9 233.1 230 224.2 219.3 214.4 209.9 205.1 198.1 195.7 192.8 186.2 190.1 197 204.4 214 223.2 231.1 236.7 237.9 234.5 226.5 212.7 221.4 226.4 223.3 214.4 221.3 230.3 237.2 247.5 260.1 273.5 285.5 292.9 294 285.1 288.6 288.3 282.6 280.9 279.2 289.4 299.2 312.7 328.5 341.7 350.8 355.8 360.2 362.5 363.7 359.5 345.1 335.8 335.8 340.2 357.6 371.3 377.6 383.1 389.8 397.6 407.1 419.4 432.7 444.1 454.4 460.3 459.7
212.9 214.5 215.3 217.1 216.8 215.9 213.8 213.7 215 214.4 211.7 208.5 204.6 201.8 198.4 194.6 191.1 188 186.5 194.9 203.9 213.4 222.9 232.1 240.7 248.1 251.6 250.4 245 230.8 235.1 241.6 243.9 234.8 217.3 237.4 248.8 257.2 268 280.7 293.8 303.8 308.3 305.3 299.1 303.5 305.7 305.7 302.8 298.8 298 298.4 299 316.9 337.6 354.1 363.2 367 370.1 370.4 361.2 360.4 347.9 350.1 357.6 365.9 371.4 376.4 382.2 388.1 397.4 408.2 421.2 433.9 444.8 453.5 458.2 457.6
198.5 200.1 201.6 201.4 202.2 201.3 199.9 199.8 199.5 198.9 196.5 195 192.8 190.2 187.2 186.6 185.3 188 193.1 201.4 213.8 228 239.2 248.4 254.8 259.2 260.9 258.8 245.3 249.9 257.7 261.1 255.8 238.7 223.1 247.6 261.5 272.8 286.1 300.5 311.2 316.2 315.4 312.6 313.8 318.1 322.3 325.3 325.6 324.8 321.7 318 312.7 310.2 328 351.9 366 372.5 376.5 377.1 370.2 368.2 357.7 365.1 370.8 372.1 373.3 374.1 377.7 385 393.9 406.1 419.8 431.6 442.2 449.3 452.3 452.1
187 188.8 189.4 189.3 189.5 188.6 188 186.7 184.5 183.6 184.8 184.8 184.7 184.4 185.4 188.8 187.8 189.7 195.9 207.1 224.6 239.9 252.6 259.9 263.4 266.7 269.8 264.4 269.4 274.2 276.1 273.9 265.1 245.2 229.9 252.2 271.1 286.3 300.4 311.6 316.7 317.7 317.9 321.7 326.1 331.6 337.5 342.8 346.9 348 346.6 342.8 335.2 322.1 329.5 356.1 372.3 379.7 382.9 383 380.3 374.7 371.9 376.5 376.6 375.4 372.9 369.6 370.7 379 389.3 402.3 416.9 428.8 437.9 443.1 444.5 443.7
176 177.6 177.9 177.9 177.6 177.3 178.9 178.6 179 180.7 182.6 183.9 186.9 191.2 194.1 195.4 193.7 192.5 200.4 213.8 232.7 249.3 259.8 264.9 268.1 273.8 278 283.1 288 289.5 289 284.3 273.8 253.1 230.3 255.3 276.4 287.2 295.8 305 311.8 317.4 323.7 330.1 337 344.8 352.3 358.6 363 366.3 367.5 366.8 360.1 343.9 336.5 363.8 384.1 390 390.8 389.5 386.2 382.5 381.1 380.9 378.8 375.8 370.9 361.3 361.7 370.4 384.2 400.1 414 424 431.7 434.9 434.3 431.9
173.3 173.6 174.5 175.6 176.6 177.5 179.5 182.2 185.8 189.5 193 196.4 200.3 204.1 205.4 203.3 198.6 193 202.7 217.5 234.7 248.3 257.7 265 271.5 279.6 288.1 296.2 300.7 302.3 301.1 294.5 281.7 256.6 240.2 246.6 262.3 267.9 274.9 287.9 307.3 319.2 329.4 339.2 347.4 356.8 363.9 370.3 376.5 381.4 385.4 387.3 384.5 370.1 358.7 378.1 398.4 400.5 398.4 395.5 391.5 387.3 383 379.6 376.1 372.5 366 347.3 346.7 361.5 376.9 394.4 408 417.5 423.9 425 420.9 416.3
176.5 176.3 176.4 181 184.6 188.1 193 197.8 201.8 205.4 209.3 213.5 216.6 219.1 218 213 204.6 194.1 204.9 217 231.4 242.7 253.4 263.8 273.9 285.8 297.7 306.4 312 314.3 310.5 301.5 288 274.8 265.5 251.9 258.7 265.8 267.4 281.7 300.7 319.4 333.4 344.9 354.7 364.3 373.2 382.3 390.4 398.1 404.1 408.4 408.3 398.8 391.1 400.2 410.9 408.9 405 399.5 393.5 387.8 382.1 376.8 370.8 366.7 358.2 339.8 337.3 348.3 370.7 388.8 401.2 409 413.3 411.1 405.4 400.2
188 187.7 186.9 190.3 195.2 202.4 208.5 214.6 219.7 224.1 228.3 231.9 234.3 234.7 231.1 222.8 210.7 198.2 203.3 214.6 226.3 238.1 249.4 260.9 276.6 292.1 305.7 315 320.4 320.4 315.2 306.8 297.3 286.5 271.5 274 278.8 281.6 284.6 286.5 292.4 309.9 324.2 339.8 357.3 371.3 385 396 406.8 416 422.4 425.8 427 424.5 421.2 421.6 419.3 414.6 408.6 401.1 393.8 386.3 378.9 371.8 359.9 354.9 347.8 327.7 335.4 356.8 372.7 384.4 392.2 396.5 398.1 394.1 388.9 382.3
