ny/ny93_OST50GRID_20230518/NY93.asc
ncols 200
nrows 200
xllcorner 390000
yllcorner 530000
cellsize 50
[rows 0 to 34 of 200, columns 78 to 155 of 200]
360.8 359.8 358.4 356 351.4 345.1 337.8 326.9 315.3 299.1 306.6 307 301.4 295 287.3 286.4 285.6 281.5 265 266.2 293.3 310.5 329.7 338.8 342 343.3 343.4 346.2 350.2 356.2 361.8 367.5 374.5 383.5 392.6 400.1 407.6 414 418.6 421.5 422.8 423.2 424.3 424.7 425.5 429.2 425.3 421.3 419 415.2 409.3 404.1 399.7 394.7 385.4 385.4 380.1 374.2 369.2 358.3 358.8 354.3 349.2 343.6 338 338.3 336.4 335.9 333.5 329 322 319 317.6 314.2 307 306.1 304.3 301.8
358.8 357.8 355.8 352.6 347.7 342.2 334.1 319.7 305.9 311.1 312.6 308.7 302.6 297 290.5 284.4 282.4 281.1 267.8 263.8 280.2 298 318.3 334.8 338.6 339 339 339.3 342.2 347.8 353.7 359.2 366.7 376.1 385.9 394.2 400.9 409.7 415.5 418.7 419.2 418.1 418.8 418.5 419.7 419.7 417.6 415.1 410.2 407.2 403 398.5 394.4 389.1 385.6 374.9 369.7 365.3 357.2 354.7 350.5 346 340.4 337.9 337 333.2 332.8 331.6 330 326.7 326.6 321.5 317.2 312 307.1 300.7 299.1 295.6
356 354 353.7 351.2 345.9 337 325.5 314 324.7 321.3 311 305 301.3 295.9 291 286.3 282.1 279.5 273.5 262.9 268.9 287.6 306.3 322.4 326.5 333.4 335.6 336.8 338.3 343.9 349.7 355.9 360.3 369.5 378.6 390.4 398.3 410.4 414.5 415.6 416.3 413 414.4 414.6 415 414.3 413.3 411.4 407.5 404.7 402.3 398.8 395.9 391.7 385.9 380.2 373.2 367.4 361.3 355 348 342.1 338.7 336.4 335.3 331.7 327.6 327.2 326.3 324 321.2 317.2 311.4 306.3 303 298.9 296.3 294.6
342.4 343.3 344.8 344.2 335.4 323.6 329.6 332.1 327.9 321.5 312.4 303.2 297.4 295 292.4 288.8 285.9 284.2 278.4 258.1 263.9 273 293.7 306.6 315.1 320.8 329.3 331.4 335.6 337.6 343.9 351.2 357.2 365 374.6 387.9 394.1 404.2 407.4 408.6 408.3 407.6 408.7 409.4 410.1 408.8 407.4 406.4 405.1 402.5 399.7 395.9 393.1 387.3 382.2 376.2 369.7 364.3 358.4 352.7 346.9 341.3 341.2 336.6 330.1 327.5 325.8 319 318.7 316.1 315.1 311.6 305.9 303.7 300.3 297.1 296 291.5
346.5 345.9 344.2 342.5 341 338.5 336.9 332 325.5 318.3 309.7 301.1 296.9 293.8 290.9 287.5 283.6 282.2 278.9 262.9 261.9 264.7 279.3 295.8 305.1 314.4 319.5 323.6 328.7 333.1 339.1 346.8 354.8 362 370.3 379.1 388.2 393.4 397.9 400 399.4 398.9 399.6 400.4 402.4 403.2 403.6 403.4 403.5 401.3 396.9 394.1 391.7 385.3 381.8 376 370.4 364.1 360.1 355.6 350.5 348 345.2 341.6 336.9 332.4 326.4 319.4 318.9 314.6 305.9 305.9 302.4 300.7 297.6 294.5 292 289.4
351.9 349.3 346.8 344.4 342.2 339.3 334.2 329.4 323 317.4 309.2 300.9 296.5 293.2 287.9 284.3 280.8 277.8 278.3 264.6 260 261.4 266.3 283 294.9 301.8 309.7 314.4 318.9 329.8 335.1 341.6 348.7 357.5 364.4 372.7 380.4 387.9 388.7 389.9 392.8 390.5 392 392.9 393.1 394.7 394.9 395.6 395.3 395.2 393.6 389.6 385.5 381.3 376.8 373.9 369.6 364.5 360.5 355.7 352.2 348.3 343.2 339.7 333.6 329.1 327.3 322.6 316.8 313.8 309.3 304 300.2 295.7 292.7 289.2 289 286.9
354.4 351.4 347.9 344 340.9 335.2 330.1 325.3 321.3 317.1 309.2 301.1 293.6 291.8 286.3 283.8 280 276.2 275.8 267.6 257.1 258.5 263.4 269.2 284.7 293 297.3 307.6 318.2 328.3 332.9 338.4 344.9 350.2 358.2 363.2 371.1 378.2 379.9 381.1 383.1 381.2 382.5 381.5 383.3 384 385.3 385.5 386.2 385.5 384 381.6 377.8 375.1 372.2 369.8 366.3 361.2 355.7 351.9 347.8 343.7 340.9 338.2 334.2 330.2 326.2 322.2 317.6 313.7 310 305.9 302.2 298.5 295.5 291.6 284.7 283.9
356.8 352.7 348.2 344.5 339 332.4 327.3 323.2 319.6 314.9 307.8 299.9 292.2 288.8 284.5 282.1 278.3 274.9 274.4 276 258.7 257.3 257.3 263.9 273.4 281.7 293.1 303.6 315.9 328.9 332.2 335.9 341.9 345.5 350.5 357.5 361.7 367.7 370.9 371.2 372.3 371.5 371.4 372.1 372.5 373.1 373.2 373.8 374.1 373.6 373 371.6 369.1 366.7 363.7 359.7 357.2 353.9 349.2 345.7 342.7 339 336.3 332.6 329.4 325.8 321.7 319 316 313.6 308.6 304.6 301.7 298.5 295.6 292.3 288.5 283.1
355.2 349.7 344.9 340.1 335.2 330.2 325.1 321.9 318.4 309.8 306.5 302.5 294.2 289.1 283.9 280.9 278.2 275.3 272.2 272.5 271.4 254.9 257 263 265.9 279.3 288.9 298 312.3 321.9 330 332.1 336.2 340.8 343.6 348.5 353.5 357 358.4 362.2 363.2 362.6 362.5 363 363.3 363.5 364.6 364.6 364.2 363.8 362.6 361.3 359.3 356.9 354.2 351.9 349.2 346 341.5 338 335.1 331.9 329.1 326.3 323.5 321.2 319 316.1 313.5 311 307.7 304.7 301.4 298.6 295.4 291.7 288.2 284.2
349.4 344.4 338.9 334.5 331.2 327.7 324.4 321.2 315.2 312.7 309.4 300.7 294.6 291.6 285.5 281.8 278.5 275.5 271.3 269.2 269.2 265.4 255.7 256.6 264.7 276.7 284 291.5 301.6 314 323.2 328.6 331.1 333.5 337.8 338.3 342.7 345.4 348.2 351.7 351.8 351.9 352.5 353.9 353.9 355.4 354.5 354.8 355.7 355.7 355 353.7 351.9 349.8 347.5 345.3 341.9 338.2 333.7 331 328.5 326 323.4 321.3 318.7 316.6 313.6 311.6 309.4 306.6 304.3 301.4 298.6 296.1 292.7 289.1 286.7 281.3
343.4 337.6 334.1 331.5 328.9 326.1 323.7 319.6 317 313.6 307.3 303.6 301.8 296.4 290.6 283.3 279.2 274.3 270.6 267.8 266.6 266.6 259.4 255.3 260.5 272.3 279.3 286.2 293.4 307.1 316 324.5 328 328.8 327.6 327.9 329.1 329 335.1 337.4 339.4 339.3 340.4 341.8 343 343.4 344.6 345.3 346.1 346 345.1 345.1 344.4 342.7 340.3 338.1 335.4 331.5 328.5 325.5 323.3 321.8 320.1 317.3 314.8 312.4 309.9 307.4 305.2 302.4 299.6 297.2 294.9 291.9 288.6 284.4 280.3 276.7
337.7 334.4 330.8 328.3 326.4 324.2 321.9 321 318.7 313.1 309 310 307.7 301.5 295 286.2 280.5 276 271.4 267.9 264.6 265.1 261 254.1 254.9 268.1 274.3 281.3 287.7 297.4 309.7 318.4 325.7 321.4 324.7 313.4 312.6 311 310.7 310.8 318.1 314.2 324.6 321.7 322.5 334.3 336.1 337.2 339.1 340.3 340.2 339.2 338 336.3 334.8 332.3 329.6 327.5 324.2 322.4 319.6 317.7 315.6 313.2 311.4 308.7 306.6 304.5 301.8 299.5 296.5 294.3 291 287.4 283 279.4 275.2 271.2
342.9 340.4 336.7 333.4 330.8 327.7 326.2 324.3 317.6 316.2 316.5 315.3 312.5 307 297.8 286.5 280.9 275.3 271.4 268.8 265 262.3 259.2 252.6 253.5 263.9 269.3 277.1 283.7 290.9 300.5 314.8 323.1 319.4 315.2 313.8 312.8 311.3 309.7 308.5 316.4 314.9 321.6 311.6 308.6 320.1 325.7 328.3 331.2 333 333.3 332.8 331.1 329.6 329.3 328.6 326.3 324.2 322.3 318.7 315.9 313.7 310.9 309 307.8 305.4 302.4 300.1 298 296.2 293.1 290.3 287.3 283.9 279.1 274.7 270.8 267.2
348.8 344.2 339.5 334.7 330.8 328.6 327.3 327.1 323.2 322.5 321.3 318.6 314 304.5 293.5 293.4 285.3 279.3 274 269.5 266.7 264.2 261.4 254.8 248.3 254.2 263.7 273.3 279.6 284 293 307.9 316.9 323.9 320.1 322.4 319.9 313.7 319.1 309.5 306.5 315.5 315.6 312.4 306.1 305.7 304.5 314.4 320.1 322.5 322.9 323 321.9 321.2 320 318.8 317.1 316.6 315 313.8 309.8 307.4 303.9 301.7 301.2 299.6 296.8 294.9 293.2 291.4 289.3 287 284.6 280.6 276.6 273.1 269.7 266.3
350.5 344.5 338.3 332.9 329.9 328.2 326 325.4 325.2 324.6 322.2 317.1 308.5 306.1 304.8 289.4 288.1 287.4 280.8 273 269.2 266 262.4 259.3 254.4 244.6 254.1 265.4 275 280 287.9 295.6 308.2 313.7 316.9 316 315.8 311.8 312.2 311.3 307.7 303.4 305.6 306.5 305.6 307.9 301.6 300 306.5 308.6 309.3 310.4 309.1 308.7 307.4 307.3 306 304.9 302.6 302.7 301 299.5 295.3 291.4 291.9 290.8 289.8 288.5 287.8 286.2 284 282.3 279.9 276.7 273.7 270.6 267 263.9
349.2 341.6 334.8 331 329 327.1 326 325.1 323.5 321.6 317.3 310.8 314.1 313.2 306.3 295.9 288.4 289.7 287.1 279.7 274.1 268.9 264.2 261.9 258.6 252.6 246.1 257.4 269.6 276 279.5 290.1 293.7 295.3 294.4 294.5 292.6 288.5 291.3 292.7 293.6 288.7 289.6 287 285.8 287.7 285.1 281.2 288.5 292.1 294.3 297.7 296.1 293.6 292.9 291.4 291.9 289.3 289.8 288.6 287.1 285.4 284.2 283.3 282.4 282.6 282.7 282 282.1 280.7 277.9 276.2 274.2 272.8 269.8 267.7 265.7 261.4
343.3 337 333.3 330.2 328 326.5 324.4 316.9 315 314.1 314.3 318.3 316 311.8 304.1 296.5 287.5 287.6 287.2 281.9 278.2 271.9 266.8 263.7 261 256.9 247.1 247.3 265.1 271 272.6 280.3 286 287 287.7 286.9 284.7 282.6 281.2 280.9 280.6 280.6 281 280 278.6 278.2 277.2 269.4 269.7 273.3 278 281.2 284 285.3 283.9 282.3 281.7 280.7 279.4 278.6 276.9 273.2 272.4 271.8 272.7 271 269.9 269.7 271.5 272 270.9 268.5 266.5 264.3 262.9 261.7 259.5 257.3
340.3 334.2 331.5 329.3 326.3 321.9 317.2 317.4 320.1 322.1 320.8 318 314.8 310.3 303.6 292.5 285.9 286 286.7 284.1 280.7 276.2 271.7 268.9 262.7 255.9 251.3 244.6 260.4 266.9 267.3 271.2 274 276.7 277.1 278.7 278.7 278.4 277.8 275.5 276 277.4 277.8 277.1 275.4 275.2 273.8 267.4 259.4 259.2 256.8 258.3 259.2 263.1 264.6 267.2 268.4 268.2 267.4 266.6 267.3 262.5 259.8 261.5 260.9 259.5 259.4 259.5 260 262.3 262.9 261.9 260.1 257.2 255 252.8 249.9 247
338.6 333.2 327.7 325.6 322.7 322.1 323.4 324.6 324.6 322.2 319.4 316.9 314.7 311.7 303.2 288.9 284.4 286.6 286.1 283.3 281.1 279 277.2 274.1 265.4 255.5 253.3 243.3 257.4 261 262 263.8 267.5 269.7 267.5 267.2 267.1 268 267.1 267 265 265.3 263.5 263.3 262.5 261.8 262.1 258.8 254.7 252.9 253.5 249 246.2 244.3 245.4 249.1 250.3 251.8 254.1 256.9 257 254.9 249.5 248.7 248.2 247.6 246.4 245.9 246.8 246.3 247.2 247 246.1 245.3 244.3 240.6 238.5 234.7
334.8 329.9 327.1 327.5 328.7 328.4 326.9 326.1 324.4 321.4 317.9 315.6 314.1 311.3 302.6 286.7 283.3 285.3 284.2 282.3 278.9 277.3 276.1 275.7 269.1 252.9 247.6 241 256.4 257 258.9 259.6 260.2 259.6 259.3 259.8 259.5 259.9 261.6 259.8 257.1 257.8 256.8 255.1 254.3 254 254.5 252.3 249.2 247.7 246.7 245 244.6 242.9 242.2 242.5 236.8 243.9 245.7 247 248.4 247.6 243.7 241.1 239.4 238.9 237.5 236.3 235.5 234.5 234.5 231.9 230.2 229.1 227.6 227.5 225 223
334.8 332.9 332 331.3 329.9 328.2 326.7 324.6 322.2 318.9 315.4 313.7 311 308 302.5 292.8 282.1 277.1 280 278.9 274.2 269.4 270.4 269 261.7 249.5 246.3 236.6 250.6 251.5 253.4 254.9 256.2 255.8 256.1 255 253.3 252.5 254.1 254.4 252.5 248.6 247.5 247.8 244.4 242.5 244.2 241.8 240 238.5 238.1 237 236.8 237.7 237.3 236.3 234.6 234.2 238.3 237.8 241 241.1 238.6 235.8 233.3 231.9 230.1 228.7 225.8 227.3 224.5 221.7 223.4 223.4 222.9 222 220.1 217.9
331.6 331.2 330 328.4 327.7 325.8 322.7 318 314.7 310.8 307.7 304.2 302.8 299.3 296.1 293.6 288.6 281.5 272.5 274.5 267.2 261.6 263.2 261.9 252.1 247.9 245.1 236.9 244.4 245 245.2 248 252.2 254.2 253.7 252.7 250.8 247.6 248.1 247.6 245.7 244.7 242 240.2 238.4 236.1 235.1 234.9 233.3 232.8 233.5 233 233.4 233.9 233.2 233.4 233.4 232.3 231.3 231.1 232.5 233.9 233.9 232.7 229.8 226.1 223.7 222.2 218.5 215 213.5 217.4 212.5 214.6 214.2 213.8 213.6 211.8
325.7 323.5 321.6 320.4 318.9 315.9 311.7 308.8 304.2 301.4 296.4 291.5 291.8 289.5 285.9 285.1 281.2 277.3 269.5 263.2 261.2 258.4 254.9 250.3 245.1 244.1 240.9 235.2 238.4 241.2 241.5 243.4 247.3 249.4 247.7 245.9 244.9 241.9 238.9 238 239.5 239.9 237.9 236.2 234.6 232.4 229.7 230.2 229.9 229.4 229.4 229.3 229.4 230.6 231.4 231.9 231.1 231.7 231.3 229.7 228.5 228.1 228.2 228 226.9 224.8 218.6 214.4 212.7 212.7 212.4 212.8 212.2 211.9 212 211.2 210.9 210.6
322.4 321.4 317.2 312.8 304.5 302 296.9 292.8 290.1 287.9 284.3 282 281.5 280.1 276.5 273.9 269.2 262.8 259.6 259.6 256.5 256 250.3 246.6 243.1 242.7 228.1 234.4 235.5 235.6 235.9 238.9 239.7 239.8 239.3 239.6 239.8 237.9 236.4 235.1 235 234.9 234.5 233.3 232 230.4 226.6 223.2 226.3 228.3 224.9 221.9 221.3 221 223 225.4 225.7 226.9 229.7 228.7 226.8 226.5 226.1 226 223.3 214.5 213.7 213.9 213.3 213.3 210.1 210 209.9 209.5 208.4 210.8 210.2 209.8
312 310.4 305.6 305 302.6 300.4 297.4 293.8 288 287.4 281.5 277.3 273 270.5 270.5 266 263.7 261.8 257.2 256.6 253.3 249 245.4 242.4 240.4 235.8 230.5 234 234.2 233.9 233.7 237 235.8 236.3 235.7 235.3 234.8 234.1 233.5 233.3 232.6 232.1 229.9 230.7 227.4 224.1 221.1 220.6 220.2 220.9 219.9 220.1 218.4 217.6 217.7 217 216.9 216.1 216.8 215.9 216 215.7 216.3 214.8 214.1 213.5 213.7 213.9 211.1 211.9 212.5 212.2 212 211.6 211 210.1 209.7 214.8
302.9 301.2 298.2 297 294.8 292.4 289.5 286.3 284.2 279.8 276.6 272.9 268.5 267.1 265.7 263.8 262 258.5 253.8 251.3 247.7 245.6 241.5 239.2 238 233.4 230.7 231.9 233.4 233 232.3 233 234 233.6 231.7 233.1 231.2 227.8 225.1 228.6 227.7 225.3 222.3 221.8 221.2 221.6 221.2 220.7 219.9 219.2 219.1 218.9 218 217.8 217.9 217.4 216.8 216.2 216.5 215.9 216.1 215.8 214.5 214.1 214.2 214.4 214.2 211.6 213.1 213.4 212.8 212.6 212.6 212.4 211.8 214.9 218.7 219.2
294.6 293.4 290.1 288.6 286.5 283.8 281.8 278.9 277.4 274.4 271.3 267.7 262.6 261.6 260.5 258.6 256 250.9 247 245.5 244.1 241.4 240.7 239.3 235.7 231.7 230.6 226 232.7 232.1 231.3 230.6 230.3 228.7 227.6 226.4 225.6 224 222.8 222.4 222.4 222.4 221.9 221.6 220.5 220.4 220.3 220.6 220.1 219.8 219.6 218.5 218.1 218.1 218.2 218.2 217.1 216.9 216 216.2 215.3 215 214.9 215 214.7 212.2 213 213.8 213.4 213.1 213.4 214.2 216.3 216.4 216.8 219 218.4 219.6
285.7 282.9 281.2 280 278.5 276.7 275.3 272.7 270.2 267.2 264 261.7 259.1 257 254.5 251.8 248.7 246.6 245.1 243.3 242.1 237.8 236.1 233 231.2 230.3 229.1 228.5 230.2 230.6 229.9 229.6 229.3 228.4 227.1 225.7 224.7 223.7 223.3 222.7 221.9 221.8 221.3 221.2 220.7 220.3 219.9 219.3 219.5 219.5 219.4 219 218.5 218.5 218.7 218.4 217.8 217 216.9 216.4 215.6 215.7 215.3 211.6 212.6 214.6 214 213.9 213.4 215.7 217 215.9 220.4 220.9 221 218.6 220.2 220.7
272.5 271.1 269.8 269.1 269.3 268.7 267.6 265.5 262.9 261 257.7 254.9 253.2 251.1 249.1 246.7 243.8 241 238.1 234.6 231.9 231.2 235.7 230.5 229.5 229.1 228.9 227.8 228.9 228.7 227.5 227.4 227.5 227.7 225.2 224.2 223.8 223.1 222.7 223 222.4 221.4 220.9 221.1 220.4 220.1 219.7 219.3 219.6 219.4 219 218.6 218.4 218.2 218.6 217.9 218.1 217.4 217.1 216.5 215.9 213.1 215 215.1 214.8 217.7 217 218.3 225 223.7 220.9 217.6 223.8 222.1 222.5 221.7 223.4 222.4
259.5 258.5 257.2 256.2 256.2 256.1 254.7 254.5 253.3 250.4 247.1 243 239.2 239 238.5 238.9 235.2 233.9 233.1 232.4 232.2 232.9 230.2 230.2 229.5 229.2 229.2 227.5 227.7 227 226.3 226.1 225.6 225.4 224.6 224.5 224.4 223.7 223.5 223.3 222.9 222.8 222.3 221.6 220.5 220.6 219.5 219.4 219.7 219.1 219 218.9 218.2 218.1 218.1 217.6 217.2 216.6 214.1 214.2 220.4 219.7 219.9 218.9 218 219.9 222.3 223.5 227 224.7 223.9 223.5 223.2 225.1 224.6 225.4 224.8 225.4
252.6 250.6 250.5 249.5 247.5 247.1 246.4 244.9 244.2 240.7 238.3 237.5 235.5 234.9 234.5 234.6 233.8 233.1 232.5 232.4 232.4 231.1 230.7 230 230.2 228.8 227.7 224 227.5 226.5 226 225.8 225 224.9 224.7 223.9 224 223 222.9 222.1 222.2 221.8 221.5 221.3 220.9 220.5 220.3 219.9 219.5 219.1 219 218.6 217.7 217.3 214.3 214.2 219.3 225.8 230.8 230 226.2 225.3 225.9 228.8 231.6 229.2 227.3 226.7 228 226.5 229 227.4 223.8 229.7 229.3 228.8 227.1 228.5
247 247.4 245.4 243.1 243 242.5 242.7 242.1 241.9 240.1 238 237.5 235.5 234.7 234.3 233.8 233.6 233.2 232.2 232 231.8 230.7 230.4 229.6 229 227.5 225.8 230.5 232.6 228.3 225.1 223.8 223.6 227.1 224.5 224.1 222 220.9 220.9 219.9 221.8 220.4 220.6 219.2 219.3 219.9 220.3 219.3 218.8 218.5 218.7 220.2 225.8 228.4 233.1 234.8 240.5 236.4 231.7 231.9 232.6 234.3 237.2 239.9 239.2 234.7 236.1 233.7 230.2 231.8 233 232.3 228.3 232.9 232.8 230.8 229.6 232.1
240.4 239.7 238.2 236.3 237 238.4 238.5 238.6 238.7 238.5 237 235.4 235.3 234.7 234 233.6 233.5 232.6 231.8 229.5 228.9 228 227.2 226.7 226.4 234.5 243.2 244.2 244.4 243.3 241.6 240.4 239.8 238.8 236.5 233.9 233.2 227.9 224.6 223.1 222.7 222.2 220.4 221.7 222.7 226.2 228.5 230.6 232.2 234.6 239.7 242.4 243.8 248.7 245 243.4 240.8 238.7 238.7 240.1 240.4 241.6 244.6 245.5 244.7 244.3 241.7 236.4 237 237 236.8 235 235.1 238.8 235.2 234.4 235.9 238.5
241.4 240.5 240 239.2 237.8 235.9 236.5 234.9 234.2 233.5 233.7 232.3 231.8 232.9 232.3 232.3 231.7 231.2 232.5 233 235.3 235.6 236.3 238.2 243.6 246.6 248 249.6 249.2 246.8 244.8 243.5 242.1 240.9 239.7 238.5 238.3 238.1 239.4 239.8 238.9 239.2 240.2 240.8 242.5 244 245.6 248.1 249.3 249.6 250.4 249.4 252.2 252.4 249.6 244 245.3 245.5 247.6 249.4 249 248.9 249.2 248.3 247.1 244.5 242.1 241 241.5 242.2 241.2 236.5 236 236.5 237.3 241.4 242.8 243.2
245.8 244 240.8 239.8 239.3 239.5 239.6 238.7 237.1 236.1 235.5 235.2 234.9 234.3 234.1 235.4 238.6 238.5 241.5 245.4 242.5 243.8 244.1 245.7 248.4 251.2 250.3 250.2 249.1 248 247.6 247.3 245.9 244.3 242.8 243.3 244.5 244.8 246.3 248 246.5 247.3 248.5 252.2 253.1 253.8 254.7 255.3 257.6 258.7 259.1 257.2 258 257.4 255.9 256.1 254 254.5 255.8 255.8 254.3 253.1 252.6 251.1 248.9 245.9 245.2 246.3 246.6 246.6 243.5 237.5 243.4 244.8 243.9 248.7 248.9 251.5
