ny/ny93_OST50GRID_20230518/NY93.asc
ncols 200
nrows 200
xllcorner 390000
yllcorner 530000
cellsize 50
[rows 0 to 34 of 200, columns 0 to 77 of 200]
410.9 407.4 403.2 399 395.3 390.7 384 374.2 363.9 358 352.9 360 371.8 381.7 390 397.5 404.6 410.3 414.4 423.1 433 440.9 447.4 451.2 453.1 455.5 456 455.8 454.4 452.8 451.3 448.6 446.1 444.1 442.3 440.6 438.7 435.1 439 440.1 441.1 442 442.5 442.6 442 441.7 440.6 438.6 435.2 430.4 424.7 424.1 424.3 421.1 418.4 414.1 414 412.2 410.9 407.6 405 403.1 399.8 394.6 392.4 387.1 382.8 375.7 364.2 359.9 362.3 363 363.8 362.2 360.8 362.1 361.9 361.2
413.2 408.1 403.5 398.5 394.8 391.9 385.2 377.1 364.9 357.6 353.6 359.4 372 380.8 388.9 395.8 402.9 408.8 414.3 422.6 434.7 443 448 448.4 449.6 450 450.2 450 449.3 448.3 446.8 445.4 442.7 441.5 440.2 437.9 435.7 432.3 436.5 438 439 439.8 440.2 441.4 443.5 443.1 442 441.9 441.3 439.8 436.4 433.5 429.8 426.3 422.5 422.3 420.9 418.7 416 413.9 411.3 408.1 403.6 399.2 392.9 388.2 383.7 379.3 375.5 370 356.5 356.7 353.7 348.3 351.5 356.7 357.8 359.1
414.5 408 402.8 398.5 395 391.4 385.8 378.3 370.7 356.7 351 354.9 369.6 379.9 387.7 394.8 402.5 407.6 414.1 422 434.1 441.5 446.2 446.9 449.6 449.1 448.6 447.7 445.3 443.3 441 439 436.7 434.5 434.9 433.8 432.7 429.8 436.5 438.3 438.6 438.1 439.2 441 443.6 444.3 444.6 445.9 445.7 443 439.8 436.5 431.7 428.3 425.9 425.2 423.1 420.3 418.4 415.7 413.5 409.7 404.4 399 393.1 387.6 382.3 376.9 372.5 368.9 367.9 365.1 360.6 355 357.1 349.7 346.9 355.2
415.2 408.4 402.6 399.4 395.8 390.5 384.8 377.3 370.1 363 350.3 353.7 367.3 379.1 386.7 394.4 402.5 407.5 414.1 422.8 432.6 441.5 444.4 445.3 449.4 452.3 450.9 449.1 447.9 446.3 445.1 442.3 439.6 436.8 431.8 429.7 431.1 427.4 435.3 437.4 437.6 436.5 437.9 440.4 443.1 444.6 446.4 447.7 445.5 442.9 440.1 437.2 432.1 428.8 426.3 424.7 422.7 420 417.8 415.2 412.2 408.4 404.1 397.1 391.5 386.7 382.6 378.9 374.8 371 367.7 364.6 364.3 362.2 361.6 358 349.1 341.8
413 406.8 402.4 398.5 394.3 389.1 383.1 376 369.4 360.6 349.5 352 369.2 379.2 388.9 397.1 402.6 408.6 415.4 422.7 433.2 440.3 443.1 444.1 445.5 448.1 448.4 446.8 445.3 444.1 442.4 439.5 437 436.1 434.2 431.3 424.7 426.2 431 433 433.8 432.6 436.5 439.7 442.5 445.5 447.3 447.6 445.4 442.9 440.6 437.9 433.1 429.8 427 424.2 421.8 419.4 417.1 415.1 413.4 409.6 404.8 399.5 394.1 388.5 383.9 379.4 375.4 371.9 369.6 367.7 366.4 364.3 362.5 359.5 356.1 351.7
413.4 407.1 401.4 394.9 390.6 385.8 380.7 373.8 368.4 356.6 348.5 356.2 371.9 381.8 391.6 397.8 403.9 410.3 416 422.9 432.7 438.7 441 442.7 442.3 442.1 441.7 441.1 440.7 439.6 438.4 434.8 432.2 430.5 428.7 425.9 423.3 421.8 426.5 428.1 428.8 428.6 433 437.5 441.6 445.5 448.2 450.2 448.1 444.5 441.9 439.4 434.7 431.2 427.7 424.7 422.4 420.5 418.6 416 413 409.6 404.9 399.9 394.4 390.4 384.9 380.6 376.8 373.9 371.7 369.4 367.1 365.5 362.9 360.2 356.1 353.1
412.8 407.4 402.1 397.3 390.1 383.7 377 370.5 363.4 353.7 346.6 360 371.3 383.1 392 397.6 404 411.3 415.3 421.1 428.1 435.4 437.4 438.6 439.3 439.7 437.6 437 434.9 432.6 431.2 428.2 426 424 423.6 421.6 420.4 418.8 423.3 424 424.1 425.3 429.2 433.7 438.1 443.7 448.6 451.2 449.4 447 444.2 440.9 437.8 432.9 429.1 426 422.6 420.7 418.3 415.4 412.6 409 405 400.1 397 393.2 387.4 383.8 379.6 376.4 373.7 371.3 368.9 366.2 363 361.3 359.4 357.1
411.5 406.4 401.4 396.3 390.1 383.5 377.1 372.2 366.3 350.1 346.5 360.5 374.3 383.2 392.2 398.1 405 411.3 413.3 416.7 420.5 424.5 430.2 432.7 436 437.6 438.2 437.5 435.7 433.1 430.4 426 421.4 419.7 419.2 417.6 416.1 416.4 418.9 420.1 421.2 422.8 426.3 430.3 434.1 439.1 446.6 449.7 450.5 448.2 444.7 443 440 434.3 430.3 426.4 423 420.3 417.9 415.9 413.7 410 405.9 402.1 398.4 395.5 391.2 386.1 381.9 377.5 374.1 371.1 368.4 366.5 364.9 363.6 362.1 359.7
410.2 405.1 400.4 395 388.8 381.8 377.6 369.5 364.8 354.6 343.4 359.6 371.2 381.9 391 397.8 404 410.9 411.3 413.1 415.7 419.1 423.4 427.7 430.9 433.9 435.4 435.9 434.1 431.9 428.5 425.2 421.1 417.1 415 415 413.3 413.6 417.2 418.2 419.6 421.9 425 428.7 431.6 434.9 440.1 445.1 446.6 446.4 444.9 444 439.4 434.8 430.5 427.5 424.3 422.7 420 417.7 414.6 411 407.6 404.3 400.6 396.7 391.5 386.5 381.8 377 373.1 370.4 368.4 368.5 366.7 365.3 362.6 359.6
404.8 400.8 395.6 390 386.2 380.4 371.4 372.8 364.3 359.9 352.3 357.4 370.9 379.7 385.8 394.6 400.1 406.4 409.6 410.8 413 415.9 417.8 421.1 425.8 429 430.9 431.8 431.7 430.1 427 424.9 420 415.3 413.4 412.2 410 412.8 415.3 416.3 417.1 420.1 422.8 425.6 428.6 431.3 434 436.6 439.2 443.3 443.5 442.7 440.3 437.1 432.7 429.7 428.3 425.5 422.5 419.4 415.7 412.1 409.5 405.6 401.9 397 391.6 386.3 380.6 375.6 372.3 370.8 369.2 367 364.9 362.2 358.8 354.5
408.4 403.5 398.1 393 387.9 384.1 379.7 370.9 360.1 352.2 337.7 358.2 368.6 378.8 383.8 390.3 396.9 401.6 405.5 409.1 410.1 411.1 412.5 416.3 421.1 424.6 426.4 427.5 428.3 429 427.1 424.7 421.5 416.7 413.1 410.7 407.4 410.2 411.2 412.2 413.8 416.3 419.8 422.1 424.1 426.2 429.1 431.3 433.6 438.6 442.6 442.5 441.4 438.1 434.2 431.3 428.8 426.6 423.8 420.9 417 413.2 408.1 397.7 390.4 379.4 387.2 387.7 381.3 375.8 373.3 370.7 367.9 363.2 361.2 357.5 353.5 349.4
407.4 402.5 397.6 391.3 388.8 384.1 379.7 373.6 364.3 345.4 342 358.4 366.4 374.8 378.9 383.6 391.6 394.8 402.8 407.1 408.7 408.7 409.4 413 417.3 420.9 423.7 423.4 425.1 425.8 423 422.5 420.3 416.7 412.2 409.2 407.2 406.4 407.4 409.1 411.7 414.1 416.3 419.1 421.6 422.6 424.3 426.4 428.9 433.3 439 439.2 436.9 435.4 432.7 429.8 427.9 421.7 415.3 406.6 400.9 393.2 382.4 365.1 365 365.6 388.9 388 383.7 379 374.8 371.2 366.7 362.5 359.1 353.8 348 344.2
406.1 401.5 396.6 393.8 389.2 384.4 379.8 373.4 365.4 348.5 335.3 353.1 363.8 369.7 375.9 377.5 385.1 395.1 399 405.1 408.2 408.9 409 409.4 412.2 416.2 419.9 420.7 422.4 422.6 420.9 419.8 417.7 413.5 409.4 408.3 406.9 400.4 404.3 408.1 410.6 412.6 413.8 417.3 419.1 420.2 421.8 424 425.6 428.3 430.6 431 431 430 428 425.9 423.7 411.4 409.4 385.4 384.6 383 364.9 365 365.3 366.5 391.2 390.7 387.2 381.1 376.5 372.6 369.6 365.4 360.7 354.9 348.8 345.2
404 399.6 396.4 392.2 388.8 384.6 378.3 372.5 369.2 353.6 337.3 339.5 359.5 364.6 372.2 376.4 383.6 382.9 396.6 405.4 408.1 408.1 406.4 405.9 408.1 412.3 415.1 417.2 418 419 418.1 416.9 414.5 411.4 409 407.4 406.4 404.8 398 405.1 406.6 408.6 410.6 414.1 416.4 414.1 405.6 402.6 379.3 389.8 410.1 417.2 424.9 423.7 423.5 421.9 420.6 411 409.8 385.6 383.9 366.7 366.6 366.5 370.5 386.5 396 391.1 386.7 380.4 376.2 373.1 370.9 367.2 363 358.2 354.4 352.7
402.2 397.2 391.5 389.4 385.9 382.4 376.2 371.1 368.6 364.1 348.2 333.1 351.3 361.1 368.1 375.3 382.6 384.7 392.9 394.3 403.5 405.4 404.8 405.4 408.3 411.2 412.9 414.4 415.7 416.5 417 416.1 413.9 408.6 405.7 405.5 404.5 403.2 399.6 399.4 401.3 399.3 404.2 413.5 412.9 415.4 412.5 406.4 395.9 384.8 376.5 375 373.6 376.6 397.3 391.8 398.8 398 392 384.9 370.5 373.5 381.4 385.8 391.5 394.6 392.3 387 382.4 378.6 376 375.2 372.7 369.5 365.3 362.2 359.7 356.6
399.4 392.1 381.8 385.5 381.6 377.6 376.5 369.5 368.6 364.3 352.9 340.1 340.2 354.8 360.4 370.7 375 381.8 384.2 387.9 402.6 394 393.7 406 408.9 409.7 410.6 410.8 411.5 412.5 412.6 412.5 410.2 408.1 404.9 402.6 400.3 399.9 398.3 395.6 397.9 397.9 401 403.7 412.7 420.9 423.3 414.8 413.1 403.6 392.2 381.1 376 374.4 374.6 373.6 373.4 373.8 376.1 376.5 380.4 388.4 395.7 398.5 396.2 391.9 386.3 383.1 380.8 379.3 378.6 376.3 373.4 371.1 369.7 364.9 359.3 355
394.4 388.1 383.8 381.1 382.6 373.2 369.2 366.9 364 357 337.7 325.8 342.3 352.7 361 365.4 373.4 380 391.4 397.7 401 404.1 395 388.8 407.8 410.7 409.9 409.6 409.8 410 410 410.1 406.1 405 402.8 401.1 398.5 396.6 394.7 392.9 394.5 393.7 395.3 400.7 408.3 417.9 423.8 424 419.7 413.2 408.1 397.3 380.2 378.8 380.8 387.1 396.9 397.9 396.5 394.9 399.5 404.3 401.1 398.6 395.6 387 384.3 382 380 378.1 376.5 374.3 372.7 370.3 367 361.4 354.8 349.2
389.5 382.3 378.6 373.9 370.8 368.5 367.3 366 363.2 354.3 337.7 321.6 335.8 353.9 362.2 368.1 373.7 378.3 385 392.1 401 406.6 405.7 405 404.3 408.6 410.4 411.5 409.4 411.3 411.2 410 407.2 405 400.7 397.8 395.5 394.5 392 391.3 387.1 389.5 394.9 401 406.6 410.7 423.4 427.3 422.8 420.3 407.5 389.6 386.2 398.6 395.2 397.3 407.8 409.2 409 407.8 405.7 403.2 398.8 393.9 388.2 385.9 383.5 380.5 377.4 373.9 372.2 369.8 363.5 361.6 358.3 354.1 349.6 344.8
383 377.4 373.4 371.1 369.6 367.8 366.3 365.4 365.1 361.2 350.6 333.5 324.5 354 359.7 366.5 373.3 378.5 384.7 392 401.6 397.2 403.6 402.3 400.2 401.4 404.2 407.9 412.3 412.9 411.4 410 406.9 402.9 399.3 397.5 395.3 393.7 392.4 390.1 390 388.6 394 398.8 404.5 413 425 424.7 421 411.3 395.2 380.9 392.7 394.7 396.8 398.7 406.8 407.3 407.4 405.7 401.3 395.8 389.4 383.2 381.2 379.2 377.8 374.2 371.7 369.3 366.8 361.5 358.8 356.5 352.5 348.8 346 342.1
377.2 374.2 371.7 369.4 368.2 366.2 366.1 366.9 365.7 361.3 349.9 334.8 323.1 350.2 358.6 367.7 376.5 379.2 384.2 391.6 395.7 397 396.2 395.3 396 397 398.3 400.6 403.2 407.9 402 407.5 406.1 404.3 402.7 399.9 399.3 398 396.9 395.6 393 380.7 393.4 395.7 401.6 410.5 417.7 417.8 412.4 397.1 386.1 385 399.8 404.2 409.1 408.6 407.5 405.5 402.9 397.2 389.8 386.2 382.7 378.5 375.7 373.4 372.3 368.4 364.4 362.4 359.8 358.8 356.6 353.3 350.7 347.4 344.7 340.7
375.1 372 369.6 368.1 366.2 365.1 365 365.4 362.2 357.3 348.8 337.1 319.2 344.3 355.6 367.3 376.9 380.9 386.3 389.7 394.9 396.1 395.4 394 393.3 393.7 394.6 394.3 395 397.3 399.2 400.2 398.8 399.9 402.5 401.3 401 400 397 394.8 393.1 384.1 387.3 394.1 398.6 406.7 395.5 393.7 396.5 386.2 385 388 400.6 407.5 408.6 408.5 406.9 404.5 399.5 388.2 381.5 376.4 374.7 371.5 370.1 368.6 365.6 362.6 361.5 357.5 355.7 355.1 352.5 350 346.5 345 340.7 337
373 370.5 368.1 366 364.8 362.1 361.9 360.9 355.3 353 342.6 331.7 320.7 347.3 354 367.2 376.6 384.2 388.9 390.3 393.6 395.5 384.1 383.8 389 388.1 388.5 386.6 385.9 386 385.9 388.2 389.2 392 395.5 395.9 394.8 395.1 393.3 392.1 390.8 388.6 376.3 392.2 397.7 403.1 389.1 386.9 385.2 383.3 386.2 393.1 398.4 406.8 405.5 404.2 401.2 395.8 386.7 378.1 371.4 370.2 367.8 365.8 363.9 361.2 360.7 357.6 354.4 352.4 349.3 350.5 348.8 346.6 344.8 342.7 336.6 334
371.1 368.7 366.2 364.2 361.5 358.5 357 356.8 355.1 351.5 338.4 318.8 322.7 348.4 356.3 365.5 374 383.4 388.8 384.3 391.2 394.5 384.3 385 383.7 379.4 378.3 378.6 379.1 380.3 380.7 381.7 383.2 385.4 387.5 388.2 387.4 387.8 388 387.8 386.9 384.2 375 387.7 391.8 399.4 390.8 388 386.1 383.9 381.8 392.2 396.1 397.6 392.9 389.8 384.4 378.7 369.8 365.8 363.5 362.2 359.2 355.7 354.9 349.3 350 348.6 346 344.4 341.4 341.5 341.3 339.8 338.5 334.2 328.5 328.5
369.1 366.9 364.2 362.8 361.1 360.5 357.6 349.6 351 347.3 337.5 318.8 317.5 342.6 350.5 359.2 370 379.6 384.5 384.5 384.7 389.5 383.4 378.8 381 375.2 374.5 375.6 376.2 377.1 376.4 376 376.5 377.2 377.8 378 377.9 378.8 379.4 379.3 378.1 366 373.9 384.5 383.2 394 391.6 393.5 395.1 389.7 384.7 381.8 380.5 379.3 378.7 378.3 375.5 364.9 360.4 357 350.3 349.6 345.5 343.3 341.2 340.4 337.6 335.8 334.6 332.7 332.6 335.4 334.2 330.9 330 327.1 324.2 322.8
366.7 365 363.5 362.1 360 356.9 354.6 350.3 341.6 343.5 338.4 320.4 311.4 338.3 345.9 352.8 364.4 376.2 382.1 383.3 380.6 377.4 376.3 375.7 374.6 374.5 373 375.3 375.1 375.6 374.4 372.4 370.6 369 367.2 367.9 369.3 369.9 370.6 370.1 370.3 366.9 369.9 371.6 380.9 381 379 384.8 384.8 380.6 383.2 376.7 372.7 368.2 364.9 362.8 358.7 353.5 351.8 348.9 344.6 343.3 341.1 340.5 338.8 335.8 332.4 331.1 328 327.9 323.7 325.1 324.2 321.6 318.6 315.9 314.5 313.4
363.9 361.8 359.6 359 355.6 351.5 347.4 344.8 341.1 340.3 336.5 321.4 310.3 334.7 339.5 345.8 357 366.4 374.2 375.4 374.8 374.6 374.5 373.7 373.5 373.8 370.3 374.1 372.7 372.4 370 368.3 366.3 363.6 363.8 365.3 366.9 366.4 365.8 365.4 365.5 363.5 356.9 365.9 371.7 375.3 376 374.7 373.2 368.9 369.7 368.8 365.4 362.1 358.6 355.8 353.3 349.7 348.1 345.7 339.2 337.7 338.6 335.5 331.8 327.2 324.7 324.7 320.5 316.8 316 314.7 314.4 312.8 309.6 306 305.1 304.1
363.5 362.1 356.9 353.4 350 347.5 345.1 342.4 338.3 329.2 320.9 307.8 314.5 330 334.7 336.9 348.5 356.4 361 366.7 369.7 370.2 370.7 370.6 370.5 369.8 368.1 365.1 367.6 365.1 365.1 363 362.2 361.6 361.8 363 364 364.3 363.3 363.2 362.6 361.1 348.7 361.8 363.4 366.6 368.6 368.1 371.5 368.1 363.8 358 355 351.8 351.4 347.1 342.3 341.4 341.1 337.2 333.7 326.7 330.5 329.7 327.4 323.1 318.9 316 313 307.9 308.2 304.8 305.3 303.8 300.9 299.1 298.5 296.9
360.1 356.4 353.6 348.7 343.2 341.6 341.2 339.1 337.6 335.8 324.9 300.6 316.4 325.1 328.2 328.8 336.2 346.9 353.7 356.2 356.4 356.6 358.2 358.2 361.3 361.6 361.1 356.4 361.7 361.5 358.3 357.9 358.3 359 362.4 363.4 363.1 361.9 361.7 360.7 360.7 359.9 354.3 353.8 359.2 359.4 360.9 359.4 362.1 363.3 361.2 359.1 354.8 344.8 337.9 333.9 327.4 330 338.9 336.9 327.3 319.7 319.6 319.5 316.4 314.5 311.1 308.6 305.2 300.2 297.7 292.8 296.4 294.6 292.4 290.5 289.2 287.5
352 348.8 346.1 342.9 340.5 336.1 336.1 334.3 332.8 330.6 325.6 304.8 298.1 319.8 323.1 326 329.4 336.9 343.1 345.6 346.8 347.6 348.3 347.9 349.4 350.1 350 350.1 351.1 351.9 351.6 350.2 350.1 357.2 356.9 356.9 355.7 354 354.2 353.3 353.4 353.3 351.4 338.1 350.7 351.2 353.6 353.1 353.6 353.2 351.7 353.3 348.5 342.4 337.9 334 329.4 323.5 329.4 326.5 322 315.2 308.2 310.4 307.1 304.3 301.6 298.6 295.7 292.3 290 284.8 283.7 282.9 281.8 281.6 278 275.4
345.9 342.6 339.9 338.5 336.7 333.7 331.1 330 328.5 326.6 325.6 313.4 293.8 306.8 316.7 319.3 324.3 329 331.5 333.3 333.7 337.1 340.1 341.2 342.5 343.1 341.7 340.4 339.4 340.9 341.9 340.9 340.2 341 340.8 340.2 339.8 338.9 340.8 341.2 341.6 342.2 341.6 328.1 340.6 340 340.2 340.2 339.2 339.4 337.6 334.9 333 330.5 326.8 322.8 319.1 313.4 316.7 313.6 309.5 305.5 303.1 302.2 299.4 296.5 292.6 289.8 286.9 283.1 283.9 282.1 275.5 271.1 268.9 267.6 266.4 263.5
342 340 338.1 334.3 332.6 329.9 327.5 327.5 325.9 325.4 324.4 317.1 295.2 308.2 317 312.3 315.1 321.4 324.9 327.3 325.8 324.3 328.7 331.9 334.8 335.6 336.2 338.4 333.4 332.9 335.8 337.2 335.6 335.1 335 334.8 333.4 331 329.7 332.7 334.6 335.6 336.2 327.8 324 328.8 328.8 327.9 326.4 324.9 322.8 320.9 319 316.7 314.3 310.7 307.4 303 304 302.1 301.3 298.6 295.2 294.9 293 288.1 284.4 280.6 277.9 274.8 272.2 270.7 269 267.1 266 261.4 256.9 254.8
338.2 335.3 334.4 332.5 330.3 328.5 325.6 318.4 323.1 323.4 321.1 318.5 300 299.9 307.4 308.8 310.9 312.5 318 321.7 320.9 322.2 317.6 323.2 325.7 326.7 327.9 331.7 333.4 329.1 332.2 335.2 334.5 330.6 332.4 332 331.2 330 327.7 326.4 329.1 333.2 334 333 327.7 316.8 318.7 321.9 320.3 318.7 316.4 314.3 311.8 308.5 304.5 301.2 298.9 295.6 295.7 296.6 294.2 291.9 288.6 285.1 283.3 280.2 277.2 271.8 269.4 266.8 263.5 261 260.5 260.2 260.3 258.7 251.3 249
330 328.8 328.2 326.1 324.3 322.3 320.8 315.5 316.3 317 313.7 310.8 301.6 288.7 299.4 304.2 301.5 304.2 309.8 311.6 312.4 312.3 311.2 314.1 316.1 319.3 319.2 321.2 324.9 322.2 325.7 327.6 329.7 328.1 327.4 327.2 327.1 327 326.3 323.8 323.3 326.3 327.3 326.8 325.4 324.5 313.5 316.2 316 314.6 312.8 309.5 305.5 300.2 295.1 291.5 290.4 288 288.3 289.6 288.2 283.7 283 278.1 274.8 272.6 269.8 266.4 261.8 260.2 257.2 254.4 252.7 252.7 250.3 244.3 239.1 240.7
320.2 320 320.3 319.5 317.4 315.2 313.7 308.5 306.9 306 305.2 302.3 296.3 284.7 291.8 295.7 294.2 296.9 300.1 301.5 304.1 302.5 303.2 305.8 306.4 308 308.3 307.9 311.6 311 317.2 319.6 321.5 321.6 319 321 320.8 319.1 318 317.8 316 317.4 317.3 317.7 316.8 315.8 312.9 304.8 309.3 308 305.9 302.3 299 294.9 288.1 278.8 279.1 279.4 280.1 280.5 279 274 272.9 270.5 265.3 262.8 259.5 256.4 255.3 253.8 248.4 245.8 246.1 243.6 242.1 239.4 243.1 241.9
308.5 308.2 309.4 309.1 308.6 307.3 303.9 300.8 294.6 296.3 294.4 291.7 283.1 285.1 286.8 285.6 285.8 287.9 288.7 291.7 293.3 295.6 295.6 295.8 295.3 293.3 295.2 296.5 299.2 300.7 307.9 311.1 312.9 313.6 314 314.3 314.2 313.8 312.2 310.7 309.6 309 309.6 307.5 306.3 304 302.2 299 298.4 297.7 295.7 292 288.8 284.6 279.6 272.2 270.2 270.9 269.1 267.5 265 261.4 260.1 258.7 257.9 254.6 252.6 252.6 248.1 245.7 242.6 241.3 243 242.1 239.8 244.5 245.6 244.6
