ny/ny93_OST50GRID_20230518/NY93.asc
ncols 200
nrows 200
xllcorner 390000
yllcorner 530000
cellsize 50
[rows 35 to 69 of 200, columns 78 to 155 of 200]
250.7 251.8 251.3 250.9 248.9 242.3 240.3 241 239.8 239.3 235.6 235.1 234.1 241.6 246.8 247.3 249.6 248.6 248 248.9 248.2 248.6 250.2 251 251.9 251.6 251.8 254 251.7 251 251 252.1 253 253.4 255.1 255.4 256.9 258.9 260.6 260.8 262.6 263 266 266.3 266.9 267.4 267.3 265.8 266.5 266.6 265.5 261.5 261 263.1 266 264.3 262.2 261.9 261.7 260.6 259.2 258.3 257 254.4 252 248.8 250.6 250.7 250.9 251.6 241.3 242.6 253.9 252.1 249 254.6 256.5 257.6
254.3 253.7 252.3 250.3 248.2 247 247 243.9 245.4 245.7 245.1 246.2 248 248.4 250 251.5 251.4 252.3 253.9 256.1 256.7 256.1 256.8 256.6 255.9 255.1 255.7 259.1 255.9 255.1 259.6 263.4 265 268.4 268.7 268.7 270.1 271 270.6 271.3 273.6 276.4 277.6 276.3 277.8 276.9 275.2 274.8 274.6 273.3 270.6 267.7 270.2 271.9 270.8 269.2 267.9 266 264.7 263.4 262.7 262.2 260.6 258 253.4 254.9 254.9 253.9 248.2 244.8 248 257.3 259.8 253.2 257.7 260.9 261.8 263.5
253.9 253.5 252.5 251.4 251.3 252.7 251.9 250.3 249.6 249.5 250.3 251.8 253.2 254 255.5 257.1 255.6 259.7 262.5 264.3 263.8 260.2 262.4 263.8 265.8 265.1 263.8 266.4 268.8 270.5 273 272.5 271.1 274.2 273.6 275.8 277.9 278.7 277.4 278.4 281.3 282.1 283.2 283.2 282.4 281.1 278.6 274.8 273.8 272.3 270.3 267.7 273.8 273.7 272.9 271.8 270.1 267.4 265.4 264.2 265.1 264.3 261.9 258.3 258.4 259.4 256.5 247.7 249.4 258.6 261 263.9 261.5 259.5 262.8 266 267 268.4
254.8 254.1 254.7 256.4 259.2 257.2 258 256.2 255.8 257.9 258.5 258.5 257.6 258.3 264.2 265.2 264.7 267.6 271.3 272.4 273.7 271.8 274.4 276.8 276 278.2 276.3 277 280.7 283.3 282.6 281.6 278.6 281.2 280.8 282.4 283.5 284.6 284.9 284.4 285.9 285.3 284.6 283.4 281.7 279 275.3 275.8 275.1 275.2 275.6 275.3 276.9 276.5 275.8 273.7 271.1 268.1 266.8 266.9 266.6 265.3 261.8 260.6 262.5 258.4 247.5 256.2 262.2 265.7 266.7 265.9 266.5 265.7 268.4 272.1 272.3 273.3
258.3 261.2 263.8 264.4 266.5 266.4 265.4 263.3 262.1 266 265.8 265.1 262.8 269.8 272.3 273.5 272.9 278.8 283.6 286.2 287.5 288.1 287.4 285.3 281.8 286.7 287.2 285.1 286.4 289.6 289.2 288.2 287.3 288.6 289.2 290.1 290.7 291.6 290.1 288.4 286.2 285 281.9 281.6 279.7 278.3 279 279.7 280.1 280 281 281.5 281.2 280.6 279.1 276.9 273.8 271.1 269.9 269.9 269.1 265.6 265.3 264 261.6 253.9 259.6 266.5 268.1 269.4 270.5 270.9 272.7 272.1 273.8 277.6 277.5 277.7
267.7 268.7 270.5 274.6 275.3 272.9 274.8 272.9 266.1 274.3 273.2 272.5 277.6 279 277.6 280.6 281.3 285.9 295.1 296.2 296 297.6 299 295.7 299.6 296.4 296.1 294.5 294.7 294.2 293 294.9 295.3 295.8 297.1 297.6 297.3 296.7 294.6 292.1 289.5 288.6 289.5 288.3 286.5 285.9 285.2 285.1 284.9 285.9 286.7 287.1 285.8 284.4 282.2 279.6 277.9 275.8 274.1 272.9 271.7 267.7 268 266.2 258 266.2 269.8 271.9 274.2 275.4 276 276.9 276.8 277.7 279.6 281 282.7 281.5
278.3 278.3 281.5 282.4 282.8 285.3 280.3 279.8 273.1 280.3 279.5 287.6 289 288.6 288.9 292.6 299.3 300.8 301.9 304.4 303.2 309.8 309.7 308 307.1 305.4 303.2 302.5 301.2 300.5 302.1 303.2 304.3 305.6 305.5 306.1 305.2 303.6 302.6 301.7 301.5 299.7 298 295.9 293.7 292.3 291.5 291.8 293.2 293.7 293.4 292.1 289.9 286.5 284.2 281.8 281.1 280.6 279 277.5 272.7 272.3 268.2 257.3 271.5 272.5 274.2 276 279.4 279.2 280.4 280.7 282.9 283.7 285.2 284 289 286.6
287.3 286.7 287.7 286.8 285.8 293.3 283.6 293.3 282.5 298.6 297.8 300.7 298.2 300.3 299.9 305.3 308.4 313.4 312.2 315.6 315.1 320.6 320.1 317.7 314.3 313.5 315 315.7 313.4 310.8 312.3 313.1 313.1 312.6 312.7 312.7 311.6 309.6 311.1 312 309.4 306.4 303.9 301.8 300.1 299.8 298.9 298.2 299.4 299.1 298.2 296.7 293.6 290.2 286.7 286.5 286.5 286.4 285.6 283.1 275.4 271.5 267.1 274.3 278.3 279.3 282.7 282.7 283 283.3 282.5 285.8 288 288.6 289.8 287.6 292.4 292
293.3 291.4 293.2 298 298.6 297.1 302.2 301.1 296 307.9 307.7 309.7 310.4 317.7 315.7 318.4 326.1 324.5 325.3 325.1 326.7 329.4 332.1 333.9 331.5 326.8 325.8 323.8 322.8 322.3 321.8 321.7 321.1 320.2 320.5 320.4 318.1 319.3 318.1 317.5 314.7 311.3 309.3 306.9 305.9 304.8 304.7 303.6 303.1 302.6 301.9 299.3 296.8 293.3 291.1 290.4 290.3 289.5 287.3 282.3 277.1 266.4 279.1 282 283.7 287.7 288.7 287.3 288 289.2 291.4 292.2 293.2 293.9 294.7 295.2 297.4 296.6
296.7 295.6 300.9 303.3 306.7 310.1 311.7 316.3 306.6 320 327.1 329 327.4 329.4 327.9 330.9 331.3 335.9 340 341.4 343.5 347.1 345 347.4 341.2 337.5 335.2 333.2 331.1 328.3 328.3 327.9 328.6 328.3 328.2 328.1 327.7 326.4 325.4 324.3 322 319.9 317.9 315.7 315.2 314.9 312.4 310.5 310.2 307.2 303.8 300.1 296.7 292.5 289.5 287.9 287.3 281.7 272.8 269.7 273.4 282.3 283.7 286.9 293 297.8 292.3 295.8 296.9 297.9 298.6 298.5 298.5 299.3 299.8 298.9 299.6 299.1
302.3 302.7 308.7 311.3 315 316.6 317.3 322.3 324.3 327.5 336.1 338.7 338.1 338.7 345.3 341.7 351.6 351.9 355.8 355.9 356 355.6 352.1 351.5 348.9 346.2 341.5 339.4 337.3 334.5 333.9 334.4 335.2 335.3 335.2 334.9 334.3 334.2 333.8 333.2 332.2 330 327 325.8 324.6 323.5 320.9 318.7 315.1 309.5 303.5 298.3 293.2 288.6 286.1 285 280 275.6 284.7 287.7 288.2 288.7 294.2 297.3 299.8 298.3 298.1 302.3 304.6 305.1 304.7 304.2 303.7 303.5 301.7 301.5 300.8 301.4
305.5 310.1 316 319.5 320.9 323.6 323.4 327.7 333.4 330.4 341.5 345 352.2 353.2 357.4 354.8 368.8 367.5 369 367.4 362.9 361 362.2 362.1 360.3 356.2 351.4 349.3 346.3 344.3 342.4 341.3 341.1 341.8 341.7 340.7 341 339.2 337.8 336.8 337.5 337.5 335.6 333.6 331.2 328.1 325.7 321.5 316.8 308.5 301.4 295.7 291.8 288.3 281.6 276 283.2 290.3 292 293.2 296.4 298.8 300.9 301.4 302 305 306.7 310.5 311 310.8 308.6 306.4 304.9 303.6 302.9 302.3 303 303.1
310.4 318.2 323 324.9 328.2 330.1 332.8 336.9 341.8 344.7 342.1 352.5 355.6 356.4 364.1 365.2 374.2 373.3 373 372.8 368 371.1 373.5 372.6 369.7 363.7 359 355.6 353 350.1 348.1 346.7 346.8 346.6 346.1 344.4 342.6 340.6 338 336.7 336.1 336.4 337.3 336.7 333.6 331.5 328.2 322.4 316.3 308.1 302.5 297.2 292.5 287.7 279.1 283 293.1 294.8 298.9 303.1 304.6 305.6 306.6 307.3 307.6 309 312.1 313.9 313.3 310.8 307.8 306.9 305.4 305.1 304.7 303.8 306.3 307.3
321.3 324.8 329.1 334.6 335.5 341.6 344 344.1 346.3 347.5 345.3 356.4 359.3 363.2 364.9 368.6 379.5 379.3 373.4 374.2 377 378.3 378.6 377.2 374.7 372.1 368.9 364.4 358.8 357.9 354.8 354.1 353 350.5 349 348.3 345.2 343.9 341.4 338.3 336.3 335.8 335.5 334.2 331.6 328.2 323.6 317 313.7 309.1 303.9 297.7 294.3 283.1 285.2 294.8 298 303.6 306.3 310.7 311.8 310.8 310.7 311.7 311.2 312.4 314.7 315.4 313.5 313 310.8 306.8 305.3 307.1 308.5 309.7 311.6 314
328.5 330.9 336.6 341.4 345.3 347.5 349 348.1 351.1 353.7 354 357.6 362.9 363.9 369 371.4 376.6 380.3 379.9 382.2 385.7 386.2 385 382 379.4 376.4 372.8 370.3 368.1 365.7 363.9 361.4 358.6 357 354 350.7 347.7 346.2 345.4 342.5 342.1 342.2 340.4 335.6 328 321.5 317 312.4 309.6 305.8 302.6 300.3 295.1 281.4 296.3 301.3 306 315 317.3 317 316.7 315.9 316.1 315.1 315.4 318.4 319.8 320.5 317.5 315.6 312.3 309.8 309 312.1 313.7 316.5 318.2 321
333.3 340.6 346.3 348.3 349.6 351.4 353 352.9 358.1 357.6 354.3 363.4 367.6 369.8 371.7 373.9 376.2 379.6 382.2 385.6 387.5 386.5 385 383.1 379.8 378.1 375.5 372.6 370 368.5 367.3 364.7 362.1 359 356.1 353 350 347.8 348.8 348.3 346 343.9 340.8 336.6 329.3 319.6 314.7 311.4 307.1 302.6 296.6 292.6 285.8 291.3 302.9 309.2 314.8 319.3 321.5 321.7 321.6 320 320.2 319.6 321 322.5 322.1 321.5 318.5 316 313.4 313.1 314.6 317.1 319.5 323.2 324.4 326.4
342.8 349.8 351.9 353.6 354.9 355.2 355.5 357.6 366.7 361.3 357 362.6 366.7 371.1 375.1 377.2 379.4 383 385.8 387.9 387.7 386 383.9 382.6 381.1 378.7 376.2 373.4 371.5 368.6 366.3 364.2 360.8 358.3 354.6 351.6 348.6 345.8 343.3 342.3 342.3 339.5 335.3 331.4 325.7 319.7 315.5 311.4 307.3 299.4 288.4 292.5 296.7 304.2 315.1 319.5 321.8 321.9 323.5 323.4 322.8 322.6 323.1 326.8 328 327.8 324.5 322.7 320.2 316.7 316.5 318.2 321.1 323.1 326.6 330.5 331.3 331.7
350.8 353.7 355.8 357.3 357.5 358 358.9 362.7 366.5 363.7 363.2 364.9 365.8 366.9 372.6 372.9 375.5 383.5 387.5 387.8 386.5 383.9 381.1 379.5 377.7 375.6 373.1 370.5 367.9 365.4 362.6 360.4 357.3 354.4 352.6 349.6 346.3 343 339.4 337.2 334.8 332.1 329.1 323.6 321 317.5 313.8 309.4 306 294.8 296.5 304 311.7 319.1 325 328.1 326.6 325.6 325.7 326.1 325.3 325.4 328.7 331.4 331.1 329.6 327.6 323.1 321.3 320.1 323 327 329.2 331.3 334 334.5 334.2 333.5
355.9 357.5 359.6 363.2 361.2 361.4 360.9 362.1 364.5 369.3 374 376.7 366.1 364.2 363.9 367.8 368.5 376.2 385.3 386.6 385 381.8 379.3 376.5 372.8 371 369.7 366.8 364.7 361.2 358.9 356.7 354.3 351.2 349.7 347.3 344.8 341.8 338.3 334.7 331.4 328 324.2 321.6 319 316.5 314 312 309 295.3 305.7 314.3 322.1 326.1 330 330.8 330.1 329.6 329.1 327.6 326.9 329.6 330.7 332 332.4 330.1 326.7 325 327.6 329.2 330.1 333.8 335.4 335.5 336.6 335.9 335.4 335.9
359.9 360.9 368.2 373.3 379.2 375.5 370.1 370.6 372.3 374.9 364.8 365.4 365.1 376.1 378.4 383.9 382 363.9 374.5 375.5 377.3 380.6 380.3 378.3 365.8 365.4 363.6 363.3 361.7 358.9 356.2 354 350.9 346 345.1 343.5 342.3 339.9 336.2 332.5 329 326.1 323.6 321 318.1 318.2 317.6 315.2 304.7 299.6 317.7 324.8 332.9 333.9 333.2 333.3 332.8 332.2 331.5 331.2 330.8 332.7 334.5 335.4 332.3 332.5 332.1 332.4 333.8 335 337.1 337.2 337.3 337.6 337.5 337.1 337.6 340.9
361.5 364 373.8 380.3 387.8 387.5 383.8 383.4 380.1 366.4 366 366.7 377.9 390.6 392.5 389.6 383.7 370 360.8 366.1 371.1 376.4 380.1 379.3 363.5 358.2 350.4 350.6 354.6 357.5 354.9 351 341.2 336.5 334.4 335.1 335.2 335.2 332.5 329.3 327.5 324.4 321.8 319.7 320.8 321.4 319.7 308 300.7 319.7 331.7 336.6 337.6 337.7 336.8 336.1 335.4 335.6 335.5 336.2 336 337.4 338.3 337.8 336.6 336.4 336.5 337.6 339.8 339.6 338.7 339.6 339.5 340.2 340.7 341.8 343.7 345.6
365.8 367.4 373.3 376.8 377.7 372.3 372.4 374.7 369.7 365.8 368.2 380.8 391.3 398.7 404 399.8 385.6 370.3 360.2 367.3 372.3 373.7 376.8 378.9 366.9 357.7 365.6 354.6 346.7 348.4 352.2 345.1 335.7 332.2 328.8 326.1 324.9 326.4 326.9 325.9 324.9 323.9 321.7 321.9 321 318.5 312.4 299.6 319.5 334.8 340.7 342 341.3 340.3 339.8 340 340.7 340.7 340.6 341.3 342.2 342.7 342.1 341.5 340.1 339 340.9 342.5 341.6 340.9 341.3 342.5 342.6 343.7 345.1 346.4 349 351.2
372.5 372.9 371.5 372.7 371.6 373.3 373.9 368.8 366.8 371.8 382.8 393 402.3 406.2 407 401.1 385.3 370.9 359.8 366.8 371 372.3 374.8 377.9 369.9 356.6 367.2 362.8 358.4 341.7 335.1 334.6 326.7 324.2 322.8 320.3 319.5 317.9 317.9 319.7 320.4 318 312.7 310.3 309.8 303.1 307.5 314 331.4 339.5 344.6 345.4 345 345.1 346.9 346.2 345.6 345.2 348.5 348 347.3 346 344.5 343 342.9 344.1 346.4 345.6 344.1 343.8 344.6 345.9 346.5 347.8 349 350.7 353.9 358
372 372.8 374.6 380.5 385.9 390.3 386.6 370.9 368.4 383.6 396.5 404.6 407 407.2 400.8 390.7 383.1 370.7 359.6 366 369 371.3 372.2 371 362.9 362.7 370.5 370.9 364.9 351.4 338.9 329.2 324.5 321.5 322.4 320.3 318.2 315.9 315.2 312.8 314.7 317.8 316.7 315.1 318.3 325 321 328.4 328.5 342.2 347 348 348.8 350.6 351.5 349.9 350.3 351.5 352.1 350.4 349.8 348.5 346.2 346.4 348.3 350.5 350.1 348.5 348 349 349.4 350.1 351.4 351.4 353.6 356.6 361.6 366.9
372.6 380.1 387.5 398.3 404.9 402.7 389.2 372.6 371.2 385.1 392.9 402.7 405.8 405.3 394.4 387.3 381.2 370.4 359.7 359.5 366.9 368.1 366.9 365 363.7 379.9 376.5 372.5 364.8 351.2 340.1 330.7 325.9 324 324.3 322.2 321.1 320.5 322.5 324 328.7 331.2 332.9 331.9 333.7 334.5 329.4 337.9 341.9 338.7 346.4 349.2 351.5 352.5 352.7 352.7 353.4 355.9 354.4 353.7 352 351.1 351 352.4 353.6 353.1 352.7 352.8 354.5 355.5 355.5 355.4 356.2 357.7 360 364.3 369.6 372.7
384.9 394.1 404.9 412.5 406.7 391.5 378.9 369.3 374.5 390.8 398 399 403.7 398.2 387.9 376.4 370.5 369.3 359.6 359.4 359.5 360.2 359.4 359.5 360 374.8 374.7 369.9 363.2 352.2 340.7 331.7 326.8 326.5 327.9 329.4 329.2 328.2 329.1 334.5 342.8 342.7 342.7 339.6 340.2 340.2 335.4 341.7 347.9 347.9 344.5 350.4 354 355.1 356.5 357.8 359.6 360.2 357.7 357.1 358 356.5 356.4 355.7 356.4 357.2 358.4 360 360.5 360.6 360.8 362.2 363.1 365.3 368.4 372.3 376 378.5
395.6 409.2 410.1 405.5 394.6 379.9 370.6 369.3 378.7 392.2 398.1 398.3 395.7 389.2 385.1 376.5 370.5 369.2 359.7 359.5 360.3 362.8 359.2 363.4 359.9 362 366.9 362.9 356.7 345.7 338.9 331.3 328.7 330.9 334.2 336 337.1 338.8 343.7 347.5 352.6 358.4 354 347.9 346.5 345 344.6 343.8 350.8 350.6 348.4 351.5 355 357.6 359.4 363 364.6 364.2 364.4 362.6 361.6 360.3 359.3 360.4 362.3 363.6 365.6 367.2 368.3 370.3 371.6 372.5 373.4 374.3 375.6 378.5 381.9 384.5
408.8 408.1 401.4 392.2 381.6 370 367.5 367.7 369.8 376.6 386.5 390.7 388.7 379.4 385.5 383.5 371.6 362.5 360.3 360.3 359.8 360 361.3 363.2 364.5 362.4 368.5 364.2 354 345.2 338.8 330.9 332 336.9 341.4 344 346.3 348.3 353.7 358.1 362.6 367 364.4 353.8 353.7 351 351.4 345.4 352.8 352.6 352.3 354.4 356.9 360.9 363.5 367.1 370.3 369 366.6 364.9 364 362.8 363.1 365.6 368.3 370 375.8 377.7 378.2 378.3 378.4 379.1 380.3 381.1 383 385.4 387.8 390.8
407.4 397.7 389.1 380.5 372.5 367.9 367.5 367.5 369 366.6 374.6 375.7 373.5 371.2 386.9 385.8 373.8 371.6 372.9 374.8 375 375.2 375.5 373.8 370.4 368.5 367.5 361.3 351.4 344.5 337.7 333.9 333.9 338.7 346 349.6 352.9 357.4 361.3 367.4 371.8 372.7 370.9 365.9 363.1 358.3 356.8 350.7 356.3 357.2 358.4 358.9 360 363.5 367.2 371.1 372.8 370.4 368.5 368.3 367.5 367.6 369.2 371.3 374.8 381.2 383.6 383.8 384.3 384.1 384.1 385.1 386.3 388.8 392.4 395.8 397.3 397.8
391.9 383.6 376.3 373.2 370.4 367.9 368.5 387.7 396 400.3 400.2 398.2 397.6 402.3 391.7 381.1 386.5 390.3 389.8 388.8 385.7 381.8 379.6 376.9 372.8 369.5 369.6 367 360.7 350.6 338.7 336.8 337 343.2 353.2 354.9 358.3 362.7 367.9 373.4 375 374.9 374.5 373 370.4 368.5 363.1 356.5 362.8 364.2 362.2 365 366.8 368.6 370 374 374.7 374.7 374.6 373.8 373.6 373.4 374.4 378.3 387 387.9 388.2 388.8 388.7 389.8 390.3 391 397.1 401.5 403.7 404.1 405.8 406
375.8 369.5 369.5 369.5 369.9 391.8 410.3 419.5 427.1 434.4 435 434.6 428.8 417.4 407.6 400.4 404 402.7 400.6 398.3 392.8 388.6 385.1 382.3 379.6 377.2 372.9 366.9 363 357.6 347.6 340.5 339.1 346.6 352.9 357.4 363.8 369.8 376.7 377.7 377.5 377.3 377.3 376.7 372.8 371.3 363.5 364 367.5 368.2 368.6 369.7 370.9 372.7 375 376.4 377.8 378.5 378.2 378.8 378.6 379.9 381.4 387.1 390.4 391.4 392.2 393.4 394.3 394.7 397.9 400.3 406.9 408.6 408.3 408.2 409.9 408.1
370.6 369.5 369.5 374.7 402 422.5 439.5 444.1 444.3 444.6 443 443 440.3 431.3 420.9 418.4 417.3 411.4 405.7 401.2 395.2 391.2 388.6 386.4 385.1 382.8 378.5 372.2 366.8 362.3 353.6 343.3 347.3 354.1 357.1 362.3 369 375.8 380.8 382.2 380.3 378.7 379.1 379.1 374.8 372.4 369.3 371.7 373.8 374.9 375.3 375.7 376.4 377.1 378.5 379.6 381.4 383.2 384.2 384.9 386.5 389.8 391.7 393.2 394.2 395.4 397.1 398.4 401.2 404.1 408.1 411.2 412.1 411.1 409.8 408.2 407 405.4
369.5 369.5 369.5 413.2 427.5 443.1 447.3 448.7 448.8 449.8 447.5 445.8 443.2 438.3 432.7 425.6 418.8 413 406.6 402 398.6 395.6 392.8 392.2 392 388.6 382.6 376 369.7 363.5 347.9 348.6 357.4 359.8 363 369.3 376.8 383.2 386.6 385.3 381.9 381 381.1 379.6 378.1 376.1 376.9 377.1 379.3 380.5 379.8 379.9 381.9 382.9 384.5 385.1 385.3 387.5 391.7 394.8 394.5 394.3 395.6 396.7 398.6 401.5 404.1 408.1 410.6 412.3 415.7 415.5 416.3 414.7 411.9 409.6 406.8 404.1
392.8 390.3 389.1 426.3 442.8 449.5 453.5 454.2 454.3 454.6 452.6 450.4 446.8 441.9 433.8 426.3 420.7 414.9 408.5 404.4 401.3 398.5 396.6 396.6 395.3 391 384.3 375.8 370 364.4 348.8 359.6 364.9 366.4 369.9 376.4 383 387.9 389 387.4 384.3 383.2 383 382.6 382.3 382.1 382.9 383.9 384.5 385.1 384.7 385.9 387.8 388.5 389.7 388.9 390 394.1 398 398.2 398.2 399.1 399.1 400.9 405 409 412.5 416.5 417 418.2 419.8 420.1 420.9 417.9 414.8 412.2 410 408.7
417.8 424.8 420.7 443 448.8 456.8 457.9 458 457.7 457.8 457.6 454.5 449.8 445.1 439.5 432.1 424.4 416 410.2 406.7 403.4 401.3 399.6 397.9 394.6 389.5 382.8 375.6 369.7 361.7 357.1 366.4 370.5 374 379.4 385.6 390 391.1 393.1 389.3 386.7 387.5 387.7 388 387.8 387.9 387.5 388.8 389.2 390.4 390.9 391.9 392.9 393.8 394.2 394.3 397.1 400.1 401.2 401.8 402.2 403.6 404.2 406.8 410.7 418 419.6 421 421.9 422.9 423.5 427.6 426.1 421.8 419.2 416 413.5 412.7
