ny/ny93_OST50GRID_20230518/NY93.asc
ncols 200
nrows 200
xllcorner 390000
yllcorner 530000
cellsize 50
[rows 35 to 69 of 200, columns 0 to 77 of 200]
298.2 298.6 297.8 297.6 297.1 296.3 293.7 291.5 286.8 287.1 285.7 284.3 278.6 283.6 284.3 282.7 281.2 282.7 283.1 283.2 284.1 287.4 287.6 288.1 287.8 287.2 286 286.6 287.8 291.9 299.4 303 306.7 307.1 307.4 308.3 307.1 307.7 307.5 306.6 304.2 304.2 302.5 301.4 300.7 298.7 295.5 295.3 291.5 287.9 284 283.1 275.9 271.5 270.2 268.2 266.5 264.8 262.1 257.3 255.4 254.6 254 254.6 254.2 252.7 251.5 245.1 243.4 244.5 245.2 244.2 245.1 246.2 249.1 247.2 247 248.4
289.3 288.7 288.2 287.2 285.8 285.2 284.4 282.6 282.9 282 281 280.5 275.3 280.5 280.7 280 278.7 277.8 281.1 280.1 280.4 281.1 283.6 283.7 283.5 283.3 282.4 281.3 281.1 282.2 286.9 289.7 293 295 294.2 296.9 297.5 297.5 299 299.5 297.4 298.3 297.3 297.6 297.1 296.1 295 293.9 292.5 292 292 289.9 286.1 281.1 268 265.5 264 261.2 259.1 257 256.1 254.7 254.5 254.3 253.3 252.8 245.3 245.1 246.8 248.6 249.2 249.8 249.4 249.2 248.7 248.7 251.5 252.2
283.9 280.4 280.3 279.8 277.5 278.2 279 280 279.9 278.9 277.9 277.6 273.4 278.2 277.9 278.1 277.6 275.9 276 278.2 276.1 277.2 280 279.5 277.5 278.1 278.7 278 275.1 274.3 277.6 278.1 279 281.7 281.7 283 284 285.5 287.8 287.9 288.2 289.5 289.3 290.5 292.4 293.2 292.3 292.6 292.6 284.9 284.8 283.5 282 274.1 261.8 261.1 260.9 260.1 261.2 262.5 258.3 254.7 252.5 256.2 251 245.5 246 247.4 250.7 251 251.2 251.5 251.4 250.8 249.7 250.2 253 253.7
279.2 278.8 278.1 277.8 276.8 276 276.4 275.5 275.1 275.6 275.5 276.2 275.7 274.8 275.4 274.9 273.6 272.2 270.2 269.6 266.3 265.8 267.7 266.9 266.2 266.3 265.5 267.1 265.7 265.7 267.5 268 269.8 274.4 275.6 275.4 275.8 276.8 277.6 278.5 277.9 277.5 278.6 279.7 280.2 280.2 279.6 279 279.6 277.6 274.9 271.9 270.2 264.3 259.6 258.4 256.5 256 259.8 259.1 253.3 251 250.2 248.7 247.1 246.9 247.3 250.4 252.6 253.2 253.4 253.7 253.1 252.6 251 251.1 252 254
278.7 277.9 277.3 277.4 276.8 276.2 275.8 275.2 274.9 274.4 273.8 274.4 274.2 273.6 272.9 273.5 269.3 267.9 270.6 271.1 270.8 269.9 269.7 268.1 267.4 267 266.7 266.1 266.2 265.2 265.2 264.4 263.9 259.5 265.6 268.5 270.8 271 270.3 269 268.9 268.8 268.7 270.2 270.1 270.4 269.6 269.6 269.6 269.1 268.9 267.6 264.1 260.2 256.3 254.1 253.7 252.7 251.9 251.4 250.4 249.9 249.4 248 245.8 248.9 248.2 250.8 254.5 255.4 255.5 255.9 256.1 254.3 254.3 253.6 255.1 256.1
278.2 277.8 276.8 276.1 275.6 275.2 271.6 273.6 274.7 274.5 274 273.1 272.5 271 271.9 278.2 279 279 276.8 273.2 272.3 271.8 270.4 268.9 267.2 269.7 268.8 267.6 266.4 265.8 265.5 265 264.1 263.8 263.1 259.5 262.1 263.2 261.1 261.1 261.1 260.1 259.6 258.4 258.6 255.3 254.4 254.1 256.3 262.8 262.5 261.2 260.5 257.2 253.5 252.4 251.9 251.1 250.4 250 250.8 250.6 245.8 246.6 250.5 253.8 249.9 253.6 256.5 257.7 258.2 259.2 260 260.4 261.3 261.2 262.5 266.7
281.8 279.8 278.8 278.5 277.8 275.8 275.2 275.5 274.1 270.6 270.6 275.9 285.5 288.5 287.8 287.5 286.8 285.7 282.6 279.5 276.2 274.3 274.1 271.5 269.6 272.1 272 271.1 266.9 265.4 265.2 264.7 264.1 263.8 263.3 262.9 261.9 259.3 261.5 260.5 260.7 259.8 257.8 256.7 257.9 257.2 256.6 256 254.9 253 254.3 254 253.2 252.9 251.7 252 251.6 251.1 250.5 248 247.3 249 250.3 255.6 255.9 257.1 257.6 258.3 255.2 258.1 260.1 261.5 263.5 264.7 265.6 268 269.2 275.6
284.3 283 283.3 279.6 278.8 278.2 277.4 277.3 280.6 280.6 285.3 291.5 294.3 296.8 295.9 295 294.3 290.6 287.2 282.3 278.2 277.6 277.1 274.8 270.9 272.5 273.8 272.4 270.7 269.7 265.1 264.4 263.4 263.7 263.5 262.5 262 262.2 261.2 257.4 257.4 257.4 259.4 258.4 257.7 258.1 256.8 255.9 255.7 255.7 254.7 252.3 252 252 251.7 251.5 251.1 250.4 250.9 250.6 251 255.9 258.1 258.2 260.2 261.8 261.7 261.2 261 258.9 261.6 263.7 267.1 269.8 273.1 272.1 276.8 284.2
291.7 291.4 290.9 288.6 285.5 283.7 284.7 286 288.4 290.8 292.3 296.8 297.5 295.9 294.8 291.8 288.1 285 284.1 285.7 283.4 281.3 279.3 278.5 276.4 273.1 275.1 273.5 272 270.2 270.7 269.7 267.9 265.9 266 263.7 263.8 262.6 261.7 261.2 260.4 259.4 259 258.2 257.4 256.6 255.9 256.1 256.9 260.2 259.3 256.3 253.3 253.8 253.6 253.1 252.8 252.1 251.7 253.8 260.3 260.3 260.4 262.2 263.7 263.5 264.8 268.7 264.7 258.1 264 266.8 271.7 276.3 280.2 275.8 284.9 291.7
301.8 302.4 299 294.1 293.1 292.3 292.9 294.9 295.8 295 295.1 295.1 295.4 295.5 293.2 294 292.7 295.3 293.7 291 289.5 288.5 281.1 282.2 276.3 276.8 276.1 274.3 273.3 274.3 274.7 274 272.2 270.9 270.7 271.6 271.4 270.8 266.3 260.8 260.2 262.3 264 263.7 262.6 263.5 265.9 266.2 266.6 266.8 264.3 264 263.5 262.7 259.4 260.7 257.6 258.6 261.8 262.4 264.8 265.1 267.5 267.7 267.2 269.5 271.8 273.4 273.1 273.4 261.9 274.3 279.2 285.1 285.1 283.4 289.6 295.6
309.4 305.1 303.5 298.2 299.8 301.7 301.4 299.9 297.1 301 300.9 303.4 304.4 303.2 303 301.8 300.7 300.8 299.8 300 297.6 295 284.3 285.2 278.4 282.8 280.2 278.2 277.8 279.4 279 277.9 278.9 279.3 277.1 280.6 276.4 276.1 273.7 271.2 271 270.1 270.1 268.9 267.2 269.1 271.6 271.4 269.5 269.8 266.8 268.6 267.5 266.3 265.8 268.6 269.7 269.7 270.9 272 273 272.8 273.3 274.7 274.9 276.8 277.9 280.4 283.4 283.5 277.1 268.7 286.8 289.6 291.2 295.2 292.5 300.7
310.8 309.3 307.9 300.6 306.3 306 307.7 308.2 311.7 313.2 312.8 313.4 311.2 310.4 309.3 306.9 305.6 302.9 304.6 304.7 302.4 299.1 294.3 283 285.6 288.3 285.6 284.8 286.3 287 287.5 287.7 289 289.2 284.1 283.4 281.6 282.5 278.4 279.8 279.3 276.1 274.2 276.2 272.3 273 273.4 272 271.8 271.1 270.3 272.3 272 270.1 272.5 277 278.4 279.3 279.8 279.8 280.8 280.4 280.2 280.1 280.7 283.1 286.6 289.5 291.3 291.6 291.2 271.4 288.1 292.8 299.1 302.1 299.5 306.2
314.9 311.7 309.4 307.8 316.6 319.3 318.5 318.4 319.7 319.9 319 317.8 316.3 313.9 312.6 310.8 309.1 304.7 302.5 301.7 300 295.4 285.5 284.4 291.1 292.3 291.7 293.2 294.2 294.1 294.8 294.5 294.4 292.6 290.3 289.1 290.8 289 286.4 286.2 285.8 282.7 280.9 279.4 278.4 276.8 275.8 274.9 275.3 275.7 278 279.7 279.7 281.1 282.8 283.7 284.3 285.4 286.1 287.4 287.1 286.8 286.5 286.3 289.7 291.7 295 295.9 295.7 298.7 295 271.4 295.5 300 305.3 305.5 303.6 307.5
318.2 318.3 320 322.4 324.4 324.7 325 323.8 322 319.8 317.6 316.7 317.2 314.3 311.8 308.4 306 304 303.4 295.8 291.3 288.3 287.8 287.8 296.1 299.3 299.2 299.5 300.3 299.9 299.8 299.3 299.1 296.6 296.9 296.4 297.2 295.9 294.1 291.9 291.3 289.5 286.7 286.5 287.2 286.1 284.6 281.7 284.1 283.9 285.3 286.5 287.7 288.4 288.8 289.7 291.7 293.2 293.3 293.8 293.8 292.7 293.4 295.5 296.5 297.7 297.6 296.7 299.6 297.8 287.3 273 301.8 307 307.1 306.6 308 312.1
331.2 330.7 331.3 330 329.8 329 329 326.7 325.2 323.7 323.5 320.1 317.6 317.2 316.4 315.6 313.2 303.7 297.4 294.2 299.4 302 303.6 306.3 309.1 308.7 308.1 307.9 307.7 306.9 305.3 304.6 304.3 302 301.5 302.9 302.7 302.4 300.4 298.2 297.5 295.7 294.6 294.1 294.7 292.3 291.3 291.7 293.1 292.1 293.3 294.2 294.8 295.4 296.6 297.5 298.5 299.4 299.8 299.1 299.9 299.4 300.6 301.2 300 298.5 299.9 299.7 297.2 295.2 275.6 295.8 307.8 310.9 309 311.2 317.4 323.6
339.9 340.2 340 338.7 337.8 336 332.9 331.1 330.6 329.8 328.8 327.3 324.6 322 320.2 316.9 301.2 298.2 303.3 314 316.5 314.4 319.2 319.7 320.9 319.9 316.1 315.9 315.7 314.7 312.2 309.9 309.5 308.1 307.8 307.7 308.7 308.8 307 305.6 304.6 303.4 302.3 302.1 303.9 304.3 303.6 303.1 303.7 302.5 303.8 303.1 302.7 302 304.6 305.1 304.8 306 304.8 304.5 304.8 305.6 306.3 306.2 306.1 307.5 307.4 305.1 302.9 300.9 279.9 306.1 310.9 310.9 313.9 319.6 327.8 331.1
346.1 346.3 345.3 344.3 342.4 339.2 336.7 334.8 334.5 334.8 334.5 333.6 330.9 328.5 323.8 305.5 300.6 316.9 319.4 323.6 322.6 325.2 328.4 329.6 329.9 329.2 327.7 325.8 322.9 322.3 319.6 318 318.5 318.8 317.9 317.2 319.3 319 318.2 316.7 315.8 314 313.8 312.6 313 312.6 312.2 311.3 311.8 310.7 311.3 309.9 308.3 307.7 308.3 310.5 310.1 310.1 310.3 310.4 311.1 311.1 311.3 311.9 313.9 313.6 312.8 311.3 306.7 295.2 288.2 309.2 311.6 314.8 324.6 328.3 333.4 336.3
349.2 348.7 348.1 346.1 345 341.5 342.4 343.7 343.3 342.5 341.6 339.1 336.2 334.1 315.5 302.5 318.9 328.9 328.5 330.4 327.3 332.4 334.9 336.1 336.5 336.8 335.2 333.5 331.2 332.6 332.3 332.9 332.5 332.6 332.3 328.6 330.5 329.1 328.4 327.2 325.5 324.2 321.8 321.5 319.9 320.7 319.5 318 318.1 316.4 315.5 313.8 316 316 316.3 316.3 315.9 315 314.1 314.6 316 316.3 316.4 316.8 318.4 316.8 314.2 311.5 307.5 292.1 305.6 313.3 317.7 323.6 332 335.3 338.3 345.9
353.6 353 351.1 350.7 348.2 347.3 351.1 351.2 350.3 348.4 346.1 343.2 340.8 336.4 310.9 308.2 333.5 336.3 337 338 337.7 340.5 342.8 343.7 343.6 343.6 342.2 341.3 339.6 340.4 342 341.9 341.7 340.9 338.6 338.2 338 336.7 335.1 333.4 332.3 330.6 329 328 327.1 326.5 325 323.2 322.4 321.5 321.2 321.8 322.7 323.4 321.7 320.5 320.2 319.2 320.3 321.3 321 321.7 322.7 321.6 319.9 317.4 314.8 310.5 303.4 292.1 306.9 318.8 323.8 330.4 337.4 341.3 346.7 352.3
358.1 357.7 356.1 356.6 351.8 352.9 356.3 355.9 354.6 352.3 349.5 346.7 344 340.6 317.5 309.5 338.7 341.3 342.9 343.4 344 347.4 348.7 348.9 348.4 349.6 348.8 348 347 347.3 348.6 348.6 347.9 346.6 345.5 344.2 343.4 341.2 339.8 337.8 336.7 334.7 333.6 333.4 332.3 331.6 329.7 329.1 328.1 328.2 328.1 328.9 329.9 329.6 329.2 328.7 328 328.8 329.6 329.6 328.3 325.7 322.4 320.7 319.1 316.6 314.5 311.8 292.1 299.1 315.3 323.6 329.2 335.8 343 346.2 354 357.2
363.7 363.3 361.3 356.9 354.6 359.6 360.2 359.8 357.7 355.1 351.6 349.2 345.8 334.7 314 328.6 342.3 345.2 346.9 349.3 348.9 353 352.9 355.3 355.8 356 355.7 355.2 354.3 354.1 354.4 354.3 353.7 352.4 350 349.7 347.5 347 345.5 344.1 342.1 340.2 338.4 337.5 337.1 335.8 335.2 334.7 334.5 335.1 334.6 333.7 333.8 333.2 337.3 336 334.8 333.3 331.5 330.9 326.5 322.6 321.1 320 317.9 317.6 318.2 316.3 297 305.8 321.4 329.5 337.4 341.3 347.4 353.7 358 360.4
367.8 368.5 367.4 363.9 362.2 360.3 361.7 361 359 355 352.8 348.8 342.7 326.6 321 341 345.9 349.7 352.8 355.2 353.2 357.3 361.5 362.1 362.4 361.4 361.4 360 359.3 359.4 359.1 359 359.9 357.8 356.7 355.7 355.3 353 352 350 347.7 345.9 344.3 345 344.2 342.4 340.7 340.9 342 341.8 341.9 341.6 340.5 340.5 340.2 340 337.8 335.8 333.7 331.8 329.5 326.3 324.4 321.9 324.2 323.5 323.5 318.3 303.4 306.2 325.4 336.3 342.2 346.1 352.9 358.7 361.2 364.4
370.5 370.1 369 367.6 367.1 364.7 359.3 357.3 357.1 354.2 352 346.7 339.2 319.1 335.6 345.4 349.9 353.7 356.7 358.2 359.6 366.4 367.9 368.1 367.4 365.9 365.1 364.3 363.9 363.9 364.4 365 367 367.8 366.9 365.7 364.7 363.2 361.4 359.1 354.5 353 353.8 353.9 351.7 350.5 350.7 349.7 347.9 348.1 347.9 347.9 346.4 346.6 344.9 344.5 341.5 341 338.8 336.7 336.4 334 332 331.2 330.4 329.3 328.4 325.9 313.6 297 326.3 337.8 343.3 349.5 358.3 362.4 367.4 369.8
373.5 372.9 372.9 371.6 369.7 367.2 363.9 361.2 354 351.7 348.7 347.1 330.1 322.1 340.9 348.4 354.2 359 361.3 364.1 369.1 371.7 372.2 371.7 371.1 370.5 370 369.3 369.8 370.4 373.3 376.1 378.9 379.2 377.9 377.4 374.9 372.6 370.7 368.2 366.1 365.1 363.8 362.8 360.5 358.4 357.2 353.8 352.9 354 353.4 353.6 351.8 353 348.9 350.4 350.6 348.6 347.1 343 340.8 340.1 339.4 336.9 335.5 335.1 334.3 332.3 325.6 306.8 318.7 339.4 346.2 356.8 362.6 367.7 375 375.8
376.9 376.7 376.2 374.8 372.1 369.5 366.1 362.4 359.3 356.5 353.9 348.2 329.8 330.1 344.5 353 357.5 362.8 368.4 372 374.6 375.9 376 375.8 376 376.3 376.2 377.7 379.4 382.6 386.6 390.8 392.4 391.9 388.1 387 387.1 379.8 377.4 373.9 372.8 371.2 371.1 369.3 366.7 363.7 361.4 361.1 360.9 362.3 361.3 362.3 361.6 361.4 359.8 357.7 356.7 353.5 351.7 351 345.1 345.2 342.8 340.8 339.9 339.8 339.6 337.7 326.6 307.7 321.7 342.5 350.2 360.8 367.3 376.8 376.4 372.1
381.8 380.9 379.4 377 374.1 369.9 366.2 361.5 357.7 355.3 351.6 343.6 327 336.1 349.6 356.3 361.9 367.9 374.2 377.8 379.7 380.8 381 382.2 381.5 382.3 382.4 384.6 391.8 396.1 397.4 398.8 398.5 396.4 394.5 392.7 391.6 391.1 389.1 387.9 383.6 380.1 380.9 379.7 378.3 374.3 371.5 372.3 374.7 371.5 369.5 371.1 371.7 369.4 367.5 365.3 361.6 357.4 357.1 353.9 350.4 349.7 347.9 346.8 345.1 344.1 342.5 335.1 319.1 306.7 331.7 346.5 357.8 364.6 370.8 377.1 373.1 374.6
383.8 381.5 379 375.3 373.1 369.1 364.3 361.5 358.9 354.5 347 333.3 324.7 343.4 353.6 359.4 366.1 374.2 380.5 382.6 382.9 384.1 383.7 385 386 386.3 390.9 398.4 401.3 402.1 401.9 401.3 400.7 398.6 398.8 397.8 396.5 395.4 395 393.7 392.9 390.2 389.7 388 387.6 385.7 384.2 382.5 382.5 380.7 380.9 379.7 378.2 373.3 370.3 366.8 362.4 361.1 360.2 358.4 359.3 357.3 354.7 350.8 349.3 346.8 343.5 331.8 312.4 321.1 340.5 351.7 362.6 370.9 381.3 373.9 376.4 386.4
383.4 379.3 375.6 373 369.6 365.7 362.2 360 356.4 346.5 335.8 328.9 343.6 354.1 357.8 362.9 371.6 379.2 385.6 385.3 387.8 389.4 390.4 390.9 392.7 399 403.6 405.5 406.5 406 405.7 403.7 402.8 401.4 401.6 401.9 401.5 400.1 399.6 398.1 396.9 396.2 394.9 393.7 392.9 391.1 391 391.1 389.6 387.9 385.9 386 384.1 380.8 373.7 376.5 374.2 373.5 371 366.3 361.4 360.4 358 353.6 349.7 346.3 343.4 334.8 318.7 314.2 343.3 356.9 367.6 379.9 381.6 376.3 385.1 398.3
385.2 381.1 376.5 371.9 366 362.9 357.1 353.4 344.8 333.7 346.2 351.7 358.2 360.6 363.6 367.3 375.4 385.3 389.3 391.1 394.6 395.3 395.8 399.4 403.8 407.3 409.4 411.2 413.7 411.7 410.2 408.3 405.6 406.4 407.7 409.5 409.8 408.6 406.8 404.8 404 402.8 401.2 400.5 400.4 399.2 398.1 397 394.7 393 390.8 388.4 387.3 384.8 383.7 382.3 380.4 378.5 375.3 371.7 367.2 361.8 355.5 352.3 349.9 347.1 342.7 338.3 323.2 310.2 344.1 361 370.8 389.9 376.4 382.7 395.1 407.1
387.1 383.2 379.3 373.9 369.6 366 362.7 359.3 349.1 338.1 358.3 361.4 364.9 367.8 370.5 374.3 381.6 389.5 393.7 397.2 400.3 401.6 403.1 406.7 409.3 413.3 416.5 415.9 417.8 418.3 416.4 417.6 418.2 418.7 416.8 417.7 416.8 416.9 416 414 411.7 409.4 407.5 407.2 406.5 405.3 403.8 403.4 402.2 401 398.8 395.9 392.7 388.9 386.5 385.1 383.1 379.5 376 372.3 367.8 363.2 358.6 354.3 352 347.6 341.7 330.8 314.6 332.6 352.5 366.5 378.1 378 381 392.5 406.7 403.3
386.9 383.7 382.7 379.1 374.7 370.1 366.1 360.5 348.1 344 363.3 368.1 372.8 376.5 379 383.3 389.3 394.4 400.9 404.4 406.5 408.2 411.6 414.5 418.4 421.4 425.5 428.2 426.5 423.5 424.8 425 425.4 424.5 423.3 423.7 423.2 422 420.7 419.2 418.1 416.4 414.6 415.3 413 409.5 408.5 408.6 407.2 404.8 402.1 398.6 395.6 393.8 389.6 386.4 383.7 379.1 374.3 373 368.8 363.6 358.6 356.4 353.9 347.5 339.2 327.4 316.5 343.2 358.2 371 388 376.9 390.3 403.8 402.5 391.3
387.3 385.5 386.2 382.3 377.2 373.4 369.1 364.1 340 354.6 369.8 374.7 379.9 384 387.2 390.8 395.3 404.5 411.4 414.9 416.7 418.9 419.9 422.5 426.3 430.1 432.4 431.7 430.1 431.3 432.2 430.9 430.2 429.9 429.3 429.5 429.3 427.9 426.1 424.4 423.1 421.8 420.2 418.8 416.1 414.7 412.9 410.2 407.6 405.4 402.9 403.7 402.4 399.1 394.6 390.3 386 380.2 376 368.5 364.1 363.3 361.9 359.3 354.6 347.4 335.7 325.6 322.4 346.1 361.8 372.5 379.6 382.7 395.7 402.9 392.4 377.4
389 387.3 387.2 384 379.5 375.8 373.5 363.4 343.4 359.9 373.2 380.8 387.1 390.7 393.5 397.2 405.6 414.4 422.4 423.9 425.1 428.4 428.8 430.4 432 435.1 435.2 435.2 436.6 436.5 437.5 437.5 438.8 438.2 438 438.9 438.6 438.8 438.3 435.4 432.9 431.5 429.8 425 420.6 417.3 414.6 411.8 409.8 408.2 407.6 401.5 398.8 397.1 394.2 389.9 387.1 384.2 380.8 375.8 373 368.7 364.3 360.1 352.8 343.2 334.4 321.2 331.5 349.6 363.2 372.4 378.1 386.3 396.4 396.2 380.2 369.5
390.2 389.6 388.5 386 382.6 378.8 377.3 360.8 348.8 363.2 372 380.3 389.7 394.6 399 405.6 415.4 425.1 429.3 430.6 430.8 431.7 431.7 434 436.6 440.1 442 442.1 442 443.8 444.4 444.6 444.8 445.1 446.3 447.5 446.9 446.5 444.2 441.7 439.4 437.8 434.3 431 425.8 419.9 416.5 413.6 411.2 409.7 406.4 400.2 399.8 394.5 388.2 387.5 386 384.6 382.2 380.2 377.2 372.5 366.3 356.4 346.8 336.9 330.2 320 336.6 348.1 361.4 370.6 379.3 384.3 393.2 393.4 378.5 369.5
390.5 390 389.2 386.8 384 380.8 378.3 359.2 350 361.3 374.7 384.9 390.9 397.1 403.8 413.8 424.4 432 434.8 435.4 435 435.3 436.6 438.5 441.7 447.4 448.7 448.5 448.6 450.7 452.7 453 451.8 451.6 452.3 453.3 452.7 452.4 450.8 448.2 445.5 443.2 441 437.4 432.4 425.4 420.1 416.9 414.6 413.1 410 405.7 402.1 395.5 391.4 388.3 385.9 383.6 382.3 381.4 379.5 372.9 362.9 352.3 339.4 333.2 326.3 326.1 343 353.3 358.7 369.9 381.1 379.6 389.3 380.8 390.1 391.3
