ny/ny07_OST50GRID_20230518/NY07.asc
ncols 200
nrows 200
xllcorner 300000
yllcorner 570000
cellsize 50
[rows 74 to 110 of 200, columns 83 to 165 of 200]
52.4 53.7 53.5 52.3 52.6 54.6 58.4 63.8 69.1 74.5 80.3 82.6 83.8 87.1 88.6 87.8 86.8 88 90.9 95.4 102.3 106.8 116.3 121.3 121.7 122.8 125.2 129.6 131.8 135.7 140.1 146.4 150.8 155.3 161.2 166.2 170.1 171 170.1 171.9 177.1 181.2 185.2 193.6 199.4 205.6 210 213.4 219 224.5 226.2 224.9 219.3 214.5 208.7 202.3 200 201.9 202.1 201.2 205.8 213 222.4 229.5 234.9 239 237.4 236.3 233.7 230.2 223.4 216.4 212 209.1 211.5 211.1 214.5 209.9 202.1 182.4 173.4 169.6 166.8
52.3 53 52.3 53 52.8 54.2 57 62.9 68.1 73.1 78.6 81.1 83.1 86.6 88.1 89.1 86.6 87.4 89.8 93.1 99.2 106.2 118.1 124.2 121.8 121.7 121.8 124 127.6 130.7 135.2 141.2 145.5 150.5 156.9 161.7 166.6 167.8 166.9 167.9 172.9 177 181.5 188.7 195.6 201 204.9 209 215 220.8 223.7 224.5 219.5 215.3 210.7 203.3 199.9 202.9 206.2 203.6 204.4 211.1 219.8 226.7 231.5 236.2 234.5 234 239.1 233.1 224.1 217.9 211.5 207.7 207.7 205.8 210 207 199.7 179.9 175 169.7 166.2
53.5 52.7 52.7 55.1 55.2 53.8 55.6 60.9 66 70.9 75.9 79.3 81.8 84.3 86.8 88.8 85.6 86.1 87.4 90.7 94.7 101.4 112.8 121.5 124.1 119.4 120.1 119.1 123.5 126 130.3 135.9 140.9 146.2 152.8 158.8 162.6 165.6 164.1 164.1 169 173.4 178 184.1 190.6 196.4 200.3 204.5 210.5 216.9 220.9 222 217.8 213.6 210.4 202.3 200.3 201.7 204.9 203.4 202.1 208.5 217 224.1 229.3 233.3 232.2 236.3 241.6 235.1 222.1 214.7 210.5 206.5 205 202.3 203.9 201.4 193.7 178.1 171.7 165.8 162.7
54.1 52.3 52.9 54.5 55.2 54.4 56.4 60 64.2 69.4 74.2 77.9 80 81 84.5 87.3 86 85.8 87 90.7 93 96.7 104.9 114.1 120.3 118.9 117.8 116.8 119.6 121.7 125.5 131.8 138 143.3 148.9 155.1 158.5 161.5 161.3 160.7 164.5 169.8 174.6 180.8 187.4 192.8 196.8 200.9 205.4 212.7 217.1 218.2 215.9 212.6 209.2 202.6 198.4 200.5 202.9 202.6 201.3 206.7 214.4 222 226.9 230.3 232.3 236.8 236.7 231.3 218.8 209.7 205.5 202 200.4 197 197.3 195 188.1 172 167.5 165.1 161.4
52.4 52 53.2 54 55.7 56.1 56.3 58.8 62.6 67.2 71.4 75.5 77.8 79.3 83.8 86.4 86.4 85.3 86.7 89.8 91.1 93.5 97.2 108.8 114.7 117.5 115.3 114.3 116.5 118.5 122 128.2 134.5 139.8 145.5 151.4 154.8 158.6 160 158 160.5 164.4 172 179.6 185.9 190.6 194.5 198.3 204.3 210.4 213.8 215.4 213.7 210.7 208.2 203.7 198.4 199.2 201.3 201.2 200.8 204.9 211.7 219.8 224.8 229.3 231.5 232.8 231.2 226.6 214.3 205.8 201 197.7 194.8 193 192.6 189.7 182.3 170.8 165.1 162.7 158.2
50.8 52.8 52.8 53.2 55.1 56.3 55.3 57.4 60.1 64.7 69.1 73.4 76.6 80.5 82.4 83.1 85.1 84.6 86.4 87.2 90 91.4 94.8 102 109.9 112.9 114.3 112.7 113.6 115.8 119.7 125.6 132.7 137.4 142.9 147.7 151.6 155.9 158.8 156.2 157.7 161.2 168.3 177.2 183.4 188.1 192.6 197.9 203.7 209.2 211.9 212.8 212 208.2 206.4 202 198 197.2 199.1 199.9 200.8 203.4 210 218 222.7 228.9 230.3 228.3 226 221.9 210.1 202 197.5 194.2 191.6 188.8 188.5 183.9 176.7 165.8 161.1 158.9 155.7
50.5 50.2 52.5 54 53.9 55.1 54.9 56.3 59.1 62.2 64.8 70.2 74.5 78.3 79.4 79.1 79.8 84.9 84.9 86 88.5 91.4 93 96.9 104.9 110.3 111.5 111.7 110.3 113.6 119.2 124.9 130 134.7 140.1 145.2 149 154.1 157.7 154.4 155.4 160 167.4 177.8 182.9 186.7 190.8 195.3 200.5 205.9 208.8 210.3 209.3 206.9 205.2 202.2 196.4 196.5 197.8 198.7 199.7 203.1 208.5 215 222.7 228.8 229.6 224.8 221.3 216.4 209.3 198.5 194.2 191.9 189.2 184.5 184.7 180.6 172.3 161.1 157.2 155.2 152.8
49.7 49.4 51.9 54.1 53.9 53.8 54.3 55.4 57.8 59.5 62.5 67.5 71.8 74.3 77.6 77.7 78.8 83.3 84 84.6 88 91.6 93.7 95.9 102.9 106.6 107.5 110.8 109 111 117.3 123 128 132 137.1 142.5 148.8 153.6 156.2 153.7 153.5 158.1 165.3 177 182.3 185.6 189.5 193.2 197.3 201.9 206.8 207.6 207.2 206 204.7 203.6 198.5 196 197.8 199.6 199.7 203.2 208.2 216.3 233.5 230.1 225.8 222.6 219.4 215.1 209 196.7 190.8 189.5 186.5 182 180.9 177.1 169.9 160.7 156.2 154 152.8
49.2 48.8 51.6 53.2 54.5 53.4 54.4 55.5 56.2 57.6 60.8 64.8 68.5 70.7 74.2 78.2 79.4 80.8 83.1 84.4 87.2 90.8 92.9 93.7 100.3 105.2 107.1 107.7 107.5 107.4 114.3 120.3 125.2 129.4 132.9 138.8 147.2 150.9 153 152.8 152 156.3 167 178.4 182.9 185.2 188.4 191.3 195.1 198.8 202.5 204.7 204.4 203.7 202.5 203.2 201.2 197.3 196.5 199.6 199.9 202.9 209.6 220.9 234.5 230.3 226.1 221.9 217.7 214.2 209.2 199.2 189.4 187.2 184.2 180.1 176.9 174.5 168.3 160.6 156.7 153.5 149.9
47.6 48.9 51.6 53.3 53.4 53.4 54 56.1 54.5 56.7 60.2 62 64.1 67.3 70.3 74 78.1 78.8 82.1 84.7 87.2 89.9 91.3 92.5 97.6 103.9 106.3 104.6 104.2 105.4 108.1 114.5 120.9 124.6 129.3 134.1 142.8 145.4 148 151 150.2 155.2 164.9 175.3 181.8 186.4 187.3 189.2 193 196.6 199.5 201.3 201.5 201.4 200.6 200.7 201 196.4 195.3 199.1 199.5 202.3 211.4 222.8 232.3 230.1 228 224.8 220.4 216.4 211.6 200.9 189.5 185.9 183.6 179 175 171.1 167 160.2 157.4 155.1 149.9
48.2 50.7 51.6 52.2 52.9 53.6 55.5 54.7 54.3 55.3 57.5 60 62.1 64.4 67.9 71.8 75.4 77.7 80.8 85.5 86.3 87.9 89.4 90.8 93.3 98.6 104.3 104.6 103.8 104.4 103.3 109.9 114.7 120.9 126.3 130.6 139.1 139.8 145.2 149.4 149.9 155.1 168.4 177.5 183.8 186.5 187.5 187.9 190.8 193.2 195.7 198.5 198.6 199 199 199.5 199.9 196.2 194.7 197.8 198.5 202 212.3 225 230.5 230.6 227.8 226.8 220.4 216.7 212.2 204.1 192.9 186.6 184.3 181.5 176.6 172.9 169.2 164.7 159.4 155.4 151.5
48.7 49.2 50.5 50.3 52.1 54.1 54.9 54.4 54.4 54.6 56.4 58.4 59.9 62.1 65.2 69 73.4 78.4 80.2 82 83.6 85.9 87.4 88.9 90.7 94.1 99.5 102.2 100.7 100.9 101.1 105.5 110.6 117 122.1 127.7 135.6 137.5 142.5 147.6 147.5 159 165.8 174.9 181.5 184 185.7 185.4 187.8 189.5 191.8 195 195.6 196 197.9 197.9 197.9 195.7 194 195.9 197.6 202.4 212.7 223.7 229.3 229.5 228.1 227.7 222.7 217.4 212.4 207.2 197 188.9 186.9 184.6 179.6 175 171.1 166.5 163.6 157.6 153
47.2 48.6 49.3 49.5 51 52 53.6 54.9 54.9 54.4 54.9 57.3 58 59.9 62.3 65.6 70.1 75 78.3 79.5 80.9 83.2 85.4 87 88.7 90.1 94.2 98 98.5 98.7 99.9 101.3 106.3 112.5 119.8 126.9 132.1 134.7 139.6 144.2 144.9 162.8 165.8 171.6 178.9 181.5 183.3 183.2 185 186.5 188.4 191.6 192.7 192.9 195.6 195.9 197.1 194.9 193.5 195 197.1 201.4 211.5 220.8 227.3 227.4 231.5 232.6 226.9 220.6 214.9 208.1 198.7 192.3 190.2 188.1 183 177.6 173 168.2 164.6 160.5 155.4
45.6 47.9 48.2 49.6 51.8 53.1 54.4 55.1 54.5 54.1 54.5 56 55.8 58.2 60.6 64.1 66.7 70.6 75.5 77.7 77.7 79.8 83.1 84.4 85.8 87 89.8 92.9 94.6 95.6 96.7 99.6 105.2 112.2 118 123.6 127.6 131.2 134 136.4 142.9 154.7 163.7 167.3 174.8 179 181.9 180.8 182.1 182.9 185.2 187.7 189.8 190 193 193.5 194.8 194.6 193.3 194.2 196.8 201.8 211 218.7 225 226.7 233.5 234.1 229.8 227 224.1 214.5 203.1 193.8 192.2 190.2 185.1 179.9 173.8 168.8 164.8 159.4 155.1
44.8 47 49.6 51.5 51.1 52.7 53.9 54 54.9 54.3 54 54.2 54.5 56.9 59.3 62.1 64.6 67 70.2 72.6 75.4 78.5 80.5 81.7 83.1 83.9 86.5 89.2 91.2 93.7 95.8 96.7 103 107 114.9 120.7 124 125 131.7 138.3 140.1 147.8 159.4 163.1 170.7 175.9 179.1 178.9 178.8 179.9 180.9 183.6 186.6 186.8 189.3 192.1 193.3 194.3 193.1 194.2 197 200.4 209.8 216.2 222.4 226 230.5 232.9 229.6 230 227.6 220.7 212.1 203.3 193.4 189.7 187.2 180.9 175.1 170.6 166.7 161.7 155.7
43.8 45.5 49.7 49.4 50.1 52.1 52.5 52.9 54 53.7 53.3 53.7 53.6 55.5 57.3 60 61.9 64.1 67.8 70.8 75.9 76.8 78.4 79.6 80.5 81.3 82.9 85 86.8 90.9 93.3 95.1 95.8 99.8 106.4 110 118.1 125.8 131.8 137.1 139.3 142.4 153.7 159.6 165.9 171.9 174.3 175.8 173.7 175.2 177.2 179.9 183.2 184.3 186.1 190.2 192.2 192.6 193.4 194.6 197.5 200.3 207.4 214.3 220.3 222.8 226.5 231.7 228.8 228.8 227.7 221.2 214.3 207.4 200.3 194.6 189.9 184.7 178.6 174.4 168.8 163.9 156.7
44.7 44.1 45.6 48.6 50.5 50.9 51.8 52.3 52.6 52.6 52.1 52.4 53.1 54.5 56.2 57.8 58.9 61.9 65.2 67.6 70.7 74.1 75.5 77.1 77.8 78.5 79.5 81.8 83.1 86.3 90 90.9 95.1 99.9 108.1 115.9 120.4 125.2 130.9 135.2 137.1 138 147 155.4 159.9 165.6 168.8 170.3 170.5 172.1 174 176.3 179.7 181.5 183.7 184.2 190.7 193.8 194 195 198.1 200.8 205.7 211.8 218 221.1 223.8 229 227.8 226.5 227 222.8 217 211.6 207.2 202.4 196.7 190.9 185.3 180.3 173.6 167.6 160.4
42.1 42.4 44 46.1 48.4 50.1 51.4 51.6 51.4 51.3 51.8 52.4 53.3 54.1 55.4 56.3 57 59.4 61.8 64.1 66.4 70.3 73.1 73.3 75.3 76.7 78.6 79.7 81.2 84 88.8 92.4 94.3 97.6 103.6 111.7 119.5 125.7 130.4 132.9 133.9 135.3 143.6 150.1 155.4 159.6 162.8 164.9 165.6 166.2 169.1 172.3 175.7 178 180.6 185.8 192.4 196.9 196.8 196.2 199.1 202.3 204.3 209.7 215.9 218.7 221 226.5 225.9 225 225.1 223.8 221.6 216.8 212.3 209.5 202.4 196.8 191.6 183.5 176.5 170.1 163
39.3 39.1 43.1 45.4 47.6 49 50.9 51.4 50.8 51.5 52 52.5 54.2 54.6 55.1 56.7 56.1 57.5 59.4 61.7 63.9 67.2 70.6 70.8 71.9 73.9 75.9 78 80 82.3 87.3 91.4 91.8 93.5 99.2 108.2 117.8 125.3 130 131 132.2 133.3 137.7 146.7 151.6 155.5 158.6 159.7 160.6 159.6 163.7 167.7 171.6 175.3 179.7 185.1 193.7 200.8 198.3 198 199.8 201.1 203 208.1 213.6 216.6 219.1 223.1 223.2 224.3 227.3 228.3 226.3 222 218.2 216.1 208.1 201.2 196.5 190.8 183 174.3 169
37.4 37.3 40.7 42.7 45.5 48.1 49.9 50 50 49.8 50.2 51.3 54.4 54.6 55.4 55.7 55.5 56.5 57.9 59.7 61.8 64.7 64.8 68 69.8 72 73.7 75.5 77.3 80.5 84.1 91.4 90 92.1 98.3 105.8 115.4 123.6 128.6 130.3 130.4 131.5 133.6 141.5 147.1 151.2 154.3 155 155.8 155.7 159.4 162.6 165.6 173.4 177.3 184.3 194.7 201.1 198.4 197 198.9 199.2 199.9 205.1 211.1 214.3 217.4 219.8 222.3 225.2 232.6 234.7 232.2 228.6 221.8 219.4 212.8 206.4 199.6 193 187 178.2 173.8
36.4 35.6 38.7 43.9 43.8 44.9 46.6 48.6 49.6 50.1 50.6 52.5 54 54.5 54.5 55.4 55.9 55.8 56.7 58.7 60 61.9 62.7 65.7 68.2 70.3 71.5 73.3 74.5 76.6 81 84.8 86.4 93.1 97.1 102.9 113.3 120.5 126.5 128.8 129.1 129.8 131.5 136.2 141.2 145.2 148.9 150.5 151.7 152.2 153.3 159.6 165.8 171.1 175.1 181.8 190 198.6 196.9 195.1 196.4 196.1 197.6 201.3 209 212.3 215 217.8 221.4 232.3 242.1 242.1 237.8 231.8 224.8 220.8 217 210 201.6 195.5 188.9 181.6 177.4
32.3 33.6 36.8 39.1 39.2 41.4 43.9 45.9 46.5 49.7 51.3 52.5 53.5 54.1 54 54.5 56.6 56 55.8 57.6 58.2 59.3 61.4 63.6 66 67.6 68.6 70.2 72.3 75.2 76.8 79.5 84.8 89.4 94.2 102.3 110.2 118.3 125.5 127.4 127.9 128.4 130.1 132.7 135.2 139.4 144.2 147.4 148 147.9 150.7 154.9 161.8 168.5 172.1 177 184.9 191.5 194.4 192.3 193.1 193.2 195.1 198.9 206.1 209.9 212 216 221.6 233.6 240.7 241.8 238.5 230.9 224.5 220.1 216.3 210.5 204.9 198 190.8 184.8 180.8
29.3 30.2 31.9 35.2 36.1 38.5 41.8 44 47.2 48.9 50.4 51.9 52.9 53.9 54.5 55 55.9 55.9 55.4 56.4 56.8 57.4 60.1 62.5 63.8 65 66.4 68.1 70.3 73.6 74.8 76.5 81.4 86.9 91.2 99.3 106.5 114.1 120.7 123.6 126 127 127.7 128.7 131.6 134.7 137.8 143.3 144.7 142.9 147.1 151 157.7 165.4 169.6 174 177.8 183.5 190.5 190.1 189.1 190.3 192.2 197.1 203.4 206.9 210 215 220.9 230.8 235.6 238 235.6 229.5 223.3 218.7 215.7 211.2 205.3 198.6 192.8 187.8 182.5
26.5 26.9 29.3 31.5 32.2 37.1 41.6 44.1 44.9 47.6 49.5 53 53.4 53.8 54.6 55.4 56.4 56.6 56.9 55.5 55.9 56.9 59.4 60.4 61.6 62.9 64.6 66.1 68.4 71.3 72.6 75.4 79.7 84.6 87.9 95.5 102.6 110.7 114.6 120.1 123.5 124.4 121.9 121.1 122.5 129.3 132.6 137.3 141.2 140.6 144.4 148.3 154.1 161.1 165.9 169.9 173.1 177 182.8 186.6 185.5 186.2 190.7 196.1 200.8 204.7 207.7 213.5 218.3 226.1 231.8 234.5 232.6 226.6 222.5 216.5 213.5 211.4 206.2 199.7 194.2 189.8 185.1
24.4 25.1 25.7 28.5 32 35.6 39.2 43.8 43.4 45.2 46.9 51.2 53.4 53.7 54.8 54.8 56.4 55.6 55.9 55.9 56.2 57.1 58.2 58.7 59.6 60.9 62.9 64.4 66.7 69.4 71.8 74.9 79.1 83.3 86.9 95.6 102.6 108 112.8 118.7 122.4 117.7 122.1 128.7 133.9 136.6 133.1 134.4 135.8 139.7 141.4 144.8 149 156.8 161.9 166.1 169.8 172.6 176.2 182.3 182 184.2 189.4 195.4 198.9 202.3 205.7 211.9 216.4 222.1 228.4 232.5 229.3 224.5 222.1 219.7 211.5 210.1 206.6 201 196.3 192.8 192.1
22.8 23.3 24.7 26.9 29.3 32.7 36 39.6 42.3 43.7 45.9 49.8 52.4 53.7 55.5 54.6 55.1 54.7 54.9 55.7 56.1 56.4 57.2 57.7 58.3 59.3 61.2 62.7 65 68.1 70.2 74.2 78 81.9 86.2 91.5 97.5 106.4 105.9 108.6 115 122.1 129.6 139.3 145 150 137.4 134.7 135.6 137.1 138.8 140.8 145.2 153 157.9 162.3 165.2 168.8 172.8 177.5 178.8 182 188 193.2 196.7 199.8 203.6 210.1 216.1 221.5 224.2 229.6 226.4 220.9 218.8 217.1 209.7 206 206.3 201.5 197.9 197 201.3
21.5 22.4 24.2 25.9 28.3 30.7 33.5 37.5 39.9 43 45.5 49.3 50.8 53.6 53.7 54.6 55.6 53.9 54.3 55.2 54.8 54.4 55.1 55.8 57.6 58.5 60.2 62 62.1 66.1 68.6 71.3 74.6 79.6 84.8 87.9 91.2 98.9 108 116.1 121.2 123.3 132.8 140.8 144.5 150.3 143 135 132.8 134.9 136 136.9 142.1 150.2 155.1 158.4 161 164.4 168.6 173.2 176.5 180.1 186.2 190.9 194.4 197.7 201.7 208.5 217.2 218.6 222.3 224.9 223.2 216.3 213.7 213.6 210 202.4 204.5 203 200.1 199.3 207.3
21.6 22.2 22.7 24.8 25.9 28.5 32 36.1 39 41.5 43.8 47.4 50.1 51.9 52.9 53.8 54.2 53.6 53.8 54.4 53.5 53.4 54.7 55.7 56.1 57.3 58.9 60.4 61.1 63.3 65.1 68.2 72.6 77.7 80.9 83.9 90.9 97.7 107.2 114.3 119.1 122.1 126.5 137.5 142.7 147 143.9 136.9 130.6 131.9 133.1 133.5 135.8 145.1 151.3 154.2 158 161.6 166 170.9 173 178.1 183.8 188.8 192.8 196.2 199.4 206.4 215.6 219.2 217.5 220.7 219.6 212.6 210.4 210.3 207.2 199.3 201 201.8 201.2 198 205.6
20.5 21.7 22.8 23.6 24.4 27 31.2 34.8 37.9 39.8 42.3 45.4 48.9 50.9 53 53.6 53.1 53.2 54.6 53.4 52.2 52 54 54.4 54.5 55.8 56.8 57.7 58.8 60.4 63.5 66.5 70.9 74 81.2 85.7 89.5 95.2 104.8 113.1 117.4 120.8 122.2 130.2 139.1 142.8 143.6 138.7 131.7 129.2 130.6 131 131.9 138.3 144.8 149.4 154 159.1 163.9 166.4 169.9 174.9 181.5 186.8 190.4 193.9 196.8 202.4 209.7 214.3 212.9 216.4 215.2 210.4 205.9 206.1 203.2 198.3 197.1 200.1 203 198.9 200.5
19.2 20.5 21.5 22 22.3 25.2 28.9 33 36.4 38.1 40.2 43.3 46.9 51.7 52.5 53.3 53.5 54 55.8 53.5 51.9 51 52.2 53.7 53.2 54.1 55.2 55.9 58.4 60 61.9 65.9 68.4 72 77.4 82.9 89.3 95.6 104 110.9 115.7 118.8 121.1 124 133.2 138 141.2 136.8 133.6 127.1 126.9 128.8 129.4 137.4 142.6 145 149.7 155.3 159.5 163.5 167.7 172.1 178 183.2 186.9 190.6 194.8 197.9 203.4 208.1 209.2 210.8 210.1 203.8 200.8 200.7 198.6 195.3 192.6 196.3 199.3 196.9 195.8
17.9 19.2 20.5 20.2 20.4 22.8 25.9 30.1 33.8 36.3 38.7 41.3 45.4 49 51.1 52.8 53.5 52.5 53.7 51.4 51.2 50.5 49.8 50.3 51 52.6 53.7 54.9 56.8 58.9 61 63.4 65.5 69.4 74 79.8 87.2 95.1 102.3 108.1 114 117.1 119.8 121.1 126.9 132.8 135.4 134.4 131.7 128.6 124.8 126.1 127.5 133.5 137.5 141.3 144.7 148.6 153.2 160.6 165.2 169.8 173.9 179.2 183.1 188.4 192.6 196.5 199.9 203 205 204.5 204.6 199.9 196.5 196.2 193.6 191 188.3 191.6 194.1 194 192.1
17.9 18.7 19.3 19 19.8 21 24.3 27.4 31 34.7 37.2 40.3 43.2 46.5 51 51.9 53 51.2 51.6 51 49.9 49.2 49 49.2 49.6 50.2 51.9 53.7 55.7 57.8 59.6 61.3 63.4 66.2 71.1 76.6 84 92.7 99.4 105 110.6 114.2 117.4 119.5 121.2 128.3 130.6 130.8 129.5 127.1 123.5 123 124.2 127.5 131.8 135.2 142.4 147.1 151.2 157.9 162.9 166.6 171.2 176 180.6 185.9 189.7 193.5 197.4 199.8 201.4 200.5 199.7 196.2 191.8 191.6 189 186.4 184.1 186 190.4 190.7 187.8
18.7 18.4 18.2 18.6 19.9 19.9 22 25.6 29.2 33.2 35.7 38.6 41.4 44.3 47.8 50.7 53.1 53.1 51.2 50.8 49.3 48.6 48.3 48.3 49 49.4 51.1 53 54.5 56.6 58.4 60 61.7 63.4 67.8 73.8 79.7 87.5 95.2 102.8 107.9 113.9 115 117.4 119.1 122.6 127 128.1 127 124.7 122.9 120.2 121.5 124.8 128.2 136.2 141 144.7 150.1 153.7 159.7 163.8 168.9 174.1 179.8 183.9 187.9 190.9 193 195.6 197.3 197.9 195.7 191.4 187.2 185.7 184.5 182 180.6 181.2 185.1 186.9 185.4
20.5 18.1 16.8 18.4 19.4 19.4 20.6 24.6 28.5 31.8 34.2 36.9 39.5 42.2 45.5 49.1 53.8 53.4 49.9 49.1 49 48.4 47.7 48.6 48.9 48.5 50.5 52.3 53.8 55.5 57.3 58.6 59.1 60.9 64.8 69.7 76.2 82.9 90.5 97.8 103.8 108.1 110.8 114.1 118.1 119.1 122.3 125.4 124.7 122.3 120.7 119 120.4 122.5 125.2 132.1 137.9 140.9 145 148.8 156.3 161.3 165.3 171.2 177.5 182.7 186.4 188.2 190 192.1 194 194.6 192.1 187.9 183.5 180.3 179.3 177.9 176.4 176.4 180 182.7 182.6
21.7 19.4 17.5 16 17.9 19.8 21.1 23.4 27.7 30.3 32.4 34.6 37.3 41.1 43.9 48 53.2 52.9 49.6 47.2 48.5 49.3 48.4 47.3 47.4 47.7 49.8 51.6 52.8 53.9 55 56.4 58.5 59.6 62.3 67.3 72.5 79 85.7 93.1 99.2 102.8 106.6 112.1 117 117.3 119.1 122.2 122.3 119.8 117.9 117.4 118.7 119.8 121.6 126.2 132.9 137.4 142 145.4 152.9 158.5 162.1 167.8 174.2 179.8 184.4 186.8 188.2 188.4 190 190.6 188.6 187 183.7 175.6 175.7 173.7 172.9 172.7 175.1 178.8 179.4
19.2 19 17.8 16.2 16.7 19.2 21.5 23.3 25.7 28.1 30.5 33 35.9 39.8 41.8 46.6 52 52.5 50.9 47.6 47.8 48.7 48.8 46.6 46.4 47.1 48.9 50 50.9 52 53.1 54.8 57.1 58.4 60 64.3 69.1 73.9 81.8 88.6 94.5 99 104.4 110.2 114.4 115 117 119.1 119.5 118.1 116.4 116.2 116.5 117.6 120.5 124 129.9 135.6 139.8 143.6 150.5 155.4 159 164.5 171.1 177.4 183.6 185.9 186 186.1 186.2 186.8 186.7 185.3 183.9 175.3 170.6 170.3 169.6 169.5 171.3 175.2 176.2
18.1 18.4 17.5 16.3 15.6 17.6 20.3 22.4 24.2 26.6 29.2 31.6 34.9 38.1 40.1 44.9 48.8 51.2 51.3 49.5 47.8 46.7 46.7 46.1 46.3 46.8 47.4 48.3 49 50.1 51.2 53.1 56 58.3 60.3 62.7 66 69.6 75.9 84.2 90.4 95.2 101.9 107.8 112.1 113.1 115 116.8 116.7 117.1 115.7 115.6 115 116 119.1 123.8 128.2 133.2 136.7 142 147 151.3 155.3 160.5 167.7 174.6 181 183 183.5 183.3 183.2 183.5 183.7 182.3 181.8 183.1 169.6 167.2 166.5 166.9 168.2 171.8 174.5
