ny/ny07_OST50GRID_20230518/NY07.asc
ncols 200
nrows 200
xllcorner 300000
yllcorner 570000
cellsize 50
[rows 74 to 110 of 200, columns 0 to 82 of 200]
14.6 13.5 13.8 14.1 14.4 14.1 13.4 13.2 13.2 13.3 13.5 13.9 13.4 13.1 13 12.9 13.2 13.6 14 14.4 14.7 14.5 14 13.4 12.9 12.8 13.2 13.7 13.3 13.8 14.7 15.9 16.3 16.8 17.2 17.1 16.9 15.7 14.1 13.2 14.7 13.8 10.2 10.5 10.4 10.7 10.8 10.8 10.1 9.8 9.7 9.6 10.3 11 14.4 15.5 17.2 13.8 12.3 18 21.9 24.7 28.4 32.3 36.3 40.7 43 44.5 43.9 43.7 41.6 42.3 40.4 42.2 46.9 49.8 53.4 55.2 57.4 57.6 57.1 54.4 52.6
14.2 13.4 13.4 13.7 13.9 13.7 13.2 12.8 12.8 12.9 13 13.6 13.2 12.5 12.5 12.8 13.2 13.6 14 14.2 14.4 14.4 14.1 13.7 13.2 13.2 13.4 14.2 13.9 14 15.1 15.6 15.8 16.3 16.7 16.5 16.3 15.6 14.7 12.1 13.2 13 10.3 10.6 8.6 10.8 10.9 11 10.7 10.1 10.5 10.6 10.7 10.3 13.5 16 17.3 15.6 12.5 16.7 20.6 23.7 27.9 31.1 35.8 39.8 41.7 42.8 43.5 43.8 41.2 40.1 39 40 42.5 46.3 50.5 53.6 54.9 55.4 57.1 55.8 53.2
14 14.2 13.1 13.3 13.4 13.4 12.9 12.6 12.5 12.6 12.8 13.3 13.5 12.2 12.4 12.7 13.1 13.4 13.7 13.9 14 14.2 13.9 13.4 13 13 13.1 13.6 14.6 14.2 14.9 15.4 15.2 15.6 16 16 15.8 14.9 13.5 10.6 10.8 11.4 13.6 11.7 10.2 10.7 10.9 11 11 10.9 10.8 10.6 10.3 10 10.5 15.5 16.7 15.6 11.9 15.7 18.3 22.3 27.3 29.2 33 37.9 39.2 40.8 41.7 41.8 41.7 40.5 38.7 38 39.5 42.5 48.6 51.2 52.3 53.5 54.6 54.9 53.4
14.8 13.9 13.9 13.2 13.4 13.1 12.5 12.4 12.4 12.6 12.6 12.6 12.9 12.3 12.4 12.7 12.9 13.1 13.3 13.5 13.7 14 13.7 13.2 13 13 13 13 14.2 14.6 14.6 15.2 15 14.9 15.3 15.5 15 13.8 11.6 13.2 13.1 13.2 13.4 12.7 10.4 10.5 10.1 11 11 11.1 11.2 11.1 10.6 10.2 10.2 12.7 18.4 16 12.7 15.4 17.2 21.1 25.8 28.3 32.5 34.9 37.4 38.8 39.8 40.5 40.5 38.1 37.4 36.6 36.1 40 44 47.7 49.7 50.8 52.5 55 54.6
14.3 14.5 14.6 14.5 13.5 12.8 12.4 12.8 13 13.2 13.4 12.7 13.7 14.3 13 12.6 12.6 12.8 13 13.5 14.1 14.9 14.1 13 13 12.9 13 13.9 14.4 14.7 14.9 15 14.8 14.6 14.6 13.9 13.5 13.7 11.6 13.1 14.4 14.6 14.6 13 10.5 8.1 10 10.4 11.1 11.3 11.4 11.6 11 10.7 10.9 11.4 14.9 14.3 12.9 14.3 16 20 24.2 27.4 31.2 34.1 36 36.9 37.8 39.3 38.3 40 37.6 35.3 34.9 36.3 39.7 44.7 46.4 48.3 52 53.9 54.7
12.4 13.9 14.4 14.6 13.7 13.3 13.1 13.4 13.6 13.9 14.1 12.8 13.8 14.4 14.2 12.8 12.7 13 13.6 14.2 14.7 14.7 13.8 13.5 13.2 13.2 14.7 14.7 14.6 14.5 15.2 15.1 15 14.9 15 14.5 14.3 14.1 12.8 13.2 14.5 15.2 15.1 13.2 10 10.6 10.3 10.6 11.1 11.4 11.5 11.7 11.2 11.5 12 12.8 13.5 17.5 12.4 14.9 15.6 19.4 23.2 26 30 32.8 33.7 35.5 36.7 38 38.4 39.7 37.2 34.3 34.1 33.8 36 41.9 45.3 47.2 51.2 52.8 53.2
12.6 13 14.1 14.2 13.7 13.3 13.3 13.1 12.8 12.6 11.9 11.6 12.4 12.5 12.7 13.6 13.7 13.7 13.8 13.6 13.7 14.1 14.4 13 12.3 12.2 13.2 13.2 13.4 14 14.8 15 15 14.9 15 15.1 15.1 15.1 14.9 14.2 15.6 16 15.6 11.6 10.6 10.5 10.6 10.6 11.1 11.5 11.7 11.8 11.2 11.4 11.5 13.1 14.9 21.6 13.6 14.1 14.9 18.2 21.5 25 27.7 30.3 32.6 35.3 36.3 37 37.7 37.6 36.8 33.7 33 33.1 34.1 38.9 43.3 46.6 49.2 51.8 52.3
12.3 12.6 13.9 14.1 13.7 13.4 13.5 13.3 13.2 12.8 11.5 11.4 11.9 12.8 12.8 12.7 13.1 13.6 13.4 13.2 13 13.1 13.8 12.6 11.6 11.9 12.6 13.4 13.2 13.9 14.1 14.4 14.8 14.6 14.6 15.3 15.3 15 14.4 14.3 15.1 14.6 13.4 12.9 10.6 10.8 11.2 11.2 11.1 11.6 11.8 11.4 11.3 11.3 11.1 11.7 15.2 17.4 15 14.7 15.2 16.4 22 23.6 27.2 29.2 32.4 35 36 37.1 36.9 37.2 36.8 35.1 32.4 32.3 32.6 35.1 38.9 44.8 48.3 50.7 51.3
12 12.3 13.7 13.8 13.6 13.6 13.7 13.5 13 12.1 11.4 11.4 11.8 13.5 12.9 12.2 12.8 13.1 12.9 12.7 12.8 13.1 12.9 12.4 11.6 11.7 12.3 13 13.4 13.6 13.9 14.3 14.6 14.3 14.8 15.4 15.5 15.2 14.7 14.1 14.1 15.7 15.6 11.3 10.5 11.8 11.6 11.7 11.7 11.7 11.7 11.5 11.3 11.7 11.6 11 15.8 20.1 17.3 15.4 15.3 16.2 18.4 23 25.7 28.6 31.2 33.2 35.6 36.2 35.3 35 35 33 32 31.8 31.9 32.8 36.6 43.9 47.6 49.2 50.3
11.7 12.3 12.5 12.7 13.9 13.9 13.8 13 12.6 12.2 11.6 11.6 12 12.5 12.7 12.2 12.8 12.5 12.6 12.5 12.7 13.1 12.9 12.9 12.5 12 12.7 13.3 13.3 13.4 13.8 14.2 14.3 14.4 15 15.6 15.8 15.5 15 14.4 13.7 15.1 15.1 11.3 7.7 9 10.5 11.2 12 12.3 12.3 11.5 11.8 11.1 11.1 11.9 17.1 20.5 19.6 16.8 15.6 16.4 19.4 22.6 24.9 27.8 30.7 32.8 34.7 34.6 33.9 35.1 33.2 32.7 32 32.7 32.2 32.1 36.1 42.8 45.9 48.1 48.5
12.5 11.8 12 11.4 11.2 12.1 12.4 12.4 11.7 12.2 13.2 13.2 13.1 11.5 12.2 12.3 12.7 12.1 12.8 13.1 12.6 13 12.8 12.6 12.7 12.5 13.1 13.3 13.3 13.3 13.7 14.1 14 14.6 15.1 15.4 15.7 15.7 15.2 14.1 11.8 14.5 15 11.9 10.4 10.6 10.2 10 10.1 11.1 12.1 13.1 13.3 13.4 13.9 14.2 15 18.8 18.6 20.9 19.2 17.9 19.8 22 24.9 27.9 30.5 32.2 33.3 33 33.9 34 32.9 32.6 33.5 34.1 31.7 32.3 36.2 40.9 44.5 45.8 46
12.3 11.7 12.7 11.5 10.6 11.6 11.9 10.7 10.8 11 11.4 11.6 11.6 11.9 12.6 13 13.9 13.1 12.1 13.4 13.2 13.5 12.9 12.2 12.3 12.8 13.1 13.4 13.2 13.1 13.6 14 14.2 14.6 14.9 15.2 15.6 15.6 15.2 13.8 12.1 13.1 13.4 10.9 10.7 10.7 10.5 10.8 10.6 10.9 12.3 12.2 13 12.6 13.5 14.6 15.7 16.6 17.8 19.4 20.7 22 20.5 21.3 24 27.4 30 31.5 32.7 33.5 33.5 34 33.4 32.9 33.7 32.6 31.5 32.2 37.1 42 44.1 45.1 47.9
12.3 12.8 13 13.2 12.3 11.1 11.4 9.9 10.2 10.6 10.9 11.1 11.1 11.9 11.9 12.7 13.1 12 12.6 13.6 13.8 13.9 13.5 12.5 12.1 12.3 13 13.4 13.2 13.1 13.5 13.9 14.1 14.4 14.7 15.1 15.6 15.6 15.1 13.6 12.1 10.6 10.9 10.4 8.8 10 10.1 10.1 10.9 11.1 13.4 11.8 10.8 9.8 10 13.8 15.7 16.4 17.8 19.8 18.7 18.1 18.2 21.8 25 26.7 27.7 28.7 31 33.4 33.4 34.9 35.6 34.3 32.8 31.7 31.7 32.7 36.1 38.7 39.1 43.7 46.2
12.6 13 13.3 13.4 14.3 12.4 11.8 11.7 11.2 10.6 9 10.6 11 11.9 11.6 11.9 12.2 11.5 11.3 12.4 12.6 13.2 12.8 12.6 13.9 11.2 12.1 12.9 12.9 13.3 13.7 13.9 13.9 14.2 14.5 15.2 15.7 15.6 15 13.7 12.4 11.2 12.7 13.1 11.6 8.8 8.3 9 10.8 13.3 13.9 14.4 10.1 10.7 10.4 15.1 15.7 15.9 16.5 19.4 18 17.5 19.1 21.1 23.7 27 30.4 33.2 33.9 33.4 32.2 30.8 32 34.3 32.8 32.2 32 33.6 35.6 36.3 38.9 43.5 44.1
12.5 12.8 13.2 13.5 14 13.3 12.1 13.3 13 12.2 11.1 11 10.6 11.7 11.3 10.9 11.1 11 11.2 11.1 11.6 12.3 12.5 12.3 11.6 11.6 11.5 12.5 12.1 13.6 13.9 14 13.9 14 14.8 15.3 15.7 15.5 15 14.3 12.8 12.2 13.6 13.5 12.8 10.5 9.4 8.1 11.6 13.4 14.3 14 10.1 11.5 10.1 15.2 15.6 15.5 16.2 17.8 18.8 18.9 19.3 21 22.4 25.9 30 32.3 33.5 34.4 34.3 33.5 33.2 32.2 33.4 32 32 32.4 34.6 34.4 40.1 42.9 42.1
12.5 12.6 12.8 15.8 13.9 13.1 12.2 12.5 13.9 13.5 12.8 12.1 11.1 11.9 12.7 11.1 11 10.8 11 10.9 11.1 12 11.7 12.2 11.4 11.4 11.6 11.8 12 13.2 13.9 14.2 14.7 15.2 15.1 15.2 16 15.2 14.8 15 13.4 13.6 13.7 13.9 13.4 12.6 9.9 7.9 12.8 13.3 14.6 14.1 12 12.3 14.7 15.7 15.2 15 17 18.4 19.1 19.7 19.6 20 21.4 24.4 28 30.1 32.9 35.2 36.4 35.7 34.7 32.1 32.5 32.9 31.5 31.8 33.4 34 37.8 39.6 41.2
12.4 12.5 12.7 13.4 14 13.1 12.6 12.7 13.1 17.3 13.4 13.2 12.1 11.9 12.4 12.5 11.9 11.7 11.2 9.7 10.7 11 10.8 11.9 11.5 11.5 12 12.3 12.4 13.6 14.5 15.9 16 14 15.4 16 15.1 14.2 14.3 14.2 13.3 13.5 13.7 13.9 13.9 13.2 11.6 8.8 7.4 12.4 13.4 13.2 12.3 11.2 13.6 14.2 14.8 15.8 17.7 18.9 19.4 19.7 19.9 19.7 20.4 23 25.6 28 31.9 35.5 36.9 37.4 37.2 33.2 33.3 32.5 31.4 30.3 31.1 31.5 36 38 40.9
12.4 12.5 12.6 13 12.9 13.2 13 12.9 13 12.8 12.4 12.8 12.5 12.4 12.7 12.9 12.9 12.9 12.4 11.7 11.5 10.6 10.3 11.6 11.8 11.7 12.2 12.7 12.5 14.5 16 15.9 14.5 14.2 14.5 13.2 14.7 13.7 13.9 13.6 13.3 13.5 13.7 13.9 13.6 13.6 12.9 10.9 9.8 7.6 9.1 10.5 10.3 10.5 11.7 12.5 12.8 14.8 16.9 19.6 19.8 19.7 19.8 19.2 19.7 21.5 23.8 27.2 31.4 34.2 36.5 36.8 37.1 35.3 32.8 31.3 30.1 29.2 29.4 31.1 32.8 35.6 40.3
12.3 12.5 12.6 12.7 13 13.3 13.3 14.8 13.2 12.9 13.1 13 12.9 12.7 13 13 12.8 12.5 12.2 12 11.2 9.8 9 11.2 12.4 11.9 12.3 12.5 12.8 13.7 14.8 14.5 13.7 13.8 13.9 14.5 14.2 13.1 13.3 13.5 13.2 13.4 13.7 13.9 13 13.5 13 11.4 9.5 7.6 8.2 10 10 10.3 10.5 11 11.6 13.1 16 19.1 20 19.9 19.9 19.7 19.1 20.5 23 26.7 29.7 32.2 35.4 36.8 36.8 36.4 33.3 31.5 30.3 28.3 29.1 31.6 30.9 33.9 37.1
12.3 12.4 12.5 12.8 13.4 15.4 16.2 12.7 12.6 12.7 12.8 12.9 13 13.1 12.9 12.6 12.4 12.1 11.9 11.6 11 9.7 8.9 10.4 12.3 12.3 12.3 12.3 12.3 12.6 12.7 13 13.3 14.5 14.3 14.5 13.6 13.3 13.3 13.1 13.2 13.4 13.6 13.6 12.5 11.7 12.8 10.3 7.5 7.7 8.5 9.5 9.7 10 10.2 10.6 11.2 14.5 18 20.1 20 20.1 20 19.7 19.1 19.4 22.2 25.5 27.6 31.2 33.8 36.3 36.5 35.7 33.5 32.5 30.1 27.5 28.3 30.7 29.4 32.2 33.9
12.2 12.3 12.7 13.7 14.2 14.6 14.6 12.5 12.6 12.7 12.8 12.9 13 13 12.8 12.4 12.1 11.9 11.6 11.4 11.1 10.2 8.7 10.3 11.9 11.9 11.7 11.6 11.8 12.3 11.1 10.9 12.2 14.6 15.2 14.1 13.3 13.6 13.7 13.4 13.1 13.1 13.4 13.1 12.3 11.3 11.6 8 7.8 8.2 8.7 9.5 9.5 9.7 9.9 10.3 11.2 14.4 17.3 18.8 20 20.1 20 19.8 19.1 18.7 20.3 22.7 25.4 27.8 31.4 34.9 35.5 35.1 33.4 32.9 31.1 27.6 27.2 29.2 27.7 29.1 31.8
12.4 12.3 12.3 12.4 12.8 13.3 13 12.5 12.5 12.6 12.7 12.8 12.8 12.8 12.8 12.5 12 11.6 11.3 11.1 10.8 10.4 9.2 9.4 10.4 11.1 11.8 12.4 12.9 12.8 12.1 10.9 12.3 14.4 14.5 13.2 13.3 13.4 13.3 13.3 13.1 13.4 13.2 13.3 12.4 9.4 9.3 7.6 8.2 8.7 9 9.6 10.4 9.4 9.7 10.4 11.3 11.6 15.6 14.6 19.6 19.8 19.9 19.7 18.9 18.2 19.4 21.2 23.1 25.5 30.1 32.4 33.8 33.7 34.8 33.8 32.5 29.9 25.5 26.1 26.6 26.4 30.3
12.6 12.6 12.5 12.5 12.4 12.5 12.5 12.4 12.4 12.5 12.6 12.6 12.7 12.7 12.7 12.6 12.1 11.7 11.3 10.9 10.5 10.2 9.3 9.1 9.7 10.6 11.2 11.8 12.3 12.4 12.5 12 12.1 13.3 13.5 13.1 13 12.9 12.8 13.2 12.7 12.6 12.4 12.8 12.3 10.4 7.6 7.6 8.2 8.9 9.5 10.4 11.1 9.5 9.6 10.1 10.6 12.9 15.9 12.9 19.6 19.6 19.6 19 18.6 18 18.5 20.2 22 25.3 28.3 30.1 31.6 33.1 34.7 34.5 33.4 29.8 26.3 24.1 25 25.5 27.8
12.5 12.5 12.4 12.4 12.4 12.4 12.4 12.3 12.3 12.4 12.5 12.5 12.5 12.5 12.5 12.5 12.3 11.8 11.4 11 10.9 10.5 10 8.9 9.2 10.2 10.8 11.3 11.6 11.8 11.7 11.6 12 12.4 12.8 12.7 12.5 12.4 12.2 12.6 12.1 11.8 12.5 12.5 11.4 11.4 12.6 7.8 9 9.6 9.8 11.2 11.4 9.8 9.6 9.9 10.5 12.6 15.4 12.8 17.7 19.5 19.1 18.6 18.8 18.5 18.4 19.8 21.5 24.2 26.1 27.4 30.2 31.7 33.4 34.5 33.8 31 26.7 23.5 23.4 24.4 25.2
12.3 12.1 12.1 12.1 12.1 12.2 12.2 12.2 12.2 12.3 12.3 12.3 12.3 12.3 12.3 12.4 12.4 12 11.5 11.8 11.4 11.1 10.7 9.5 8.8 9.7 10.2 10.6 10.9 11.2 11.1 11.5 11.9 12.2 12.5 12.6 12.2 11.9 11.7 12 10.9 11.5 12.8 12.8 11.8 10 8.3 11 9.7 9.7 10.5 12.3 11 10.2 9.4 10.1 12.8 13.4 13.8 12.2 15.2 18.6 18.7 18.3 18.7 18.1 18.3 20.3 20.3 22.5 25.2 26.7 28.5 28.8 31.7 34.1 33.8 31.1 27.3 24.3 22.4 22.4 23.5
12.2 11.8 11.8 11.8 12 12 12 12.1 12.1 12.1 12.1 12.2 12.2 12.2 12.2 12.2 12.2 12.1 12.2 12.3 12 11.6 11.3 10.2 9.7 8.6 9.9 10.1 10.4 10.6 10.9 11.2 11.5 11.8 12.2 12.5 12.7 12.3 12 11.1 10.2 11.2 12.1 12.3 9.6 8.8 7.7 8 9.3 11.3 11.5 12.1 11 10 9.9 10.5 12.4 14.3 11.7 12.1 12.4 14.1 18.1 18.4 17.1 17.1 18.1 20 20 21.4 23.1 24.1 25.5 26.3 29.8 32.4 33.1 31.7 27.8 24.8 22.3 21.3 22.1
12 11.7 11.5 11.6 11.9 11.8 11.9 11.9 12 12 12 12 12 12 12 12.1 12.2 12.2 12.3 12.3 12.3 12.2 11.8 11 10.2 10.2 9.5 9.4 9.8 10.3 10.4 10.8 11.2 11.5 11.8 12.1 12.4 12.7 12.2 11.1 10.1 9.7 10.5 11 9.1 8.3 7.2 7.4 8.6 10.6 13.2 12.7 11.5 10.1 10.5 11 13.6 13.7 11.9 12.1 12.4 12.6 14.5 15.8 15 15.9 17.8 19 20.2 20.1 21.1 21.6 22.9 24.2 26.8 29.7 30.7 30.7 28.3 24.9 22.2 20.8 20.8
11.8 11.5 11.2 11.9 11.6 11.6 11.7 11.8 11.8 11.9 11.9 11.9 12 12 12.1 12.2 12.3 12.3 12.3 12.4 12.3 12.3 12.2 11.9 10.6 9.4 8.5 9 10.2 10.1 9.8 10.2 10.6 11 11.3 11.6 11.8 12.1 11.3 10.3 10.1 9.4 9.3 10 9 8.4 7.6 7.3 9.7 11.3 12.1 15.4 11.9 10.6 12.6 16.9 18.6 14.6 11.8 12.1 12.4 12.6 13 13.9 14.5 16.3 17.3 18 18.9 19.1 18.5 19.1 20.4 23.2 25.7 27.8 28.8 28.9 27.4 25.6 23.1 20.8 20.8
11.5 11.2 11.3 11.3 11.3 11.4 11.5 11.6 11.7 11.7 11.7 11.8 11.9 12 12.1 12.2 12.3 12.3 12.4 12.4 12.4 12.3 12.3 12.2 11.2 10.4 9.9 8.7 9.1 9.8 9.4 9.6 10 10.3 10.4 10.6 10.8 11.9 10.6 9.8 9.5 9.2 8.8 9.1 8.9 8.6 8.4 7.3 10.9 11.4 12.2 12.2 12.2 13.2 16.2 17.3 16.6 14.6 12.1 12.4 12.6 12.9 12.5 13.8 14 15.9 17.9 18.6 18.7 19.1 18.7 19.8 20.6 22.4 24.3 25.4 26.7 26.6 26.5 25.3 23.1 20.8 19.2
11.4 11.1 11 11 11.1 11.2 11.3 11.4 11.5 11.5 11.6 11.8 11.9 12 12.1 12.2 12.2 12.3 12.4 12.4 12.4 12.3 12.2 12.2 12 11.5 10.9 9.9 8.8 9.6 9.1 9 9.4 9.5 9.4 9.6 9.6 10.1 10.8 9.4 9.5 9 8.6 8.6 7.9 7.6 7.2 10.7 11.5 11.3 11.8 12.5 13.2 13.4 13.1 15.1 14.1 13 11.6 13.1 13.5 12.9 12.4 13.8 14.5 16.8 18.6 18.7 18.6 18.8 19.2 19 19.4 20.7 22 23 23.7 25.5 26.7 26.1 23.6 20.4 19.2
12.3 11.8 10.8 10.7 10.8 10.9 11.1 11.2 11.3 11.4 11.6 11.8 11.9 12 12.1 12.2 12.2 12.3 12.3 12.4 12.4 12.2 12.1 12 11.9 11.6 11.1 10.1 9.9 10.1 8.5 8.5 8.6 8.7 8.6 9.5 8.4 8.3 8.4 8.6 8.1 8.6 7.7 7.5 7.4 7.8 9.4 10.4 11.2 10.9 11.4 12.1 12.9 14.4 12.6 12.6 12.5 11.7 11.3 12.3 13.4 13.3 13 14.2 16.5 18 18.7 18.7 18.2 17.8 17.6 18.2 18.3 18.7 20.4 20.9 21.9 23.4 23.9 26.3 25.3 21.2 19.1
13.6 11.8 10.7 10.5 10.5 10.6 10.8 11 11.2 11.4 11.6 11.7 11.9 12 12.1 12.1 12.2 12.3 12.3 12.4 12.4 12.2 12 11.9 11.8 11.6 11.3 11.1 11.1 11 10.5 9.5 9.2 9.4 9.7 10.5 8.7 8.7 10.4 11.6 10.8 10.5 9.9 9.2 8.2 7.3 8.7 10 10.6 10.2 11.5 12.4 13.3 14.2 14.1 12.6 12.7 13.1 12.5 11.8 12.6 12.7 12.6 12.7 16 17 18.7 18.5 17.7 17.5 16.7 16.2 17.2 17.3 17.8 18.2 19 19.9 20.9 22.3 23.4 23.1 20.5
13.4 11.9 10.5 10.5 10.3 10.4 10.5 10.9 11.1 11.4 11.6 11.7 11.9 12 12.1 12.1 12.2 12.2 12.3 12.3 12.3 12.1 12 11.9 11.7 11.5 11.3 11.1 10.9 10.9 11 10.9 10.4 10 10.1 10.3 10.5 10.4 11.6 11.9 12.1 12.1 11.5 10.2 9.3 8.1 7.8 9.1 9.7 9.8 10.3 11.5 12.5 12.8 12.9 13.1 12.9 13.2 11.7 11.7 12 12.1 11.9 13.9 14.1 15 17.3 17.5 17.2 17.2 17.5 15.7 16 16.6 17.5 18.1 17 17.7 18.9 19.4 20.8 22.4 21.7
12.3 11.5 10.4 10.5 10.1 10.1 10.4 10.8 11 11.3 11.5 11.7 11.9 12 12 12.1 12.1 12.2 12.2 12.2 12.2 12.1 11.9 11.8 11.6 11.4 11.1 10.8 10.7 10.8 10.8 11 10.8 10.4 10.6 10.8 11 11.2 11.4 11.9 12.4 12.6 11.9 10.6 9.4 8.3 7.3 7.3 8.2 9.4 9.8 10.1 9.9 9.8 9.9 10.2 10.9 10.5 10.6 10.5 11.1 11.2 11.8 13.7 13.2 13.6 13.8 14.8 14.5 16.1 16.8 16.2 15.5 16.3 17.5 18 18.4 18.2 17.3 18 19.2 20.8 20.8
12.2 10.7 10.3 10 9.9 10.1 10.4 10.7 10.9 11.2 11.4 11.6 11.9 11.9 12 12 12.1 12.1 12.2 12.1 12.1 12 11.8 11.7 11.5 11.3 10.9 10.6 10.5 10.7 10.8 11 11.1 10.9 11.1 11.4 11.6 11.8 11.9 11.7 11.5 11.7 11.3 11 9.9 8.5 7.3 7.6 9.3 9.8 9.6 9.9 10.1 9.8 10.1 10.4 10.6 10.8 11 10.7 12 10.8 11.4 11.8 12.2 11.7 12 14 14.2 14.5 15.5 15.5 15.1 16.1 17.6 18.1 19.2 18.9 17.7 17.4 17.9 19.3 20.4
12.1 11 10.6 10.1 9.5 10.1 10.5 10.6 10.9 11.2 11.5 11.7 11.8 11.8 11.9 12 12 12.1 12.1 12 12 11.9 11.8 11.6 11.5 11.2 10.8 10.4 10.4 10.6 10.9 11.1 11.3 11.5 11.7 12 12.2 12.3 12 11.6 11.3 11 10.9 11.1 9.7 8.3 6.8 7.7 8.6 9.9 10.5 10.1 10.7 11.9 11.6 11 11.1 10.8 11.4 11.6 11.9 13 12 13.5 12 12.1 11.4 12.4 13.5 13.5 14.4 14.5 15.9 16.7 17.2 17.7 18.5 20 19.5 17.5 17.7 18.3 18.9
12.8 11.4 11.2 10.5 9.6 9.3 9.4 10.2 10.5 11 11.5 11.6 11.7 11.7 11.8 11.9 12 12 12 11.9 11.9 11.8 11.7 11.6 11.4 11 10.6 10.6 11.2 11.4 11.6 11.8 12.1 12.4 12.6 12.7 12.4 12.2 12 11.7 11.4 11 11 11 10.4 8.7 7.1 6.6 7.4 8.6 11 11.2 11.7 12.1 12.5 12.3 11.7 12 12.6 13.2 13.6 13.6 13.2 13.5 14.8 13.2 13.3 12.3 12.7 14.1 15.1 16.1 17 17 16.9 17.3 17.7 19.3 19.7 20.2 19.3 17.8 17.9
