ny/ny07_OST50GRID_20230518/NY07.asc
ncols 200
nrows 200
xllcorner 300000
yllcorner 570000
cellsize 50
[rows 111 to 147 of 200, columns 83 to 165 of 200]
19.1 18.2 17.5 16.1 15.8 17.3 20.9 22.7 23.6 25 27.7 30.1 32.4 36.6 37.8 40 44.8 48.4 49.2 49.5 48 45.7 45.3 45.6 46.1 46.5 46.8 47.2 47.5 48.5 49.7 52.2 55.4 58.3 59 59.5 62.1 66.6 73 80.5 88.8 94.3 98.9 104.4 109.3 111 114 114.3 114.7 115.8 115 113.5 112.8 114.2 116.2 120.8 125.3 129.6 134.2 137.7 143.9 147.7 150.6 156.4 163.5 171 177.6 179.5 180.7 180.4 180.2 180.6 180.3 179.1 179 181.9 176 165.5 164.8 165 165.5 169 172
18.3 18.1 19 16 15.4 16.9 21.3 24 23.8 24.3 25.6 28.3 31.5 34.1 36.2 39.3 42.2 45.8 48.1 50 49.1 45.8 44.8 45.4 46 46.5 46.8 47.1 47.5 48 49.8 52.3 55.1 56.9 56.7 57.4 60.3 65.1 70.8 76.7 84.9 92.8 96.9 100.3 104.5 108.8 112.2 112.3 111.8 112.6 112.9 111.2 111.4 113.4 115.3 118.5 122.9 127.2 131.4 135.7 140 143.2 146.5 151.9 158.3 166.1 172 176.4 177.5 177.6 177.2 177.4 177 176.5 176.6 176.5 173.8 166 163.4 163.5 163.7 166 169.8
17.8 17.7 19.4 16.8 15.2 14.6 19.3 22.4 23.9 24.3 24 26.3 30.4 33.2 34.4 37.6 40.1 43.9 47.3 49.6 50.6 47.6 46.2 45.9 45.8 46.3 46.7 47.1 47.6 48.1 49.5 50.8 53.1 53.9 55.7 57.2 58.4 62.3 66.4 71.5 79.1 89 93.4 95.3 99.7 105.4 109.9 110.1 108.8 109.3 110.6 109.7 110.7 112.8 114.6 117.5 121.5 125.8 131 135.9 135.5 139.9 140.9 146.8 154 161.9 167.3 172.4 174.8 174.7 174 174 174.4 173.9 173.5 172.8 171 165.8 162.6 162.1 162.6 164 167.5
18.3 18.6 17.3 16.7 16.1 14.4 17 21.6 23 23.5 23.1 24.3 28.2 32.1 33.2 35 37.9 41.2 45.1 48.6 50.8 49.4 48.3 47.7 47.1 46.4 46.7 47.4 47.9 48.2 48.5 49.6 50.9 52.7 55.5 56.3 57.2 60.5 62.8 66.6 73.2 82 88.8 93 95.8 100.3 104.1 106.8 106.9 107.8 108.4 108.9 110 112.2 113.8 116.3 120.4 124.4 129.4 136 136.2 136.3 139.4 141 145.1 156.5 162.9 168.5 171.7 171.7 170.9 170.9 171.8 171.2 170.6 170 169.3 164.3 161.9 161.1 161.4 162.5 165.5
18.6 18.3 18.1 17.5 16.1 15.3 15.8 20.2 22 22.8 22.6 23.1 26 30.9 32 34.1 36.4 39.2 43.2 47 49.7 50.7 47.3 46.2 45.6 45.3 46.2 47.5 48 48.3 49.2 50 51.9 53.5 54.7 57.2 56.3 58.4 60.2 65.2 70.5 77.2 83.7 89.1 92.9 95.6 98.5 102.8 105.3 105.7 105.4 105.2 109.5 112.1 113.3 115.8 119 123.1 128.3 134.3 136 134.6 136.9 139 140.1 148.7 157 164.2 168 169.2 168.6 168.3 168.6 168.6 167.8 167.1 166.9 163.8 161.1 160.2 160.2 162.2 164.3
18.7 18.6 18.6 18.5 17.2 15.7 14.2 18.2 21.7 22.2 22.3 22.9 24.5 28.5 31.1 33.3 34.9 36.8 40 44.8 49.3 51.5 49.5 44.9 44.1 44.6 46.7 47.4 48.1 49.2 50.5 51.2 51.9 53 53.3 55.9 55.2 55.5 58.7 63.6 68.8 73.3 79 84.7 89.1 92.4 94.6 98.9 103.1 102.5 102.2 104 107.8 110.3 113.5 115.9 118.2 122.4 127.2 132.8 134.6 134.4 132.7 133.5 136.8 147.1 154.5 159.6 165.1 166.7 166.3 165.7 165.7 165.8 165.9 165 164.6 162.4 161 159.5 159.4 160.7 161.9
18.3 18.5 18.4 18.4 17.8 16.4 14.9 15.5 18.4 20.6 22.6 22.6 24.3 26.8 30.1 32.5 33.8 35.4 36.7 42.1 48.6 49.9 47.5 44.3 45.1 45.6 46.5 47.3 48 50.4 50.2 50.1 50 51 51.6 52.4 54.2 54.6 58 61.1 64.4 68.2 73.6 80.1 84.5 88.2 91.3 94 97.9 98.4 101.7 102.9 106.2 110.2 113.3 115.9 118.4 121.6 126.4 131.6 133.1 133.2 133.2 128.6 134.7 145.2 151.7 156.7 161.7 163.3 164.3 163.5 163.2 163.5 163.7 163.7 163 162.3 161.1 159.6 158.9 158.9 160.3
17.4 18.4 18.4 18.2 18 16.4 15.1 13.9 17 21 22.1 22.5 24.6 25.9 28.2 30.3 32 33.2 34.4 38.6 41.4 39.5 45.6 50 48.3 46.2 46.6 47.1 47.9 49.6 49.9 49.6 49.5 51.7 50.8 51.4 53.3 54.6 56.5 58.3 60.9 65.5 70.5 75.1 79.5 83.3 87.5 89.6 93.8 97.7 101.1 101.8 105.2 109.7 112.7 115.1 117.5 120.6 125 129.5 131.9 131.6 130.7 127.8 131.5 139.7 147.9 154.1 157.5 160.1 162.4 161.9 161.7 161.5 162.2 162.3 162.7 162.1 161.4 160.2 159 158.8 159.4
16.3 17.9 18.3 18.4 18 16.5 15 14.2 16.9 19.3 21.5 22.5 23.7 24.9 26.2 27.5 29.2 29.6 32.6 35.9 39.1 47.3 50.2 52.3 50.7 49 48.5 47.4 47.3 49.9 52.6 52.1 50.9 51.5 51.2 50.9 52.6 52.9 53.8 55.4 58.5 62.3 66.5 70.7 75.1 80 84.7 84.9 88.5 94 98.9 101.4 104.9 108.4 109.5 112.3 115.3 118.8 123.2 127.5 130.5 129.1 128.3 127.5 124.5 132.6 141.5 149.2 154.2 157.3 159.9 160.4 160.2 159.5 160.3 161.4 162.2 162 161.3 161.7 160.1 158.7 158.8
15.6 16.5 17.5 18.1 18 17 16.2 14.5 15.2 17.4 19.7 21.6 22.5 23.7 24.7 24.7 24.3 29.3 33.4 36.9 42.2 46.5 50 51.6 51.1 50.4 49.1 47.6 47.9 49.7 52.5 52.9 52.5 52.4 51.5 50.3 51.8 51.6 53.2 56 58 60.2 63.4 66.8 71.4 75.7 79.4 83.7 87.4 92.3 97.4 100.6 103.9 106.3 108 110.5 113.8 117.3 120.9 124.9 129 127.7 125.7 125.1 122.9 127.5 134.5 140.9 148.4 151.5 156.3 157.9 158 157.2 157.9 159.4 161.2 161.6 161.6 162.2 161.1 159 159
15.3 15.9 16.3 17.1 17.5 17 17.6 15.8 13.8 15.6 17.6 19.5 21.3 21.5 21.2 24.5 26.8 29 31.6 35.6 40.1 45 47.9 49.9 51 52.2 51.2 49.1 48.7 49.6 51.9 53.7 53.2 54.1 53.8 51.5 50.8 51 54.1 54.4 56.1 59 62 65 68.8 71.2 76 81.9 85.4 90.4 95.3 99.7 103 104.7 107 109.4 112.3 115.8 118.5 122 125.8 126 124 122.8 121.1 123.3 129.4 134.4 141.7 148.3 152.5 155 155.1 155.1 156.3 157.7 159.8 161.1 162 162.8 162.1 159.7 159.2
15 15.4 15.9 16.6 17.1 17.1 17.4 15.8 14.7 14.9 16 17.6 19.2 20.5 21.9 24.2 26 28.5 30.8 34.3 38 43.1 45.9 48.3 50.7 53.6 53.1 51.5 50.3 50.4 51.1 53.1 53.5 54.9 55.8 53.5 50.5 50.8 54.3 55.1 54.3 56.7 59.7 62.8 64.4 66.7 71.5 78.5 83.1 88.6 94.1 98.3 101 103.7 106.1 108.5 111.4 114.4 116.8 119.4 122.5 123.4 122.3 120.3 119.1 120.5 124.6 128 136.6 144.8 149 152 152.8 152.7 154 156.3 157.8 160.8 162.4 163.5 163.8 161.6 159.5
14.6 15.2 15.9 16.6 16.9 17.1 17.5 16.9 15.9 14.2 15.1 16.7 18.5 20 22 23.9 25.7 28.5 29.3 32.4 35.8 41 43.7 46 49.7 52.3 53.6 53.4 52.8 51.2 50.2 51.4 54.7 55.2 56.3 54.8 51.4 49.9 51.1 51.4 52.4 54.9 57.3 59.8 61.8 65.9 69 75.2 81.4 85.5 91.2 96.1 100 102.6 105.1 107.9 110.9 113.8 115.7 118.2 120.2 120.9 120.4 119 117.3 117 119.4 122.2 127.7 136.3 142.8 148 149.4 148.4 149.5 154.4 159.7 161.3 162.4 163.3 163.4 163.4 161.2
14.5 15.2 16 16.6 16.6 17 17.5 17.4 16.9 14.4 14.8 15.8 17.5 19.5 21.6 23.3 24.8 26.6 28.5 30.6 33.9 37.5 41.5 44.6 48.4 50.8 53.5 56.7 55.4 52.5 51 51.3 54.9 55.9 56.4 55.9 53.8 50.1 49.7 50.1 51.3 53.7 55.9 57.3 59.8 63.5 66.5 72.2 78.2 82.8 88.1 92.8 96.8 101.7 105.2 108.1 110.5 113.2 115.3 116.9 118.3 119.8 118.2 116.4 114.4 113.5 115.7 119.4 124.2 130.4 135.5 141.8 142.1 147.8 151.4 155.3 158.6 161 161.7 162.1 164.4 166 163.5
14.5 15.3 16.3 16.2 16.4 16.9 17.4 17.4 16.9 14.7 15.3 15.5 16.5 17.7 19.5 22 24.6 25.9 27.1 29.1 32.4 36.6 40.3 43.5 47.1 49.5 53.2 55 54.1 54.4 51.5 51.2 53.7 55.9 56.4 56.8 55.7 52.2 49 49.6 50.8 52.5 54.1 55.7 57.7 61.4 64.9 69.1 75.5 80.6 85.4 91.5 95.5 100.2 104.9 107.1 109.8 112.6 115.5 116.7 117.3 116.2 115.2 114.5 113 110.8 112.3 115 121.1 125.5 129.6 131.1 142.8 148.2 150.9 153.4 157.8 159.4 161.2 161.8 163.5 165.1 163.4
14.9 15.6 16.3 16.1 16.5 16.9 17.2 17.3 17 13.7 14.5 14.9 16 16.8 17.7 20.2 24.2 25.8 25.9 27.7 31.1 35.7 39.2 41.7 45 48 50.9 52 52.9 52.8 52.8 53.4 52.9 54.9 55.5 56.2 55.7 53.7 50.7 49 50.2 51 52.4 54.1 56.3 60.7 62.4 65.8 71.4 77.8 83.2 89.1 94.1 98.8 102.3 105.7 108.7 111.6 115.8 115.7 116.3 116.3 113.8 111.4 110.7 109.3 109.6 111.8 116.9 119.5 125.6 134.7 141.1 145.9 149.4 151.6 154.8 158.8 160.3 160.9 162.6 163.2 162.5
14.8 15.4 16.1 16.1 16.5 16.8 17.1 17.1 15.8 12.9 13.8 14 15.2 16.4 17.7 18.7 21.5 23.9 25.2 27.3 29.5 33 38.2 41 44 46.4 48.8 50.6 52.4 54.2 54.5 55.4 54.6 54.1 54.4 54.7 54.3 54.3 51.6 49.1 49.3 49.6 50.3 51.7 53.3 56.1 59.1 63.3 67.6 74.1 80.7 86.1 90.7 95.5 99.5 103.5 107 109.6 114.2 116.3 115.8 114.7 112.8 110.4 109.4 110.2 107.4 111.9 115.8 119.9 124 133.1 138.4 143 146.3 149.9 152.1 156.5 159.3 159.5 160 160.2 158.5
14.4 14.9 15.8 16.1 16.3 16.5 17 16.6 14.4 12.8 13.2 14.4 15.6 16.7 17.7 18.4 19.4 22.5 24.8 26.2 28.5 32 37.5 39.5 42.8 45.5 48.1 49.5 50.5 52.1 55.1 54.9 54.2 53.9 52.6 53.4 53.7 53.2 52.3 49.8 47.8 47.9 48.5 49.8 51.8 54.1 56.8 61.1 64.9 70.3 76.6 82 86.8 91.7 96.5 100.6 104.5 107.9 112 114.9 114.7 111.6 110.7 108.7 107.2 105.8 106 110.2 113.2 116.7 123.7 130.7 135.5 140.1 143.6 147.7 149.5 152.5 156.1 156.7 156.9 157.3 157.8
13.5 13.8 14.8 14.9 15.1 15.3 16.1 15.7 14.4 12.7 13 14.5 15.4 16.1 16.9 17.4 17.9 21.3 23.2 25.2 27.6 31.2 36.2 38.3 41.9 43.8 46 47.6 48.5 50.4 52.5 53.1 53.3 53.4 52.1 52.1 52.7 52.7 51.8 49.5 47.2 46.4 46.6 47.7 51.1 52.8 54.6 58.4 62.1 66.6 72.2 79 83.9 88.7 93.5 98 102.2 106 108.7 110.8 112.7 111.9 109.1 107.1 105.3 103.5 103.2 106.3 110.8 113.7 121.8 127.8 132.2 136.4 140.7 144.4 147.3 150.6 152.8 153.6 153.9 154.3 154.6
12.8 13.2 12.7 13.6 13.8 14.4 15 15.2 13.3 12.9 12.7 13.4 14.3 15.2 16.2 16.5 16.6 19.6 22.2 25.7 26.4 29.2 33.5 35.9 37.3 42.1 43.7 45.4 46.5 48 49.5 49.7 51.2 51.8 52.2 50.8 50.4 51.5 51 49.6 47.5 45.5 45.1 45.5 50.5 51.4 52.3 55.8 59.6 64.1 69.6 76 81.7 86.5 91.1 95.4 99.3 102.9 106.8 108.7 109.5 110.2 107.9 105.3 103.4 101.9 101.2 104.6 107.6 109.7 117.4 124.2 128.3 132.4 137.7 142.4 145.9 148.1 149.8 150.8 151.5 152.2 152.8
12.4 12.8 12.7 12.8 13 13.4 14 14.5 12.6 12 11.9 12.9 13.8 14.6 15.2 15.5 15.6 17.3 19.8 23.7 26.5 28.7 32.5 33.3 36.7 39 41.2 42.9 44.5 45.1 47.2 47.8 49.6 51.7 50.8 49.9 49 50.1 49.9 48.8 47.5 45.3 44 44.4 48 48.6 50 53.7 56.7 59.8 65.3 71.7 77.8 83.5 88.5 92.6 96.4 100.2 104.1 107.3 108.3 108 106.8 104.2 101.6 100.4 99.2 99.9 101.6 104.5 112.8 120 124.6 128.5 134.4 140.2 144.6 147.1 149.1 149.5 150.1 150.9 150.8
12.4 12.6 12.4 12.4 12.6 13 13.6 13.8 13 12.1 11.5 12.3 12.8 13.4 13.9 14.4 15.3 16.2 17.8 20.3 23.6 27 30.2 31.7 34.1 36.5 39.2 42.3 44.7 43.8 44.6 45.3 47.7 51.7 50.6 49.4 48.3 47.7 47.8 47.7 46.6 44.2 43.3 42.7 43.8 45 47.5 51.7 54.4 56.8 62.2 69.5 74.6 80.4 85.5 89.8 93.7 97.6 101.5 104.3 106.1 106.4 105.4 102.3 100 98.7 97.4 98.2 99.6 103.4 107.9 115.3 120.2 124.5 130.3 136.4 141.9 145.4 147.2 147.8 148.5 148.4 147.9
12.7 12.5 12.3 12.2 12.5 12.8 12.9 15 13.4 12.8 11.7 11.9 12.4 12.9 13.4 13.9 14.8 15.6 16.9 18.4 20.6 24.7 27.2 30.9 33 35.8 37.8 41.9 43 42.4 43.5 44.1 44.1 47.8 48 47.8 47.9 46.4 45.4 46.4 45.4 43.2 42.1 41.6 41.8 44.1 45.9 49.1 52.2 53.8 58.6 66 71.3 76.8 81.8 87.4 91.3 95.1 99 101.7 104 104.6 103.9 101.2 98.6 97 95.8 96.7 97.8 99.3 104.8 109.9 116.1 120.3 127.1 133.4 139.3 142.6 144.4 145.2 144.5 144.8 144.7
12.4 12.5 12.5 12.2 12.1 12.4 12.5 12.8 15.7 13.3 12.5 12.7 12.1 12.6 13.1 13.6 14.2 15.3 16.5 17.8 20.1 22.9 25.1 29 32.3 33.7 35.8 37 38.5 39.9 41.9 42.3 42.3 44 44.2 46 45.6 44.9 43.9 45.1 44 42.4 41.3 40.9 41.5 42.6 44.7 47.1 49.5 51.5 55.2 61.7 69.1 74.2 78.9 84.3 89.1 92.9 96.4 99.4 102.1 102.4 101.3 100.1 97 95.3 94.2 94.6 95.5 97.3 100.9 104.6 111.7 116.6 123 129.4 135.8 140 142.5 141.6 140.2 140.8 140.5
12.1 12.2 12.5 12.3 12.2 12.1 12.2 12.8 13.2 14.4 12.6 11.5 11.6 12.2 12.7 13.2 13.8 14.8 15.9 16.8 18.5 22 24.8 26.9 31.2 32.7 34 34.7 35.9 36.3 37.9 39.2 40.4 41.5 41.9 43.9 44.7 44.1 42.2 41.7 42.4 41.6 40.5 40.3 41.9 42.7 45.3 48.4 49.2 50.3 53.6 60 66.8 71.3 76.1 81.2 85 88.3 92.6 96.9 99.5 100.6 99.7 98.5 96.1 94.1 93.1 93.3 93.5 95.6 99.6 99.3 106.6 113 119 125 131.5 139.6 139.8 139.7 138.6 137.3 136.4
12.6 12.3 12.2 12.3 12.3 12.2 11.9 12.2 12.5 12 11.7 12.5 11.3 11.7 12.3 12.9 13.5 14.2 15.2 16.4 17.8 20.9 24 25.6 29.1 31 32.3 32.6 33.9 34.2 36 37.8 38.9 39.4 39.5 41 42 40.7 41.6 40.5 39.5 39.6 39.2 39.6 42.3 43.9 45.4 49.2 50.4 50.5 53.3 59 63.8 68.4 73.4 77.3 77.3 80.6 89.8 94.3 97.3 98 98.5 97.1 94.7 92.7 92.2 92.1 91.8 93.6 100.2 97 102.5 109.2 114.9 121 127.2 133 135.3 136.6 135.3 133.4 133.4
12.9 12.8 12.5 12.4 12.7 11.5 11.6 11.7 11.5 11.1 11.5 11.7 13.4 11.4 11.9 12.5 13.2 13.8 14.7 16 17.5 20.1 23.5 24.6 26.8 29.2 30.2 31.2 32.5 33.7 36.2 38.3 41.7 39 39.2 38.1 38.4 39.3 40.7 39.4 39 39.1 38.3 39.6 42.4 45.2 47 47.4 48.7 50.6 52.8 56.8 61.9 65 71.2 77.3 77.3 83 88.6 92.9 96.4 96.7 97 95.5 93.7 92.1 90.5 90.7 91.6 94.3 96.4 95.6 97.6 104.3 110.8 116.6 122.2 126.5 131.2 133 132.2 130 129.7
12.9 12.8 12.3 11.9 11.9 11.2 11.3 11.2 10.8 10.3 11.7 11.3 11.5 17.4 12.3 12.7 13.4 14 14.6 15.5 17.2 18.7 22 23.8 25 27.8 28 29.5 30.9 32.4 34.7 36.8 42.1 42.9 38.1 37.2 37.4 37.5 38.8 38.8 38.5 38.5 36.5 40 43.1 45.9 48 49.4 49.5 51.4 52.9 55.4 58.5 62.1 69.7 77.3 77.3 82.5 88.5 92.1 95.3 95.9 95.8 93.9 92.7 91.1 89 88.8 91.7 92.8 97.9 96.5 96.6 100.1 106.5 112.4 118.3 122.9 126.3 129.6 130.1 127.8 125.7
13 12.9 12.5 11.8 11.1 10.7 10.6 10.5 10.1 10.5 10.9 11.4 11.9 12.2 18.1 13 13.6 14.2 14.7 15.4 17 18.6 21.5 22.5 22.9 26.5 26.9 28.5 29.6 31 33.2 37.1 36.6 36.7 38.5 36.7 36.9 36.2 37 37.4 37.8 37.6 36.2 39.5 43.3 47.1 49.7 50.5 51 52.5 53.7 54.8 56.6 63 70.2 77.3 77.3 82.9 86 90.5 94.4 95 94.1 91.9 90.8 89.7 87.4 92 91.6 93.8 93.4 94.9 97.3 99.2 103.4 108.7 114.3 118.8 121.4 125.5 128 126.1 123.1
13.1 12.9 12.6 11.9 11 10.5 10 9.9 10.4 10.8 11.3 11.8 12.4 12.6 12.7 15.9 13.8 14.4 14.3 15.4 17.3 20.2 21.5 22.8 23 24.1 26 27.2 28.3 29.6 31.5 34.2 33.9 35.3 38.5 36.3 36.4 35.5 35.1 35.8 36.5 35.3 37.7 40.1 44.1 47.9 50.7 52.2 52.9 53.9 54.8 55.5 57.4 63.2 68.2 72.6 76 81 84.1 87.6 92.3 92.6 90.5 89.3 88.4 88.5 85.5 89.9 92.7 91 91.9 90.6 94.4 97.5 101.3 105.9 111.2 115.2 117.8 121.3 125.2 123.3 118.3
13.2 12.8 12 11.1 10.5 10.1 9.8 10.3 10.8 11.2 11.6 12.2 12.5 12.6 12.7 12.7 13.3 13.7 14.2 15.2 16.9 19.8 21 22.8 22.4 23.2 24.1 25 27.4 29.2 30.6 29.5 31.9 35 36.8 36.6 36.1 35.5 34.3 34.3 34.2 35.5 38.5 40.5 45.1 47.7 51 52.9 53.3 54.3 55.7 56.6 57.4 63.2 68.1 68.6 71.5 77.7 82.2 85 88.5 89 88.8 89.9 87.2 90.9 90.9 87.1 83.4 85.3 89.4 93.8 94 95.7 98.4 103.1 107.8 112.5 114.8 117.2 118.6 114.8 117
13.2 11.8 11.1 10.7 10 11 10.3 10.8 11.2 11.5 11.9 12.5 12.5 12.6 12.7 12.7 13.1 14.3 17 14.9 17 18.7 20.4 22.6 22.6 22.1 23.1 23.2 25.5 28.3 28.2 28.2 30.3 34 35.2 37.5 37.5 35.7 34.6 32.6 32.2 34.5 37.8 40.8 44.9 46.8 49.6 54.3 54.8 53.9 55.5 57 57.9 60.1 67 66.8 69.2 73.7 79.4 82.2 83.3 84 86.1 86.6 92.3 94.3 93.5 94.4 86.4 82.9 91.9 94 95.6 95.6 97.8 100.8 104.1 108.6 111.6 111.3 110.4 113.7 117.8
13 11.2 11 10.4 9.8 9.9 10.7 11.6 11.7 12 12.3 12.5 12.5 12.5 12.5 12.6 13 13.6 14.8 20 17.4 17.9 19.7 21.5 22.5 22.6 22 22.7 23 24.4 24.8 27.7 32.5 33.5 35.6 37 36.5 35.4 33.5 33.9 32.6 36.2 38.2 40.7 45.5 47 48.4 54.1 56.5 55.6 55.6 55.8 57 58.7 64.2 65.1 66.8 71.1 76.6 78.8 75.8 79.4 88.7 91.5 90.8 92.9 95.9 92.8 77.5 88.6 94.5 95.4 95.8 96 97.4 98.9 100.9 105.7 107.4 105.5 109.9 113.4 114.2
13.4 12.4 11.1 9.9 9.3 9.5 10.1 10.8 11.4 11.7 12 12.3 12.3 12.3 12.3 12.4 12.9 13.5 14.4 15.3 20.5 17.8 18.2 18.3 19.6 21.9 20.5 20.9 22.4 23.5 25.5 27.3 28.9 31.1 34.1 35 35.4 35 29.1 34.6 34.9 37 38.8 39.8 44.7 46.5 48.3 54.2 57 57.7 57.2 55.4 55.8 57.1 58.7 62.2 65.9 69.7 73.6 72.6 72.1 84.9 90.4 91.1 89 92.9 95 85.9 79.9 92.3 94.5 96.7 96.8 96.8 98.5 99.3 100.8 101.9 102.4 104.8 108.4 109.9 109.7
12.5 12 11.4 10.2 9 9.4 9.8 10.2 10.8 11.3 11.8 12.1 12.1 12.1 12.2 12.3 12.8 13.5 14.1 14.2 16.2 18.9 18.4 18.5 18.9 18.5 20 20 20.5 22.4 24.8 25.6 27.1 29.9 33.8 33.9 33.9 28.7 37.1 35.6 35.8 35.5 36.6 38 41.3 44.7 49.4 55 57.3 58 57.6 56 55.5 56.6 56.6 60 63.6 68.2 69.5 65.5 72.9 86.2 89.5 88.6 88.5 89.7 81.4 74.7 93.6 95.1 96.3 98.3 98.1 98 99.5 100.2 100.6 101.4 103.9 103.8 104.6 105.4 103.4
11.5 11.2 11 9.2 9.3 9.8 10.1 10.4 10.7 11 11.6 11.8 11.9 12 12.1 12.2 12.8 13.4 13.9 14.4 14.6 14.2 15.2 16.7 16.9 17.7 17.9 19.2 20.5 21.7 26.9 26 27.2 28.5 31.6 32.9 31.1 33.1 35.8 29.1 32.1 33 34.9 38 41.6 44.5 47.7 54.3 57.2 51.4 49.9 52.7 55 56.1 55.1 56.8 60.5 65.5 63.2 62.7 63.3 70 76.8 72.9 79 72.9 70.8 84 93.7 96.2 97.7 99.3 99.4 97.9 98.5 99 100.5 102.7 105.8 109.5 104.7 106 105.3
10.6 9 10.7 10.4 10.1 10 10.4 10.7 11 11.2 11.4 11.6 11.8 11.8 11.9 12.1 12.6 13.1 13.6 14.1 14.9 17.7 17.7 15.6 18.9 18.8 18.3 18.6 19.1 21.7 26.2 26.3 25.9 25.9 29.1 28.7 25.3 28.6 34.7 34.9 34.2 35.4 35.9 39 42.4 45.7 46.3 50.3 50.2 47.9 55.6 56.5 57.7 58.6 57.5 57 58.2 59.3 60.6 60.7 64.5 65 65.8 67.3 67.7 68.8 76.6 78.5 90.4 96.8 98.3 98.9 97.6 97.8 98.9 100.1 101.5 103.5 106 108.7 109.8 105.2 105.5
