ny/ny07_OST50GRID_20230518/NY07.asc
ncols 200
nrows 200
xllcorner 300000
yllcorner 570000
cellsize 50
[rows 0 to 36 of 200, columns 0 to 82 of 200]
14.1 13 12.1 11.3 12.5 12.9 12.1 15.3 17.4 15.5 12.9 12.6 12.1 11.5 11.2 12.3 14.3 19.3 13.6 16 14.6 12.6 12.7 16.5 18.8 19 22.4 24 25 26.3 28.8 29.6 32.1 35.4 37.9 39.6 42.2 42.5 45.3 50.2 58.1 62.8 67 70.6 74.1 77.7 85.2 92 98.9 108.3 118.7 133 144.6 147.6 146.3 143 134.3 126.9 121.6 116.3 110.8 109.1 109.3 111.2 111.9 112.5 117.3 122 126.6 130.4 131.6 133.7 130.2 128 130.6 133.9 136.1 135.5 134 133.7 133.8 133.3 133.2
15.2 13.6 12.4 11.7 12.7 13 12.8 15.1 20.1 22.8 17.1 12.4 11.6 11.2 11.2 11.2 12.7 14.8 15.5 13.8 12.7 12.5 13.1 16.1 17.5 17.2 20.7 21 21.8 24.4 26.5 28 30 32.6 34.7 37.3 39.8 40 44.2 49.8 56.4 61.2 65.5 69.1 72.8 76.3 82.2 88.4 94.2 104.2 114.1 126.6 137.7 142.1 142.2 137.8 130.8 124 118.4 113 109.2 107 106.9 109.5 109.5 110.6 114.9 119.2 123.4 126.9 130 129.9 126.7 125.7 128.4 131.6 133.9 134 132.5 132 132 131.1 130.9
14.9 13.5 12.8 12 11.7 12.7 12.5 13.1 14.7 18.5 14.7 12.2 11.5 11.2 11.2 11.2 11.6 13.2 14.5 13.8 12.4 12.2 12.1 12.8 13.3 14.3 19.6 20.1 19.7 22.7 25.3 26 28.1 31 33.6 36.4 35 39.1 43 48.1 54.3 59.4 64.1 67.7 71.1 74.2 78.9 84.1 89.6 98.1 106.9 120.3 129.5 135.3 136.5 134.9 129.7 121.7 116 110.9 107.4 105.2 105.4 107.8 109.1 108.2 113 116.6 119.9 122.8 126.5 126.5 124.1 122.4 125.6 129.9 132.2 131.7 131 130.5 130.3 130.1 129.9
18.2 13.6 13.4 12.5 11.6 11.9 13.3 13.3 13.6 14.7 13.9 12.1 11.4 11.2 11.2 11.4 11.5 11.8 12.6 13.4 12.2 12 12 12.3 12.6 13.5 16.5 20 19.1 22.2 23.4 25.1 27.7 30 31.7 35.6 35.9 38.6 41.4 46.4 52.2 57.6 62.6 65.9 69 72.2 75.4 79.9 85 91.7 104.3 114.2 121.2 127.4 130.4 130.2 126.5 119.2 113.8 109.6 105.9 103.7 103.6 105.4 107.1 105.5 109.6 113.2 116.7 118.6 122.4 122.5 120.5 120.1 124.1 128.7 130.7 130.3 129.7 128.5 128.4 128.4 128.1
21 19.9 13.5 13.1 12.1 12.1 13.6 14 12.7 13.5 14 12.6 11.3 11.3 11.4 11.5 11.6 11.8 11.8 11.9 11.9 11.9 11.8 11.8 12.5 13.7 15.2 15.8 17.2 18.3 20.8 23.9 26.8 28.4 28.9 30 33.8 36.6 40.2 45 50.3 55.7 60.3 64.8 67 70.9 73.3 76.9 80.9 86.2 97.2 106.4 115.5 121.3 122.8 123.5 121.4 115.1 111.7 108.2 104.8 102.2 101.8 103.2 104.5 103.3 106 109.7 112.6 115 117.8 118.7 118.5 115.3 121.8 127.3 129.3 129.4 128.4 127.1 126.2 126.5 126.1
22.7 20.9 13.7 13.2 12.9 12.8 13.2 13.3 19.8 19 17.1 12.7 12.4 12 12 12 11.6 11.4 11.2 11.2 11.6 11.7 11.7 11.9 12.4 13.5 15 16.5 17.2 18.5 21.7 24 25.1 23.8 27.4 31 32.9 36.6 40.1 45.4 50.7 55.5 59.4 63.7 68.1 69 71.4 74.1 77.7 82 89.1 99.2 108.6 115.6 117.1 117.9 115.8 112.5 109.1 105.9 103.8 100.8 100 100.5 101.8 102.2 102.2 106.2 109 110.9 114.2 115.5 116.1 113.8 120.1 125.2 127.8 128.2 127.1 125.6 123.7 124.2 124.3
21.9 20.9 14 13.8 13.2 13 13.2 13.3 17.6 22.4 23.2 12 13.3 13.1 12.7 12 10.9 10.3 10.4 10.8 11.2 11.8 12 12.2 12.6 13.4 15.4 17.1 18.2 19.3 20.9 21.8 22.2 26.4 28.8 30.5 32.5 35.3 40.6 46.5 51.5 57.1 60.3 64 66.5 67.9 70 72.8 75.3 78 82.3 91.2 101.6 108.9 111.5 112.7 112.1 111.4 106.6 104.4 100.9 99.2 98.2 98.7 99.7 100.5 99.4 102.7 105.4 106.7 109.7 111.9 110.9 114.2 118 123.1 126 126.7 125.3 123.3 122 122.1 123.1
20.4 20.1 15 13.3 12.9 12.9 13.1 16.9 19 17.6 18.1 16 12.2 12.8 12.4 11.5 10.2 9.6 10 10.5 11.6 12.1 12.3 12.5 12.8 13 14.4 16.4 17.9 19.8 21.4 21.9 20.1 25.9 27.7 29.5 31.8 35.9 41.5 47.4 53 57 61 63.5 65.5 67.1 69.3 71.7 73.9 75 77.7 84.9 94.7 101.4 105.7 107.3 107.5 109.1 105.2 102.1 99.2 97.2 96.2 96.3 97.4 98.3 97.4 99.6 102.1 103.4 106.5 108.9 109.8 112.3 116 121.1 124 124.8 123.5 121.6 120.7 120.2 121.6
20.1 20.1 13.7 13.4 13.1 13.3 13.8 19 20.9 15.1 16.9 19.1 16.1 12 11.9 11.3 10.4 9.5 9.8 10.9 12.3 12.4 12.6 12.6 12.5 12.7 13.3 15 18.4 18.6 20.5 19.9 21.2 24.4 27.3 28.8 31.2 35 41.5 47.3 52.7 56.4 60 62.7 64.6 66.4 68.8 71.2 72.5 72.5 74.4 80.5 89.3 95.7 100.2 102.2 103.7 104.7 103.4 100.5 98.1 96.3 94.7 94.3 95.3 96.1 95.7 97 99.1 100.9 103.4 104.3 105.2 109.7 113.6 119.3 121.9 122.8 121.7 119.9 119 119 120.3
17.1 14 15 14.5 13.2 13.4 13.5 21.2 16 15.3 18.9 18.3 15 11.9 11.9 11.7 10.9 9.9 10.1 11.5 12.6 12.7 12.6 12.4 12.2 12.4 12.7 13.2 14.1 15.4 19.4 17.8 21.4 22.7 26.2 27.6 30.3 33.8 40.3 46.4 51.3 55 58.3 61.4 63.5 65.5 67.5 69.9 71.4 71.5 72.1 75.9 83.8 90.2 94.3 98 100.3 102.1 100.9 98.4 96.2 94.6 93.3 92.3 93.4 93.9 94.9 95.5 97 99.1 100 98.7 102.6 107 111.6 117.7 119.7 120.8 120.1 118.1 117.2 117.2 118.7
17.9 15.3 15.6 14.2 13.2 13.8 13.6 14.7 14.5 15.3 20.3 18.2 18.1 11.9 11.9 11.9 11.3 10.3 9.4 11.8 12.4 12.2 12.1 12 12 12.2 12.5 12.9 13.3 16.2 18.9 16.6 22.5 20.9 23.7 26.6 28.8 32.3 38.4 44 49.3 52.8 56 59.6 62.7 64.7 66.2 68 70.2 70.2 70.2 72 78.3 84.8 89.8 94.2 100.5 102 99.6 97.5 95 93.6 92.2 90.6 91.4 92 92.2 92.4 93.7 94.8 95 98 101.5 104.6 109.8 115.6 117.9 119.1 118.4 116.5 115.7 115.6 117.2
17.9 15.9 15.1 14.4 13.9 13.7 13.5 13 14.1 14.3 14.6 17.6 20 16.4 11.9 11.9 11.8 10.8 9.9 10.3 12.1 11.8 11.8 11.8 11.9 12.1 12.4 12.6 13 14.4 15 20 19.2 21.3 22.5 25 27.4 31.4 35.7 40.6 47.2 50.6 54.2 58.7 60.9 62.8 64.8 65.9 67.4 69.1 68.8 69.4 73.5 79.8 85.9 91.7 97.8 100.5 98 96.8 93.6 92.4 91.3 90 89.1 89.8 89.7 89.8 90.6 91.6 92.8 96.1 99.5 102.8 107.9 113.6 116.4 116.8 115.8 114.6 113.8 113.9 115.9
18.7 17.2 17.8 14.9 14.2 13.9 13.9 14.3 13.9 14.1 13.9 13.5 19.3 17.3 11.9 11.9 11.9 11.2 10.6 10.3 11.3 11.7 11.7 11.7 11.8 12 12.2 12.5 13.4 13.9 15.5 17 20.5 19.6 20.2 22.4 26.1 29.6 32.9 38.6 44.6 48.2 52.2 57.2 58.6 61 62.8 64.1 65.9 67.9 68 67 69.6 75.1 81.9 88.6 94.3 97.8 97.4 95.2 91.9 91.9 92.1 91.1 88.7 87.5 87 86.8 87.6 88.7 91.6 94.9 97.8 101.2 106.4 111.7 114.5 114.6 113.9 112.8 112.2 112.3 113.9
19.8 18.7 18.5 15.3 14.6 13.9 13.9 16.3 15.3 13.7 13.5 13.3 16.9 18.3 16.6 11.9 11.9 11.8 11.4 10.9 11.2 11.6 11.6 11.7 11.7 11.9 12.2 12.5 13.1 13.4 14.7 15.4 20 18.7 18.1 20.8 24.8 28.1 32 36.6 42.5 45.8 49.3 54.2 56.8 58.9 61 62.4 64.4 66.8 67 66 67.1 70.8 77.5 84.3 90 93.8 95.5 93.6 90.9 91.3 93 91.7 88.6 86 85.3 85.1 85.7 86.6 89.8 93.3 96.5 100 105.9 110.6 113.4 113.3 112.4 111.5 110.5 111 113.4
20.1 19.7 19.2 18.6 15 14.1 14.6 15.7 19.6 13.8 13.6 13.3 15 18.4 18.2 15.2 11.9 11.9 11.5 10.9 11 11.5 11.5 11.6 11.8 12.1 12.4 12.7 12.9 13.9 12.9 14 18.1 18.2 16.9 20.5 24.5 27.2 30.8 34.3 39.6 43.3 46.4 50.8 54.4 57.3 60 60.5 61.7 64.2 65.7 65.3 65.9 68.1 73.2 80 85.4 89.7 92 90.5 89.4 91.1 93.5 92 87.8 85.4 83.2 83.6 83.8 84.9 87.3 91 95.5 98.8 104.7 109.9 112.1 112.1 110.6 109.6 109 109.7 110.7
20.7 20.2 19.7 18.6 16 15.2 15.1 16.5 18.4 17.7 12.8 13.3 16.7 20.4 19.8 19.8 14.4 11.9 11.3 10.8 11.3 11.3 11.4 11.6 12 12.4 12.7 12.8 13 13 12.7 13.1 15.4 16.8 19.3 21.7 21.5 24.8 28.6 32.8 37.1 41.9 46.1 49.7 52.5 55.8 57.7 58.8 59.4 61.3 63.6 63.7 64.4 65.4 68.7 75.7 80.8 85.1 87.4 88.1 89.7 92 94.5 91.9 87 84.2 82.1 82 82.2 83.2 85.1 90.3 94.8 98.5 104.8 109.1 110.6 111.4 109.9 108.4 107.7 108.4 109.2
21.3 20.4 20 19.7 15.7 16.4 15.9 17.1 18.9 17.5 12.7 14 14.4 15.4 16.2 17.2 19.6 14.5 11.7 10.8 11.6 11.4 11.5 12.1 12.1 12.4 12.8 12.9 13 13.2 13.1 12.6 13.9 16.4 18.3 20.3 20.5 23.6 27.8 31.4 35.4 40.5 44.6 47.3 49.4 52.7 54.8 56.9 57.7 59.3 60.4 61.7 62.5 63.6 66.2 70.7 76.3 80.5 83 85.4 87.4 91.1 94.5 93.1 86 83.5 81.6 80.7 80.9 81.4 84.3 89.6 94.3 99.1 103.5 107.4 110.1 110.8 108.6 107.7 107.3 107 109.1
21.1 20.2 20.5 20.1 20.3 17.2 17 18.2 19.1 14.7 17.2 12.1 12.5 12.6 13 12.2 12.2 13.7 12.1 11.1 11.9 12.7 12 12.6 13.8 13.9 12.8 12.8 13.1 13.3 13.8 12.2 13.1 14.9 17.3 18.7 20.1 22.3 25.7 30.9 34.6 37.5 40.9 44.4 46.8 49.5 52.2 54.5 56.1 57.5 58.6 59.7 60.2 60.9 61.2 65.2 71.4 76.3 80.1 82.5 84.2 90.6 94.7 93.7 86.7 82.2 80.5 79.7 79.8 81.1 83.4 88.4 94.1 98.9 103 107.7 110.4 109.5 107.8 107.3 106.1 106.1 112.3
20.5 19.7 20 20.2 21 19.6 17.4 18.2 19 14.1 15.8 13.5 12.5 11.9 12.4 13 12.8 12.1 11.8 12 14.1 20.7 20.3 18.7 20.1 17.3 12.5 13.4 12.7 12.2 13.7 13.5 13 14.3 16.2 17.1 19.5 20.4 23.8 28.1 31.7 34.7 38.3 42.4 44.8 46.6 49.1 51.9 53.8 55.4 56.9 57.9 57.9 58 58.9 61.2 67 71.7 75.2 79.1 81.6 88.2 94.3 93.3 87.3 81 79.1 78.8 79.9 81.3 82.5 86.9 92.2 96.8 101.7 107.3 109.2 108.5 107 105.6 107.3 109.7 118.4
19.4 19.9 19.9 19.9 20.2 20.3 19.5 15.9 14.8 14 14.2 17.9 12.8 11.7 11.9 12.2 12.2 11.8 11.8 12.2 12.4 12.8 17.7 20.8 20.6 20.2 16.8 19.2 16.4 12.6 12.9 14.2 13 13.6 15.4 16.2 18.2 20.1 21.6 25.2 29.2 33.3 36.3 39.9 42.4 44.1 46.3 48.5 50.2 51.9 53.9 55.8 56.2 57.2 57.8 58.8 62.3 66.8 71.6 75.1 78.8 85.5 93.3 93 87.1 81.1 77.8 78.3 80 81.6 82.3 85.6 88.6 97.3 100.4 102.9 105.4 105.1 105.8 112.1 116.3 120 126.6
19.8 20.1 20 19.8 20 20.5 19.7 17.6 14.5 13.7 14 16.7 13.3 11.4 11.3 11.7 11.8 11.8 11.8 12 12.1 12.3 12.6 19.7 20.4 20.4 20.2 19.9 19 12.3 12.7 14 14.1 13.4 13.8 15.1 16.5 16.9 18.3 22.1 26.7 32.2 34.8 37.2 39.3 42 43.2 44.9 46.7 49.2 51.3 52.5 52.8 54.8 54.4 55.2 57.9 63.1 67.2 71 76.2 82.7 91.7 92.5 86.9 79.5 76.4 76.8 78.9 80.7 82.6 86.8 93.5 98.4 103.8 108.6 109.5 109.5 111.9 123.2 127.4 131 138.1
19.8 19.8 19.7 19.7 19.8 20 19.3 19 17.3 14.4 13.9 18.2 13.8 12.5 12.5 12.9 12.4 11.9 11.8 11.9 12 12 12.6 17.7 18.3 20.3 20.1 19.8 19.4 12.2 12.1 14 13.9 13.7 13.9 14.8 15.7 16 17 20 24.9 30.2 32.9 35.8 37.7 39.8 41.7 42 46 47.8 49.2 43.8 45.7 52.7 55.1 53.1 54.6 59.1 63 66.9 72.6 79 88.2 90.7 86.5 78.6 75.9 76.5 77.8 79.6 81.7 86.8 93.5 100.4 105.9 109 109.8 114.2 119.9 131 137.9 144.3 150.5
19.4 19.5 18.7 18.6 18.8 19.3 19.2 18.6 17.2 17 13 16.5 16.8 13.2 13 14.5 13.6 12.2 11.8 11.9 11.9 11.8 13 13.8 13.1 19 20 19.8 18.3 13.2 12.1 14.8 15.7 13.8 14.2 14.2 14.9 17.1 18.8 19.1 23 26.1 31.7 33.8 35.6 37.7 38.4 40.8 45.1 46.3 44.5 46.8 53.5 57.4 60.3 54.4 53.8 55.1 59.8 63.7 69 75.7 84.8 87.6 85.6 77.4 78.5 76.2 77.4 79.6 81.8 88.5 96 103.2 109 111.6 116.1 121.5 129.4 141.6 151.4 159.5 162.7
19 19 18 17.9 18.6 19.8 19.4 17.1 15.9 16.4 16.2 12 13.6 13.6 12.4 14.1 12.8 11.5 10.4 11 11.7 11.9 11.9 11.7 13.1 13.4 16.1 15 13 14.1 12.4 16.1 18.8 16 16.1 16.3 15.9 18.1 17.4 17.7 19.2 23.8 27.7 30.2 33.2 35.2 37 39.6 43.9 42.8 44.5 49.1 54.2 58.6 60 56.6 54.7 55 55.7 60.6 65.9 74 81.8 85.2 83.7 77.6 76.1 75.8 78.2 80.2 82.1 88.2 96.9 105.2 111.8 118.5 126.8 136.9 141.4 149.6 159.2 171.3 173.5
19.1 18.3 17.9 18 18 19.7 18 16.9 15.7 15.7 17.1 15 14.3 12.2 12.2 13.6 12 10.8 10.3 10.8 11.4 11.8 9 12.1 11.7 11.9 12.1 11.8 11.7 12.5 12.6 16.3 18.3 18.9 18.6 18.1 18.5 17.7 14.9 14.4 17.9 22.4 26 29.1 33.3 33.3 35.6 37.6 40.5 40.2 43.8 49.4 54.5 58.2 57.8 58.3 55.1 54.8 55.1 57.1 64.1 71.4 78.9 83.2 82.4 77.8 75.6 76.1 78.9 80.6 82.5 91.1 100 105.7 113.3 124.6 135.2 149.7 155.1 158.4 165 175.5 178.2
18.8 17.9 18.1 18.2 18.2 18.3 18.1 17.6 16.6 16.1 16.2 16 14.3 15.3 12.3 11.7 11.2 11.8 10.9 11.5 11.4 11.2 11.2 11.8 11.7 11.9 11.9 11.3 11 11.3 12.5 18.8 19 18.3 18.2 18 18.5 18.4 14.2 13.8 16 20 24.6 28.6 33.3 33.2 34.5 34.9 37.3 43 47.8 52.4 54.6 56.3 57 58.9 55.9 54.8 55.7 56.4 61.3 66.4 73.5 81.3 80.8 78.5 78.6 76.1 79.4 82.3 86.6 94.1 104.2 106.9 113.3 125.2 140 155.7 163.9 167.1 166.1 174.3 179.8
18.1 18.1 18.3 18.4 18.5 18.3 17.9 17.5 17.1 16.7 16 15.7 15.4 15.3 14.4 11 11.5 12.6 11.7 12 11.9 12 12 11.9 11.9 11.5 11.9 11.8 11.5 11.3 12.7 17.5 19.9 18.9 18.2 17.7 18.4 18.3 14.9 15.9 15.7 20.6 23.5 26.9 31.8 30 29.3 33.8 38 43.6 50.9 57.5 57.2 56.5 57.6 58.5 56.6 55.6 55.9 59.2 60.1 63.4 69.8 78.8 80.5 77.1 75 76 80.6 86.6 90.3 95.6 104.3 105.1 110.4 122.7 144.8 159.6 167 169.4 167.6 170.8 176.4
18.1 18.3 18.4 18.6 18.6 18.1 17.7 17.2 16.8 16.5 16.2 15.9 15.6 15.3 15 13.4 12.6 12.6 12.6 12.5 12.4 12.3 12.2 12.1 11.6 11.3 11 11.6 11.7 11.3 11.6 12.4 17.2 20.6 19.4 17.7 16.9 13 13.1 13.7 14.6 16.3 21.2 24.3 24.7 28.6 30.4 33.9 37.8 44.3 51.1 59.4 59.4 57.9 57.3 57.8 57.3 56.1 56.9 58.1 59.6 62.2 67.2 75.1 79.3 76.3 73.8 76 81.9 87.4 93.1 95.7 103.1 104.2 105.8 127.2 147.5 159.7 164 165.7 162.6 162.8 167.8
18.3 18.5 18.6 18.5 18.4 18.3 17.7 17.2 16.7 16.3 16.1 16.5 16 15.1 14.2 13.4 12.6 12.6 12.7 12.8 12.7 12.6 12.5 12.1 11.6 11.2 10.9 10.8 11.8 11.5 11.6 11.6 12.1 14.9 17.5 17.7 12.9 12.4 12.8 13.3 13.7 15.5 19.2 23.3 27.8 31.5 32.4 33.4 37.3 44.3 50.6 55.7 60 59.6 58.8 57.6 56.4 56.2 57.1 58.5 60 61.6 65.8 71.1 77.3 75.7 73.5 76.8 84.2 89 94.8 97 100.8 103.3 98.7 127.3 144 155.5 160 159.5 155.7 154.6 157.3
18.5 18.6 18.5 18.3 18.2 18.1 17.8 17.3 16.8 16.4 16.5 15.9 14.6 14.4 14.5 13.7 13 12.6 12.8 13.1 13 12.9 12.6 12.1 11.6 11.2 10.9 11.2 11.8 11.8 11.7 11.7 11.5 11.9 11.9 12 12.1 12.2 12.5 12.8 13.6 17.4 21.6 23.3 26.9 31.3 31.5 33.9 37.7 44.7 49.1 53.3 58.5 60.9 59.2 56.5 55.9 56.5 57.1 58.3 59.5 61.1 64.2 68.3 75 75.5 73.3 75.7 82.9 88.6 94.2 96.1 98.4 99.8 99 124.6 139.5 151.7 155.8 152.6 149.3 146.8 149.4
18.4 18.1 18 18.2 18.1 17.9 17.8 18.1 17.3 16.5 15.8 14.6 13.6 13.7 14.1 13.8 13.3 12.6 12.9 13.3 13.3 13 12.5 12.1 11.7 11.5 11.2 11 11.5 11.9 11.8 11.5 11.2 11.4 11.5 11.7 11.9 12 12.3 12.4 13.4 15.3 20.6 22.4 26 29.6 32.3 34.8 40.4 44 47.3 51.3 57.9 60.2 59.5 57.6 56.6 56.7 57.4 58.3 59.5 60.4 63.6 66.9 72.5 75.9 72.5 78 85.1 87.7 90.6 94.2 95.8 97 96.6 115.9 135.5 148.3 150.6 146.6 143 140.7 144.7
17.9 17.5 17.7 17.9 18 17.9 17.8 17.8 17.3 16.6 16 14 13 13.4 13.9 13.8 13.3 13.2 13.3 13.6 13.5 13.1 12.7 12.3 11.7 11.8 11.5 11.3 11.1 11.2 11.7 11.4 11.1 11.2 11.3 11.4 11.6 11.8 12 12.1 12.1 12.6 17.1 21.5 25.3 29.1 33 34 38.7 43.4 45.6 49.9 56.3 59 58.9 58 57.3 57.1 57.5 58.4 59.3 60.5 62 64.6 69.3 75.4 70.1 76 81.9 86.6 89.1 92.8 92.3 94.4 95.6 106 128.8 142.5 145.7 142.4 137.6 135.6 139.6
17.1 17 17.4 17.6 17.7 17.8 17.8 17.4 17 16.7 16.1 14.7 13.5 13.9 14.2 14.6 14.7 13.8 14.6 14.6 13.9 13.3 12.9 12.5 11.8 12.1 11.8 11.6 11.7 11.8 11.7 11.4 11.1 11.2 11.3 11.4 11.4 11.5 11.6 11.6 11.7 11.5 15 20.9 25.4 29.4 31.5 32.9 38.4 43.4 43.9 48.3 53.1 56.1 59 58.7 57.2 56.8 57.5 58.6 60.5 62.2 63.7 64.3 64.7 72.3 70 74.8 78.4 85.2 88.8 90.3 90.9 91.6 93.3 102 126.3 140 144.1 137.5 133 129.6 134.2
17 16.6 17 17.3 17.3 17.5 17.3 16.9 16.6 16.3 16.2 15.5 14.5 14 14.9 15.4 15.9 16.2 15.9 15.1 14.4 13.7 13.1 12.6 11.9 12.4 12.2 12.2 12.1 11.8 11.8 11.3 11.1 11.2 11.3 11.3 11.3 11.1 10.9 11 11.1 10.9 13.2 18.9 24.2 27.6 29.3 31.6 36.3 39.7 42.8 45.2 49.6 53.9 57.2 58.7 57.1 56.2 57.4 59.2 60.6 62.1 64.3 67.9 70.8 71.6 72.9 75.3 77.5 83.8 87.9 88.9 89.2 90.5 91.5 98.8 121.1 135.7 140.1 135 129.4 124.9 128.8
16.5 17.3 17.4 17.3 17.2 16.9 16.8 16.6 16.6 16.4 16.4 15.8 14.9 14.2 14.7 15.9 15 15.9 15.9 15.4 14.9 14.2 13.4 12.7 16.2 12.5 12.1 11.7 11.3 10.9 11.8 11.6 11.1 11 11 11 11 10.7 10.7 10.3 10.5 10.3 11.7 17.4 22.5 26.9 29.7 30.7 34.5 37.9 40.9 43.4 46.4 50.9 55.5 58.5 57.1 57.2 59.2 59.1 59.8 62.1 64.6 67.9 72.6 77.2 74.6 76 76.3 81.5 86.2 88.4 87.5 87.9 90.7 97 113.5 129.7 135.4 132 126.3 121.4 123.5
16.8 17 17.2 17 16.5 16.2 16.1 16.2 16.4 16.2 16.6 16.2 15.5 14.8 15.8 16.7 15.5 14.5 15.3 14.3 14.4 14.7 14.3 16.8 16.6 14.7 12 11.4 11 11.3 11.5 11.8 11.4 11.2 10.9 10.8 10.6 10.3 10.2 9.8 10 10.5 11.6 16 20.8 25.9 27.9 30.4 33.8 36.7 39.9 42.2 45.2 48.8 53 56 55.8 57.1 58.6 58.8 59.5 62.8 64.2 68 72.5 77.8 78.4 76.3 76.8 79 82.7 85.4 86.5 87.2 92.8 98.8 110.6 126.8 131 128.7 122.7 118.9 119
16.6 16.8 17 16.5 16 15.5 15.3 15.9 16.8 15.7 15.2 16.5 15.7 15 15.5 15.5 15.4 14.8 14.8 14.8 14.7 15.3 17.8 17 16.9 16.2 12 11.5 11.4 11.7 11.9 11.6 11.7 11.4 11 10.3 9.8 9.7 9.7 10.6 10.7 10.9 11.8 16.1 19 23.5 26.1 31.6 32 34.7 38.2 40.9 43.4 46.4 49.7 53.6 53.4 55.7 58.9 59.2 59.9 60.6 62.6 67.2 72 76.7 80 79 78.3 79.6 81.1 81.6 83.8 91.8 97.6 101.4 107.5 119.6 127.3 126.9 119.9 115.9 114.6
