ny/ny95_OST50GRID_20230518/NY95.asc
ncols 200
nrows 200
xllcorner 390000
yllcorner 550000
cellsize 50
[rows 105 to 139 of 200, columns 0 to 77 of 200]
329.3 325.1 321.3 317.2 312.7 307.8 304.2 300 297.3 295.1 294 293 292.5 292.3 291.3 289.6 289 287.7 286.5 284.4 281.5 280.1 278.6 276.8 275.5 273.6 271.6 269.6 267.9 266.3 264.7 262.8 259.9 254.9 249.9 244.7 241 237.3 233.4 229.4 224.5 218.6 212.7 208.6 205.5 203.8 201.8 191.7 189.7 189.7 191 193.4 201.6 211.8 220.3 225.4 230.8 240.4 244.3 245.2 246.4 248.7 248.6 248.3 248.3 249.3 252 252.6 254.1 254 250.7 253.7 251.3 258 266.5 275.3 280.8 289.1
337.1 330.7 326.2 320.9 316 310.7 305.9 302.1 299.6 298.3 297.2 297.1 296.9 296.5 295.7 293.8 291.8 290.1 288.3 285.7 282.7 280.7 279.4 278 276.2 274.3 272.2 270.2 268.5 266.4 264.1 262.2 259.8 254.1 249.2 244.7 241.1 237.2 233.4 229.4 224.6 219.5 216.2 212.1 208.3 206.5 200.2 192.2 188.3 191.1 193.3 196.3 204.1 213.8 222.5 227.4 236.2 244.1 247.9 249.1 250.1 251.7 251.8 251.5 252.4 253.8 255.3 257 258.8 259.8 257 257.6 258.6 253.2 264.5 273.4 281.1 287.9
342.2 338.4 333.7 327.2 320.3 313.5 309.7 305.7 303.1 302.1 301.1 300.2 300.4 300 298.9 296.8 294.5 292.3 290 287.3 284.1 281.4 279.9 278.3 276.7 274.9 272.9 270.7 267.9 265.7 263.4 261.7 257.4 251.9 247.3 243.8 240.2 236.3 232.5 228.6 224 219.8 215.6 212.1 209.8 207.6 204.4 194.1 191.3 192.3 194.3 198.4 206.6 216.3 224.5 230.2 239.1 246.7 250.1 251.8 254 255.5 255.7 255.7 255.6 256 257.7 260.4 263.2 264 263.7 264.3 264.8 265.1 260 273.9 279.5 287.1
348.3 345.9 339.7 331.2 325 319 314.2 309.7 306.9 304.8 304 303.2 303.4 302.6 301.2 299.3 297.1 294.7 291.6 288.1 284.9 281.9 280.3 278.6 276.6 274.3 272 269.9 267.6 265.1 263 260.5 254.6 251 245.6 243.4 239.6 235.3 231.6 227.7 222.2 217 212.9 209.8 208.2 206.4 206.6 202 190.8 192.8 193.2 199 208.9 216 225.4 232 240.3 249.1 253 255.1 258.1 259.3 259.5 260.7 261.2 261.3 262.4 266.2 271.1 270.2 269.9 271.1 271.5 270.5 263.4 275.8 282 288.4
349.1 347 341.6 336.7 329.5 322.5 318.1 313.3 310.2 308 307.2 305.7 305 304.1 302.2 300.3 297.7 295.6 292.5 288.6 285 281.5 280 278.2 276 273.6 271.5 269.5 267.4 264.4 261.5 258.6 255.9 252.2 248.5 244.5 239.4 235.7 231.4 226.4 220.5 215.1 209.8 206.8 204.6 204.2 206.3 200.7 192.2 192.4 193.8 200.5 210.6 217.5 227.1 233.7 242.5 250.6 256.2 259 263.1 264.9 265.1 266.3 267 266.8 268.2 272.2 274.9 276 275.9 276.2 275.7 273.4 267.9 277.6 283.4 289.4
352.1 346.8 343.1 338.9 330.6 324.8 319.9 315.8 312.1 309.6 308 307.1 305.5 304.5 302.7 300.9 297.8 295.7 292.4 289 284.2 281.4 279.5 277.3 275 272.9 270.8 268.6 266.2 262.9 260.1 257.8 255.5 253.1 248.9 244.1 239 234.9 231.3 228.3 222.3 217.9 214.5 210.3 206.8 203 199.6 195.6 198.7 193.8 193.9 200.9 211 217.8 226.9 234.8 246 255.2 259.2 263.1 267.6 270.8 272.7 271.9 272.9 274 274.4 275.7 278.4 279.5 279.5 279.5 279.2 276.5 276.5 276.5 285 292.3
350.7 347.4 344.8 339.3 331.1 325.6 320.5 317.5 313.7 311 309.3 308.3 306.3 304.3 302.6 300.2 298.3 295.8 292.3 288.4 284.3 280.7 278.7 276.2 273.9 271.9 269.8 267.4 264.8 261.6 258.8 256.5 254.1 251.4 247.8 242.4 237.8 233.6 230.6 227.6 224.1 220.4 216.6 213.1 205.4 199.7 197.5 201.5 204.1 195 195.5 200.2 212.5 220.2 228.6 235.9 248.6 258.3 262.2 267.7 272.7 277.2 277 278 278.4 279.9 279.8 281.1 281.8 282.7 282.6 282.7 282 277 281.4 283.5 285.3 292.8
350.8 347 343.7 336.5 332 326 321.3 317.6 314.9 312.4 310.5 309.6 307.3 304.4 302.2 300.1 298.1 295.5 291.9 287.9 283.9 280 277.7 275.6 273.5 271.1 268.7 266 263.3 260.1 257.5 255.1 252.5 248.5 244.5 240.1 234.7 231.2 228.2 225.8 223.1 218.9 214.2 203.4 205.1 203.4 207 204.9 211.5 199 197.1 199.6 213.3 221.5 229.8 236.6 248.9 258.2 264 271.1 276.8 279.6 279.8 281.9 283.3 283.9 283.8 284.4 285.3 285.6 285.5 285.4 285.1 281.5 285.4 288.5 291.2 296.3
351.7 346.8 340.7 336.3 331.7 326.8 321.5 318 315.6 313.8 311.8 311 308.6 305.1 302.3 299.8 297.8 294 291 286.6 283.1 279.6 276.3 274.1 272.2 269.4 267 264.4 260.9 257.9 255.6 252.8 249.6 245.2 241.3 237.3 232.8 229.2 225.9 223.5 220.5 214.7 204.6 207.5 213.1 213.2 210.7 209 212.3 206.3 200.5 197.7 214 222 229.7 238 250.4 262.7 268.9 274.9 279.7 281 281.8 285.1 286.4 286.9 287.3 287.1 287.9 289.1 288.7 288.3 288.1 286.7 288.9 292.6 297.5 302.2
352.3 345.6 340.7 335.4 329.9 325.5 321.6 318.1 316 314.2 313.4 311.4 308.9 305.7 302.9 300.1 297.4 293.2 289.5 285.7 281.1 278.2 275 272.3 270 267.6 265.2 262.1 258.6 256 253 249.9 246.1 242.8 238.1 234.5 232 229.3 225.3 221.3 216.5 206.3 209.2 216 217.1 216.4 214 212.4 212.8 209.4 201.7 199.5 214.6 222 230.7 239.1 252 264 271.4 276.9 281.9 282.4 284 288.4 288.7 289.6 290 290.2 291.3 291.6 292.2 292.1 291.8 291.8 291.8 297.4 302.3 305.8
350.9 345 339 333.6 329.5 325.2 321.4 318.3 316.5 314.8 313 310.9 308.3 305.1 301.9 299.1 296 292.6 288.4 284.2 279.9 275.9 273.3 271.4 269.2 266.5 264 260.6 257.5 253.9 250.1 246.1 242.5 239.5 236.6 233 230.7 228.6 224.9 221.3 211.7 208 216 219.4 219.7 219.1 216.7 215.6 214.7 213.8 204.2 200.8 211.9 221.1 230.2 238.7 251.9 263.7 272.4 278.6 282.8 283.2 285.6 290.4 291.1 292.6 293.1 293.7 294.5 295.2 295.7 296.8 296.7 295.6 294.9 301.8 305.8 309
350 343.4 338.4 333.9 329 325.9 321.9 318.8 316.1 314.2 312.4 309.5 306.6 303.5 300.4 297.3 294.5 290.5 286.5 282.3 278 274 271.1 268.8 267.3 265.2 262.7 259.2 255.6 252.2 248 243.2 239.1 236.2 234.1 231.4 229.1 227.2 222 213.1 210.1 212.1 221.1 221.9 222.3 221.8 219.2 218.6 217 215 207.9 200.2 204.2 219.4 227.8 237.9 249.5 263.2 271.9 277.8 282.2 284.9 287.7 292.3 294.2 295.1 296.9 298.7 299.3 299.8 300.2 301.2 300.3 300.9 298.1 304.9 308.2 312.2
347.9 343.2 337.8 332.2 328.3 324.8 320.4 317.1 314.5 313 311.5 308 304.8 301.6 298.2 295.3 291.9 288.4 284.7 280.4 276 272.1 269.2 266.7 265.1 263 260.4 256.9 253.7 249.1 244.6 241.2 236 233.7 231.4 228.3 223.4 219.1 216.2 215.6 219.1 223.1 222.8 223.4 224.1 223.9 221.9 219.9 218.4 216.5 205.4 201.4 203.3 218.6 225.3 235.8 245.2 261.8 270.1 276.4 281.7 285.9 289.8 294 296.6 299.7 301.5 302.2 302.8 303 303.2 304.1 303.6 303.9 304 305.2 310.3 314.5
345.5 340.4 336.5 331.4 327.5 323.4 319.4 315.5 312.2 310.7 309.1 306.8 302.3 299.2 296.4 293.4 290.2 286.1 282.1 278.3 273.9 270.2 267.5 264.8 260.2 260.5 257.8 253.6 250 246 242.7 239 234.5 228.9 224.5 219.7 220.6 218.6 217.9 219.4 224.3 224.4 224 224.6 226.2 225.6 223.3 221.7 219.6 218.5 204.1 202.4 206.8 217.4 223.7 233 242.5 257.4 267.7 273.6 280.8 286.5 291.2 295.8 299.2 302.3 304.3 305.1 306.1 306.8 307.1 307.8 307.5 308.7 308.6 310.6 311.6 316.2
343.2 338.5 334.4 330.9 325.9 322.3 318.1 313.7 310.4 308.2 306.2 304 300.8 297.9 295.2 292.3 288.4 284.1 279.6 276.3 272.2 267.6 264.5 260.7 256.8 255.1 254.6 251.6 248 244.4 239.2 231.2 226 225.7 225.2 224.4 223.6 223.6 223.4 224.4 225.7 225.5 226 225.9 227.2 226.6 224.3 222.4 220.7 215.2 203.5 203.3 209.9 219 224.3 230.2 238.9 248.2 263.2 272.1 279 285.1 289.9 294.9 300.6 304.1 306.5 307.8 308.9 309.8 310.2 310.7 310.1 312.1 312.6 313.7 316.5 319.6
341.5 337.2 333.9 328.9 324.3 319.9 315.9 312.3 308.5 306.5 304.5 302.5 299.3 296.5 293.9 290.5 286.3 281.7 277.3 273.5 269 264.1 259.8 252 247.2 245.3 246.4 248.2 245.8 241.1 231.1 228.9 231.7 230.5 229.3 229 227.3 227.6 227.3 228 228.2 228.9 228.3 227.6 228.7 227.5 224.9 222.4 220 205.1 204.3 206.5 215.9 220.5 225.4 230.6 237.4 245.6 258.4 269.8 276.9 283.5 288.8 293.9 300.1 303.9 307.1 308.8 310.8 311.6 312.1 313.4 313.5 315.2 315.9 317.7 320.1 322.1
339.9 336.6 333.5 330 326.8 321.9 314.6 310.2 307.8 305.8 302.9 300 296.5 292.6 290 287.2 283.9 279.2 274.4 268.8 262.8 254.8 250.7 250.3 244.2 247 241.4 238.5 235.3 234 235.8 237.5 237 232.5 233 232.5 230.6 230.9 230.7 231.1 231.7 230.9 230.2 229.3 230 227.9 225.1 222.8 217.5 204.8 206.9 209.6 216.4 222 226.7 231.3 237.4 246.7 255.3 265.9 274.8 280.9 286.8 292 298.7 303.5 306.8 309.7 312.6 313.5 314.8 316.3 316.6 318.5 321.3 323.6 324.5 325.8
339.4 335.5 332.6 330.1 326 320.6 316.5 313.5 309.6 307 303.5 300.5 297.9 294.9 291.5 285.6 279.1 271.2 268.8 256.9 258 258.7 258.6 256.7 254.7 251.9 249 246 243.2 242.7 243 241.6 238.5 236.1 236.5 236.1 234.7 234.4 233.5 233.6 233.5 232.7 231.2 231.2 231.2 228.7 225.5 222.8 210.9 206.1 207 214.3 215.1 222.4 228.1 232.6 236.9 244.9 253.6 260.2 270.9 277.6 284 289.5 296.1 302.8 307.2 311.2 314.4 315.9 318.1 319.3 321.5 324.4 327.3 329 330 331.5
338.4 334.4 331.7 329.3 326.4 324.2 320.9 316.3 311.1 307.2 303.7 300.6 296.9 292 287.6 283.9 279.1 273.2 263.9 266.8 268.5 268.1 265.1 261.8 258 255.1 253.4 251.8 250.3 248.3 246.9 244 239.3 241.3 240.8 239.3 238 237.7 236.1 235.8 235.3 234.6 233.2 233.7 233.2 229.4 225.9 217.6 207.4 207.8 211.5 220 222.4 224.5 227.5 232.8 238.1 243.1 251.4 259.6 267.3 274 281.5 287.4 293.3 301.7 308 312.1 316.6 319.4 321.8 323.8 326.3 329.8 331.5 333.4 336.3 337.9
337.7 333.8 331.5 329.9 328.3 325.7 321.4 316.5 311.3 305.5 301.7 296.8 291.1 282.3 277.5 274 270 275 276.6 276 275.7 273.9 271 267.6 264.2 259.1 258 256.1 254.9 252.5 249.7 244 244.9 244.9 243.6 242.2 241.8 240.3 238.9 237.5 236.9 236.4 235.2 235.8 234.3 230.1 225.1 220.6 210.8 209.6 216 223.3 226.5 228.5 224.6 229.1 235.9 242.9 251.5 258.4 265.2 271.8 278.4 285.8 292 298.6 308.5 312.7 317.7 321.5 324.6 327.3 330.6 334.4 336.6 338.8 340.1 340.1
337.7 334.1 330.5 327.9 325.1 323.1 319.7 314.7 305.8 304.1 300.1 290.7 294.6 293 289.5 282.1 281.6 284 283.2 281.2 281.2 278.4 275.6 272.3 267.5 265.2 264.5 261.7 258.8 255.1 249.2 249.6 249.7 248.3 246.8 245.6 244.6 243.5 242.3 241.5 240.6 238.9 236.2 235.4 233.7 229.3 223.7 218.7 211.7 210.2 221.6 229.3 230.9 233.8 237.2 239.3 238.8 236.4 240.5 252.9 261.7 268.4 275.3 284.6 290.5 297.8 308.3 313 318.3 324.2 327.2 330 333.7 337.9 340.7 342.4 342.6 343.2
338.4 335.5 333 330.6 324.1 321.2 315.7 311.8 311.5 307.9 298.4 301.3 299 297.8 295.9 294.6 293.2 290.2 288 286.2 284.4 281.4 279.3 276.3 270.6 270.4 268.5 265.9 262 254.9 254.5 253.5 253.3 251.7 250.5 249.7 248.9 248.4 246.8 245.9 244.9 241.5 237.8 235.4 231.8 227.4 222.2 218.7 212.3 215.3 226.3 231.4 236.8 240.3 236.9 251.7 255.8 257.7 254.7 254.9 258.9 262 273.2 283.5 289.3 296.5 308.8 313.6 318.6 325.2 328.7 331.5 335.5 340.4 345.2 345.2 345.2 346.8
340.1 337.5 334.8 330.1 331.5 326.4 320.6 317.3 314.1 310.2 305.8 306.2 303.4 303.4 302 299.7 297.1 294.5 292.3 290.1 287.2 284.4 282.7 278.1 276.5 274.4 272 267.8 261 258.9 260 257.2 256.8 255.3 254.5 254.9 255 253.5 252.2 250.7 249.1 245.3 240.2 236.1 232.9 229.6 223.7 220.5 213.3 215.9 228.9 234.1 241.3 246.1 251.1 256.6 263 265.3 264.2 270.6 267.9 275.8 279.8 283.8 290.4 296.6 308.2 314 318.8 323.7 329.1 332.7 336.2 344.1 346.7 347.5 349.3 352.2
342.1 339.5 335.2 334.3 333.8 330.9 324.7 320.9 317 311 311.6 309.8 308.6 307.3 305.8 302.9 300.8 298.8 296.5 293.8 291.1 288.5 285.4 283 281 277.9 272.6 271.3 269 264.8 265.2 261.7 260.2 258.7 258.3 258.9 259.8 258.5 256.9 254.9 252.3 248.6 243.2 237.1 234.2 230.3 225.2 214.6 212.7 218.4 230.8 236.8 244.2 251.6 256.9 259.6 271.4 275 276.4 280.4 282.8 282.9 286.2 287.4 289.5 296.7 304.5 313.7 318.4 323.2 329.8 333.8 338.1 345.4 348.4 349.8 351.5 355.6
344.5 340.2 337.1 335.7 334.5 332.7 328.2 323.5 318.3 318.1 315.6 314.1 312.3 310.9 309.4 306.4 304.9 303 300.3 297.7 295 291.5 287.8 287.4 284.4 279.8 277.6 275.5 270.8 271.4 268.9 267.8 264.1 263.3 262.1 263.3 263.8 263.1 260.6 257.9 255 250.7 243.5 238.2 235 230.8 224.9 214 216.2 222.1 231.6 237.3 243.4 252.1 260 267.1 273.5 282.3 284.4 287 287.8 288.5 290.8 292.9 295 295.8 300.9 309.5 316.5 321.4 329.3 334 338.7 347.6 350 351.2 354.2 358.9
347.3 342 339 337.5 335.9 333.7 330.6 322.8 323.8 322.4 320.3 319.4 316.8 314.3 312.8 309.9 308.4 306.2 303.1 301.2 296.4 292.4 292.6 290.8 287.2 284.6 282.2 279.3 274.9 274.7 273.6 272 268.9 268.4 268.5 268.5 267.9 266.3 263.6 259.9 256.7 249.9 244 239.5 236.1 231.9 223.2 216.6 216.9 224.4 234.5 240.4 247.3 252.9 263.1 272 281.3 285.8 288.9 288.8 290.1 291.4 294.3 296.8 300.3 305 309.9 314 316.6 317.5 327.5 333.1 338 346.8 348.8 351.5 355.9 360
352 347.6 343.3 338.4 337.1 334.7 330.2 327.2 327.9 325.1 323 322 320.5 317.8 315.4 313.6 311.7 309.4 306.2 303.6 300.6 300.2 296.9 295 290.6 288.9 286 283 280 278.2 276.7 275.7 274.1 273 272.5 271.7 270.9 268.8 265.5 261.5 256.9 250.4 244.3 240.7 237.8 233.9 226 218.1 217 225.9 236.4 243.2 250.3 258.6 265.7 268.3 279.3 288 289.8 290.1 291.7 294 297.1 300.5 305.8 311.6 316.4 319.5 323 325.8 326.6 332.5 336.5 340.5 348.4 352.1 357.1 361.4
353.7 350.7 347.2 341.1 338.1 335.2 333.6 331.8 329.3 326.4 325.6 325 323.4 321.2 318.6 316.7 314.5 312.3 308.8 306 306 304.2 302.5 298.8 296.8 293.2 289.2 286 284.1 282.5 280.3 278.5 277.1 276.2 275.5 274.2 273.5 270.3 267.1 261.4 256.5 250.5 244 241.2 238.2 232.9 226.1 223.3 219.5 226.3 237.9 245.1 252.7 260.2 267.4 276.3 282.8 286.8 289.2 291.1 292.9 297 301.8 305.4 311.2 316.4 320.7 323.5 327 329.3 332.6 334.9 340.8 347.6 352.2 355.2 359.6 362.7
357 354.1 349.5 344.1 339.7 338.4 335.9 334.3 331 329.2 328.7 327.8 325.8 323.7 321.8 319.1 316.9 314.9 312.3 311 309.7 308.1 306.3 302 302.4 296.4 295 291.1 288.1 286.9 284.3 282.1 280.6 278.9 277.9 276.6 276.1 273.3 268.6 263 256.4 249.9 244.8 241.5 238.7 232.9 227.5 225.1 222.6 226.2 239.2 245.8 252.2 260 267.2 275.7 284.6 288.3 289.9 292.4 295.7 302.6 308.6 313.4 314.9 320.6 323.9 326.9 330.1 333.6 336.4 338.7 344.8 351 354.9 357.9 361.1 365.5
360.9 356.7 352.7 346.6 344.1 342.6 340.3 336.8 334.4 332.4 330.9 329.9 328.2 326.3 324.3 322.4 319.6 317.5 315.6 314 312.8 311.3 308.5 307.6 306.3 304.3 302 297.6 294.7 292.1 289.6 287.2 284.5 281.8 279.9 278.4 278 274.5 270.8 265 258.2 251.6 246.1 242.6 239.6 234.3 230.3 228.4 225.8 221.1 238.1 245.5 252 259.9 267.2 276 285 290.6 294.2 296.7 301.2 309.4 314.9 319 320 324.5 326.8 329.9 333.6 337.6 340 345.7 349.8 354.8 357.9 361.2 364.4 366.8
362.8 359.4 356 352 347.8 345.8 343.8 340.2 338.1 336.4 334.5 332.7 331 329.4 327 324.7 322.4 320 318.2 316.8 315.2 312.6 311.8 311.3 309.6 309 307.4 305 302.4 298.4 294.7 292 289.1 284.8 282.6 281.2 279.1 277.1 273.2 268.2 262.5 254.8 247.3 244.3 240.5 236.7 233.8 230.7 228.4 226.3 231.9 246.2 251.1 258.1 266.5 274.3 285 293.1 298.9 300.8 306.6 314 319.7 323 325.4 327.4 329.8 333.6 337.4 340.8 344 351.2 356.1 358.6 360.3 363.4 366.3 368.5
364.2 361.7 359 355 351.1 348.7 348.7 345.8 341.9 339.9 338.2 336.1 334.4 332.3 329.8 327.5 325.2 323.3 321.2 319.5 317.1 315.5 314.6 313.6 312.8 312.8 311.7 311.3 309.2 305.1 300.5 295.4 292.7 289.4 286.2 284.2 282.2 278.5 274.6 271.2 264.9 258.8 250 247.5 244.1 239.8 236.1 232.9 230.8 229.8 232.3 246.3 250.6 256.3 265 272.1 284.7 293.5 301.1 304.6 310.7 316.9 322.2 325.8 328.1 330.3 332.9 336.9 340.3 344.6 351.2 357.6 359.7 361.2 363.7 366.4 368.8 372
366.4 364.1 362.2 359 357.1 353.1 352.8 349.7 347.3 344.7 342.7 339.6 337.2 335.5 333.1 330.7 328.7 326.6 323.8 322 321.3 319.2 319 316.7 314.9 315.4 316.2 316.5 313.9 310.9 305.9 299.8 296.1 293 288.8 286.9 283.9 280 276.2 272.9 267.2 262.6 255.8 251.4 248 243 238.3 235.2 233.4 225.9 227.8 245.3 251.2 255.6 263.9 271 282.8 293 299.8 306.4 312.6 318.3 322.4 327.6 330.1 332.7 335.9 341.1 344.9 349.1 356.5 361 362.1 364.3 367 368.9 371.4 375
370 366.4 365.1 364.2 361 357.9 356.2 354.9 354.2 352.1 349.1 345.6 342.3 339.7 337.5 335.6 334.3 331.5 330.3 327.3 325.8 323.8 322.5 320.3 317.3 318.5 320.1 320.5 318.8 315.5 310.1 304.1 298.9 295.2 291.2 289 285.6 281.8 277 273.6 268.7 264 260.1 256 251.6 245.8 241.1 237 230.7 226.5 228.8 242.6 250.7 255.8 262.2 270 280.8 292.1 299 305.7 312.7 318 321.4 328.6 332.4 336.3 340.8 344.5 348 354.2 358.4 363.3 365 367.6 369.9 371.5 374.8 379.1
377 373.4 369.9 366 363.8 362.5 360 359.2 358.5 358.2 357.3 353.4 348.6 346.1 343.8 342.3 340.3 338.7 335.5 332.3 330.5 328.2 327 323.8 321.1 320.6 322 323.5 322 318.6 313.5 306.3 301.1 297.8 293.6 290.9 288.1 283.9 279.5 274.2 268.9 265.2 260.9 258.6 254.4 249.1 243.9 239.3 230.6 228.3 229.2 236.8 249.6 254.2 259.5 268.1 274.5 290 297.3 305.2 311.5 317.8 322 328.8 334.4 339.7 345.4 348.6 351 358 363.3 365.5 368.1 371.3 372.4 375.4 379.9 385.4
