ny/ny95_OST50GRID_20230518/NY95.asc
ncols 200
nrows 200
xllcorner 390000
yllcorner 550000
cellsize 50
[rows 140 to 174 of 200, columns 0 to 77 of 200]
383.1 381.1 378 374.3 370 367.9 365.3 363.5 364 364.5 363.7 360.6 357.6 353.5 352.6 350.1 346.5 344.1 342.3 339.1 336 334 332.9 329.5 325.3 324.2 323.7 325.3 323 319.5 314 310.4 305.2 300 295.7 292.8 290.2 285.6 281.3 276 270.1 265.6 261.9 258.9 256.1 251.7 246.9 243.6 236.7 228.9 229.5 232.6 248.6 254.4 258.6 266.6 276 287.7 297.2 306.2 310.8 317.5 323.3 329.5 337.2 343.7 348.2 352 357.1 361.3 366.1 368.7 371.7 373.5 376.5 380 386 391.5
391.2 388.3 385.3 382.2 379.9 376.6 371.7 370.8 368.8 368.8 368.7 368.5 366.3 362.1 358.4 357 355.5 353.3 350.7 348.3 343.9 341.3 339.7 335.2 331.7 328.5 326.5 326.8 323.7 321.4 318.3 314.1 307.8 301.2 297.6 294 291.2 287.3 283.2 278.3 273 266.8 263.2 261.3 258.5 254.4 249.8 245.3 240.3 235.4 231.2 230.9 242.7 254.7 258.8 264.7 274.4 283 295.5 304.2 310.1 317.4 324.2 331 339.2 345.4 350.4 356.2 362.7 365.4 368.4 371.2 374.2 377 380 384.7 390 396.6
398.4 394.5 393.1 391.3 389 385 381.8 378.8 376.5 375.8 375.1 374.6 373.7 370.4 367.1 364.1 363.2 361 359 356.1 351.8 349.4 346.2 341.3 337.7 333.1 329.4 327.8 327.7 325.5 321.4 316.7 310 303.5 299.5 295.9 293.1 289.1 284.6 280 273.8 268.1 265.2 262.3 259.8 256 250.4 246.2 243.4 243.4 238.9 234.5 238.1 254.6 260.3 265.8 273.3 281.4 289.7 301.6 309.6 316.1 322.5 331.7 341.5 345.6 351.3 357.6 364.8 368.8 371.2 374.1 376.3 379.2 382.2 386.9 393.4 399.9
405.1 404.2 400.5 396.7 396.2 392.9 391.1 390.5 388.1 384.7 385.2 384.7 382.7 379.7 374.8 372.6 370.1 368.6 365 362 359 356.1 353.1 348.5 343.4 337.7 332.9 330.4 330.5 328.5 322.9 319.2 313.4 306.7 301.2 297.6 294.4 291.2 286.1 280.9 275.2 270.4 267.3 264 260.1 257.1 254.8 250.7 247.2 245.7 241 237.1 232.7 252.8 258 265.8 272.2 280.4 287.3 296 305.2 313.3 321.6 332.9 343.4 347.1 352.6 359.9 367 370.2 372.6 376.4 378.4 381.6 384.3 390.4 397 402.7
410.3 409.2 408.1 406.4 403.8 399.4 396.9 396 395.3 392.2 393.6 393.9 391.5 389.8 387.4 383.9 380.6 376.2 372.3 368.2 364.5 361.9 357.2 352.3 348.7 343.1 337.6 333.1 332.6 330.8 326.4 321.7 316.2 309.1 302.9 299 295.7 293 287.5 281.5 276.2 272.2 268.8 265.2 262.5 260.3 257.2 252.7 249.4 244.7 244.4 235.8 233.2 251.1 259.7 266.6 273.4 280.3 287 294.2 304.2 313.3 321 333.4 344 347.8 353.4 359.5 365.2 371.5 373.9 377.4 380.7 383.4 386.1 391.5 398.7 404.1
414.9 413.9 412.2 410.6 408.1 407.2 402.8 402.4 402 399.6 399.9 398.9 397.5 394.9 392.7 389.9 388.5 386.1 380.5 374.6 370.6 365.7 360.7 355.3 351.4 346.2 341.4 336.5 334 332.5 328.1 322.5 317.5 311.7 304.6 301 297.1 293.8 288.3 283 277.4 273.6 270.1 267 265 262.1 259 253.8 249.2 247.2 240.9 234.8 240 252.3 259.2 265.2 272.4 280.3 288.4 295.3 308 316.4 324.5 334.4 342.9 348 353.5 357.8 362.9 371.4 375.5 378.6 382.8 385.2 387.8 392.8 401.1 405.3
418.8 417.7 415.8 413 412.3 410.8 410.3 410.2 408.9 406.1 407.8 407.1 405.9 402.7 398.1 392.8 391 388.9 386.4 382.9 375.6 370.6 363.7 357.8 353.4 350 344.4 338.7 335.5 333 328.7 324.9 320.6 314.8 307.1 302.6 299.4 295.5 290 284.2 278 273.6 270.8 268.3 266.3 263.1 259.6 254.6 250.9 249 237.6 236.4 241.7 253.9 258.2 264.6 272.2 279.4 289.4 298.6 310.1 318.9 328 337.8 345.9 350.7 356.5 362.3 365.5 369.6 376.1 380.7 383.8 386.7 389.7 395.9 402.5 406.2
419.2 418.2 416.5 415.6 415.1 413.6 413.3 413.4 413.7 414.4 413.9 413.7 413.7 410.8 403.5 396.8 391.6 389 387.3 385.8 379.3 373.4 365.1 359.9 355 351.3 346.9 341.5 336.8 333.8 330.8 327.5 323.5 318.1 310.1 305.7 302.5 297.8 293.4 287.9 281.1 276.5 274.4 271.2 266.9 263.5 260.9 256.9 252.6 243.9 238.6 237.4 245.1 255.9 262.4 267.2 273.4 281.2 289.2 300.5 312.7 320.7 329.8 341.7 349.1 354.6 359.9 365.6 370.2 373.4 377.1 381.4 384.6 387.3 391.5 397.2 403.6 407.9
419.1 417.9 416.5 416.1 416.4 416.4 416.5 416.7 416.8 416.7 416.6 415.7 414.9 413.5 404.5 397.1 392.6 388.9 387.6 386.6 379.3 375.3 367.7 361.5 354.4 351.8 349.1 345.4 337.8 334.5 331.5 328.6 325.1 320.9 314.1 308.7 304.8 299.8 295.3 291.2 285.6 281.6 277 272.9 268.5 264.5 261.3 256 251.7 243.7 239.2 239.4 250.6 258.2 264.8 270.5 275.7 283 290.9 303.6 316.3 323.2 333.2 344.2 350.5 356.8 362.7 368.1 373.4 376.2 379.5 383.1 385.7 388.1 392.7 399.5 403.8 409.2
419.6 418.7 417.4 416.9 417 417.3 417.8 418.8 418.5 418.1 417.3 416.5 412.1 408.3 401.3 396.4 393 389.7 383.9 387.7 380.9 371.8 366.1 360.8 355.5 349.4 347 344.8 339.3 335.3 332.4 329.3 326.3 322.3 317.9 310.9 306.4 300.9 296.6 292.6 288.9 284.3 278.4 274.1 270.1 265.9 261.4 255.7 252.1 241.5 239.2 241.6 253.6 260 267.4 273.4 279.5 287.3 295.7 310.1 318.2 326.3 335.7 346.6 352.5 357.5 363 369.3 375.3 378.8 381.6 385 387.2 389.4 394.5 400.5 404.4 408.6
420.5 419.7 419 418.3 417.7 418.7 419 419.5 419.3 417.9 416.5 413 405.4 401.8 397.6 395.1 391.8 387.4 383.1 380.5 377.8 368.3 360.6 357.4 351.4 347.2 344.6 344 340.8 336.4 333 330 326.4 322.8 318.9 314.3 307 302.2 298.5 293.7 289.6 284.7 278.3 274.5 270.8 266.6 261.1 255.3 248.4 241.2 240.9 245.3 256.7 263.4 269.3 275 281.1 288.3 302.7 316.2 322.9 331.3 340.2 349.7 353.6 358.9 363.9 370.6 376 379 383.6 386.8 388.6 393.1 398.1 402.7 405 406.3
422.3 420.8 420.4 418.9 418.1 418.6 419.8 418.7 416.4 413.4 412.3 406.7 401.1 397.3 395.3 392.9 389.6 381.9 378.2 370.6 371.1 364.7 356.2 352.3 347.9 346.1 343.6 342 341.3 337.7 334.1 330.2 325.7 321.1 317.6 313.4 307.5 303.2 299.3 293.7 288.6 283.2 278.3 274.8 271.2 266.8 260.5 255.1 245.4 243 246.1 253.4 260.3 265.3 270.9 276.5 283.7 292.9 309.6 319.5 326.8 335.8 345 351.4 355.1 360.3 365.1 370.3 374.4 378.9 384 387.6 391.1 397 401.6 404.5 406.1 406.1
423.5 421.8 421.7 419.3 412.1 415.3 414.9 412.4 409.2 408 406.2 402.6 398.3 394.3 391.5 388.1 382.3 377.8 371.7 364.6 366.1 361.1 354.3 350.5 345.4 343.2 342.1 340.4 338.6 337.8 329.8 325.8 323.9 321.1 317.8 312.7 308 303.8 299.6 294.3 288.1 282.2 275.8 273.3 269.4 264.4 260.1 254 245.5 244.3 247.1 257.4 263.9 268.4 273.4 279.6 288.5 299.3 315 323.1 330.2 338 347.6 353.2 356.8 361.9 366.7 370.4 374.2 378.9 384.8 389 394.7 401.5 404.2 405.4 406.8 407
422.9 419.1 417.5 413.2 402.8 404 405.9 404.5 403.7 403.1 401.2 397.3 393.4 388.4 384.6 380.3 376.2 371.3 365 360.1 361.3 358.2 352 348.7 342.6 340.9 339.6 337.7 335.7 335.2 329.3 324 322.9 319.9 316.8 311.5 306.6 301.7 296.9 291.9 285.9 279.3 273.5 269.2 264.7 259.9 257.2 249.3 249.2 245.3 256.5 263.8 267.4 271.7 277.4 285 293.5 305.9 319.2 326.5 332.8 341.4 349.1 354.2 358.5 363.8 367.6 371.4 374.8 379.4 385.8 390.6 396.7 403.6 405.2 405.9 406.6 404.8
408.6 405.9 404.8 402.2 396.6 397.9 398.4 398.7 397.3 397.1 394.2 390.9 386.4 383.3 378.5 372.4 368 364.7 359.6 356.4 358 358.3 354.1 345.5 339.9 336.6 336 335.1 334.9 334.4 330.3 325.4 323.4 315.5 313.5 308.4 302.2 297.1 291.9 288 281.6 276.9 272.9 267.3 261 255.8 255.4 255.6 255.1 247.9 261 267.5 272 276.2 281.6 289.7 298.9 312.5 321.7 328.3 334.7 343.2 350.2 355.4 359.4 364.7 368.1 371.4 375.1 380 385.6 391.9 396.3 400.2 403.9 404.9 405.4 402.7
400 397.9 396.9 393.9 389.4 389.6 389.1 388 387.9 387.2 384.3 382.6 379.6 376.2 372.5 367.7 363 358.9 355.7 354.5 355.1 356.1 350.1 344.8 337.3 331.1 327.9 332.7 333.8 330.9 329.2 326.7 321.7 314.4 308.9 303 296.6 291.3 287.6 282.9 279.3 275.1 271.1 264.3 259.9 262.6 261 260.8 259.3 247.7 265.8 271.2 275.3 279.4 284.8 292.9 302.5 314.1 323 330.7 337.1 345.2 350.7 356.3 359.9 364.1 367.5 369.8 372.5 376.7 382.9 390.6 394.4 397.2 401.2 402.7 402.3 401
392.5 390.7 391 387.1 384.6 383.5 382.5 380.1 379.3 378.6 376.6 375 371.2 368.9 365.5 361.9 358 354.5 352.1 350.6 352.1 350.5 344.3 341 333.9 327.8 324.9 325.5 328.7 331.5 330.3 325.1 321.1 313.3 305.3 299.4 293.1 288.1 283.9 280.2 276.5 273.4 267.7 264.3 265.3 265.7 265 264.7 259 250.5 266.5 273.6 278.3 282.2 288.7 294.9 304.6 315.5 323.4 331.1 338.1 346.8 350.5 357 360.5 363.6 366.3 368.5 370.8 373.9 378.6 384.3 389.9 393.3 399.3 400.1 399.8 398.3
384.3 382.4 382.2 380.9 380.6 380.4 377.3 374.5 372.6 370.5 369 366.6 364.9 361.5 358.6 356 353.4 351.5 349.1 348.5 349.3 346.1 341.4 337.7 332.2 327 322.2 321.8 322.2 325.5 325.1 320.4 318.9 311.9 304.1 296.8 292.6 286.7 281.9 278 273.5 270.1 268.8 269.4 269.3 268.7 267.7 265.3 254.1 252.5 267.4 274.3 279.4 284.5 290.2 296.2 304 314.5 321.9 329.5 337.4 344.5 349.9 356.4 359.7 362.5 364.3 366.8 369.2 371.7 375.5 379.1 383.6 392.1 396.8 398.8 398 396.6
376 375.1 373.2 373.7 372.7 375.3 374 370.3 367.4 364.8 363.7 360 358 355.2 353.6 352 349.8 348.5 346.2 345.9 344.3 341.2 338.2 334.6 329.4 324.8 321.5 319.2 317.1 318.4 317.7 315.1 311.5 307.7 301.3 294.6 290.5 284.7 281.8 279.4 277.4 274.1 272.8 272.1 271.6 271.1 269.5 265.5 252.5 256.9 267.8 275.5 280.7 285.3 291.7 297.8 303.4 311.7 320.9 327.9 335.2 342.3 347.4 354.2 358.6 360.5 362.1 365.1 367.8 370.3 373.6 378.9 384.1 390.2 395.4 397.9 397.5 395.8
368.6 366.5 365.4 364.9 363.7 367.1 366.7 364.7 361.8 358.1 356.2 354.8 353.4 351.5 349.5 347.4 346.5 344.8 341.4 341.5 340.8 337.5 334.3 330 326.7 323 320.5 317.9 313.3 312 311.1 308.7 306.2 302.3 297.1 293.2 287.5 285.3 283.4 281.1 278.7 276.7 274.7 273.1 271.7 270.8 269.3 259.2 264 259.6 263.6 272.1 280 284.6 290.4 297.6 302.7 308.7 317.2 324.4 331.5 338.8 344.6 350.8 354.8 357.5 361 363.7 367.7 370.3 374.5 379.8 383.7 389.6 394.4 397.5 396.3 394.5
360.7 359.4 358.2 357 357.2 358.1 358.4 357.7 355 352.4 350.5 349.3 348.2 347 344.9 342.1 343.4 340.4 337.9 339.3 341 335.2 330.4 327.3 323.7 319.9 318.5 316.6 313.1 307.4 305.7 303.5 300.7 298.4 295 291 289.7 286.2 281.4 278.7 277.2 275 272.8 271.2 268.8 267.9 265.3 256.4 270.8 271.8 265.5 267.3 277.1 281.7 287.8 294.5 300.9 307 313.7 320.5 327.8 333.6 341.2 346.9 349.5 353.2 358.9 363 367.1 370.4 374.9 380.2 383.9 389.4 393.3 395.4 395 393.6
355.7 353.6 353.2 352.2 350.9 349.7 350.2 349.5 348.2 346.4 345 343.8 343 341.4 339.8 336.2 340 335.1 335.4 341.6 339.7 334.6 331.1 326.3 325.1 320.9 315.9 313.9 310.1 305.6 298.1 297.7 296.5 296.4 293.6 291.9 288.2 284.9 282 278.2 275 272.8 271 265.7 259.4 261.9 268.2 270.3 275 275.7 274.4 267.4 273.2 280.3 285 290.6 298.2 305.4 312.7 318.6 324.6 330.4 337.9 342 346.5 353.5 358.9 363 367.4 371.2 375.9 380.3 383.5 388.3 391.3 392.7 393.9 392.5
352.8 350.5 348.5 347.6 346.9 346.1 345.4 344.5 343.1 342.1 341.3 339.6 338.6 338 335.7 333.2 331.6 329.2 334.1 336.7 337.2 333.5 331.2 329 328.8 324.2 314.8 309.8 307.8 303.4 298.7 293.1 293.5 295.6 292.4 289 284.7 280.2 276.7 275 272.3 266.5 263.4 266.3 269.5 269 275.4 275.7 277.9 279.5 277.6 274.2 272.6 277.5 282 285.9 292.2 301.1 308.4 315.4 320.8 327.3 333.1 340.3 347.2 354.4 359.8 364.3 366.7 371.1 375 379.4 383.1 385.7 388.2 389.2 390.3 390
347.4 346.2 345.2 343.9 342.3 342.8 342.6 340.7 340 338.8 337.2 336.7 335.1 333.7 332.7 330.4 326.5 325.5 329.4 331 331.7 332.4 331 329.3 327.9 323.7 314.8 308.8 302.2 299 295.5 291.3 287.2 289.5 287.3 283.2 277.2 273.2 270.6 269.3 267.2 267 272.6 274.6 276.8 273.3 277.8 279.6 279.6 282.4 283.3 279.7 278.5 276.3 283.8 290.1 297 301.9 306.6 310.1 316.9 325.1 333.1 341 350.7 356.8 358.9 364.7 367.2 370.7 375.7 379.6 383.1 384.2 385.6 386.6 386.7 386.4
342.2 341 339.7 338.7 338.5 339.2 338.8 337.4 336.3 335.6 334.8 335 333.7 332.7 331.7 328.9 324 321.3 325.6 325.2 325.9 327.9 329.5 328.8 328.7 320.8 314.4 308.4 302.2 295.1 292.8 289.4 283.9 281.3 279.9 276.2 276.3 276.3 277.1 273.4 267.3 271.7 278.3 279.4 280.3 279.9 280.4 281.9 283.2 284.1 287.3 286.3 287.5 281.2 284.6 290.1 297.7 304.9 309.7 313.7 318.5 324.4 331.6 339.5 349.6 356.4 358.2 363.3 366.8 371 376 381.6 384 385.4 385.6 385.7 385.4 384.6
338.5 336.6 334.8 334.7 335.7 335 335.3 334.9 334.7 333.9 333.7 333.6 330.4 331.3 329.8 329.9 323.6 316.5 320.9 321.7 320.7 319.5 318 317 318.5 311.4 308.7 304 298 293.7 287.2 282.2 281.4 279.5 282.4 280.2 282.5 282.6 276.3 270 277.9 281.6 283 283.4 284.1 283.4 285.5 285.6 288 288.5 291.3 292.3 293.7 291 289.6 291.5 299.2 304 308.3 311.8 316.8 325.2 331 337.9 349.1 353.7 356.7 363.9 369.2 373 376.3 382.1 384.8 385.8 385.8 385.6 385 383.8
337.2 336.6 335.6 335 331.6 330.3 330 330.2 330.3 332 329.7 328.3 325.3 324.4 322.4 322 319.5 315.5 316 317.2 316.4 314.9 312.8 310 307.3 304.8 300.7 296.3 291.3 286.6 284.7 286 288.2 286.8 286.9 283.6 286.9 285.3 271.2 281 284.6 287 287.1 287.4 288 288.8 290.8 291.5 292.3 293.4 293.5 296.6 298.4 297.7 299.6 294.3 298.3 305.9 311.3 315.1 320.8 326.5 331.6 336.1 345.2 351.2 357.3 364.4 370.9 373.9 377 381.8 384.7 386.4 387.7 386.4 385.3 384.6
337.9 337.8 337.2 336.3 334.9 333.8 332.6 330.2 328.6 327.1 323.7 322.1 320 318.4 318.3 313.2 312 309.8 310 312 311.6 310.8 309.1 305.3 301.3 296.1 291.8 292.5 290.4 291.8 292.7 294 293.2 293.1 291 285.8 286.6 282 274.7 288.3 290.9 291.8 291.9 292.6 294.6 294 295.8 297.5 297.3 297.1 297.1 299.5 301.5 303 304.2 304.6 300.1 305.8 310 317.4 322.7 328.7 333.5 339.1 346.6 352.4 359 365.4 371.9 375.3 378.8 383.7 385.6 386.3 387.5 387.2 386.6 385.3
338.7 338.6 338.3 337.5 336.4 335.7 334.4 334.7 334.4 333.7 332.1 331 328.4 325.3 322.1 319.5 315.7 315.1 312.2 306.1 307 304.5 302.2 297 298.1 300.3 302 301.7 300.3 301.3 301.2 300.7 299.5 293.3 291.6 280.4 287.1 286.1 295.4 296.5 299.4 300.5 301.4 301.2 301.1 299.3 300.6 301.7 302.2 302.1 302.1 304.7 305.6 306.2 307 308.4 307.9 307 310.9 319.4 325.1 330.8 335.4 341.5 348.6 353.7 359.4 365.7 371.9 377.4 379.6 383.9 386.4 387.1 387.5 387.1 386.5 385.8
340.1 339.2 338.4 337.8 337 335.6 334.6 335.3 334.4 333.9 332.8 332.1 330.9 328.6 324.5 322.2 319.6 317.7 313.8 310.3 306.3 306.3 303.2 306.9 308.8 308.8 313.1 309.8 307.9 308.6 308.7 307.7 293.1 290.8 298.6 301 299 304.3 306 305.6 307.4 307.9 306.9 305.5 305.2 304.9 304.8 306.2 306.2 307.3 305.6 308.3 309.1 310.2 312.2 312.3 313.5 312.7 313.6 320.8 326 332.5 337.9 343.7 350.5 356.6 361.7 367.9 374 378.1 380.8 384.2 386.5 387.5 388.1 388.3 388.3 387.2
340.7 339.3 338.6 337.9 337 337.1 337.2 337.3 335.3 334.8 333.6 332.9 331.2 329.8 325.9 323.7 322.6 319.8 318.1 315.2 312.6 311.7 312.1 321 322.7 322.7 324.5 323.6 317.8 313.8 314 311.8 287.3 309.4 314.2 312.7 312.3 312.5 312.3 313.1 313.3 312.5 311.5 310.2 309.9 310.5 310.1 311 311.9 313.2 310.3 313 313.9 314.2 316.5 317.6 317.6 317.1 316.6 321.8 326.8 334.2 339.9 346.4 352.7 359.3 363.9 369.4 376.9 380.7 382 383.8 386.2 387.3 388.6 389.6 389.8 388.6
340.7 340.7 338.4 338.6 338.6 337.1 337.1 338.1 338.6 339 335.2 332.3 332.2 330.7 329.6 327.9 326.8 325.1 320.9 318.6 316.7 318.1 325.9 327.2 327.2 325.2 320.8 317.5 316.1 316.8 303.8 289.5 302.5 318.2 318.6 318.2 317.2 317.1 316.9 318 318.6 317.3 316.6 314.8 315.7 316.1 315.9 317.3 318.6 318 316.6 317.1 317.8 319.1 320 322.1 322.9 321.1 320.4 324.4 330.6 335 343 350.2 356 361.1 365.9 372.1 379 383.2 384.1 385 385.9 386.8 388.9 390.5 391.3 390.6
340.3 340.8 338.6 337.9 339.1 339.4 337.8 337.2 337.5 338.2 335.7 332.6 332.4 331.2 331 330.7 329.7 326.2 323.7 321.8 323.5 326.6 329.4 329.3 328.3 323.4 315.5 310.4 305.6 292.2 293.7 315.2 323 323.7 324.8 325.4 322.9 323.1 322.4 323.8 326.3 325.6 322.4 320.2 322.6 321.3 319.9 321.6 322.9 322.4 319.7 321.8 321.3 324.6 325.1 326.5 327.5 327.5 329.2 325 333.8 338.7 345.5 352.8 358.6 363.5 368.3 376.1 380.2 384.1 386 386.3 386.2 386.4 387.4 389.1 390.3 388.9
333.4 337.5 339 337.8 337.4 336.8 337 336.4 337.1 338.1 337.2 334.3 331.3 332.7 331.4 331.1 330.8 330.1 331 329.9 328.1 328.5 330 327.6 320 315.7 311.3 295.2 293.5 303.1 318.2 326 327.4 328.2 328.4 329.8 328.3 328.2 327.8 326.7 328.5 328.7 328.8 326.6 328.3 327.2 325.8 327.2 327.7 325.4 325.4 328.1 328 329.4 332.2 333.8 334.5 336.8 337.4 331.6 337.3 342.9 349.2 355.9 360.7 365.4 370 376.1 379.5 384.1 386.1 386.2 385.8 385.7 386.7 387.8 387.8 387.7
330.6 330.9 331.3 332.3 329.8 330.3 331.5 332.3 332.9 332.8 331.8 329.6 328.1 328 331.2 331.1 330.9 330 330.7 330.6 328.4 328.9 327 319.1 314.9 297.5 296.2 303.2 316.8 324.3 326.4 330.1 330.7 331.8 331.8 332.5 331.5 331.2 330.4 331.2 332.5 333.5 333.4 332.8 331.2 330.7 330.7 331.3 331.3 331.5 332.5 334.3 335.3 336.6 338 339.2 341 342.2 341.9 340.3 339.8 347.5 352.9 358.3 361.6 366.5 370.8 375.4 379.1 384.3 384.4 385.2 385.1 386.1 387.4 388.3 388.1 387.2
