ny/ny95_OST50GRID_20230518/NY95.asc
ncols 200
nrows 200
xllcorner 390000
yllcorner 550000
cellsize 50
[rows 35 to 69 of 200, columns 78 to 155 of 200]
146.3 146.2 145.3 145.9 146.9 146.6 146 145.2 142.7 132.3 124.3 135.6 136.8 137.7 142.8 148.2 152.1 152.9 152.8 152.5 151.6 151.4 149.7 147.7 155.2 161.2 165.1 168.7 172.8 177.5 180.4 183.5 185.9 186.4 185.6 187.2 188.2 187.5 185.2 184 184.5 185.7 187.4 190.9 193.7 195.4 197.1 197.6 198 198.6 197.9 196.4 194.5 192.4 189 187.4 187.5 187.4 186.2 188.2 190.8 193.6 196 199.1 202.2 204.3 203 200.6 199.7 197.4 196 194.6 194.7 195.5 195.6 194.3 193.2 192.7
148.6 147.9 147.1 147.1 147.1 146.3 144.8 137 127.2 125.2 136.7 139.4 139.8 142.1 145.3 148.3 152.2 153.8 154.3 154.3 154.6 155.3 155.9 150.5 155.1 161.6 166 170 174.9 180.6 183.7 186.8 189 190.6 191.9 192.5 193.6 193.3 192.2 190.5 189.3 189.6 190.9 195 196.4 196.8 197.2 198 198.1 198.1 197 195.7 193.2 191 189.1 188 187.9 188.3 190.4 192.3 194.6 197.8 199.7 202.1 203.8 204.9 204.9 203.2 202.9 202.5 200.1 198.8 199.7 200.7 199.9 199 197.6 196.6
143.5 142.4 143.4 141.2 139 140 139.1 129.4 125.5 129.1 138.9 141.4 143.2 147.1 150.5 151.4 154.2 157.1 158.7 160.3 160.7 161 161 157.2 152 161.3 165.4 169.3 175.7 181.4 186 188.9 191.6 194.4 196.6 197 197.7 197.8 196.8 195.2 194.3 194.3 196.2 200.2 201.3 201.8 201.6 200.8 200.9 199.4 198.1 196.5 195.4 193.7 191.1 191 192.1 193.7 195.4 197.1 197.8 200.7 202.9 205.2 205.9 206.2 206.9 207.6 207.3 206.1 204.8 203.2 203.6 203.6 203.1 202 200.5 199.9
142.3 141.8 130.6 128 125.7 129 129.3 126.8 127.8 133.9 140.5 144.8 147.2 150.2 153.1 155.4 158 160.5 162.6 164.3 165.5 166.1 165.2 161.4 154.6 161.5 164.7 168.5 174.2 180.5 186.4 189.9 193.7 197 200.4 201.5 203.3 202.7 201.4 200.8 200.3 200.2 201.3 203.7 204.3 205.1 204.7 204 203.1 202 200.7 199.5 199.7 196.7 194 195.5 197.3 199.1 200.4 201.6 202.7 204.4 206.1 207.4 207.1 207.9 210.3 211.6 209.8 208.5 208.2 207.5 207.6 206.6 204.9 203.2 201.6 200.9
141.7 131 127.9 127.4 127 126.2 126.7 126.6 134.4 141.3 146.6 149.3 151.1 152.1 153.8 156.5 160.1 163.2 165.3 166.3 166.4 166.5 165.4 163.4 160.7 156.6 162.8 167 170.8 176.4 183.5 189.7 194.1 198.8 203.5 206.3 208.7 208.5 208 206.9 206.2 205.3 205.9 207 206.7 206.3 206.6 206.8 205.5 204.7 204 202.2 202.4 200.5 198.6 199.3 201.4 203.7 205.3 206.5 207.7 208.8 209.8 209.6 209.5 212.9 217.5 214.9 212.5 210.1 209.7 210.7 210.3 207.4 205.7 203.8 202.3 200.5
132.2 129 129.4 128.7 130.5 131.8 131.5 137.2 141.5 147.5 150.5 153.4 154.3 155.1 155.9 157.6 161.1 163.6 166.2 166.6 166.3 165.6 164.6 162.7 160.6 155.3 161.5 165.3 169 172.7 178.2 186.9 193.1 198.9 203.6 207.6 210.1 211.3 211.1 210.3 209.4 208.3 208.2 207.7 208.3 207.2 206.6 207 207.5 207.4 206.6 204.8 204.3 202.7 202.5 203.3 205.1 207.2 209.2 210.5 210.8 211.5 213.2 214.1 213.2 216.6 221 215.9 212.9 210.2 210.3 210.7 210.6 208.6 206.4 204.9 204.6 202.4
130.1 128.6 130.1 134.9 138.3 139 141.3 144.4 147.5 150.6 152.6 154.8 155.8 157 157.9 161.1 163.7 165.8 166.1 166.2 165.6 165.1 164.7 163.4 161.1 158.3 158.8 163.4 166.5 170 173.9 178.8 187.1 194.3 201.1 205.5 208.8 210.6 212.1 212.1 211.3 210.3 209.2 208.8 208.6 208.4 207.7 207 207.5 208.2 207.8 206.6 205.1 205.9 205.8 206.7 208.2 209.2 209.9 210.5 212.1 213.1 214.6 216 215.8 216.6 217 215.6 213 211.2 211.2 210.1 209.8 209.4 208.9 209.3 208.3 207.4
129.1 129.4 135.9 139.2 140.3 141.1 145.7 147.2 149.7 152.2 152 154.4 157.1 158.9 160.4 163.5 166.2 167.7 167.8 166.8 166.6 165.6 164.8 163.5 160.5 158.2 158.2 159 163.8 167.4 170.3 173.7 180.1 186.5 193.6 199.9 205.7 208.3 210.9 212.6 212.2 211.1 210.3 209.2 208.5 208.4 207.9 207.5 207.7 207.8 207.2 206.7 205.6 206.1 207 207.9 208.2 208.9 210.2 211.9 213.6 215.2 217 216.5 216.4 217.3 217.2 215.8 215.2 214.3 213.7 213.5 212.5 211.9 211 209.9 209.2 208.5
132 137.3 140.8 140.7 142.3 146.5 150 150.7 151.7 152.7 152.5 158.9 161.9 163.5 164 167 168 168.9 169 168.1 167.1 166 164.7 163.3 160.6 159.2 159.1 159.3 159.7 162.8 166.8 169.6 175.4 180.7 187.2 192.4 198.5 203.6 207.4 210.3 211 210.8 209.9 209.6 208.8 209.3 211.3 211.3 209.6 207.7 206.9 206.3 206.2 206.4 207.4 208.2 209.2 210.6 212 213.7 215.5 217.4 219.2 218.7 218.4 218.2 218.6 218.8 217.9 216.7 216.2 214.9 213.9 212.4 211.6 211.1 209.7 208.6
140.6 144.6 147 147.6 148.4 149.4 153.2 154.5 154.1 153.9 155.9 160.4 164.1 167.1 168.5 169.2 168.8 169.3 169.9 169.3 168.7 168.2 166.5 164.6 161 161 161.1 161 160.8 160.7 163.4 168.1 172.5 176.8 181.1 185.7 189.7 196.1 201 204.8 207.5 208.6 208.6 208.3 208.3 210.1 213 214.9 213.5 210.3 207.1 206.7 206.7 209.1 210.5 211.8 213 214 214.3 216.4 218 220.6 221.5 221.3 221.6 221.7 220.8 220.4 220 218.1 216.5 215.4 214.4 212.9 210.8 210.2 208.7 208.2
147.7 148.1 150.2 152.1 152.1 152.1 154.7 156.7 156.1 156.2 158.8 162.6 165.4 168 170.7 172.2 171.8 171.9 170.9 170.7 170.9 170.4 168.1 166 164.4 164.2 164.4 164.6 164.4 162.5 162.8 165.7 169.1 172.8 176.7 180.2 182.6 187.6 193.2 197.5 201.6 204.6 206.7 207.3 207.9 208.9 209.9 210.9 210.4 209.1 206.6 206 207 209.2 211.2 212.3 213.3 215.3 216.6 218.8 220.6 221.9 222.8 223.3 222.7 222.1 221.8 221 220.4 218.8 216.9 215.9 214.2 212.8 210.7 209.2 208.2 207.3
149.1 151.1 153.8 155.2 154.7 152.8 154.8 157.7 158.5 159.1 161.4 164.4 167.3 169.7 172 173.9 175.1 175.2 174.5 173.8 172.2 171.6 169.9 168.8 168 167.3 167.6 167 166.3 164.9 163.3 165.4 168.3 170.5 173.8 176.1 178.3 181 184.6 189.1 194.7 199.4 203.2 204.1 204.3 205.7 205.7 205.9 206.9 206 205.5 205.8 207.3 209.2 210.5 212.3 214.2 216.7 218.4 219.9 221.5 222.6 223.1 223.1 222.7 222.4 221.8 220.8 219.7 218.5 217.5 215.6 213.5 212.1 210.6 208.7 207.6 206.2
152.6 154.8 156.8 156.7 156.8 155.6 155.8 158.4 160.5 162.1 163.7 166.2 168.3 170.8 172.9 174.9 176.5 176.4 176 175.1 173.6 172.3 171.6 170.7 169.9 169 169 168.8 168.2 167 164.9 166.5 170.7 172.6 173.4 173.6 175.6 177.1 179 183.2 188.4 193.3 198.9 200.5 201.4 202.8 202.8 202.9 202.7 203 203.7 206.1 207.8 209.3 211.5 213.5 215.7 217.4 218.6 219.6 220.6 221.1 221.7 222 221.6 221.5 220.5 220.4 218.9 217.3 216.5 214.7 212.4 211.1 209.6 208.2 206.7 205.3
155.7 157.7 158 157.8 157.6 154.5 158.4 161.2 163.2 165.6 166.9 168.3 170 172.5 174.5 175.9 177.4 177.8 177.7 177 176.2 175.4 174.4 174 173.4 172.7 171.4 170.3 169.7 168.7 167.4 166.3 169.1 173.5 174.9 175.2 174.7 175.2 176.3 179.5 183.3 187.3 192.1 196.8 199.5 199.9 200.1 200.4 200.2 201.2 203.1 205.4 207.2 209.1 211.6 213.2 215.3 217 217.8 218.6 218.8 219.2 219.3 219.3 220 219.1 218.5 218.4 217.5 216 214.6 213.7 211.4 210 208.4 206.9 205.2 203.8
156.6 158.7 159.9 158.8 158.8 157.6 160.3 164.2 166.9 169.6 170.7 171.8 174.6 176.7 179 180.2 180.9 181.3 181.6 180.4 179.2 179.3 178.4 177.9 177.3 176.1 174.7 173.1 172 170.8 169.1 169.1 167.5 171.8 173.6 173.8 173.4 174.3 175.7 178.4 181.9 184.6 188.5 192.9 198.5 199.2 198.8 198.3 197.9 198.2 199.6 202 204.5 208.5 210.6 212.4 214.5 215.8 216 216.6 216.6 216.4 215.5 215.8 215.7 215.1 215.9 216.1 216 214.6 213.7 212.7 210.8 208.9 207.7 205.7 204 202.3
156.4 157.6 158.5 160.3 160.6 161.6 162.3 168.1 170.5 172.4 174.6 176 179.1 181.8 183.3 184.4 185.5 185 184.4 183 182.1 182.2 181.7 181.2 180.2 178.7 176.9 175.8 174.9 173 171 170.2 169 170.5 171.9 172.8 173.3 173.9 175.2 177.2 180.5 183.9 187.1 191.3 195.1 200.4 199.8 198.8 196.8 196.6 196.9 200.5 204.6 208 209.6 211.3 212.6 213.7 214.2 214 213.4 212.8 212.1 211.8 211.9 211.6 212.1 212.9 213.4 213.3 212.5 211.3 210.4 209 207.3 205 203.3 201.6
158.3 159.7 161 162.7 164.5 165.6 165.2 167.8 171.8 174.3 175.5 178.9 180.9 183.4 185.5 186.5 186.8 186 185.5 185.2 184.3 183.7 183.1 182.3 180.8 179.8 178.4 177.7 176.6 175.1 173.1 170.9 172.1 172.4 172 172.6 173.2 174.3 176.1 178 178.8 181.8 185.5 190 194.3 200.9 200.2 198.9 196.5 196.5 197.1 198.7 202.3 205.3 207.4 208.3 209.5 210 210.2 209.8 209.9 209.3 209 208 207.4 207.9 207.8 208.1 208.1 208 207.7 207.3 207.4 206.8 205.7 204.5 202.6 200.7
160.9 162.4 164.5 166 168 169.7 170 169 168.5 170.6 175.4 177.4 180.9 182.6 184.9 186.3 187 186.5 185.2 185 184.9 184.8 183.5 182.5 180.9 180 179.4 178.8 177.2 176.3 173.2 173.6 174.5 174.7 174.5 175 175.8 177.3 178.3 180.6 180.4 182 184.9 189.7 192.3 198 201.5 198.2 196.2 196.4 197.6 198.1 199.5 202.2 203.8 205.3 205.8 206 205.6 204.6 204.6 204.5 203.6 203.1 203 202.6 202 201.8 201.6 202.1 201.9 201.2 201.3 201.1 200.2 200.1 199.8 199
163.4 164.8 166.9 168.7 170.6 172.3 172.8 173.2 173.8 173.3 174.2 179.4 181.8 183.8 185.5 186.7 187.3 187.5 188 187.8 187.8 187.5 186.9 185.9 184.7 182.9 181.4 179.4 177.1 175.6 173.5 175.6 176.8 176.9 176.9 178.5 179.6 180.7 181.5 183.4 186.2 186.5 187.2 189.3 190 192.2 198.5 199.1 196.2 197.7 198.3 197.8 197.5 199.1 199.7 201.4 202.1 202 201.1 200.9 200.8 199.8 198.6 197.6 197.3 196.6 196.4 196.8 196.3 196 195.6 195.4 195.7 195 194.7 194.6 194.6 194.4
166.1 167.6 169.8 171.4 173.5 176.1 177 177.5 178.6 178.9 174.2 181.7 184 185.3 186.5 187.6 189.1 190.3 191.4 192.6 192 191.7 191.1 190.8 189.2 187.7 186 183.9 179.8 176.4 174.8 176.9 179.7 179.6 181.2 183.3 187.9 189.6 186.8 191.5 195 191.2 191.4 191.6 191.3 193.1 197.5 197.2 196.8 197.2 196.2 196.5 196.1 196.6 197.6 197.3 197.6 197.2 196.9 196.5 196.2 194.9 194 194.7 193.1 193 193.1 192.6 192.6 192.2 191.6 191.6 191.4 191 190.4 190.4 190.3 190.3
168.5 170.4 172.7 174.8 176.7 179.3 181 181.7 183.4 184.3 180.3 184.7 186.8 187.2 187.7 188.6 190.1 192.1 193.8 195 194.8 194.3 193.6 192.7 191.3 189.7 188.4 187.7 182.2 180.7 178.2 179.4 183.7 184.5 184.6 188.9 192.3 194 193.1 192.3 197.7 195.6 194.9 194.2 193.8 196 203.1 201.6 197.5 197.3 196.6 196.2 196.5 196.1 196.1 196 195.7 195.4 194.5 194.8 194.5 193.7 194.3 195.1 193.8 193.1 192.3 191.8 192 190.6 190.8 190.8 190.2 190.4 190 189.5 189.2 189.2
171.2 173.6 176.3 179 181.3 183 185 185.9 187.4 187.5 185.1 181.7 188.1 189.2 189.5 190.4 192.3 194.1 195.8 197.1 197.1 196.3 195.2 194.5 192.4 190.9 190.5 188.3 185 187.2 185.6 187.1 188.4 189.8 187.7 192.9 196.6 197.6 198.7 197.8 199.2 199.6 196.1 196.1 197.7 202.1 204.6 200.6 199.3 199.1 199.1 197.5 197.1 197 196 195.8 195.6 195.5 195.2 195.1 194.6 195.7 196.6 195.2 194.5 193.7 192.5 191.8 191.1 190.8 190.3 190.7 190.2 189.9 189.8 189.9 189.4 189
174.8 177.1 180.4 183.4 185.4 186.8 188.4 189.5 190.5 190.2 189 187.5 186 188.3 191.9 193.6 195.6 198.3 200 200.6 200.5 199.5 197.3 196.1 194 191.4 189 188.6 190 190.1 189.8 190.6 192.5 193.8 193.1 193.7 198.6 199.9 201.3 200.7 200.1 200.5 199.3 198.2 201.6 201.4 201 199 198.3 199.5 197.8 196.8 196.3 196.2 196.1 195.9 196.2 196.1 196.5 197 195.9 198.2 196.8 196.8 196.9 196.2 195.8 194.7 193.3 192.5 192.2 192.3 191.8 190.9 190.1 190.1 189.6 189.7
178 181 184 186.7 188.5 189.9 191.5 192.9 193.5 193.3 193.1 192.4 192.5 187.1 193.1 196 198.9 201.3 203.1 203 202.1 200.7 199.2 197.5 194.8 191.9 192 192.5 193.1 191.9 192.1 191.9 194.8 196.2 198.3 194.5 198.3 200.5 201.6 201.6 202.9 203 202.3 200.1 200.7 199.3 198.8 198.7 198.4 199.3 200.8 202 201.2 201.3 201.4 201.1 200.6 200.3 200.5 200.1 197.1 198.7 200.4 201.7 201.4 200.5 200.2 199.1 198.6 198 196.7 195.2 196.3 195.7 193.1 191.2 190.1 191.1
180.7 183.1 186.8 189.7 191.8 193.7 195.1 196.4 197.1 197.2 196.7 196 195.4 189.4 195.5 197.5 200.4 201.8 202.2 202.2 201.7 199.7 198.7 196.6 195.1 193.9 194.8 195.2 195.3 195.2 195.9 195.5 197.7 199.9 200.9 200 198.7 201.5 203.1 204.3 205 204.8 205.2 206.2 207.7 207.7 206.3 202.8 203.3 203.9 204.9 204.9 205 204.6 204.1 204.4 203.5 202.5 200.7 198.8 199.5 204.1 205.1 205.5 205 205 204.4 204 203.1 201.8 199.6 199.4 200.9 200.7 199.4 197.8 193 192
183.7 186.7 190.4 193.2 195.1 196.9 198.1 198.8 199.4 199 198.6 197.6 195.5 192.1 196.8 199.6 201.1 201.4 201 200.4 200 200.7 200.6 200.6 199.6 198.5 197.4 198.2 197.8 198.3 199.2 199 199.9 202.4 203.3 202.3 201.7 201.7 204.1 206.1 210.1 210.3 211.1 210.6 211.1 210.6 207.5 206.9 206.5 206.6 206.9 206.1 206.5 206.6 206.5 206.1 205.2 203.8 202.3 198.9 202.5 205.1 206.3 206.6 206.9 206.9 206.5 205.8 205.4 203.2 202.1 204.3 204.4 203.5 201.8 200 194.1 194.5
185.3 189.9 193.4 196.6 198.1 199 199.9 200.3 200.4 199.9 199.3 198.4 197.8 194.6 198.3 200.5 200.5 201.5 201 202.3 203.1 202.5 202.6 202.6 200.7 197.8 199.3 200.6 200.4 200.3 200.7 202 202.7 206.5 204.9 203.3 203.6 204.2 205.6 208.1 214.4 215.5 215.2 213.7 212.5 211.6 211.1 210.3 209.6 208.7 207.9 207.2 207.6 208 208.1 208 206.9 205.1 203.2 200.8 205.5 205.6 205.8 206.6 206.7 206.8 206.3 205.6 205.5 202.3 203 204.5 203.9 203.1 202.2 199.2 193.3 199
188.1 191.8 194.7 198 199.7 200.8 201.2 201.4 201.4 200.7 200 199.5 199 198 200.3 201.1 201.7 203 204.3 205.5 206 204.3 204.1 203.3 201.5 200.3 200.7 202.3 202.7 202.5 203.7 205.8 205 207.5 206.2 205.5 205.7 206.3 207.2 211.8 216.5 217.5 217.7 217.6 216.3 215.5 214.5 213.2 211.7 210.1 208.5 207.5 207 207.7 207.2 207 205.7 202.8 201.4 204.7 206.7 206.8 206 206.5 206.1 205.7 205.1 204.6 203.7 201.7 202 202.4 201.8 200.4 197 194.8 198.5 196.2
190.1 193 195.9 197.8 200.7 202 202.1 202.4 202.4 202.2 201.8 201.9 200.8 200.5 202.7 204 205 206.5 208.8 208.2 207.4 205.9 205.2 204.2 204.3 203.8 202.8 204.5 205.5 207.1 209.6 209.2 208.1 208.6 208.1 207.4 207.7 207.9 210.6 214.3 216.5 217.4 217.5 217.3 217.1 216.2 215.3 214 212.6 210.5 208.6 208.2 207.5 207.1 205.1 204.4 204 205.1 206.1 207.4 207.7 206.8 206.2 205.6 205.3 205 205.1 203.5 202.3 201.3 201.1 200.2 198.5 196.1 198.6 199.6 200.1 201.1
192.6 195.1 197.9 200.6 201.9 203.1 204.1 204.7 204.4 204.2 204.6 204.5 203.5 203.8 205.4 206.7 208 210.7 211.1 209.8 209.4 208.2 207.4 206.3 205.8 205.3 204.9 205.5 207.8 211 213.4 209.6 209.6 210.2 210.6 211 213.5 214.6 218 218.6 218.9 218.2 218.1 217.5 215.9 215.4 213.5 212.5 210.6 209.7 210.7 208 207.8 206.4 206.4 207.8 208.5 208.7 208.2 207.8 207.2 206.5 206.2 205.7 205.2 204.9 204.8 203.7 202.7 201.5 199.7 198.1 197.3 197.9 201.7 202.4 203.1 201
195.7 198.1 200.5 203.3 205 205.9 206.6 207 206.7 207.6 207.7 206.6 206 206.5 207.9 209.5 212.2 213.6 213.4 212.5 212.1 212.4 212.5 211.1 209 208.4 209.2 211 214.7 216.2 213.3 211.5 212.2 213.6 214.8 217.2 218.7 219.6 220.6 221.1 221 220.9 219.4 218.2 216.8 215.3 212.4 211.8 211.2 210.7 208.8 207.6 206.6 206.9 209.4 210.8 211.7 211.9 211.7 211.3 211.1 210.3 209 208.5 208 206.2 204.3 203.8 202.9 201.2 200.5 200.2 198.8 202.5 208.6 204.2 201.7 200.9
199.1 201.1 203.2 205.9 207.5 209.3 209.6 209.9 210.6 211.1 209.7 208.8 208 209.1 210.3 212.7 215.2 216.3 217.1 217.5 217.1 216.6 217 218.1 217 213.1 213 215.2 219.2 216.2 213.6 214.7 216.2 217.2 218.9 220.8 222 222.7 223.1 223 223 222.4 221.3 219.6 217.4 214.2 213.4 213 212.2 210.8 210 210 210.9 210.9 213 214.1 214.9 215 215.1 215.2 214.9 214.1 212.3 212 212.3 209.6 208.2 205.3 203.5 203.5 202.3 201.8 200.6 212.8 209.3 202.8 201.9 201.9
202.1 206.7 208.7 210.5 212.1 213.8 215 214.9 214.6 214 212 211.3 211.1 212.8 215 216.6 218.6 220.5 221.6 223.1 224.9 224.2 223 223.1 220.4 217.2 216.5 216.8 216.7 216.7 218.4 218 220.3 220.9 222.1 223.8 225.5 225 224.8 224.5 223.1 221.9 221 218.6 215.3 215.3 216.6 214.7 212.7 211.9 211.6 212.6 213.6 214.6 216.3 217.2 218.1 218.3 217.9 217.1 216.1 216 215.5 214.5 212.3 210.3 207.9 206.9 208.6 207.4 207.7 202.9 209.6 209.8 208.3 206 206.3 207
208.5 213.2 215.2 217.4 217.8 218.2 218.2 219.2 218.8 218 217.4 216.6 217.8 218.9 221.2 223.1 224.9 226.2 228.6 228.8 230.2 229.4 227.5 225.5 222 219.9 219.2 219.9 220.8 221.5 224.3 223.3 222.3 222.6 223.4 225.1 226.4 226.9 226.5 225.4 223.7 221.8 219.9 216.9 215.9 215.7 216.2 214.3 213.9 214 215.3 216.7 217.8 219 219.4 219.6 220.2 219.1 217.7 216.5 215.3 215 214.9 213.1 210.5 210 210.6 211.3 211.5 210.2 211.1 207.8 215 214.5 212.6 211.7 212.2 212.6
214.9 218.7 220.8 223.8 223.8 223.3 225.2 224.9 224.5 226.4 226.1 224.8 228 227.3 228.2 229.9 231.6 230.8 231.6 231.3 231 230.1 228 226.6 225.8 223.6 222.7 223.7 224 223.7 226.7 226.9 225.4 224.1 224.3 223.6 224.1 226 225.7 224.4 222.3 220 217.3 216.8 217.1 217.8 217.2 216.1 216.3 218 219.6 221.6 222.7 224.2 224.7 223.7 222.1 221.8 222.6 221.6 219.7 215.3 214.2 213.1 212.6 212.6 213.5 213.4 214 213.4 213.4 212.1 215.4 217.5 217.4 217.1 217.8 218.2
