ny/ny95_OST50GRID_20230518/NY95.asc
ncols 200
nrows 200
xllcorner 390000
yllcorner 550000
cellsize 50
[rows 105 to 139 of 200, columns 78 to 155 of 200]
295.8 300.4 304.2 309.9 317.6 322.4 326.5 332.7 338.3 344.6 352.4 353.9 354.1 353.3 352.6 351.9 349.9 347.9 346 345.3 344.4 345.7 346.5 344 342.9 343.5 341.1 337.7 337.3 336.9 336.4 335.3 334.1 335.1 334.4 332.9 331.9 331.4 331.6 329.6 328.8 325.7 322.9 326 329.2 330.4 330.4 331.2 332.2 331.1 330.1 329.4 329.5 330 330.2 330.3 330.1 329.6 329.1 329 329.3 329.5 329.4 329.4 327.6 325.6 324.4 323 321.9 321.4 320.9 319.7 318.7 317.8 316.9 316.1 315.5 313.7
295 300.4 305.2 310 317.5 322.6 326.1 330.2 337.1 345.1 351 352.9 354.2 353.8 352.6 350.2 347.7 345.6 344.7 346.5 345.9 347.2 347.8 345.9 345.7 346.7 343.7 340 336.2 336.4 335.8 335 332.7 333.3 333.1 333.4 333.4 332.6 325.2 320.2 319.7 315.6 314.6 313.1 318.8 329 329.3 329.1 329.9 330.3 329.4 328.7 329.3 330 330.2 330.2 329.4 328 327.5 327.5 328.7 328.8 329.2 329.2 327.8 326.1 324.8 323.5 322.8 322.2 320.9 319.7 318.7 317.8 316.9 315.9 314.7 313.3
295.4 301.4 306.1 310.8 318 323.6 326.5 333.6 339.4 346.7 352.1 353.5 354 354.4 351.4 348.7 346.4 346.6 346.8 348 348.6 348.5 348.8 348 348 348.2 346.3 342.6 340.2 336.5 334.3 335 332.6 330.3 332.2 332.1 323 320.8 327.9 330.5 329.9 329.5 329.1 328 319 318.7 327.1 327.2 328 328.5 328.2 327.1 328.1 328.3 328.6 329.3 328.8 327.1 325.7 326.2 327.7 327.9 328.4 328.9 328 326.7 325.3 324 323.3 322.2 320.9 319.7 318.7 317.8 316.7 315.5 314.4 313.8
298 302.6 307 311.5 320.8 324.5 328.3 335.9 341.8 347.2 352.3 355.1 355.4 354.9 351.5 347.5 349.2 348.8 348.3 349.1 349.7 350.3 350.3 349.9 350.2 349.6 348.2 344.9 341.5 339.7 337.6 334.2 330.3 328.5 329.2 324.1 331 333.4 333.5 332.6 330.9 330.7 330 329.4 326.6 314.9 317.8 324.1 325.7 326.5 326.5 325.1 325.1 324.9 325.3 326.1 326 325.1 324 325 326.4 327.1 327.4 328.1 328.5 327.2 325.8 324.5 323.6 322.3 321 319.6 318.5 317.3 316.2 315.1 314 314.2
299.3 303.5 307.6 313.2 321.9 325.6 329.6 337.6 341.6 346.6 351.6 355.8 355.9 353.4 348.4 350.3 351.5 350.9 350.3 350.2 350.9 351.1 350.3 350 348.5 348.4 346.3 343.9 342.7 338.9 336.6 335.5 334.6 333.4 330.6 330.3 333.2 334 333.7 332.6 330.9 329.8 329.9 329.3 328.3 325.3 318 307.4 323.8 324.3 324 321.7 322 321.7 322.4 323.3 322.7 321.9 321.7 323.4 324.9 326.7 327.4 328.7 328.9 327.6 326.2 324.9 323.4 321.8 320.6 319.5 318.3 317.1 316 314.9 314 314.5
299.5 304.1 308.6 312.7 323.5 326.9 330.7 337.6 343.8 347.7 350.5 350.2 356.8 355.1 355.8 354.4 354 353.2 352.5 351.8 351.8 351.5 350.9 350.6 348.8 347.6 345.6 343.3 341.1 340.2 339.2 337.2 336 335 334 333 333.9 334.7 333.9 333.3 332.3 331.3 330 328.4 325.9 321.3 319.5 314.8 305.6 308 307.3 301.8 300.9 305.6 318.8 320.3 320 319 318.4 319.8 321.5 324 327.2 329 329.2 327.5 325.8 324.2 322.7 321.6 320.6 319.4 318.1 316.9 315.8 314.7 314.1 314.7
301.3 306.2 310.8 314.5 323.9 327.2 332 339.6 344.4 351.5 356.3 359.2 358.3 357.9 357.6 357.5 357.4 357.3 355.8 354.4 353.8 353.6 353.3 352.8 351.4 349.5 347.9 345.7 342.4 344.9 341.9 340.1 339.4 338.4 336.5 335.9 335.8 335.1 335.4 334.7 333.9 333.8 332.3 330.9 329.8 328.6 325.6 322.6 311.1 314.8 314.7 317 313.6 301.5 302.6 316.5 318.8 317.5 316 315.9 317.7 322 325.5 329 329.7 327.9 326.2 324.1 322.6 321.6 320.5 319.2 318 316.8 315.6 314.5 314.3 314.8
299.9 306.8 312.8 318.6 325.1 328.7 333.2 340.5 345.8 353.1 357.7 359.7 360.6 360.2 360 359.9 359.6 357.7 357.4 356.4 356.8 356.8 356.1 355 353.6 350.7 348.5 345.9 345.5 346.2 346 343.9 342.3 341.5 341 338.8 336.8 336 336.5 336.2 335.3 334.7 333.1 331.9 329.6 327.4 324.2 312.6 321 323.3 324.6 324.3 322.6 316.8 303.9 296.4 309.2 313.6 313.9 308.5 315.5 320.7 324.6 326.7 327.8 328.2 325.8 323.8 322.5 321.5 320.5 319.1 317.9 316.7 315.4 314.3 314.5 315
305.8 309.8 314.3 319.5 325.5 329.8 334.9 341.2 349.4 355.9 358.6 360.2 362 362.4 362.4 361.7 360.5 358.3 358.4 359.3 359.8 360.3 358.2 355.8 353.8 350.7 347.8 346.6 346 346.4 347.2 346.7 345.4 344 342.7 340.5 337.4 336 337.1 336.9 335.6 334.2 333 331.2 327.6 318.6 320 325.2 326.6 326.8 326.9 326.3 325.1 323.1 318.2 307.8 295.7 293.3 299.4 305.1 314.8 319.2 323.1 324.8 325.9 326 325.2 323.6 322.4 321.5 320.3 319 317.7 316.5 315.3 314.2 314.7 315.3
308.9 312.7 316.2 323.3 328 331.5 336 342.3 351.9 359.9 360.9 362.2 362.8 364.1 364.5 363.6 361.7 360.4 361.2 361.2 361 360.4 355.9 354.3 352.7 349.4 347.5 348.4 350.2 347.6 348.4 347.9 346.9 345.5 343.3 342.4 341 339.2 334.9 334.7 334.8 330.5 327.9 327.8 324.1 326.6 328.5 329.2 328.8 328.7 327.8 327.4 326.4 325.5 323.6 319.4 312 303.9 292.6 289.9 303.5 315.4 320.8 323 323.5 323.4 323.4 323.4 322.3 321.5 320.2 318.9 317.6 316.4 315 314.5 314.8 315.2
312.3 315.4 322.3 327.3 330.5 333.6 337.9 344.7 353.8 361.1 363.1 363.6 363.8 364.8 365.8 363.8 364.4 362.9 360.8 361.8 361.2 358.1 355.1 356.4 352 349.3 348.6 350.9 352.2 351.3 350 349.9 349.6 348.8 347.7 346.7 344.5 341.9 339.4 337.6 336.7 334.4 332.2 329.5 329.3 329.7 330.9 331 330.6 330 328.8 328.5 327.4 326 324.3 322.4 319.2 313 308.6 301.1 288.6 299.5 313.4 318.8 320.9 320.4 320.1 319.5 318.3 319.9 320.1 318.7 317.4 315.9 314.9 314.7 315.1 316.5
315.6 319.7 326.6 329.8 332.1 335.9 341.9 350.1 356.5 362.2 363.6 363.7 363.9 365.4 366.1 364.5 366 368.2 367.9 365.1 362.1 361.6 359.1 355.2 352.9 351.4 351.8 350.9 351.3 351.7 352.7 351.3 350.6 350.4 351.1 350.8 348.5 345 341.5 339.7 337.9 336.3 334.8 333.7 332.9 333 332.5 332.6 332.3 331.6 330.6 329.7 328.6 327 324.8 322.5 319.3 315.8 311.6 306.9 300.6 289.8 295.4 304 309.3 310.2 307.9 310.4 309 310.2 313.2 315 316.4 315.8 314.9 315.4 316.9 318.1
318.9 324.9 330.1 332.6 335.4 341.4 347.7 355.5 360.8 364.3 364.2 364.5 364.8 365.4 367.1 371.2 371 370.5 369.3 367.3 367.7 365 359.2 353.1 353.8 354.2 353 352 352.3 352.9 354.6 354.5 353.7 352.2 352.3 352.2 350.8 347.7 345 341.5 340.2 341.3 338 338.1 335.7 335.8 335.1 334.3 333.8 333.1 332.3 331.4 329.8 327.7 325.6 323 319.7 315.2 312.1 308.5 303.4 297 288.4 287.2 293.9 294.2 291 293 294.9 300.7 303.8 305.7 306.3 308.3 312 317.3 318.5 319.7
320.7 329.7 332.5 335.6 341.1 347.6 354.4 360.1 364.5 366.3 365.6 366.4 366.9 367.8 370.6 371.7 370.9 371 371.8 371.2 369.7 366.1 356.4 356.1 355.7 356.4 355.4 355.2 354.7 354.3 356 355.8 355.7 354.2 352.4 352.1 351.9 348.9 346.4 344.6 345 343.2 342 341.1 338.4 338.5 337.6 336.8 337 336.5 334.8 332.6 330.7 328.9 327 324.4 319.2 316 312.6 310.3 304.4 301.2 297.4 288.7 282.8 283.1 281.3 278.9 281.9 288.9 292.2 295.5 296.7 298.4 303.9 312.2 318.1 320
326 332.4 335.3 340.1 347 353.3 359.4 364 367.1 368 368.2 368.3 369.1 371.6 373.4 374.1 374.7 374.1 372.8 371.3 369.9 363.2 357.8 359.8 358.8 358.3 357.4 357.6 356.4 356.2 356.5 356.5 356.4 355.5 354.4 352.7 352.2 350.6 350.2 348.7 347.2 345.1 344.9 344.1 341.9 340.7 339.6 339.8 339.8 338.8 337.2 335 332.1 329.4 327.6 325.3 322.2 318.7 315.1 311.9 308.3 304.3 301.6 296.6 295.7 293.2 293.4 292 284.3 277.9 285.4 285.3 286 287.3 295.8 301.2 306.7 311.3
330.9 335.1 338.4 345.2 351.9 358.3 363.3 368.1 369.6 369.4 369.5 369.3 372.2 375.1 376.1 376.1 375 373.3 370.8 366.5 363.9 360.3 364.6 363.8 362.1 361.4 360.6 360.6 359.6 359.1 358.1 357.1 357.1 356 354.9 353.9 352.8 351.5 350.5 349.9 348 347.2 346.8 346.3 345 343.2 342.1 342.1 341.3 341 341.1 339.6 334.7 331.6 328.5 326.4 324.1 320.8 317.3 314.3 311.5 308.6 305.1 299.3 299.5 299.1 297.6 295.3 292.6 286.4 277 273.2 271.7 273.3 283.2 291.6 296.2 300.7
334.7 337.7 341.4 347.9 355.4 363.4 367.1 371.1 371.2 370.8 370.7 371.8 376 377.2 377.2 375.3 373.9 375.5 373.4 371.5 362.4 367.9 368.4 367 365.8 364.6 362.8 363 361.9 361.6 361.9 362.4 360.2 357.7 355.3 353.7 352.6 351.2 351 350 349.2 348.6 348 347.7 346.3 345.2 344.8 344.1 343.2 343.8 342.9 342.5 339.2 335.7 331.9 328.2 325.7 321.8 319.2 315.8 313.5 310 305.5 305.1 303.4 302.6 300.4 298.3 296.8 294.5 291.7 288 283.9 273.9 270.9 278.2 286.5 292
337.2 340.8 344.3 349.6 358.4 366.5 370.9 373.7 373.6 372.9 373 375.6 376.6 377.3 378.3 380.1 378.9 378.2 372.7 368.1 371.3 371.4 372.3 371.5 369 366.9 365.2 363.7 363.7 364.1 365 365.5 365.7 361.3 358.4 355.2 354.3 352.8 351.4 351 349.5 348.8 349.1 349 347.2 347.1 346.3 346.2 344.5 344 343 343.2 340 336.8 333.8 330.2 327.8 324.1 319.9 317.4 314 311.6 310.4 309.2 307.8 307 304.1 301.4 299.8 297.2 294.2 291.5 288.5 281.8 271.9 268.3 273.3 278.9
339.8 342.6 346.3 352.9 361.4 368.1 373.1 376 376.4 376 376.8 378.2 379.1 381.4 382.2 380.9 380.1 378.3 371.5 368.3 375.7 373.5 375.4 374.1 370.8 368.2 368.9 367.5 365.6 365.7 364.4 363.7 363.7 365 362.5 358.1 354.7 354.1 353.3 352.5 350.9 350.4 349.8 348.7 348.2 348 347.7 346.8 345.5 344 344.1 342.1 339.8 337.5 335.2 332.1 330.2 325.9 321.1 318.4 316.2 314.4 313.2 312.1 310.4 309.1 306.2 303.8 302.8 300.9 297.6 294.6 290.2 284.7 280.3 269.6 266.5 268.2
342.1 345.3 348.9 355.4 362 369.3 375.4 377.2 378.1 379 380.4 383.1 384.4 385 384.2 382.4 381 375.4 371.6 377.3 377 379.3 378.7 375.3 373 372.6 370.7 369.1 368 366.9 363.9 362.4 362.1 362.1 362.2 359 358.2 357.5 354.2 352.3 351.8 351.2 350.5 349.8 349.1 348.9 348.2 347.3 346.5 346 345.2 342.6 340.2 337.9 335.6 333.4 331.8 327.6 322.8 320.2 318.3 316.8 315.9 313.9 313.3 311.8 308.6 306.7 304.5 301.7 299.6 295.7 292.8 289.7 286.2 280 272 267.6
345.6 349.6 353.4 357.2 364.2 371 377.1 380 381.2 381.8 385.1 386.6 386.5 386.3 384.8 382.8 379.3 373.8 373.4 379.6 379.9 380.8 378.6 377.3 375.3 373.5 372.5 370.7 369.4 366.3 363.5 362.1 361.6 361.1 360.3 360.7 361.7 360.7 358.1 355.9 353.9 353.7 352.3 351.2 350 349.4 348.3 347.3 346.8 346.3 346.5 344.1 341.2 339.4 337.2 334.8 332.9 329.6 325.7 322.4 321 319 317.1 316.7 315.4 313.9 311.2 307.8 305.6 303.3 301.5 298.1 295.3 291.9 287.2 284.4 278.9 273.6
350.6 354.6 357.7 362.6 367.6 373.9 377.9 381.6 383.5 384.6 388.1 388.5 388.2 386.8 386.1 383.7 379.2 378.1 380.4 380.3 379.9 380.3 380 377.9 377.1 375.5 373 370.9 367.8 365.3 363.4 362.4 361.5 361 360.2 359.7 360.7 360.5 360.2 360.1 359.9 357.5 354.1 353.6 351.6 349.9 349.1 348.3 347.9 346.9 346.5 344.4 342.7 340.1 337.7 336 334.1 331.3 328.1 324.9 322.8 320.6 318.7 317.9 317 315.1 312.2 309 306.8 305.5 303.7 300.1 297.1 293.3 290.5 287 281.4 277.8
356.4 359.2 364.8 367.7 371.9 376.2 380.1 385.1 385.7 387.3 390.6 391.1 390.2 388.5 387 383.3 384.9 383.4 381.1 381.6 383.1 382.6 381.1 379.5 377 373.4 370.6 368.5 367.4 364.6 364 363.1 361.7 360.8 359.8 359.4 358.3 357.7 357.3 358.3 358.5 357.8 358.4 356.4 353.6 352.1 351.1 349.8 348.6 346.9 345.7 343.2 341.4 340.2 337.9 335.9 334.2 332.3 330.2 327 324.3 322.3 320.4 318.6 317.6 315.5 313.1 309.9 308.9 307.4 304.8 301.9 298.8 295.5 292.6 288.5 283.5 279.9
360.5 364.3 369.2 374 376.7 378.9 383.8 387.2 387.1 387.8 392.3 393.3 391.4 389.8 386.2 390 388.9 385.8 381.7 383.7 383.9 381.5 379.6 377.4 373.9 371.8 369.7 368.4 367.7 367 365.3 364.2 363 361.9 360.4 359.9 359.2 357.8 355.9 355.2 355.8 355.2 355.4 354.4 353.4 352.8 351.2 349.8 349 346.9 343.6 341.3 339.2 339.3 336.9 334.8 332.8 331.6 329.8 326.5 325 321.7 320.3 318.4 316.2 313.9 311.7 309.6 308.3 306.9 304.5 302.3 298.9 295.5 291.6 284.9 281.9 278.8
363.2 366.8 372.6 378 381.2 384.5 387.3 388.7 389.5 389.2 390.7 394.2 394.1 389.4 394.6 394.5 390.2 385.1 385.1 384.4 382.1 381.1 378.4 375.9 373.3 372.8 371.9 371.1 369.8 368.6 366.7 365.2 363.8 362.1 360.1 359.6 358.6 357.3 356.8 356.1 352.6 349.3 352.6 352.2 351.5 350.4 349.2 347.6 347.2 346.4 343.2 338.4 335.7 334 334.4 333 329.8 329.3 328.9 327 323.2 320.6 317.7 316.2 312.2 309.6 308.5 307.1 306.2 304.9 302.3 299.9 296.8 292 287.2 282.9 278.7 276.5
363.9 367.7 373.2 378.9 386.2 388.2 389.8 390.7 391.2 392.5 392.5 393 393.2 401.3 397.8 394.1 391.1 386.2 385 383.8 381.7 379.2 377.9 377.3 376.2 375.7 374 372.2 370.8 369.3 367.3 365.3 363.2 361.3 358.7 358.2 358 357 356.2 354.8 352.4 347.9 346.8 348.5 347.4 345.9 344.2 342.4 341.3 341.8 341.1 328.3 324 323.6 326.3 330.6 325.3 320.2 324.2 321.5 320.2 317.2 312.1 309.6 306.1 304.2 302.1 302.3 299.5 297.5 295.2 291.4 288.8 284.6 281.1 278.5 276.3 273.6
365 367.8 372.1 382.1 388.4 390.3 391.8 392.7 393.7 395.3 396.6 395.9 395.5 396.7 393.7 390.2 386.9 384.9 383.1 382.5 381.9 380.7 380.3 379.9 378.4 376.1 374.2 372.4 370.5 369 367.3 365.4 362.6 360.5 357.3 356.1 354.4 353.9 352.5 350.5 347.9 345.3 343.8 342.6 342.4 341.2 339.3 338.2 337.7 336.9 337.1 327.3 323 321.7 320.8 321.9 318.6 316.9 317.9 317.4 314 312.5 308.8 306.9 304.4 301.4 299.3 296.6 292.4 289.7 287 283.7 281.8 279.4 276.4 274.8 272.7 271
365.6 368.9 374.4 381.6 389.1 392.6 393.7 394.8 396.2 397.7 397.3 397.5 396.3 395.8 392.2 388.3 386.8 386.2 384.1 384.4 383.6 382.9 381.7 380.1 378.2 376 373.9 371.5 369.1 367.5 365.8 364.1 361.9 359.3 355.9 353.1 351.2 349 347.7 346.4 345.1 343.2 341.2 340.3 338.7 337.5 336.2 335.2 334 334.2 334.1 333.8 326.7 323.6 322.3 318.7 316.6 315.5 314.4 313.2 311.5 310 307.8 303.9 297 294.3 290.3 292.1 291.2 281 279 275.2 273.6 273.1 270.4 268.6 266.3 265.4
367.2 371.1 378.6 385.1 391.2 394.2 396 397.6 398.3 398.5 398.1 398.4 398.1 396.7 392.1 393.1 389.7 387.5 386 386.1 383.9 382.9 381.4 378.8 376.5 374 372 369.7 368 365.5 363.6 361.8 358.7 355.8 352.7 350.6 348.4 345.4 343.7 342.6 341.4 340.5 339.3 337.3 336.8 335.6 334.9 333.7 332.1 331.7 331.9 331.3 332.4 328.1 324 321.8 320.1 317.4 315 312.9 310.6 307.4 303.8 298.9 292.1 295.4 291.2 286.4 283.8 283.2 281.5 279.6 278 275.3 274.4 271.8 270.4 267.8
369.8 375.6 383.9 390.9 394.5 396.4 398 398.9 398.8 399.4 400.3 399.8 398 397 397 395 391.1 389.3 387.3 386.4 384.4 382.6 380.9 378.9 376.8 374.3 371.5 369.5 366.9 364 361.1 358.9 355.8 353.4 351.1 348.6 346.4 343.8 342.3 340.4 339.5 338 336.6 334.8 335.3 334.2 332.9 331.2 329.4 329 327.1 326.3 326.3 329.9 326.9 323 322.3 319.9 317 315.4 314.1 311.7 308.6 299.5 307 302.8 299.1 296.5 294 291 286.2 284.6 282.3 279.3 276.3 274.3 272.9 272
372.5 378.8 387.7 394.6 397.2 398.3 399.2 399.7 400.6 400.7 401.1 399.9 399.9 399.5 398 396 392.8 390.5 388.6 387.1 385.4 384.5 382.4 380.5 378.3 375.4 372.3 369.9 366.5 363.6 360.4 357.7 354.1 351 348.5 347.2 345.4 342.5 341 338.4 337.5 335.5 334.2 333.1 332.2 331.4 329.6 329.8 329.5 328.7 328.1 327.8 326.3 323.5 332.4 326.7 323.1 321.8 320 317.7 316.6 311.9 306.3 308.3 308.8 306.6 301.7 300.1 297.7 294.2 290.3 287.8 286.5 282.1 279.9 278 276.9 275.5
375.5 383 390.6 396.8 399.3 400 401.2 401.2 402.3 402.3 401.6 401.6 402.1 401.4 400 397.2 393.9 391.3 389.7 388 387 385.3 383.6 381.7 379.3 375.8 372.1 368.8 365.6 362.9 359.4 356.5 352.8 350 347.4 345.7 343.9 342 339 338.5 336.6 336 335.2 335.5 334.4 332.1 332.2 332.3 331.7 330.8 329.9 329.2 327.2 323.2 322.2 328.9 326.2 323 319.9 313.8 309.6 309.7 312.1 312.7 310.2 309.1 305.5 303.2 299.9 297.4 295 292.3 288.5 286.6 284.1 281.5 279.8 278.5
379.5 386.3 394.4 399.1 401.4 402.3 402.4 402.5 402.9 403.2 402.7 403.1 402.9 401.7 400.1 397.5 394.8 392.3 390.7 389 387.7 386.3 384.7 382.3 379.4 375.3 371.4 368.3 365.2 361.9 358.6 355.5 352.3 348.7 347 345.5 344 342.6 341.2 339.6 338.7 338.1 337.6 336.8 335.6 334.7 334.2 334.2 334 333.8 332.7 331.5 328.6 326.2 324 319.4 329.7 324.8 313.8 320.5 319.9 319.1 317 315.1 313.2 310.8 306.2 303.5 300.8 298.6 296.6 293.3 291.8 290.4 289.1 287.4 282.4 280.5
383.8 389.9 396.7 402.2 403.9 404.2 403.4 403.8 403.7 403.5 404 403.2 402.6 401.9 400.8 398.6 396.5 393.9 392.1 390 388.5 387.2 385 382.1 378.8 374.6 371.2 367.3 363.7 360.4 357.2 354.1 350.9 349.3 347.7 346.8 344.8 343.3 342.1 341.2 341 340.7 339.9 338.9 336.8 335.8 335.9 335.9 335.9 335 334 333.1 331.7 332.4 332 330.3 321.6 321 325.6 323.1 322.2 320.8 319.8 316.8 316.6 314.3 310.9 308.5 305.2 302.1 299.5 297.2 295.3 293.6 292.1 288.5 284.5 282.4
390.4 393.9 399.7 403.7 405.2 405.2 405 404.1 403.9 405.2 405.3 404.7 403.9 402.9 402 399.6 397.3 395.5 393 391.1 389.7 387.8 385.2 381.9 377.7 374.2 369.7 365.2 362.7 359.2 356.3 353.7 352.2 350 348.4 346.9 345.9 344.8 343.9 343 342.5 342.3 341.4 340.5 338.5 338 338.1 338 337.8 337 335.9 334.9 334.8 334.4 334.2 333.4 332.3 331 331.3 328.9 328.2 325.7 323.3 322.2 320.8 318.2 315.9 312.9 309.7 307.1 304.2 299.9 297.1 296 294.6 291.9 287.8 283.9
