ny/ny66_OST50GRID_20230518/NY66.asc
ncols 200
nrows 200
xllcorner 360000
yllcorner 560000
cellsize 50
[rows 140 to 174 of 200, columns 78 to 155 of 200]
273.7 275.3 277.1 278.3 278.1 278.1 278.5 278.9 278.3 278 278.4 278.3 277.9 277.4 276.7 275.4 275.2 274.6 273.6 273.2 272.1 270.3 268.2 266.6 264.6 264.6 264 264.1 264.2 263.3 263.6 263.4 263.3 263.8 265.7 267.5 268.4 270.1 270.3 270.9 271.2 269.7 268 265 261.9 258.6 254.7 249.8 244.4 239.2 234.8 230.3 225.5 221.1 217.3 214.4 212.3 210.4 209.2 208.4 208.6 208.7 208.7 208.3 207.4 206.1 205.6 205.2 204.4 201.5 197.5 193.7 191 187.2 183.5 179.9 176.5 173.7
268.4 269.7 271.7 272.7 272.8 272.1 272.4 272.9 272.5 271.9 272 272.5 273.5 273.5 273.5 273.7 272.7 273.1 273.1 272.6 272 271.1 269.7 268.5 266.4 263.7 261.9 258.9 261 259.8 258.8 258.2 258.1 258.6 259.3 260 259.9 261.7 261.8 262.2 263.2 263.6 263.6 262.4 260.8 257.9 254.9 250.4 245.7 240.4 235.3 230.8 226.5 222.2 218.1 215.1 213 211.5 211.5 211.4 211.7 211.4 211.1 211 210.3 209 207.6 207.2 205.9 202.5 197.9 193.3 189.8 187.2 183.8 180.9 179.4 179.3
263.5 265.1 266 266.5 267.2 267.3 266.8 267 267.4 267.7 267.5 267.2 267.8 267.9 267.7 267.8 267.2 267.4 267.7 268.3 268.3 268.7 268.3 267.7 267.1 266.4 265 259.2 258.1 258.7 255.7 251.6 251.2 253.1 253.4 254 254.3 254.4 254.9 254.7 255.3 255.6 254.7 254 252.1 250.8 249.8 248 244.5 240.2 235.9 231.5 227.4 223.3 219.4 215.9 213.5 212.7 213.3 214.5 215 214.9 213.8 213.8 212.7 211.1 209.6 207.7 205.3 201.3 196.2 192.1 188.6 185.9 183.8 181.7 180.8 181.8
260.9 261.8 262.4 262.3 262.3 262.6 262.7 262.5 262.5 262.7 262.8 262.6 262.3 262 261.7 261.7 261.7 261.9 261.9 262.9 263.5 264.4 264.8 264.8 264.1 263.2 262.2 260.2 253.4 251.1 251.9 248.5 245.5 246.5 247.3 248.4 249.5 249.5 249.7 249.3 248.6 249.3 247.8 246.3 245.2 243.9 242 240.3 238.5 236 234 231.4 227.5 223.7 220 216.6 213.4 211.9 213 215.1 215.8 215.8 214.2 213.2 212.1 210.5 208.1 205.3 201.6 197.6 193.7 189.7 186.3 184 182.9 181.2 179.6 179.7
255.9 256.2 256.4 255.9 256.2 256.6 256.7 256.3 255.8 255.7 256.6 257.1 256.1 256.8 256.4 256.6 257.4 256.7 257.1 258.3 259.4 260.5 261.4 262.1 262 261.3 260.8 260.1 258.4 255.3 249.8 244.5 240.9 241 240.7 243.1 244.6 244.5 244.8 243.9 243.2 242.7 242 240.4 239.2 237.2 235.1 234.1 233.9 233.5 232.1 229.9 227 223.1 219.5 215.9 212.3 210.2 209.6 210.6 210.7 210.6 209.7 208.6 206.8 205.6 204 201.3 197.8 193.9 191 187.8 184.7 183.3 182.2 180.9 179.4 177.5
250.1 250.4 251 251.6 252.6 252.8 253.5 253.9 254.2 254.2 254.1 254.2 254.2 254.1 254 254.2 254.8 254.7 256.2 257.5 258.7 259.9 261.3 261.9 262.8 262.8 262.3 261.3 259.8 257.7 254.9 251.7 248.4 239.6 235.4 236.7 239.4 239.5 239.5 238.7 237.9 236.5 236.3 235.9 234.7 231.4 229.7 229.4 229.4 229.3 228.4 227 224.2 221.3 218.2 214.9 211.5 208.6 207.7 207.2 207.6 207.7 206.8 205.5 203 201 200.2 197.3 194 190.9 188.3 186.3 183.4 182.2 181.5 180.4 179.2 177.9
248.9 249.1 249.6 251 251.4 252 252.4 252.6 253 252.6 252.8 252.4 252.5 252.7 252.3 252.7 252.7 253.1 255.1 256.6 258.1 259.3 259.9 261.2 262.8 262.9 262.6 261.5 260.5 259.1 256.6 253.4 249.2 246 239.3 233.2 229.9 234.6 235.5 234.6 233.6 232.5 231.3 230.7 228.8 227.3 227.2 226.1 223.4 223.7 224.4 224.1 222.6 220 216.8 213.8 210.8 207.9 206.4 204.8 204.9 205.1 203.5 202 199.9 197.6 196 193.9 191.1 187.9 185.8 183.8 182.2 181.1 180.2 179.7 178.6 176.9
249 249.4 249.9 249.9 250.3 251 251.1 251.5 251.6 251.5 250.6 249.8 249.2 248.8 247.8 248 247.4 250 250.7 252.5 253.4 254.2 254.8 255.6 257.1 256.5 256.1 255.4 254.4 253.7 252.1 249.7 246.6 244.2 242.8 239.4 234.5 226.9 232.7 232.7 232.9 232.9 232.2 230.1 226.8 226.2 222.9 221.7 219.4 221.3 221.5 221.5 219.7 217.1 214.5 211.4 209 207 205.3 203.5 202.4 202.4 200.8 198.8 197.1 196 194.1 191.5 188.7 186.4 183.7 181.9 180.4 179.2 178.6 178.3 177.5 176
249.9 250.7 251.1 251.1 251 251.2 251.6 251.9 251.9 251.9 251 249.8 249.4 249.1 248.7 248 244.6 243.2 245.5 246.4 248 249.1 250.5 250.9 251.1 251.9 251.3 250.5 249.1 247.6 245.9 244.3 242.2 239.9 236.8 234 231.4 220.3 226.1 226 226.3 227.2 227.4 225.9 223.9 221.8 220.5 219.4 216 218.3 218 217 215.7 213.6 211.2 209 207.1 205.1 203.7 202.2 200 199.6 198.5 196.9 195.3 194.5 193.5 191.1 188.9 186.4 183.6 180.4 178.1 177.3 176.8 176.4 176.2 174.9
253.1 255 255.6 254 253.2 253.5 253.5 254 254 254.2 253.8 253.3 252.3 249.2 247.4 245.6 243.1 237.4 241.8 242.5 244 245 246.1 246 246.3 246.9 246.4 245.5 244 242.8 241.2 239.7 237.8 236.1 233.1 231.2 228.4 227.2 215.6 216.3 218.1 222.2 222.6 222.6 221.1 218.6 216.2 214.1 212.5 212.8 212.5 211.8 211.2 209.4 207.8 205.8 204.1 202.9 201.1 199.7 198.1 196.3 195.4 194.3 193.3 192.7 191.8 190.3 188.3 185.8 182.8 179.5 176.8 173.8 174 174 174 173.2
248.6 248 247.9 247.2 246.6 246.4 246.5 247.6 247.8 248.2 247.4 246.7 245 242.8 240.8 239 237.1 234 235.4 237.3 238.5 239.8 242.3 242.5 241.5 241.7 240.5 239.9 239 238 238.3 238.3 236.8 234.8 232.8 231.3 228.8 227.5 225.6 223.7 216.2 209 216.9 219.6 218.9 216.4 214.3 212.1 210.2 208.9 207.8 207 206.3 205.5 204 202.2 200.8 199.5 198 196.4 194.7 189.9 191.4 190.6 189.7 189.2 189.2 188.6 186.8 183.9 180 177 174.1 170.8 170.1 170.4 170.3 170.8
241.9 241.8 241.6 241.2 241 238.8 240.2 241 241.7 241.7 241 240.1 238.6 238.3 237 235.3 231.5 231 230.5 230.3 233.1 234.9 236.6 237.3 236.7 236 235.4 233.6 232.2 231.8 231.3 232.2 233 232.3 231.1 230.2 228.7 226.7 224.4 222.4 220 216.9 200.3 215.3 216.5 215.1 213 210.6 208.7 206.5 204.8 203.3 202.7 202 200.5 198.9 197.6 195.9 194.5 193.1 191.5 187.4 186.8 186.5 185.8 185.5 185.6 185 183.3 180.3 176.6 173.9 171.6 168.5 165.5 166.3 166.7 167.3
241.4 241 240.6 240 241 240.7 238.4 235.4 235.1 236.9 236.5 235.8 235.3 233.9 232.6 230.4 229.5 229.3 228.6 228.4 229.1 231.4 234 235.2 235.4 234.5 232.8 230.5 227 224.9 225.4 226.1 227.4 228.1 227.5 226.8 225.6 223.8 222 218.1 211.5 214.9 210 205.3 213.2 214.1 212.9 211.2 209 206.7 204.5 202.5 200 197.7 195.3 193.1 193.3 191 188.1 188.2 188 185.8 178.6 181.6 180.7 179.6 179.4 179.1 178.3 176.2 173.7 171.5 169.1 166.2 163.1 162.1 163.6 164.8
242.6 242.2 241.7 240.9 240.4 240.1 239.1 237.4 234.4 232.8 232.8 232.8 232.2 231.1 229.8 229.1 228.4 228 227.9 227.8 228.1 230.3 233.4 234.4 233.6 231.1 228.6 226.1 222.8 218 216.3 215.4 219.8 221.3 220.2 218.8 215.9 215 213.4 206.4 209.1 201.1 199 201.1 199.4 212 212.7 211.5 210 208 206.1 204.4 202.6 200.9 199.2 197.2 194.2 193.3 189 183.4 176.7 180.1 179.7 171.9 176.5 175.8 175.3 174.9 174 172.2 170.6 168.9 166.6 163.9 161.2 154.7 159.8 161.9
244.3 243.5 242 239.9 239 238.7 237.5 236 233.8 232.1 231.6 231.3 231 230.7 230.3 229.2 228.4 227.7 227.6 227.5 227.3 228.3 229 227.1 224.4 224.3 225.2 225.2 225.7 224.4 223.1 219.2 214.5 213.6 211.2 211.2 217.9 214.3 209.1 217.9 219 217.7 217.1 213.5 198.1 199.8 211.2 211.7 211 209.5 208.3 207.1 205.9 204.1 201.9 199.2 196.3 193.5 190.3 187.2 183.3 176.2 171.9 172.4 168.1 170.5 171.6 170.9 169.7 167.7 166.2 163.9 160.1 158.9 155.7 152.4 153.8 161.1
244.3 242.9 241.7 239.7 238.7 237.1 236.2 234.5 233.1 232.4 231.9 231.7 231.4 231.1 230.7 230 229.2 228.2 227.8 227.4 227.6 228.1 229.8 232.1 233.4 233.1 233.2 233.1 232.4 231.6 228.8 227 226.3 225.7 224.9 224.6 224.4 223.8 223.3 222.8 222.7 221.8 220.3 217.5 212.2 195 202.3 209.8 210.7 210.1 208.9 208.6 208.2 206.7 204.4 201.2 197.8 193.3 189.5 185.8 182.7 179.6 175.3 164.4 159.8 163.1 167.9 167 165.1 163.8 160 156.7 149 144.4 141.2 141 145.1 146.2
243.7 242.4 241.3 240.2 238.8 237.1 235.5 234.3 233.2 232.6 232.3 232 231.7 231.4 231.1 230.7 230.2 230.9 231.8 233.7 235.8 237.5 237.9 237.5 235.7 234.9 234.5 233.5 232.7 232.8 232.6 232.3 232.3 231 230.3 229.4 230 230.1 230.2 229.6 228.4 226.1 222.7 219.2 215.4 208 188.7 206.2 207.8 208.8 209.1 209.8 209.7 208.9 206.6 203 198.4 193.7 189 184.8 181 178.2 175.2 171.9 168.6 159.2 162.8 163.1 163 151.8 149.5 143.8 151.7 154.4 154.1 146.8 133.9 131.3
243.8 243 242 240.8 239.6 238.3 237 235.7 234.9 234.4 233.4 232.4 232 231.8 232.1 234.2 234.6 235.6 236.4 238.5 240.4 241 240.7 238.8 236.6 235.1 234.1 233.4 234 235.9 236.8 236.6 235.8 234.9 234.4 234.2 234.8 236 235.5 233.7 230.8 227.6 224.1 219.9 215.9 211.1 191.3 191 202.4 208.4 210.3 210.6 210.1 209 206.4 202.7 197.7 192.5 188 183.9 179.9 176.2 173.4 170.6 168.6 163.7 154.2 153.5 154.2 155.7 149.7 156.7 159.2 158.7 156.5 148.5 136.7 130.1
245.5 244.8 243.7 243 243.3 243.8 243.8 243.4 243.2 242.7 241.4 239.2 236.3 234.8 235.2 236.6 237.9 238.1 237.9 239.9 241.7 242.5 242.1 240.3 237.4 235.7 234.6 233.7 235.3 237.4 238.3 237.8 237.6 237.5 238.5 239.6 240.6 241.4 240.3 237.2 233.8 229.5 225 220.7 216.7 212.8 206.4 194.5 190.2 205.8 209.6 209.4 208.7 206.7 203.9 200.2 195.4 190.7 186.3 182.6 179 175 170.8 167.1 161.7 161.4 162.5 161.6 162.6 161 160.8 162.3 159.7 156.6 148.1 134.6 129.5 129
249.5 250 250.4 251.5 252.2 252.3 251.7 251.9 251.8 250.6 248.5 246 242.7 240.2 238.7 237.2 236.4 236.9 237.8 238.8 241.3 242.5 241.4 239.4 236.9 235.4 234.7 234.2 237.3 239.3 239.1 238.6 237.8 238.4 242 244.6 245.8 245.5 243 239 234.6 230.5 226 222.5 219.2 215.5 211.8 201 184.1 192.6 202.7 205.1 204.3 202.3 199.3 196.2 192 188.1 184.3 180.6 176.6 172.2 168.4 167.7 167.9 166.4 164.7 164.3 163.7 162.1 163.2 162.9 156.9 146.9 134.4 129.9 129.2 128.6
255.4 256.5 257.8 258.9 259.5 259.1 260.1 259.2 257.4 254.5 251.7 248.3 245.2 242.3 240.4 238.5 236.7 235.8 236.9 237.4 238.6 238.9 237.5 236 234.7 234.9 234.1 234.3 237.9 239 238.5 237.5 235.1 233.6 237.1 240.5 241.6 241.3 239.7 238.1 234.3 230.8 227.2 223.7 221.2 218 214.6 206.6 191.9 180.9 193.9 199.9 199.2 197.2 194.5 191.8 189 185.5 181.4 176.8 175.3 175.7 174.9 173.1 171.4 169 166.7 165.7 164.7 163.6 164 160 148.1 137.4 130.7 129.6 128.9 127.1
259 260.2 261.6 262.7 262.9 262.6 261.9 259.9 257.7 254.9 251.1 247.7 244.6 241.7 239.1 236.9 235.3 235.2 237.4 237.7 237.7 236.8 235.4 234.4 234.1 234.1 233 233.9 235.7 236.6 236.3 235.6 232.6 228.8 232 234 234.3 233.2 232 232.1 229.5 226.2 223.9 220.7 217.4 214.4 212.5 209.8 202 180.9 182.8 193.6 193.4 192.3 190.4 188.5 186.1 182.6 183.2 183 182.3 180.7 178.7 176.7 174.4 171.9 169.3 167.7 165.8 164.8 161.7 151.2 137.5 130.2 126.7 125.6 125.6 127.5
258.9 260.1 261 261.7 262.2 261.5 260.4 258.5 256.4 253.4 249.8 246.1 243.1 240.3 237.1 233.8 233.5 237.5 238.4 238 237.6 236.6 234.9 234 233.6 233.3 232.6 231.6 232.9 234 235.2 235.3 233.6 229.3 227 227.2 227.3 226.2 224.8 223.5 222.2 220.2 217.6 214.4 211.9 209.4 207.3 205.1 202.1 193 176.4 192.7 191.8 188.8 187.1 186.1 186.7 187.9 187.8 186.6 185.2 183.4 181.3 179 176.6 173.9 171.3 169.3 166.9 160.1 151.3 138.9 126.2 133.7 129.9 128.6 129.7 129.2
258.1 258.1 259 259.4 259.3 258.8 257.8 256.1 254 250.9 247.6 243.6 240.9 238.2 233.4 230.8 230.4 233.1 233.7 233.7 233 233.2 233.3 233.2 233.5 233.2 232.4 231.4 230.8 232.3 232.9 232.6 230.8 228.1 224.5 221.9 221.1 220.3 219 217.8 216.5 215.1 212.4 209.2 207.3 205.4 204.2 203 201.6 192.2 173.4 191.1 193.6 191.8 190.3 189.3 188.4 188.5 188.1 186.9 185.7 184.4 182.7 180.5 177.7 175 172.3 170 163.8 152.5 140.3 126.6 129.3 130.6 130.4 129.6 129.7 129.3
256.8 256.4 256.3 256 255.7 255.3 254.1 252.5 250.5 248.2 245.7 242.6 238.8 235 232.3 229.8 226.6 225.7 226.5 227 226.6 228 230.7 231.8 232.2 232 232 231.1 230.2 229.5 228.7 227.8 226.9 226.2 222.9 215.6 215.6 215.1 212.3 212.1 210.4 208.5 207 205.7 205.3 204.9 204.4 202.6 198.3 183 174.8 182.3 192.4 191.6 189.6 188.4 186.6 185.8 185.7 185.3 185.3 185.2 184 181.8 178.9 175.3 170.9 165.5 156.4 145.1 127.2 129.3 130.3 130.5 130.6 130.2 129.7 129.4
255.5 255.2 255.1 254.7 254.4 253.8 252.6 251.2 249.4 247.6 245.3 242.9 239.5 236.7 233.5 230.1 227 224.5 223.5 222.9 222.4 223.2 225.3 227.6 229 230 230.3 230 230.3 231.2 232.3 232.7 231.5 228.3 223.1 218.1 208.7 210.9 207.8 205.3 205.3 204.4 205.4 205.6 205.6 205.3 204 201.8 199.1 195.9 184.3 174.6 191.2 189.7 187.5 185.1 183.3 182.8 183.8 185.8 186.8 187 186.4 183.7 180.5 176.8 169.2 158.6 152.9 135 127.3 130.8 130.5 130.8 130.6 130.2 129.9 129.7
253.8 253.7 253.9 254 253.8 253.2 251.7 250.6 248.9 247 245.4 243.3 240.6 238.4 235.2 231.9 230 226.7 224.5 222.7 221.6 221.4 221.5 221.7 223.5 225 226.4 227.3 228 229 230.1 229.9 227.5 223.8 219 213.7 208 204.6 202.5 202.1 202.4 204.5 206.5 207 206.6 204.8 203.7 201.1 198.7 195.9 185.2 170.4 187.2 187.3 184.5 182.2 182.1 184 186.9 189.5 191.2 190.8 188.9 185.8 181.7 177.5 172.3 160.1 151.6 128.5 130.1 130.8 130.6 130.4 130.3 130.3 130.3 130.5
251.4 251.3 251.6 251.5 251.1 250.7 250 248.8 247.9 246.2 244.5 242.7 240.6 237.9 235.4 232.8 230.6 226.9 224.5 223.1 220.9 220.2 220.1 220.2 220.4 221.2 222.3 222.5 222.5 222.8 222.3 221.2 219.3 216.7 212.5 207.2 202.4 200.7 200.4 202.6 206.2 208.7 209.4 208.7 208.1 206.8 204.1 201.3 198.6 195.8 190.5 168.6 181 184.1 180.8 183.1 186.8 190.3 193.5 194.6 194.6 193.2 190 185.8 181.5 177.2 170.2 157.3 142.9 127.8 131.1 131.2 130.9 130.4 130.9 131.7 131.9 131.8
248.5 247.8 247.6 247 246.3 246 245.1 244.2 242.6 240.8 239.3 237.3 236 234.8 233.5 231 228.4 225.2 223.1 221.4 219.3 218.4 218.6 219.9 220.7 220.1 218.4 219 218.3 217.4 216.9 216 213.7 211.5 207.5 202.8 198.9 201 207.8 212.4 215.6 216.5 214.3 212 209.7 207.5 205.2 201.4 197.2 194.4 191.6 177.5 167.3 179 181.5 187.2 190.8 193.8 195.1 195.7 194.4 192.1 188.1 184 179.6 175.7 169.8 150.6 133.4 127.9 131.6 131.5 131.2 130.9 131.7 132.1 132.2 132.5
246.5 245.8 244.8 243.8 242.8 241.9 241.5 239.7 238.1 235.9 233 231.4 231.4 231.8 231.6 229 226.4 223.8 221.7 218.1 217.5 220.9 223.3 224 222.4 219.8 216.8 214.5 213.8 212.6 211.6 210.8 209.4 207.8 204.9 201.6 196.8 205.1 210.6 215.2 216.3 216.6 213.4 211.1 208.5 205.7 202.3 199.4 195.4 192.7 189.2 182.2 167.6 168.4 178.9 182.3 184.6 186.6 187 188.4 190.1 187.2 181.7 176.8 173.5 173 171 141.5 128.5 130.3 132 131.7 131.4 131.2 132.8 132.9 132.6 134.6
245.7 244.8 243.6 242.8 241.9 240.8 239.3 236.6 234 232.2 231.2 230 229.2 230.2 229.3 226.9 223.5 220.6 216.6 218.7 223.8 225.9 225.1 223 219.8 215.8 212.3 209.2 208 206.7 205.7 205 204 203.6 202.4 199.4 195.8 199 203.5 208.1 211.5 212.5 211 208.5 206 204.1 200.6 198.1 195.9 191.7 187.2 182.7 173.3 166.3 163.7 162.1 167.6 169 171.5 175.7 181.6 178.9 170.9 164.9 160.3 160.4 157.9 136.9 129.2 131.5 132 131.7 131.8 132 133.3 133.2 133.1 141.8
244.7 243.6 242.4 241.7 240.8 239 237.3 234.6 232.7 231.4 230.4 229.3 227.7 226.7 223.7 222 219.5 215.4 216.4 222.2 223.2 221.8 219.6 217.2 214 211.4 208 205.8 204 202.9 201.8 201.2 200.1 200 199.2 197.7 194.9 195.4 200.4 206.9 210.2 213.3 211.9 209.6 207.8 205.8 203.4 200.7 198.3 195 191.4 188.8 184.8 179.6 178 171.1 158.5 159.9 160.3 159.7 163.9 162.8 157.6 149.3 146.5 139.6 142.7 135.6 129.5 132.4 132.6 132.6 132.2 132.8 133.5 133.3 134.3 148.4
243.1 242.1 241.3 240.1 238.8 237.2 235.7 233.9 232.8 231.7 230.4 230 229.1 228.9 225.5 220.6 216.5 211.6 214 217.8 216.1 214.5 212.5 211 209 206.9 204.4 202.2 200.8 199.8 199.5 199.2 200.4 199.4 197.2 194.3 195.2 203.6 209.6 212.6 215.2 218 216.5 213.9 212.3 210 207.2 204.2 201.2 198.1 194.9 191.6 188.5 184.2 181.6 178.6 169.2 166 161.3 152 151.3 148.5 148.1 151.4 147.5 143.6 138.1 133.2 129.7 132.6 132.8 132.7 132.3 134.1 133.7 134.3 143.1 158.7
244.3 242.9 240.8 239.6 238.4 237.1 235.6 235.4 234.2 232.7 231.5 230.8 229.4 226.9 224 220.3 216.7 212.2 204.9 210.5 209.6 207.7 205.9 203.9 202.2 201.1 200 199.5 199 199 198.6 198.4 198.4 196.9 194.7 191.8 198.9 207 210.5 213.6 217.5 219.2 218.2 217.1 214.9 212.4 209.6 206.6 203.4 199.9 196.1 192.7 189.5 186.2 183.2 180.5 178 176 173.6 164.3 158.5 157.8 161.9 167.1 167.3 162.5 147.2 131 132.6 132.8 132.9 132.9 134 134.4 135.7 144.5 160.4 176.3
242 241 240.7 239.9 238.4 236.9 236.4 235.7 234.5 232.7 231 229.2 227.4 225 222.2 218.8 215.3 211.4 204.6 202.8 203.8 202.4 200 198.7 195.3 194 195.4 196.5 197.7 198 197.4 196 195 194.5 193.4 191 197.6 205.6 208.7 213.9 216.7 218.6 217.4 214.8 212.1 209.6 207.4 204.6 201.5 198.3 194.9 191.1 188.8 185.8 183.6 180.6 178.4 177.4 173.3 168.4 170.6 170.8 171.4 169.5 167.7 159.5 141.2 130.8 132.9 133.7 133.5 133.6 135.7 136.5 145.4 159.3 179.2 183.4
