ny/ny66_OST50GRID_20230518/NY66.asc
ncols 200
nrows 200
xllcorner 360000
yllcorner 560000
cellsize 50
[rows 70 to 104 of 200, columns 78 to 155 of 200]
136.9 139.2 138.9 139.9 139 138.7 139.7 141.9 139.3 146.2 149.7 151.5 149.9 153.9 153.5 148 147.1 147.7 149.2 141.7 138 137.7 137.1 137.7 136.9 135.8 136.6 136.8 138.2 138.5 136.1 133.9 134.4 137.1 142.5 147.5 152 159.3 172.1 176.1 174.6 175.3 173.7 174.5 175.1 176.2 176.9 174.3 163.8 143.7 144 145.3 160.3 167.7 174.8 180.9 186 190.4 196.1 203.7 208.9 212.1 211.8 211.6 211.1 210.9 213 225.5 224.9 224.1 222 225.9 226.6 231.4 246.8 242.8 237.2 233.2
145.9 147.7 147 145.1 147.4 139.3 142.8 140.3 143.1 145.2 146.7 148.7 152.3 152.8 152.8 150.9 148.5 147.7 149.9 144.3 140.1 139.2 140.2 140.3 138.6 138.1 140.5 140.5 139.2 138.8 138.5 135.7 134.1 134.2 139.1 144 148.3 154.6 162.6 170.2 175.4 176.3 174.6 173.4 173.3 171.8 168.1 165.4 157.4 156.6 145.5 139.4 157.2 170.4 172.4 178.6 186.3 194.5 200.2 208.9 210.7 210.9 210.9 210.8 210.7 210.9 216.5 219.4 220.5 220.6 224.2 228.4 229.6 244.4 239.7 235.7 232.6 232.4
148.4 149.4 150.7 148.4 150.4 146.4 145.2 144.3 149.3 152.9 150.8 149.8 151.8 151 149.6 150.8 147.5 149.9 151.2 148.2 147 146.7 147.5 146.2 143.3 140.7 141.4 143.2 143.1 141.5 141.5 140.9 134.1 134.3 136.3 140.8 145.1 151.7 157.1 163.1 171.6 173.3 172.3 169.3 165.5 162.6 159.8 151.4 145.6 142.5 140.2 139.7 163.4 176.8 182.6 189.8 194.5 200.4 207.5 209.8 210 210.3 210.4 210.1 210.4 211.6 215 219.7 225.1 235.9 243.1 235.6 241.9 237 234 233.4 230.5 226.5
142.3 146.6 149.6 149.1 151.2 152.8 154 154 155.3 153.7 154.8 153.6 149.1 150.9 148 147.3 144.7 148.6 150.3 150.5 149.9 150.1 148.9 148 148.4 146.7 146.6 146.4 145.2 143.5 141.8 140.7 138 134.2 134 136.5 141.8 147 151.7 158.7 165.3 167 165.4 161 157.3 156.3 149 141.3 142.1 155.1 163 161.8 176.2 183.5 190.1 198.5 203.8 207.8 209.3 209.5 208.8 209.3 210 209.8 210.6 215.9 222.3 231.7 239.9 249.2 247.9 242.3 236.2 230.6 231.3 228.8 223.8 225.2
148.7 150.1 150.6 150.6 151.1 153.3 153.1 151.7 150.3 147.1 146.8 147.2 148.1 146.4 148.3 148.5 145.6 144.8 145.7 148.9 152.2 154 152.8 151.3 151.4 151.1 149.9 149.2 147.1 144.5 141.6 138.6 135.7 134.4 132.9 133.1 136.4 141.4 146.5 153.1 157.3 158.1 156.8 153.9 150.2 143.2 134.6 148.9 161.7 168.3 173.3 179.9 186.7 192.1 198.3 206.2 209.3 210.8 211.5 210.7 208.4 208.5 210.2 212.3 216.2 230.6 248.9 252.4 247.8 243.3 238.5 233.9 229.2 227.6 228.2 222.5 220.5 217.2
157.4 156.1 154.4 155.2 154.3 152.4 151.4 150.8 148.8 148.8 148.4 148.3 147.8 146.4 146.4 146.8 146.1 144.5 143.9 143.7 145.1 149.3 152.4 152.5 152.2 152.3 151.9 150.9 148.1 143.1 140.8 137.7 135.5 137.6 134.3 132.6 132.9 135.4 138.3 146 149.6 147 148.8 141 134.5 139.1 151.3 163.2 169.2 174 182.6 189.6 195 200.8 206 210.2 211.7 212.2 211.4 210 208.2 209.1 211.1 216.5 227.9 247.6 248.8 244.8 239.1 234.3 231.1 227.2 227.1 225.2 220.4 216.5 214.1 208.4
169.3 168.6 166.8 163.4 158.4 155.5 156.9 155.1 151.5 149.7 149.8 149.4 148.2 147.2 147.1 146.4 145.8 145 144.6 144.3 144.1 144.6 148.8 149.1 143.2 141.2 141 139.4 137.5 136.7 135.8 136.6 138.2 138.2 142.1 134.9 132.4 132.2 132.7 138 144.7 144.1 133.3 139.9 150.6 158.9 164.4 168.9 174.6 181.2 190.7 197.1 202.2 206 209.4 211.1 212 211.7 209.9 209.1 208.7 210.2 214.1 219.8 224.6 238.3 239.2 233.3 227.7 224.4 222.8 224.6 220.5 216.1 211.7 208 205 202.1
176.4 175.3 173.7 169.6 165.1 165.3 165.4 163 159 154.6 152.5 151.2 149.5 148.4 148.4 148 146.9 147.8 148.4 147.2 145.2 143.3 142.5 142.1 144.2 145.3 140 138.5 138.2 137.5 138.4 140.4 142.6 138 136.5 143.2 134.1 132 132.2 132.9 138 132.3 136.3 148.6 158.2 162.1 166.6 172.9 180.5 187.3 194.8 202.2 207.3 210.3 212.5 213.8 213.3 211.4 208.7 209.3 209.2 212.4 217.5 216.8 212.3 211.1 229.3 225.2 220.7 220.3 220.8 215.9 211.3 207.5 206.5 201.5 197.6 196.1
179.2 177.8 175.8 173.6 171.2 170.7 168.7 165.8 161.6 157.3 154.5 151.9 150 149.7 150.6 151.8 152.3 152.9 152.7 151.9 151.3 149.7 148.6 148.7 147.7 143 141.7 140 143.9 147.9 147.3 146.6 147.6 139.8 131.7 134.1 143.2 132.8 131.9 132.6 132.6 133.1 137.4 148.7 157.5 163.4 168.3 176 184 190.5 198.7 206.3 211.3 213.2 214.4 215.8 215.3 212.9 209.1 209.2 210.3 211.6 209.6 207 204.1 204.4 212.5 216.3 215.8 216 214.7 207.8 204 202.8 201.7 196.6 194.2 194.3
182.5 180.7 178.9 176.7 174.2 172.4 169.9 165.4 161.9 160.2 156.2 152.3 150.6 150.9 151.1 151.2 151.6 152.4 153.1 151.2 150.8 150.5 150.7 150 149.8 148.7 147.5 147.5 147.4 147.2 147.6 148.6 148 144.8 136.6 131.8 135.3 133.6 131.8 132 130.5 133.5 140.3 149.2 157.7 163.5 169.4 177.5 186.2 192.4 200.9 208.4 211.1 212.7 213.9 214.5 214.1 211.7 208.6 212.8 205.8 203.5 201.8 201.9 203.4 207.6 208.9 210.6 210.8 210.9 207.5 201.9 200 198.2 196.9 193.6 194.1 194.1
184.1 182.7 181.4 179.1 176.4 173.4 170 166.3 164.9 162.3 158.6 154 152.3 151.9 152.1 152.1 152.5 152.2 152.5 152.6 152.1 152.1 151 150.8 149.6 149.2 152 154.4 155.1 152.7 148.3 148 147.7 144.1 140.4 132.7 132.2 133.7 131.1 131.8 131.6 133.4 141.2 149.1 158.9 164.7 170.2 177.6 187.4 193.4 202.5 207.6 209.1 210.1 211.2 212.1 211.6 210.3 206.6 213.8 204.9 199.2 199.2 201.7 205.1 205.7 204.6 205.2 202.7 200.7 198 197.6 196.1 194.7 193.2 193 193.5 193.9
183.4 182.4 180.5 179.1 176.5 173.7 170.3 168.1 166.1 162.7 159.1 157.6 155.4 153.1 152.9 153.2 153.7 153.4 152.6 152 151.6 151.4 151.4 150.9 151.1 155.1 161.4 163.6 164.1 162.5 157.7 154 152.8 151.4 150.8 142.1 133.7 134 129.7 131.2 131.4 132.7 137.8 148.9 159.3 164.2 170 179 187 192.7 201.7 206.5 207.2 207.5 208.2 209.1 209.4 209.3 207.1 204.8 202.7 200.4 201.1 203.3 204.3 202.2 200.6 199.3 197.4 194.3 193.3 193.1 193 192.9 192.8 192.7 193.1 193.8
182.5 180.9 179.4 177.5 175.1 173.3 171.9 169.2 165.9 162.8 163.5 164 163 160.9 154.1 154.8 156 156.1 156.1 155.2 153.9 152 150.8 150.5 151.4 156.3 162.5 165.6 165.9 163.5 159.9 155.5 156.3 157.7 158.4 152.5 141.6 139 130.5 130.5 130.9 131.3 135 149.3 158.7 162.9 168.3 175.1 184.6 189.8 197.8 204.9 206.6 206.8 207.3 207.5 208.5 209.7 209.5 207 204.8 202.4 202.8 203.7 201.9 198.9 197.1 195.5 194.1 193.2 193 192.5 192.3 192.2 192.2 192.4 193.4 196.1
182.1 180.2 178.9 177.5 177.1 176 174 171.3 167 166.8 167.1 165.8 160 155.9 155.6 158.1 161.3 162 161.4 160.7 158.5 154.7 152.3 151.8 152.7 155.1 161.1 165.6 164.6 161.7 159.7 158 158.1 158.8 161.8 157.2 144.9 141.5 132.8 130.1 130.3 130.6 131.9 149.9 158.7 161.1 166.2 173.4 180.7 186.5 193.6 202.9 206.7 206.8 207.2 207.8 209.4 211 210.9 209.4 207.7 204.1 200.4 200.2 200.4 199.9 199.3 197.8 196.1 193.7 193 192.4 192.1 192 192.2 192.9 193.3 194.3
184.2 182.7 181.5 180.7 179.7 178.4 176 172.8 169.2 169.3 165.9 158.6 157.5 161 163.2 165 166.3 166.2 166.1 165.1 164.3 160.6 154.1 152.1 152.5 154.5 160.5 166 165.5 161.8 160.9 160.9 160.1 159.7 161.5 160.1 146.2 141.7 130.7 129.9 129.9 130.2 131 147.2 155.9 160.6 167.3 172.8 177.4 182.8 191.8 201.8 206.2 206.6 207.3 207.9 209.9 210.2 209.5 208.1 207.2 204.6 200.5 197.1 197.9 200 200 198.6 196.6 195.1 192.7 192 191.7 192.3 192.7 193.2 193.6 193.9
187.6 186.3 184.7 183.3 181.4 179.3 176.2 172.7 169.3 165.9 160.1 160 165.4 168.5 168.9 170 170.4 170.3 170.4 169.6 168.4 165.5 162 158.6 155.5 155 157.3 161.5 165.1 164.4 163.9 164.4 164 162.8 162.6 160.9 147.9 140.9 131.2 129.7 129.6 130 130.6 139.4 150.4 159.7 167.3 171.8 176.3 182 189.7 200 205.1 206 206.7 207.1 207.9 208.1 207.6 206.4 206.2 205.3 201.9 197.3 195 196.5 197.1 195.9 194.4 192.9 192.1 191.2 191.8 191.6 192.4 193.2 193.6 193.9
188.8 187.2 186.2 184.2 181.1 178.3 175 170.8 167.5 163.1 163.9 168.5 170.9 172.3 173.4 174.6 174.7 174.5 174.5 173.7 172.4 170.9 169.3 167.8 166 163.8 159.7 161.8 163.7 165.9 166.7 167 166.3 165.7 165.8 162.4 151 140.4 130 128.8 129.1 129.5 130 138.4 153.8 160 164.1 168.2 173.2 181.4 189.2 198.1 202.9 204.9 205.3 205.6 205.9 206.2 205.5 204.9 205.2 204.2 203.1 199.5 194.8 193.7 193.6 192.6 191.6 190.8 190.5 190.9 190.8 192.3 192.4 193.1 193.4 193.7
186.5 185.8 184.8 183.1 179.9 175.6 172.1 168.4 165.3 165.2 169.5 174.6 177.7 180.5 182.1 182.2 181.5 180.2 178.6 177.5 175.9 174.6 173 171.8 171.1 170.3 168 165.7 166.1 167.5 168.6 168.9 167.4 166.4 166.3 164.3 156.9 143.9 133.8 130.9 128.9 129.3 129.8 137 151.1 158 161.5 164.2 169.6 178.4 187.5 194.7 199.5 202.7 203.5 205.4 205.9 206.7 206.3 204.7 203.8 203.1 201.8 200.5 196.8 193.8 192.8 191.6 190.8 190.1 189.6 190 190.8 191.9 192.3 192.5 192.7 193
186.1 183.8 181.6 179 175.7 171.7 167.7 167 169 167.5 175.4 180.3 183.9 186 187.1 187.2 186.5 185.4 183.5 181.4 179.5 177.9 176.5 175.6 174.9 174.9 173.8 170.8 169.1 168 167.6 168.5 167.8 167.4 165.7 163.3 159.4 145.5 136.4 130.9 128.7 129.2 129.5 136.6 147.6 154.5 157.7 161.1 166.5 174.8 182.3 189.4 194.8 199.9 204.5 208.2 210.1 210.3 209.7 208.2 205.8 203.2 200.9 199.1 196.5 195.6 193.3 191.5 190.4 189.6 189.3 189.9 192.1 193.7 193.9 192.2 192.2 192.3
183.3 180.3 173.6 173 171.3 170.1 171.9 173.3 175.3 172.2 181.2 184.5 186.8 188.6 190 189.8 189.1 187.9 186.9 185.5 184.2 182.8 181.4 181.9 183.1 182.9 180.7 177.3 173.8 171.2 168.9 167.6 168.3 168.1 166.4 164.6 159.5 149.4 136 130.3 130.1 128.7 129 135.3 144 149.1 155.4 163.9 170.5 177.5 182.6 188.1 194.4 199.6 204.9 209.4 212.4 213.1 211.7 210.4 207.8 205.4 202.7 199.1 196.6 196.1 194.8 192.1 190.2 189.4 189.1 189.6 192.1 194.6 195.4 193.9 192.6 193.6
184.9 181.5 176.2 175.4 176.5 177.7 178.9 180.3 181.2 174.9 182.4 189.5 191.4 192.1 192.4 192.4 191.7 191.1 190.6 190.4 190.1 189.7 189.7 189.6 189.2 188 186 183 176.6 170.7 166.8 165.2 165.7 167.4 167.1 165.5 161.3 154 142.6 133.8 130.7 128.9 128.4 132 140.6 149.6 157.2 164.9 171.3 178.2 183.8 188.7 192.5 196 200 204.3 207.8 209.7 210.2 209.4 208.1 205.6 203.4 200.9 197.3 194.9 194.9 193.6 190.9 189.2 189 189 190.8 194.4 196.1 195.4 194.2 194.9
184.3 180 175.2 179.6 182.9 183.7 185.3 186 187 186.3 176.5 187.2 194 195.6 195.6 195.7 195.7 195.5 195.7 195.8 195.5 195.3 194.8 193.9 192.2 189.7 186.6 183.7 180.4 174.8 166.9 164 159.8 162.1 165 164.2 158.8 154.6 146.6 140.6 130.3 130.3 129.5 127.6 140.5 149.7 158.7 165.1 170.9 177.3 183.4 187.3 191.4 193.6 194.9 197.5 200.7 203 204.8 205.6 205.1 204.4 203.4 201.5 198.7 194.9 194 193.8 192.2 190.5 188.8 188.7 190.8 194.3 196.1 194.9 193 193.7
181.6 176.3 181 183.9 186.7 188.9 190.6 190.6 190.9 191.8 187.9 180.6 189.6 194.8 195.2 195.4 195.2 195 195 196.4 196.4 196.3 194.9 193 190.9 188.7 186.2 182.9 180 175.6 171.2 167.3 165.6 163.6 159.9 151.7 146.4 142 139 134.6 134.6 130.9 129.2 127.8 139 149.5 158.3 164 169.9 175.7 181 185 189.4 192.7 193.5 193.1 194.1 196.4 199 201 201.6 201.6 201.9 200.3 199.6 197.7 194.8 193.8 193.7 192.6 190.6 189.3 190 193.5 195.3 193.8 191.8 192.9
179.3 180.9 185 187.3 190.5 194.2 194.2 194.1 194.7 194.8 194.7 188.5 186.7 189.1 190.7 193.3 193.2 194.3 195.3 196.3 197.5 197.7 196.4 193.5 190.8 187.6 184.8 181.9 180 178.5 175.9 170.2 166.9 161.4 147.1 149.7 151.4 151.1 146.8 146 137.6 130.5 128.5 127.3 134.6 142.9 151.9 158.6 166 172.8 178.2 182.5 186.3 190.8 193 193 191.5 190.8 193.2 195.8 197.1 199 199.8 199.8 199.3 198.2 196 193.7 194.4 194 192.7 191.9 189 190.2 191.5 192.3 191.5 192.3
186.2 189.2 190.6 192.3 196.6 198.2 197.8 197.1 197.3 197.2 196.5 185.7 194.4 194.9 193.8 192.4 193.8 194.8 195.8 197.7 199.4 199.5 198.4 195.8 192.7 189.1 186.3 184.5 183.4 180 174.1 168.2 159.4 155 154.9 161.2 161.1 159.6 156.9 151.8 137.9 128.7 128 127.6 131.8 137.1 144.3 151 159.8 168.3 176.1 180 183.3 188.3 192 192 192.1 190.8 187.8 190.6 192.7 195 196.9 198.2 198.8 198.3 197.5 195.6 194.1 195.8 194.6 193.5 191.8 189.3 188.1 189.7 189.6 189.8
194.4 196.2 196.3 199.1 202.3 202.1 201.4 200 199.1 198.7 197.1 190.8 197.2 196.8 195.8 194.6 195.1 195.8 196.1 197.2 199.6 200.8 199.7 197.7 195.1 191.9 189.8 185 178.5 173.6 170.7 169.3 166.5 161 158.1 155.9 154.2 156.6 157.3 149.2 135.1 130.1 127.7 126.3 130.6 133.3 137.9 143.8 153.2 163.2 171 176.7 180.5 184.9 190.1 191.3 191.3 190.7 188.3 187 188.9 191 193 194.9 196.4 197.4 197.9 196.3 194.6 196.9 197.4 196.5 194.9 192.7 190.6 187.1 187.4 189.6
200 203 203.3 203.8 205 203.6 202.7 201.3 200.3 199.3 191.3 196.7 198.7 198.2 197.3 196.5 196 196.5 196.8 196.8 197.1 198.4 199.5 195.6 190.2 185.9 185.7 187.5 171.2 173.3 176.3 180.3 179.2 174.6 168.5 161.4 151.6 148.4 147.7 143.1 132.6 128.2 127.7 126.2 129.1 131.1 133.9 137.9 144.9 155.2 164 170 174.7 179.3 183.7 187.8 189.7 190 188.5 181.6 187 187.3 189 191.3 193.6 195.3 196.9 197.2 195.7 199.7 201.8 201.5 199.4 196.3 192.6 188.2 186.4 189.2
200.3 207 208.2 208 206.8 205.8 204.6 202.4 201.1 198.5 197.8 199.6 200.1 199.4 198.6 197.5 196.9 196.7 196.8 196.4 196.3 195.7 194.9 196.4 195.8 192.9 184.8 172.2 179.1 185 185.5 185.2 183.9 180.1 172 171.2 164.9 155 143.7 142.9 133.2 128.4 127.6 126.7 127.8 129.7 131.2 133.7 138.8 146.3 154.9 161.4 166.7 171.4 175.1 178.3 183.5 187.9 187.5 172.9 185.1 181.3 188.4 190.4 192.3 193.7 195.4 197.3 199.6 201.7 205.4 204.9 202.9 199.1 194.7 189.6 186.2 189.4
200.8 210.5 212.8 212.2 211 209.4 207.1 204.6 202.2 197.2 201.4 201.7 201.3 201.1 200.2 198.8 197.9 197.4 198.3 197.1 196.6 195.2 193.7 190.9 183.8 177.4 178.4 185.2 189.9 189.6 188.8 188.2 186.9 184.3 181.1 178.3 172 165.3 157.3 145 138.8 130.2 128.6 125.8 126.9 127.8 128.6 129.6 131.1 137.5 145 151.9 157.2 162.7 165.5 170.9 175.1 178.4 181 173.2 180 172.4 187.1 189 190.7 191.9 194.4 197.2 199.3 201.1 206.1 206.1 203.7 200.5 196.7 192 185.2 187.1
208.2 214.3 214.7 214 212.7 210.6 208.6 206.4 201.6 203.9 203.6 203.4 202.6 202.2 201.4 200.6 200.1 199.6 199.3 198.5 197.2 196.9 196.6 189.8 193.4 195 196.1 196.3 196.1 195.2 193.8 193.3 192.6 190.9 188.4 184.4 176.7 171 165.2 150.9 134.6 135.6 130.4 128.3 125.7 126.1 126.2 125.2 125.3 130 135.4 141.2 146.5 153 155.8 165.5 167.6 170.9 173.5 177.2 163.9 173.6 184.8 187.5 188.2 189.3 191.2 194.6 194.9 199.9 203.6 204.3 203.3 200 196.4 192.9 187.7 185.7
215.2 216 214.4 213 210.9 209.9 209 207.3 201.5 206.5 205.8 205.1 203.9 203.6 202.8 202.2 202.1 201.9 201.7 200.8 201 201.1 198.6 197.8 202.5 202.8 202 201.7 201.6 201.3 200.3 199.1 198.5 196.8 194.4 190.1 182.7 175.4 167.9 154.3 139 130.4 131.4 129.6 126.6 126 125.5 125.2 125.1 124.2 126.6 133.2 139.4 144.8 148.9 154.3 158 162.5 165.2 166.2 157.7 171.7 182.6 185.8 186.6 187.4 188.7 190.4 191.1 195.7 199.7 201.3 200.8 199 195.9 192.7 189 185.7
217.3 216.4 215.9 214.6 213 211.7 209.3 207.2 207.3 207.7 206.9 206.6 206.6 206.4 206.7 206.5 206.7 206.2 205.9 205.4 205.5 205.8 200.8 202.7 207 206.9 206.4 206.4 206.3 205.6 205.5 205.2 204.3 203.1 200.5 195.6 188.5 179.7 172.7 160.4 148.4 131.9 130.7 130.1 130.3 126.3 125.6 125.2 125 125.1 125.1 127.4 133.8 140.2 141.7 145.5 148.3 152.1 154.9 152.3 159.3 167.2 176.3 183.4 185 186.2 187.5 187.9 185.9 188 194.1 197.1 199.1 197.9 195.5 193 191.1 189.1
219.1 218.1 217.4 216.1 212.3 213 210.7 210.7 210.2 210.1 210.1 210.3 210.8 210.8 211.3 211.2 211.1 210.9 211 210.5 210.9 211.2 204 210.8 211 210.4 209.9 209.5 209.2 208.9 209.2 209.1 208.7 207.4 204 197.8 190.1 182.8 176.1 166.2 154.6 141.1 133.8 131.7 129.9 128.4 125.1 125.2 124.9 125 124.1 124.9 128.9 132 134.7 138.8 141.2 144.1 145.1 146.2 156 163.8 170.1 175.9 182.4 184.3 185.5 186 184.1 186.6 193.4 196.9 198.3 197.9 197 195.7 194.6 192.8
220.6 219.5 218.5 216.8 215.8 213.6 211.2 213 214.1 215.3 216.1 216.4 216.7 216.4 215.4 214.9 213.7 213.5 214.1 214.2 214.3 213.9 205.4 214.4 214.7 214.2 213.3 212.3 211.5 211.1 211.7 212.7 212 206.1 200.3 193.5 185.1 173.1 160.5 156.8 154.8 146.4 137.3 133.5 131 129.4 128 127.6 124.9 125.1 124.8 123.9 123.8 124.7 127.1 132 135.1 137.8 136.4 144.3 149.5 156.4 163.2 170.4 177.2 182 182.1 182.6 183.6 191.9 198.6 200.6 200.7 199.7 198.6 197.1 196.3 195.6
220.8 219.6 218.4 217 215.3 214.1 215.2 216.8 218.4 219.8 220.9 221.8 221.6 220.6 219.5 218.3 217.4 216.6 216.8 216.3 212.5 213.3 216 215.5 216.7 217.8 216.6 215.4 214.1 212.9 211.7 211.2 207.4 201.8 194.5 189.1 187.6 185.8 181.7 174.9 165.6 156.6 148.8 141 133.1 134.2 130.8 129.1 127.6 126 125.1 124.6 122.9 123.9 124.4 126 129.1 131.7 133.4 139 143.7 148.9 157.4 163.9 171.1 177.2 179.8 169.3 184.5 193.9 200.9 203 202.9 201.6 199.8 197.5 196.4 195.1
