ny/ny66_OST50GRID_20230518/NY66.asc
ncols 200
nrows 200
xllcorner 360000
yllcorner 560000
cellsize 50
[rows 0 to 34 of 200, columns 78 to 155 of 200]
213.4 212.3 210.9 209.3 208.6 209.8 212.3 214.2 215.7 217.8 220.8 223.2 224.6 224.3 222.6 220.4 218 216.1 213.9 212.4 211 204 191.9 187.8 208.6 213 217.4 220.7 222.8 223.1 222.7 222.1 222.4 221.9 220.9 220.1 218 217 215.6 213.7 211.5 210 208.7 208.7 208.9 209.4 209 208.6 209.1 209.3 209.2 209 209.4 209.7 209.9 210.3 210.3 210.2 209.9 210.1 210.5 210.9 211 211.1 211.2 211 210.7 210.6 210.6 210.8 211.3 211.7 211.9 212.1 211.9 212 212.7 213.7
213.3 212.3 210.6 208.9 208.3 206.7 211.2 213.1 214.9 216.7 219.3 221.6 222.8 223.1 221.2 218.6 215.9 213.7 211.1 209.7 197.7 187.7 193.5 207.8 211.6 213.9 216.6 218.4 220.9 220.8 220 219.2 218.8 218.3 216.6 215.2 213.4 212.3 211.3 210 208.8 207.7 207.1 207.2 207.8 208.4 208.2 208.3 208.4 208.4 209.1 209.5 210.3 211.1 211.7 211.6 211.5 211.3 210.7 210.3 210.4 210.3 210.5 210.7 210.6 210.5 211.2 211.5 210.9 211.2 211.9 212.5 212.8 213.6 213.9 214 214.1 215.2
213.8 212.5 211.5 210.5 208.9 202.2 209.2 212.3 214.3 216.3 217.9 219.8 220.4 220.3 219.1 216.3 213.4 210.5 207.9 195.4 188.4 193.6 206.4 209.2 210.6 210.6 212.2 214.5 217.4 218 217 216.3 215.8 214.7 212.9 211.2 210.2 209.5 208.6 206.6 206.8 208.1 209.5 209.4 207.6 207.6 209.2 210.9 211.2 210.7 212 212.7 212.8 212.6 212.4 212.6 212.8 212.3 211.8 210.8 210.5 210.4 210.5 210.6 210.6 211 211.6 211.9 211.6 211.9 212.5 213 213.5 214.5 215.5 216 216.4 217
214.4 213.1 212 210.8 208.2 203.5 212.2 213.2 214.6 215.9 217.1 217.9 217.8 217.1 215.6 212.9 209.4 204.9 193.5 188.4 192.7 193.7 196.5 197.6 202.9 200.2 203.5 205.1 209.5 213.9 213.8 213.2 212.5 211.3 209.8 208.6 207.1 207.6 206.7 208.7 209.4 210.2 210.7 211.2 210.5 209 211.2 212.3 212.7 213.1 213.5 213.6 213.5 213.2 213 213.3 213.4 213.2 212.6 211.9 211.5 211.1 210.9 210.9 211 211.3 211.9 212.1 212.2 212.5 212.9 214.1 216.1 217.7 219.1 219.3 219.3 219.4
213.8 210.2 206.3 205.9 203.9 205.1 212.5 212.6 205.6 202.3 211.4 214.9 214 213.7 204.1 198.3 195.2 189.1 188.8 194.4 204.8 208.1 210.7 207.2 203.2 204.8 204.9 204.7 202.2 208.3 211.3 211.3 210.3 208 207.7 206.3 206.9 208.6 208.6 208.8 210.9 211.4 211.8 211.9 211.3 209.9 212 213.1 213.6 213.9 214 214.1 214 213.8 213.6 213.8 213.8 213.8 213.3 213 212.7 212.6 211.9 212.4 213.6 214.4 214.6 214.7 214.8 214.4 214.6 214.7 217.4 219.1 220.1 220.7 220.8 220.9
203.6 196 197.7 196.2 193.3 197 193.8 194.6 180.5 181.9 184.9 207.8 208.1 196.4 185.2 190.3 186.9 195 201.2 207.3 212.3 213.6 214.6 214.2 212.8 212.3 211.7 210.8 208.2 204.6 205.4 209.2 208.6 206.6 207.7 209 209.3 210 210.5 211.5 211.8 212.4 212.7 212.5 212 210.9 211.7 212.9 213.7 214.1 214.3 214.4 214.3 214.4 214.3 214.2 214.2 214.3 213.9 214 214 214.7 215.2 216.1 216.3 217.5 217.5 217.6 216.8 216.6 216.5 216.1 217.6 219.5 220.3 221.2 221.3 221.7
192.8 170.9 173.8 177.2 177.9 178 180.6 186.4 194.2 194.8 184.4 191.5 197.6 184.8 194.9 205.5 208.8 209.9 212.3 215.6 216.9 217.2 217.6 217.6 216.8 215 213.8 213 211.5 208.9 207.1 205.9 206.5 208.4 210.7 211.9 212.4 212.3 212.4 212.9 212.7 213 213.2 213.1 212.8 212 211.5 212.8 213.6 214.1 214.8 215.1 214.9 215.3 216.4 216.9 217.8 218.2 218.7 218.6 219.1 219.2 219.2 218.8 218.5 219 219.1 218.7 218.2 218.1 218 218 218.1 219.9 220.4 221.2 221.9 222.1
165.8 181.4 182.6 195.4 201.8 207.8 212 211.9 210.3 202.4 184.1 186.1 186.2 190.7 206 212.5 213.8 214.4 215.9 217.7 218.2 218.5 218.8 219.2 218.6 217.1 215.6 214.2 212.3 211.6 211.5 209.7 210.1 211.8 214.3 216 215.8 215.3 215.2 214.4 214 213.5 213.6 213.6 213.5 212.7 212.3 212.8 213.6 214.6 216.6 218.3 219.5 220.1 221.1 221.7 222.2 222.2 222.1 221.9 221.6 221.4 221.1 220.5 220.2 220.4 220.2 220 219.2 218.9 218.7 218.7 219.1 219.8 220.4 221.3 223.6 226.3
187.3 198.9 206 210.2 214.1 216.9 218.9 219.5 218.6 212.3 201 197.1 205.1 212.5 217 217.7 217.5 217.6 218.3 218.7 219.2 219.1 219.1 218.5 218.3 216.9 215.8 214.7 213.6 213 213.9 214.6 215.3 216.9 220.2 221.2 219.8 218.6 217.6 216.7 215.9 215.3 214.8 214.5 214.3 213.8 213.4 213.8 215.4 218.5 221.1 222.7 223.8 224.4 224.7 224.6 224.6 224.1 223.7 223.3 222.9 222.6 222.2 222.1 222 222.3 222.1 221.7 220.4 219.7 219.4 219.4 219.8 219.9 220.6 224.9 228.9 231.3
199.8 207.3 212.8 216.5 219.7 222.1 224.7 225.8 225.5 224.4 222.1 222 223.5 223.9 223.5 222.7 221.9 221.4 220.9 221 220.9 220.1 218.7 218.1 218.3 217.3 216.3 216.1 216 216.3 217.7 219.3 221.1 222.8 224.9 224.6 222.8 221 219.4 218.7 218.1 217.6 217 216.4 216 215 214.2 214.2 216.4 218.9 221.5 223.1 224.8 225.5 225.8 226.1 225.8 225.1 224.5 224.1 223.8 223.6 223.2 224.1 224.5 224.3 223.7 223 221.7 220.6 220.1 220 220.1 221.4 226.2 230.6 233.9 237.7
208.1 213.2 218.3 222.3 224.4 226.8 229.8 231.7 232.3 231.5 230.2 230.1 231 231.2 229.7 228.1 226.5 224.2 223.4 222.2 221.2 220.1 219 219.2 219.6 218.7 218.4 219 219.8 220.6 221.6 223.2 224.6 225.8 226.1 225.3 224 222.4 220.9 220.4 220.2 219.7 219.3 218.3 217.3 216.4 215.5 215.2 215.9 217.5 220.7 223.1 225 226.3 226.7 227.2 227.4 228 227.8 226.3 224.8 224.8 225.1 225.6 225.5 224.8 224.1 223.3 222.7 222.1 221.5 221.2 220.8 226.1 231.7 236.5 239.4 240.6
210.1 214.6 219.4 223.8 226.1 228.9 230.5 231.2 231.2 230.4 230.3 229.5 230.1 228.7 227.6 226.5 225.3 223.8 222.1 220 219.2 218.6 219.6 221 222 222.2 222.7 222.9 223.3 224.1 224.6 225.4 226.1 226.3 225.4 224.7 223.5 222.9 222.1 221.4 220.6 220.2 219.8 219 218.2 217.7 216.9 216.9 218.5 221.5 224.3 225.9 227.3 228.1 229.3 230.4 231 230.8 229.8 228.2 227 226.4 226.3 226.2 226.1 225.4 224.6 223.8 223.1 222.5 222 221.7 222 224.4 228.6 230.9 232.6 233.4
207.9 212.5 215.8 219.6 223 224.8 224.7 224.8 225.6 224.5 223.2 222.7 221.2 221.1 220.8 220.5 220 219.2 217.9 216.7 216.1 217.4 220 222.2 223.8 224.9 225.3 225 224.9 224.1 223.6 223.6 223.4 223.3 223 222.7 222.7 222.6 222.2 221.5 220.9 220.2 219.8 219.4 219.1 218.8 219 221.4 224.3 227.5 229.6 230.8 231.3 232 232.5 232.5 231.8 231.1 230.3 230.1 229.2 228.3 228.6 227.9 227.6 226.4 225.3 224.4 223.6 223.2 222.9 223 223.6 225 226.8 228.6 229.4 229.6
207.8 210.5 213.2 215.9 218 219.3 219 218.9 219.9 218.5 216.8 215 213.5 213.4 213.9 213.9 213.8 213.4 213.3 212.4 213 215.3 218.1 219.9 222.1 223.8 223.9 223.2 222.1 221.3 220.9 221 221.2 221.4 221.5 221.6 222 222.3 222.1 221.4 220.7 220.5 220.4 220.5 220.6 221.1 223.5 226.8 230 232 232.7 233.1 233.2 232.9 232.4 231.7 231.2 231.2 230.5 230.6 231.5 232.5 233.1 232.3 230.1 228.5 227.5 226.2 225.4 225 226.7 226.7 226.7 227.2 228.2 229 229.5 229.4
216.6 217.4 216.6 215.2 213.5 214.4 214 213.7 214.2 212.4 210.5 208.9 209 209 209.3 209.7 209.7 209.9 210.4 210.7 210.9 212.1 215.1 217.2 218.9 220.6 220.3 219.8 219.5 219.4 219.6 219.7 219.9 220.3 220.7 221 221.4 221.7 221.8 221.5 221.4 221.5 222.2 222.3 223.4 225.7 228.8 231.7 234 235.3 235.2 235 234 233.2 232.1 231.4 230.7 230.3 230.4 231.5 234.5 235.5 234.5 233 231 230 229.2 228 228 230.8 233.1 233.4 234.3 234.3 233.3 232.2 230.8 230.1
222 221.9 220.8 219 217.1 215.6 212.5 210.1 209.5 207.9 208.1 209.9 210.8 211.1 211.3 211.7 211.6 211.3 211.4 211.4 211.8 212 213.1 214.8 216.3 217.3 218.2 217.9 218.2 218.9 219.6 219.7 220 220.4 220.9 221.2 221.6 221.9 222.1 222.2 222.4 223.1 223.9 224.9 226.6 229.5 232.4 234.4 236 237 236.7 236 234.7 233.3 232.2 230.9 230.1 228.6 228.5 229.4 232.2 233 232.4 231.1 231 230.9 230.6 230.6 232.9 236.2 238.3 239.1 238.6 237.5 235.9 234 232 230
222.5 220.9 219.4 217.7 216.1 214.6 212.5 209.8 207.9 206.6 208.5 210.5 213.2 213.7 213.8 213.9 213.6 213 212.9 212.8 212.9 213.2 213.4 213.7 214 214.6 215.6 216.4 217.5 218.5 219.2 219.9 220.8 221.5 222.2 222.3 222.6 223 223 223.2 223.6 224.7 226.2 228.2 230.7 233.5 236 237.3 238.1 238.3 237.8 236.8 235.1 233.3 231.1 229.1 227.7 226.8 227.2 227.1 226.3 228.5 229.9 230.3 230.6 230.9 231.1 232.2 234.4 236.3 237.3 237.8 237.2 236 234.5 232.2 230.3 229
220.6 219.1 218 217 215.6 213.7 212 210.1 207.5 206.5 208.4 210.4 214.4 216.6 217 216.2 215 214.4 214.1 214 214.4 214.7 214.9 215 215.5 216 216.4 217 217.7 219 220.2 221.4 222.2 223.4 224.2 224.1 224.1 224.3 224.6 225.5 227.1 229.5 231.9 235.1 237 239.8 240.9 241.7 241.3 240.3 238.5 236.1 233.3 230.8 228.2 226.3 225.6 225.4 225.1 225 225.1 224.8 226.3 227.9 228.6 229.6 230.7 232.2 233.6 234.8 235.3 234.9 234.4 233.5 231.8 229.8 228.1 226.9
221.6 220.9 219.5 218.1 217.1 215.9 214.3 212.8 206.1 206.2 208.2 212.9 216.7 219.7 218.9 217.6 216.3 215.5 215.4 215.3 215.8 216.4 216.5 216.8 217.5 218.8 219.7 220.2 220.3 221.1 222.3 223.6 225.1 226.9 227.6 226.7 227.1 228.1 230.3 232.4 233.8 236 236.8 237.8 238.6 239.1 239.5 239.5 239 237.7 235.6 233 230 227.3 225.1 224.8 225 225 224.6 224 223.5 223.9 222.7 225.1 226.3 227 228 228.6 229.6 230.5 231 231.2 230.9 230 228.7 226.9 226 225.1
224.3 222.7 221.4 219.7 218.5 216.8 213.8 208.4 205.3 210.4 215.1 219.2 221.2 221.7 220.3 218.8 217.6 217.2 216.9 216.9 217.6 217.9 218.3 219.6 221.6 223.3 224.4 224.4 224.1 224 225.5 227.1 229 230.6 230.7 231.6 234 234.7 236 236.7 236.9 236.2 235.8 235.4 235.4 235.7 235.9 235.8 235.6 234.3 232.3 230 227.3 224.8 224.1 224.3 224.5 224.5 224.1 223.3 222.3 222.5 222.2 221.3 222.9 223.9 224.2 224.4 224.9 225.6 226.2 226.5 226.1 225.3 224.4 223.5 222.4 221.3
221.1 219.5 217.9 214.3 211 209.1 203.3 207.6 214.5 220.4 224.9 226.3 224.8 222.9 221.3 220.5 219.9 219.8 219.8 220.7 221.8 222.2 221.6 223.6 225.9 227.7 229.3 229 229 230 232 233.8 235 235.3 235.2 235.7 236.1 236.9 236.7 236.2 235.3 234.4 233.2 232.7 232.8 233.4 234.1 234.4 234.2 232.8 230.8 227.9 224.8 223.1 223.3 223.5 223.7 223.7 222.6 221.5 220.9 220.6 220.4 220.3 220.1 220.2 220.9 221.3 221.8 222.4 223.1 223.2 222.5 222 221.2 219.7 218.4 217.2
216 215.4 212.4 206.3 200.6 204.7 210.9 216.8 224.3 230 232.2 230.7 227.3 224.8 223.1 222.6 222.3 222.1 223.4 224.4 224.9 225.1 225.3 227.3 229.7 232.2 234.1 233.7 233.6 236.1 237.7 237.7 237.4 237 236.4 236.1 235.4 234.5 233.7 233 232.1 231.3 230.6 230.5 231.2 231.7 231.3 231.3 230.3 228.6 226.4 223.1 220.8 220.7 222.5 222.8 222.2 221.5 220.3 219 218.6 218.6 218.6 219 219.2 219.3 219.1 219.3 220.3 221.1 221.3 221.4 220.6 219.3 217.6 216.1 214.4 212.5
212.8 212.1 207.3 202.7 208.9 213 217.9 223.9 230 232.8 232.9 231 228.5 226.4 224.8 224.1 223.7 224.5 225.9 226.4 227 227.5 228.7 230.4 232.5 234.4 235.7 235.8 236.4 237.6 238.1 238.1 237.8 237.2 236.6 235.5 234.1 233.1 231.4 230.7 229.1 228.6 227.3 228 228.2 227.5 226.3 224.8 223.2 222 220.3 218.4 218.4 219.1 221.4 221 219.6 218.2 216.9 216.3 216.6 217.1 218 218.4 218.4 218.5 218.2 217.6 218 218.5 218.7 218.1 216.2 214.3 212.7 211.5 210.1 208.5
211.7 208.3 197.1 206.8 214.4 220.1 224.6 228.5 231.3 231.9 231.4 231.4 230 228.5 227.4 227.9 228.5 230.1 230.9 231.1 231.4 230.8 231.5 233 234.4 236.2 236.7 236.9 236.9 237.6 238 238.1 237.6 236.7 235.6 234.5 233.7 232.8 231 229.5 227.4 224.1 223.3 223.5 222.5 221.5 220.3 219.2 217.4 216.8 215.9 216.4 216.6 217.2 217.7 216.6 215.4 214.4 214.1 214.4 215.7 216.7 217.4 217.7 217.8 217.7 217.5 216.9 215.8 213.6 210.8 212.3 210.1 208.9 207.8 207 206.3 205.2
210.7 205 196 210.5 218.5 224.3 228.6 230 230.5 230.4 230.7 230.7 230.7 231 231.4 232.8 234.8 235.6 235.9 235.9 235.5 234.5 234.4 235.2 236.6 237.4 237.3 237.3 237.2 237.4 237.9 237.7 236.6 235.5 234.2 233.4 231.5 229.2 226.5 225 222.2 220.5 220 218.8 217.8 217 215.9 214.4 213.4 213.8 214.6 214.9 215.2 215.6 214.7 213.4 212.3 211.9 213.3 214.8 216.4 216.9 218 217.1 216.4 214.5 213.5 213 211.8 209.5 207.1 205.8 205.2 204.9 204.4 203.5 202.5 203.1
209.3 206.5 195.1 210.2 219.2 223.5 227.3 228.7 229.4 229.3 229.6 230.2 230.8 232.4 235 237.5 239.4 240.3 240.3 239.9 239.1 238 237.3 238 238.7 238.4 237.7 237.4 237.2 237.2 236.9 236.2 235.2 234.1 232.6 230.7 228.3 225.4 222.9 221.2 219.6 218.1 217.5 216.5 215.2 214.1 212.7 210.9 210.1 212.3 213.6 213.9 213.9 213.3 212.1 211 210.2 211.1 212.6 214.4 216.7 216.7 215.1 213.3 211.4 209.5 208.8 207.2 205.9 204.9 203 202.2 202.7 203 202 200.3 203.4 204.9
207.1 204.6 193.9 210.1 217.7 222 225.4 226.8 227.9 228.2 228.6 229.5 231.3 234.7 237.7 240.4 243.2 244.2 243.7 242.9 241.8 240.5 239.9 240.1 240 239.2 238.4 237.5 236.4 235.9 235.1 234.3 233 232 230.3 228.6 226.8 224.4 222.5 220.9 219.2 217.5 216.1 215 214.2 212.6 211.8 211.3 209 212.8 212.3 211.8 210.7 210 209.1 208.7 209.2 210.9 214.1 214.9 213.7 212 209.8 208.2 207.6 207.5 206.4 205.1 203.6 202.1 201.2 200.1 203.3 203.3 201.6 201.3 203.5 203.8
201.7 195.1 193.5 212.5 219.1 222.4 224 224.9 225.9 226.6 228 230 233 236.9 240.5 243.5 246.5 247 245.9 244.7 243.5 242 241.8 241.1 240.1 238.8 237.6 236.1 234.8 233.5 232.6 231.3 230.3 230.2 229.3 228.3 226.9 225.3 223.3 221.8 219.9 218.1 216.1 214.3 213.6 213.2 212.6 211.6 207.6 209.8 209.1 207.8 207.1 207 206.7 207.6 209.3 211.1 210.9 210.2 209.2 207.8 207.6 207.5 207.1 206.5 205.8 204.8 203.6 203 202.3 200.6 202.1 201.9 201.5 199.7 199.3 200.5
193 190.8 200.3 212.6 217.1 220.3 222.9 223.5 224.7 225.9 228.2 231.2 234.5 238.5 242.2 246 248 247.8 247.3 246.5 244.9 243.2 242.2 241.2 240 238.6 236.9 235 233.1 231.6 230.3 229.2 229.3 229.3 229.4 229 228 227 225.5 223.4 221.5 218.6 216.4 214.2 213 211.7 210.1 208.4 206.2 204.5 204.7 204.2 204.5 205.1 207.5 209.1 209.9 209.2 208.9 207.4 206.5 206.9 207.3 207.3 207.2 206.4 205.3 204.6 203.2 202.3 200.5 198 198.1 198 197.6 196.5 195.2 196.4
188.1 196.3 203.6 208.2 213.5 216.9 219.3 220.9 222.3 225.6 229 232 235.5 239.6 243.1 246.4 247.8 247.9 247.6 247.2 245.9 244.1 241.9 239.8 238.4 236.9 235.2 233.7 231.6 229.8 229.2 227.4 227.5 228 228 227.5 226.8 226.2 224.6 223 220.7 217.2 215.1 212.7 210.2 207.9 206 204.4 202.7 201.1 202.1 202.6 205.6 209.4 209.6 209.4 208 206.5 204.4 205.2 206.3 206.7 207.1 207.1 206.5 206.1 204.5 202.6 200.8 198.8 196.8 195.3 195.1 194.4 194.1 192.9 192.9 193.3
192.4 196.9 202.7 204.3 209.3 214.4 216.7 218.1 221.6 225.1 229 231.9 235.7 239 242.3 245.3 247 247.2 246.8 246.1 244.5 242.4 240.2 238 235.8 234.1 231.8 230.1 228.2 227.5 226.6 222.7 224.4 223.5 222.5 221.4 221.9 221.2 219.8 217.7 215.6 212.6 209.8 207.6 205.3 204.3 203 201.5 199.9 199.8 201.5 204.7 209.2 207 205.5 204 202.8 203 203.7 204.6 205.8 206.6 206.9 205.5 203.6 202 200.5 199 197.6 196.2 194.2 193.1 192.3 191.3 191 190.9 190.9 191.5
192.3 195.8 200.5 201.4 204.6 208.2 213.8 215.6 219.5 222.9 227 230.3 233.3 236.1 238.5 241.7 244.3 245.8 245.3 244.6 242.7 240.6 238.6 235.8 233.8 231.7 229.2 226.4 224.3 223.3 221 219.6 218.9 217.5 216.1 214.8 213.7 212.5 211.4 210 207.3 205.7 204 202.1 201.1 200.4 198.9 198.7 198.6 201 202.5 203.2 201.8 200.8 200.5 201.3 201.9 202.5 202.8 204.2 204.6 204.3 203.1 201.5 200.5 199.6 198.4 197.1 195.5 194.4 193.5 192 190.5 189.6 189.5 189.7 190.5 191
192 194.8 197.9 198.6 200.6 204.1 210.2 213 216.3 220.2 223.8 226.7 229.5 232 234 237 240 242.3 242.3 241.7 239.9 237 234.4 231.4 229.6 227.3 224.9 222.4 220 217.6 216.8 214.3 212.5 211.6 210.4 208.9 207.1 205.9 204.9 203.3 201.8 200.1 199.1 197.7 197.2 196.9 196.4 199.1 201.1 201.3 200.5 199.1 198.5 199 200.2 200.9 201.3 201.7 202.3 202.6 202.6 202.5 202.2 201.3 200.5 199.8 199.1 198.4 197.3 195.4 193.1 190.8 189.5 188.6 188.6 189.2 189.8 190.5
191 193.8 195.1 197.2 198.5 200.1 203.4 207.6 212.2 217 220.1 223.2 225.4 227.7 230.3 232.8 235.4 237.1 237.5 236.8 234.8 232.2 228.5 225.9 225 222.1 218.8 215.9 214.1 212.3 211.2 208.5 207.5 206 204.7 203.8 203.1 202.1 200.4 198.8 197 195.4 195.1 195.2 195 195.9 197.9 198.2 198.1 198.2 197.3 196.8 197.3 198.9 199.7 200.3 200.8 201.1 201.5 202.1 202.4 202.5 202.2 202.6 203 202.4 200.3 198.8 196.3 192.9 190.1 187.8 188.5 188.3 188.5 189.1 189.6 190
190.5 192.4 193.5 195.3 196.3 197.5 198.4 200.7 207.6 213.3 217.2 220.7 223.1 224.6 227.3 230 230.2 230.6 231.3 230.9 228.8 225.5 222.2 219.4 218.6 215.7 211.6 208.8 206.6 205.7 205 203.9 202.4 201.3 200.3 199.7 199.6 199.4 197.9 196.8 196.2 194.9 194 193.6 193.9 195.5 195.3 195.2 195 194.7 194 196.5 197.8 198.6 199.2 199.7 200 200.7 201.3 201.8 202.4 202.8 203.2 202.9 202.4 200.7 198.5 195.9 192.7 189.2 186.9 187.9 190.1 191.6 192.6 193.5 194 194.1
