ny/ny66_OST50GRID_20230518/NY66.asc
ncols 200
nrows 200
xllcorner 360000
yllcorner 560000
cellsize 50
[rows 105 to 139 of 200, columns 0 to 77 of 200]
107.7 112.6 117.5 121.7 123.8 123.7 124.2 124.9 126.1 128.9 137.8 143.1 149.5 155.2 158.1 160.9 162.9 165.5 170.6 171.5 176.6 178.6 178.2 178.6 179 177.5 175.4 172.7 176.6 177.9 177.9 177.3 176.6 176.3 175.8 174.9 174.5 175.1 175.6 176.6 176.4 177.8 179.3 178.8 172.7 163.8 166 177.8 180.6 181.1 184.9 175.6 185.9 187.5 188.1 189.8 192.4 194.6 196.3 197.8 199.6 200.3 200.3 202.5 206.4 208.4 209 211.3 215.4 218.1 220.1 221.6 222.8 222.9 226.8 226.6 224.6 223.4
117.6 121 122.8 123.8 124.4 124.4 125.7 128.1 129.8 139.6 146.5 152.9 157.7 161.1 164.6 168.4 172.5 176.5 180.1 180.6 182.4 182.8 182.6 183.3 182.5 181.3 178.7 177.7 179.9 181.1 181.2 181 179.9 178.9 177.6 176.6 176.5 176.8 177.4 178.4 179.1 180.4 181.4 178.9 167.3 163.4 172 180.2 183.1 184.2 186.3 185.1 184.1 190.4 191 191.5 192.7 194.7 197.2 200.3 203.3 202.8 203.9 206.6 208.7 209.5 211.4 215.2 218.4 222.2 226.1 228.3 229 229.8 228.1 228.4 226.9 225.5
120.8 122.7 123.3 124.3 124.8 126.8 130.4 132.7 140.8 150.4 154.5 158.2 164.9 169.7 172.6 176.2 181.3 183 182.7 182.1 182.3 182.1 182.3 182.6 182.1 181.5 181 180.8 181.8 182.4 182.6 181.9 181 179.9 179.3 178.9 178.9 178.8 179.2 179.8 180.3 181.5 180.5 174.4 164.2 164.4 177.1 181.3 185.5 187.5 187.4 190.1 184.4 188.7 192.7 193.8 195.1 196.8 200.6 206.8 207.5 205.5 207.5 209.5 210.7 214 217.2 218.2 220.6 224 226.7 229.2 229.3 233.8 232.7 233.8 235.1 234.8
122.4 123.8 123.1 124.2 128.4 138.7 137.6 140.3 144 151.2 158.8 163.1 169.4 175.2 179.7 183 184.8 185 184.4 183.9 183.1 183.9 185.1 185.3 184.4 183.6 182.2 181.7 182.8 183.1 182.9 182.1 181.5 179.3 178.1 177.8 177 176 175.1 176.5 177.8 177.5 175.2 167.1 163.4 166.8 173.4 180.4 185.9 187.1 188 189.6 189.5 189.1 193.3 197.2 198.9 202.3 206.1 209.5 209.9 208.8 210.8 213 215 219.1 220.4 221.4 223.6 227.2 227.8 231.4 238.2 236.3 235 236.9 239.8 240.6
117.1 119.8 122.3 124.3 134.4 139.9 139.2 143.9 149.5 154.9 159.6 165 170.1 176 181.7 185.4 187.2 187.4 186.8 186.4 186.5 187.4 187.7 186.6 184.9 182.6 180.3 179.6 178 177.9 176.8 175.8 174.6 171.9 171.6 170.7 169.6 169.5 168 168.4 168.2 167.1 164.2 164.2 166.8 171.1 177.7 180.9 183.7 186 187.9 189.4 191.4 193.1 192.9 197.9 202 206.2 208.5 210.7 212 211.2 213.4 215.3 219.2 221.3 223.1 225.6 226.5 227.7 229.6 235.7 236.7 236.3 236.8 237.4 238.1 239.7
123 122.6 119.5 126 139.6 140.5 142.5 149.6 154.7 161 165.3 170.3 175.5 179.5 182.5 184.5 184.4 186.7 186.7 186.7 185.5 184.1 182.2 180 178.3 175.6 173.6 171.9 170.9 170.1 170 169.5 169.5 169.1 168 167.4 166.7 166.8 168.3 166.8 166.6 168.1 170.8 176.4 178.2 181.5 181.9 184.8 186.8 188.6 190.5 192.6 194.3 197.1 196.6 199.9 204 205.9 208.1 210.3 212.1 214.5 216.2 218.7 222.1 225.3 227.4 228.6 229 229.9 233 235.9 236.4 237 237.5 237.9 237.7 239.1
136.2 131 136.5 139.6 131.2 140.7 144 156.9 162.1 166.7 171 175.9 178.3 178.6 178.7 179.1 179.3 179.7 179.3 179.4 178.3 176.7 175 173.3 171.5 171.2 171.1 170.5 170.7 170.4 170.3 170.4 170.5 169.7 168.4 168 167.8 168.8 171.5 174.8 178.5 180.3 181 184.5 185.4 186.4 186.9 188.1 190.2 192.6 194.8 197.1 199.6 203.2 205.2 202.9 207.4 209.2 210.3 212.4 215.6 218.8 219.6 221.8 225.8 228.6 229.9 231.4 231.5 232.3 234.9 236 236.6 237.5 238.2 238.4 237.6 236.7
138.1 141.6 144.2 145.9 145.7 137.8 136.5 155 159.4 162.8 167.7 171.5 173.2 173.1 172.7 172.5 172.5 172.6 173.2 173 172.6 171.2 171.3 171.1 171.2 171.1 171.3 171.4 171.8 172.6 172.2 172.2 171.5 171.4 172.7 174 176.6 177.9 179 181 183.4 185 186.6 187.8 189.2 190.3 191.7 193.4 195.3 198.1 200.9 202.6 205.6 208.4 210.4 209.9 210.5 213.7 215.4 218.8 219.9 222 224.3 226.2 227.9 229.1 230.5 232 232.9 234.2 235 236.3 237.3 238.2 239 238.9 238.8 238
148.4 152.8 154.9 154.6 155.9 156.6 156.2 154.7 157 160.5 158.9 158.5 163.6 164.2 166.2 168.2 169 169.7 170.4 170.2 170.9 171.3 171.5 171.5 172.3 172.7 172.8 174 173.5 174.7 174.9 175.9 172.2 176.1 178.2 179.1 180.1 181.2 182.4 184.1 186 187.9 189.3 190.6 192.1 193.8 196.4 198 201 202.3 204.9 208.2 210.6 211.5 213.3 216 218.2 219.4 221 222.1 224.3 226.2 227.6 229 230 230.6 231.4 232.6 233.8 234.5 235.4 236.7 237.8 238.7 240.1 241.5 241.5 241
157.4 159.8 161.9 164.2 166.2 169.4 170.1 168.8 167.5 166.4 165.3 165.4 166.8 167.1 166.9 167.7 169.7 170.1 170.6 172.4 173.3 173.4 173 172.9 173.4 173.9 174.9 177.3 175.1 176.3 177 178.5 174.6 179.5 180.9 181.4 181.9 183.7 185.2 187 188.9 190.8 192 193.7 195.5 198.1 200.7 202.2 204.1 205.7 208.3 212 214.3 216.2 217.4 219 219 223.5 225 225.3 225.8 226.5 227.2 228 228.9 230.8 232.3 233.1 234.2 235 235.8 237 237.8 238.7 239.1 240.3 240.4 240.2
167.5 168.2 171 172.8 175.1 176.2 175.3 174.7 173.6 172.7 172.2 171.8 172 170.8 168 169.1 171.1 171.4 172.8 175.6 175.7 174.5 173.5 173.7 174.1 175.1 177.2 177.7 176.8 177.1 178.5 178.3 175.1 180.7 181.5 182.5 184 186.2 187.9 189.6 191.4 193.7 195.6 197.4 199.4 201.9 204.6 206.3 207.9 211 213.5 216 217.2 219.3 221.9 224 224.5 219.3 222.4 224.2 224.6 225.5 226.5 228.1 231 234 235.2 235.7 236.1 236.6 237.1 237.2 237.7 238.2 238.6 239.2 240.1 240.7
176 178 179.2 179.7 178.9 178.4 177.9 177.6 177 176.2 175.4 174.7 173.1 170.8 169 170.9 172.8 176.3 177.6 178.2 176.4 174.9 174.4 174.9 175.7 176.3 178.1 177.8 177.5 178.7 179.6 180.1 177.5 180.2 182 183.7 186 188.1 189.7 191.6 194.2 196.5 199.1 202 203.8 205.4 208 210.2 212.8 214.5 216.5 218.7 220.4 222.3 224.6 225.5 225.4 224.9 222 224.2 225.9 227.5 229.2 233.4 236.2 237.7 238.4 239 239.5 239.6 239.4 239.9 239.9 239.6 241 243.7 246.1 247.9
177.2 179.4 180.7 180.5 179.3 178 177 175.5 175 173.5 172.6 171.1 169.9 170 171.5 174 178.1 180.5 178.6 177.1 176.4 177.5 178.1 178.6 178.4 177.9 177.4 178.1 178.7 179.2 179.9 180.7 180.1 180.7 182.6 184.4 186.7 188.9 191.1 193.7 196.3 199.6 203 205.6 207.5 209.3 211.9 214.7 217.9 218.8 220.8 223.1 225.2 226.8 228.1 228.4 228 227.5 226.5 227.1 226.2 230.9 233.8 236.7 238.2 239.2 240.2 241.1 241.9 242.6 243 243.5 244.2 244.4 247.2 249.6 251.9 253.9
174.6 176.3 177.1 177.3 176.9 175.4 173.3 171.4 170.9 171 171.5 172.1 173 174.1 173.2 175.6 176.9 178.2 181.1 181.5 183.8 183.3 182.5 181.9 181.3 179.2 178.6 178.4 179.5 179.9 180 182 182.3 179 184.6 186.6 189.2 191.1 193.4 196.3 199.4 202.7 206 208.7 210.5 212.6 216.1 219.4 221.9 224.2 226.3 228.8 230.3 231.3 231.4 230.9 230 229.4 228.7 229.8 231 232.3 234 236.4 238 239 240.1 241.1 242.7 244 245.3 246.3 247.7 249.6 253 255 257.6 260.2
169.7 169.8 170.3 171.6 172.4 172.5 171.7 172.6 173.5 174.7 176.1 176.1 176.3 176 174.4 176.2 178.5 182.5 183.2 182.4 183.5 184.5 185.6 185.1 183.7 179.3 180.4 181.2 179.9 182.1 183.3 185.2 185.5 182.3 189 190.8 192.6 193.9 196.1 198.6 202.3 205.5 209 211.9 213.3 215.8 222.3 223.8 225.9 228.5 230.9 232.5 233.2 233.3 232.9 232.2 231.6 231 231.4 233.7 234.7 235.5 235.3 235.9 238 240.2 241.1 243 244.4 247.1 249 251.1 253.9 256.6 259.1 261.5 263.9 266.2
164.7 165.2 166.7 169.2 171.4 172.7 173.8 174.5 176.1 177.7 178.1 177.4 176.4 175.8 177.9 180 181.7 182.3 182.6 182.2 182.4 184.3 188.3 187 182.1 182.8 185.1 185 181.9 185.4 188.1 188.5 189.4 184.9 189.5 193.5 194.9 195.7 198.4 200.5 204.2 207.5 210.8 213.6 216.7 223 224.9 226.9 229.7 232.6 234.7 235.8 236.5 235.8 234.4 234.6 233.7 232.7 233.9 236.2 236.6 237.2 237.4 238.3 239.6 241.7 244.8 245.4 247.3 250.9 254.4 256.7 258.9 261.7 265.3 268.1 270.1 272.1
161 163.6 167.5 170.2 172.2 173.8 175 176.1 177.5 178.1 178.1 177.5 176.9 177.2 180 182.3 183.3 183.4 183 183.3 184.3 183.5 183.6 182.9 183.1 189.5 189.7 189.3 184.6 189.7 190.6 190.3 191.2 189.8 186.8 193.2 195.2 197.9 200.9 204 207.4 210.5 214.4 217.5 223 226.1 229.1 231.4 234.5 237.4 239.1 240.4 240.8 240.7 240 239.7 237.6 235.2 237.2 240.2 241.4 241.1 240.6 240.8 242 242.3 245.1 246.4 249.4 255.4 258.3 259.6 261.1 264.2 267.9 271.5 273.5 275.6
159.9 163.6 167.4 170 172.2 174.4 175.5 177 177.7 178 178.4 178.1 178 178.4 181 183.3 184.1 183.5 184.3 185 186.1 187.2 188.2 184.8 187.8 193.2 192.8 191.4 185.8 191.7 192.2 191.8 191.9 191.8 188.6 192.9 197.8 200.6 204.5 208.3 211.6 214.9 218.1 223 226.8 229.8 232.1 235.2 238.4 241.1 242.7 244.1 244.8 245 245 244 242.2 240.4 242.5 245.7 247.2 247.1 246.9 245.3 246.3 246.4 246.1 247.1 252 258.8 259.6 260.6 263.1 266.5 270.5 273.4 275.7 278.3
161.3 164.4 167.7 170.3 172.4 175 176.5 177.6 178.1 178.4 178.6 178.5 178.4 179.5 180.5 181.8 183.2 184.1 185.5 187.3 189.9 191.1 192.1 190.8 190.1 193.6 195.2 194.3 188.9 195.6 196.2 196.1 197.3 197.1 196.6 192 202 205.6 208.4 212.2 215.3 218 222 226 229.2 232.2 234.8 238 241.2 243.6 244.7 246.2 247.4 248.1 247.7 246.8 246.3 244.9 247.3 250 251.2 250.8 249.8 250 251.1 252.3 253.1 250.9 256.7 258.4 259.5 262.3 265.8 269.2 272.3 274.8 277 278.7
160.5 164.5 167.9 170.3 173.5 175.4 177.5 178.7 179.3 179.1 178.8 178.8 179 180.2 181.1 182.5 184.7 186.9 189.5 192.7 195 196.1 196.6 196.7 198 198.4 199.4 199.9 198.3 201.8 202.4 202.8 203.2 201 199.6 194.8 207.8 210.6 212.8 214.7 217.5 220.9 225 228 231.1 234.1 237.5 240.6 243.3 245.2 246.5 247.7 248.7 249.6 249.5 250 249.4 249.6 251.3 253.1 253.6 253.1 251.8 251.9 253.9 255 255.9 255.7 256.7 258.2 261 265.6 268.7 272.4 274.6 276.5 278.7 280.6
159.6 163.8 168.2 171.6 175 176.6 178.6 179.9 180.9 180.8 179.3 179.2 180.3 182.3 183.7 185.9 190 193.4 195.8 200.6 203.6 204.6 205.9 207.1 207.2 207.4 206.6 206.6 201 207.8 207.8 207.8 208.4 207.6 207.3 201.2 212.2 214.7 215.7 216.6 220.5 224.7 226.7 229.8 233 236 239.5 242.3 244.6 246.8 248 248.8 249.7 250.9 251.9 252.9 253.6 253.7 254.3 254.8 255.1 255.1 253.9 254 254.5 255.4 255.9 256.4 257.7 260 265 270.1 273.2 274.8 276.7 279.3 281.6 283.1
162 165.9 170.3 174 177 178.8 180.1 181.7 182.5 183.2 181.2 182.3 184.7 187.1 190.2 195 199.4 202.8 205.6 208.4 210.7 211.4 213 214 213.8 213.2 212.7 211.8 207.5 212.2 211.9 212.9 213.5 214.5 214.6 211 211 217.5 217.6 219.6 223.9 226.4 228.2 230.9 234.3 237.8 240.9 243.3 244.7 246.1 247.2 247.7 250.2 252.8 255.4 256.7 258 258.6 258.5 257.6 256.9 257.7 258 258.2 258.6 258.6 258 258 258.4 262.4 271.9 275.1 276.1 277.2 278.5 281.4 283.3 283.8
165.1 168.5 172.5 176.3 179.8 181.5 182.6 183 183.9 183.9 185.8 188.1 192.1 195.7 199.4 203.9 208 210.1 211.6 212.6 214 214.9 216.5 217.2 217.2 216.8 216.1 215.1 211.8 215.9 216.3 217.5 217.6 217.8 217 209.1 215.1 218.7 218.4 222.7 226.2 227.8 229.4 231.9 234.7 237 238.5 239.9 241.3 241.9 242.6 245.8 251.2 256.4 259.5 262.2 263.7 264 263.2 262.2 261.3 261.3 261.8 261.1 260.3 259.7 259.4 259.6 259.4 265.6 274 275.9 276.1 276.9 279.4 283.1 284.1 284.2
168.5 169.7 175.2 179.3 182.1 183.3 183.2 183.8 185.1 187.8 190.6 195.5 199.6 203.6 207.4 209.3 212 214.8 215.3 216.9 218 218.5 219.5 220.2 220.1 219.7 218.6 212 217.1 218.3 218.7 219.4 219.5 218.9 217.5 206.2 217.6 218.5 219.7 224.6 226.9 227.2 227.3 228.9 231.5 233.1 234.3 236.4 237.3 238.1 239.1 245.2 251.5 257.1 261.4 264.5 266.7 267.7 267.9 267.2 266.6 266.1 265.5 264 261.9 260.6 260.7 260.7 261.4 268.4 274 275.4 275.9 277 280.3 283.2 283.9 284
169.2 172.8 176.3 179.4 182.3 184.8 185.9 189 192 194.3 198.7 203.5 206.8 210.1 210.6 211.5 213.4 216 219 219.7 220.4 220.6 220.4 221 220.9 220.2 216.1 216.1 218.3 219.1 220 220.1 220 219.4 217.3 211.2 214.9 214.6 218.7 222.8 224.6 225.2 226.1 227.1 228.4 230.3 232.4 234.5 236.1 235.8 237.1 241.2 247.5 253.9 259.7 263.6 266.7 270.8 272.5 272.3 271.4 269.9 268 266.2 264.5 262.7 262.1 262.1 263.5 271.7 274.1 275.2 276.1 278 282 283.4 283.5 283.5
172.8 176.4 178.4 182.1 185.2 186.5 191.4 195.7 196.7 199.6 204.1 207.5 212.1 212.3 211.6 212.3 214.5 219.3 221.4 221.1 220.9 221.2 221.1 221 220.1 216.9 217 219.1 220.8 221.3 221.5 221.3 220.4 220.2 218.7 218.3 217.8 215.1 221.1 223.4 225.1 226.5 227.5 228.6 229.1 229.5 231.6 233.5 234.5 234.3 234.7 239.3 245 250.1 254.5 257.3 260.6 265.5 269.6 272.1 272 270.5 269.3 268.3 266.9 266.3 266.8 266.8 267.9 272.3 274.1 275.4 276.6 279.8 282.4 283.4 283.5 283.8
181.8 183.2 183.4 186.5 190 189.6 195.3 196.9 199 203.9 207.2 210.7 213.1 212.7 212.4 213.1 217.9 222.4 222.2 221.9 221.6 221.8 221.7 221.2 217.3 220.9 221.7 222.6 223.5 224 224.2 223.8 222.7 221.6 221.9 222.3 221.6 218.6 220 224.1 226.5 228.3 229.6 230 230.3 230.3 231.5 231.8 232.5 233 232.4 234.9 239.9 243.9 247.9 251.2 254.6 258.8 262.3 264.8 266.1 266.1 267.2 268.3 268 267.8 269 269.8 270.1 271.3 273.8 275 277.9 280.5 281.6 283.1 283.9 284.3
186 187.3 188.7 191.5 192.9 193.3 196 199.7 203 204.8 210.4 214 213.6 213.5 213.4 214.8 221.5 223.4 223 222.7 222.5 222.5 222.2 222.3 223.1 223.6 224.6 225.5 226.3 226.8 226.6 226.1 225.2 224.9 225.1 224.3 223.4 221.5 220.4 224.2 226.4 228.7 230.3 230 230.2 230.8 230.7 230.7 230.8 230.8 230.7 231.4 234.1 238.4 242.7 244.9 248.6 252.4 255.6 258.3 259.5 260.4 260.8 260.9 261 261.3 262.4 265 269.3 271.7 274 275.7 278.7 280.6 282.6 283.7 284.3 286.7
190.6 191.3 191.8 193.2 196.1 197.2 199 200.8 203.2 209.5 215.1 215.1 214.8 214.8 214.6 219.2 224.5 224.9 225.2 224.7 224.1 223.8 224.3 224.4 225.3 226.5 227.5 228.3 229 229.2 229.1 228.1 227.2 226.8 226.5 225.7 224.8 220.8 220.7 223.2 223.2 226 227.7 228.8 229.7 228.9 228.7 228.5 228.7 229.4 230.4 230.4 231.1 232.9 236.8 238.7 242.5 246.5 249.9 252.3 253.9 254.5 253.7 254.3 255.1 258.1 263.7 267.6 270.5 272.6 275.3 277.6 279.4 281.3 282.8 284.6 285.8 287.6
195.2 195.4 197.3 198.6 201.3 203.1 204.5 208.3 213.8 217.6 217.1 218.3 218.5 217.9 222.6 227.6 227.8 228.6 228.2 226.6 225.3 225.4 226 226.5 227.5 228.6 229.5 230.3 230.8 230.8 230.4 229.6 229 228.4 227.7 226.9 226.1 224.7 221.5 220.3 220.3 224.5 224.8 225.3 226 226.5 225.6 228.5 231.2 233.3 234.5 233.4 231.3 231.3 232 233 235 240.9 244.6 247 249.3 249.6 248.7 251.8 255.2 258.8 262.5 265.9 268.9 271.8 275.1 278.5 281.5 284.1 285.8 287.1 287.6 287.9
201 203 205.7 208.1 210 210.9 219.1 222 221.5 222.9 224 225.2 226 228.3 232.6 231.7 230.8 230.3 228.8 227.4 226.4 226.7 227 227.4 228.3 229.5 230.2 230.8 231.4 231.7 231.2 230.4 229.9 229.5 228.9 228.2 227.4 227.7 224.8 224.4 225.4 225.5 225.3 224.8 225.3 225.9 228.5 232 235.3 238.5 238.9 237 233.9 232.6 232.1 232.8 234.3 236.9 240.9 243.2 245.3 244.8 247.9 250.2 253 256.2 259.8 263 266 269.2 273.3 276.8 279.7 282.3 284.4 286.3 287.5 288
207.9 212.9 215.4 216.5 217.6 220.6 223.9 226.4 228.4 230.3 231.9 232.1 233.6 234.8 233.5 231.5 231.1 230.2 229.1 227.9 227.5 227.1 227.4 227.8 228.5 229.5 230.3 230.9 231.5 231.9 231.7 231.3 230.9 230.5 230.2 229.5 229.2 230.5 229.1 229.2 228.6 228.7 230 229.6 229.9 230.4 227.7 230.9 235.6 239.7 240.1 238.3 236.8 234.8 234.1 233.9 234.3 235.1 237.1 239.5 240.3 242.6 245.1 247.5 250.7 255 258.3 261.2 263.3 266.1 269.3 272.7 276.1 279.2 282.7 285.1 287.3 288.5
215.3 219.2 221.9 225.5 229.3 232.2 232.3 233.9 234.3 234.1 233.3 233.3 234.3 232.8 232.2 231.9 231.6 230.8 229.8 229.2 228.8 228.4 228 228.1 229.1 230.2 230.7 231.1 231.7 232 231.9 231.9 231.6 231.2 231 231.1 232 233.1 233.1 232.5 231.8 231.8 233.3 234.4 234.5 234.1 232.9 231.7 233.3 237 238.6 239.1 237.8 237.3 237.5 237 236 235.9 236.3 237.4 239.1 241.3 242.7 245.8 249.9 254.1 257.1 259 260.7 263.1 267 271 274.2 277.5 281 284.5 287.3 288.5
223.8 227.1 231.4 232.4 232.9 231.9 232.1 232.8 232.8 232.9 233.1 235.4 233.6 233.2 232.9 233 232.7 232.2 231.8 230.9 230.5 230.1 229.7 229.5 229.9 230.6 231 231.5 232 232.1 232.1 232.2 232 232.1 232.3 232.5 233.6 235.1 235.9 235.7 235.1 234.9 236.5 238 238.3 237.6 236.5 235 233.1 235.8 236.9 238.1 239.8 241.3 242.8 242.8 241.6 239.5 239.9 240 239 241.2 242.4 244.7 247.6 252.6 255 256.8 258.4 261.4 264.3 268.5 271.3 273.8 277.4 280.9 283.7 285.6
224.4 227.3 229 229.5 230.7 231.4 231.9 232.9 233.9 234.1 234.8 235.4 235.1 235.1 234.9 234.6 234.5 233.9 233.1 232.7 232.1 231.5 231 230.9 230.9 231.1 231.5 232 232.4 232.4 232.4 232.5 232.9 233.1 233.3 234.1 235.7 237.2 237.9 238.5 238.3 238 239.6 240 239.4 238.7 238 236.5 234.5 236.8 237.3 238.9 242.7 245.1 246.2 246.9 245.7 243.9 244.8 243.8 243.6 242.1 242.4 243.9 246.3 250.1 252.5 254.3 255.9 258.3 260.7 263.7 266 268.6 272 275.3 277.5 279.1
