ny/ny21_OST50GRID_20230518/NY21.asc
ncols 200
nrows 200
xllcorner 320000
yllcorner 510000
cellsize 50
[rows 70 to 104 of 200, columns 0 to 78 of 200]
685 694.7 702.4 704.5 701.7 696.6 689.7 678.9 665.6 650.2 632.9 615.9 599.6 584.5 568.5 552.3 533.8 518.1 503.2 488.5 503 518.8 534.4 555.4 575.6 597.9 619.8 646.1 671.8 697.3 717.8 722.7 721.1 712.9 692.3 657 622.8 601 571.6 544.5 516.6 491.8 467.1 438.7 412.7 389.4 366.7 343.3 319.8 283 255.2 243.1 227.6 218.4 209 213.8 223 240.5 263.4 287.9 317.9 349.1 382.5 416.3 465.4 512.9 553.2 588.8 634.2 642.3 634.7 630.4 626.2 617.8 604.9 578.4 563.1 556.7 548.1
672.7 684.9 694.2 698.2 695.4 691.4 683.6 672.5 658.2 642.9 626.4 610.7 596.1 581.3 567.4 552.1 536.5 520.2 505.2 505.1 510 526.3 541.2 559.3 579.9 601.7 625 649.5 673.3 695.6 710.4 717.9 717.6 700.7 663.3 631.6 600.1 577 548.6 520.9 497.2 475.5 451.6 425.6 402.4 378.1 353.3 329.3 299 289.9 271.4 252.4 234.8 224.2 216.8 215.2 223.4 239.2 259.6 284 313.3 343.8 378.3 412.8 454.6 503.4 548.2 600.8 645.5 638.4 631.4 625.3 618.7 609 598.6 581.3 567.6 560.3 549.2
664.5 671.5 681.3 687.3 686.3 685.9 678.5 665.9 650.7 634.3 619.4 605.3 591.8 578.6 565.5 551.3 535.4 516.4 517.7 525.3 516.1 533.6 548.5 566.5 586.7 606.7 628.3 651.6 674 695.9 709.1 714.3 709.2 682.9 650.5 614.6 580.4 551.9 528.5 503.4 481.3 458.2 434 410.5 387 360.2 332 330.9 323.4 300.7 279.2 259.3 244.1 230.4 222.3 218.9 224 241.8 257.3 280.8 310.5 339.7 371.2 406.8 481.2 515.8 558.7 586.7 635.3 637.7 631.6 624.5 614.8 604.9 595.1 583.5 569.3 562.1 552.9
641.2 652.3 660 666.7 669.9 675.5 670 656.9 642.8 626.9 613 599.6 588 575.4 564 551.2 536.6 536.2 535.7 537.9 531.1 542 554.9 573.4 593.1 613.3 635.4 657.7 678.4 698.6 711.2 711.4 689 656.8 624.9 594.7 562.9 537.7 513.3 487.4 464.7 440.4 416.8 394.3 371 365 358.2 355.6 332.5 307.2 285 266.6 249.2 233 225.1 226.4 225.5 236.2 254.1 278.8 305.3 336.8 372.4 407.5 456.8 507.7 560.9 595.2 640.2 639.6 633.3 625.2 614.8 603.7 593 581.6 569.4 564 556.9
618 630 639.8 644.2 643.5 653.2 652.6 644.2 632.3 618.7 606.2 594.4 584.2 575.5 566 556.1 548.8 548.2 548.6 550.1 551 554.1 565.9 582.9 602.1 622.4 642.5 664.2 680.9 697.9 705.1 694.9 663.5 634.3 603.7 573.7 548.7 524 502.7 477.4 453.3 425.8 396.9 387.5 387.2 386.6 379.5 364.6 341.1 317.2 294.2 274 254 237.7 231.6 241.6 239.4 234.8 256.4 279.4 308.6 340.5 374.5 410.1 461.9 506.6 559 631.2 648.3 644.2 633.7 623.6 614.4 604.6 594.3 583.9 573.6 565.3 557.8
588.4 600.9 611.4 615.5 614.8 617 632.8 629.6 622.9 612 599.6 590.2 581.9 573.8 568.5 562 558.6 558.6 559.5 562.8 565.2 568.2 578.2 593.8 612.4 631.8 650.3 668.4 684.7 696.9 698.9 691.6 650.2 612.3 584.7 558.5 534.9 513.6 495.3 472.5 450.8 426 425.5 419.2 415.8 405.5 390.2 373.7 350.8 324.6 300.7 279.1 261.7 247.2 245.1 252.5 259.5 246.9 261.3 284.8 310 338.8 375.3 412.3 491.1 533 587.2 636.1 652.1 648.3 637.6 627 618.6 609.6 600.3 591.1 579.5 569.9 560.2
561 573.5 585.2 590.4 594.2 601.3 590.4 595.2 599.3 592.6 587.2 584.5 580.8 575.6 571.9 567.9 567.5 568.6 571.7 575.4 577.7 582.5 591.9 603.2 622.6 641 658 674.9 689.9 699.5 695.6 682.3 644.7 599.4 572.7 549.5 526.7 503.6 485.2 465.7 449.7 451.4 449.5 442.7 434.4 423.2 410.5 381.2 354.7 329.4 304.8 285.6 270 259 259 263.2 268.3 251.6 266 288.7 316.2 347.8 379.4 414.8 492.4 544.1 612.9 646.4 650.3 646.9 638.6 626.9 618.8 613.3 607.2 598.1 587.5 573.1 561.7
534.1 545.4 555.8 564 562.4 573.6 568.1 562.5 572.9 580.9 574.3 575.2 578.7 578.1 575.2 574.6 577 580.4 585.3 591.1 592.9 597 604.1 615.5 632.7 650.1 665.7 682.3 694.9 700.6 688.6 670.3 630.6 594.3 567 541.4 519.6 497.9 479.4 475.7 474.8 476.2 475.2 466.8 458.8 443.3 416.3 385.3 358.8 335.2 311.4 291.6 280.4 270.6 271.4 272.1 272.2 261.9 275.1 302.5 328 354 386.4 421.7 481.2 552.2 616.8 637.4 641 639.5 636.5 630.6 624.3 619 614.5 609.1 598.1 582.9 562.9
518 521.7 532.1 539.9 539.5 544.1 541.2 536.1 536.8 551.7 552.6 556.8 562.7 565.5 566.3 574.5 582.8 588.3 598.5 609.7 606.8 607.3 613.2 625.9 642.4 659.6 674.7 690.1 698.1 693.3 679.9 659 617.7 587.9 564 540.2 520.6 508.7 501.4 499.4 496.9 497.1 496.5 492 476.7 446 416.7 389.5 364.9 340.6 317.4 302.5 294.1 285.7 282 281 282.7 280.8 280.3 305.2 333.6 356.3 388.1 470.1 500.5 526.6 570.5 617.5 631.9 632.5 635.5 634.8 631.3 627.4 619.4 609.9 598.1 583.4 566.1
494.3 505 511 515.3 518 515.2 512.7 518.1 516.1 513.2 524.5 537.3 553.5 564.3 563.9 566 574.1 577.9 578.4 597 597.7 604.9 615.2 633.2 651.5 668.8 683.1 695.4 697.6 684.7 670.3 648.9 611.2 582.4 559.9 541.5 529.8 531.8 525 521.6 515.1 507.6 503.4 494.8 478.8 450.8 426.3 396 372.4 349.5 330.8 321.8 309.3 301.8 295.5 295.2 299.9 304.5 314.5 320.1 343.1 368.8 403.8 446.9 502.7 542.7 591.3 617.2 625.2 631.1 635.9 636.4 632 628.2 617.9 609.8 600.9 588.6 574.6
472.7 483.6 495 500.9 502.7 497.7 501.7 508.1 509.7 511.5 516.5 528.2 537 544.3 546.9 546.1 548.7 553.1 552.6 559.5 560.6 569 595.2 624.7 652 671.3 689.7 694.6 690 677.7 660.7 641.1 610.3 581.9 560.4 549.2 547.2 544.2 537.6 524.5 512.8 498.7 489.4 475.5 452.1 434.4 412.6 391.9 372.2 361.7 349 343.9 329.7 323.1 320.4 322.5 330.4 341 340.2 339.5 356.4 380 409.8 451.8 487.4 539.2 588.3 607.7 620.3 625.7 628.8 629.2 625 620.6 610.8 599.9 587.5 575.3 563.3
450.6 462.9 476.8 482.7 491.4 491.9 490.8 496.5 500.2 505.7 511.7 520.5 523.5 524.3 526.9 537.8 538 537 537.6 536.4 537.9 545.9 564.4 592.3 617.9 648.4 677.1 689.8 684.9 671.9 653.2 631.8 604.8 582 565.1 553.5 546.9 546.2 538.7 528.3 517.1 507.2 497.8 482.7 465.7 449 426.2 412 394.1 379.4 372.1 368.4 360 354.6 350.5 351.9 356.5 357.1 354.3 353.7 365.7 384.1 414 452.4 508.4 551.3 582.3 597.7 608.7 613.9 616.8 618.1 614 607.6 599.4 589.4 577.1 566.4 558.7
433.5 446.3 457 460.5 465.6 471.5 472.2 480.2 483 489.5 495.3 498.3 497.6 500.8 506.3 512.9 510.9 515.7 516.6 517.7 525.9 536.7 547.9 569.5 592.3 631.3 669.3 687.3 681.7 668.3 651.7 634.5 611.6 590.7 575.1 567.1 558.5 549.7 541.4 528.1 514.8 503.8 495.4 494.2 491.6 479.8 453.9 430.7 410.4 402 391.5 396.4 389.6 380.5 376.6 376.6 371.9 367.4 361.8 365 372 390.6 420.8 457.8 513.3 564.4 576.2 587.2 594.3 599.5 601.3 602 598.2 593.5 586.3 583 573.7 562.7 552.3
406.7 420.6 434.2 441.9 451.3 451.4 456.4 461.5 466.1 470.5 474.6 473.5 474.7 478.6 484.2 487.6 491.4 494.2 496.7 503.4 511.1 518.8 531.6 553.3 576 614.9 649.2 675.4 675.9 663.7 653.1 641.4 630.2 617.5 601.2 585.9 574.6 561.8 545.6 525 508 498.5 499.2 502.6 500.1 482.2 459.7 436.5 422.1 413.6 410.5 423.4 417.9 407.5 397.7 389.6 381.8 374.5 368.4 367.9 378 403.2 432.5 475.4 518.6 549.8 568.3 577.3 582.8 585.3 587.6 587.2 585.1 582.1 577.3 571.4 562 550.6 540.8
404.6 410.8 416.3 423.1 427.7 430.7 435.5 440.8 442.3 447.2 452.3 462 460.4 461.8 466.8 470.7 474.5 478.7 482.5 486.5 494.4 508.6 520.8 539.8 564.9 601.5 632.8 653.3 664.5 660.5 653.4 647.4 641.8 637.2 630.7 614.3 599.9 585.4 569.2 538.3 512.1 502.7 510.9 514.7 507.8 488.6 466.2 445.4 436.2 431.2 439.4 453.4 451.9 434.8 414.6 404.2 390.1 383.5 378.3 371.9 387.7 415.8 469.1 505.7 532.9 552.3 562.9 567.1 571.2 573.3 575 575.7 576.2 572.8 567.2 559 549.9 543.2 531
396 412.1 415.3 417.9 416 418.6 411.8 414.5 420.1 425.1 440.3 445.4 446.7 442.9 448.1 456.1 460 466.1 470.9 473.7 485.3 500.9 509.4 526.4 553.2 588.2 616.4 630.4 649.4 657 656.5 653.3 652.4 652.3 651.7 643.9 624.5 609.7 589.2 556.2 528.3 520.2 527.6 523.4 516.5 502 477.8 461.6 455.9 455.9 471.5 490.9 488.9 462.9 448.7 430 408.6 394.8 391.4 378.2 398.8 426 499.6 541.9 540 551.5 557 559.7 561.5 562.8 563.7 566.8 567.9 561.3 554.2 544.4 541.8 533 524
383.8 389.9 401.3 403.2 396.7 395.9 390.5 393.1 399 410 417.1 420.6 416.8 421.9 428.4 441.5 451.3 456.5 458.7 459.4 465.8 476.8 492.6 506.2 535 564.1 586.2 607.3 617.5 630.6 652.4 658.3 660.1 662.6 665.6 663.1 638.2 627.7 614 582.6 552.6 542.7 538.3 534.1 536.4 526 500.5 484.3 482.8 491.8 511 529.1 528.4 520.3 481.7 459.8 439.9 440.4 430.9 400.2 413.1 437.5 473.6 552.6 544.9 542.7 548.9 552.1 552.8 552.2 556.2 557.3 553.4 546.3 538 530.6 523.9 515.9 513.7
365.7 375.8 385.5 387.7 384.7 381.1 375.4 385.1 379.5 385 393.5 393.9 385.1 402.1 411.1 423.3 434.6 440.4 442.8 444.8 448.9 463.3 475.2 486.2 507.9 529.6 553 584 589.1 603.8 627.2 651.6 662.6 666.5 672.7 677.6 660.6 650.5 634.8 614.8 586.5 562.3 553.8 559.9 564.4 563.3 534.4 516.7 515.7 528.2 570.2 593.9 599.9 542 529.2 493.5 505.5 494.2 469.4 430.2 428.3 446.8 474.2 517.9 535.2 536.1 544.3 541.8 541 544.9 543.4 542.4 537.2 529 516.6 508 505.6 502.5 496.7
340.8 350.8 361 367.1 360.6 353.9 353.8 357.5 354.4 363.3 366.9 364.4 363.5 376.5 391 401.2 408.3 415.8 422 426 429.5 444.4 453.4 460.3 479.5 497.7 521.1 541.9 556.7 576.3 603.4 623.6 651.5 664.6 674.9 688.8 692.8 684.7 667.2 632.7 602.2 586 579.8 588.2 589.6 595 589 580.6 568 563.5 595.1 632.5 614 605.7 567.5 528.1 532.5 524.6 482.3 450.9 434.1 457.3 476.7 512.4 534.6 534.9 529.7 529.1 532.8 533.5 532.3 525.2 518.1 504.1 490.6 489.1 491.2 489.3 480.5
317.1 335.2 342.4 340.3 338.9 337.4 324.4 328.9 332.3 337.1 342.6 339.8 346.2 350.8 363.8 374.2 380.5 389.4 395.2 404.2 406.8 419.9 426.2 434.4 448.7 466.2 483.5 510.7 535.6 542.2 568.1 607.5 625.8 641.1 658.3 675.7 690.3 709.4 700.1 661.6 632.2 617.7 615 615.4 617 619.3 616.8 617 614.4 626.8 642.5 656.4 643.5 621.5 595.3 571.8 558.8 538.3 499.9 471 448.8 454.4 477.6 502.3 521.1 523.4 517.7 519 522.5 521.3 516.4 503.2 486.8 477 467.3 459 457.8 456.2 445.2
294.9 307.9 320.4 323.8 315.9 313 308.4 310.4 309.5 315.6 321.7 319.3 327.4 329.1 339.7 349.2 354.6 366.7 370.1 379.1 383 393.2 400.7 408.4 421 434 466.8 491 506.8 516.2 551.5 580.5 594.7 607.7 633.6 651.3 669 696.5 715.9 685.2 667.9 657.5 654.1 651.6 649.5 646 644.7 645.5 648.4 659.1 673.1 664.2 642 618.8 594.1 574.5 558 533.4 504.4 484.9 463.8 461.8 478.3 502.7 516.2 514 511.7 510.6 510.4 506.8 491.4 472.6 456.1 443.5 433 422.9 419.9 416.8 407.7
280.5 292.1 306.3 303.8 295.7 291.3 291.2 296.7 296.2 298.5 302.2 304.6 309.4 312.8 321.2 328.1 334.8 338.4 342 360.1 365 372.4 379.8 386.2 396.1 407.2 434.4 453.8 473.5 488.1 521.9 545.3 560 577.7 605.2 623.8 646.3 680.9 713.3 714.2 706.2 690 695 686.6 680.3 676.9 674.5 675.7 679.8 687.6 685 667.9 642 615 587.4 566.4 546.1 529.4 506.4 487.4 466 466 481.9 499.7 506 509.6 508.3 505.7 500.9 480.5 464.1 443.4 424.3 406.8 393.6 387.6 381.9 375.9 367.5
271.3 275.8 282 282.9 278 275.6 271.7 280.5 284.3 282.2 284 288 293.5 294.3 301.1 308.5 314.6 316.2 324.2 342.2 344.3 347.2 354.1 359.1 367.3 381.3 399.9 416.1 435.3 469.1 499.3 506.8 528.7 545.7 571.2 590.9 627.6 657.8 689.3 713.4 735.4 729 731.9 732.2 720.5 715.3 710.3 712.3 722.3 710.6 690.3 668.1 641.5 613.4 586.7 572.4 548.1 526.3 508.8 495.1 479.1 470.3 487.6 493.5 501.2 505.6 506 504.6 497.9 485.4 467.8 440.5 413.8 388.8 370.7 357.3 349.5 341.6 329.3
251.8 258.5 261.7 264.5 262.1 257.4 251.3 260.5 262.5 264.9 266.7 269.8 272.2 276.9 283.3 289.7 295.5 296.1 307.8 317.8 319.2 323.8 324.2 333 338 353.9 369.1 387.1 405.6 436.9 458.4 471.9 494.8 516 532.4 575.1 600.9 635.8 664.7 694.2 721.8 729.4 738.6 745.1 748.2 749.7 750 746.7 734.3 714.8 695 669.4 642.1 611.2 588.9 572.9 546.8 523.1 510.2 500.3 499.8 482.9 490.7 493 502.2 506.5 506.8 505 497.8 480.7 466.5 450.4 424.6 403.8 387.5 372.5 354.2 339.1 323.2
233 233.3 240.6 242.1 236.3 233.3 230.8 239.1 242.2 245.8 246.9 255.7 251.4 257.3 263.5 271 275 281.4 289.8 295.4 298.2 301 304.7 309.5 314.1 329.7 344.8 360 379.7 409.2 423 438.7 462 479.4 523.6 548.9 576.9 609.7 639.2 671.6 706.7 719.3 725 735.7 742.3 746.3 749.4 745.5 733.4 715.8 694.3 669.8 640.6 610.1 586.5 570 543.2 517.6 507.4 498.8 505.2 485.8 493.5 505.3 506.9 511.6 512.5 511 506.4 496.9 482.7 463.6 448.3 429.7 403.4 387.6 373.8 361.8 353.7
208.9 211.3 212.1 212.7 210.6 209.5 206.9 215.4 220.3 222.8 220.4 226.7 228.8 233 241.8 249.6 254.1 262.9 269.1 276.3 283.3 278 279.8 284.9 292.4 306.8 320.6 328.7 357.4 382.6 396 410.5 437.5 478.4 498.4 524.5 548.6 579.2 611.3 648 686.5 699.4 709.9 719.3 730.2 733.5 737.6 735.9 727.7 713.5 690.6 670.7 645.1 615.8 584.7 559.8 542.1 524.5 500.8 498.6 499.9 492.1 502.3 509.3 516.9 519.8 521 522 522.1 519.3 512.9 495.3 481.7 454.3 434.4 412.9 396.5 379.2 358.1
186.4 187.9 187.5 188.4 184.6 187.4 186.7 195.2 200.6 204.1 200.5 202.8 215.5 220.4 224.8 232.5 233.9 242.8 247.2 257 264.6 256.8 260 265.7 274.4 284.5 296.9 309.3 326.5 349 358 389.2 422 448.5 473.1 498.5 528.5 557.5 588.6 620.2 664.8 681.6 695 706.6 713 720.9 725.6 726.4 718.3 706.7 687.5 667.2 641.5 612.5 581.5 559.1 533.4 516.7 501 500.1 500.9 498.3 505.6 517 522.3 525.5 529.8 533.6 533 533 530 518 495.1 472.4 452.6 436.1 425.1 410.2 392.3
165.9 165.6 167.5 167.3 165.7 170.2 170.2 174.5 177.9 183.1 182.3 189.1 195.8 201.2 205.7 215.2 214 218.5 223.9 229.9 237.6 238.8 242 245.5 252.2 262.5 273.7 285.6 303 316.2 337.8 364.4 391.6 418.9 446.3 472.7 505.2 533.4 575.1 612.3 639.3 664.4 679.6 693 703 710 714.8 715.7 710.6 700.4 683.8 662.4 636.9 608.5 579.7 559 533.3 510.4 502.8 501.7 510.1 504.2 509.4 522 529.6 533.2 539.8 543.3 544.1 543.2 540 533.2 522 509.2 489.9 476.3 452.9 436.7 406.7
145.6 146.8 148.1 151.9 153.6 155.7 158.4 159 161.7 166.9 171 179.1 184.5 188.1 192.4 196.4 197.4 199.7 202.8 207.4 217.9 221.8 224.1 224.8 231.4 240.2 254.3 263.1 282.5 298.5 321.6 345.4 369.1 395 423.8 453 481.7 515.5 557.7 588.7 604 636.3 661.7 679.8 692.4 699.1 705.1 708.1 703.6 691.7 675.6 655.8 628.9 603.2 573.5 549.6 523.8 513.5 503.6 507.8 510.1 512 514.2 527.8 535.7 541.5 545.4 549.1 548.6 546.5 542 534.5 525.7 517.9 507.3 492.7 474.5 446.7 416.5
137.4 138.6 139.3 142.4 143.2 147.3 147.5 149.9 150.8 155.1 156 163 169.9 173.1 177.4 178 179.3 177.8 182 193.9 201.5 203.5 202.5 205.1 211.4 223.4 230.7 253.4 268.8 284.2 303 325.1 348.2 373.6 400.9 430 461.5 493.2 519.7 545.4 592.4 636.1 658.7 670.4 678.2 688 693.2 696.2 690.7 683 668.7 650.6 627.9 603.4 576.6 554.3 532.9 524.7 520.9 518.3 514.8 521.1 524.6 531.5 539.7 546.5 551.2 551.9 550.7 547.6 543 537.7 532.4 524.5 512.3 498.6 481.1 459.3 420.3
131.1 132.1 133 135.4 138.1 138.3 140.1 139.7 140 138.3 148.8 151.5 152.9 156.1 158.9 161.8 165.7 163.1 164.1 170.3 175.8 179.1 182 188.7 197.4 204 222 231.4 250.2 267.7 287.4 310.7 333.9 358.9 382.6 409.6 440.8 460.9 495.2 541.7 590.1 633.3 656.9 663.5 667.4 677 680 684 683.8 673.6 659 643.3 623.1 598.3 578.3 559.1 542.4 528.4 525.8 522.9 521.6 529.5 531.5 538.2 545.6 550.9 552.1 552 551.9 548.2 544.8 535.8 529.3 524.8 514.3 501.3 485.7 457.1 421.7
122 122.4 123.9 124.9 127.2 126.8 129 129 131.3 132.4 133.3 135 137 137.9 143.2 149.4 153.7 153.9 152 156.1 160.1 163.9 168.1 173.8 183.4 193.9 201.4 217.5 233.8 252.5 273 293.4 314.8 333.7 358.8 386.5 408.8 442.7 482.5 548.9 606.5 631.9 652.7 652.4 660.1 664.2 671.6 678.5 677.3 670 655.4 639.1 617.6 591.5 572.5 555.7 539.9 532.3 528.4 523 528.2 532.4 536.3 544.4 549.4 551.6 553.2 554.7 550 546.6 544.9 537.2 528.7 522 513.9 504.6 490.8 466.7 431.9
126 126.9 125.5 125.5 126.8 129.4 130.9 131.9 133 137.9 141.4 139.7 138.5 139.5 142 143.6 141.4 143 144.7 146.5 149.1 153.1 158.1 166.3 175 180.9 189.7 205 218.3 235.6 256.1 273.1 291.2 312.3 337.4 362.7 391.9 425.1 487.5 543.1 592.3 607.8 635.9 642.3 648 655 664 670.9 669.2 665.4 652.4 634.4 611.1 585.7 566.2 550.2 541.2 532.6 527.6 527.7 531.5 534.9 541.3 548 550.1 552.8 552.5 551.8 547.1 545.1 540.4 533.1 530 524.4 517.8 509.8 494.4 470.8 438
136.3 139 137.7 137.9 138.2 144.2 145.1 141.6 143.4 154.4 155.3 148.8 148.3 147.3 152.7 152.8 151.6 151 150.3 148.2 148 148.6 151.3 156.5 165.2 167 177.2 189.2 204.7 222.1 236.5 256.4 276.5 299.2 320.5 344 373.4 408 507.6 524.6 557.8 572.4 614.4 633.4 642.2 643.7 655.9 660.6 662.9 659.6 649.8 630.8 603.9 582.3 563.5 549.6 541.2 536 533.4 531.4 534.7 538.8 546.7 548.8 551.1 550.3 549.8 550.5 547.4 540.4 536.3 532.9 530.2 528.4 521.3 515 508.2 490.9 465.7
159.7 162.5 159.5 158.3 158.7 165.4 163.5 157.9 168.9 183.8 186.6 174.2 166.1 167.8 173.6 177.8 167.6 169.4 169 167.7 160.6 156.4 152 152.9 155.7 161.5 169.5 179.4 192.5 208.8 224.7 241.4 261.4 281.2 299.9 324 350.8 387.4 452.6 482.2 525.9 562.3 601.5 624.4 638.8 639.7 646.3 653.7 654.7 651.9 647.9 631.4 609.9 587.5 569.6 556.7 545.6 541 537.5 535.9 538.4 547.1 549.3 549.2 551.4 550 547.9 547 541.4 537.9 534.5 532.8 530 527.1 520.6 514.3 509.5 494.9 475.8
