ny/ny21_OST50GRID_20230518/NY21.asc
ncols 200
nrows 200
xllcorner 320000
yllcorner 510000
cellsize 50
[rows 70 to 104 of 200, columns 79 to 157 of 200]
535.6 505 480.7 471.7 452.6 452.9 466.6 465.8 462.4 449.2 410.6 327.5 272.6 219.9 189.6 175.4 162.1 130 112.8 114.3 102.7 93.2 96.6 98.6 96.9 90.8 80 94.7 107.7 123.5 156.5 186.3 238.5 276.2 305 329.4 344.2 345.3 333.1 319.6 328.7 334.3 339.8 353.9 334.8 341.7 347.9 358.8 363.6 377 387.9 393.8 395.9 389.5 387.8 383.8 380.3 371.1 357.2 346.5 337.2 328.7 321.5 313.2 302.7 289.2 274.5 262.3 257.1 252.9 242.4 251.2 259.8 271.6 295.3 316.6 314.4 337.3 365.4
530 504.4 492 481 466.2 454.6 473.7 471 470.5 464.4 435.5 391 357.7 268.5 210.8 195.4 178 144.8 118.6 104.4 97.6 105.2 112.6 116.7 103.2 94.9 81.1 83.3 104.1 113.6 135.3 166.3 204.3 238.7 286 310.9 326.6 331.6 317.2 320.1 323 327.1 333.8 339.9 335.6 343.5 353.4 357.2 361.3 371.4 377.5 387 391.8 390.6 391.1 383.2 377.3 366.8 356.2 342.9 335.5 324.8 316.1 312.5 305.2 295.6 286 270.7 261.3 263.2 253.1 254.1 263.2 271.9 286.9 289.8 321.4 336.7 356.8
537.4 513.4 492.8 486.5 478.1 464.3 479.6 486.2 483.4 475.9 449.5 404.2 354.2 305.7 257.5 217.9 176.5 156.2 127.5 106.2 101.4 122.3 119 103.9 90.4 81.4 82.1 81.2 102.1 108.9 124.2 152.1 184.4 219.8 256.2 286.5 309.4 316.2 309.4 310.4 315.5 331.4 330.7 335.7 347.1 354.5 354.9 369.9 381.4 387.5 389.3 388.2 394.8 393 387.1 384.2 376.9 364 354.5 339.5 333.6 325.2 319.3 315.3 315.9 308.4 306.7 279.1 278.7 272.3 267.5 259.5 261.2 267.9 273.9 291.6 314.4 332.7 355.4
544.3 520.7 505 489.6 483.2 477.4 489.8 485.2 477.6 470.5 434.5 377.1 327 288.8 249.2 213.8 179.3 153.6 129 108.3 110.9 118.1 112.3 97.7 86.5 87.1 81.6 80.6 83.4 102.5 116.2 134.7 166.8 214.2 247.2 268.2 288.1 297.8 299.5 296.9 311.3 320.8 322.4 336.4 351.6 353.3 358.3 373.6 396.5 401.6 401.9 391.4 393.1 386.1 387.7 389.9 376.6 362.2 347.6 336.3 333 329.3 325.3 327.3 322.5 321.9 312.4 291.9 291.1 271.8 272.1 258.6 260.8 262.3 267 282.1 303.2 322.6 348.9
542.4 522.4 505.3 491.2 487.2 481.7 480.9 479.3 472.3 460.9 436.1 399.5 346.3 290.8 260.6 207 175.5 149.4 128.4 113.6 125.2 122.6 110.2 98.8 96.8 93.9 85.3 83.2 82.2 84.4 101 126.1 167.7 207.4 229 251.3 265.1 279.9 287.3 286.5 300.4 319.8 334.9 336.4 344.2 362.1 364.1 387.1 398.8 409.1 413.9 391.3 386.9 381.8 381.3 375.7 365.9 356.8 343.7 336.5 335.2 335.3 335.5 333 328.1 331.4 323.4 295.7 282.9 270.5 259.7 258.6 260.9 262.6 267.4 277.4 292.9 315.3 340.6
547.2 534.9 527.3 515.4 507.9 494.9 482.3 475.3 468.1 456.1 431.6 391 337.3 284.3 247.6 208.6 175.3 148 128.2 132.6 137 132.3 113.9 116.2 107.4 100.2 98.1 96.1 80 82.6 116.6 150 179.9 182.4 203.1 224.6 244 259 271 274.7 297.1 310.5 320.4 328.3 337.9 363.8 374.2 386.7 406.2 408.5 403.1 389.5 382.2 377.4 371.1 365.6 355.3 349.9 342.1 337.6 336.4 336.5 339.8 330.8 336.2 332.5 320.6 299.4 283.9 265.3 259.1 259.1 259.7 261.4 264.5 272.7 287.7 309.6 336.6
553.1 546.3 535.9 529.7 519.4 511 510.8 489 460.1 417.6 401.7 363.2 327.7 285.4 236.4 206.5 177.2 149.1 131.6 151.4 152.1 132.4 143.7 132.8 108.2 105.2 102.1 94.4 81.6 82.1 132.5 149.4 156.3 159.7 179.6 195.9 217.2 246.1 258.9 270.1 303.9 298.9 308.6 326.2 350.5 369.6 375.9 390.7 395.7 400.5 397.9 387.2 378.1 374.7 362.4 351.7 344.4 342.5 339.3 336.5 335.6 342.3 346.8 333.3 337.3 330 319.6 300.7 279.3 261.1 259.1 259.1 259.1 259.8 262.3 270.1 286.5 307.2 336.7
553.1 546.9 539 531.1 520 513.7 498.9 487 467 419.4 376.8 334.9 300.7 262.5 228.1 196.6 177.3 147.4 157 169 169.5 167.2 161.9 135.7 113.4 113.6 113.6 99.8 82.7 82.9 99.2 120.2 130.4 145.4 160 177.2 217.8 242.8 253.4 271.6 290.3 293 317 345.2 359.4 371.3 381.1 389.3 397.8 391.7 388.3 381.9 372.5 368.1 357.6 344.6 343 339 335.9 334.4 333.7 337.1 338.2 333.9 332.8 326.2 315.5 295 272.6 259.1 259.1 259.1 259.1 260.5 264.3 271.1 283.4 300.4 329.2
556.9 552.3 537.2 524.1 510.3 495.9 477.4 460.9 445 416 361.4 328.2 296.6 249.2 219.2 190.4 164.2 146.7 182.4 193 191.6 179.5 154.5 129 113.9 106.2 108 107.2 91 82.7 96.7 107.4 117.8 128.2 143.9 170.4 205.4 229 242.8 263.3 276.6 301.3 327.3 345.5 355.6 379.9 381.2 378 388.3 384.4 379.2 369.8 365 354.8 345.2 345 339.9 335.9 334.1 333.6 331.9 332.9 335.1 332.2 328.5 319 306.1 284 264.2 259.4 259.1 259.1 259.1 259.3 264.7 266.8 278.2 294.3 322.3
562.7 540.6 524 511 499.2 488.2 474.7 454.9 420.8 398.6 349.5 314.1 283.2 237.5 207.2 181.8 159.2 152.8 203.5 217.1 202.4 182.6 153.8 129.2 105.2 102.6 94.6 95.7 94.7 81.9 90.3 96.5 116 119.4 140.5 164.7 196.6 210.6 233 252.5 269.6 296.7 317.6 332.7 353.4 378.3 378 369.6 370.6 367.3 360.2 354.7 347.7 340.8 340.3 343 340.1 336.1 333.8 332 328.7 326.9 328 325.3 320.3 307.7 290.5 285.7 266.3 259.2 258 259.1 259.1 259.6 262.5 265.8 276.9 297.7 323.4
547.7 530.8 519.1 519.2 505 493.1 480.1 459.9 414.4 374.6 350.6 317.7 268.9 236.7 203.3 178.9 163.7 163.5 228.2 272 241.2 192.9 165.5 139.3 130.9 109.7 92.9 92.9 82.4 81.4 84 98.1 111.1 106 132.5 154 184.1 197.2 221.5 235.3 257.7 279.8 307.4 333.4 347.9 359.5 368 356.5 350.1 348.8 345 339.9 335.7 334.8 338.8 339.7 337.1 332.9 331.8 326.4 321.3 316.6 312.9 310.1 309.3 306.5 294.7 287.1 265.6 259 258.7 258.8 259.1 258.8 259.9 262.4 276.3 295.1 317.9
546 529.5 518.6 509.6 497.8 487.4 475.8 458.1 419.2 375.6 334.2 311.9 265 232.4 207.3 190.8 174.1 175.1 236.6 279.9 281.4 219 195.7 174.6 162.5 137.2 104.4 89.7 82.7 82.8 81.8 92.6 97.5 99.9 118.5 132.9 173.3 190.5 209.4 227 251.5 273.1 294.1 315.8 331.2 333.3 343.6 338.1 334.5 325.5 324.8 330.9 326 334.9 335.9 338.8 326.3 323.6 322.7 322.3 317.1 322 313.8 315.9 312.8 303 293.4 283.2 267.2 260.1 260.1 258.5 259 259.5 259.9 262.4 272 290.9 314.4
541.3 528 516.5 499.1 485.3 480.2 471.3 462.2 418.5 371.7 328.4 294.9 270.9 241.7 219.8 197.5 175 177.7 217.1 267.6 270.7 249.7 212 192.5 170.7 135.5 116.3 98.1 83.1 83 81.4 82.2 81.7 90.8 105.6 126.8 172.8 184.8 198.9 217.8 241.1 260.7 280.1 295.9 302.1 309.8 315.4 312.2 312 309 313.4 315.8 324.5 330.6 329.4 322.8 318.8 323.2 323.4 320.4 321.1 324.3 315.2 317.7 316 308.1 294.1 282.3 269.1 262.5 260.1 258.7 259.7 259.9 260.7 264.2 270.7 284.2 307.6
531.4 519.3 504.7 489.5 481.8 466.3 458.8 449.5 428 367.9 328.9 296.3 267.5 242.9 221.6 193.3 174.2 187.7 216.1 241 242 222 208.4 196.6 176.9 145.6 128.3 113.6 92.6 82.7 82.3 81.9 82 85.1 98.6 127.3 156.9 169.1 184.4 203.2 216.8 231 252.1 269.3 276.7 289.4 296 300 302.5 300.9 297.6 307 320.1 318.1 318.7 313.4 324 337.3 328.1 322.7 320.1 317.5 316 313.8 308.1 303.2 290.8 281.5 268.6 267.6 259.9 259.6 260.6 261.3 261.4 262.9 271.2 284.2 306.5
520.9 506.8 496 486.9 472.6 457.1 437.6 427.2 417.6 371.3 332 293.4 264.8 240.6 215.3 194.7 183.4 196 219.4 226.8 218.9 201.9 180.7 172.6 160.3 145.2 132.7 109.2 84.6 83.2 82.2 82.1 82.2 83.8 98 122.2 139.2 153.1 170.1 186.9 198 209 230.8 250.2 269 284.2 293.1 289.7 287.1 284.8 286.3 291.9 297.5 305.7 308.9 307 334.1 342.2 332.1 323.3 318.5 317.2 315.5 312.5 308.2 298.5 289.3 280 272.2 273.2 260.7 260.3 261.6 262.2 262.8 263.4 271.3 286 304.8
513.9 502 490.7 482.3 468.7 449.3 427.3 404.2 380.2 372.4 336.7 299.5 264.8 244.8 212.9 193.8 209.1 223.4 217.4 221.8 208.3 188.8 165.4 154.4 142.2 130.1 118.3 108.6 83.5 81.8 83 82.8 82.5 83 85.3 106.1 122.7 137.4 152.2 172.7 188.3 203.6 226.1 250.7 266.3 275 283.6 272.4 268.3 270.4 268.2 276.4 284.1 294.5 300.1 322.2 343.1 340.9 330.4 321.4 318.2 316.2 313.6 308.6 301.9 297.5 287.2 277.3 272.3 275.7 263.8 261 261.1 265.9 266.9 264.7 266.3 287 297.2
510.9 496.3 480.9 465.6 445.3 427.6 410 393.9 372.5 340.7 322.4 291.6 267.1 245.6 219.7 212.9 239 221 216.3 224.3 199.9 176.8 153.3 136.7 124.2 115.1 101.5 89.4 82.7 82.9 82.4 82.5 82.4 82.4 83.5 91.5 114.7 129.4 141.8 164.6 185.3 201.2 226.5 242.4 252.9 256 253.4 250.8 254.7 261.4 264 274.6 278.6 288.7 297 331.5 338.5 335 330.4 324 318.9 317.3 314.5 311.5 306.1 300.5 289 281 275.7 278 269.2 261.8 261.7 266.7 276.2 266.9 267.9 280 294.3
485.7 477.6 459.5 444.2 428.6 407.8 390.8 374.9 347.1 326.2 290.3 266 245.6 228.6 215.2 218.5 242 217 224.2 210.1 187.4 162.9 137.3 121.1 108.9 98.6 91.3 87.2 82.6 82.8 82.8 82.7 82.4 82.4 82.7 84.1 99.5 120 139.4 161 175.6 188.7 205.2 218.4 228.5 232 232.4 233.4 245.9 248 260.2 268.1 283.9 291.8 308.3 331.8 335.9 334.4 334.3 324.9 319.1 317.2 319.2 315.5 304.6 298.7 286.5 282.7 276.5 276.5 275.1 267.8 264.4 270.5 282.7 272.5 269.2 273.1 286.1
467 447.3 431 419.5 403.6 387.7 367.3 351.5 332.9 306.3 283.6 251 233.8 222 212.9 222.2 223.7 216.6 214.5 191.8 167.8 141.8 123.6 112 94.3 87.5 84.9 83.1 83.8 83.4 82.5 82.4 83.1 82.9 83.2 83.2 88.3 108.7 131.2 144.4 157.8 174.8 188.9 201.8 207 213 218.9 219.2 227 239 247.4 268.2 288.4 310.6 326.6 342.1 337.2 340.4 340.3 330.2 323.4 322.4 324.8 317.2 309.7 295.7 288.7 286.5 278.1 275.5 277.4 271.6 270.2 276.2 281.7 278.9 277.4 274.3 282.7
433.8 419.9 403.1 387.5 375 366.7 348.5 329.9 312.5 284.7 258.8 236.1 217.7 211.4 206.3 218.5 211.6 213.1 202.4 174.8 149.8 129.7 109.9 94.8 83.9 83.5 83.7 84.2 83.5 83.1 82.9 82.8 83.4 83.2 83.1 83.1 83.8 95 126.4 142.8 151.6 169.2 187.1 191 187.9 196.8 205 211.1 215.6 230 250.4 285.2 308.7 324.1 331.6 337.7 336.9 346.1 345.4 332.6 330.2 323 322.9 319.3 311.5 298.6 296.2 286.6 278.3 276.5 275.6 275.9 279.1 282 282 279.1 282.8 284.7 281.4
395 381.4 368.9 349.7 344.2 337.2 327.7 315.5 304.4 274.4 246.9 233.8 215.5 201.4 202.5 208.9 201.4 197.7 180.6 159.9 142.8 119.6 104 95.3 84.9 84.1 84.2 84.4 83.7 83.5 83.4 83.3 83.4 83.4 83.4 83.4 84.1 90.6 117.7 133 152.1 161.9 173.7 171.9 172.6 181.3 190.7 203.7 217.7 240.4 269.5 298.3 317.6 331.7 333.2 337.4 335 339.9 342.7 335.5 330.4 324.4 324.3 318.9 317.9 309.7 302.2 291.8 282.5 278.1 277 280.6 285.4 289 289.1 290.3 286.4 291.8 294.4
358.4 345.4 330.7 321.8 316.9 311.3 304.2 294.6 284.9 266.1 246.4 224.9 210.8 197.2 199.5 192.7 186.8 180.8 168.4 151 131.3 112.2 98 88.1 86.6 84.6 84 84.5 83.7 83.8 83.7 83.6 83.7 83.9 83.9 84 84.4 85.4 103.5 121.1 133.9 140.3 147.2 153.6 159.6 170.2 187.1 203.6 227.5 259 282.9 305.2 319.8 331.6 332.5 331.4 333.9 339 337.9 336.3 333.5 326.1 327.2 324.6 319.3 313.5 306.8 301.7 290.4 282.5 281.3 287.5 292.3 298.8 298.4 295.4 291.7 294.4 302.6
320.2 310.1 299.5 292.9 288.6 284.6 274.3 269 260.1 247 226.9 209.7 199.9 189.6 185.8 176.1 170.5 171.1 158.3 143.7 128.1 113.4 95.2 84.3 83.9 84.2 83.7 83.5 84.4 84.2 84.1 83.9 84 84.2 84.5 84.7 85 85.1 89.9 101.9 113.1 122.7 126.7 142.9 163 173.3 190.8 212.5 237.9 263.8 290.9 307.4 320.4 330.6 327.1 330.7 334.8 337.3 338.1 335.4 332.9 328.6 327.6 324.8 322.9 322 313.4 305.2 294.5 287.4 286 290.2 298.7 309.3 308 297.1 293.6 297.8 313.9
308.7 291.6 282.1 272.4 267.7 260.1 255.2 247.5 238.6 225.7 207.9 196.7 184.1 178.6 165.1 158.8 157.9 161.6 151.2 134.7 121.1 104.7 91.3 84.9 84.1 84 84.2 84.6 84.8 85.2 84.3 84.2 84.6 84.4 84.9 85.2 85.4 85.2 87.4 89.3 98.3 107 120.1 138.6 157 173.4 192.2 215.6 241.3 267.6 295.7 308.5 322.5 324.2 326.1 333.4 333.8 335.8 336.7 334.8 333 331.4 330 328.6 331.1 336.1 324.6 315.5 307.2 299.9 295.4 298.1 305.7 314.2 315.9 311.9 303.9 304.5 317.1
327.9 311.8 302.6 288.4 275.4 266.9 249.2 235.9 218.1 203.5 195.4 186.5 175.6 162.9 153.3 145.2 144.8 143.4 134.2 120.5 108.1 100.7 87.6 85.5 85.2 84.9 84.9 84.4 84.5 84.7 85.6 84.7 85 85.3 85 85.6 85.7 85.3 87 88.6 91.9 106 120.1 135.5 151 167.2 193.2 235.7 254.2 266.6 288.5 311 320.2 316.9 321.6 330.6 334.7 338.4 338 336.4 336.7 333.6 333.5 334.2 338.1 343 338.2 327.4 321.9 319.8 308.6 305.5 312 323.6 336.4 330.5 316.8 313 322.4
345.5 329.2 313.9 299.7 287.4 275.7 264.5 251.8 233.5 211.8 197 185.9 174.4 155.7 149.7 138.5 128.5 118.1 112.2 107.1 103.7 93.8 87.6 85.8 85 84.8 84.6 84.5 84.4 84.4 85 85.5 86 85.7 85.5 85.8 86 85.8 86.7 88.4 90.1 104.4 120.2 135.6 149 165.1 192.6 224.3 255.1 275.8 289 309.5 316.4 314.4 325.9 337.3 339.4 340 339.8 338.7 337.7 336.3 335.3 336.4 347.1 354.4 350.8 340.9 331.1 328.4 324.3 320.1 322.3 333.2 338.4 341.6 332.2 324.6 331.8
368.4 339.4 318.5 302.9 289.3 275.9 262.5 250.1 236.1 213.8 202 192.5 178.7 165 151.8 144.1 135.1 122.5 110.8 102.9 99.3 92 88.4 86.1 85.2 84.8 84.8 85 84.5 84.7 85.2 86.1 86.6 86 85.9 86.3 86.3 86.9 87.4 88.2 91 99.8 110.9 128.2 145.1 160.8 184.5 217.7 263.4 275.9 284 301.1 314.2 317.8 333.2 340.4 343.7 341.3 340.7 342.9 340.8 337 340.5 342 354.6 369.5 369.7 355.1 348.9 344.1 342.1 342.7 335.8 341.5 350.6 355.1 352.2 340.6 340.8
380.1 356.8 335.8 314 294.8 276.9 258.5 243.8 231.1 216.5 208.1 194.1 179.3 164.6 160.1 152.8 142.9 123.5 108.6 95 94.4 91.1 89 86.6 85.1 85.5 84.9 84.8 84.7 84.9 85.1 85.9 86.3 86.9 87.3 87.2 87.2 87.4 87.9 88.8 91.2 100.1 110 130.9 145.9 177 185.8 208.2 244.5 268.6 284.6 300.6 311 317.8 336.1 340.8 342.9 343.7 342.9 345.6 348.9 341.6 344 350.1 371.3 381.5 378.4 369.3 366 360.6 357.1 354.5 351.7 349.1 356.1 365.9 364.5 358 352.6
390.1 361.8 342.5 321.5 296.8 280.6 262.2 240.5 226.1 222.9 207.4 196.1 175.8 169.5 164.7 152.6 140.5 122.6 106.7 96.8 90.3 89.6 88.1 86.7 86.2 85.3 85.4 85.5 85.4 85.1 85.1 85.5 85.7 86.3 86.8 86.7 87.9 88.6 89 89.2 92.9 100.3 111.3 127.3 145.3 168.3 185.6 207.9 235.9 256.3 280.6 301.2 305.3 314 330 339.9 343.4 352.8 350.1 352.5 347 344.6 347.2 358 376.2 388.9 384.7 386.5 380.5 375.7 371.6 367.8 364.9 363.9 363.9 376.2 373.2 370.6 366.3
390.4 364.1 343.7 322.3 303 281.9 266.5 246.2 231.2 214.6 199.5 185.8 181.4 173.2 166.3 153.8 140.1 119.3 105.4 96.7 90.1 87.8 87.2 86.5 85.9 85.8 86 85.9 85.5 85.7 85.9 85.5 85.7 86 86.6 87.4 87.9 88.1 89 90.8 98 100.4 110.2 129.2 143 160.3 183.1 205.7 234.8 257 274.1 288.7 305.8 321.3 334.5 347.9 350.8 354.2 353.3 351.8 358.7 355.7 351 362.6 392 399.8 395 398.4 394 390.4 390.2 384.6 392.5 385.2 380.2 380.5 385.2 388.7 383.7
389.6 365.8 343.2 320.5 299.2 277.8 257.9 244.4 226.9 212.8 200.9 187.3 177.8 174.6 161.3 150.2 134.1 117.9 106.1 96.1 89.8 88.9 87 86.1 85.9 86.2 86.5 85.8 85.5 85.7 86.1 86.5 86.3 86.1 86.8 87.9 87.9 87.9 88.8 91.2 94.3 96.3 108.2 129.6 143.9 155.2 176.6 204.8 229.4 249.6 266.6 292 303.2 319.5 333.7 349.8 353.8 351.4 355.7 372.7 385.7 369.4 359.9 367 389 411.5 411.8 410.4 416.7 415 407.7 397.9 412.5 403.9 396.7 395.8 396.6 398.8 395.9
394.2 369.7 345.6 320.4 300.9 276 256.4 237.1 225 216.1 199.5 186.1 175 166.2 159.3 140.1 117.2 118.4 109.4 97.7 90.9 89.1 87.2 86.3 86.1 86.2 86.4 86.8 86 85.9 86.7 87.3 87.9 86.6 87.2 88.2 88.1 88.8 88.1 89.8 93.2 95.3 103.7 125.8 141.1 164.2 189.4 208.5 220.1 250.8 270.9 288.3 306.9 316.7 335.2 353.6 354.8 355.9 365.8 390.5 412.1 394.4 383.1 381.2 385.2 404.7 422.7 431 436.5 430.3 428.3 421.8 431.9 419 419.8 410.5 404.3 404.3 404.7
408 381.2 353.3 318.5 294.8 275.8 261 247.2 228.1 211.9 198.9 185.3 174.4 167.9 154.2 136.9 118 108.8 102.7 94.9 92.6 89.5 87.2 86.3 86 86.1 86.7 86.9 86.6 86.8 87.6 88.5 89 87.7 87 87.6 88.3 89.1 88.5 89.5 94 96 103.4 116 136.9 166 194.6 213.4 221.6 243.6 273.4 288.8 302.2 313.8 333.6 353.2 363.8 361.2 380.6 413.6 418.8 418.4 402.2 409.7 397.9 409.2 419.2 438.4 442.2 435.4 444.7 444.9 442.7 445.1 435.2 420.9 410.8 406.4 404.1
432.6 399.3 369.4 346 319 295.6 268.8 244.3 224.7 211.4 194.5 181.4 173.8 158.9 142.4 145.1 133.4 120.3 108 101.3 96.9 89.3 87.3 86.3 86.1 86.3 86.8 87 87.4 87 88.5 89.4 90.2 90.4 87.6 88.3 91.1 89.6 89.5 88.9 95.2 97.5 98.8 114.9 135.7 165.5 197.9 213.8 225.8 249.5 265.3 286.7 298.6 314.5 329.8 355.3 362.8 371.6 396.9 426.5 439.6 429.1 420.6 413.7 410 411.8 421.6 425.3 445 441.4 443.3 446.8 451.2 453.4 441.5 430.4 418.6 408.5 404.5
443.1 411 384.1 352 320.2 294.6 272.7 244.5 229.9 213.7 199.3 187.9 178.5 163.6 163 162.2 146.1 132.7 121.8 111.5 102.9 90.3 86.9 86.5 86.3 86.7 87.2 87 87.6 87.3 88.7 90.4 91.1 91.4 93.1 92.7 101.8 95.6 90.5 90.6 95.4 97.3 101.1 113.2 129.6 153.8 178.5 197.9 225.4 258.3 288.1 290.3 302.3 312.5 331 351.6 360.1 368.6 399.4 425.6 444.4 435.3 424 415.7 414.1 413.1 419.8 424.2 425.8 436.6 445.3 450.5 459.6 454.5 450.2 446 435.9 420 407.6
