ny/ny21_OST50GRID_20230518/NY21.asc
ncols 200
nrows 200
xllcorner 320000
yllcorner 510000
cellsize 50
[rows 35 to 69 of 200, columns 0 to 78 of 200]
267.9 252.7 242 234.5 230.4 235.1 238.7 242.4 248.3 255.5 266.7 277.2 280.4 276.5 275.9 267.9 252.3 247.7 253.7 263.2 272.7 281.5 290.3 302.3 315.8 333.2 351.3 370.2 393.4 391.4 354.8 323.1 296.2 272.3 253.7 235.3 237.2 239.3 248.9 257.9 270.5 285.7 305.4 329.2 361.3 392.9 408.7 389.3 367.4 340 307.8 273.8 247.7 221.8 197.6 180 169.5 163.7 158.1 152 151.8 151.5 160.8 175 194.4 220.9 253.4 290.1 354.3 402 446.3 488.7 540.7 571 572.9 568.1 559.8 551.4 547.5
253.7 241.5 234.9 237.8 239.4 241.8 244.8 251.8 261.2 273.5 286.8 298.1 302 295.6 288.3 268.7 258.5 255.2 261.6 271.4 280.9 286.9 296.6 310.4 326.3 345.2 364.7 388.1 405.9 374.6 342.3 311.3 284.2 263.4 246.9 242 246.1 253.9 264.5 277.5 292.7 311.4 336.5 364 397.2 409 396.8 372 341.8 312.8 281.8 255.5 229.9 207.9 188.9 175.3 168.2 161.9 155.2 153.1 152.8 153.1 163.7 177.9 200.9 227.8 260.5 321.3 365.5 406.5 454.8 502.7 549.7 575.6 575.1 570.2 563.2 554.9 552.9
242.7 236.6 240.1 242.6 245.1 249.2 258.5 269.3 279.6 292.1 307.8 321 320.7 307 287.6 267.5 266.3 265.1 269.6 279.7 287.6 296 307.5 321.8 338.6 357.4 380.3 403.3 409.1 368.9 335.2 305.6 277.2 260.1 249.8 252.1 263.3 273.2 287 302.9 322.4 344.6 369.5 398.5 420.3 404.8 388 367 334.6 300.6 277.5 250.9 224.6 203.3 184.9 173.6 167 154.9 154.6 152.7 152.8 157.3 169 184.6 208.9 237.4 273 326.2 373.5 417.2 471 510.5 547.7 573.5 574.1 572.6 566.4 560.2 551.8
239.1 241.3 246 248.8 253.3 262.6 274.7 287.6 299.1 313.3 328.8 341.2 333 309 286.2 273.7 272.1 274 280.9 289.7 299.3 306.5 317.1 335.1 353.6 374.3 396.2 412.9 403.4 365.7 330.1 298.9 278.4 262.2 256.4 268.4 282.7 298.6 317.9 332.6 352.4 379.2 400.2 420 413.2 389.6 368.2 348.1 323.6 294.9 265.1 239 216.2 194.4 180.6 173.6 166.1 156.5 159.2 160.7 162.5 167.9 178.3 195 219.4 247.8 295.3 338.2 371.4 415.2 458.3 517.2 561.3 571.8 572.8 570.6 564.4 557.3 547.8
244.1 248.8 252.8 257 266.2 280 295.1 310.4 324.6 339.8 356.6 364.1 336.7 309.4 286.9 282 282.8 288.6 292.3 300.5 310.3 318.5 332.5 348.2 367.6 386.9 408.2 428.8 404.2 355.1 322 300.6 277.8 264.2 273.3 287.4 304 323.7 347.3 367.9 392.8 411.4 424.1 428.6 406.5 380.1 352.9 332.4 313.6 283.9 251.8 225.9 203.6 187.3 179.1 171.9 163.3 157.7 161 163.4 167.8 176.3 187.3 204 227 258.1 306.8 345.1 392.1 440.7 483.8 528.7 561.1 570.7 570.8 567.1 560.9 551.5 541.6
252 256.4 259.9 269.8 282.9 299.4 317 332.6 349.2 364.7 375 371.9 343.5 313.7 293.1 292.8 296.4 303.2 307.3 314.3 324.4 339.2 351 364.7 379.7 400.6 424.6 434.3 395.1 349.1 316.8 292.4 273.6 280.1 290.3 307.3 328.3 354.3 376.3 399.7 422.3 439.5 448.3 429.2 402.6 372.2 341.2 318.2 298.8 271.2 244.8 220.3 200.3 184.9 176.5 169.9 164.4 159.9 159.9 163.7 171.2 180.3 192.6 214 239.8 274.3 310.8 352.8 402.8 441.9 485.9 529.1 560.2 571.5 570 564.4 557.8 544.9 527.4
258.9 264.4 272.2 285.4 301.2 322.2 338.4 352.8 368.9 384.3 396.7 376.2 343.4 315 303.6 304.3 310.4 315.5 321.8 328.5 335.7 349.3 363.2 375.6 392.9 417.7 434.6 409.6 376.9 343.9 311.8 289.2 285.4 292.9 309 329.1 352.3 378.5 404.4 433.7 452.7 452.6 441 417.5 388.2 363.8 333.5 313.7 287.4 261.2 236.5 213.5 193.3 181 174.2 168.4 164.7 159.3 160.4 166.5 173.7 185.7 201.7 223.4 250.6 286 329.2 368.8 411.8 475 500.2 525.2 552.7 570.4 569.5 561.9 550.7 534.1 511.2
268.5 274 286.6 303.1 320.6 342.2 361.8 377.7 396.4 413.4 410.9 378.8 346.8 319.7 315 315.2 324 331.9 339.2 343.4 349 362.3 375.2 390.9 409 423.1 404.4 379.1 355.1 328.8 308.2 288 295.4 305.8 327.3 351 382.1 412.2 435.6 464.7 457.8 452 431.4 404 377.1 351.1 325.8 301 279.9 257.4 233.6 208 188.4 177.5 172.2 167.5 163.7 160.7 163 168.8 175 192.5 207.8 233 266.4 303.1 343.3 385.6 429.8 457 483.7 515.1 546.6 569.9 565.9 558.3 544.4 522.3 498.8
277.6 288 303 321.2 341.2 363.9 381.7 404.8 422.9 435.2 407.8 378.7 352.2 331.4 329.6 333.9 344.7 353.4 358.5 362.8 369.3 378.1 392.2 407.4 422.6 423.6 390.6 365 343.3 323.8 308.7 294.6 303.8 320 344 373 411.3 447.6 479 475.4 454.1 441.6 424.4 406.3 377.4 346 315.1 289.7 266.7 247.5 225.1 201.7 182.8 174.5 170.4 165.8 162 161.1 162.6 173.3 182.3 197 215.6 241.5 278.4 315.7 356.1 388.5 412.3 437.1 475.8 509.3 546.2 567.9 564.1 555.6 539 513.6 490.4
286.7 301.2 320.2 341.7 363.4 383.3 405.8 427.2 443.6 433.5 409.5 382.6 361.7 349.3 348.5 354.3 365.2 374.3 379.9 385.5 392.3 404 417.7 432.3 450.1 423.1 387.7 360.3 339.9 322.1 304.4 308.5 322.4 340.8 366.4 411.1 461.9 497 489.4 464.5 433.3 420.6 413.4 397.5 369.3 336.7 304 277.8 251.6 230.9 210.1 192.1 180.5 173.9 169.2 165 161.7 162.3 162.6 173.6 184.8 199.1 219.1 246.3 280.8 309.7 340 366.5 400.9 435 470.7 505 538.9 566.4 564.2 553.7 531.8 505 481.3
298.1 317.3 339.7 364.1 387.7 406.4 429 444.9 453.4 440 414.1 392.1 378.3 370.2 370.9 376.5 386.2 397.7 405.8 412.4 420.3 433.2 446.7 465.2 461.4 428.1 394.3 362.2 337.5 315.5 312.1 328.4 346.5 376.1 411.2 470.4 515.3 499.8 472.1 444.2 418.3 403.8 392.6 376 350.6 318.5 290.3 267.7 240.4 218.3 202.1 190.3 180.3 174.2 170.5 167 163.6 163 163.9 172.5 187.3 204.1 226.5 257.1 286.8 323.2 359.1 399.4 434.1 469.3 492.7 518.1 547.3 567.3 564.2 552 524.2 494.3 470.3
315.7 338.5 360 387.4 408.3 426.7 445.5 462 467.3 448.6 424.4 411 400.8 395 395.4 401.8 413.2 424.7 434 440.4 449.8 462 477.3 498.8 493.8 464 410.9 365.6 340.9 317.8 330.3 355.7 392.5 427.2 457.3 512.8 513.4 488.8 459.2 431.1 406 387.8 372.3 354.1 327.5 300.6 276.5 253.7 232.4 215.5 201.6 191.2 181.4 176.6 173.4 169.1 165.1 163 167.3 175.4 190.4 208.4 230.1 258.4 289.4 323.7 369.1 413 452.3 481.3 516.9 539.1 564.1 573.5 568.9 550.4 519.3 484.8 457.4
332.7 356.7 385.2 406.9 426.5 449.7 470.6 482.6 485.9 457.7 442.2 427.9 424.8 420 419.5 429.6 443 455.3 465 474.7 483.7 496.5 511.9 517.9 506.6 488.7 435.8 381.6 354.7 327.5 351.1 402.8 451.7 491.5 507.3 518.2 508.2 479 449.4 421.7 399.7 380.4 352.9 337.6 316.8 289.2 267 246.5 229 214.4 203.3 192.9 186.3 181.3 176.3 171.3 167.1 164.1 170.7 181.7 194.2 214.4 235 261.1 294.3 332.4 371.3 407.4 432.7 466.7 497.6 528.2 561.1 572.4 564.7 539.6 510 475.4 447.9
347.2 371.5 401.8 429.6 448.5 472.4 488.2 500.1 494.8 475.1 462.8 449.6 449.7 447.7 447.4 459.5 475.6 489.7 499 514.3 528.3 537.3 530 520.3 507.5 491.3 443.3 386.9 362.6 340.2 408 444.9 482.8 497.5 514.6 521.9 504.2 469.2 441.6 417.5 393.7 373.7 350.4 328.4 305.9 280.7 259.2 242.9 228.6 214.2 201.7 194 188.1 182.4 178.2 172.5 166.8 166.4 172.7 183.9 197.2 215 236.1 261.4 289.6 326.3 362 394.9 429.9 466.2 498.2 530.9 559.9 570.7 554.4 526 497.9 466.9 437.8
358.8 385.7 415.3 449.5 472.5 490.8 507.2 517.4 513.3 499 487.9 483.3 479.2 483.9 491.8 501.3 516.3 534.3 552.4 568.9 559.1 546.6 531.7 512.4 498.7 483.7 446 394.9 367.2 371.3 437.1 463.6 481.8 503.6 520.4 525.6 494.5 466 436.6 410.5 387.5 366 347.5 327.7 303.7 282 259.7 244 231.3 214.4 202.3 193.8 188.4 182.5 178.2 171.4 168.1 166.8 171.4 179.3 198 216.4 243.1 270 305.4 342.9 385.4 421.7 454.9 488 523.4 554.3 574.6 565.7 545 517.4 485.9 455.3 426.4
375.1 401.6 435 465.9 489.4 511.4 529.5 541.5 543.5 531.7 522.6 517.6 526.2 530.4 542.4 548.6 564.2 590.7 598.6 580.9 555.7 534.7 526.4 512.7 499.5 476.6 443.7 407.7 379 427.4 448.3 461.1 486.2 504.8 524.5 519.4 492.4 466.1 432.8 405 382.5 362.5 339 314.8 292.3 272.8 252.7 239.4 226.4 211.6 200.8 193.2 187.3 182.1 177.5 173.7 169.7 167.8 171.2 183.4 201 224.8 249.7 277 311 357.2 398 435 474.9 515.4 548.5 574.3 572.4 560.4 534.2 507.4 477 448.7 419.8
397.3 428.7 459.6 485.2 509.4 535.5 554.8 577.7 587.4 575.4 551.3 564.5 580.8 583.8 598.3 613.4 620.9 608.5 589.4 566.8 547.1 529 519.1 508.6 493.8 472.4 446.8 418.4 392.3 427.7 448.3 466.7 487.7 510.2 520.5 516.2 492.2 458.7 426.4 399.8 375.8 354.3 329.3 307.2 283 259.6 245.9 234.9 224.1 209.2 200.7 192.8 187.2 182.9 177.7 174.4 169.1 170.3 175.4 191 207.5 227.8 254.1 285 325.3 370.1 409.4 448.7 492.9 535.4 571.6 584.5 577.7 556.8 527.6 496.2 467.3 438.5 410.2
422.3 443.2 472.7 504.8 532.6 556.9 583.4 610.8 632.4 600.9 609.3 623.6 642.8 663.6 666.6 644.5 619.7 597.2 579.9 561.6 543.1 521.9 514.4 505.2 491.6 474.5 456.9 429.1 408.6 432.7 448.6 464.9 490.1 511.1 520.9 520 488 450.1 419.3 392.8 370.9 346.5 319.9 298.8 277.1 262.3 250.6 235.2 224.8 215.2 203.8 193.8 188 183.4 174.8 173.3 169.8 172.9 181.5 196 211.1 232.6 258.1 287.4 326.4 378.9 420.3 460.5 505.4 548.8 587.4 589.5 580.7 554.9 522.4 490.7 461.1 431.7 403.5
424.2 444.4 477.9 521.3 555.5 590 617.4 656.7 652.1 657.7 667.7 695.4 693.9 684.2 665.4 641.2 614.5 587.5 568 557.4 535.4 512.4 508 499.1 486.8 473.3 453 430.8 411.4 436 452.8 471.3 493.7 509.4 527.7 526.9 480.2 443.4 412.7 385.1 360.8 339.7 319.8 297 278.4 268 252 248.2 234.9 220 206.6 196.3 190 184.8 180.1 173.3 170.4 176 185 198.7 216.8 238.8 261.4 293.9 342.8 388.2 429.7 478.8 518.2 551.6 590.4 600.3 589.7 562.6 526.6 492.3 456.7 425.6 399.7
442.6 459.6 498.4 544.2 585.9 634.7 672.1 686.9 697.4 704.1 704.7 700 691.1 679.3 659.2 632.5 605.1 577.9 557.6 547.1 522.7 506 498.1 488.9 476.4 462.1 443.6 430.1 426.2 445.1 461.5 479 495 510.1 534.4 541.7 492.6 445.1 411.5 381.9 357.1 337.4 311.1 301.7 287.8 276.4 266.4 255.6 242.4 223.4 210.2 198.5 190.5 185.1 179.4 173 171.8 179.5 189.6 202.4 218.8 241.1 269.8 315.4 359.5 406 444.4 476.9 511.2 550.9 590.2 615.4 599.2 574.2 540.1 501.7 464.7 433.4 405.9
471.8 488.8 528.8 580.5 627.1 677.3 693.1 700.5 708.1 709.6 706.3 698.8 686.6 669 647.8 623.1 597.6 569.6 553.2 531.1 507.1 492 483.5 476.6 464.4 449.9 438.5 425.2 434.1 450.3 470.4 481.8 495 517.2 539.3 539 505.9 448.1 415.8 385.8 353.6 346.8 337.4 323.5 307.1 287.3 273.5 259.8 244.4 227.7 213.1 201.3 191 184.2 176.9 174 173.7 180.1 193.2 209.6 227.1 247.9 276.8 326.8 375.6 427.6 466.4 487.8 516.9 562.5 602.3 623.9 606.9 591.1 555 526.1 482.1 440.6 413
511.6 537 576.5 611.2 673.3 694.6 704 711 715.4 713.9 707.2 696.4 680.9 660.8 637.5 614.3 588.2 558.1 540.5 519.3 491.4 478.7 472.5 463.3 452 442.1 430.9 432.6 440.1 454.7 468.5 482.2 504.9 528.2 549.6 543.5 522.5 468.5 424.9 386.8 381.9 373.5 362.4 349.1 327.6 306 288.5 267.4 247.9 231.5 216.3 203.6 192.2 183.3 177.6 174.9 173 179.9 195.1 215.8 238.2 258.7 284.6 329.4 381.5 443 468.8 499.7 540.6 585.6 615.7 624.4 621.3 610.2 593.2 572.7 545.6 474.6 432
566.3 592.2 625.1 660 699.1 709 713.6 719.8 719.5 717.2 707.4 691.1 673.5 652.2 625.7 600.2 570 547 528.1 507.3 482.9 469.8 462.7 454.1 443.9 435.1 432.6 439.9 446.7 457.9 469.6 486.8 516.3 544.8 553.7 549.1 531.6 489.7 451.7 409.5 413.7 415.2 397.6 374.2 351.5 327.5 303.8 278 253.2 234.1 218.5 204.2 192.6 183.2 178.1 176.4 174.6 184.7 200.4 222.7 248.8 274.9 295.7 332.7 389.5 428.6 464.8 508.9 551.8 590.4 621.5 628.2 632.5 627.1 618.8 593.2 565.8 514.7 469.4
624.6 640.4 673.6 703.8 714.2 718.4 720.9 722.7 720.8 713.4 701.1 684.3 664 639 610 581.6 555.1 531.5 514 498.5 475 462.6 456 446.7 437 437.6 438.1 445.9 452.1 462.2 476.9 503.1 534.2 552.5 553.3 546.8 524.6 487.7 455.4 431.8 459.9 453.5 468.4 421.8 380.6 341.5 311.7 283.9 259.1 236.3 218.5 204.3 194 184.5 179.2 176.8 182.6 191.6 208.8 232.8 258.8 288 316 343.9 407.1 449.5 483.5 530.2 566.9 600.8 625.9 628.2 630.4 627 609.8 593.6 576.4 551.5 509.8
654.8 680.3 703.5 713.2 720.4 724.3 725.9 726.3 723.7 714.8 700.2 682.5 659.8 631.1 597.7 566.4 541 520.9 504.3 489.7 470.6 459.6 452 444.5 446.7 446.1 445.6 447.4 455.1 470 492.2 521.3 549.6 571.1 574.2 568.3 540.6 498.1 474.1 485.2 514.9 508.7 487.7 471.2 426.4 374.9 326.1 297.4 268.2 241.9 223.1 206.9 196.2 187.6 180.6 184.4 191.8 201.6 219 241.3 272 303.8 334.2 379 417.3 444.1 482.2 527.5 559.5 610.1 630.6 626 623.6 615.5 602.4 588.3 575.4 556.2 534.7
669.7 696.9 713.4 720.9 725.8 728.5 731 731.2 726.5 714.3 698.2 679.3 657.2 630.7 604 568.7 532.2 512 497.2 484.9 466.2 457.2 448.7 451.2 456.4 454.5 451.9 454.6 467.2 487.8 514.9 550.2 573.6 593.6 590.9 576.9 550.9 524.1 522.9 533.1 551.8 533.2 503.7 473.7 437.3 394.8 355.6 333 299.7 253.6 231.1 213.1 198.8 182.2 188 193.6 206 226.4 258.5 294.9 329.8 344.8 365.6 403.5 442.1 476.6 501.6 523 559.8 617.4 629.3 624.8 617.2 608.4 596.7 582.9 573.5 555.6 535.7
679.2 704.4 720.8 731.2 732.5 731.1 730.8 727.8 720.5 707.7 691.5 673.2 651.1 622.6 588.1 557.4 529.8 507.4 490.7 475.4 461.6 454.6 454 456.9 458.1 457.6 460.8 472.1 490 514.4 549.2 580.7 607.1 620.5 611.7 592.8 575.4 562.7 573.7 581.9 579.7 546.4 510 478.9 446.4 408.1 367.6 338.5 306.5 274 249.4 222.2 202.8 187.7 201.6 215.4 243.9 292.5 317.4 356 380 381.5 407.2 443.4 482 519.7 544.8 559.6 579.4 622.2 625.4 618.1 608.2 600.4 588.8 574.5 562.4 548.6 529.5
688.1 710 728.4 736 733.3 729.8 727.7 722.7 713.9 701.3 685.4 668.5 647.4 611.2 575.7 550.1 528.5 507.2 486.4 466.9 458.6 453.4 456.7 458.2 458.2 463.6 472.9 490.6 512.5 540.5 578.4 608.5 632.7 640.3 623.6 605.6 590.8 589.8 602.5 609.2 601.8 565.5 521.5 479.3 438.2 401.3 362.5 329.2 300.8 277 256.2 228 208.2 191.8 207.3 228.6 273.1 294.9 324 355.6 382.5 396.5 430 463.2 498.5 529.8 557.8 588 610.8 620.9 619.6 612.1 601.2 592.5 580.2 568 555.7 541.8 522.1
695.3 715 726.9 729.5 729 726.7 722.5 716.5 706.1 694.4 680.3 663.9 645.2 615.8 569.7 539.4 516.9 493 474.5 462.9 458.5 456.5 457.7 458.6 463.3 477 492.7 512.4 536.8 572 608 638.3 659.2 654.9 639.5 620.5 611.6 618.5 625.7 593.8 563.1 533.5 504.2 473.4 436.1 400.4 364.2 332.6 302.8 275.2 251.1 231.4 213 194.4 210.5 234 266.9 290.9 311.3 337.6 366.7 393 421.9 455.7 490.2 525 554.3 587 618.7 618.3 614 607.2 596.3 586.6 573.6 561.7 547.9 533.1 513.3
695.1 709.3 717.3 721.9 724 721.6 718.1 711 701.7 689.9 676.2 660.4 644 614.2 571.3 539.6 515.1 501.4 480.5 464.5 460.7 459.4 459.5 468.7 477.8 495.6 513.8 535.8 576.5 608.2 637.8 663.7 680.2 677.9 658.6 644.3 641.7 648.3 645.2 598 552.8 520.9 491.4 462.5 434.1 398 362.5 330.5 302.6 278.4 256.7 235.3 216.3 200 208.7 230.3 259.5 281.3 302.5 323.5 351.4 383.1 411.2 445 481.8 516.6 550.3 586.1 615.5 617.5 613.1 606.3 594.5 584.7 572.9 559.7 545.2 529.9 509.7
691.3 702.4 711.2 716.8 719.7 718.2 714.4 706.6 696.9 685 670.2 653.8 635.5 611.6 575.8 543.8 515.9 499.7 487.9 475.7 465.8 463.3 478.1 496.4 503.6 519.2 537.4 574.3 605.4 633.8 661.9 686.5 702.1 699.2 682.8 668.3 665.9 667.1 634.5 601.1 560.9 525.3 487.7 457.2 428.9 402.4 375.4 343.6 311 284 257.5 235.4 215.8 200.9 206.8 225.5 249.7 273.2 294.4 315.4 340.8 372.6 403.6 443.8 478.1 510.6 548.6 590.7 620.6 620.7 614.4 604.9 594.3 584.3 571.4 558.7 544.7 528.2 509.1
689.8 701.7 710.6 715.6 717.3 714.2 709.3 700.2 689.4 675.2 659.8 643.5 627.8 608.6 576.7 542.6 512.9 493.7 487.1 478.4 469.5 478.9 492 506.7 522.9 543.7 569.6 599.2 627.3 655.2 682.4 705.3 714.8 705.5 695.1 687.2 682.2 660 615.5 585 555.6 522.3 490.5 458.7 430.7 405.6 382.5 354.3 320.9 290.1 262.2 237.7 215.9 204.7 205.4 221.7 245.1 263.7 284.5 307.3 333.4 369.7 400 432.9 480.4 525.2 559.7 601.9 627.9 624.9 619.2 607.2 595.3 584.5 572 563.7 549.1 533.7 513.9
690.7 703 710.8 713.2 714.3 709.1 702.1 691.9 680 662.6 644.8 627.9 611.5 593.4 571.3 541.6 517.2 499.3 488.8 481 471.6 488.8 504.8 522.5 542.2 565.1 591 618.5 645.4 674.9 697 711.9 714 709.9 703.4 697.1 685.8 647.4 603.9 574.9 548.8 522.5 494.1 461.9 432.1 404.8 379.4 356.8 324.8 295.6 268.5 244.6 218.6 206.6 202.2 217.7 237.1 257 278.3 303 334.3 366 397.5 432.5 478 523.2 571.7 612.9 633.1 629 624.8 616.5 606.7 592.6 574 562.3 554.5 540.2 527.2
688.5 699.7 708.2 713.1 710.9 705.5 696.9 687 673.4 647.8 628.4 611.2 599 582.2 559.9 530.2 510.5 497.8 489.9 481.6 482.6 501.1 519 536.7 555.9 579.7 605.6 632.2 661.5 688 710.6 719.8 719.5 714.9 708.7 695.7 676.6 640.4 600.7 566.5 540.4 515.1 490.4 458.2 428.4 402.9 378 350.1 323.5 297.9 272.9 245.3 220.2 208.9 205.5 215.2 229.5 251.1 273.6 300.9 333.2 359.4 391.3 426 479.4 526.1 561.4 604.7 639.8 635.4 632.7 632 625.7 605.7 583.8 565.3 554.2 542.5 531.6
686 698.4 706.6 709.1 707.2 700.7 693.7 683.1 669.7 654.1 636.5 615.1 594.7 576.5 560.5 543.4 520.8 504.6 497.2 485.5 492.8 512.3 528.9 546.7 567.3 591.7 614 642.4 668.6 695.2 717.6 726.4 721.7 716.5 703.5 674.3 654.3 627.2 595 559.3 532.2 507.8 478.9 446.9 420.5 398.1 373.3 349.9 325.4 296.3 266.5 240.9 221.5 214.9 207.6 212.9 222.9 242.6 268.5 295.4 321.8 352.8 386.7 421.6 467 518.6 563.5 618.4 638.6 641 634.7 634.3 631.5 616.5 592.8 572.7 558.6 550.9 547.4
