ny/ny21_OST50GRID_20230518/NY21.asc
ncols 200
nrows 200
xllcorner 320000
yllcorner 510000
cellsize 50
[rows 140 to 174 of 200, columns 0 to 78 of 200]
471.4 462 495.8 499 502.3 491.3 488.4 487.1 487.4 488.4 493 493.5 492.5 484.1 475.7 479.3 478.9 471 477 466.3 464.9 465.9 464.2 471.7 470.8 475.3 489.3 511.1 529.4 543.7 562.1 576.7 587.1 597.8 605.8 611 613.5 611.7 601.1 593.9 585.4 576.4 570.7 564.5 560.5 547.8 536.3 529.3 524.9 520 514.1 507.2 500.7 493.9 490.6 486.1 477.7 470.6 465 458.8 450.7 442.7 432.2 425.6 416.4 407.7 394.9 386.5 363 359.5 357.4 348.4 347 345.7 311.7 274.5 241.3 218.8 185
510.4 491.7 481.8 489.1 494.1 492.6 489.4 488.6 501.7 498.9 499.2 500.6 503.2 499.8 492.3 490.4 489.9 489.5 491.8 480.5 472.7 475 478.4 486.7 489 493.6 498.7 513.9 532 551.4 569.3 584 597.1 609.2 619.7 632 635.4 635.9 620.6 610 606.6 598.7 594.3 577 568.9 557.4 542.8 534.7 518.5 516.9 512.2 508.2 501.4 495.8 488.7 484.7 476.2 468.2 459.5 451.7 444.8 437.3 424.7 414.6 403.5 390.2 381.4 378.4 360.3 331.6 314.5 315.5 322.9 301 265.4 245.8 212 193.3 164.8
521.3 501.3 481.9 483.1 489.9 494.7 493 507 512.3 504.6 504.3 508.9 512 533.3 540.8 528.4 510.5 512 507 495.4 483.9 488.7 496.7 502.9 507.2 512.6 518.5 520.4 539.2 560.8 577 594 608.4 620.1 636.1 647.5 649.4 650.6 640.2 626.7 620.5 623.8 615.7 594.2 579.8 574.6 561.7 545.6 532.2 513.5 511.2 506.5 500.2 493.5 485.9 482.3 474.1 464.8 456.2 448.5 434.7 426.4 413.9 399.7 383.5 374.2 364.3 374.5 362.2 327 302.3 270.7 277.6 266.4 245.8 214.6 186 171.4 153.1
516.9 502.3 490.6 481.8 483.5 496.5 495.3 519.4 516.4 514.5 515.3 517.3 544.3 552.7 546 540.7 539.6 531.2 521 509.6 499.9 507.9 509.1 518.4 524.3 530.1 536.3 543.6 551.5 568.4 589.4 601.9 618.9 633.1 660.5 666.8 669.3 661 657.1 643.4 636.3 639.3 635.1 615.7 594.2 576.3 556.8 539.9 520.7 510.3 505.7 501.8 496.1 489.8 480 474.6 465.7 460.2 454.2 439 425.3 414.6 402.3 387.9 366.5 355.9 351.8 352.1 348.7 311.1 291 258.4 237.6 234 224.2 186.8 165.8 148.4 134.2
511.9 498.6 487.4 481.8 481.8 487.2 500.1 518.9 520.1 520.4 522.3 523.3 541.1 551.8 549.2 555.8 555.2 551.6 540.5 528.8 523.8 521.7 522.7 531.1 540.5 547.8 555.9 565.3 571.9 583.5 600.3 613 625.3 641.1 656.5 672.4 675.9 671.6 663.2 654.3 653.5 647.3 639.5 629.7 620.5 585.7 546.3 524.8 510.6 500.9 496.4 494.4 489 480.1 474.8 470.9 463.5 452.7 446.5 434.5 413.8 398.2 383.5 369.5 351.5 336.9 328 321.2 313 288.8 266.9 238.4 208.9 202.8 181.7 162.2 142.2 127.4 118.7
513.3 509.3 503.5 483.5 481.8 485.5 502.2 514.5 520.6 520.7 526.3 529.7 536.8 547.2 558.1 557.1 559.3 558.8 552.6 547.1 537.9 527.7 535.9 543.8 553.6 563.9 574.1 583.1 589.9 596.7 612.6 625.7 637.2 649.8 666.2 678.8 681.5 676.7 673 668 658.7 654.9 649.8 638.3 616.1 584.5 548 507.1 490.7 484 482.2 483.1 478.2 472.4 467.1 461.9 457.5 446.6 434.8 420 397.8 376.4 362.7 347 331 313 296.3 285.5 271.7 254.4 233.7 213.1 190.7 174.8 155.1 138.8 123.4 119.4 119.1
523.3 521.5 507 489.7 483.8 490.6 499.5 510.2 525.3 520.6 527.3 533.1 540.9 550.7 555.6 563.7 563 561.5 557.8 554.9 551 539.7 550.8 560.3 571.8 577.3 587 593.9 603.6 615 620.7 633.6 645.1 661.3 672.9 678.7 683.7 686 680.4 674.8 667.8 661.3 654.1 645.2 620.1 576.2 542.3 501.7 476.1 466.3 466.1 467.6 466.1 465.5 462.4 454 444.8 435.8 420 406.8 383.2 354.7 339.5 327.5 308.5 291.2 274.8 251.8 241.6 226.8 205.7 186.9 168.8 152.3 137.1 123.2 120.6 119.2 119.2
524.5 519.4 507.5 495 489 507.2 504.2 505.6 514 521.2 525.8 535.4 544.5 550.2 557 566.2 567.6 566.3 564.3 564 562.1 557.9 559.5 571.7 581 588.3 598.9 608.3 618.4 624.4 629.6 641.9 654 667.4 676.5 687 689.8 694.3 691.3 683.9 671.6 664.5 657.7 647.1 599 557.7 517.6 485.2 461.6 456.4 449.9 449.3 449.9 450.7 450.7 446.1 435.3 420.6 403.6 384.6 364.8 341.7 316.9 303.1 283.6 269.2 248.7 232.7 209.8 195.3 181 162.2 147.5 137.3 126.9 121.2 120.1 120 119.3
517.4 520.8 511.9 519.5 517.5 521.3 508.4 509.4 512.6 522.8 530.3 539.3 548.5 552.9 561.4 568.5 568 571.1 574.1 575.8 573.6 572.2 564.6 577.2 588.6 597.9 605.3 612.5 624.5 637.4 641.1 647.5 661.6 677.9 696.7 689.9 691.9 693.9 688.6 683.8 674.9 664 655.8 642.6 595.8 559.5 506.2 472.8 451.4 442.3 435.7 436.7 437.6 438.6 437.2 433.8 424.9 411.3 385.3 365.2 343.1 323.3 301.3 282.9 263.9 248.2 225.4 208.5 192.3 174.4 159 141.9 129.9 122.4 121.9 121.3 120.6 120 119
520 526.1 526.7 524.1 523.8 522.6 516.7 518.7 517.1 524.9 532.8 546.2 549.7 555 563 566.8 571 576.6 582.4 584.7 584.2 583.8 580.8 586.1 595.1 604.3 610.9 620.9 630.9 640.6 650.4 662.9 669 680.7 685.4 692.5 689.1 687.4 684.5 679 671.3 661.2 651.6 637.2 626.9 546.3 487.8 454.9 436.3 427.5 422.5 425.3 425.4 428.7 428.7 423.9 417.3 404.9 377.6 345.7 322.9 304.1 284.3 261.5 244.1 233.2 210.2 187.9 173.2 159.6 146.4 130.9 123.8 122.4 122 120.9 120.7 119.7 119
513.8 525.3 528.6 531.2 526.3 522.2 520.3 520.4 521.3 518.5 528.9 540.4 548.4 557.2 562 569.5 575.6 587.5 588.1 591.7 592.4 592.5 592.9 597 603.1 608.9 618.4 629 638.8 649.1 657.2 666.4 676.4 681.9 686.9 688.5 687.9 685.6 679.2 669.9 664 646 641.8 636.3 614.1 542.8 486 442.9 426.8 421 414.2 413.6 415.4 416.1 416 413.9 409.9 405.3 375.5 337.9 309.6 285.6 265.9 246 222.4 209.3 191.2 170 155 141.7 132.3 124.5 123.3 122.3 121.8 121 120.8 120.3 119.5
502.2 519.2 528 530 527.7 525.4 525.6 531.1 528.9 519.8 519.6 535.8 546.4 554 562.9 573.2 579.7 589.1 596.4 602.3 603.9 604.1 606.3 608.4 611.5 617.1 623.9 634.3 645.2 651 663.1 671.6 687.1 682.4 687 687.3 687.3 683.5 673.6 662.5 648.3 630.6 579.7 585.2 552.8 493.1 458.7 429.3 415.4 408.4 406.6 403.2 404.2 408.9 409.2 406.9 397.9 384 365 330.4 300.3 272.5 248.2 227.9 208.5 189.9 168 154.8 139.5 126.7 124.6 124.2 123.9 122.5 121.6 121.3 120.6 120.6 119.9
485.7 506 521.6 528.9 524.5 524.3 528.9 540 534.6 520.5 515.3 525.2 542.3 554.4 565.6 576.7 584.5 596.3 610 613.5 615.3 621.4 616.9 617.6 619.7 624.6 632 641.1 647.6 653.7 660.9 674.9 678.8 683 685.7 686.4 685 678.9 663.4 635.9 607 584 551.3 537 512.4 464.3 439.2 415.3 404.7 397.9 393.9 394.8 395.6 400.1 400.1 397.3 389 379.7 348.6 318.5 290.3 264.1 238.1 211.2 193.1 172.6 156.6 142.5 129.9 125.8 125.4 124.8 124.2 123.6 122.8 121.7 120.8 121.9 128.6
446.5 484.5 499.9 513.7 519.1 517.7 519.3 530.9 521.9 509.9 497.6 509.6 539.5 558.2 570.3 580.8 590.3 601 614 622.9 625.2 626.8 631.5 627.8 629.2 633.2 636.8 644.8 652.4 657.5 665.7 671.8 679.9 683.1 682 683.4 682.5 675.9 637.6 605 575 553 528.8 500.2 472.7 445.2 422.2 406.8 396.2 390.3 391.3 392.4 390.1 391.8 393.4 397.6 389.8 367.6 341.3 314.3 279.6 247.5 223 198.6 178.5 159 141.6 135.7 127.5 126.6 125.4 124.9 123.8 123.6 123 121.9 122 128.2 137.8
413.8 437 469.4 483.9 494.5 501 500.5 501.4 492.6 479 477.5 506.9 536.8 562.4 577.7 587.4 602.3 609.9 618 631.6 634.3 644.9 641.4 636.5 637.7 639.5 643.1 651.2 659.2 664.2 669.3 675.8 677.1 681.2 680.2 678.3 673.4 667.8 625.7 581.9 550.6 524 500 477.1 455.3 431.9 413.1 399.4 390.1 387.1 386.1 388.1 386.6 389.8 389.1 377 366.8 354 327.4 302.2 280.7 251.5 217.4 191.5 170.1 151.7 136.4 132 128.1 127.2 126 125.7 124.6 124.6 123.8 123 130.6 135.4 150.1
386 410.3 437 448.9 459.7 477.2 482.8 473.2 459 448.4 474.9 503.8 537.8 565.2 582.5 595.9 606.4 616.6 624.1 634.7 641.8 647.6 646.8 644.6 644.5 647 651.3 657.4 666.6 672.6 675.6 679.4 682.6 682.2 679.8 671.7 640.6 637.4 598.6 562.6 533.2 502.5 479.3 456.5 439.7 421.2 408.9 396.6 388.8 387.2 386.9 386.5 386.1 386.2 381.4 376.3 367.3 349.5 326.5 306.2 275.4 241.1 206.2 181.5 165 146.3 134 128.6 128.3 127.7 128 126.6 125.7 125.5 124.5 131.3 143.2 150.1 168.1
361.9 379.7 396.6 409.7 418.6 446 442.6 441.2 426.3 442.7 475.5 507.7 538.6 567 587.8 602.1 613.3 625 631.5 639 646.8 652.4 653.3 652.6 653.3 656.1 661.6 669 675.6 681.7 686.2 688.9 688.1 687.1 681.5 669.6 638.5 592.7 574.1 541.5 521.9 485.4 462.1 444.9 426.2 416.9 404.4 396.7 389.6 387.7 387.6 387.5 388.6 387.4 384.1 379.5 369.4 353.8 331.2 308.7 279.2 244.2 213.8 189.1 165.5 144.1 132.3 130 129.9 129.1 128.1 127.5 126.6 126.8 129.4 139.5 154.4 169.8 185.8
334.2 353.1 366.1 375.6 382.3 393.2 401.8 404.4 410.2 439.9 472.5 503.8 534.6 563.2 588.7 605.3 620.7 631.2 641 646.6 649.5 655.8 659.7 663.7 663.6 666 672.5 680.3 685.4 691.6 699.6 698.3 694 688.2 678.8 652.4 620.1 581.2 544.9 520 492.3 469.7 450.7 434 418.3 409.3 400 396.5 394.2 388.4 388.1 388 388.8 388.7 387.2 385.8 372.2 357.5 338.9 316.1 284.7 248.7 216.6 190 163.9 144.2 131.7 130.8 130.1 130.1 129.3 129.2 130.8 130.5 137.3 147.2 166.9 186.8 204.2
324.1 331.5 340.6 345.8 350.6 360.2 368.9 380.4 408.6 437.6 465 493.2 521.8 550.8 581.6 609.4 624.9 641.3 651.4 655.4 656.8 658.9 664.7 672.4 676.8 681.1 686.7 692.2 695.5 700.3 708.7 705.4 697.7 688.4 676.2 631.1 599.2 563.7 532 505.5 481.1 460 439.4 422.6 410.9 403.6 399.5 395.6 390 389.4 388.6 390.3 391.7 395.9 399.6 391.2 381.5 368.3 348.6 323.4 289.8 256.4 224.7 195.7 167.6 147.4 133.1 132.4 131.7 131.7 131 136.1 142.3 152.2 151.7 163.3 177 198.6 219.5
309.2 313.6 319.5 318 324.7 340.8 356.8 379.3 399.9 423.5 449.8 478.5 507 535.3 564.8 595.4 621.4 646.2 654.9 664.3 663.1 664.1 669.7 677.7 683.8 690.5 695.7 700 703.6 706.9 709.4 707.7 699 689.8 673.6 621.3 582.3 549.8 519.9 492.5 469.5 449.5 432.9 419 407.8 400.7 396.9 392.5 390.7 389.9 390.7 392.7 402.1 409.3 408.4 405.5 396.3 379.2 354.4 326.2 293.5 261.8 231.8 203.7 175 156.1 137.4 132.5 133.2 132.9 134.6 148.1 159.2 164.6 168.4 180 192.1 207.4 229.9
299.8 303.4 309.5 321.5 331 339.7 344.5 361.5 385.5 407.8 434 461.4 488.9 517.4 547.8 577.2 608.3 639.3 657.5 664.5 664.5 666.4 672.1 679.5 687.8 696.3 700.1 705.5 709.2 711.4 711.6 707 697.6 672.9 638.3 599.3 565 535.2 505.5 480.3 457.4 440.7 426.3 415.1 403.8 398 394.9 393.1 391 391.8 395.6 404.1 420 435.5 436.5 429.8 425.5 405.4 376.3 334 301.7 266.2 232.8 201.3 177.7 157.9 143.1 135.7 134.6 134 136.5 145.4 156.4 167.2 178.7 188.6 203.9 219.8 237.9
298 304.6 309.1 312.3 323.3 345.3 354 352.3 368.1 391.5 417.8 445.1 471.1 499 526.3 555.4 583.3 616.9 654.4 659.4 661.4 664.6 671.5 677.6 688.1 695.5 701.1 705.9 711.4 714.8 711.2 706.9 695.9 662.3 620.3 586.6 553.8 522.4 491.7 465.5 447.6 430.5 418.3 407.9 401.3 397.2 394.9 393 393.7 398.3 408.1 424.3 438.6 456.1 467.5 463.2 454.7 425.5 391 349.1 311.7 279.5 246.3 213.1 183.2 161.6 149.4 137.5 135.7 136.3 140.5 143.7 156.2 168.6 181.5 195.5 211.9 224.8 247.8
297.3 301.6 307.1 311.8 315.4 339 360.2 363.8 363.6 377.1 401.5 427.7 452.9 478.4 505.3 533.3 560.4 603.7 635.4 647 653.5 657.8 666 673 683.7 691 698 703.1 708.1 712.6 711.7 706 689.3 655.6 608 575.6 540.4 510.5 483.9 458.6 438.1 423 414.8 408.8 408 398.9 395.1 394.2 400.3 411.7 426.6 443 462.5 497.5 514.3 507.8 485 450.3 404.5 355.7 308.7 272.6 242.2 214 187.5 165.4 149.7 143.2 136.8 139.2 146 151.7 160.7 173.5 187.7 199.8 217.9 232.4 254
304.1 306 310.8 310.3 316.5 326 349.7 371 379.1 379.6 387.2 410.4 434.2 459.5 485.5 511.4 539.5 566.4 610.5 627.2 641.7 648.1 656.9 665.5 674.1 681.4 689.7 696.4 701.6 707 706 701.3 685.8 640.3 607.9 564.9 529.7 501.1 476.6 454.6 435.1 425 418.6 413.9 416.1 407.6 404 406.5 417.3 432 450.7 467 499.3 535.6 543 512.4 481.2 448.3 396.4 356 311.1 270.3 232.2 204.5 187.1 169 155.6 145.4 138.6 139 149.2 154.9 164 176 189.7 202.9 219.6 241 259.9
312 317.4 328.6 327.2 316.9 325.4 339.8 363.7 387.7 397.2 393.6 398.6 419.8 441.7 469.2 494.5 518.1 544.2 572 605 623.4 635.9 647.2 657 664.1 671.8 679.5 685.4 689.1 694.1 696.9 693 679.6 645.2 607.8 579.5 527.4 498.8 472.1 454.7 441.3 429.3 421.4 417.1 423.7 421.2 422.3 430.5 449 460.5 477.2 505.9 537.3 557.2 534.8 503.4 468.8 432.4 400.1 356.7 312 269.4 230.6 199.3 178.3 161.7 151 145.9 140.7 140.4 152.4 154.7 166.7 177.5 192.6 206.2 223.8 244.2 265.5
332.3 330.2 341.1 342.4 332.4 323.2 336.1 357.2 381 404 413.4 414 410.7 427.1 455.7 478.7 501.4 524.8 550.5 576.3 604.9 623.1 637 646.9 653.1 659.9 668 672.6 679.4 681.4 684.6 683.9 668.7 642.5 612.7 568.5 532.5 499.1 474.8 460 450.2 440.9 423.4 425.1 433.2 448.3 455.2 465.5 477 502.3 512.3 546.2 567.1 554.8 527.9 495.3 461.2 426.2 389.5 353.7 317.9 270.3 236.8 196.3 175.7 157.5 149.9 144 142.2 142.8 147.3 155.9 170.7 185.1 197.2 211.3 229.8 249.3 270.3
351 344.4 348.7 352.3 344.1 334.7 329.8 350.2 372.3 394.7 417.1 432.3 438 430.3 442.1 466 486.9 510.9 534.7 558.6 586.7 612.2 626.3 637 644.5 651.3 658.4 662.7 668.9 672.7 673.6 672.1 661.2 636.8 600.8 569.6 538.2 503.2 485.8 468.7 456.6 446.3 436.4 442.6 449.3 463.5 479 498 514.4 540.4 567.4 579.2 579 555.1 524.2 490.4 459.8 427.6 392.6 357.8 319.7 286.9 247 209.8 183.5 166.2 153 145.5 144.1 143.2 146.5 156.3 174 185.6 202.5 220.1 236.6 255.4 276.8
371.3 363.3 361.6 361.6 355.9 349.9 338.7 339.8 363 389.8 413.7 436.1 452 459.7 455.9 461.4 496.8 525.9 550.5 572.3 593.4 607.4 617 628.1 635.3 643.2 651.5 656.2 660.7 662.9 664.7 664.6 657.3 630.3 596.3 566 539.5 510.8 496.5 477.3 460.5 456 462.8 478.1 479.5 481 499.3 523.8 558.9 587.7 608.7 611.7 589.7 552.9 520.7 488.8 455.7 423.1 390.5 354 317.2 280.9 250.9 217.2 196.1 174.2 162.2 155.1 146.5 145.3 148.6 158.5 174.8 193 208 225.4 244.5 263.8 283.6
394.5 387.2 383.1 378.1 371.6 363.7 352.6 342.1 350.8 380.2 405 432.3 455.3 476.1 490.3 493.9 494 522.7 548.4 572 588 604.1 613.9 621.5 627.7 636 643.7 648.7 653.1 656.4 657.4 659.2 652.3 624.1 595 562.2 539.9 515.5 499.9 481.8 465.8 467.5 479.7 503.9 521.1 518.1 524.7 544.8 583.1 619.7 638.6 628.7 601.9 554.6 517.6 485.9 453.6 418.4 383.4 347.9 311.3 278.9 248.5 220.8 200 183.3 167.2 158.5 150 148.3 149.9 161 174.8 193.5 211 231.1 251.5 272.5 294.1
420.9 406.1 404.4 399.7 392.5 381.9 367.9 359.8 350.6 371.9 397.6 422.3 449.3 475.2 498.5 513.7 521.7 519.4 543.4 566.7 583.7 597.4 608.5 617 624.4 632.9 638.9 643.1 648.2 652 654.1 655.9 645.8 626.5 603.5 570.2 547.9 516.9 498.4 486.3 474.7 483.4 502.9 522.1 535.7 544.7 558.9 576.6 605.4 634 642.7 635.3 606.9 561.3 526 493.7 456.2 418.5 383.5 348.8 311.9 277.2 248.3 221.4 196.1 177.7 168.7 162.4 152.3 149.4 156.5 168.1 178.2 202.6 215.1 239.8 259.2 283 306.9
443.9 431.4 428.3 420.7 411.3 397.7 385.5 375.9 363.4 364.1 387.6 412.9 439.4 467.7 492.2 516.5 534.5 544.3 538.8 557.5 576.8 594.3 604.1 611.2 619.1 626 632 639.9 646 652.2 654.6 657.5 644 613.3 591.4 568.7 551.3 521.8 503.3 493 484.9 495.6 516.3 538.1 547.3 568.1 601.2 620.1 631 638.9 643 632.7 600.9 563.3 529.5 493 456.1 420.9 385.1 348.3 311.7 277.3 246.5 220.4 194.4 181.1 171 163.8 153.7 149.7 156.9 168.5 183.9 206 222.4 247.8 267.3 292.4 319.6
471.6 460.2 453.8 442.7 430.8 418.8 406.3 390.1 373.5 383.2 376.8 401.8 430.4 458.3 482.4 511.9 540.9 564.4 564.2 558.9 559.1 573.1 588.7 600.9 611 618.3 625.9 633 643.4 657.3 661.3 658.8 641 610.6 581.7 561.5 543 526.7 512.7 505.1 494 508 526.3 544.8 563.5 592.1 616.9 630.4 641.3 641 642.7 626.4 600.2 558.3 518.1 489.7 456.9 421 385.2 348.4 314.6 277.5 246.4 217.7 193.6 183 175 164.7 155.7 151.7 159.1 166 187.4 210.5 231.6 255.8 279.7 304.9 333.4
497 484.3 477.6 464.8 453.3 439.3 425.4 406.4 389.5 385.8 397.3 395.4 422.2 448.7 476 503.2 532.8 560.5 579.1 581.3 585.3 585.6 590.7 594.7 605.5 611.8 621.6 630.2 643.2 658.5 674.6 672.4 647.8 611.4 580.1 557.8 544.2 531.7 523.4 511.3 507.6 519.9 534.9 553 577.7 608.7 625.7 634.3 639.1 640.8 632.6 621.9 599.4 566.2 532.7 490.9 448.4 404 372.8 345.4 312.4 279.1 247.6 220.8 197.8 186.4 173.8 166 158.3 156.7 165.6 169.7 187.2 212.7 237.7 263.8 292.2 333 354.2
515.7 508.6 498.9 487.4 473.7 461.5 444 424.8 407.6 394.3 411.6 405.5 414.1 440.1 466 494 523.5 553.8 578.4 587.5 596.5 600.4 599.4 603.8 607.1 613.8 622.4 635.2 651.4 667.2 680 685 666.3 624.8 594.6 566.5 553.3 540.1 530.4 523.7 524.8 534.3 547.2 566 591.7 610.9 623.5 630.9 635.6 634.5 625.4 608 593.2 566.4 533.5 501.3 465.2 423.3 382.1 346.2 312.3 278.2 245.4 217.5 198.9 188.3 177.5 164.7 158.4 161.9 164.5 177 191 216.5 242.4 270.7 303.6 342.2 378.9
534.1 531.1 519.1 507.7 495.2 481.8 463.3 442.1 425.7 410 419.2 429.3 420.8 428.7 458.6 485.7 511 538.9 567.6 585.2 601.6 606.7 612.6 615 618 623.8 630.8 648.4 663.3 678.4 690.3 692.2 666.7 634.1 608.1 584.6 572.1 554.3 545.1 539.6 539.5 544.7 560.8 583 600.9 614.1 622.1 626.8 630.4 626.9 619 601.6 561.4 552 528 500.3 463.8 428.5 390.3 352.5 309.4 275.7 242.7 215.1 200.3 189 174.6 164 160.8 168.3 167.1 186.1 196 217.7 247.1 283.5 321.9 379 407.8
