ny/ny99_OST50GRID_20230518/NY99.asc
ncols 200
nrows 200
xllcorner 390000
yllcorner 590000
cellsize 50
[rows 140 to 174 of 200, columns 0 to 77 of 200]
183.2 183 184.4 186.8 189.2 191.2 192.8 194.1 195.1 194.6 193.4 192.9 192.4 192.9 192.8 196.7 199.5 200.5 199.2 197.7 196.8 197 196.7 196.3 195.9 195.4 194.5 193.7 192.2 190.7 189.4 188 186.6 184.3 181.1 177.3 169 170.1 166.7 163.5 161.2 159.3 159.6 159.5 159.7 161.6 163 163.7 162.6 159.5 161.3 163.1 162.2 160 159.2 160.4 160.6 162 160.5 159.3 158.6 159.1 159.3 159.5 159.9 160.4 160.1 160.4 160.7 160.9 164.8 166.6 164.1 162.9 162.2 161.8 162.4 162.2
182 181.6 182 183.4 186.5 189.8 192 194.3 195.4 196.4 196.1 195.9 194.5 193 192.1 193.1 195.8 199.1 198.7 196.7 195.5 195.8 195.9 195.7 195 194.3 193.3 192.2 191 189.7 188.4 187.1 185.6 183.2 180.6 176.9 171.7 165.2 161.3 158 157.6 154.8 156 156.3 158.2 159.4 158.7 159.7 158.4 158.1 158.2 158 158.1 157.5 157.5 157.6 157.5 158.8 158.2 158.3 158.5 158.6 158.7 159 159.4 160 159.7 159.8 160.5 160.9 164.1 164.4 162.2 161.3 161 161.7 161.7 161.6
181.2 180.9 181 181.4 183.1 186.2 190 192.9 195.4 197.2 198.3 197.8 197 195.1 193.4 191.4 191.6 193.4 197 195.5 193.8 193.6 193.7 192.8 192 190.8 190.4 189.8 188.5 187.3 185.9 184.5 182.7 180.6 177.5 173.5 168 160.4 156.3 153.1 153.9 155 153.9 154.9 154.7 155.6 157.1 156.6 156.8 157.2 157.3 157.2 157.5 156.9 156.9 157.7 157.6 157.3 157.9 158.2 158.5 158.6 158.6 158.8 159.1 159.6 159.1 159.4 159.7 160.6 161 161.1 161.2 161.1 161.1 160.7 161 161.4
181.6 180.7 180.4 180.6 181.6 183.9 187.1 190 193 195.7 197 198.2 198.2 197.1 195.8 193.8 192.2 189.8 191.2 190.5 190.4 189.8 189.3 188.4 188.1 187.5 187.1 186.3 184.4 182.8 181.7 180.7 179.6 177.1 173.1 167.3 161.5 155.7 153.3 153 157 159.6 161.1 160.2 158.4 156.9 157.5 159.8 157.5 158.8 160.1 158.4 160.6 159.9 157.9 157.1 158.7 159.5 157.1 158.3 158.5 158.5 158.7 158.9 158.4 158.1 159.5 159.6 159.5 159.9 160.2 160.2 160.2 161.3 162.3 162.5 161 161.7
180.6 180.1 180.1 180.5 182.1 184.2 186.6 188.9 191.5 193.7 195.2 196.1 196.3 195.6 194.3 193 191.5 188 189.4 189.3 188.1 187.2 186.9 185.8 184.4 183.6 183.3 182.3 180.4 178.8 178 176.7 175 171.5 167.2 161.2 155.7 153 151.6 155.9 158.6 162.4 164.8 164.6 162.5 160.2 160.6 161.4 163.3 165.4 165.4 164.4 165.2 165 161.5 161.7 162.7 161.5 159.6 158.3 158.5 157.8 157.4 158.8 159.2 159.6 158.8 159.5 159.9 161.7 165 165.2 161.4 161.2 162.4 163.5 163 161.9
179.1 179.6 180.4 181 182.6 184.7 187 189.2 191.7 193.6 194.9 195.5 194.1 193 192 191.1 189.4 186.7 188.2 187.6 185.8 183.9 182.4 181.8 181.2 180.4 178.8 178.1 176.4 174.9 174.2 173.2 170.3 166.6 161.9 157.9 152.5 151.5 155.7 158.7 161.3 163.8 165.4 166.3 166.4 166.9 166.3 164.6 168.4 169.5 170.5 168.9 168.9 168.1 165.3 166.5 167.8 162.9 160.1 158 158.4 158.1 158.8 159.1 159.4 159.4 159.4 159.6 161.5 164 166.7 165.5 162.7 161.9 164.1 166.2 165.4 167.1
178.3 180.2 181.9 181.4 181.5 184.4 187.1 189.4 191.3 193.1 194.3 194.6 193.6 192.2 190.6 188.9 187.9 184.8 186 184.2 182.8 180.9 178.8 177.3 177 176.9 175.6 173.9 172.6 171.9 170.2 169 165.4 161.6 158.7 156.3 152 152 157.2 160.5 163 164.8 166.1 166.9 167.7 169 167.9 165.4 166.8 169.8 171.5 170.7 168.3 167.6 169.8 169.5 168.8 165.2 161.3 159.2 158.5 158.2 159.4 159.3 159.3 159.4 159.6 161.4 166.1 168.6 166.4 165.4 165.6 167.5 171.6 173.2 171.7 170.6
176.5 180.6 181.4 181.9 182 182.4 185.5 187.8 189.8 191.7 192.4 192.3 191.3 189.6 187.6 186.2 184.5 182.2 183.2 182.1 181.4 180.1 177.6 174.9 174 174.7 172 169.9 170.5 165.6 164.6 162.1 159.9 157.9 155.9 154.7 150.8 154 159.9 162.7 164.3 165.7 167.3 168.6 169.7 171.5 167.2 166.3 165.8 167.6 170.4 169.5 167.9 168 169.6 170.1 171.9 168.9 165.4 161.5 160.5 159.9 160.7 160.9 160.5 160.5 161.6 165.3 168.6 168.5 166.5 167.8 173 176.8 180 180.7 179.6 175.8
178.6 176 180 180.7 181 181 182 183.2 183.8 185.3 186.4 187.1 187.4 186.9 185 183 180 179.5 179.4 179.1 179.6 179.7 177.6 174.8 170.7 169.8 166.6 164.3 162.2 159.3 157.7 156.5 155 153.9 153.1 151.1 150.8 157.7 162.8 165.7 166.2 167 169.6 172 173.1 172.5 169.4 168.2 169.3 171.4 170.7 169.3 168.7 168.9 169.4 171.5 173.5 171.8 168.3 165.5 165.6 165.3 162.7 162.6 163.2 165.1 167.7 170.8 172.5 169.2 170.3 175.3 178.4 182.3 185.2 186.6 183.4 182.4
181.5 180 172.9 183.6 184.3 183.3 181.8 180.5 179.8 179.2 178.4 177.8 178.6 179.6 178 176.9 173 174.7 174 173.3 174 173.7 172.8 170.6 165.2 163.9 159.6 156.7 157 155 151.8 149.2 149.2 148.8 150.2 149.4 151.2 160 166.4 169.4 168.6 170.1 172.7 174.8 176.3 174.6 172.7 175.2 176.5 177 176.1 173.6 171.3 170.5 172 176.2 178 175.7 171.6 169.9 171.3 168.7 166.1 165.6 166.3 168.8 173 175.8 176.2 176.5 178.3 182.6 179.7 186.3 190.2 191.4 187.8 188.8
183.6 182.4 173.2 180.9 183.5 183.3 182.4 180.2 178.4 177.2 175.3 173.8 172.3 171 169.8 168 163.6 166.6 165.8 164.7 165.1 165.4 165.3 163 159.3 156.3 155.5 154.6 151.3 148.8 149.4 150.3 153.2 152.7 151.3 152.8 156.6 165 170.1 172.6 172.7 176.6 180.2 182.6 183.3 180.9 179.2 180.5 181.5 181.7 179.3 176.6 173.7 173.7 176.6 182.2 182.8 178.8 176.8 178.6 178.5 174.1 171.9 171.8 171.2 174.4 179.5 182 184.1 184.9 186.9 189.4 188.1 191.6 194.2 195.4 191.3 194.3
184.1 183 175 180.3 181.6 180.4 179.1 176.8 174.6 173.6 171.9 170.4 168.5 167 165.3 163.2 159.4 159.7 159.1 158.1 158.2 158.3 156.9 153.7 151.4 152.3 149.7 147.3 151.5 153.9 154 154.8 153.5 152.9 153.3 155.3 159.4 167 172.7 175.8 177.7 182.7 187.4 190.3 189.9 186.7 186.3 187.6 188 185.6 183.2 179.3 177.7 177.9 182.8 187.9 186.5 184.8 185.4 186.2 184.4 180.7 182.2 182 180.8 182.7 185.5 187.7 189.8 190.2 192.6 193.3 193.5 193.4 196.2 196 195.5 199.2
182.3 181.6 177.1 174.9 179 176.6 174.9 173.1 170.6 168.9 167.5 165.4 164.5 163 161.1 158.9 156.9 154.6 154 153 149.8 148.8 148.4 148.1 148.2 148.2 147.2 151.2 153.1 153.7 153.9 153.7 152.7 152.8 154.8 158.2 162.6 168 174.5 178.4 181 184.5 189.1 193.6 193.3 192.1 192.8 194.3 192.7 189.4 187.4 184.9 183.7 184.6 190.4 193.2 191.3 189.9 190 190.6 188 189 188.8 188.1 188.8 190.1 191.7 193.7 195.2 195.1 195.8 195.9 198.1 197.8 199.3 199.9 199.7 202.2
177.6 177 174.1 164 174 173 170.8 168.3 166.3 164.6 162.8 160.6 159.4 158.8 156.8 154.8 153.9 151.8 150.3 151.2 148 147.6 147.6 147.8 148.1 147.4 147.9 147.7 149.1 150.9 152 152.8 152.8 153.8 155.5 161.2 166.2 171.1 177.3 182.4 185.3 187.4 190.8 197.8 197.8 198.5 199.4 199.7 197.3 193.7 191.2 190.5 192.7 196 196.8 196.4 195.4 194.6 194.3 193.4 192.3 195.2 195.6 193.9 195.5 196.3 197.3 198.3 199.8 201.8 203.6 203.8 203.3 201.7 203.1 204.3 203.9 204.7
172.5 173.5 172.3 166.2 163.7 166.4 164.7 162.7 160.8 158.9 157.3 155.4 154.6 153.3 152.3 151.6 150.8 149.3 148.4 148.7 147.1 147.3 147.7 147.1 147.6 147.4 147.7 146.9 148 149.8 152 153.6 153.4 154.7 157.2 162.8 167.8 172.8 180 187.5 191.9 193.5 196.3 200.5 202.3 204.7 206.6 205.7 203.1 198.5 194.4 196.1 198.6 201.4 202 201.5 200.7 198.9 197.4 196.5 196.9 199.3 199.9 199.4 200.1 202.7 203 203.2 204 204.5 204.6 204.1 204 202 204.2 205.2 205.7 206.3
167.8 167.7 166.6 164.2 154.8 159.1 159.2 158 156 153.8 152.4 151.1 149.9 148.6 149.1 148.6 149.2 148.2 147.5 147.3 146.7 146.8 147.1 147.5 147 146.5 147.5 147 148.6 150 153.1 153.7 153.6 156.2 158.9 163.6 169.8 174.6 180.1 190.5 196.1 198.4 201.1 204.3 208.5 208.7 209.8 209.6 207.2 203.7 199.7 203.4 204.9 205.8 206.3 205.9 204.4 202.2 200.2 199.3 201.2 202.9 203.5 203.2 202.6 205.8 207.3 208.2 208.3 207.3 204.9 204 203.8 204.2 205.4 205 205.7 206.2
163.7 162.4 160.5 159.3 156 153.8 154.4 153.2 151.2 149.7 149.4 148.8 147.5 146.9 146.6 146.1 146.3 146.2 146.4 146.8 146.5 147.4 147.2 147.2 147.2 146.3 147 147.3 150.2 151.2 153.1 153.8 154.4 160.1 162.8 163.9 171.7 177.6 181.9 190.8 198.6 202.4 203.1 209.9 214 212.3 211.1 211.8 210 206.2 208.6 209.9 209.8 210.6 210.9 209.9 207.7 205.6 206.1 202.7 206.7 207.4 207.5 207.2 206.5 206 208.8 210.8 211.4 208.8 206 204.9 205.1 206.4 206.8 207.6 207.2 206.7
161.2 159.5 157.3 155.4 154.1 150.9 149.7 148.8 147.8 147.4 146.8 146.4 146.4 146.1 145.7 145.6 145.7 145.8 145.9 146.5 146.3 146.9 145.5 146.9 146.5 147.2 146.8 150.1 151.3 153.5 154.1 155 156.3 161.6 165.1 167 172.4 178.8 187 194 199.1 204.1 206.6 210.7 217.7 214.7 213.3 212.8 211.9 210.3 210.3 213.4 213.6 215.2 215.6 213.9 209.6 210.2 211 209.7 211.5 211.4 211.4 211.3 210.6 210.2 211 212.1 213.2 211.7 209 207.5 209.1 210.9 210.6 210.6 209.8 208.6
160.9 158.4 156.7 154.2 152.8 150.4 149.1 148.3 147.4 146.5 146.3 146.1 146.1 145.9 145.4 145.5 145.7 145.8 145.8 146.2 146.5 145.9 147.4 149 149.6 149.9 150.2 152.7 154 155 156.4 158.2 160.8 165.7 170.5 174 176.5 179.4 185.7 193.5 198.2 203.3 206.8 207.6 213.1 214.2 212.9 213.1 212.7 212.2 211.6 213.7 216.8 218.5 219 217 216.2 215.2 213.6 216.1 216.4 217 216.9 217 216.5 215.6 216.3 217.2 218.1 217.3 215 214.8 216.1 215.1 213.8 213.9 215 215.2
159.8 157.5 156 153.7 152.1 150.3 148.7 147.9 147 146.4 145.5 145.4 145.2 145.4 145.1 145.3 145.6 145.8 145.9 146.3 146.4 146.7 147.2 149.6 148.8 148.6 149.8 151.8 152.2 153.1 156 160.1 164 169.9 175.4 178.9 180.8 182.7 185.8 193.1 198.5 203 206 206.3 206.6 209.6 210.9 211.6 212.7 212.6 212.4 213.7 218.8 222.2 222.9 220.8 221 220 219.5 221.8 222.2 222.7 223.8 223.3 223.5 223.7 223.4 224.5 224.6 224.3 225 223.9 224.1 221 218.7 220 221.2 221.1
158.9 156.4 153.5 151.3 150.2 148.7 147.2 147 146.7 146.2 145.7 144.9 144.8 144.9 144.9 145.2 145.5 145.7 146 145.9 146.2 145.3 147 147.4 152.3 150.1 151.7 152.7 152.9 154.5 158 160.9 166.4 172.8 178.4 182.7 185 187.5 191 195 198.4 202.4 206.2 206.3 206.7 207.8 208.4 209.3 210.3 211.8 212.8 215.2 221.3 226.3 228.7 227.2 226.7 226 227.2 229.8 232.8 235.6 236.5 238.1 239.1 238 236.7 236.2 236.3 236.1 235.9 236 234.4 233 225.3 231.3 231.2 229.1
158.6 154.2 150.8 148.8 147.9 146.9 146.4 145.9 145.9 145.3 145 144.8 144.7 144.6 144.7 145 145.3 145.6 146 146.2 146.3 146.3 146.9 149.2 150.8 154.1 154.5 155.1 155.2 156 158.3 161.2 167.4 174.6 180.7 186.3 191.4 194.5 195.3 198.6 200.2 203.6 205.8 206.6 206.4 206.8 207.7 208.4 208.9 210.2 211.7 215.8 221.9 229.2 229.8 230.7 230.2 232.4 235.8 240.6 250.2 255.2 256 255.7 254.9 250.6 247.7 246.8 247.4 246.9 245.3 244.5 244.1 242.7 233.2 240.5 240.3 240.2
159.9 155.7 150.4 147.7 146.6 146.4 145.7 145.2 144.9 145.1 144.9 144.5 144.5 144.5 144.5 144.8 145.3 145.7 145.8 146.5 146.2 147.5 149.9 152.6 154.4 156 157.3 157.6 157.8 158.3 159.6 163.1 170.3 177.4 185.1 191.7 197.8 197.8 197.8 198.7 200.2 200.5 201.2 203.3 204.7 206.7 208.4 208 207.6 208.6 210.9 214.2 218.5 224.9 228.5 228.3 230.7 231.3 237.4 242.2 249.8 253.4 253.4 253.5 250.6 249.8 250.4 249 251.5 251.4 252.4 248.1 245.3 243.7 239.3 243.3 245.2 244.9
160.3 155 149.7 147.6 146.4 145.8 145.1 145 144.5 144.4 144.2 144.1 144.2 144.2 144.6 145 145.4 145.8 144.5 146.6 149 151.2 153.9 156.8 158.5 159.8 161.9 161.7 162.1 162.8 164.3 171 178.1 185.4 188.5 193.6 197.9 197 197.7 198.2 198.8 199 197.4 198.2 198.9 201.3 205 207.3 206.9 207.8 208.9 209.8 213.1 216.4 220.1 224 226.6 227.9 232.8 237.9 243.4 248.7 247.3 248.1 248.3 249 249.9 249.4 247 248.1 250.9 247.1 244 243.3 241.9 238.1 240.7 244.3
159.2 154 148.8 146.6 145.4 144.5 144.1 144 144.1 144.1 144 143.9 144.1 144.4 144.8 145.3 145.6 145.8 147.5 150.6 153.6 156.9 159.9 163.1 165.7 167.1 167.9 166.5 168 169.6 174.4 179.8 183.9 186.2 187.4 189.3 191.9 196.9 198 197.1 197.9 198.5 196.5 195.2 194.8 194.6 195.3 199.3 201.3 204.8 206.8 208.2 209.8 211.7 213.2 216 219.9 222 225 229.3 232 236.2 240.7 242.9 244.3 243.4 242.9 242.2 243.4 244.1 244.4 242 239.8 238.7 237.8 237 234.6 238.5
154.7 151.2 147.6 145.3 144.4 144.2 144.1 143.9 143.9 143.9 143.9 143.9 144.2 144.7 145.1 144.2 145.1 146 147.6 152.7 157.4 161.1 164.8 168.1 170 170.8 171.3 170.6 169.6 173.6 178.6 182.9 185.8 188.3 189 189.5 189.8 195 197.6 193.4 190.1 192.2 193.2 192.2 193.4 193.5 192.9 191.8 193.3 197.5 201.1 204.1 206.6 208.7 209.8 210.6 211.5 214.6 217.7 221.3 224.6 227.8 230 232.7 236.5 236.5 235.6 237.5 241.8 241.3 238.3 236.2 235.1 233.2 232.3 231.7 230.9 232.6
149.8 146.8 145.7 144.4 144.3 144.2 144.1 144 144 144.1 143.8 143.9 144.2 144.9 145 144.6 145.4 145.4 146 148.7 153 158.1 162.6 167.4 170.2 169.9 170.4 170.2 173.6 173.4 175.7 180.9 183.7 185.8 188.6 190.3 193.3 195.8 194.5 191.2 186.5 186.2 186.4 186.4 188.9 189.7 190 190.5 190.2 193.3 196.4 198.2 200.6 202.8 204.7 204.6 204.9 206.2 210.4 213.9 218.2 221.2 224.3 227.3 229.9 227.8 229.1 233.6 239.4 239.7 236.5 234 231.7 229.7 228.1 227.6 226.7 227.5
146.9 145.5 144.4 144.3 144.1 144 143.9 143.9 144.1 144.2 144.1 143.8 144.6 144.8 145.1 144.3 145.3 145.4 145.5 146.9 149.6 154.9 160.2 164.8 168.4 169.4 169.1 168.7 169 171.1 173.6 176.7 180.1 183.7 186.7 189 189.7 190.7 189.1 188 185 184.5 184.3 182.3 183.1 184.7 185.7 186.9 189 191.4 194 194.6 195.5 196.7 198.1 197.9 198.9 201.4 203.3 206.8 209.3 214.7 218.9 223.1 223.5 218.9 218 225.7 232.4 234.8 233.9 231.7 229.4 224.1 223 223.2 224.1 224.6
144.9 144.5 144.4 144.3 144.3 144.3 144.1 143.7 144.1 144.3 144.4 144 144.3 144.8 144.7 143.6 145.1 145.1 145.4 146.2 148.2 150.1 156.2 161.3 165 167 167.3 167.4 166.6 167.1 168.3 170.5 172 177.2 180.8 185.2 186.9 187.6 187.8 185.1 182.8 183 182.6 180.8 181.8 183.1 184 186 188.9 191.1 191.9 192.6 193.3 194.7 194.2 192.5 193.6 196.5 199.2 201.5 202.3 204.7 211.5 218.6 217.1 212 211.6 217.6 224.4 228.3 231.8 229.8 218.4 226.2 226.8 225.1 223.7 225.2
144.9 144.5 144.3 144.2 144.2 144.2 144.3 144.3 143.7 144 144.5 144.6 144 144.3 143.6 145 145 144.9 145.6 146.4 147.2 149.4 153.3 159 163.6 165.8 166.8 166.7 166 164.2 165.7 166.3 167.2 170.3 173.6 177.8 182.2 182.1 182.5 182.1 181.8 181.4 181 179.5 181.6 181.9 182.5 184.7 187.7 189.4 189.5 189.6 192 192.4 191.1 189 189 190.7 192.8 194.9 196.2 199.8 205.8 213.8 210.5 203.8 207.3 213.3 214.4 214.6 224.4 224.3 227.2 230.2 229.3 228.4 227.2 227.4
145 144.5 144.3 144.2 144.2 144.2 144.2 144.3 144.1 144.3 144.4 144.3 144.9 144.9 145.2 145.1 144.9 145.3 145.8 146.6 147.3 149.1 152.5 158.3 162.6 164.2 164.6 164.4 162.3 158.9 159.8 161.6 162 163.7 167.9 173.8 179.5 184.1 185.3 184.3 181.5 180.2 177.9 177.2 178.4 179.3 180.7 182.9 184.2 185.6 186.7 188 190.5 190.6 188.5 185 186.2 187.5 189 190.6 192.6 196.4 202.7 209.7 210.5 202.1 203.6 203.1 216.1 223.3 222.1 227.3 230.1 231.5 233 232 231.6 232.6
144.9 144.5 144.3 144.2 144.1 144.2 144.3 144.3 144.1 144.7 144.6 143.6 144.6 144.7 145.2 145.2 145.3 145.6 146.2 147 147.7 148.7 151.8 155.1 158.5 158.7 157.3 157.9 154.4 155.1 156.4 156.3 158.1 160.2 163.4 170.2 177.2 181.9 185.6 185.3 182.2 178.9 173.5 173.4 174.7 176.2 177 176.8 177.6 177.3 179.8 182.7 184.5 186.3 184.1 187.6 186.6 187.3 188.4 189.6 191.4 192.1 195.4 204.6 205.7 199.2 201.2 207.6 215.1 221.5 226.8 231.1 231.9 234.4 235.6 234.9 235.7 238.6
144.7 144.5 144.3 144.2 144.1 144.3 144.6 144.5 144.5 144.4 144.7 143.8 144.7 144.4 144.5 145.3 145.7 146.1 146.3 147.2 147.8 148.5 149.4 150.5 151 151.9 157.6 160.8 159 161.3 163.6 164 157.9 159.3 160 163.9 168.2 173.7 181.7 178.2 178.3 170.5 169 170 171.4 172.7 174.3 177 179.4 185.7 189 188.9 181.1 188.9 189.3 190 188.6 187.1 188.3 189.6 190.5 192.1 194.7 194.6 196.7 198.2 202.8 210.1 217.2 222.7 227.8 231.9 232.2 236.9 238.7 238.6 238.7 243.2
144.7 144.7 144.7 144.6 144.4 144.6 144.7 144.6 144.5 144.5 144.8 143.7 144.7 144.6 145.1 145.8 145 145.5 146.5 147.3 147.7 148.1 149.2 154.3 158.8 161.2 162.2 164.6 163.6 164 165.1 166.8 164.2 166.3 162 163.4 169.2 169.1 165.9 167.9 166.6 169.4 175.9 175.2 173.6 173.1 176 180.9 183.8 188.2 192.2 190.1 185.2 191.1 191.6 190.1 189.8 191.7 192.8 195.8 198.1 200.5 203.9 205.7 203.3 199.4 204.4 212.1 218.4 223.8 227.9 233.1 233 238.4 240.8 240.3 241.4 245.5
145.2 145.1 145 145 144.9 144.8 144.7 144.6 144.5 143.9 143.3 144.6 144.6 144.4 144.6 145.1 145.5 145.9 146.6 147.2 147.9 148.6 150.6 155.1 159.1 161.4 163.1 165.1 165.1 166.3 167.8 168.5 168.5 168.7 167.9 169.2 174.7 181.1 182.7 184.9 181.8 172.5 177.1 178.1 177.5 177.8 181 184.5 188.6 191.8 193.4 192.2 191.4 193.3 193.9 192.3 198.4 202 204.3 210.9 210.7 208.8 209.9 208.2 203.3 205.5 203.2 212.7 220.3 226.4 232 233.8 237.7 238.2 242.8 242.8 244.4 248.4
