ny/ny99_OST50GRID_20230518/NY99.asc
ncols 200
nrows 200
xllcorner 390000
yllcorner 590000
cellsize 50
[rows 70 to 104 of 200, columns 0 to 77 of 200]
271.3 271.6 271.3 271.2 273.5 273.9 273.6 273 271.8 270.4 268.3 268.3 268.4 268.4 267.4 264.9 262.2 255.3 258.8 258.5 257.5 255.8 254.2 253.3 252.1 250.4 248.9 247.6 246.6 248.6 240.5 248.9 250.7 250.4 250.5 254.8 254.9 253.1 252 257.8 263.6 268.1 270.1 272.4 274.4 274.6 275.4 276.7 277.9 277.6 277 277 277.9 279.3 278.7 278.3 277.8 277 275 273.9 271 265.4 258.1 249.9 241.6 233.5 228.3 223.4 219.2 215.6 211.9 209.4 206.2 203.3 201.2 199.6 194.6 200.7
269.1 268.7 269.9 271.1 273.3 271.6 270.3 270.8 270.5 269.9 268.8 266.1 265 263.4 264.5 261.9 259.5 254.2 251.1 254.8 254.4 253.5 252.2 251.6 250.2 249.3 248 246.6 244.6 246.5 236.7 248.6 247.6 253.1 256.5 258 257.3 254.6 253.2 258.6 264.4 268.5 272.1 273.8 274.2 273.7 273.6 273.4 272.9 273.3 273.8 273.8 275.9 276.2 275.2 274.9 274.6 273.3 273 271.9 269.3 263.8 256.3 248.7 240 232.8 227.8 222.8 219.4 216 213 209.6 206.6 204.8 203.7 199.5 200.8 205.3
263.9 266.5 268.3 268.2 268.3 269 269.5 270.1 271.6 271.5 270.2 268.2 265.5 260.8 259.7 257.8 256.5 254.6 250.4 250.2 252.4 251.3 250.4 249.4 248 246.6 245.4 244.5 242 242.7 239.6 246.7 249.1 256.5 259.3 260 258.7 255.7 253.7 258.1 265.3 270.2 272.6 273.5 272.7 271.7 270.5 269.2 270.5 270.7 271.3 271.2 271 272.3 271.2 271.4 271.4 270.6 271.6 272 269.3 262.5 255.2 247.3 237.8 232.5 227.7 224.5 221.5 217.6 214.2 211.4 209.1 207.3 204.6 200.4 205.4 209.8
261.8 261.7 262.5 264.4 265.4 266.7 267.2 269.3 271.4 272.4 271.4 269.5 267.9 265.6 262.2 257.7 253.6 251.3 249.1 247 249.7 249 248.2 246.7 245.4 243.9 243.4 242.8 240.1 238.4 239.5 243.6 249.7 255.9 259.4 260.5 259.5 256.8 254.5 262.6 268.2 270.5 272 271.9 270 268.9 268.3 265.9 267.5 267.4 268.1 267.3 268 268.4 268.2 268 268.1 268 270.4 268.6 266 260 253.5 245.8 238.6 233.5 230.5 226.4 223.1 219.6 217.2 214.6 211 207.8 203.4 207.7 209.5 213.8
260.7 258.5 258.4 260.2 261.7 261.3 262.2 265.5 269.1 272.5 272.9 272 269 265.6 261.9 257.7 254.2 251.2 249.4 247.8 244.7 244.1 242.6 242.6 242.5 241.9 241.6 240.5 239 234.2 237.7 243 247.8 253.9 257.8 259.9 260.4 259.2 255.1 265.7 268.7 269.8 270.1 268.6 267.2 266.2 265.8 262.9 264.3 264 265.1 264.6 264.9 265 265.3 265.8 265 265 265.6 265 262.2 257.7 252.9 247.7 240.6 236 231.8 228.3 225.7 222.3 219.2 215.2 211.5 206.4 210.3 211.2 214.5 219.3
258.4 257 255.8 255.5 255.2 254.8 255.2 257.8 261.9 266 270.2 270.8 268.6 264.1 260 257.4 254.9 253.2 251.9 249.6 247.9 246.2 244.6 241.7 238.9 237.1 237.8 239.1 237.4 231.4 238 239.6 243.1 250 255.6 258.4 259.9 259 256.8 265.7 268.1 268.6 267.5 266.8 265.7 263.3 262.4 260.6 259.9 260.1 260.7 261.2 261.1 261.5 261.6 261.9 261.4 261.7 262 260.2 258.8 255.6 251.4 246.3 241.2 236.9 233.7 231.1 228.3 224.4 220.3 216.5 212.3 212.1 214.6 217.4 220.5 224.3
259.3 260.1 259.5 257.9 255.8 252.8 253.9 252.2 253.6 258.3 264 267 266.7 264.2 261.8 259 256.8 254 251.2 249.8 248.8 247.1 245.8 245 243.7 241.1 238.1 235.3 235 229.8 235.1 236.6 239.7 246.6 251.2 255.3 257.2 257.5 256.6 263.7 265.5 265.7 265.7 265.2 263.5 261.3 258.8 256.8 255.2 255 255.9 253.7 256.1 256.6 257.5 258.3 258.5 259.3 258.8 256.8 254.7 251.1 247 244.2 242.4 239.3 235.5 231.6 228.1 224.4 222.1 215.6 217.2 218.7 220.7 222 225.1 230.5
264.8 265 264 261.8 259 256.1 251.3 250.3 249.9 250.9 255.9 263.6 268.2 266.9 263.5 259.2 256.6 254.4 252.3 250.9 249.4 248.1 246.5 245.1 243.1 241.3 239.2 237.8 234.8 230.7 230.3 234.2 237 241.5 246.2 251 253.8 256.3 250.9 259.4 262.3 263 263.7 262.6 260.8 258.4 254.9 252.3 250.8 249.1 248.2 248.4 252.1 253.7 254 255.3 255.7 256.1 255.8 254.7 252.2 248.7 245.6 243.6 242.5 239.2 235.3 231.3 229 226.1 221 223.1 223.7 224.2 225.7 227.2 232.1 235.4
266.4 265.7 264 262.1 259.3 256.5 253.6 249.8 249 250 250.8 256 260.5 262.6 262.3 259.9 257.4 255.8 253.9 251.5 250.1 248.5 246.4 244.3 242.3 240.8 239.8 238.2 235.8 232 227.5 232.1 235.3 238.9 242.2 246.6 252.1 254.7 251.5 250.1 258.3 260.8 261.5 260.3 257.9 254.7 251.9 249.5 246.9 246 245 245.3 246.9 249.2 250.4 250.7 252.1 253 252.9 252 250.4 247.4 244.4 242.7 241 238.3 234.9 231.1 227.4 226.8 227.9 228.6 228.7 228.8 231.2 234.4 238.4 240.7
263.4 263.8 262.6 260 257.7 255.1 252.4 250.1 248.8 249.1 250.7 250.8 251.7 257.6 259 258 257 255.6 253.8 251.6 249.3 247.4 246.2 244.7 242.6 240.9 239.2 237.5 236 232.7 227.5 227.7 234.1 236.3 239.4 241.6 248.7 251.1 253.4 250.6 252.5 257 258.3 256.3 254.1 251.1 248.6 245.9 244.9 244 243.4 242.2 241.5 243.4 244.9 247 248.8 249.9 250.4 250.1 249 246.6 243.6 240.2 237.2 233.5 230.1 227.3 228.7 231.1 232.4 232.1 232.3 232.8 235.4 240.4 243 244.2
258.3 259.5 258.6 257.2 255.5 253.4 251.5 250.2 248.6 248.6 249.2 250.4 250.6 249.9 252.5 256.1 256.4 254.7 252.9 251.7 250.1 248.7 247.2 245.5 242.9 241.1 238.9 236.9 234.9 232.5 227.5 225 232.4 233.1 234.4 237.6 242.8 246.1 249.4 248.8 243.7 249.7 250.6 250.5 249.8 247.6 245.2 242.7 242.1 241.9 241.4 241 239.5 238.4 239.7 244.9 247.3 247.8 248.5 248.9 248.2 246.9 243.9 239.7 235.5 230.9 228.8 227.8 229.4 233.5 234.8 234.4 235.3 238.2 241.5 245.1 246.7 246.9
253 254.8 255 254.9 253.6 251.9 250.8 249.8 248.6 248 248.3 249.3 250 249.4 249 253.9 256 253.3 253 252.3 251.4 249.3 246.5 243.9 241.9 239.7 238.2 236.2 234.5 232 227.8 225.1 231.1 232.9 232.5 235.2 236.7 239.6 244.4 246.2 245.3 237.8 240.3 244.6 245.3 244.3 241.9 239.9 239.1 239.3 238.5 237.9 237.6 236 236.3 240.5 244 245 246 247.7 248.2 247.2 244.8 241.3 236.2 230.9 228.9 229.9 233.3 235.1 236.3 238.7 240.3 243.4 247.2 248.7 249.7 249.8
248.6 249.6 252.2 252.6 251.7 250.7 250.1 249.4 248.6 247.7 247.5 247.9 248.5 248.4 248.1 250.7 248.7 249.8 251.2 251.3 249.5 247.7 245.8 243.6 241.9 239.2 234.5 230.6 228.7 228 226.4 224.7 230 229.5 229.6 234.4 236.5 233.4 236.2 238.4 241.1 242.6 236.6 231.9 239.2 239.8 238.5 237.3 237.5 236.9 236.5 236.5 235.9 234.9 233.8 234.5 238.3 241.9 244.3 246.7 247.9 247.5 245.5 241.8 237.7 232.6 230.4 232.6 236 237.4 240.6 242.1 244 247.2 250.5 252.3 253.1 252.9
244.2 245.1 246.5 249.3 249.4 249.5 249.1 248.1 247.8 247.2 246.8 247 247.7 247.9 247.8 246.9 247.1 247.4 247.7 247.6 244.7 242.7 241.3 237.5 235.2 233.9 233.3 234.4 231.9 230.1 227.1 224 225.6 226.1 225.8 230.2 234.3 234.7 230 232.1 234.1 236.4 236.4 232.1 226.4 235.4 236.1 235.2 235.8 235.6 235.2 235.5 234.9 233.4 232.4 232.1 234.6 239.6 243.1 245.7 247.1 247.3 246.1 242.6 238.9 234.1 232 233.6 238.5 240.9 243.1 244.7 247.1 250.9 254.2 256 256.7 256.1
239.6 240.2 242 244.5 245.6 245.4 245.3 245.6 245.9 245.6 246.9 247.4 247.8 248.6 248.7 247.4 245.8 245.4 244.9 243.7 243.7 247 245 246.3 243.3 241.4 238.5 235.7 233.7 232.3 230.6 227.6 222.5 227.5 224.2 224.9 228.1 230.5 229.4 225.9 225.9 229.9 231.2 232.3 225 231.5 232.6 233.2 233.7 233.9 234.4 234.4 234.1 233.2 231.9 231.2 232 235.7 240.8 244.2 246.2 246.9 245.7 243.6 240.5 236.5 236.5 239.3 240.5 242.3 244.8 247.1 251.3 255 258.6 259.9 259.8 260.2
235.5 235.2 237.6 238.4 239.2 241.4 240.9 242 245 245.8 248.7 247.9 247.6 247.9 247.6 246.9 246 247.4 246.4 246 250.8 251.5 249.9 248.3 246.3 242.7 239.3 236.9 234 232.8 232 229.7 223.1 224 227.6 225.2 221.1 223.9 225.6 222.9 223.3 223.4 224.9 225.8 223.8 223 227.6 230.6 231.4 231.4 231.9 233.2 233.7 233.2 232.1 230.3 230.6 232.2 236.8 241.9 244.2 245.9 246.3 244.6 242.3 239.5 239.7 240 242.3 244.5 247.5 250.8 254.5 258.3 262.4 263.7 264.2 265.3
233.1 232.6 234.1 234.5 235.5 236.6 238.8 247.3 247.5 246.4 246.6 243.4 243.1 244.8 246.2 247 248.3 248.4 247.3 249.1 252.9 252.5 251.3 249.3 245.8 242.4 239.7 237.3 235.8 234.4 232.9 231.3 228.4 220.9 220.4 219 218.3 218.1 220 220.5 218.8 219.4 219.8 220.5 221.5 220 220.6 225.3 228.1 228.4 229.5 231.1 232.1 231.9 231.4 229.8 230.2 230.7 234.1 237.9 241.5 244.3 244.8 244.7 242.8 241.3 241.7 243.3 244.6 247.1 250.2 255 259.5 262.9 265.9 267.1 268.3 267.9
232.6 231.5 231.9 233.2 233.3 233.1 235.5 240.5 242.6 246.4 245.1 241.5 241.2 243.4 245.8 248.1 249.3 249.4 248.6 249.4 251.4 252.9 252.1 250 247.5 244.7 242 239.4 236.7 234.4 232.5 231.4 230.4 228.4 223.4 222.5 218.4 216.5 216.3 216.8 217.1 216.9 216.6 217.3 217.9 218.3 217.4 221 223.4 222.9 225.8 227.9 228.6 227.4 228.7 229.5 229.9 230.1 234 238.1 240.6 243.1 244.1 244.2 244.1 243.7 243.8 244.3 246.6 249.7 254.5 260.2 263.4 267.1 269.6 270.2 270.1 268.9
232 231.1 230.5 231.5 231.3 231.9 234 236 237.3 237.5 237.1 237.4 238.3 241.4 245.7 248.4 250.7 251 251.3 251 250.9 254.3 253.8 252.6 251.1 248.1 245.4 242.9 240.4 238 235.4 233.4 231 228.6 226.9 224.3 221.7 219.4 216.2 215.6 215.6 216.1 215.3 215 215.9 216.7 215.6 216.2 218.9 219.3 223 226.4 226.8 230.7 230.9 230.6 230.3 230.6 234.7 238.3 241 244.2 246.1 247.2 247.3 246.7 246.6 246.8 248.4 253.5 260.1 264.4 266.6 268.7 269.7 270.4 270.5 269.3
230.2 229.6 229.3 229.1 229.8 230.8 232.3 234.2 234.4 234.4 234.2 234.1 235.9 239.8 245.5 252 254.2 254.3 253.1 255.6 254.2 257 257.8 256.5 255 253 250.8 248.1 245 241.4 238.2 235.7 233.3 230.2 227.4 225.1 222.8 220.2 219 216.3 214.3 213.9 214.5 212.8 211.9 211.7 211.2 213.8 214.4 216 220.6 222.9 224.6 228.9 231.6 231.7 230.9 230.9 232.9 237.3 241.7 245.5 247.7 249 249.8 250.5 250.6 250.8 252.6 257.7 262.5 265.1 266.4 268.1 269.6 270.3 269.6 268.3
228 228.2 228.6 228.2 228.9 230.3 231.6 233 233.6 233.6 233.3 233.3 234.7 237.4 244.8 254.9 256.4 255.7 254.1 257.3 258.3 262.3 262.7 261.6 260.2 258.4 255.7 252.8 249.5 245.9 242.5 239.4 236 232.9 229.6 227 223.8 220.8 219 217.1 215.2 214.1 212.5 211.9 211.2 213.6 210 209.8 211.2 212.7 215.8 216 225.7 226.3 232 233.2 231.3 231.4 232.7 238.4 243.4 246.3 248.8 251 252.8 253.8 254.4 254.4 254.2 256.7 260.6 264.2 267.5 268.6 269 268.3 267.9 268.6
227.1 227.1 226.9 226.9 228.1 230.2 230.9 232.3 232 231.9 230.3 232.1 233.7 236.2 244.6 252 256 257.3 256.4 257.4 263.2 266.5 266.6 265.6 265.2 263.5 260.5 257.9 254.1 250.5 246.6 242.4 238 234.4 230.8 227.2 224.1 221.8 219.9 218.4 216.9 216.8 217.4 217.8 217.6 216.3 215.1 209 208.8 209.6 210.5 218.2 223.4 225 230.6 233 232 232.4 233.2 236.6 242 245.6 248.7 251.9 254.3 255.7 256.1 254.4 254.1 255.4 260.1 264.5 266.6 267.3 266.7 267.4 268.8 269.1
225.6 225.6 225.2 226.2 227.1 226.7 229.1 227.8 230.2 231 232 235.5 236.9 239.6 246.1 249.4 254.5 257.5 259.3 262.2 268.2 270.4 270.9 271.1 270 268.2 265.3 261.9 257.5 252.9 248.2 242.9 238.8 235.7 231.6 227.6 225.1 222 220.3 218.8 219.1 218.9 220.2 219.5 218.3 216.7 215.1 212.7 208.2 209 208.7 213.6 220.2 223.7 227.8 231.6 231.7 233.5 234.5 237.3 242 246.2 248.6 252.2 254.8 256.5 255.2 253.6 253.4 255 259.4 261.8 264 265.4 266.1 267.4 268 269.6
224 223.9 222.9 224.6 224 224.2 224.6 227.7 231.7 232.1 236.1 243.3 245.3 248 251 252.5 254.6 260.3 263.4 268.5 272.2 274 274.6 273.8 272.4 270.4 266.5 263.3 258.3 254 248.5 243.7 239.7 235.6 231.7 227.8 224.7 223 221.5 220.6 220.8 221 221.3 220.9 220.7 219.1 216.6 213.6 209.5 208.2 206.6 208.3 217.9 221.5 224.9 228.9 230.1 233.5 237.3 241.7 244.9 246.4 248.3 253.2 255.5 256.2 254.9 253.5 253.2 254.5 255.8 258.3 259.7 264.1 264.6 266.3 267.5 268.3
222 221.5 222.2 222.5 222.4 222 224.2 227.2 229.9 231.7 239.1 247.6 250.9 253.4 256.6 256.5 257.5 262.6 268 273.5 275.9 276.6 276.7 275.6 274.4 270.8 267.5 263.4 259.2 253.2 248.4 244.7 240.3 236.5 233.1 230.2 227.7 226.1 225.1 225 224.5 224.1 222.6 221.1 219.6 217.7 215.3 212.7 210.2 208.4 205.9 205.9 215.6 219.3 222.7 225.5 228.8 232.6 238.3 242.8 245.6 246.3 247.7 251.6 253 253.5 253.4 253 251.9 252.3 254.9 257.7 260.7 262.4 263.4 264.7 265.1 265.8
218.4 214.5 220.5 220.6 219.5 221.6 224.2 225.6 227.7 229.9 239.2 248.6 251.8 255.1 260.3 261.6 261.4 267.3 273.1 276.7 276.6 275.9 275.9 275 273 269.8 266.2 262.7 257.9 253.9 250.3 246.7 242.6 239.6 237.4 235.3 233.5 231.4 228.6 226.9 224.5 223.4 222.7 222 221.2 219.4 216.5 214.6 212.3 209.5 207.5 204.8 211.6 217 220.6 223.9 228.6 233.9 240 244.7 245.3 245.2 245.1 247.3 249 250.5 250.5 250.6 250.3 251.3 254 256.7 260.3 262 263.1 263.4 263.6 263.9
212.6 213.7 216.5 215.6 219.6 223.1 224.1 225.3 227.2 232.1 241.1 249.5 253.9 258.8 262.5 264.2 264 272 277.2 278.4 276.6 274.1 270 269.6 269.3 268 265.3 261.7 258.5 255 252 250.3 248.2 245.2 242.8 239 234.7 231.9 229.8 228.6 227.5 226.2 224.6 222.7 221.6 221.5 220.1 218.2 215 211.8 209.9 204.9 210.4 217.9 219 222 226.7 232.9 238.3 242.2 243.4 244 244.9 245.1 245.6 245.6 245.8 247.1 247.2 250.1 251.9 256.5 259.4 261.2 262.4 262.9 263.1 263.5
209.6 210.6 209.6 215.9 219.6 222.1 223.8 226.3 229.3 232.5 240.4 248.2 254.4 261.1 265.1 266.8 268.9 275.4 279.2 279 276.2 272.4 267.4 263.6 263.1 261.8 258.6 255.2 256.4 256.9 254.5 251.2 247.3 244.7 246.1 242.3 237.9 235.6 233.2 230.9 228 225.7 224.6 224.1 224.6 224 222.7 220.3 217.2 214.1 211.4 206 207.3 218.2 221.9 220.7 223.7 230 235 238.4 240.6 241.9 242.5 242.4 241 241 241.6 242.8 246 248.6 250.9 254.6 257.3 259.3 260.5 262.3 262.7 264.5
206.2 204.8 207.8 213.6 218.2 220.9 223.4 226.3 231.3 233.7 238.3 244.2 253.4 260.6 264.8 267.2 271.1 276.6 279.3 278.7 275.4 272 267 261.6 255.2 251.9 248.9 247.8 248.8 247.3 246.9 246.5 247.1 248.7 249.1 245.6 239.3 237 234.8 232.4 229.5 226.8 224.7 224.2 225.4 225.9 224.6 221.9 219.1 215.4 213.1 208.2 203.7 214.6 219.1 219.5 220.9 227.8 232.2 235.5 237.9 239.6 239.9 239.1 238 237.9 238.9 241.4 244.2 246.6 248.7 251.5 254.1 256.9 258.1 260.5 262.3 263.9
200.7 203.6 206.6 210.8 215.4 219.1 222.3 226.4 231.6 236.2 238.4 242.8 252 256.1 262.4 267.4 271.4 276.3 278.9 278.9 275.7 271.5 266.7 260.7 254.8 249.2 244.7 243.2 242.6 242.7 243.4 244.6 247.5 250.2 249.6 246 242.7 238.8 237 234.2 231.1 228.2 225.5 224.4 225 225 223.8 222 220 217.2 215.2 212.7 202.7 206.5 213.2 216 217.3 223.7 226.9 231.5 234.5 235.6 236.6 236.2 234.6 235.3 238.4 240.4 242.7 244.9 246.8 248.2 250.7 252 253.3 255.5 257.7 261.1
200.5 201.9 205.1 209.5 213.5 217.3 221.1 225.4 230.8 236.3 236 242.5 251.3 256.9 262 267.1 272.3 275 277.7 277.7 274.6 270.2 265.6 260.5 255.1 250 243.8 242.2 242 241.3 240.3 243 246.2 248.8 248.2 247.5 245.6 240.7 238.8 235.9 232.9 230 227.2 224.8 224.5 224.2 224.3 223.4 220.7 217.7 215.3 213.3 209.8 200.8 204.2 211 214.1 219.1 223.4 226.9 230.2 232.5 233.5 233.4 232.1 235.2 236.9 237.4 239.1 240.9 243.2 244.6 246.6 248.6 250.4 251.9 254.6 258.8
200.9 202.2 204.5 208 212 216.3 220.4 225 232.4 237.3 236.4 243.3 251.5 259.2 264.4 267.9 271.4 273.2 273.7 274 272.1 269.2 264.7 259.9 254.4 249.4 244.3 241.5 241.1 240.7 239.6 238.8 242.4 244.6 246.1 247.8 246.6 242.9 240.2 237.9 235.2 232.4 229.6 226.4 224.5 225.3 225.9 224.5 221.5 218.9 216.6 213.5 209.3 201.2 202.1 205 210.2 215.1 222.5 225.4 225.3 228.5 230 230.2 229.1 231.7 231.6 232.5 234 236.1 238.4 240.5 242.3 245.6 247.4 249.5 252.4 257
202.7 203.5 205 207.9 211.6 215.3 219.8 225 232.1 238.7 240.4 245.2 250.8 258.3 264.8 268.9 270.6 270.7 270 268.4 268.2 265 260.7 256.9 253.6 249.4 245.5 241.8 240.4 239.9 239.5 240.3 238.9 240 242.9 244.5 245 243.2 241.5 240 237.3 234.7 231.2 227.8 225.2 226.4 227.2 225.7 223.5 221.2 218.7 215 210.1 205.3 199.7 202.7 206.1 210.7 216.3 219.3 219.1 223 225.4 226.1 227 227.7 228 228.1 229.2 230.8 232.2 234.5 239 242.4 246.3 249.4 251.4 254.8
203.7 204.1 205.1 207.9 210.9 213.6 218.6 225.7 234.4 239.8 242.7 246.3 251.5 258.5 265.3 268.3 268.2 267.3 265.9 264.1 261.9 259.1 256.1 254.6 251.2 247.8 244 241.2 240.4 239.5 239.6 238.9 237.1 236.9 236.7 239.3 240.8 241.4 241.7 240.6 238.6 236 233.1 229.7 226.9 226.8 226.6 225.4 224.2 222.1 220 216.8 212.4 207.1 198.9 200.3 201.2 205.9 210.1 214.2 215.6 218.8 221 221.3 223.3 224.4 224.5 224.5 225 225.8 227.2 229.4 234.5 239.7 245.1 248.6 250.9 251.1
204.1 205 205.8 208 210 212.1 218 226.9 234.1 240.3 244.6 249.9 254.7 260 264.4 265.8 265.6 265.2 263.5 261.7 259.6 256.9 254 250.7 247.4 244.5 242.4 241.2 242.1 241.8 241.2 239.7 238.5 236.9 235.6 235.2 236.4 238.6 240 240 238.6 237 234.4 231.8 229.3 227 225.1 223.6 221.6 221.1 218.6 215.4 210.9 206.7 198.6 198.6 199.1 201.9 207.9 210.3 212.2 214.2 215.9 216.1 218.8 220.1 220.9 221.2 221.3 221.8 222.1 226.3 229.4 235.1 242.8 246.8 246.9 247.3
