ny/ny99_OST50GRID_20230518/NY99.asc
ncols 200
nrows 200
xllcorner 390000
yllcorner 590000
cellsize 50
[rows 35 to 69 of 200, columns 0 to 77 of 200]
276.4 278.9 283 287.8 291.7 295.6 298.5 300.1 303.3 305.6 305.7 303.9 302.5 300.1 297.3 294.7 291.9 291.3 290.4 289.9 289.8 289.6 289.4 290.1 289.5 289.2 288.9 288.3 287.4 286.4 285.1 282.9 281.2 279.5 279.4 278.7 281.1 283.4 285.8 288.5 291.2 293 294.3 295.4 297.8 297.9 299.6 300 298.4 296.1 293.5 291.3 288.3 284 280.4 276.7 271.3 265 259.5 253.9 250.4 246.2 246.2 247.6 247.3 247.8 248.2 248.4 246.9 240.8 251.4 253.4 253.3 251.5 248.9 246.6 243.1 240.5
276.3 279.2 284.8 289.4 292.8 295.1 296.8 299 302.4 304.3 303.3 301 299.5 297.1 295.1 293.1 291.8 290.9 289.8 288.2 287.9 287.5 286.9 287.6 287.9 288.1 288 287.5 286.7 285.2 284.1 283.3 281.8 279.6 278 281.6 283.6 286 288.5 290.8 292.5 294.2 296.2 298 299.6 300.1 298.3 297.7 296.6 293.9 292.1 291.9 290.4 287.1 282.5 275 266.4 262.9 258 252.9 247.5 243.7 241.6 242.1 243.8 244 244.5 244.5 240.9 245.9 247.9 248.4 248.6 249.2 248 244.7 241.6 238.1
276.5 280.5 286.8 290.4 292.9 294.8 296.4 298.8 301.1 302.5 300.8 298.8 297.9 296.8 295 293.4 292.5 291.4 289.7 287.1 286.7 285.9 285.4 285.3 286.4 286.5 286.2 285.3 284.4 283.8 283.2 282.6 281.1 278.3 279.8 282.8 284.7 286.8 289 291 292.8 294.6 296.9 298.8 299.2 299 297 296.1 295.9 294.1 294.7 295 292.4 287.1 281.8 276.1 269 261.6 255.6 250.4 246.5 244.1 241.6 238.8 240.9 240.9 240.9 240.2 235.2 243.4 244.7 247 249.7 249 246.8 244.2 241 237.5
278.6 281.7 286.5 289.7 292.2 294.4 296.1 297.8 299.3 299.9 299.3 298.5 297.7 296.7 295.8 294.8 291.9 289.6 287.5 286.7 286.3 285.6 284.6 284.4 284.7 284.6 284.2 283.6 282.9 282.2 281.8 281.1 279.7 275.5 280.3 282.5 284 286.7 289.3 291.4 293.7 296.2 298.7 299.6 298.9 298.2 296.9 295.9 294.9 295.2 295.5 294.7 291.6 286.7 281 274.8 269.5 263.4 257.5 251.7 247 244.8 242.5 240.1 236.8 238.2 237.7 236.6 233.5 239.6 244.7 248.9 248.2 246.5 244 241.2 237.6 233.7
278.6 281 284.7 288.9 292.1 294 295.9 297.3 298.2 299 300 299.3 299.8 299.7 296.2 292.7 290.6 289 288 287.8 286.9 286.2 285 282.3 281.6 282.7 282.4 281.6 280.9 280.4 279.8 279 278.2 274.4 279.4 281.6 284 287 290 292.4 294.6 296.2 298.4 298.7 298.4 297.5 296.2 295.2 294.2 293.8 292.9 291.8 288.1 282.7 279 273.2 266.9 261 257.5 253.8 248.5 245.5 242.1 239.6 237.3 233.8 235.1 232.4 232.9 240.9 244.7 246.1 245.4 243 239.8 236.9 233.1 229.5
278.3 280.9 285.5 289.5 292.2 294.2 296.5 298 299.2 300 302.6 303.4 300.1 297.4 295.6 294 292.5 291.8 290.5 288.9 287.2 286.2 285 283.9 282.7 279.7 280.2 279.4 278.6 278.5 278.2 277.7 277.4 274.7 279.6 281.4 284.1 287 289.9 292.3 294.7 296.2 298 297.5 297.1 295.2 294.2 293.7 292.5 292.5 292.1 290.3 287.6 283.6 278.7 273.7 269.8 265.6 261.8 256.6 250.9 245.2 241.4 238.8 236.8 235.5 230.2 227.7 228.9 237.6 241.7 242.2 240.8 237.8 234.6 231.4 228.2 224.7
279.8 282.5 286.6 290.5 293 295.3 297.9 299.9 303.3 303.1 301.6 300.2 300 300.1 298.8 296.8 294.3 292.6 290.5 288.9 287.4 286.2 284.5 282.8 281.2 280.2 277.6 277 277.2 276.5 277.5 276.9 274.3 276.1 280.2 282.1 284 286.9 289.9 292.3 294.3 296.4 298 297 296.3 295.5 295.9 296.8 298.2 299 298.5 294 289.2 284.3 279.6 274.9 271.3 267.2 262 256.8 251.1 245.7 240.9 238.3 235.6 234.4 233 232.3 224.6 230.7 234.9 235.2 235.1 231.9 229.5 226.5 223.6 220.5
281.4 283.5 287 292 293.4 295.8 299 301.3 302.1 301.5 301.8 303.4 304.4 302.6 299.6 296.9 294.8 293 290.5 287.9 286.3 284.6 283.4 281.7 280.6 279.7 278.5 276.7 274.5 275.5 277.3 274.1 271.8 278.6 280.7 282.7 284.6 286.6 289.6 292.4 295.5 297.4 298.1 298.2 298.4 298.7 300.2 300.1 299.8 299.6 296.6 292.7 289.2 285.1 280 275.3 270.6 265.8 260.2 254.7 249.9 245.8 241.5 238.3 235.1 232.6 230.9 230.6 230 228.4 228.9 229.4 228.5 226.8 224.1 221.2 218.3 215.4
282 284.4 287.4 290.7 293.5 297.2 299.5 300.3 301 303.1 304.7 305 303.4 301.1 298.7 295.6 294 290.8 288.9 286.8 285 283.9 282.8 281.6 280.6 279.9 279.3 278.3 276.7 272.7 275.1 271.4 275.8 278.4 280.4 282.1 284.5 286.4 290.2 294.3 296.5 298.1 299.8 300.5 301.7 302.1 301.2 300.8 301.1 299 295.4 290.8 286.4 283 278.4 273.6 268.1 262.3 257.8 253.3 248.5 244.1 240.9 237.8 234.6 231.6 228.1 226.6 227.4 227.1 225.7 222.3 221.4 220.7 218 215 213.8 211.9
282.2 284.8 287.4 290.7 294.7 296.8 298.6 300.2 300.8 303.2 304.9 302.8 301.2 298.8 296.1 294.3 293.5 290.9 288.9 287.1 285.5 284.2 282.8 281.5 280.5 279.7 278.9 277.6 276.2 274.8 271.9 272.1 271.4 277.2 279.6 281 283.7 286.9 290.9 293.6 295.8 297.2 299.2 301.1 301.7 301 299.7 300.3 300.2 296.9 292.1 288.3 284.8 280.2 276 270.5 265.8 260.9 256.2 251.1 247 242 239 235.7 232.6 229.3 227.1 225 224.7 224.8 224.3 222.8 219.2 213.6 213.6 211.5 208.9 208.5
282.7 285.3 287.9 290.4 292.5 295.2 297.3 299.1 300.8 301.5 301.7 301.2 299.7 298.3 297.1 295.5 293.7 291.7 289.7 287.8 285.8 284.3 282.6 281.4 279.9 278.8 277.1 275.6 274.9 273.7 269.1 272.4 266.8 275.4 278.5 279.9 282.3 287.1 290.3 292.6 293.8 295.6 296.7 298 298.8 299 297.2 295.4 294.3 291.2 288.5 285 282.7 279.5 275.5 271.5 266.9 261.9 256.9 252.6 248 242.6 238 233.8 230.6 227.9 226.2 223.9 222.4 222.2 221 219.2 216.9 212.6 209.6 207.8 206.5 204
282.9 285.6 287.7 289.7 291.6 293.8 296.9 299.2 299.8 300.2 300.2 300.4 299.5 298.9 297.4 295.6 293.9 291.8 289.8 287.8 285.8 284 282.4 280.5 278.5 276.6 275.2 274.1 273.4 272.5 268 273.3 267.1 274.4 277 278.8 281.9 285.5 287.4 290.6 292.7 293.8 294.4 295.5 296.9 296.7 294.1 291.5 288.8 285.7 283.1 281 279.9 278.1 275.8 272.2 268.1 264 259.4 253.9 247.6 242.6 237.8 233.8 230.2 227.3 224.5 222.6 220.1 219.4 217.3 214.9 212.3 210.1 205.6 201.1 201.6 200.3
282.6 284.8 286.9 289.3 291.5 293.9 296.5 297.5 298.5 299.7 299.5 299.4 298.7 297.2 296.3 293.8 292.7 291.4 289.5 287.1 284.9 282.5 280.7 278.8 276.9 275.4 274 272.6 271.8 270.5 268.3 272.1 267.1 271.7 274.7 276 278.9 279.4 285.1 287.9 290.3 291 291.5 292.1 293.5 293.4 290.9 288.3 285.9 283.9 281.5 279.3 278.6 278.1 277.7 275.1 271.2 266 260.3 253.5 248.9 243.6 237.7 234.5 231.3 228 223.7 220.4 218.5 217 215.6 212.1 209 206.5 203.1 199.2 194.2 195.4
281 283.1 285.8 289.3 291.2 292.9 294.6 296.5 297.9 298.7 298.8 298.4 297.4 295.7 294.5 292.6 290.3 288.7 287.6 286 283.8 281.9 279.3 277.3 275 273.4 272 271.1 270.6 270 265.9 270.6 268.2 265.9 271.9 273.9 276.6 280.5 282.8 285.2 286.8 288.2 288.5 288.8 289.7 289.6 287.9 286.2 284.3 282.4 280.5 278.8 278.1 277.7 277.3 275.7 271.6 266.4 259.9 255.6 250.8 243.9 239.3 234.7 230.5 227.5 222.8 219.9 217.1 213.9 211.4 208.3 204.8 199.5 197.5 197.4 195.6 189.5
279.2 281.3 284.2 286.9 288.5 290.2 292.1 293.7 295.2 296.7 295.2 295.4 294.8 294.2 293.9 293 291.7 290.3 288.8 286.7 284.8 282.8 279.8 276.9 274.6 272.4 270.7 269.8 269 268.3 264 267.4 269.3 262.4 265.2 271.8 274.2 276.7 279.2 281.2 282.9 284.8 286.1 287.1 287.7 287 286 284.4 283.2 281.5 279.8 278.5 277.7 276.9 275.5 274.7 271.1 266.4 262.1 257.3 251.6 244.9 240.1 234.9 230.4 225.8 223.4 221.1 218.4 216.1 213.7 209.8 207.9 205.8 201.1 194.3 191.2 188.5
277.4 280 282.9 284.1 285.6 287 288.8 289.2 291.8 294.1 294.9 296.2 296.7 296.8 295.8 294.4 292.6 290.7 288.8 286.6 284.2 281.5 278.7 276.4 274.5 272.9 271.7 270.1 267.9 266.5 264.5 261.7 266.3 267.3 260.3 267.7 271.2 272.4 274.1 276.1 278.6 281.6 283.9 285.5 285.5 284.5 283.2 282.3 280.9 279.5 278.1 276.8 276.8 276.9 275 273.1 270.1 266.5 261.8 256.7 251.4 246 240.4 235.4 231.6 227.4 225.1 221.6 219.1 216.4 214.4 212.5 210.1 206.1 202 195.2 190.2 187
275.2 279.1 280.9 281.4 282 283 284.4 286.8 290.2 293.5 297.2 300 299.5 298.7 296.8 294.7 292.5 290.2 287.6 285 283.3 280.5 278.8 276.4 275.1 273.9 272.7 271.2 269.2 267.3 265.7 261.9 262.7 263.9 260.1 264.1 266.9 268.3 269.6 271.1 273.6 277.8 281 282.1 282.3 281.5 280.3 280.5 279.6 278.7 278.3 276.3 275 274.6 273.3 271.8 267.9 264.7 260.1 255.3 250.4 246.3 242.3 238.2 233.6 229.6 226.1 222.9 220.4 218.8 216.5 213 208.6 199.6 196.1 194 191.3 190.1
274.2 276.3 277.4 279.1 280.6 281.9 284.2 287.2 290.9 296.1 299 299.9 299.7 298.7 296.8 294.2 291.4 288.6 286 283.6 282 279.8 278.4 276.9 275 272.4 270.4 268.5 266.1 263.9 262.8 260.9 258.1 260.7 258.5 259.5 263.1 264.7 266.1 267.7 269.4 272.7 276.5 277.2 277.6 277.8 278.7 278.9 278.7 278.4 277.4 275.6 273.7 272.9 272 270.4 267.8 263.3 259.9 256.8 252.9 248.7 244.4 240.1 235.9 231.3 228.1 225.2 223.4 220.8 217.5 213.2 200.4 191.1 187.6 187 182.5 179.8
272.2 274.8 276.6 278.6 280 282.1 285.4 289.2 292 293.9 294.7 295.2 294.2 293.5 293.3 291.9 290 287.1 284.3 282.2 280.6 278.4 276.2 273.9 271.4 268.8 266.6 264.7 263.1 261.6 260.4 259.6 258 257.6 257.6 257.6 259.6 261.4 263 264.5 266.2 267.9 270.4 272.3 273 273.8 275.1 276.3 276.1 276.2 275.7 274.3 272.3 270.7 271 269 266.5 264 261 257.9 254.5 250.2 245.9 241.3 237.2 233.9 230.2 227.4 224.5 220.8 216.3 207.4 198.5 196.9 193.8 188.9 190.3 187.6
277 278.9 280.2 280.7 280.5 282.3 286 289.4 290.3 290.9 290.9 290.3 289.2 288.2 288.3 287.6 286.8 283.5 278.3 278.7 277.9 275.5 273.1 270.8 268.5 266.8 265.1 263.4 261.6 260.2 259 258 256.7 256.2 255.6 256.5 257.5 258.5 259.9 261.4 262.8 264.2 265.4 266.6 269 270.1 270.9 271.9 272.9 273 272.6 271.8 270.6 268.9 269.8 268.4 266.2 264 260.9 258.3 254.4 250.2 246.5 242.7 238.8 235.3 231.5 226.7 222.2 215.8 209.6 206.3 207.4 203.4 198.2 194.5 189.7 186.5
282.5 281.6 281.9 281.6 281.1 282 285.1 288.2 290 291.9 293.8 293.7 293.2 291.1 288.5 287.4 282.8 279.9 280 272.9 273.4 273.4 270.9 268.5 267.4 265.6 263.9 262.1 260.8 259.3 258.2 256.9 255.4 254.6 253.8 255.9 256.2 256.7 257.6 259.2 260.9 262.5 263.4 264 265.7 267 267.7 268.6 269 269.3 269 268.8 268 266.7 267.5 267 265.2 263.5 260.9 258.1 254.9 250.9 246.8 242.6 238.6 234.2 227.2 218.2 210.9 207.9 210.8 210.3 207.1 201.8 197.5 193.8 189 185.7
281.2 282.7 286.7 282.8 281.3 282.1 284.3 288 290.8 293.9 296.2 297.1 296.6 294.9 292 289.5 287.3 284.4 281.4 277.9 275.9 271.5 268.5 266.9 263.1 261.4 259.8 258.6 257.7 256.9 256.6 255.9 254.7 253.8 253.5 254.8 255.1 255.5 256 257.7 259.3 260.6 261.7 262.4 262.8 264.4 265.4 266.2 266.8 267.3 267 265.1 264.7 262.6 261.7 260.8 262.2 260.1 259.9 257.3 251.4 247.4 240.3 235.3 230.9 223.4 219.7 223.2 219 214.6 211.6 208.2 204 200.1 195.9 192.4 186.9 182.6
282.8 288.1 291.5 286.1 281.6 281.6 283.9 287.7 292.7 298.2 300.2 299.8 298.5 295.6 292.5 289.2 285.9 283.3 280.8 278.5 276.4 274.3 272.4 270 267.6 265.8 263.9 262 260.4 258.8 255.8 255.7 255.5 253 252.9 253.8 254.2 254.5 255.1 256.2 257.4 258.6 259 259.7 260.5 261.7 262.6 263.3 263.5 264.5 266.4 268.5 267.7 265.7 263.2 258.5 258 255 254.5 250.9 249.3 249.9 245.3 237.8 234.4 232 228.4 223.3 217.7 213.9 210.6 206.8 202.5 198.1 191.8 187.3 182.9 178
278.5 285.7 291.2 283.2 280.6 280.3 284.3 291.2 296.7 297.8 297.3 296.5 295 292.2 289.8 286.5 284.3 282 279.8 277.5 275.3 273.7 271.7 270.1 268.6 266.9 265.8 264 261.6 259.9 258.3 255.7 254.1 253.4 252.3 252 253.3 253.4 254.2 254.6 255.4 256.6 256.7 257.5 258.3 259.6 260.3 261.5 263.7 267.3 269.1 267.8 266.7 264.5 264.1 262.3 260.6 259.6 252.8 255.9 254 250.8 247.3 242.5 238.2 233.3 227.8 222 216.8 213.3 209.4 205.3 201.4 196.3 190.5 183.9 181.2 180.1
272.9 280.2 281.6 280.2 278.6 281.2 288.3 293 293.5 293.1 290.9 290.1 289.8 288.4 287.2 284.2 281 279 276.8 275 273.5 272 270.6 269.3 267.7 266.3 264.1 262.3 260.1 258.9 257.6 256.4 254.4 253.1 251.8 251.3 251.9 252.3 252.9 253.3 253.7 254.6 255.4 255.9 256.3 257.8 259.2 261.1 265.1 270.2 269.3 268 266.4 265.4 266 264.2 259.7 258.4 256.5 259.8 259.4 253.8 248.8 242.9 237.3 232.4 226.7 221.7 216.8 213.5 209.8 205.2 200.2 194.3 189 188 185.5 183.7
267.2 273.5 277.2 277.8 278.4 282.6 288.3 287.7 287.8 286.9 288 287.9 287.1 285.4 283.7 281.7 278.4 276.1 274.5 273.1 271.7 270.3 269 267.5 265.7 263.9 261.9 260.1 258.6 257.4 255.6 254 252.7 252.4 251.2 250.5 250.5 251.3 251.8 252.4 252.9 253.3 254 255.6 257.3 259 259.2 261.1 265.8 270.4 269.9 269 268.9 268.4 266.7 263.5 260.3 258.4 260 264.9 262.7 256.8 249.7 243.5 238.3 232.5 227.1 222.7 219.3 214.2 209.3 204.5 200.4 197.1 194.7 191 188.3 184.6
273.7 275.7 276.6 277.4 279.6 282.2 283.5 284.6 285.3 287.3 288.5 288.3 286 283.4 281.1 278.9 276.5 274.8 273.5 272 270.6 268.9 267.6 266.2 264.4 262.5 261.1 258.6 255.5 254.8 253.1 252 251.5 251 250.2 250.2 249.3 250.3 250.8 251.3 251.8 253.6 255.6 257.9 259.5 260.3 260.6 262 266.9 270.7 271.2 272.6 274.9 271.7 266.7 263.3 261.3 260 263.4 267.3 264.5 259.7 253.1 246.4 239.5 233.1 228.7 223.8 219.9 213.9 210 206.7 203.4 200.6 196.8 192 189 186.9
278.6 279.9 279.2 281.1 282.3 282.8 283.5 284.9 286.6 287.8 287.7 286.4 284.3 282.1 279.7 278.5 276.3 274.5 273.2 271.8 270.5 268.8 267.1 265.1 262.8 260.4 258.3 255.5 253.5 253.3 253.8 255 254 250.9 250.4 249.7 248.8 249.1 249.7 250.3 252.1 257.3 257.8 260.3 261.7 262.1 262.1 263.1 267.5 271.5 273.3 275.6 275 269.8 266 264.9 264 263.1 265.3 269.9 268.3 264.3 256.1 248.4 240.3 233.9 229.6 225.3 220.6 215.7 211.4 207.6 205.1 200.6 195.8 192.5 191.8 189.8
281.2 280.9 280.5 283 283.9 283.8 284.4 285.3 286 287.2 286 283.8 282.4 280.5 278.4 277.4 275.6 274.3 273 271.6 269.4 266.9 264 261.5 259.6 257 254.7 252.6 252.6 252.8 254.7 256.2 255.9 254 251.3 250 248.3 248.7 249.9 250.3 254.3 259.2 260 262.5 264.1 264.3 266 265.6 267.9 271.9 275.6 276.7 275.6 273.7 269.9 267.3 266.7 268 269.4 271.7 271.5 266.4 256.6 248.8 243.4 238 232.7 227 221.8 217.5 212.9 207.7 203.3 199.5 197.8 196.2 194.6 192.7
279.2 281.8 282.4 282.9 283.4 283 283.4 284.4 284.1 284.8 284.5 282.4 279.6 277.7 276.2 275.2 274.2 272.7 270.4 268.4 266.1 264 262.5 260.3 258.6 256.4 253.3 252.1 251.9 253 255.2 256.5 256.2 255.2 253.6 250.9 248.6 248.3 249.1 251.2 257.2 260.1 262.3 264.9 265.9 265.5 268.5 270.3 273.2 276.5 279.2 281.7 280.1 276.1 272.6 270.7 269.6 270.3 271.3 273.3 273.6 266.5 258.6 251.3 245.6 239.5 233.1 226.3 221.8 217.3 213 208.8 205 202.3 200 198.1 196.5 193.3
278.5 280.6 280.2 282 283.3 282.3 281.6 281.8 281.2 280.7 278.4 278.9 277.5 274.4 274.4 273.5 272.1 269.8 267.9 266.4 265 263.2 262 260.5 258.2 255.9 252.8 251.6 251.3 251.7 253.7 255 255.3 254.7 253.9 253.9 247.8 247.9 249 253.8 260.4 262.7 264.7 266.5 267.5 267.8 271.1 273.9 277.5 283.5 284.2 284.8 283.8 280.2 277.9 273.1 275 276.6 276.8 278 273.7 265.7 260 253.4 246.7 240.3 233.7 228.8 222.9 218.2 214.7 211 207.5 204.4 201.9 199.1 197 194.1
278.2 277.4 276.4 278 280.7 281.1 282.3 281.4 281.8 280.4 280.6 276.2 273.5 273.1 269.7 271.3 270.1 268.5 267 265.5 264 262.7 261.3 259.7 257.2 254.6 252.3 251 250.5 251.3 253.3 255.6 253.5 250.7 252.8 250.3 247.6 248.4 250.3 254.8 260.2 264.7 267.3 268.6 269.7 270.1 272.7 275.8 279.1 282.8 285.4 285.5 284.8 282.4 280.6 279.7 281.2 280.8 280.3 278.9 273.3 267.1 259.8 254.3 247.4 241.1 236.3 229.2 223.3 219.3 215.7 212.2 208.8 205 202.1 199.6 197 195.6
277.3 276 275.7 275.6 276.2 276.3 277.3 279.7 281.5 281.6 280 278.3 275.9 272.9 270.6 267.2 268.2 267.5 266.1 264.6 263 261.7 260.4 258.7 256.9 254.7 252.5 250.9 249.7 250.4 251.2 252.3 251.4 247.1 244.5 245.6 246.3 249 251.2 256.1 262.1 266.4 268.6 270.3 270.7 271.9 274.9 277.6 279.4 282.3 284.2 284.9 283.9 282.4 282.3 282.2 283.4 283.6 283.6 278.2 272.4 267 261 254.9 248.1 242.7 235.7 229.7 223.3 219.7 216 212.2 208.6 204.9 201.8 199.9 198.2 195.8
273.4 274.3 273.6 273.5 274.5 274.1 273.9 274.8 275.5 276.4 277.6 276.3 274.2 271.9 269.7 264.5 265.2 265.5 264.6 263.3 261.9 260.4 259 257.3 255.7 253.8 251.8 249.7 248.9 249.4 249.5 249.6 247.2 246.1 249.6 250 249 248.7 251.6 258 263.6 268.2 270.1 271.1 271.9 273.5 275.8 277.8 280 280.9 281.7 282.3 281.2 281.5 282.1 283 284.1 284.4 281.7 276.9 271.3 266.9 261.7 253.5 246.5 240.2 234.2 227.3 221.8 218 215.1 211.2 207.5 204.2 201.7 199.7 196.7 192.3
271.9 272.8 272.2 271.7 273.5 273.9 273.7 273.2 272.7 272.5 272.1 271.7 271.9 270.6 268.7 266.9 259.1 262.5 262 261.4 259.9 258 256.6 255.4 253.6 251.9 250.3 248.8 248.7 250.5 247.7 241 247.8 250.8 249.9 250.4 251.3 250.4 251.5 257.7 263.7 268.7 270.6 271.4 273.5 275.2 276.1 277.3 278.2 279.4 279.8 279.7 279 280.7 280 280.9 280.8 281.6 278.5 274.2 270.6 266.2 260.5 252 243.6 236.9 230.2 224.4 219.9 216.5 213.6 210.2 206.7 203.9 201.3 197.8 193.6 194.7
