ny/ny99_OST50GRID_20230518/NY99.asc
ncols 200
nrows 200
xllcorner 390000
yllcorner 590000
cellsize 50
[rows 105 to 139 of 200, columns 78 to 155 of 200]
245.7 244.1 242.9 240.2 237.4 234.2 229.7 225.2 220.3 214.8 209.7 203.8 192.7 181.3 188.6 206 221.6 232.6 247.1 254.6 257.1 256.4 255.5 256 257.5 261.2 270.6 280.6 287.6 288.9 289.7 289 287.5 286.7 286.5 287.1 289.5 291.5 292.8 293.4 294.3 295.8 297.4 298.9 301.2 304.8 311.3 322 327 330.6 334.3 337.1 334.9 335.3 335.6 335.7 336 338.6 339.1 338.2 339 340.3 342.2 343.4 349.2 349 350.6 351.6 352.3 349.5 344.8 345.2 339.3 340.2 342.5 341.5 340.5 339.6
243.9 241.3 238.2 234.7 231.5 229 225.2 222 218.7 215.4 211.4 206.6 198.9 182.5 186.2 203.3 219.7 233.2 246.6 252.9 255.3 255 254.8 254.2 254.6 256.7 263.1 275.7 283.8 286.1 287.5 287.3 285.6 284 283.2 283.4 285.2 288.3 291.1 292 292.8 294.4 295.9 298.1 300.8 305.5 313.8 320.9 326.2 330.6 333.8 339.7 345.6 347.9 344.4 336.8 336.6 336.3 337 334.9 333.7 335.1 336.1 339.9 340.3 343.8 346.3 349.7 349.9 348.3 344.3 338.8 335.1 333.5 335.8 335.2 334.3 333.3
243.7 240.6 237.1 232.4 227.7 223.7 220 216.8 214.4 212.2 209.4 201.9 198.4 190 184 197.2 218.6 230.8 241.5 248.3 252.3 252.7 253.2 252.8 252.9 253.3 256.8 266.3 279.2 282.3 282.8 282.9 282.6 281.4 280.4 280.2 281.2 284.9 288.6 290.6 291.8 293.6 295.2 297.1 300 304.7 313.6 321.1 326.7 330.2 333.6 338.6 347.8 356.4 359.3 355.2 344.8 336.8 334.6 333 331.6 330.4 331 334.1 336 338.9 342.1 345.7 347.5 345.3 340.7 335.9 330.4 326.4 329.6 328.1 327.8 327.2
240.1 238.3 235.8 232.2 228.2 223.7 219.2 214.2 210.3 207.3 204.7 197.8 194.8 186.9 184.3 198.6 219.7 228 235.8 242.4 245.6 247.2 249.4 250.9 251 251.3 252.3 257.6 271 278.1 279.8 279.3 278.1 278 277.2 276.8 277 280.4 283.9 287.4 290 292.5 294.5 296.9 299.9 307.4 318 323.4 327.5 330.4 333.9 339 350.1 355.9 357.2 356.9 353.6 347.8 341 334.7 329.8 327.2 327.3 329 331.1 331.6 333.8 338.4 339.8 339.3 335.7 332.2 327.3 323.1 322.9 321.9 322 322.8
237.8 236.2 234.4 231.7 228 224.7 220.8 216.7 212 207.9 202.6 196.5 187.1 184.4 187.1 205.2 216.3 223.1 230.5 236.3 239.1 241 244.7 247.7 248.5 249.1 248.5 250.2 258.5 272.7 276.9 277.4 276.2 274.6 274.4 274.4 275.3 276.9 279.8 283 286.1 289.1 291.8 296 300.9 308.8 319.4 326.7 330.9 333.4 336.7 343.2 349 352.8 353.7 354.1 351.6 347.7 344 339 333.6 328 324.9 325 325.7 328 327.9 327.7 328.3 327 326.4 325.4 322.8 320.8 319.8 319.8 320.7 320.9
234.8 233.6 231.7 228.9 225.8 223.3 220.1 217.9 213.7 209.7 204.9 198.2 185.2 184.3 191.2 205.3 211.9 217.6 225.1 230.4 233.3 235.5 239.3 242.5 244.5 246.6 246.8 248 250.6 263.9 273.3 276.1 275.5 273.9 273.1 272.7 274.6 276.5 278.3 280.5 283.1 285.6 288.2 292.7 298.3 307.5 317.9 324.9 330.6 335.1 339.1 343.2 347.1 348.9 349.6 349.3 347.1 345 345.8 344.7 339.7 333.3 327.8 323.1 324.2 325.1 324.4 322.8 319.9 320.6 319.9 319.2 318 316.3 315.3 316.6 317.9 319
233.1 231.6 229 225.7 224.3 222.6 220.1 218.1 214.8 211.3 207.5 202.3 190.7 185.1 188.2 199.7 207.4 214.4 219.7 224.3 227.2 229.7 235.2 238.1 241.1 243.4 244.8 246.8 249.2 256.4 269.7 274.4 274.4 273.8 272.7 273.3 275 276.4 277.8 279.4 281.4 283.8 286.9 291 296.4 304.3 314.3 321.7 326.5 330.2 335.5 338.7 341.3 343.9 345.6 344.7 343.2 342.6 343.1 343 337.8 334.3 332 327.4 321.3 323.2 321 318.9 315.3 315.1 315.1 314.3 314 313.1 312.6 313.7 315.2 316.2
229.8 230.3 227.8 224.8 222.2 220.7 218.8 216.5 214.2 211.5 208.7 205.8 195 189 185.5 188.7 199.6 207.9 207 211.3 215.8 225.2 230.6 234.3 237.8 239.6 242.6 245.1 248.5 254.9 264.7 272.1 273 273.8 272.7 270 273 274.4 275.7 276.9 278.9 282.3 285.6 290 295 301.7 310.3 317.2 321.9 325.7 329.1 331.5 333.7 336.1 337.8 338.8 342.3 344.3 344.1 342.9 340.8 337.8 334.1 328.7 319.4 318.5 317.4 316.8 314.1 313.3 312.2 310.5 309.8 309.6 309.5 311.1 312.4 313.5
230.7 228.5 227.4 224.7 221.3 219.5 218 216 213.3 210.8 208.7 207 205.1 200.3 190.6 187.1 188.5 190.3 195.1 207.6 213 216 226.8 231.1 233.1 237.6 240.9 243.4 247.5 252.7 259.2 265.9 269 273.5 273.3 267.2 271.9 273.5 274.1 275 277.1 279.8 283.2 287.6 292.4 298.1 306.5 312.5 317 320.9 324.4 326.2 326.4 329 332.1 335.4 338.8 342.6 343.6 342.1 339.3 335.7 331.3 328 321.4 314.9 315.7 315.7 313.6 313.1 311.3 309.4 308.3 307.8 307.3 308.7 309.7 310.7
228.1 227.1 226.4 224 220.8 219.1 217.6 215.8 213.7 212 210.1 208.9 207.6 205.6 202.6 199.6 198.2 195.4 192.4 204.1 210.7 215.2 223.7 226.1 231.2 234.9 238.8 241.7 245.5 251 255.9 258.2 258.5 258 256.8 257.6 262.9 269.2 271.6 272.3 274 276.9 281.2 286.3 290.8 295.8 302.2 308.3 311.1 314.3 317.3 320 323.6 327.5 330.2 333.1 332.1 337.9 339.2 335.3 334.9 331.7 327.3 324.8 318.8 313.9 315.2 315.1 313.5 312.5 310.5 308.7 307.3 306.7 306.1 305.9 307 308
225.9 226.2 225.2 223.2 220.6 218.6 217.2 215.3 213.4 212.3 211.2 210 209.2 208 206.5 204.7 202 196.1 193.7 200 206.9 213.6 218.3 224.3 228.7 231.4 235.1 237.9 238 235.9 243.9 257.6 265.7 273.8 276.5 275.2 272.8 270.6 269.7 270.7 271.9 274.7 279.2 285.2 291.3 295.6 299.8 304.2 307.2 310.6 313 316 319.8 321.5 322.1 330 333.4 330.8 332.9 329.6 329.6 328.2 324.9 319.4 312.8 312.6 315.3 314.6 313.3 311.7 310.1 308.4 307.1 305.6 304.7 303.4 304.5 305.6
223.5 224.2 223.2 221.7 220.3 218.2 216.4 214.5 212.8 211.4 210.1 210.3 209.7 209 207.9 205.7 199.6 192.9 193.6 195.3 198.2 204.9 216.6 220.8 224 226.2 227.8 235.2 241.9 248.3 254.4 260.9 274 284.7 284.7 282.1 277.4 272.2 271.2 271.5 272.3 273.5 275.7 282.3 289.4 289.7 297.5 301.2 304.8 309.4 314.2 318 320.8 322.2 324.9 330.8 333.9 332.2 325.1 324.5 322.7 320.2 317.6 317.8 311.6 312.9 314.3 314.5 314 311.4 309.8 308.3 306.2 303.8 301.7 301 302 303.1
221.6 221.9 221.5 220.3 219.1 217.7 215.5 213.5 211.5 209.7 208.5 208.4 208.5 208.8 208.2 204.2 194.2 191.7 194 204.5 209.7 212.8 209.5 212.7 222.7 228.9 233.9 238.9 246 252.2 257.6 265 277.1 286.4 286.7 284 280.2 274.1 272.2 271.8 272.2 273.5 275.4 278.6 282.2 292.6 299 303.7 309.4 315.5 319.9 323.3 324.9 325.5 325.7 329.9 331.8 329.9 325 319.6 314.8 316.6 317.7 311.4 311 312.4 313.8 315.4 315.1 312.8 309.9 307.1 304.8 302.7 300.9 299.1 299.9 300.6
220.8 220.6 219.8 218.8 217.3 215.8 213.9 212 209.9 207.1 206 205.7 206 206.2 205.6 197.7 190 190.9 199.7 208.1 210.8 215.1 219.4 224 227.7 231.3 236.6 245.6 254.2 259.3 264.8 273 281.5 288.1 290 287.2 282.9 275 273.1 272.8 273.1 274.7 276.7 277.6 280 289 297.4 304.2 311.8 317.2 321.2 324 324.9 323.8 322.7 324.9 325.6 323.9 318.9 312.3 314.1 315.9 312.8 309.5 310.5 311.5 313 314.4 315.8 313 309.3 305.8 303.7 302 300.3 299.3 298.5 299.3
221.1 221.8 220.6 219 216.3 213.6 212.1 210.2 208 205.4 203.7 203.1 203.4 203.2 199.9 189 189 194.8 205.4 209.6 211.9 215.6 219.9 224.8 230.2 235.1 240.7 251.1 260.2 267.5 275.7 282.2 285.4 289.3 293 291.6 288 283.4 276 274.4 274.1 275.7 276.6 277.6 278.9 286.3 298.1 305.4 310.5 316.1 319 319.8 320.3 317.8 315.7 315 315.1 314.9 312 308.9 308.1 311.1 307.1 309.4 310.3 310.9 312.1 313.5 315 313.5 309.3 307.5 304.3 301.4 299.8 299.4 297.8 298.1
221.1 221.6 221.4 219.9 217.4 214.8 211.8 209.4 206.6 203.8 201.9 201 201 199.8 192.3 187.5 191.3 201.8 206.3 208.4 210.9 215.6 220.3 225.3 230.6 237 244 252.8 263.1 272.1 280.7 286.2 288.3 289.8 291 290.9 287.5 285.5 283.5 277.7 275.5 275.8 276.8 277.8 279.4 289.6 301.1 307.7 311 314.4 313.6 315.4 314.4 312.7 311.5 311.3 309.9 306.6 305.4 301.4 298.3 305.5 307.7 309.4 310.2 310.6 311.3 312.6 314 314.2 312.5 310.4 306.7 302.2 299 298.9 297.2 296.9
220.4 220.6 219.5 218.4 216.9 215.2 212.8 209.8 206.8 203.2 200.6 198.7 198.2 194.9 187.4 186.9 195.7 202.1 204.3 206.4 208.7 213.3 218.1 224 230.2 236.8 243.7 254 264.6 274.1 282.4 288.1 290.8 291.6 292.2 291.5 287.9 286.8 285.3 281.6 278.8 277 277.7 279 285.2 295.1 302.9 308 310.7 311.5 307.8 308.4 308 306.4 306.2 309.7 309.2 305.8 300.1 293.7 304.8 307.4 308.9 309.6 310.2 310.2 310.6 311.4 313.8 316 314.6 312.2 309.2 302 301.5 300.2 297.9 297.7
216.7 218.8 218.4 217.9 216.7 215 212.7 210.1 207.1 203.8 200.5 199 196.9 194.2 186.8 186.3 190.8 198.7 201.3 204.2 206.7 210.4 215.8 221.8 228.5 235.2 243.2 254.1 264.2 274.8 282.6 288.2 291.5 294.3 295.9 293.9 290 287.6 285.7 283.3 280.9 279.4 280 284.7 291.4 298 302.6 305.3 305.2 309.4 308.4 305.1 303.7 300.5 301.4 305.4 305.4 301.1 294.3 294.6 304.9 308 309.6 309.1 309.8 309.3 309.9 310.4 311.4 314.2 314.3 312.9 310.5 305.4 304.3 302.6 299.7 297.8
211.8 208.4 215.8 216.7 215.8 214.6 212.4 209.9 207 203.8 201.5 199.7 198.3 196.6 192.6 185.4 187.7 195.7 198.1 201.3 204.4 207.9 212.4 218.4 224.4 230.1 242.5 254.2 262 272.8 281.6 287.2 291.3 294.3 296.3 294.7 292.1 289.5 287.6 284.7 283.2 281.7 282 288.1 294.3 297.8 299.2 300.7 304.6 306.8 307.1 304.6 300.2 295.1 297.5 300 299.4 294.8 286.9 299.7 302.8 307.2 308.7 308.2 308.1 308.3 309.5 309.7 309.5 310.3 311.3 309.8 307.3 306.5 304.4 302.4 300.4 298.3
206.9 208.9 212.4 213.3 213.7 213.5 211.1 209.3 206.9 204.5 202.7 200.7 198.5 196.9 195.1 188.7 184.8 188.7 194.5 198.1 201.3 205.4 210.5 215.6 221.2 229.3 242.1 253.1 259.8 267.3 275.8 284.4 289.7 292.7 294.7 293.5 291.6 289.7 288 286.6 285.6 284.5 286.2 291.2 294.2 294.4 297.1 300 302 303.7 304 301 294.1 290.3 292.8 295 292.7 285.9 289.3 296.7 301.1 304 305.4 305.3 305.9 306.4 306.8 306.9 306.6 306.9 307.8 306.2 305.2 304.1 302.5 301.7 300 298.6
201 202.2 205.9 208.2 209.3 209.7 209.1 208.3 206.9 205.3 203.7 201.5 199.3 197.5 195.9 193.1 188.9 183.4 189.3 195 198.3 202.7 206.8 213.4 218.6 228.3 239.9 250.7 257.6 263.9 268.2 273.3 281.2 288 290 289.6 289.5 288.5 287.4 286.3 286.1 286.5 289.6 290.1 293.9 293.7 294.8 294.3 296.1 298.2 299.5 295.9 287.4 286.6 288.4 289.9 286.1 278.6 292.6 294.1 298.1 299.8 300.9 301.9 302.3 302.9 303.4 303.7 303.7 303.8 304.8 304.4 302.6 300.6 300.4 299.5 299.4 297.7
195.3 196.6 198.7 201.6 204 205.3 205.7 205 204.6 204.5 203.3 201.5 199.4 197.6 195.7 193.3 190.9 185.1 186.7 192.9 196 200.1 204.5 209.4 215.5 225.6 237.6 248.2 255.4 261.5 265.3 268 272.4 278 285.8 286.7 286.8 286.4 285.7 284.8 284.5 285.5 292.4 295.2 296.8 296 293.1 288.2 288.9 291.8 293.1 289.7 284.2 283.9 285.3 285.3 281.8 281.2 288.7 291.7 293.3 294.7 295.6 297.4 298.7 299.3 299.9 300 300.3 299.8 301.4 300.6 299.6 298 297.3 297 296.7 296
191 191.2 193.3 195.1 197.5 199.1 201.1 201.6 201.3 201 200.5 199.5 198 196.8 195.3 193.1 190.5 184.9 181 189.9 193.8 196.4 200.1 205.3 212.2 223.4 235.4 244.4 252.6 258.6 261.6 262.8 265.9 271 276.3 281.7 283.7 283.5 283.7 283.9 283.4 288.9 294.4 297.9 298.8 296.6 293.2 287.9 286.8 284.1 285.2 284.7 283.2 282.2 282.3 281.2 275.2 275 284.3 287.3 288.6 289 290.4 292.2 294 295.6 296.2 295.6 295.1 296.1 297.6 297.7 296.8 295.6 294.9 294.3 291.7 289.8
185.2 185.6 188.9 191.4 192.1 192.7 194.2 196 196.9 196.9 196.6 195.9 195 194.1 193.2 191.6 189.7 185.4 179.2 188.3 190 191.6 194.2 201.1 211.1 221.4 231.5 239.6 247.5 255.4 258.1 256.1 256.7 259.1 265.1 271.7 277.7 280.1 281.6 282.2 283 288.4 294 297.3 297.1 294.4 290.3 288.1 286.1 284.5 281.6 280.9 280.8 279.8 279 277.5 271.8 270.4 277 279.7 281.3 283.4 285.2 287 288.8 290.6 291.4 289.6 288.3 290.4 293.2 294.1 292.9 290.8 289.7 289.3 286.4 285.6
181.5 183.1 186.9 189.3 191.3 192 191.2 191.2 192 192.5 192.4 192.5 192.2 192 191.2 189.8 188.4 185.6 178 184.1 186.3 187.5 188.7 197.5 207.4 216 225.6 231.7 238.3 243 245.9 246.7 247.9 249.9 254.1 260.8 266.6 273 278.9 280.5 280.9 284.1 291 293.9 293 288.9 284.6 283.1 280.5 280.3 279.6 279.8 280 278.3 276 273.1 266 267.9 271.3 272.1 273.3 275.9 279.8 281.8 283 284.1 282.9 281.4 280.2 282.4 287.6 290 289.3 284.3 280.5 281.7 282.3 283.4
178.9 178.6 185.2 190.7 193.8 194.3 192.8 191 190.7 190.7 189.6 190.2 191.8 191.5 189.9 189.9 189 186.4 184.6 175.6 182 181.7 186.7 194.6 202.3 210.7 215.9 222.2 227.3 230.8 234.6 236.7 236.7 238.3 241.6 245.5 251.4 258.7 266.6 273.7 279 281.6 285.9 287.7 286.2 281.2 277.1 275.4 272.6 274 273.2 275.3 275.3 273.4 271.7 268.4 259.7 264 265.4 266 267.8 270.4 273 274.8 275.4 275.4 275.5 275 273.4 273.2 274.2 276.9 278.6 274.2 280.8 282.9 282.9 283.8
177.4 175.9 181.8 187.4 189.2 190.7 190.9 190.3 190.2 190.3 189.2 184.6 188.5 189.6 187.8 190.2 189.8 188.4 182.2 174.8 176.7 179.1 185.9 193 199.4 205.2 208.9 213 219.1 224.3 225.2 224.5 224.2 225.8 230.2 233.1 236.7 241.3 247.9 256.6 264.9 274.4 277.4 279.8 276.9 273.2 271 268.8 265.4 263.7 264.8 266.6 267.8 266.5 265.5 262.8 259 258 258 258.5 262.9 265.5 267.4 268.3 269.5 269.8 269.5 269 267 265.9 265.5 267.3 270.4 272.4 274 277.7 282.6 282.4
175.4 177.7 182.2 184.1 184.5 184.7 186.8 187.2 186.3 187.6 189.8 189.7 182.6 183.6 189.1 189.1 189 188.4 182.8 176.6 174.3 180.7 187 192.5 196.7 198.9 200.9 203 204.4 209.6 214 213.4 213.5 215.4 220.3 223.1 227 229.8 233.3 239.2 246.3 253.7 261.6 268.8 271.1 269.2 266.1 263.8 259.5 258.4 258.4 257.7 257.1 258.5 258.3 256.6 253.4 250.4 251.1 254.5 257.8 259.6 261.3 261.3 262.6 263.7 264.6 263.1 260.6 261.1 262.6 265.6 270.5 271.6 273.6 277.3 283.3 284.3
179.1 180.3 182 181.9 180.5 180.3 182.6 184 183.6 183.2 184.8 187.4 182.9 184.9 189.4 188.4 187.4 186.7 184.3 178.8 172.5 181.9 186.4 191.3 193.2 191.9 191.4 192.3 193.4 196.5 200.3 202.1 204.7 206.8 210.9 213.9 217.6 222.4 224.3 226.9 230.9 236.6 243.4 247.5 253.1 258.2 259.5 259.3 257.2 256.4 256.6 253.6 253.5 251.6 250.7 250.7 246.7 244.6 248.1 251.1 254.4 255.8 256.6 254.1 254.8 257.8 259.3 257.4 261.2 266.5 272.1 275.4 273.9 272.3 274 276.8 281 281.4
177.5 178.8 181.1 181.6 177.6 179.2 183.6 181.7 180.7 181.3 179.3 180.1 180 183.1 188.1 188.3 185.7 185.1 181.8 177.6 171.7 176.3 179.9 184.6 188.3 185.3 183.9 183.5 185.5 186.2 191.8 193.7 198.1 201.8 204.9 205.4 210.2 215.7 218.7 219.1 223.2 227.2 231.2 235 238.6 241.6 246.1 248.2 250.6 251.8 252.8 252 249.5 247.9 244.3 240.7 239.2 241.7 244.6 248.6 248.7 249.3 250.9 249.4 252.3 253.3 255.3 258.4 262.4 267.9 272.8 274.4 273.4 273.7 274.2 277.6 279.9 281.2
171.1 175.2 175.3 174.9 172.1 174.9 178 176.4 176.1 177.2 174 173.8 176.1 181.4 185.5 185.7 184.1 177.9 175.4 172.6 170.5 171.3 172 173.8 178.3 180 178 177.1 179.8 181 183.9 189.8 196.1 201.3 200.2 197.7 202.4 208.6 212.3 214.2 217.3 219.2 221.9 227.5 231.3 232.5 235.5 240.5 241.6 243 243.6 242.8 246.9 246.1 246.6 240.3 239.6 242.1 242.6 243.8 244 244.6 246.3 248.7 254.7 254.9 255.6 257.4 262.4 266.2 268.9 270.5 273 274.2 278.1 281.5 284.5 283.5
166.4 177.4 174.1 168.3 167.6 167.3 167.5 167.9 169.2 170.7 170.2 171.7 175.5 180.2 182.7 178.5 176.7 173.7 170.5 169.3 169.2 169.9 170.6 172 173.9 175.1 175.1 174.9 177.9 178.2 181.7 186.7 192.8 196.3 194.2 190.1 190.9 195.3 205.2 209.2 211.5 214.2 213.6 214.7 221.7 225.7 229.9 234.9 235.6 235.9 236.3 239.1 241.6 239.2 238.2 236.3 232.5 237 240.1 244.5 243.3 244 244.9 250 256.3 255.1 255.9 260.7 262.7 264.5 266.9 270.2 272.3 273.6 277.8 280.4 284.2 285.2
165.3 168.2 169.2 165.4 165 165 165.2 165.4 165.8 166.8 168.3 169.7 173.3 177.1 179.5 175.9 171.1 168.7 172.7 177.4 170.3 170 169.7 170.5 171.4 172.2 172.2 173.9 175.3 175.6 177.6 183.2 190.2 191.7 188.2 185.6 186 190.4 191 202.5 205.7 209.8 209.1 208.4 215.5 219.7 222.5 224 229 233.3 235.5 236.1 236.1 234.8 235.3 231.9 229.6 233.6 241.1 246.4 245.6 244 245.1 248.6 251.7 255.4 259.2 262.2 263.2 267.9 272.7 276.5 276.9 278.9 279.8 286.3 289.4 290.5
163.5 163.1 163.1 163.9 164.7 164.4 164.6 164.7 165.2 166.2 167.5 168.8 171.5 174.5 175.3 169.6 167.9 170.5 177.6 178.6 175.3 172.9 170.6 169.4 170.8 171.1 171.3 172 173.7 174.8 177 182.2 185.7 187.1 184.2 183.5 185 185.8 195.7 202.6 198.2 198.9 203 201.4 209.6 213.5 213.5 217.4 218.5 220.9 226.9 226.8 228.7 230.9 231.9 227.2 230.8 238.5 243.1 245.8 246.3 244.9 246.5 249.5 253.2 259.6 263.4 266.4 269.4 274.3 277.9 282.2 286.7 289.6 292.4 295 296.5 297.2
162.9 162.7 162.6 163.2 163.8 163.6 164 164.1 164.8 165.4 165.9 167.2 169.1 170.6 168.7 167.1 171.3 177.7 181.4 180 176.4 173.3 173.6 170.7 170.5 171.1 171.2 171.9 172.7 172.8 177.2 179.4 180.2 180.6 180.7 182.1 182.8 183.8 191.1 196.3 201.9 205.2 207.8 206.3 209.1 209.6 212.1 217 214.2 215 218.4 223.2 222.2 222.9 223.8 229.6 234.4 239.8 241.1 243.1 243.6 245.5 247.7 252.3 258.2 263.2 266 270.6 272 276.3 282.7 288.1 293.4 296.1 297.5 299.1 299.2 299
