ny/ny38_OST50GRID_20230518/NY38.asc
ncols 200
nrows 200
xllcorner 330000
yllcorner 580000
cellsize 50
[rows 0 to 34 of 200, columns 79 to 157 of 200]
316.3 325.5 323.1 312.9 287.9 263.2 250.1 243.7 238.9 238.7 241.3 242.3 241.8 237.1 228.2 225.6 239.2 252.3 265.2 275.2 282.7 283.9 288.9 292.6 305.1 311.9 325.6 341.9 354.4 364.9 374 375.8 369 355.7 337.3 317 301.5 285.9 279.5 271.6 257.6 240.7 221.7 204 190 176.1 163.4 154.4 145.3 137.2 132.8 132.3 129.5 125.5 122.7 120.5 118.8 114.8 114.5 113.7 113.3 111.9 114.2 138.4 153.9 175.7 193.7 211.2 230.2 240.6 240.8 245.7 255.3 253.2 237.3 215.4 193.8 177.4 189
328 334 330.2 315.9 293.3 265.6 242 235.8 230.2 224.4 227.8 228.6 226.2 223.4 219.7 225.5 232.8 245.5 256.4 266.2 270.2 272.9 273.3 291.5 306 316.3 333 351.3 365.8 377 382.2 379.6 369.9 354.6 333.9 311.2 288 271.9 263.2 259.4 244.4 226.7 208.9 196.4 182.9 170.1 161 152.8 144.4 137.2 137.5 136.5 134 128.7 122.3 120.2 118 115.4 114.4 112.9 112.4 112.1 114.4 133.7 148.4 168.1 186.4 203.3 219.3 231.9 241.5 247.4 251.5 248.9 237.3 224.8 206.1 188.5 185
338 340.1 328.6 318.8 300.3 272.4 246.9 224.4 220.8 216 214.4 213 212.7 213.1 210.5 220.6 227.5 237.3 245.8 249.4 256.4 262.7 278.6 294.6 309.1 322 341.2 359.6 374.5 384.9 385.5 378.2 366.4 350.8 330.3 304.6 279.7 257.8 250.3 245.7 230.7 215.7 199.9 186.8 174.6 165.9 159.2 151.5 142.6 144.1 144 142.9 140 133.7 127.4 119.5 117.9 116.6 114.7 113.3 113.1 112.8 111.7 133.5 148.4 163.3 180.1 193.7 206.4 218.6 223.6 228.3 231.5 233.6 232 229.3 216.8 200.4 187.9
343.7 337.1 328.2 316 298.5 275 252.1 226.5 210.5 207.4 208 205.2 205.5 200.5 201.3 213.8 220.4 229.5 239 246.4 255 268.2 283.7 300.3 316.8 328.9 348.8 365.5 377.7 382.9 380.6 374 362.9 348.4 326.6 301.1 274.5 250.6 236.8 231.7 218.4 203 189.7 177.7 169.4 163.6 156.1 152.9 151.4 150.4 152.3 152.5 148.1 140.4 131.7 123.9 117.3 115.9 114.5 113 112.7 112.2 114.7 133 143.8 157.2 170.5 183.5 195 202.6 207 212.3 217.8 223.7 231.8 235.2 229 218.7 209.5
336.4 328.8 319.9 305.8 286.7 265.7 245 219.7 203.9 196.9 199.6 196.6 192.7 197.9 212 220.5 229.6 238.6 246.5 255.5 265.4 277.6 292.5 308.2 324 337.8 354.3 366.9 372.9 375.9 375.2 368.9 358.9 343.4 323.9 297.5 271.3 245.5 221.3 218.2 204.7 191.5 181 173.7 167.3 161.5 159.5 158.6 158.3 159.3 161.5 160.4 155.4 147.5 137.1 127.4 115.9 115 113.8 112.3 112.4 111.9 112.8 133.1 140.5 149.4 162.7 173.4 184.5 190.2 195.7 200.1 208 224 239.7 247 246.1 240.5 231.8
330.8 320.6 309 294.7 277 256.5 236.2 212.4 198.8 188.8 190.2 184.7 198.2 208 217.9 228.2 238.5 248.4 257.9 266.1 276.9 290.2 304.9 318.3 332.1 343.8 352.1 359.4 365.4 368.1 367.5 362 353.2 338.5 319 292.6 262.7 240.7 217.2 205.3 194.8 185.2 177.7 172.6 166.5 165.4 164.6 164.7 167.6 172.4 174.6 169.5 163.1 150.4 139.4 130.2 119.6 114.1 114.1 112.4 111.6 111.7 111 131.3 137.1 146.8 156.8 164.7 173.5 178.8 183.3 192.8 212.5 229.8 248.6 259.4 262.7 258.6 254.3
322.7 311.3 297.7 285.3 267.1 249.5 227.4 205.9 192.8 178 179.6 192.5 202.7 214 227.3 239.2 252 263.9 273.1 281.5 292.7 305.4 317.8 326.4 335 339.1 344.7 348.9 355.6 361 360.5 356.3 349.5 336 314.6 288 261.8 235.5 212.4 197.7 188.3 181.5 176.1 172.3 171.6 171.3 172.3 175.5 185.3 192.8 191.1 179.6 165.5 152 141.5 132.5 124.4 113.9 111.6 110.9 111.3 111.1 112.1 124.7 134.2 141.4 149.7 157.7 160.7 165.5 172.1 195.7 216.1 235.1 250.1 260.5 267 271.2 272.8
309.3 299.8 285.6 270.8 254.9 239.6 217.6 199.7 184.2 169.2 183.2 195.4 210.6 228 243.3 258.3 271.7 285.4 295.4 303 312.2 319.7 323.4 328.9 328.9 331.1 334.2 340.1 346.6 353.6 355.9 352.7 343.2 326.6 305.2 278 252 228.3 207.7 194.2 184.7 179.7 176.1 173.7 177.1 179.6 184 191.6 204 209.9 210 200.4 184.9 162.5 143 134.2 126.5 116.4 111.1 110.8 110.6 109.3 111.5 119.6 130.2 134.8 140.5 144.7 147.3 152.6 175.2 196.1 215.5 238.6 250.6 259.8 265.2 270.3 278.2
296.2 287.1 275.6 260 248.4 228.8 209.9 193 177.4 168.9 183.9 200.7 222 242.1 260.9 275.6 290.4 303.9 315.2 323.9 328.4 323.9 317.9 317.3 316.3 318.9 322.6 330.2 337 346.4 352 347.8 334 316.9 296.4 270.7 247 224.6 205.1 189.4 180.2 176.3 174.3 178.3 186 190.7 199.6 212 222.5 227.3 222.5 213.5 196.8 176.4 151.8 133.4 125.9 120.7 118.1 110.7 109.9 110.8 111.4 111 123.3 126.5 127.3 134.4 138.3 152.7 170.1 197.8 221.4 230.7 241.7 252.3 258.7 266.7 275.4
283.7 276.1 267.8 255.5 238.5 219.5 202.3 186.7 171.9 168.6 183.3 203.1 226.1 247.2 266.9 285 302.2 318.1 328.2 330.5 325.5 315.6 306.9 299.7 299.6 302.7 311.1 318.6 330.5 341.5 348.8 342.3 328.7 311.5 287.5 264.5 240.8 219.7 201.4 185.3 175.8 174 175 186.7 199.6 210.9 223.2 235.3 244.2 247.2 241.1 224.2 202.7 182.5 167.8 148.8 130.3 124.2 120.1 110.5 111.8 110.4 110.9 110.5 115.1 120 121.6 125.8 135.4 150 169.1 192.5 212.8 224.1 232.4 240 248.2 256.2 267.3
275.2 267.4 261.7 249.9 231.3 213 195.1 181.5 166.2 167.1 181.4 202.1 225.7 248.1 269.1 289.4 308.2 322.3 327.6 326.2 317.9 307.7 294.2 282.6 280.9 287 297.9 311.4 325.9 339.4 344.4 337.8 321.6 301.6 279.9 256.4 233.7 213.6 197 181.5 173.4 172.2 180.2 201.6 220.4 234.1 245.5 255.8 264.4 263.4 252.4 239 215.9 193.8 173.4 156.6 141.4 129 125.1 118.3 109.1 110.1 110.6 110.6 110.7 116.1 117.7 122.9 133.6 148.4 167.4 184.5 198 205.9 212.7 222.3 231 241 252.4
255 251.4 247.5 239.9 223.3 206.7 190.6 176.6 161.3 165.7 181.5 200.2 224.7 248.2 270.4 289.2 305.6 317 321.5 320.3 309.8 296.6 280.3 266.7 263 270.3 287.6 306.4 322.7 336.6 340 332.6 318 296.7 271.7 247 225.5 207.8 191.3 177.9 172.2 174.9 188.6 213.9 236.7 253.4 262.4 272.7 275.1 270.3 266.4 251.4 230.1 208 185 166.2 147.8 133.6 126.5 122.6 109.1 109.5 109.6 110.1 110.1 110.8 115.7 124.3 132.9 147.7 162.2 175.9 185 193.6 199.4 205.2 211 221.3 233.7
233.7 233.1 231 224.8 212.3 194.7 183.2 169.7 155 163.6 180.2 200.5 225 247.1 268.3 284.8 299.6 313.1 319.9 317.5 299.7 283.9 267.5 254.3 243.6 257.8 275.2 296.3 314.6 326.7 330 325.1 309.8 289.1 264.3 239.7 217 200.7 184.6 173.8 171.4 181.3 197.8 222.9 250.3 270.2 278.4 279.9 279.5 274.8 270.3 256.5 239.7 220.8 199.3 178.5 157.4 142.9 130.4 122.1 109.8 109.3 108.8 109.9 109.8 109.7 116.9 122.5 132.7 145.8 159.2 168.4 174.4 182 187.4 192.1 198.6 206.1 218.4
208.6 213.4 212.1 207 196.7 182.2 174.6 161.7 148 161.5 177.9 198.5 221.4 240.8 261.8 281.1 298.6 312.9 325.9 327.2 305.3 280.7 260.9 241.6 235.6 244.8 263.4 282.8 301.4 315.1 317 311.5 295.8 275.7 253.8 229.6 209.4 193.3 179.8 171.6 173.8 188.9 207.2 231.8 258.7 281.9 288 287.8 281.6 278.1 269.9 257.4 245.7 230.1 210.7 190.4 169.5 151.9 133.9 121.7 109.2 109.6 109 109.3 109.5 116.1 118.7 125 133 146.8 156.4 161.3 167.4 175 180 185.6 192 197.6 206.6
190.4 191.3 194.3 188.9 181.4 173.1 166 155.7 143.2 158.7 175.5 199.1 219.3 241.6 263.2 284.3 303 320.2 332.4 331.9 309.7 284 258.6 238.6 224.8 230.3 249.7 266.8 283.2 298.5 301.2 294.3 278.7 259.9 239.6 217.8 201.1 186.2 174.8 170.3 178.7 195.2 216.2 241.7 269.3 292 297.3 293.2 286.9 278.4 271.6 257.6 247.6 227.8 209.5 194.9 169.7 151.8 132.8 120.4 109.1 108.7 109.4 110.5 115.3 117.9 120.8 124.6 129.1 132.8 137.1 147 155.7 167.6 175 180.5 187.1 193 200.5
175.3 175.1 175.2 173.6 167.7 165 157.8 147.8 137.8 156.4 177.2 199.3 221.2 244.3 268.5 292.1 311.6 327.8 337.9 330.5 308.7 284.2 258.2 236.3 216.5 217.5 233.3 252.3 265.2 278.5 281.6 275.3 261.2 244.7 227.2 207.9 192.7 179.5 171.3 173.1 185.9 204.2 227.3 255 282.6 298.3 296.8 292.2 282.4 273.7 263.6 253.7 240.8 224.4 208 188.1 168.8 145.5 129.2 120.1 109.5 109.2 110.5 112.7 115.6 117.4 121 123 131.1 147.1 150.5 153.3 152.6 155.1 153.8 157.7 175.7 189.8 197.7
160.2 160.1 161.3 161.5 157.1 155.6 149.8 139.8 134.8 157.2 177.7 201.3 225 251.1 276.4 299.1 318.5 331.7 338.5 328.3 307.8 280.2 254.1 230.9 213.8 207.3 218.2 237.3 246.4 253.9 259.8 257.7 247.5 233.1 215.8 198 183.6 174 169.5 178.6 192.8 214.7 241.7 267.2 291 302.3 298.1 288.7 279.3 267.6 259 246.6 231.1 221 201.2 178.9 160.6 140.6 126.6 119.3 108.7 108.8 110.7 112.9 115.1 116.9 120.8 129.5 139.7 153.8 163.8 170.1 174.7 178.8 182.4 183.7 180.5 174.5 194.4
143 146.5 147.8 149.9 150.1 147.7 143.1 132.6 134.7 157.5 178.1 204.5 230.9 257.7 282.7 302.9 320.6 331.1 335.4 324.1 304.1 276.3 248.8 226 209.9 197.6 209.8 221.1 228.8 233.2 240.3 239.8 231 216.6 201.2 187.3 177.3 169.2 172.9 184.5 204 230.3 259 285.7 304.1 301.6 296.3 280.4 271.4 256.4 246.1 232.5 216.7 202.7 189 167.3 153.6 133.1 125.1 118.3 110.7 108.6 110.3 111.9 113.4 115 119.8 130.3 144.8 163.5 179.5 188.5 195.1 197.7 196.7 194.9 192.9 179 175
135.1 132.2 132.8 139.3 141 139.3 134.6 119.2 136.6 157 183.5 205.1 233.3 257.5 281.8 301.5 313.7 322.3 326.3 318.6 300 272.6 244.7 224 208.2 192.3 198.6 208.1 211.9 215.1 218 218.4 208 197.3 188.3 178.7 171.4 168.5 178.6 192.8 215.2 244 272.2 296.2 304.8 301 292.7 282.2 264.8 251.1 235.5 220.5 206 189.8 174.5 157.1 147.5 133.9 122.2 117.4 112.7 107.8 109 110.5 112 113.2 121.1 132.5 149.5 170.1 186.1 201 210.7 215.8 211.3 204.9 198 196.6 194.8
126.8 125.1 123.9 125.8 129.1 130.2 121 118.4 143.9 156.4 179.8 202.9 229.8 251.8 272.3 288.5 300.8 306.6 311.5 310 294.4 269.6 243.5 224.2 204.9 189.6 187.8 195.5 198.9 198.6 197.3 197.1 188.3 185.1 179.6 171.5 165.3 170.5 183.7 202.6 227.8 257.7 285.1 296.7 299.8 299.1 292 281.5 265.5 249.7 229.3 212.7 194.8 180.4 166.1 148.1 138.7 126.7 120.7 117.7 109.3 107.6 107.7 108.9 110.7 111.4 122 136.5 153.3 171.5 193.8 204.4 214.9 218.8 215.8 210.6 203.3 202 203.7
117 111.6 107.6 107.1 114.4 125.2 111.6 128.3 140.4 155.1 173.2 193 216.8 234.8 254 269.4 281.7 290.7 294.5 296.3 285.2 267.5 242.1 219.9 200.1 186.6 182.2 186.5 187.3 186.6 184.4 178.4 177 176.2 171 165.7 164.4 177.7 192.9 213.5 240 268.6 288.5 293.9 297.9 295 288.2 276.8 266.1 248.8 224.1 200.9 185.9 172 155.9 143.7 134.7 125.8 119 115.3 108.1 106.8 107.3 107.9 109.5 111.7 126 139.6 155.6 174.1 192.1 203.6 213.2 218.1 217.6 215.1 208.9 206.6 206.8
94.6 94.7 94.6 95.2 98.8 103.4 107.1 122.8 131.3 145.8 162.5 177.4 200.2 216.4 235.7 252.9 265 271.7 274.8 277.3 274.5 262.9 242.4 217.6 197.2 184.3 172.5 179.6 176.4 174.3 172 169.8 169.3 166.5 162.8 160.1 171.6 186.6 203.5 225.2 250.1 272.9 286.4 294 301.5 295 288.2 273.5 257.3 235.8 212.9 192.6 177.5 165.1 150.9 141.4 133.4 125.9 118.6 113.5 107.2 103.8 106.9 107.1 108.5 115.2 128.3 142.1 158.2 174.2 189.3 200.2 208.5 214.5 217.9 217.5 215 212.2 212.7
98.5 98.2 97.8 97.8 96.6 95 98.1 110.7 122.9 134.8 147.9 163.1 182.8 197.9 216.5 230.8 242.7 249.4 255.3 260.7 260.6 256 242.7 218.6 196.4 181.9 168.5 169 166.5 164.6 164.3 163.3 162.7 162.2 156.9 169.7 180.9 196.6 216.5 238.4 260.6 278.1 285.1 292.1 293.8 286.7 277.2 260.3 244.6 224.4 204.9 183.8 172.1 160.7 149.7 139.5 130 122.5 116.8 110 106.5 106 106.3 106.8 108.3 118 132.1 144.9 160.2 174.6 184.2 193.5 200.9 208 212.8 216.1 216.3 217.1 216.6
98.8 98.4 98 97.3 97.3 98.2 95.5 99.3 107.8 126.7 136.5 153.8 167.1 182.3 199.8 213.7 225.3 232.9 237.6 245.4 251.4 251.2 243.7 223.9 198.9 180.9 166.3 157.9 158.2 155 156.7 158 157.4 154.7 165.5 176.8 190 210.9 230.4 250 268.4 277.2 282.8 288.1 286.9 276.5 266.2 249.5 231.7 212.2 195.1 175.9 166.9 157.7 147.5 138.4 129.7 123.1 117.1 106.5 106.2 106 105.9 106.4 110.2 123.6 134.7 146.6 160.2 171.7 179.6 188.4 195.6 201.4 208.4 213.2 218.2 221.2 222.2
100.5 100.6 100.7 98.1 97 97.1 95.8 94.4 98.1 117.7 130.9 142.1 152.6 169 184.7 196.3 208.1 214 221.9 230.9 240.5 243.8 237.9 222.3 202.7 181.3 165.2 156.4 148.9 149.2 149 150.8 147.8 158.8 168.6 181 201.6 223.4 240.7 258.5 270 274.2 276.5 279 276.2 267.1 255 233.9 223.1 204.1 189.3 173.7 164 156.5 146.5 136.2 127.6 120.3 115.9 105.5 105.5 105.4 105.5 105.8 110.4 125.4 137.7 145.7 159.7 166.3 176.9 185.9 193.9 201.6 209.5 215.5 220.5 225.1 229.6
99.3 99.3 99.1 99.8 98 96.9 95.7 94.6 97.5 98.2 125.1 132.9 141.8 157.3 168.5 181.9 192.9 198.6 209.8 217.7 228.1 232.9 228.2 215.6 198.5 178.3 165 151.8 144.8 143.5 144.4 142.8 153.8 160.9 171.1 185.9 209 230.4 247.9 262.7 269.2 270.8 271.3 270.6 266.8 256.8 244.3 229.3 207.7 194 184.2 173.4 162 156.3 143.1 132.9 126.3 118.9 113 105.5 105.4 104 105.5 106.4 118 132.1 143.3 154.9 161.8 169.4 179.6 189 197.6 206.2 213.6 221.1 225.6 230.5 234.7
99.4 99.2 98.9 98.7 100.8 98 96.7 94.9 97.3 96.3 108.9 122.2 129.2 147 159.5 171.7 180.5 191.3 196.8 207.1 216.5 222.8 219.5 206 189.4 172.3 160.2 150.9 141.4 137.7 140.8 148.1 153.3 160.2 171.2 190.3 213 232.5 249.1 262 266.1 264.3 261 258.4 252.7 243.9 231.5 219 198.3 184.2 176.8 170.9 161.9 150.2 140.1 131.3 123.5 117.8 110.2 105.4 105.2 103.4 105.3 107.4 120.2 133.8 147.1 158.8 166.5 175.3 184.3 193.1 204.4 213.9 219.9 226.1 231.4 234.9 238.9
99.7 100 99 98.3 98.6 97.1 97.3 94.6 97.3 97.1 96.4 116.7 125.8 139.4 152.5 158.4 170.6 182.9 187.8 197.9 206 210.6 209.2 196 179.5 165.1 154.8 146.7 137.5 137.8 143.4 146.8 151.7 159.5 171.2 191.5 211.4 232.2 246.5 259.3 261.5 255.4 250.3 247.1 241.6 230.8 221.5 207.2 191 180.7 172.7 168.7 161.8 150.1 135.3 129.5 120.7 116 108 108 105.1 103.2 104.6 108.6 122.3 136.5 150.2 162 171.2 179.2 189.4 202.1 216.2 225.8 232 236.5 238.7 239.2 240.5
101.7 101 100.9 100.4 97.4 97.3 96.7 94.2 97.3 97.6 96 115 124.9 133.9 140.5 152.6 164.6 171.4 181.5 189.1 196.3 202.3 198.7 185.9 171.7 159.7 151.1 143.5 133.7 136.6 141.1 144.4 149.4 158.5 172 189.3 208.6 228.4 241.1 254.5 253.5 247 240.1 234.6 227.8 219.5 209.2 199.5 187 180.3 170.2 164 154.9 144.5 132.3 125.1 119.4 115.3 104.9 105.1 104.7 105.3 105.3 113.9 125.9 139.7 153.2 165.3 176.3 185.6 199.6 211 224 234.8 242.4 244.5 241.6 238 236.2
118.1 111 100.9 100 97 97.2 94.7 94.9 96.9 96.8 95.8 106.5 120.8 128 136.5 148.2 158 164.5 172.1 181.7 187.1 189.1 189.2 175.5 164.6 155.1 146.8 138.7 129.8 135.4 139.9 143.4 147.7 157.6 170.3 188 204.4 220.7 232.9 246.9 244.6 237.8 232.2 225.7 219.3 209.8 200.9 193.3 182.7 176.5 164.7 160.6 154.2 141.2 130.7 121.6 116.2 115.7 103.3 102.5 104.4 104.8 105.9 119.3 132.5 141.2 154.2 168.7 181.2 191.9 204 213.6 223 233.5 238.4 239.6 237.6 232.1 229.4
124.1 118.6 112.1 101.3 97.9 96.1 93.8 94.8 96.1 96.4 95.2 109.5 120.2 127.7 134.2 142.9 153.9 161.8 162.9 171.2 176.1 179.2 177.3 164.3 156.3 149.1 142.7 135.2 126.8 133.4 137.4 141.4 147.3 157.2 169.3 186.7 200.6 213.9 226.3 237 234.1 227.1 221.8 217.3 212.3 205.8 198.3 189.4 181.8 176.6 169.6 159.1 149.5 142.8 128.4 119.2 114.8 101.5 103.9 103.9 104.1 104.9 108.1 123.9 137.1 146.9 163.8 176.9 187.8 197.4 204.6 209.6 217.5 227 231.5 230.9 230.4 225.1 221.3
133.2 123.7 113.8 105.6 95.5 95.7 92.8 95.8 96.5 95.2 95.5 118.5 119.6 124.6 129.9 140.4 149.9 157.1 163.9 164.6 168.3 170.4 166.4 152.2 150.6 144.3 139 133.1 125 127.7 134.5 140.4 147.1 158.2 170.4 182.8 192.8 204.3 215.5 222.1 223.4 218.2 214.4 212.8 211 206.5 199.2 191.2 183.6 177.7 169.1 161.5 151.1 137.8 125.2 116.1 113.8 103.1 103.5 103.6 103.6 104.6 108.8 124 141.9 157.2 171.8 184.5 195.1 199.9 201.2 204.8 211.5 219.6 223.9 222 221 215.9 211.8
142.8 125.7 115.2 104 95.4 95.8 92.8 94.3 95.7 95.5 96.6 116.8 117.7 122.1 128 139.9 148.6 154.9 157.9 161.3 155.2 159.8 154.8 145 141.5 140 136.3 132.5 127.8 122.6 133.3 139.3 147.7 159.1 169.9 180.5 186.2 196.2 204.5 211.8 213.7 211.3 211.4 213.3 212.6 209.7 203.1 195.1 186.3 177.9 168.3 159.5 150.3 137.4 123 115.5 107.5 102.3 103.4 103.4 103.4 103.8 110.8 130.6 144.1 161.6 176.6 190.7 199.5 201.2 199.5 200.1 205.3 212.2 215 212.6 210.3 205.4 203.1
152.4 130.5 117.7 106.5 95.3 95.4 95.9 93.3 94.6 96 97.1 115.6 116.4 120.8 127.5 137.3 146 149.8 151.1 152 152.4 148.8 144.8 141.3 139.7 139.3 132.9 128.6 126.2 119.5 131.6 139.6 149.3 159.5 169.4 177 182.6 190.1 197.2 202.4 205.7 207 210.1 214.6 215.5 212.7 205.4 198.5 190.2 178.2 168.6 159 147.8 135.2 122.2 114.1 111.1 101.3 103.1 103.2 103.2 104.2 116.4 134.5 148.2 164.4 180.4 192.1 198.3 198.5 196.9 196.4 199.9 203.8 206.7 204.8 199.9 198.7 198.1
153.1 132.5 120.4 107.6 96.5 95.1 95.5 92.8 94.5 96.6 96.3 113.7 116.3 120 126.2 137.2 142.8 148.9 148.1 145.8 146.4 144.1 137.3 137.5 133.4 135 131.6 125.2 121.5 118.5 128.6 138.1 150.4 159.3 167.9 175 180.1 185.1 192.3 196.7 199.5 203.9 210.4 215.6 218.5 218.1 210.6 200.8 191.7 179.8 169.3 158.5 148.2 136.3 121.6 113.5 109.6 101.2 101.9 102.8 103.5 104.1 119.9 136.8 153.8 170 182.6 190.3 195.8 196.5 193.6 193 195.5 199 200.8 198.2 194.1 193.1 193.3
