ny/ny38_OST50GRID_20230518/NY38.asc
ncols 200
nrows 200
xllcorner 330000
yllcorner 580000
cellsize 50
[rows 70 to 104 of 200, columns 0 to 78 of 200]
343.3 337.9 333.7 331.6 327.6 318.4 302.9 282.9 252.5 234 242.3 246.4 250.8 254.1 255.8 258.5 259.6 260.8 263.3 260.1 273.9 296.5 317.4 335.6 345.7 344.6 349.7 346.9 343.1 339.8 337 342.2 348.5 354.3 355.5 351.4 346.8 338.4 326.5 310.4 288.5 273.7 265.5 259 246 256.7 264.5 266.1 259.1 249 238.3 224.9 214.2 204.1 197.1 191.4 198.1 207.4 217.6 230.3 246.5 260.1 268.4 272.6 274 275.8 274.7 275 273.3 268.9 266.6 267.1 264.3 254.9 243.9 231.9 213.4 196.3 187.1
336.8 332.5 322.1 319 316.2 312.3 306.6 289.8 265.9 245.3 230.7 240.3 242.3 245.1 247.5 248.5 251 253.2 254.9 255.8 272.7 294.8 317.2 331.8 333.8 332.5 337.1 334.6 330.9 329.3 328.6 333.6 338.4 347.2 353.3 351.1 347.8 338.9 327 307.7 292.5 280.8 273.9 265.6 262.7 271.6 276.1 273 262.5 252.7 241.9 232.8 222.8 213 205 195.7 199.4 208.6 217.4 232.9 251 266.2 276.5 281.5 285.4 286.5 285.7 284.5 281.1 274 275.3 274.2 271.9 266.5 258.6 242.9 230.5 223 212.7
325.9 318.9 311.9 307.2 304.6 301.5 296.8 290.6 269.6 250.5 234 229.5 234.6 238.2 239.8 241.1 244.6 245.8 241.7 253.6 270.2 292 308.6 318.9 320.7 321.8 323.9 323.8 318.1 312.6 311.5 319.1 330.8 344.3 353.7 352.7 349.7 342.8 332.3 318.8 302.3 288.9 280.2 274.5 275.6 283.4 286.9 282.9 273.5 261 248.3 238 227.5 218.6 209.3 202 199 208.2 217.1 234.6 253 268.3 281.5 289 292.4 293 293.2 292.2 286.2 280.4 281.8 281.5 281.2 276.6 264.3 252.1 242.7 237.2 224.4
311.9 305.9 300.9 295.9 292.3 289.1 287.1 282.2 269.3 255.4 237.4 230 226.6 226.4 224.4 235.1 237.4 236.4 242.5 247 264.3 283.6 297.8 303.7 305.8 305.6 307 305.3 303.5 297.6 313.3 324.8 335 345.1 356.2 355 352.3 348.6 342 331 318.5 304.2 292.5 284.2 290.5 297.6 299.8 296.1 283.9 268.7 259.4 244.2 233.2 223.8 214.5 206.9 196.7 207 215 235.2 253.1 268.6 283.2 289.8 294.8 296.6 295.8 292.8 288.8 286.8 287.2 287.3 289.4 283.9 266.8 254.5 242.8 234.1 223.4
301.6 292.1 287.3 281.3 278.7 278.3 277 271.2 261.4 248.1 236.7 230.9 231.6 227.6 225.8 224.9 227 230.1 235.3 239.3 255.6 270.8 282.4 290.1 290.6 290.2 289.8 293.9 286.4 300.4 318.7 334.5 346.5 355.6 360.3 362.4 359.3 355.9 349.9 342 330.9 318.3 305.3 301 305.5 310.1 311.7 305.4 290.7 285.3 272.3 256.2 245.2 229.6 218.7 208.5 203.2 204.5 212.6 233.8 253.2 266.9 282.1 290.3 295.6 298.1 296.2 294.6 292.2 292.4 291.6 290.8 294.4 288.6 269.1 252.5 240.7 229.2 218
307.3 297.8 288.1 279.6 270.5 264.8 263.4 259.4 250.4 240.5 248.6 247.3 245.9 242.5 239.2 231.3 222.5 224.5 228.3 235.3 246.5 258.5 267.1 269.5 273.4 277.4 276.8 275.7 294.3 311.1 324.3 340.9 354.9 360.4 364.5 367.8 365.8 363.2 358 351.8 343.4 332.4 323.2 319.8 323.7 325 321.2 313.6 306.7 297 285.3 274.3 260 243.1 228.4 214.6 206.8 204.5 211.4 232.5 249.4 263.9 279.3 289.3 295.6 296.7 295.5 296.9 296.7 297.1 295.2 293 292.8 282.3 262.4 248.1 237.3 224.9 215.4
319.7 309.9 300.2 289.3 277.4 267.1 255.8 250.6 257.6 265.1 268.3 267.9 267.6 260.2 255.2 240.1 226.8 220.3 225.8 233.3 240.3 247.2 253.6 260.4 263 258.9 277.8 285.9 303.3 316.2 325.6 339.4 350.7 361.6 366.7 369.9 371.7 366 367.4 361.9 357.1 349.3 341.6 337.4 339.5 337.3 330.8 323.5 316.1 306.6 297.2 286.9 271 256.1 240.8 226.4 215.2 210.7 213.6 231.1 247.1 260.5 275.4 286.9 292 292.2 296 304.9 310.6 303.7 296.3 292.8 286.1 274.1 257.8 245.3 233.2 223.9 214.6
330.2 319.9 306.4 293.4 280.8 270.5 257.9 266.4 276.7 283.1 287.7 288.6 287.4 278.6 268.2 253.9 236.3 220.6 220.8 228.3 237 242.9 247.9 254.6 249.8 264.8 275.8 294.6 310 316.7 326 334.8 344.9 355.6 363.4 370.4 374 375.5 373.6 372.1 368.4 361.6 355.8 350.1 348.7 344.9 340.1 335 328.4 318.9 309.6 296 280 265.7 251.9 237.3 223.5 214.7 221.6 231.5 244.4 256.5 269.7 280.6 287.2 291.6 301.3 313.7 314.4 307.1 298.1 290.1 281.6 269.2 254 242 232.9 224.5 222
334.4 328.1 310.6 297.5 284.8 272.6 268.4 283.4 296.1 301.5 305.7 305.5 305.4 296.2 283.7 267.7 252.1 236 219.1 218.5 230.3 237.4 242.3 247.5 246 256.5 273.2 292.6 307.1 319.3 324.9 333.4 342 349.4 358.3 366.1 373 377.6 378.5 376.4 371.9 367.8 363.6 360.3 355.7 351.5 349.1 345.5 340.5 332.6 319.5 303.7 290.2 276.1 261 246.1 233.7 214.5 227.5 232.8 242 252.2 263.6 272.1 282.3 290.7 306.5 314.7 313.4 306.2 298.5 290.3 281.7 268.1 252.6 241.8 234.4 232.5 225.9
335.7 324.6 311.6 299.4 287.8 272.5 287 302.6 312.3 316.4 318 315.3 310.9 305.6 294.7 276.5 256.9 240.1 230.6 218.2 226.6 233.3 237.2 236 238.6 247 265.9 285.9 301.4 313.7 321.5 328.3 334.9 342.5 351 360.8 366.7 372.9 377.4 377.7 375.1 371.1 368.5 364.3 361 360.4 357.6 354.3 350.4 339.5 325.2 307.6 295.1 281.1 264.2 249.9 239.1 221.3 230.9 237 243.3 251.3 257.3 269.4 280.9 293.3 310.8 317.8 314.6 305.5 299.6 291.3 282 267.2 252.3 244.5 239.8 235.9 230.2
333.5 322 309.5 296.6 285.3 293.8 305 316.6 319.4 319.8 318.2 315.5 306.2 303.1 294.6 276 258.3 241.9 233.9 226.7 216 228.2 229 228.7 229.6 235.4 252.7 274.2 294.1 302.7 312.1 317.4 324.1 335.2 343.8 351.4 358.1 364.1 370.3 378.3 378.6 376.6 374.1 373 369.3 369 365.1 361.1 356.1 347.1 331.1 312.9 298.3 283.8 267.6 255 245.4 228.4 234.2 232.5 241 246.3 256.1 267.5 278.6 297.7 316 323.3 319.9 306.9 299 291.8 285 271.9 257.3 248.4 245.1 242.8 242.5
327.1 318 307.1 294.7 304.1 313.7 319.6 322.1 321.9 318.6 310.6 305.2 295.6 290.2 282.2 270.7 257.5 245.5 237.7 228.5 219.4 215.8 222.2 223.3 223.2 225.8 237.1 257.8 276.1 287.8 296.7 304.3 308.5 319.9 332.1 341.3 348.4 354.5 364.2 377.7 381 380.5 378.4 376.2 371.3 370.7 368 364.2 358.7 350.1 338.1 319.6 301.9 287.8 271.3 258.4 248.9 234.2 232.5 238.7 244.3 248.7 257 267.5 281.3 300.6 317.3 322.4 320.4 308.6 296.8 292.8 287.2 277.9 265.1 255.2 250.9 250.1 252.8
320.4 307.3 307.5 315.4 322.4 327.1 324.9 321.4 317.9 309.3 299.9 290 281.1 274.8 269.5 263.9 257.1 247.4 239.6 229.9 222 215.8 214.5 213.3 213.4 222.7 228.6 239.4 257 271.7 279.8 285.8 287.3 298.3 313.1 329.3 338.5 346.5 360.2 371.5 375 375.7 375.2 371.8 367.2 370.1 370.5 364.7 362 352.9 340.9 324.5 307.1 291.3 275.3 262.2 253.7 243.9 232.4 239.1 247.8 256.6 260.7 270.2 283.9 301.7 314.9 318.8 317 306.9 296.2 293.8 290.8 285.3 275.8 267.3 263 261.7 263.6
327.3 328.7 331.2 336.9 337.4 333.6 326.7 320 311.6 301.3 290.8 278.2 262.1 264.2 257.9 248.7 242.5 243 235.5 227.7 222.5 215.9 214.7 213.5 211.9 220.9 226.8 233.1 242.5 253.8 263.5 270.5 273.6 280.8 293.3 309.9 326.5 343.1 355.7 362.4 365.6 365.5 366.6 365.3 364 366.1 369.1 366 361.2 356.4 343.6 329.4 310.9 295.3 280.6 270.5 261 252 237.5 246.5 251.8 259.2 266.7 275.5 287.2 299.7 308 311.9 309.8 301.4 295.4 294 293.8 290.7 284.5 278.2 273.5 271.5 272.3
343.6 346.6 347.8 348.8 344.8 336.2 329.7 318 307.3 297.6 289.8 285.2 286.6 281.6 275.2 267.8 260.5 253 244 235.7 227.1 219 213.3 212 210.7 220 224.4 231.2 237.6 242.9 252.6 257.7 263.2 271.7 279.8 295.5 319 336.6 347.2 352 353.1 353.4 355.6 354.4 358 361.9 363.2 364.6 361.5 359.1 350.4 337.9 319.6 300.2 286.5 276.2 266.3 257.5 247.2 255 260.7 263.5 269.9 280.5 291 298.6 305.9 308.5 302.9 297.4 291.9 293.1 295.9 292.4 290.6 285 278.6 276.9 281.3
359.7 359.8 357.4 352.7 346 337.5 328 315.6 302.8 293.9 294.9 304 305.2 305.2 296.5 287.4 278.1 267.2 256.6 250.2 242.4 235 221.7 211.4 209.7 215.5 221.5 227.7 234.4 241.7 247.2 255.9 260.2 263.5 277.2 294 315.7 334.8 342.7 342 344.3 342.6 343.9 343.9 348.1 353.8 355.5 357.8 358.8 358.3 352.8 341.6 326.6 308.3 292.1 279.5 271.1 263.9 254.8 262.3 267.8 272.7 282.8 290.1 295.3 299.2 304.3 305 301.2 294 287.9 291.1 293.5 291 290.1 286 281.2 281.6 287
367.9 367.6 362.2 353.4 346.2 336.9 322.8 307 309 314.4 318 322.9 326.5 323.3 316.1 307.7 295.1 283.3 268.1 261.8 254.8 244.6 231.5 218.8 208.6 207.8 216.8 225.1 231.1 236.6 240.8 249.6 252.4 263.8 279.4 300.4 318.6 335.3 335.9 335.1 331.5 328.5 330.2 325.6 335.6 341.6 345.8 349.1 352.2 354.8 350.9 340.7 326.5 311.9 297 284.3 275.6 269.4 265.4 268.5 275.2 283.3 293.8 299.2 301.2 300.6 302.1 301.3 297.7 287.7 283.4 287.8 288.1 288.6 287.8 283 280.7 281.9 287.6
373.8 371 365.9 356.2 344.9 332.6 313 320.8 326.2 331.3 336 338.5 338.5 332.2 325 312.7 300.8 292.3 283.2 273.9 262.5 255 245.7 232.3 218.7 206.3 207.2 220.4 227.3 230.8 235.9 239.6 251.7 267.8 290.1 309.7 323.4 335.4 333.5 327.3 318.4 314.3 312 313.6 318.8 324.8 330.8 337.6 341.7 345.8 343.9 334.9 322 311.8 297.9 287.5 279.3 274.3 268.5 274 283.7 292.1 304 309.1 307.6 302.1 300 295.9 292.5 283.2 278.4 282.2 282.4 282.3 281.3 279.7 277.4 279.1 284.1
377.1 373.5 369.1 358.3 343.8 327.8 335.1 338.5 341.8 345.8 350 349.7 343.4 336.5 328.9 314.9 302.1 292.3 283.5 275.6 267.8 259.6 254.9 245.8 230.6 209.6 206 212.9 220.5 224.2 231.8 240.5 257.6 277.5 296.6 316.6 328.5 332.1 329.3 319.3 308.6 301.5 301.5 303.9 305.6 313.4 318.5 325.6 332.4 336.8 335.2 327.5 318.6 309.5 297.9 289.6 282.5 274.5 268.1 281.7 289.7 303.8 312.3 315.5 311.6 302.6 298.7 293.5 289.3 281.9 275.6 276.2 275 274.2 273.8 273.9 270.7 273.9 277.4
377.7 377.2 373.1 358.6 350.8 352.4 351.7 352 354.7 358.3 359.9 356.7 349.9 342.8 330.9 317.3 301.7 290.6 282.8 276.2 270.6 261.2 255.9 248 235.4 217.4 205.9 210.1 215.1 221.5 227.6 247.1 266.8 285.8 304.6 319.5 325.2 325.2 321.6 310.6 297.1 294.7 294.9 295.8 295.9 301.2 308.4 317.3 325.2 329.2 326.7 321.6 313.4 307.1 298 291.1 282.9 269.3 276.8 289.4 299.8 313.5 317.1 316.1 312 304.3 298.9 292.8 288 278.2 273.5 271.1 269 266.1 265.5 264.6 261.6 265.9 267.8
380.4 380.7 373.9 366.8 364.8 362.6 362.8 363.5 364.8 363.7 362 359.9 351.8 343.3 329.7 313.1 297.1 287.9 280.1 274.6 268 257.1 250.9 243.4 230.5 213.2 204.3 208.2 211.4 214.3 229.9 252.7 272.9 293.3 308.8 317.9 320.4 318.8 310.8 299.1 290.9 287.4 288.9 291.2 291.5 296.8 302.5 312.5 323.2 326.7 320.1 314.4 309.4 304 296.1 288.9 276.3 275.4 286.9 295.9 305.9 312.4 313.5 312.9 310 304.7 301.2 296.2 288.2 280.9 274.6 268.5 258.9 261.6 256.6 255.3 252.9 254.4 255.7
383.9 380.8 377 373.3 371.6 369.7 367.7 367.9 368.1 365.3 363.6 360.9 352.3 342.4 328.7 311.1 297.2 283.7 275.3 269.9 262.7 251.7 240.1 231.3 219.8 207.9 202.1 205.1 205.8 213.2 238 259.9 279.3 295.6 305.9 312.8 314.1 309.4 298.2 288.5 282.2 282.4 284.1 285.8 288.4 293.6 305 317.2 326.3 325.8 317.9 309.4 305 299 291.2 282.6 273.6 283.3 293.4 299.8 306.1 308.5 309.4 308.4 306.8 304.9 305.2 303 294.4 283.4 275 269.7 264.8 252.6 248.2 245.6 244.7 244.8 245.3
385.4 385.1 382.2 378.7 376.9 373.8 370.4 368 366.8 363.9 361.3 357.9 350.5 338.2 324.2 312.7 297.6 281.1 268.1 257 250.6 238.6 226.1 217.8 209.7 202 201.8 202.8 206 229.4 246.5 266.6 283 294.2 301.2 304.4 299.8 291.4 278.3 275 275.4 277.4 278.7 278.2 285.1 298.5 312.8 323.9 328.9 324.9 316.7 307.4 299.7 292.9 286 276.8 277 289.6 298.3 302.5 304.1 305.6 305.8 305.4 305 305.1 306.5 307.6 301.2 289.1 276.6 270.7 264.7 259 252.1 236.2 233.7 237.1 235.2
386.7 387.9 386.4 382.9 379.3 374.1 370.4 366.4 362.4 359.3 356.2 351.8 345.6 335 327.6 315.6 295.1 275.9 258.8 245 236.9 225.3 215.8 211.1 201.4 200.6 202.6 203.6 220.9 237.5 255 272.8 284.1 290 294 290.7 281.2 273 268.6 269.1 271.5 273 269.9 279.1 290 306.8 319.5 329.1 330.7 324 315.6 303.6 295.8 289.7 280.6 276.4 284.4 297.1 303.8 306.9 301.8 301.7 301.5 301.6 301.6 304.4 309.9 311.2 306.9 297 284.2 274.5 266.3 259.5 254.6 250 235.8 226 223.1
388.1 388.4 386.9 384.1 379.5 374.2 369.3 360.8 354.8 354.1 350.9 345.7 337.4 331.5 324.8 311.4 291.6 270.8 252.6 234.7 224.8 218.1 213.2 208.1 200.5 199.6 203.2 216.7 233.6 246.9 263.9 275.4 280.3 282.7 281.3 274.3 266 264.5 260.7 266.4 268.6 262.7 272.3 280.7 298.5 315.8 325.8 330.1 328.1 323 314.8 304.3 292.2 284.6 275.8 277.4 291.4 301.5 304.8 302.8 298.4 297.3 297 297.3 299.2 306.6 311.5 314.2 312.6 305.8 294.7 279.4 269.7 261.9 256.8 251 245.1 234.3 225.1
387.2 388.8 386.8 383.9 378.6 372.7 364.7 355.6 347.2 345.1 342 337.9 331.7 325.9 317.6 304.6 287.5 262.8 244.7 228.9 219.1 213.1 209.3 200.5 199.4 202.7 213.2 232.2 247.1 260.2 271.4 275.1 277.5 276 268.9 258.9 257.4 258.3 258.1 263.2 263.7 264.6 274.2 291.5 308.7 321.3 328.7 326.5 324.5 319.6 311.3 301.5 290.8 280 272.6 281.2 293.5 301.9 306.6 303.8 293.9 292.9 292.5 293.4 298.5 307.3 314.2 317 317.8 313.6 303.5 292.3 283.1 275 266.7 258.6 244.8 234.2 225
384.2 385.8 384.8 381.2 376.6 370.4 364 353.8 340.6 333.3 329 325.9 324.1 317.8 310.1 297.1 282 253.9 237.9 221.9 212.1 209.4 203.4 198.6 206.4 217.6 231.3 246 260.9 272.3 272.6 271.4 269.4 264.7 254.5 251.5 251.8 252.1 255.2 255.7 252.9 269.6 283.6 299.7 311.7 322.6 326.3 322.7 319 315.3 307.8 298.6 287.4 276.4 270.9 282.5 292.6 301.4 305.3 300.3 288.7 287.1 287.4 288 297.5 306.4 314.8 318.7 320 317.3 310.9 301.9 293 285.5 277.5 268.1 255.7 235.2 223.2
378 381.9 381.6 377.9 373.7 367.8 362.6 355.3 343.6 327.9 309 313.7 312 311.1 302.4 291.6 276.3 251.4 229.9 215.2 206.8 202.2 196.6 206.3 217.6 223.8 241.3 254.4 266.1 272.1 271.3 266.8 261.8 251 244.6 245.2 246.2 246.7 249.6 251.4 266.3 278.9 292.2 303.7 312.5 318.3 321.6 318.3 315.1 309.3 302.3 292.6 284.2 273.5 271.9 283 290.4 298.4 298.8 293.2 283.9 281.1 281 284.2 294.4 303.7 314.1 320.7 323.5 322.6 317.8 310.3 302.2 293.1 284.1 273.6 261.8 245.7 228.8
372.2 376.2 377.3 373.1 369 365.9 359.3 350.8 343.7 331.6 314.4 297.3 301.7 304.2 299.5 286.6 270 250.8 231.9 213.1 198 196.3 199.2 212.1 217.6 227.1 240.8 251.7 263.6 268 265 260.1 243.5 239.9 239.8 240.2 241.1 231.1 250.6 265.2 277.5 287.4 299.2 305.5 312.1 314.5 314 312 308.8 302.4 295.6 288.8 281 270.8 270.7 282.5 289.6 295.2 293.5 288.1 280.7 276.9 274.8 280.7 290.8 300.7 313.2 321.5 326.8 326.7 322.5 317.6 309.1 298.4 289.5 279.3 267.4 250.9 235.4
369.4 373.1 370.9 367.2 364.5 360.8 354.2 348.6 341.6 330.1 312.9 297.9 289.3 294.2 292.4 283.7 268.5 248.1 231.3 212.9 197.9 195.5 195.7 211.4 212.3 218.2 234.4 245.2 255.2 256.7 255.9 248.2 235.2 233.9 234.1 234.3 226.1 246.6 262.8 276.5 287 295 302.4 308.4 311.9 311.4 308.3 305 301.4 295.4 289.6 284.5 276.9 268 270.6 280 287.6 292.6 295.4 289.9 277.9 272.3 268.7 274.5 285.2 297.6 310 318 326.5 329.5 325.9 320.6 312.8 301.3 295 287.8 275.8 256.7 242.3
367.5 369.8 365.3 361.5 359.5 356.4 350.6 344.5 337.3 327 313 293.7 278.3 284.6 285 277.5 262 245 230.2 213.2 199.1 194.7 193.3 207 205.4 211.5 219.2 234 244.9 241.2 238.5 233.8 226.8 227 227.1 221.3 239.7 256.5 271 282.4 291.6 301.4 309.4 311.6 310.4 309.8 303.7 299.3 294.5 290 285.7 281.5 273.5 264 270.7 278.2 285.2 293.9 298.7 292.8 280.3 267.4 265.7 268.6 280.2 291.9 304.5 314.6 322.3 324.9 323.8 318.1 310.4 302.3 298.6 294.3 284.7 270 250.9
366 363.9 359.3 356.3 354.2 349.7 344 338.7 331.3 320.8 308.9 288.6 269.9 271.2 274.4 268.6 257.6 243.9 226.5 212.8 197.5 194.6 192.9 196.7 200.7 204.1 206.9 217.8 221.3 225.7 224.9 222.4 221.8 220.2 212.1 231.7 249.1 261.9 275.5 285.4 297.8 307.5 312.1 310.7 307.9 304.5 299.5 293.1 290.4 287.7 283.9 278.6 269.8 261.9 270.1 277 284.9 296.6 299.1 293 281.3 264.7 261.4 261.2 274.4 287.4 297.4 307.9 315.2 319 317.3 312.1 305.2 301.7 299.6 296.1 287.9 275.5 260.4
361.5 358.3 355 351.9 348.1 342.9 336.3 330.8 322.5 312.8 301.4 285.6 265.3 258.1 263.1 259.9 250.8 238.8 222.9 207.6 200.6 197.5 195.2 192.3 191.5 199.7 202 203.8 206 211.9 213.9 215.7 215.4 207.1 224.1 240.3 255.6 266.1 277.3 291.6 300.6 306.8 309.4 308.8 303 298.5 293.4 288.8 287 285.4 280.5 275.6 265.9 257.8 269.1 274.6 286.2 297.1 298.5 292.3 281.1 263.6 258.4 253 265.1 280.4 290.1 298.3 304.9 308.9 307.8 304.7 300.4 297.7 297.1 294.8 286.8 275.9 262.3
356.3 354.1 351.4 347.3 342 335.2 328.5 319.9 311.6 301.1 291.1 278.7 265.9 251.3 251.2 246.3 237.6 226.2 214.5 207.9 202.2 199.8 197.6 193.3 191.4 190.9 195.7 199.2 201.5 204.9 208.7 209.9 208.5 212.9 228.4 242.7 256.5 267.5 280 291.4 298.1 300.7 302.4 300.5 296.8 291 287.1 284 282.4 280.7 275.8 270.8 263 260.2 267.3 273 287.1 296.9 299.5 292 280.9 262.8 254 245.5 258 271.4 281 289.5 292.4 296.9 298 297.4 293.2 290.7 293.6 291.9 284.9 274.5 263.2
353.6 350.4 346.5 341.1 335 326.2 316.3 306.4 294.4 283.1 273 267.4 262 255.6 236 244 234.3 223.3 212.2 206.3 211.2 214.2 210.1 198.7 191.4 190.3 189.8 193.5 198.4 201.7 203.7 205.2 204.8 216.3 231.1 245.2 256.9 266.1 276 285.6 292.3 295.9 293.9 291.8 288 284.3 280.8 278 276.2 273.5 269.6 265.8 259.2 258.6 265.4 274.3 288.2 299.8 299.6 291.2 279.1 260.6 250.2 241.4 251.3 263 270.4 278.3 282.4 285.1 287.4 287.5 284.8 283.7 286.9 286.1 281.7 271.8 260.7
