ny/ny38_OST50GRID_20230518/NY38.asc
ncols 200
nrows 200
xllcorner 330000
yllcorner 580000
cellsize 50
[rows 70 to 104 of 200, columns 79 to 157 of 200]
186.8 180.3 169.2 162.6 155.4 153.4 151.4 160.9 171.3 187.7 197.2 196.6 199.9 203.6 208.4 212.7 214.5 213.2 212.1 207.2 193 177.1 157.6 135.7 120.5 106.1 100.3 93 80 84.9 87.2 89.5 103.6 113 122.6 130.6 139.5 149.4 159.3 171.2 185.5 201.1 218.5 238 256.7 270 269.8 264.2 248.2 229.4 207.7 190.3 173.4 162 150 139.4 131.2 123.2 118.5 112.5 108.7 105.4 107.4 90.8 90.7 87.3 106.3 116.2 119.1 122.7 128.3 135 145.5 154.1 160.1 165.3 168.9 171.8 174.7
198.1 181.4 168.9 161 158.2 155.5 153.5 164.7 174.6 185.1 191.9 190.8 192.5 190 194.7 200.3 197.5 196.1 194.7 194 184.9 170 151.2 132 113.8 105.2 99 91.2 82.7 84.6 86.8 92.2 104.8 114 123.6 130.5 142.2 153.6 164.1 176.5 192.6 208.3 225.9 244.4 263.1 272.8 265.4 256.3 238.3 220 200.3 183.5 162.5 155 143.3 133.7 126.7 119.6 113.9 109.1 102.7 105.1 104.7 90.2 91.1 87.3 108 114.4 117.5 122.5 129.5 141.1 149 155.6 161.6 166 169.3 172.1 174.6
203.6 185.6 171 163.9 161.3 157.7 155.7 161.3 172.6 179.2 186.2 188.6 181.1 173.8 174.6 177.5 180.5 183.5 183.4 180.8 173.4 159.4 145.1 128.2 110.3 102.4 96.5 89 82.9 80.5 86.5 94.4 105.6 115.2 124.7 135.7 146.7 159.3 171.8 184.3 199.3 216.2 235 254.1 271 272.2 259.6 245.8 228.7 211.7 194.6 177.3 161.7 148.5 137.4 127.1 121.8 115.5 107 102.3 100.3 99.4 89.3 90.1 89.8 89.2 109 115.3 118.6 125.6 134.3 142.5 150.6 157.1 162.2 166.3 169.3 171.1 173.9
205.1 188.7 176.1 171.6 168.1 166.1 163.7 158 160.5 168.3 183.1 190.6 174.9 167.8 163.5 164.2 165.2 173 171.8 167.3 161 149.2 135.9 123.1 108.7 100.7 95.1 91.7 83.8 79.4 87 98.9 107.5 116.3 124.5 137.6 152.4 165.5 179.1 193.6 211.5 228.8 247.5 265.4 275.8 270 252 236.4 220.1 202.3 186.8 169.7 153 141.4 131.9 122.3 114 107.9 99.9 95 88.5 89.3 89.4 89.2 87.5 100.5 114.3 117.1 121.6 129.5 138.1 144.3 151.4 157.2 162.3 165.5 168.1 170.2 173
205 192.8 185.5 182.3 179.8 181.9 179.8 171 157.2 153.2 170.3 182.3 165.3 157 156.3 153.7 155.7 158.7 157.8 154.5 148.9 139.8 129.3 117.2 106.7 99.2 94.1 89.1 82.9 82.5 87.3 102.3 109.5 118.7 127.6 145.8 161.9 174.9 191.6 208.5 227.4 244.4 260.7 272.7 272.7 265.5 245.6 228.5 211.9 194.2 178.5 163.2 147.1 135.9 125.8 116.8 109.3 98 94.3 88.1 88.3 89 87.5 85.6 97.6 98 105.4 120.5 124 131.4 139.8 146.5 152.8 157.4 161.5 164.7 166.5 169 171.5
209.1 191.7 187.7 192.8 194 196.3 195.1 188.3 169.7 147.9 147.2 165.1 156.9 145.7 146.4 145.1 145.2 141.6 140.1 140.8 137.9 131 121.8 112.1 104 97.2 90.7 87.2 82.9 83.1 89 103.3 113.1 121 147.5 160.2 171.9 186.7 204.8 223.6 242.9 258.5 268.5 269.5 263.3 251.9 236.4 218.6 203.4 186.2 171.4 156.2 142.5 131.9 122.7 114.5 99.5 95.7 91.3 88 88 88 84.8 96.1 110.6 113.3 99.8 115.1 126.6 133.9 141 148 152.1 156.4 160.3 162.6 165.1 167.5 170
210 207.2 202.3 206.5 209.2 210.9 210.4 200.9 182.4 154.7 146.2 146.7 139.5 135.5 138.9 137.3 135.4 128.5 127.3 126.7 125.8 121.9 114.5 110.5 102.1 95.1 88.8 86.6 82.3 84.7 99.5 109.1 119.6 139.8 154.3 168.3 182.1 199.7 220.1 237.6 254 265 268.5 264.8 256.2 241.1 224 208.8 194.1 179.1 163.3 149.4 137.8 127.1 118.4 112.1 95.7 92.9 90.7 88.8 87.4 87.9 92 107.8 117.9 121.9 111.8 110.4 127 134.4 141.5 147.5 151.5 154.6 158.4 161.5 163.8 166.2 168.8
217 214.1 214.2 220.1 223.8 225.2 220.1 212 196 170.4 151.1 145.7 141.7 132.2 132.6 132.2 130 126.4 118.7 116.3 117.3 114.2 110.9 105.8 98.6 92.2 87.5 85.9 81.5 88 102.4 113.8 131 147.1 161.4 176.4 190.2 207.9 226.8 240.3 256.5 261 262.6 257.4 244.9 228.1 212.2 197.8 184 169.4 154.1 143.9 133.1 123.1 115.1 107.2 94.4 91.6 89.2 87.9 86.5 84.8 104.4 117.2 123 126.9 121.8 104.1 123.5 137 142.5 147 149.1 153.9 155.9 157.6 161.5 163 167.1
222.4 223.9 229.8 234 236.8 235.1 224.3 215.7 202 187.4 166 153.6 145.6 136 130.3 124.6 123.6 121 114.2 112.1 111.2 108.8 106.6 98.6 94.3 89.6 86.7 85 77.7 95.6 104.9 121.3 137.9 155.2 167.4 179.1 189.5 205 222 235.4 250.1 255.3 255.1 246.3 232.5 216.4 203.6 188.4 174.4 159.1 146.4 135.6 128.5 118.2 113.7 105.7 101.4 89.4 89.3 85.8 84.6 100.5 116 124.4 128.4 131.1 132.7 128.3 110.8 127.5 137.8 137.5 144.9 146.3 148.5 157.2 159.6 165 169.1
233 238.5 245.2 249.1 248.5 238.7 228.6 217 209 195.2 175.8 161.8 153.7 144.4 139.3 133.8 124.8 114.6 109.7 108 107.5 104.8 99.5 94.2 90 85.8 85.5 77.2 82.9 103.5 111.6 122.4 135.3 153.5 165.8 175 186.5 200 211.7 225.7 240.9 250.5 248.2 235.5 220.9 204.3 193.6 177.5 162.5 150.4 140.8 132.4 125.1 116.7 111.3 103.9 99.7 88.7 88.3 83.5 92.8 113.2 122.4 128.8 131.8 135.2 137.3 137.8 134 130 124.3 137.4 145.8 151.9 154 162 165.6 165.4 171.6
244.7 253.8 259 261.7 257.9 245.4 230.6 221.6 213.5 200.7 184.4 169.2 156.8 157.7 152 145.3 133.3 121.4 112.3 105.9 104 102.3 94.8 89 85 84.2 76.5 84.4 94.3 103.9 114.6 123.3 134 147.4 159.7 169.6 180.9 192.6 202.6 211.3 226.5 239.2 237.3 224.2 209.4 195.3 183.1 168.6 152.8 143.7 134.1 128.2 121.5 113.8 110.2 102.4 98.4 88.5 87.8 88.6 98 119.4 126.8 132.4 135.7 139.1 140.9 142.6 143 143.8 138.6 130.8 145.6 150.8 158.1 165.1 167.5 172.2 175
257.3 266.1 271.9 270.3 263.9 255.7 243.6 233.9 223.5 210.6 193.2 177 181.8 178.6 172.1 159.2 145.6 129.3 115.6 106.3 98 100 91.8 84.4 84.2 76.8 80 92.1 97.2 105.4 112.7 120.6 131.4 139.6 152.4 162.3 172.9 185.1 196.8 207.3 218.3 226.5 226.8 213 201.9 188.2 173.9 158.5 147.9 140.8 132 124.6 119.3 110.3 105.8 102 96.7 93.5 88.4 88.4 106.1 121.3 127.5 134.2 139.2 143.3 147.5 149.1 150.6 148.9 147.1 148.6 145.7 148.5 159.9 166.2 169.7 173.6 177.7
269.6 279.4 284.7 283.3 276.3 267 257.2 244.7 232.6 218.1 195.9 199.4 199.5 198.6 190.7 176.8 156.6 140.3 124.4 108.9 101.1 94.5 85.9 84.1 80.4 77.8 88.3 93.5 99.5 106.6 109.8 115.5 123.8 131.4 143.3 154.1 166.7 176.2 190 203.7 215.9 218.5 215.8 204.2 192.7 179.5 166.3 153.5 148 139.2 128.6 120.8 116.4 109.6 104.4 103 96.1 91.1 85.9 88.9 110.4 126.5 133.2 137.7 143.4 147.7 151.8 155.3 157.9 157.3 154.4 155.1 156.6 160.6 157.7 166.8 170.8 176.4 180.7
283 288.5 293.2 292.8 286.3 275.8 267.5 255.9 241.8 225.2 218 218 219 215.5 204.6 190 170.1 150.2 130.7 110.3 98.2 88 85.6 83 76.3 81.5 92.3 91.9 95.7 102.3 106.8 111.2 116.6 119.7 133.2 144.2 157.8 166.7 179.2 194.4 206.4 210.5 205.1 194.7 181 170 159.1 150.4 143.2 134.6 121.1 112.7 110.1 106.1 104.1 101.6 96.3 84.8 81.1 88.6 115.8 131.4 137.3 142.5 147.4 152.4 156.7 161.6 164 164.3 162.4 161.1 164 169.1 167.2 167.9 174.7 178.9 183.3
289.5 294.4 298.5 300.1 294.1 285.1 276.1 266.2 252.9 242.6 236.5 236.1 235.4 230.3 216.9 202.3 179.8 156.1 135.9 113.9 100.3 84.5 82.6 76.3 79.9 86.6 89.5 90.8 95.3 99.1 101.9 106.2 110.9 114.8 120.4 135.2 145 155 169.2 182.3 194.8 199.4 193.2 183.4 169.3 161 153.9 144.8 138.8 129.2 119.8 111.5 109.2 105.1 102.4 101.7 89.6 80.5 85.6 95.5 120.4 133.3 140.1 145.5 150 155.5 160.9 165.5 168.1 169.4 169.7 168.3 170.6 172.2 171.2 175.8 177.2 181.6 186.4
293.6 300.3 305.1 304.7 300.2 294.2 289.9 281.2 271.4 261.8 255.9 255.7 253 241.4 227.4 210 188.3 162.3 141.3 117 101 80.6 80.2 77 85 85.5 87.1 89.9 93.3 96.6 98.2 101.3 104 109.2 114.4 124.6 136.2 149.5 161.3 170 180.7 185.1 182.4 171.4 163.4 154.8 147.8 140.7 132.8 122.5 114.9 109 108.8 108.8 103.5 100.7 81.7 84.6 85.2 106.3 124.3 136.1 141.6 147.2 152.1 159.2 164.6 168.3 171.4 173.5 177.1 176.6 178.4 179.1 180.3 180.2 182.5 183.4 189.2
293.2 298.5 306.6 311.1 310.1 306.1 302.9 295.9 290.9 285.7 280.5 277.5 270.5 253.4 236 220.2 193.5 168.8 145.8 123.7 97.1 80 75 81.9 84.7 85.9 86.7 87 90.1 91.9 93.7 96.8 100.1 104.6 112.5 119.2 130.1 139.7 150.1 157.4 166.5 170.8 174 166 156.5 149.6 141.7 135.7 126 118.6 112.8 107.1 106.4 106.5 99.9 85.6 83.8 84.2 100.1 118.2 132.7 138.1 144.3 149.6 156.2 163.2 167.8 171.9 174.6 178.3 181.4 183.4 184.3 184.3 183.6 184.2 186.5 188.8 193.3
287.3 293.3 299.6 304.8 310.4 310.7 310.9 310.3 308 306.1 302.1 295.7 285.2 266.4 243 225.6 202.7 177.2 153 133.6 110 80.3 74.8 84.1 84.6 86.1 86.9 85.9 87.8 89.1 87.7 89.4 94.9 100.9 107.4 111.5 122.7 133.8 141.4 147.3 154 161.4 165.5 158.1 148.7 143.1 136.1 130.4 120.4 113 109.6 102.1 92.2 85.4 79.7 83.1 85.4 101.2 119.7 130.7 136 141.6 146.9 152.6 159.9 167.2 171.8 175.2 178.7 182.1 184.6 186.5 187.3 187.8 188.8 187.5 193 196.9 200
280.6 285.9 292.3 296.6 306.2 312.2 310.3 313 320 321.1 319.9 309.9 294.6 276.7 251.7 228.6 207.7 189.7 166.2 143.2 124.5 100.2 74.9 82.3 84.3 85.5 85.7 86 85 84.4 83.8 84.2 86.9 93.3 100.1 108.9 117.7 127.5 134.4 141.8 150 155.5 156.8 149.7 142.3 135.5 129.7 122.6 115.2 106.4 94.9 83.6 82.5 78.3 82.8 92.1 106.4 121.1 127 133.8 138.9 142.9 148.5 156.2 164 170.7 176 179.9 183.2 185.7 187.4 189.1 190.4 191.5 192.1 194.5 196.6 202.3 206.4
271 276.4 282.4 287.8 296.6 303.2 303.7 311.5 322.8 326.5 326.4 320.9 307.4 283.5 260.6 238.8 218.4 199.8 180.2 159.8 140.3 119.3 97.3 75.3 82.8 83.6 85.5 84.9 85 84.6 84.7 83.5 83.7 85.9 94.2 104.3 113.4 121.6 130.6 137.2 144.6 150.6 151.2 143 135.6 129.4 123.5 118.7 102 85.9 82 81.9 76.8 82.9 94.3 107.4 117.3 123.7 129.2 135 139.9 144.4 150.9 160.1 168 173.8 179.4 183.2 185.1 186.7 188.3 190.2 192.2 193.6 195.5 196.6 202.9 205.9 213.6
258.4 261.5 269 275.3 284.8 289.4 294.8 308.3 317.6 320.6 320.6 315.9 309.9 295.5 273.4 253.5 233.4 214.5 197.6 180.5 160.8 140.3 113.5 88.8 74.8 80.7 84.7 85.2 84.4 85.2 84.4 83.7 82.8 82.8 88.4 98.1 106 115.5 125 132.2 139 142.4 142.9 137.2 129.9 123.4 116.5 105.1 84.4 81.2 80.9 81.6 82.4 86.1 101.6 114.6 119.2 125.6 131.1 135.9 141 146.7 154.1 163 169.1 174.1 180.9 183.6 184.2 186.3 188 189.5 192.1 195.3 197.9 201.9 205.8 210.6 215.4
247.3 251.6 255.7 262.4 270.4 277.5 287.6 300.9 309.7 313.7 313 310.2 305.4 296.3 286 272.7 252.9 232.9 218 201.7 181.3 157 136.7 113.8 95.1 76.3 74.3 84.6 84.4 84.5 84 82.7 83.2 83.4 84.1 90.2 97.8 105.2 118.1 128 134.7 138.8 135.6 129.5 123.2 117.5 111.8 96.9 80.9 80.3 80.6 77.3 84.8 90.2 92.1 110.6 121.9 126.9 131.9 136.2 141.4 147.9 155.5 162.8 167.4 171.1 177 179.7 181.6 184.2 186.2 188.2 191.4 195.7 199.6 205 210 214.7 223.9
237.9 240.4 246.5 254.2 258.9 266.6 279.1 291.7 300.4 303.4 304.3 303.9 297.7 290 282.9 279.6 267.5 250.3 235.7 224.1 199.9 175.9 154.1 136.5 121.9 105.5 80.6 74.4 79.7 84.1 84.2 83.3 82.9 82.8 82.8 83 86.7 94.6 105.5 116 129.5 133.3 130.2 122.9 116.7 113.3 106.9 90.1 79.6 79.9 80.1 83.5 84.8 96.5 112.4 106 109.3 125.4 122.6 135.1 141.8 147.9 154 159.9 163 167.7 171.7 174.8 178.8 181.4 184.8 187.2 191.2 196.1 201.5 207 213.6 221.2 230.8
224.5 231.1 236.4 243.4 251.2 258 270.8 279.8 287.8 291.1 291 291.6 285.5 281.7 276.3 274.1 266.2 250.1 240.1 230.1 211.2 188.1 167.2 152.3 138.4 120.3 105.6 86.7 76.9 74.6 80.4 83 82.7 81.5 81.2 81.7 81.1 84.4 91.7 96.6 109.1 126.8 124.4 116.9 111.7 108.2 104.3 93.1 79.9 79.7 79.1 81 82.6 102.4 117.9 126.6 116.4 109.4 118.4 117.9 134.1 139.6 145.6 154.7 158.3 153.1 160.6 165.7 169.1 170.2 181.3 186 190.6 196.3 200.1 210 218.2 227.4 237.9
211.1 220.6 226.2 232.6 240.8 249.4 261.4 271.9 277.5 279.5 283.1 283.5 280.1 272.1 270.3 264.7 259.5 249.7 236.6 227.3 211.3 192.1 174.1 157 141.8 129.1 115.8 109.4 96.5 81.9 78.9 74.6 78.8 79.5 81.3 80.8 80.6 80.2 79.9 82.7 85.2 102.7 112.4 112.6 107.2 103.7 103 93.1 80.3 78.9 78.8 80.6 97.5 116.6 125.4 131.6 131.8 124.5 132.1 138.7 129.8 132.4 134.6 138.9 148.9 163.9 167.6 165.5 176.5 181.6 184.9 188.4 195 199 208.9 209.6 222.7 234.6 245.8
216.3 205.3 215.4 222.2 232.9 244.3 256.2 263.6 270.2 277.3 282.4 284.6 280.7 269.4 262.7 260.4 255.4 249.6 238.6 227.5 213.5 197.2 176.2 159 150.2 144.8 136.8 128.8 114.5 105.3 99.9 91.1 78.6 74.6 81.3 80.9 80.5 80 79.5 79.7 78.8 80.5 92.3 102.3 104.2 95.8 91.4 81 78.7 78.2 76.7 101.8 114.3 123.3 132.1 136.2 136 134.4 125.5 138.9 143.9 147.5 150.6 155.8 155.7 164.5 171.3 177.3 177 183 189.2 196.9 202.6 203.6 208.2 221.7 235.4 241.7 253.8
216.1 210 200.3 209.5 223.3 237.4 251.3 259.1 267.2 273.6 276.5 277.5 272.1 262.7 255 259.6 254.6 251.2 246.8 234.5 220.2 205.6 192.4 179.7 169.3 161.5 153.7 143.7 131.3 122.2 114 106.4 97 87.9 75.4 76.9 81 80 79.6 79.4 79.1 78.4 78.3 79.7 83.8 80.2 78.8 77.4 77.7 77.6 81.3 111.6 119 127.4 137.3 141 141.4 140.5 139.5 134.9 144.5 148.8 153.1 157.8 162.2 168.7 176.6 181.8 186 188.4 192.9 202.6 205.8 216.7 217.6 231.4 243 250.6 263.1
214.5 207.2 199.4 200.3 214.6 225.8 237.7 248.6 256.1 264.4 267.7 269.1 261.9 252.8 250.3 255.2 255 258 255.8 246.2 231.6 219.8 207.4 197.3 185.5 176.7 167.7 155.2 148.5 137.2 125.9 114.9 108.5 102.2 95 84.5 73 79.4 79.3 78.6 78.7 77.7 77.7 77.4 77.6 77.1 77.2 77.5 74.1 77.7 93.9 114.2 120.1 128.8 137.4 142.6 145.8 147.4 146.7 144.6 144.8 150.4 155.5 160.1 166 175 182 187.2 194.8 201.2 206.9 212.1 212.8 221.6 233.2 241.3 251.6 259.8 273.7
213.5 204.9 196.1 194 203.8 216.7 227.4 237.3 245.4 254.1 256.2 256.8 250.2 248 245.4 249.1 254.1 261.3 261.5 256.5 244.7 234.2 222.8 214.4 203.2 193.2 181.9 171.9 161.6 149.5 135.8 123.6 114.1 106.3 100.4 98.3 89.3 73.8 76.8 77.9 78.1 77.7 77.7 77.2 77.5 77.1 76.6 76.2 88.5 95.6 108.8 113.5 117.8 130.2 138.2 143.3 148.2 152.3 152.1 150.2 150.1 154.4 159.1 162.8 169.7 180.1 188.1 196.7 202.8 207.9 209.2 216 224.7 231.7 237.8 248.4 258.8 269.6 284.3
225.1 206 194 188.8 197.5 206.7 216.5 224.9 235.3 241.8 245.8 246.9 243.7 241.7 240.5 245 253.2 259.1 261.7 261.4 254.4 245.3 237.7 229.1 216.3 204.2 193.1 184.5 173.7 159.2 143.5 130.4 118.8 109.2 102.1 98.2 94.6 86.1 74.8 73.6 77.9 77 77.2 77.2 76.8 76.3 75.7 78 93.2 105.8 108.2 114 119.3 128.9 136.3 143.2 149.2 154.1 156.1 155.9 154.7 159 162.9 168 175.1 185.4 193.4 201.5 206.8 212.9 215 223.7 229.5 235 243.3 254.8 267.6 280.8 295.7
232.6 211.2 191.6 182.2 191.8 198.9 207.7 215.2 224.4 231.3 236.4 236.6 236.2 235.9 233.9 243.8 251.3 257.1 259.8 257.2 253.3 247.3 241.9 232.9 222.4 207.8 198.4 189.9 182.5 164.3 149.8 135.2 123.3 113.2 103.9 97.6 93.9 82.1 80.1 76.3 73 75.5 76.6 76.9 76.7 76.2 74.3 76.1 84.6 102.8 106.9 115.6 121.5 127.5 134.1 144.3 151.2 155.8 157.3 158.6 158.8 162.3 166.8 172.7 181 188.7 197.2 205.4 211.2 214.9 224.6 227 234.8 239.3 252.4 263.2 279.1 295.3 308.7
242.4 219.6 193.6 181.6 186.5 191.6 196.8 205.5 213.4 220.2 226.2 228.5 229.6 229.7 229.2 237.4 246.6 253.5 255.3 253.6 251.3 245.2 237.9 230.6 225.1 208.4 196.4 189.8 182.5 167.9 152.4 138.2 124.8 114.2 107.1 99.6 95.1 83.9 79.4 78.8 78.9 72.3 74.2 76.3 76.6 76.2 75.1 75.4 76.3 98.7 103.8 115.2 119.5 125 134.1 144 150.9 155.9 157.7 159.9 161.9 165.3 171.1 176.9 184.9 190.6 201 211.2 217.1 221.9 230.4 234.8 238.9 246.9 260.9 274.8 289.8 304.7 316.4
245.5 226.7 202.8 183.3 175.9 185.1 188.9 195.8 203.6 210.6 218 221.3 223.8 223 225.9 232.2 237.6 243.3 247.5 246.5 244 238.3 231 225.3 222.4 211.5 195.8 187.5 179.1 168.6 153.8 139.2 126.6 117.2 108.7 102.8 97.2 83.7 78.7 78.5 78.2 77.8 72.2 73.4 75.9 76 75 75 76.2 95.6 103.1 115.2 118 122.9 130.2 141.6 149.1 155.7 158.1 160.8 163.1 167.8 173.7 179.9 187 192.8 205.8 215.6 221.6 227.8 235.1 244.1 250.8 257.5 270 282.6 299.5 313.5 325.7
246.9 230.9 207.4 187.2 173.3 177 182.5 187.6 194.7 203.1 210.6 214.9 217.9 216.6 217.4 226.5 234.5 237.1 236.4 237.8 235.5 230 227.6 220.2 216.6 206.9 195.3 185.2 176.9 166 152.1 138.4 127.5 116.8 109.3 103.6 100.7 85.3 78.8 78.8 78.8 77.5 77.3 77.6 72.5 73 74.3 74.3 77.2 91.7 103.8 114.4 116.4 120.3 130.6 139.6 146.9 154.2 156.3 159 164.2 170.1 175.4 182 187.9 195.2 207.3 218.6 225.1 231.7 239.4 253.3 262.9 267.8 277.9 290.6 307.8 324.4 333.4
244.9 230.5 210.7 187.6 179.6 167.1 177.7 182 189.4 198.3 204.5 207 209.9 210.1 209.7 216.2 223.4 229.6 229.5 227.6 226.6 220.5 218.6 212.2 209.5 200.5 190.4 180.7 172.3 162.4 148.9 137.2 126.2 116.3 109.8 105.6 101.1 85 78.4 78.3 78.6 77.6 77.5 76.7 77.3 75.2 72.5 73.7 79.3 91.5 104.3 112.3 114.3 120.7 130.2 136.8 144.5 153.6 154.9 158 165.4 171.6 179 184.4 190.9 197.6 207 217.4 225.2 235.2 247.9 257.5 272.4 278.6 283.9 297.9 316.8 329.9 339.7
