ny/ny38_OST50GRID_20230518/NY38.asc
ncols 200
nrows 200
xllcorner 330000
yllcorner 580000
cellsize 50
[rows 140 to 174 of 200, columns 79 to 157 of 200]
119.8 139 142.5 134.7 124.7 118.2 118.6 119.8 125.8 134.7 143.8 151.1 149.2 156.6 163 168.2 172.2 175.6 179 182.8 191.2 195.8 208.6 218 226.4 233.2 242.5 247.1 252.1 256.8 259.7 262.7 264.3 266 266.4 267.7 269.9 269.2 262.6 254.9 247.9 241.4 232.2 222.2 212.8 203.9 197.2 191 184.5 176 165.1 153.3 141.5 135 125.1 116.1 110.4 101 100.7 96.1 75.8 66.8 63.1 79.3 86.8 85.9 89.8 96.8 103.4 108.8 116.1 123.4 127.9 134.7 141.2 147 152.9 158.3 168.6
111.6 133.7 141.9 131.7 124.8 124.2 125.5 129 139.2 146.2 154.9 158.2 161 168.2 172 174.9 179.8 183.2 184.5 194.1 203.3 208.5 215.6 224.1 232.2 240 247.1 252.6 257.3 261.7 264.3 267.9 269.5 270.3 269.1 270.2 270.9 268.3 263.7 256.4 250.9 246.3 238.4 228.4 219.2 213.2 208 199.8 193.3 185.4 173.7 162.9 151.1 140.7 133.7 124.5 114.3 106.6 98.7 84.7 77.9 67.1 63.2 77.9 85.2 86.1 89.1 93.6 100.1 108.8 111.3 117.9 124.7 130.2 135.9 141.6 147.3 155.3 161.8
115.7 143.2 143.7 135.4 131.7 131.8 137.7 141.5 152 157.8 163.4 165.9 171.8 176.6 183.8 186 188.2 190.8 199.6 207.5 214 218.1 224.3 230.6 239.4 245.5 257.3 264.3 265.8 265.6 270.1 273.5 275.7 275.6 272.2 271.4 271.4 268.6 263.4 257.2 253.2 248.8 244 236.6 229.2 223.7 216.3 206.4 198.6 190.2 181 169.3 160.1 148.9 139.4 131.4 121.6 112.4 103.6 93.7 79 70.4 62.9 74.1 84.1 85.1 86.7 90.4 95.8 102.2 106.6 112.7 119.5 124.4 127.3 132.1 143.3 150.7 157.3
138.2 148.5 145.4 139.5 141.2 144 147.6 151.8 157.8 164.5 169.5 175.9 182.5 189.9 193.7 194.1 197.7 203.2 211.4 217.1 221.9 225.9 232.3 239.1 244.6 251.8 259.9 263.7 265.9 270 274.3 277.4 279 277.9 275.3 272.8 271.6 266.9 261.5 257.8 254.3 250.8 247.8 243.7 236.7 230.6 222.2 212.3 203.2 193.7 185.2 177.5 170.8 162.1 149.8 139.3 131 120.2 110.2 100.2 90.9 72 65.9 68.1 82.9 84 85.3 87.9 92.6 101.4 107.6 108.1 115.9 121.6 125.3 131 140.8 145.8 154
147.5 148.5 147.4 147.7 148.1 152.3 152 157.5 165.8 172.7 177.9 186.3 192.9 197.7 200.8 202.4 204.8 212.1 219.3 225.7 228.2 233.4 239.5 245.4 250.9 256 261.1 265 268 271.7 276.1 279.4 281 278.2 276.7 274.3 271 265.8 261.8 258.8 255.1 254.8 251.9 247.2 241.5 235.5 226.8 218.4 209.1 199.3 191 184.6 180.4 171.9 161.3 147.5 137.8 125.4 117.1 106.3 99.2 80.1 69.7 63.2 76.3 83 83.9 84.2 88.6 94.1 98.4 102.5 110 115.1 121.5 128.3 133.9 139.5 147.7
150.2 150.4 152.2 153.9 157.3 159 163.8 167.7 175.7 182.2 189.3 194.4 200.9 204.9 206.3 208.7 212.3 219.2 226.4 233.5 236 240.7 247.2 251.7 256.5 259.5 264 268 269.5 272.4 275.9 279.1 279.1 278.5 277.1 275.7 270.2 265.4 262.6 259.8 256.7 256.9 254.9 250.4 245.4 238.6 231.3 223.8 216.4 207.4 199.6 192 188.4 180.8 170.9 158.1 143.9 133 123.2 113.9 106.3 97.9 73.3 66.4 64.1 77 80.4 83 86.8 96.3 102.8 114.1 116.2 119.2 122.7 126.6 129.6 134.8 143.6
152.8 157 162 164 165.6 170 174 178.4 185.1 190.9 197.5 202.1 206.2 208.9 211.1 214.1 219.5 225.5 233.7 239.5 244.8 248.1 253.9 257.8 260.1 262 265.8 268.6 269.9 272.4 274.9 277.2 277.4 276.8 276.9 275 271.1 266.8 263.5 260.8 258.8 257.4 255.1 251.2 246.6 241.1 233.7 228.6 221 215.3 209.9 202.3 195.2 186.9 178 165.9 152.2 139.7 132.4 123.6 116.7 107.4 89.2 71.5 63.4 64 74.1 80.7 81.6 87.4 95.4 103.2 112.8 117.7 120.6 123.8 126.3 131.2 139.8
158.2 167.1 174.8 177.2 178.7 181.4 186.4 190.9 195.8 200.6 205.4 209.2 211.8 213.9 216.1 218.9 225.2 232.9 240.7 246.5 253.4 255.3 259.1 260.2 260.3 262.7 266.2 268.4 269.9 272 274.2 274.5 274.7 274.9 274.3 273.7 270.3 266.9 263.1 260.1 257.9 256.2 254 250.9 246.9 241.9 235 231.8 227.5 220.5 216.3 208.5 200.2 191.2 182.8 172.3 161 147.3 137.8 129.5 121.1 115.1 105.7 88.2 72.1 63.4 64.1 73.9 78.4 82.7 90.3 95.9 99.4 113.8 118.1 120.6 123.8 127.8 135.7
166.7 177.1 186.1 189.7 190.8 191.7 196.6 200.5 203.7 209.2 212.7 215.2 218 222 224.5 226.3 231.5 238.4 246.7 252.1 255.6 258.2 259.5 261.6 262.6 264.1 265.5 268.3 269.8 271.7 273 273.2 274 273 273.1 271.9 269 265.6 262.4 258.5 256.1 254.3 252.2 249.6 245.8 241.4 236.4 232.3 229.9 225.3 219.8 212.8 204 195.5 186.5 178.2 167.8 154.7 143.6 135.1 125.2 119.2 113.1 105.7 86.5 71.7 63.2 64.3 69.6 75.3 82.5 89.8 95.8 99.3 110.2 113.5 119.4 125 134.5
176.3 187 194.1 196.9 198.3 200.4 204.3 209.2 212.6 217.2 220.8 223 225.5 229.8 233.7 238 240.6 245.7 251.7 256.1 258.7 260.2 262 262.9 263.8 264.1 265.5 268.3 269.7 271.1 272.5 274.3 273.3 271.2 269.7 269.4 267 264.2 260.6 256.6 254 252.3 250.6 248.3 244.8 241 236.1 232.3 228.5 225.7 219.9 213.8 207.5 198.3 189.7 181.6 171.8 160.5 149.3 138.4 129.5 122.4 116.5 113.1 103.5 85.9 73 64 64.6 67 72.8 77.4 87.1 91.6 100.6 103.9 107.7 113.7 128.8
185.1 194.8 200.4 203.7 207.1 210.3 214.5 220 223.3 225.6 229.8 231 234 237.2 243.8 249.3 251.3 253.5 256.4 259 259.7 262.1 262.9 263.7 263.9 264.3 265.6 267.6 270.1 272.4 273.7 274.3 273.3 270.7 268.8 266.8 264.5 261.2 257.6 253.9 251.8 250.7 249.2 246.9 243.6 239.8 235.1 231.3 227.6 224 218.3 212.7 206.4 198.5 189.2 182.8 173.4 164.5 153.4 143.3 132.9 124.4 119.8 115.9 109.5 100.8 84.1 77.2 66.7 63.7 66.7 71 77.3 85.2 90.8 105.8 117.1 124.7 130.1
192.6 200.5 206.3 210.4 216.5 220.1 224 230.1 234.5 236.3 238.2 240 243.1 246.2 250.7 254.5 256.9 259.4 260.9 261.3 262.7 262.7 263.2 263.6 263.9 264.7 266 268.7 270.8 272.6 273.9 273.9 274 272.2 268.5 265.9 263 258.7 255.7 253.1 250.8 249.3 247.2 245.3 242.6 238.6 234.5 229.9 225.5 221.8 217.3 210.2 204 197.7 189.4 180.9 173.4 166 156.3 145.6 136.9 127.1 121.1 117.1 114.7 110.3 96.6 83.2 76.7 66.2 63.3 66.5 69.7 75.6 84 98.3 107.1 120.3 126.8
198.6 203.6 211.6 216.6 225.5 231.6 235.5 239 242.6 244.6 245.5 247.6 249.8 252.3 255.1 257.6 260.4 263.8 266.4 266.6 263.7 263.6 262.5 263 263.7 264.6 266.4 268.4 270.3 271.8 273.6 275.3 274 271 268.6 264.7 261.1 257.4 254.3 251.6 248.9 246.6 244.8 243 240.4 237 233.1 227.8 224.1 219.9 214.9 207.4 201.3 195.7 188.5 179.6 172.6 165.2 156.5 146.5 138.7 129.6 121.9 116.6 111.5 110.6 103.4 87.4 82.9 72.6 63.7 63.5 66.1 70.5 77.1 93.8 106 120.4 125.6
203.3 208.2 215.6 223.3 231.9 238.4 242.8 245.9 250 252.5 254.2 254.9 256.6 258.9 261.2 261.6 264.1 266.4 269.4 268.8 264.6 262.8 261.8 262.4 263.1 263.9 265.9 267.9 270.8 273.3 275.2 275.5 274.3 271.1 267.4 263.6 259.4 255.9 252.6 249.3 246.1 244.3 242.2 240.5 237.8 234.4 231 226.7 222.8 218.2 212.2 205.7 198.1 192.9 185.3 178.2 171.6 164.3 156 149.4 140.5 130.7 122.9 115.7 110.1 108 102.1 90 83 81 69.6 66 62.7 66.2 75.9 90.2 104.2 117.6 121.3
207.1 213.9 221.7 230.6 237.3 243.4 248.7 252.9 257.3 259 260.2 260.7 262.9 264.8 265.3 266.4 266.6 268.3 270.3 268.3 264.2 261.8 261.2 261.9 262.6 263.3 265.9 268.8 271.6 273.3 275.6 275.2 274.1 270.9 266.5 262.6 257.4 253 249.3 246.6 242.9 241.1 238.7 237.3 235.1 232.6 228.5 224.6 220.6 216.2 210.4 202.9 195.8 189.5 182.9 174.9 169.5 163.4 157 148.4 141 131.3 123.3 115.5 108.3 102 99.5 89.7 81.8 80.9 79.8 66 63.6 62.6 75.4 93 105.4 110.6 112.7
211.4 220.8 228.6 237.2 244.1 248.9 253.1 257.7 261.5 263.3 264.4 264.7 266.6 267.7 268.9 269 269.9 269.8 269.7 266.4 261.8 260 258.9 259.8 261.1 262.9 266 268.6 271.1 273.5 275 274.9 273.3 270 264.9 260.5 255.2 249.9 246.7 243.6 239.6 236.5 235.5 235.1 234.2 232.1 228.6 224.4 220 215.2 208 201.7 193.3 185.4 180.1 173.7 168.1 162.8 156.6 148.8 140.5 132.7 123.5 114.1 106.6 97.7 92.2 84.8 79.3 79.6 77.9 63.4 60.1 64.8 80.2 92.3 100.4 106.9 114.8
219 227.3 235.8 244 247.9 252.4 257.3 261.6 264.9 266.6 267.3 268.5 268.9 269.5 269.3 269.1 268.2 269 267.1 263.7 259.6 257.6 256.6 255.4 259.5 261.5 264.7 267.3 270.2 272.9 274 273.5 271.7 269 263.5 258.2 253 248.1 244.7 241.5 237.8 233.6 232.3 232.8 232.3 230.2 227.7 224 218.8 213.8 209 201.6 193.6 185.1 176.6 169 165 160.6 151.3 139.2 128.4 115.6 112.4 100.9 89.8 86.7 83.3 79.2 77.1 68.6 58.6 60.2 65.1 79.4 89.9 95.3 98.5 104.1 110.8
225.2 233 239.8 246.5 250.9 255.6 259.5 264.4 266.9 269.2 270.2 270.3 270.5 269.1 267.4 267.3 266.3 264.8 263.1 259.6 255.5 253.6 250.1 254 257.2 259.9 263.2 265.2 267.7 271.3 272.1 271.7 270.4 267.3 262 255.8 250.7 246.4 242.4 238.8 235.2 232 229.4 229.6 229.1 227.9 225.6 222.6 218 213.2 207 200.2 193.4 184.4 175.8 169 164.2 159.2 154.1 146.7 140.5 132 119.6 107.8 98 84.4 75.1 73.4 63.3 58.9 60.7 63.6 80.3 87 90.9 100.1 105.2 105.2 111.8
229.9 236.4 245.6 250.7 254.6 258.5 262.6 266.4 268.4 269.8 270.9 270 268.2 266.5 265.3 264.9 263.2 261.6 258.4 255 251.8 249.6 246.7 250.5 254.2 256.4 260 262.6 265.7 269.3 269.8 269.2 267.9 264.8 259.8 253.8 248.1 242.4 238.3 234.8 231.7 229.6 226.3 227.2 226.6 225.4 223.4 221.4 217.7 213.4 206.6 199.9 194 185.9 176.4 169.3 164.1 158.7 152.9 144.5 142.8 132.1 114.5 97.6 87.2 73.9 70.2 58.7 59.2 63.7 67.1 79.6 85.3 89 96.7 105.7 112.7 115.1 113.8
235.5 243.4 249.4 252.9 256.7 260.6 264.5 267.3 268.8 269.8 269.8 268.2 266.7 264.3 263.1 261.6 259.4 256.9 253.2 249.9 247.6 246.6 243.3 247.7 250.7 253.5 256.4 260.3 263.8 267.1 267.2 266.8 265.8 263.1 258.1 252.3 245.6 238.8 234.2 230.7 228 225.6 223.1 224.5 224.2 222.8 221.1 219.4 216.4 212.6 207.1 200.8 193.8 186.9 176 167.7 161.7 155.3 149.1 143 137.5 122.2 102.4 86.1 71.5 66.4 58 61 65.9 72 78.9 83.1 87.5 94.8 105.1 111.7 117.3 119.5 117.1
240.9 247.1 251.4 255 258 262.1 265.2 267.3 268.6 268.9 268.2 266.4 264.1 261.7 260.3 258.4 255.2 252.6 249.2 245.7 244.4 243.1 240.4 244.7 247.2 250 253.1 257.3 259.7 262.9 263 263.2 262.6 260 256.1 249.4 242.7 236.5 231.3 228 225.1 223.3 219.2 221.6 221 219.1 218.2 216.5 215 211.8 206.6 200 193 185.7 175 164.1 158.2 153 145.7 140.6 125.4 104 89.5 71.7 62.9 57.5 63.3 68.8 74.9 79.7 83.3 86 92.8 103.5 109.8 114.6 119.2 121.2 120.5
244.4 249.3 252.8 255.7 259.8 263.3 265.5 267 267.8 267.9 266.8 264.2 261.3 258.5 256.6 255 251.4 248.4 244 241 240.3 238.9 237 241.4 244.1 246.3 249.7 253.5 256.5 257.7 258.2 259.1 257.6 256.2 252 247.2 239.8 233.2 229.3 226.2 222.4 220.8 215.3 218.2 217.7 215.6 214.8 214.5 213 209 205.5 198.6 189.6 180.6 172.4 160.4 154.3 151 144.5 135 111.2 90.5 76.1 62.7 59 63.5 69.9 76.9 79.2 82.9 85.6 92.2 99.5 106.7 112.3 115.5 119.2 122.1 123.5
247 251.4 254.3 257.6 261.3 263.9 265.2 265.9 266.2 265.8 264.6 261.4 258.6 256.3 253.7 250.5 247.7 244 239.6 237.4 236.6 235.6 232.9 237.3 240.7 243 246.4 249.8 251.9 253 253 253.7 252.9 250.9 247.8 243.2 237.9 230.1 226.9 223 220.2 218.7 214.4 214.8 213.9 212.3 211.8 210.4 208.5 206.3 203 194.8 185.4 176.2 166.5 157.8 151.7 148.3 143.6 133.3 104.8 82.3 73.2 57.2 63.5 68.5 76.2 78.5 80.6 84.2 90.6 97.6 102.7 107.7 112.5 115.4 118.5 121.5 122.5
247.7 251.5 255 257.7 260.4 262.9 263.5 263.8 263.8 262.8 261.1 257.9 255.3 253.3 250.1 246.9 243 239.2 234.7 233 232.5 231.5 228.5 234.4 236.9 239.5 243.2 246.2 247.9 248.8 249 248.7 248 246 243.8 239.2 235.1 228.2 224.2 220.6 217.8 215.3 213.4 207.7 209.9 208.7 207.8 206.9 204.4 202.1 197.9 189.9 182.3 171.5 163.1 154.8 149.3 145.8 137.6 116.5 98.9 82.5 59.7 62 66.8 70.3 77.3 79.1 82.1 88.7 94.5 99.4 103.7 110.1 112.4 114.7 118.2 120.9 121.6
246.2 249.2 251.8 255.4 257.6 259.7 260.4 261.1 261 259.2 257 254 251.9 249.8 246.6 243.2 238.9 235 232.4 229.8 228.5 227.7 226.4 230.8 233.3 237.1 240.5 242.3 243.5 244.4 244.8 243.9 242.8 241.5 239.4 236.3 231.7 225 221.4 217.8 215.1 212.5 210.4 201.9 205.8 205.2 203.9 203 202.1 198.7 193 185.5 175.5 168 159.9 152.6 148.4 144.1 137.3 115.2 92.5 78.7 56.2 66.8 66.8 75.5 77.3 79.9 85.3 93.6 97.6 100.1 104.5 108.6 111.2 115.6 118.5 119.7 121.4
243.3 246.9 250 253.3 256.2 257.4 258.1 258.4 257.6 255.3 253.1 251.1 248.9 246.7 243.6 240.2 235.4 232.5 229.1 226 224.3 220.9 224.4 227.3 230.4 234.4 236.8 237.8 238.8 239.8 240.4 240.4 240.1 238.8 236.4 233.3 228.6 222 218.4 215.1 212.2 209.6 206.9 204.4 198.7 201.8 200.7 198.9 197.3 194.7 188.2 181.8 171.5 165.6 158.5 152.4 147.6 141.1 134.3 110.6 90.6 79.6 55.5 65.9 66.2 74.4 76.8 78.5 87.8 94.5 97.6 102.6 105.3 108.7 112.9 115.4 119 119.9 120.5
242 244.4 248.5 251.6 253.4 255.6 255.7 255.3 253.5 251.8 249.4 248 246 243.2 239.9 235.1 232.3 228.9 224.8 222.1 220.6 215.7 220.9 224.3 227.9 230.5 232.1 233.5 234.5 235.1 236 236.7 236.9 235.9 233.4 230.7 225.3 218.5 215.4 212.3 209.2 207 203.9 201.5 190.8 197.4 197.3 194.8 192.2 189.4 183.2 177.1 169.9 164.1 156.6 149.8 145.2 134.6 127.3 107.1 99.8 86.5 60 57.3 65.5 68 76.9 77.8 84.3 95.1 98.5 102.9 105.9 110 113.5 116.7 118.2 120.5 121.4
239.7 242.6 245.8 249.6 252.1 253.5 253.2 252.1 250.1 248.3 245.8 243.9 241.9 239.6 236.7 232.4 229.2 225.7 222.2 218.8 216.4 213.4 215.1 220.4 224.5 226.6 227.8 229 230.1 230.9 231.8 232.6 233.2 232.6 230.5 227.9 222.9 217.5 212.1 209.2 206.2 203.6 201.2 197 189.1 191.9 193.5 191.1 188 184.9 178.6 175.7 169.1 162.6 155.8 146.1 139.2 128.5 121 105.9 102.4 90.3 66.8 55.6 55.6 62.4 75 76.9 81.5 94.5 99.6 102.6 105.5 109 112.2 115.7 118.8 121.3 123.7
237.6 240.8 243.5 246 248.3 250.8 250.5 248.9 245.9 244.9 242.7 240 238.5 236.7 232.7 228.6 226.5 223 220.1 217.4 212.7 209 213.5 217.5 220.8 222.5 224.1 225.5 227.1 227.7 228.4 229.6 229.9 229.2 227.2 224.9 220.8 215.7 209.3 206.2 203.1 200.5 198.2 195.5 187.5 185.2 189 186.9 183.7 180.6 176.1 171.4 165.8 160 153.3 144.3 136.9 128.3 119.8 107.4 98.4 98.2 68.2 63 55.4 57.3 67.8 75.8 77.4 88 97.8 101.7 103.9 107.9 112.4 115.8 119.4 122.8 125.8
235.3 238.8 241.8 243.7 246.7 248.2 247.6 246 244.4 243 240.7 239.4 237.3 235.3 231.8 226.7 222.1 220.3 217.7 214.6 209.6 206.6 211.4 214.6 217 218.8 220.2 222.1 223.9 225.1 225.8 226.4 226.3 225.5 223.9 221.3 218.4 213.3 207 202.7 200 197.4 195 192.3 187.2 176.1 184.3 181.9 179.3 176.1 172.1 168.2 162.4 156.7 149.9 141.8 133.7 127.6 123 106.9 102.8 90 72.9 63.5 61.3 55.2 60 69 75.1 83.7 94.3 98 102.1 107.5 111.8 115.7 119.9 123.9 126
232.7 236.1 239.1 241.3 243.7 245.4 243.8 243.2 243.6 242.1 239.6 238.4 236.5 233.5 229.5 225.3 220.2 217.5 214 211 207 204.3 208.4 211.2 213.3 215.2 216.7 219 220.7 222 222.7 222.9 222 221.1 219.6 217.8 215.1 211.1 205.3 200 195.4 193.1 191 188 185.1 169.8 178 176.7 174.7 171.8 167.9 162.9 158.3 153.2 146.4 139.1 131.7 127.4 120.4 109 104.3 97.2 84.1 65 61.9 59.4 55.4 64.7 68.5 76 82.6 95.4 101.4 106.2 110.9 115.4 120.6 124.3 125.3
230.1 233.5 236.2 238.8 240.8 240.9 241.3 240.6 240.6 240.9 239.6 236.6 233.7 231.2 227.9 223.9 219.5 214.3 210.7 208.2 203.9 201.4 204.5 207.6 209.6 211.7 213.6 215.7 217.2 218.6 219.1 219 218.3 217.5 215.9 213.7 211.2 207.8 203.4 197.7 193.3 188.1 186.6 183.9 181.3 177.7 166.1 171.9 170.1 167.1 163.2 158.8 154.8 150.3 142.9 135.2 128.3 122.8 118.3 110.6 105.1 95 82.5 73.3 60 58.2 55.6 62.7 65.7 67.7 78.4 88.6 98.6 104.3 109.1 114.5 120.1 122.6 122.4
227.7 231.5 234 236.4 238.6 238.3 237 237.3 236.8 238.8 238 235.6 232.8 227.9 222.9 221.7 217.4 212.5 207 202.9 201 198.4 197.2 203.7 206.1 208.2 210.4 212.1 213.8 214.6 215.3 215.4 214.6 213.8 212.3 209.8 206.7 202.7 199.2 195 190.3 186.8 181.1 179.7 177.6 174.3 163.7 166.8 166.2 164 159.7 156.5 152.5 146.1 139.1 131.9 125.6 120.5 114.4 107.9 103 91.9 81.2 75.2 59.1 58 57.5 55.3 64 63.6 69.1 76.5 89.9 96.9 106.1 113.3 117.9 119.4 117.2
226.1 230.2 231.6 234.2 235.5 235.1 235.6 236 234.4 235.3 234.1 233.8 231 227.5 223.2 217.1 214.8 209.6 203.4 199.9 198.1 194.9 195.9 199.5 202.5 205 206.8 207.9 209.6 210.7 211.4 211.7 211 210.2 208.5 205.9 203.2 199.6 194.6 190.8 187.7 183.3 178.5 173.1 171.9 169.8 166.6 156.7 162.6 160.7 157.4 153.7 149.1 142.5 136.3 130 124.7 118.5 112.2 104.5 102.8 100.3 82.4 67.2 57.7 57.8 56.6 55.4 62.9 63.2 62.7 66.9 75.2 86.8 98.5 109.3 113.6 114.9 112.1
224 227.8 230 231.9 233.4 233.6 233.6 236.6 235.9 231.7 231.7 231.3 227.9 224.7 219.9 216 210.7 204.6 199.1 196.6 195.6 189.3 193.4 195.2 198.3 200.8 202.7 203.7 205.4 206.7 207.5 207.9 207.3 206.5 204.8 202.3 199.5 196.2 191.9 187.9 183.8 180 176.2 172 167 165 162.6 156.4 152.7 156.9 154.5 151.2 146 139.9 133.4 129.1 124.3 118.6 114.6 108 102 99.7 86 73.5 57.1 56.9 56.3 56.8 63.2 62.9 62.5 63.3 68.3 81 89.7 101.3 106.9 108.8 106.4
