ny/ny75_OST50GRID_20230518/NY75.asc
ncols 200
nrows 200
xllcorner 370000
yllcorner 550000
cellsize 50
[rows 105 to 139 of 200, columns 78 to 155 of 200]
462.5 460.3 458 454.8 453.4 451.5 448.1 443.7 439 434.2 429.1 424.6 421.2 417 412.5 407.9 404.1 400.8 397.4 394.5 391.2 387.9 384.3 380.6 377.2 373.9 370 365.7 360.7 355.3 348.7 342.8 337.8 332.1 326.7 321.8 316.5 312.8 308.5 302 297.5 291.8 284.4 270.6 260.9 261.2 268.5 280.3 284.2 292.1 293.5 294.3 295.4 297.1 300 300.4 296.2 292.6 290.7 289.5 288 286.5 285.8 284.4 284 283.9 283.3 282.2 281 278.8 275.8 273.1 268.6 261.8 255.5 249.4 243.9 238.6
463.1 460.6 457.9 455.9 454.7 452.3 448.1 442.7 438 432.9 428.8 424.9 420.9 417 412.4 408 404.3 401 398 394.9 391.5 388 384.1 380.1 376.3 372.2 367.3 363 357.5 350.3 345.8 340.4 334.8 328.9 323.6 318.7 314.2 309.7 305.5 298.3 289.8 280.8 273.2 263.8 263.6 278.3 283.3 292.3 289.5 293.8 296.1 297.5 298.4 300.4 303.9 302.1 298.1 294.3 292.7 292.6 292.3 292.5 292.2 292.1 290.9 289.9 288.7 287.3 286.1 283.7 280.3 276.5 271.6 265.9 258.5 252.8 246.2 241.8
464 461.7 459.4 457.4 455.1 451.3 447.2 441.8 436.7 432.2 429.2 425.4 421.6 417.1 412.7 408.4 405 401.7 398.3 394.9 390.9 386.8 382.6 378.4 374.4 370.2 365.1 359 353.3 348 343 337.4 331.7 327.1 322.3 317.1 312.2 308.9 300.5 288.8 273.9 267.2 266.8 272.2 280.9 291 294.6 296 295.6 296.1 298.6 301.5 301.9 302.9 305 303.6 301 297.2 296.1 295.9 297.3 298.9 299.3 298.7 298.4 297.4 296.2 292.9 290.4 287.2 284.1 281.1 275.6 269.1 261.6 255.8 249.5 245.1
464.8 462.2 459.8 457.2 454.7 450.4 445.8 440.8 436.2 432.4 429.3 425.4 421.7 417.4 412.9 409 405.5 401.8 398.1 394 389.9 385.4 381.1 376.3 372 367.5 361.8 355.6 350.3 344.9 340.5 334.9 330.1 324.7 319.2 314.4 309.1 301.4 293 281.6 270.9 275 278.5 290.1 288.7 299.2 298.5 298.9 299 299.9 301.8 304.7 305.8 305.6 305.9 306.5 304.4 301.1 300.8 300.9 302.9 304.1 306 305.1 306 304.2 302.1 298.4 294.7 291.1 286.7 282.7 277.7 271.5 265.8 257.7 251.9 248
464.5 462.7 460.1 457.1 453.4 449 444 439.4 435.3 432.4 429.1 425.7 421.3 416.9 412.6 409.3 405.6 401.9 397.6 393.1 388.3 383.5 379.2 374.4 369.3 362.9 357.8 352 347.7 342.7 337.3 332.1 327 321.3 316.7 309.8 302 288.1 276 272.7 272.6 283.6 290.5 298.3 298.1 301.9 301.3 301.3 302.8 303.8 305.5 307.6 309.1 309.3 309.6 310 309 306.1 306.8 309.1 310.5 311.8 313.2 313 312.7 312.2 310.7 306 299.8 295.3 289.9 284.5 279.1 273.8 267.7 260.4 254.9 250.4
465.3 462.5 459.1 455.4 451.7 447.4 442.6 438.5 435.9 433.1 429.7 425.8 421.4 416.9 413.1 409.4 405.7 401.1 396.3 391.2 386.3 381.7 377 372.1 366.7 361.4 355.7 348.8 342.8 338.7 333.8 328.9 322.5 318.3 311.7 304.3 292.8 279.9 277.6 282 284.3 294.9 299.6 303.4 303.5 304.2 305.1 305.8 306.6 308.4 309.6 311.6 312.4 313.2 313.9 314.6 314.3 311.1 314.2 315.9 317.8 320.1 320.5 320.6 321.2 321 318.9 312.1 304.8 298 292.8 286.9 280.8 275.6 269.6 262.1 255.7 250.3
464.1 460.7 456.9 453.1 449.7 445.4 441.3 439.1 436.6 433.7 429.8 425.7 421.4 417.3 413.5 409.4 405 400.1 395.1 389.9 384.6 379.6 374.3 369 363.6 358.1 352.4 346.4 338.9 331.6 328.3 324.3 318.2 311.8 305.8 298.5 285.5 278.4 284.4 292.4 297.7 302.9 304.3 306.1 306.7 307 308.8 310.5 311.6 313.9 314.5 315.7 316.8 318.1 319.4 321.2 319.3 320 322.7 325.1 327.2 328.1 328.8 329.2 329.1 327.4 323.4 317.1 309.1 300.7 295.5 289.4 283.2 277.2 271.3 264.2 257 250.2
462.5 458.4 454.9 451.5 447.8 444.4 441.6 439.2 436.5 433.8 429.5 425.2 421.4 417.5 413.5 408.9 403.9 398.8 393.4 387.5 382.7 377.4 371.8 365.7 360.1 354.7 348.9 342.8 336 333.9 325.2 313.5 309.2 306.2 299.6 293.7 283.1 282.6 295.9 300.8 305.8 307.4 308.4 309.5 310.1 311.2 312.8 314.5 317.1 318.8 320.2 321.5 321.7 323.8 325.7 327.6 326.3 329.1 331.7 335.3 336.6 337.2 336.6 336.1 335.8 333.5 328.5 322.7 313.8 305.8 298 291.2 285.4 278.7 271.7 264.8 258.6 250.4
460.6 456.8 453.8 450.7 447.6 444.2 442.5 440.1 437.5 433.8 429.6 424.8 420.3 415.6 410.9 406.9 402.1 396.9 391.7 386 380.3 375 369.5 364 357.1 350.9 345.3 340.9 337.2 332.5 327.1 317.5 310.6 304.9 300 287.9 283 292.5 302.2 308.1 310.4 311.8 312.9 312.9 313.6 315.7 318.2 320.7 322.2 325.5 326.8 328.2 328.4 330.9 332.2 334.4 332.9 338.7 341.3 343.8 345.8 345.9 342.8 342.1 341.5 339.1 333.7 328.2 320 309.4 299.9 293.4 287.6 281.7 273.9 265.9 258.8 251.1
459.2 456.3 453.2 450.3 447.3 444.9 442.5 439.7 435.3 430.9 426 420.8 419.3 415.3 410.5 404.6 396.9 387 382.3 380.8 376.6 371.4 366.1 360 354.3 348.9 343.6 338.8 331 325.8 318.6 312.3 307.5 297 288.6 285.4 292.7 303.4 309.9 312.6 313.8 315.8 317.4 317.5 318.2 319.5 322.5 326.7 329.3 332.3 334.3 335.8 335.3 338.1 340.1 343.4 342.7 346.7 349.5 351.7 353.4 353.1 349.8 347.3 345.8 342.8 338.1 332.5 324.8 313.1 302.6 295.4 289.7 283.8 275.8 267.5 259.3 251.3
458.2 455.5 452.6 449.9 446.7 443.9 440.6 438.9 436.3 432.6 428.7 424.6 420.4 415.5 409.7 404.2 398 391.7 385.8 378.9 367 353.4 358.2 354.3 350.7 346.1 341.9 336.5 328.5 317.6 310.5 305.4 292.1 289.4 292.2 299.2 306.6 311.1 315.3 316.3 317.8 321.2 322.4 322.6 323.3 325.9 328.8 332.8 336.3 339.2 341.5 343.1 343 346.3 348.3 351.3 352.5 355.2 357.5 359.2 359.9 359.5 357.4 354 350.8 346.9 341.5 335.4 325.9 315.9 305.6 297.2 291.6 285.1 277.5 268.4 259 249.8
457.8 455.3 452.1 447.8 446.2 443.8 443.2 440.4 436.3 432.7 428.3 424 418.9 413.4 407.7 401.5 395.5 390.1 384.3 377.8 370.9 364.2 353.8 340.3 339.8 337.1 334.3 329.7 321.7 309.7 303.9 297.2 294.9 297.4 304.1 302 315 317.7 319.3 320.8 323.6 327.3 328.9 328.9 329.9 332.8 336.7 339.8 344.3 346.6 349 350.5 351.9 354.9 356.8 359.6 361.5 363.9 366.1 366 365.4 365 363.1 359.7 355.5 351 345.2 337.6 328.1 318.4 308.4 299.6 292.9 286.5 279 269.1 259.6 250.4
457.6 455 452.2 449.9 447.8 446 443.8 440.1 436 431.5 427.1 422.3 416.9 411.1 405.2 399 393.3 387.6 380.8 372.7 365.6 359.6 352.2 349.4 340.5 331.1 317.5 316.3 312.3 303.7 298.1 300 303.4 311.7 315 311.9 314.4 321.7 324.5 327.4 332.7 336.7 338 338.6 339.8 342.9 345 347.8 351.5 354.2 357.7 359.9 359.6 362 364.5 367.4 370.1 372.4 373 371.8 370.9 369.8 366.5 362.9 358.3 353.1 346.8 338.9 330.1 319.4 309.4 302.4 293.9 287.4 279.8 269.9 260 249.5
458.1 455.9 453.6 450.5 448.9 446.3 442.9 438.9 434.8 430.3 425.7 420.3 414.6 408.5 402.5 396.5 390.9 384.6 378.9 373.6 367.4 361.2 354.9 349.2 343.7 336.8 328.4 314.6 303.8 300.8 306.2 314.9 312.2 320.6 323.7 321.7 322.6 328.7 332.7 336 341.9 345 345.2 346.3 349.4 351.5 353.9 356.7 360.3 362.5 363.7 365.7 368.1 369.7 372 375.2 376.9 378.9 379.7 377.8 375.8 373.5 369.5 365.2 360.8 355.6 348.7 340.2 331.2 320.3 311.2 303.5 294 287.6 280.3 270.6 259.8 249.2
458.8 456.2 453.9 451.8 448.9 445.6 441.7 437.7 433.2 428.2 423.3 417.6 411.9 406 399.5 393.5 388.2 382.9 377 370.8 364.5 358.3 352.7 347.4 340.8 331 320.3 305.2 303.7 313.4 316.6 323.6 323.6 326 328.1 328.6 327.8 334.1 339.7 344.9 350.2 351.9 352.7 353.7 357.2 359.4 362.9 364.9 367.1 369.4 370.9 372.6 375.3 377.7 379.7 381.9 383.2 384.9 384.2 381.6 379.6 376.8 371.6 367.7 363.5 357.7 350.7 341.9 332.5 321.5 312.5 303.8 293.2 288 281.1 271.8 257.4 247.5
459.2 456.7 454.2 451.5 448.5 444.6 440.6 436.6 431.6 426.3 420.8 415 409 402.6 396.3 390.3 384.8 378.7 372.3 366.6 360.9 355.3 350.7 343.5 334 324 308.2 308.6 313.4 323.1 329 328.9 329.3 330.6 332.1 334.1 336 340.5 346.8 351.8 357.2 359.1 361.9 364.3 364.6 367.6 370.3 372 373.6 375 377.5 379.9 381.9 384.2 386.2 387.6 388.5 389.7 387.8 384.9 382.6 378.5 373.1 369.2 365.1 359.1 351.1 341.8 333 320.2 313.3 304.1 295.5 286.5 280.4 270.7 254.6 246.3
459.1 456.8 454.1 451.1 447.6 443.3 439.1 434.8 429.6 424.5 418.7 412.6 406.3 400.3 394.7 388.9 383.4 377.6 371.6 365.6 360.5 355.2 350.7 341.6 330.5 314.8 310.2 321 327 332.9 332.9 333.2 333.9 335.8 337.8 341.1 345.6 344.3 354.9 359.1 363 366.1 368.5 370.9 373.1 374.6 377.1 379.2 379.9 380.9 384.1 385.9 387.8 390.1 391.4 392.4 392.9 392.9 390 387.4 384.6 379.2 374.9 371 366.3 359.9 351.4 342.4 334 323.3 314.2 304.2 295.5 286.7 277.2 268.3 253.5 245.2
458.7 456.2 453 449.4 445.8 441.7 437.3 432.3 427.5 422.3 416.4 410.3 404.1 399.3 394 388.5 382.5 376.3 370.5 365.2 360.2 355.3 346.7 334.1 323.2 311.8 321.8 330.8 336.9 337.8 336.7 338.5 340.3 343.1 346.2 351.1 355.3 357.7 357.4 365.8 368.5 373 374.5 376.6 378.6 380.4 382.9 385.7 386.4 387.4 390.5 392.2 393.7 395.5 396.5 396.7 396.4 394.8 391.5 389.1 385.3 379.7 376 372.6 367 360 351.8 344 334.3 324.1 314.9 304.2 293.2 283.4 276 266.9 253.7 244.9
454.3 451.6 449.1 446.4 442.9 438.7 434.2 429.9 425.3 419.9 413.4 407.4 401.4 396.2 390 384.8 378.8 373.5 368.7 364.3 359.3 351.6 339.2 324.9 316.4 320.4 335 341.9 342.4 341.7 340.9 344.1 346.6 349.3 354.7 358.9 364.3 368.1 368.7 371.9 376.1 379.3 381.7 382.6 383.5 387.3 391 391.6 393.1 394.4 396.8 397.9 398.1 399.3 400 399.8 398.3 395.1 392.7 390.2 385.7 380.6 377.1 373.1 367.5 359.5 352.1 344.3 335.1 323.8 313.9 303.3 291.7 282.7 273.2 264.7 250.8 244.8
454.8 450.8 444.8 439 434.6 429.1 424.7 422.6 418.8 410.7 400.3 392.9 386.2 379.6 374.5 365 362 358.6 356.6 356.1 354.8 346.2 330.7 320.5 326 333 344.5 347.2 346.4 345.5 346.1 350.2 352.6 357.4 362.9 367.7 372 377 376.8 376.8 382.7 385.4 388.2 389.2 391.5 395.5 398.1 398.2 399.3 400.8 402.5 401.8 401.8 402.6 402.8 401.9 399.3 395.7 393.5 390.4 385.5 381.6 378 373.4 367.5 359.2 352.1 344.3 333.9 324.7 314.2 302.7 289.9 280.8 272.4 262.9 249.8 244.3
455.1 451.4 447.8 443.7 440.1 435.7 431.6 426.3 421.4 417.1 412.2 406.7 400.9 394.5 388.4 380.5 372.1 365 351.2 344.2 333.9 331.9 323.9 324.9 333 343.1 351.3 351.1 350.5 350.7 352.6 357.4 361.2 367.8 371.5 376.2 381.1 384.5 385.2 381.8 387.8 390.5 393.2 394.8 399 402.2 403.4 402.9 404.4 406.8 406.4 404.5 403.8 404.8 405.2 403.4 399.5 396.7 394.1 390.7 385.5 382.1 378.6 373.2 367.2 359.3 351.6 344.7 333.5 324.8 313.4 300.8 289.1 279.3 271 259.8 248.6 243.1
454.3 450.6 446.9 443.7 439.7 435.7 431.2 426.9 422.3 417.3 411.9 406.3 400.6 394.2 388.3 383.2 378.1 365.7 367.9 357.1 340.2 333 339.9 330.7 345.9 351.2 355.5 355.4 355.8 357.4 360.3 365.7 371.9 375.2 379.4 385.7 389 390.3 390.9 388.4 392.8 395.5 398.3 400.9 405.2 407.4 407.8 407.7 409.5 411.1 409.6 407 406.1 406.4 406.1 403.9 400.6 397.7 394.8 390.9 385.6 382.7 378.8 373 366.6 359 351.8 344.9 333.5 324.9 312.9 300.8 288.8 278.4 270.2 259.6 248.3 241.8
453.1 449.5 445.8 442.1 438.2 434.3 430 425.8 421.4 416.3 410.7 404.9 399.2 393.1 387.7 383.1 377.6 375.5 364.1 349.8 339.2 349.8 342 338.8 354 358.8 359.7 360.6 361.9 364.3 368.3 373 379.2 382.3 388.6 393.5 395.3 395.8 395.6 394.5 397.9 399.8 402.7 406.3 409.7 411.5 411.6 411.5 413.2 413.6 411.4 409 407.8 407.6 407.3 405.1 401.5 398.9 395.8 390.3 386.2 383.3 379.2 372.7 366.5 358.1 351.9 344.5 333.7 324.2 311.6 300.1 288.2 278.3 269 259 247.8 240.2
451.7 448.1 444.3 440.3 436.6 432.7 428.7 424.5 419.8 414.7 409.1 403.5 397.8 392.4 388.3 384.3 379.8 369.2 353.8 345.5 355.4 361.1 341 350.5 360.7 363.2 364.3 366 368.9 372.3 376.6 382.5 386.1 389.5 396.8 400.2 400.9 400.7 399.5 399.1 402 403.6 406.9 410.5 413.1 414.3 414.4 415 415.8 415.1 412.7 410 409.4 408.6 408.1 405.9 402.3 399.3 395.6 390 386.8 383.4 379.7 373.1 366 359.3 352.6 343.9 333.8 324.2 311.4 299.1 287 276.7 268 257.6 247 240
450.2 446.5 442.7 438.8 434.9 431.1 427 422.7 417.7 412.9 407.5 402.4 397.7 393.3 389.4 381.2 369.3 361.7 350.8 361.7 369.3 356 341.7 359.5 366.9 368.3 369.8 373.5 377.4 380.4 384.4 390.2 393.8 397.4 403.8 404.9 404.6 403.7 402.8 402.6 405.5 407.1 410.5 413.8 415.9 416.6 416.3 417.1 417.3 415.9 413.4 411 409.6 409.7 409.2 406.4 403.2 399.9 394.7 390.1 386.6 383.6 379.5 372.8 366.3 359.8 352.3 344.1 334 323 310.8 297.1 286.1 275.5 266.2 256 247 239.8
448.9 445.2 441.5 437.2 433.2 429.3 425.1 420.4 415.7 411.5 406.9 402.6 399.3 393 381.2 374.5 360.4 355.8 367.6 375.4 363.1 347.3 353.2 367.6 372.5 374.9 379.1 381.9 385.7 389.3 393.4 397 401.5 406 408.6 408.7 408.1 407.1 405.6 405.9 408.2 410.1 413.3 416.2 417.8 418.5 418.3 418 418.1 416.5 413.8 411.5 410.4 409.9 409.2 406.8 403.9 399 393.9 390.1 386.4 383.4 378.9 373 366.3 359 352 344.5 332.9 321.6 309.1 295.4 285.3 272.5 262.1 252.5 245.5 239.8
448.4 444.8 440.9 436.3 432.2 427.9 423.7 419.2 414.6 410.9 406.9 403.3 399.5 388.5 376.1 363.9 368.5 374.9 380.8 371.3 354.2 356.2 364.1 375.1 377.6 382.4 385.8 390 393.8 397.3 401.4 404.6 408.5 411.3 412.5 412 411.1 409.8 407 408.5 410.6 412.7 415.4 418.1 419 419.5 419.5 418.4 418.1 416.2 413.9 411.8 410 409 408.3 406.9 403.7 399.1 393.7 389.3 385.7 383.6 378.6 372 365.9 358.8 352.2 344.1 334.5 321.8 307.9 294.5 282.8 272.4 260.6 250.8 244.5 239.1
447.9 444 439.8 435.7 431.5 426.9 422.5 418.5 414.5 409.8 402.4 395.6 390.3 381.6 369.4 371.3 379.4 386.5 377.9 361.7 364.8 372.3 376.1 381.2 385.6 389.8 393.1 398 401.5 404.8 408.7 411.7 413.4 415.3 415.4 414.2 413.2 411.6 410.1 411.6 412.8 414.8 417.3 419 419.6 419.2 418.8 418.5 417.2 415.6 413.3 411.1 409.7 408.6 407.9 407.1 403.4 398.2 392.2 388.2 385.5 383.8 378.1 373 366.2 358.8 351.9 343.7 334.9 320.9 306.2 293.7 282.1 273.2 259.1 249.4 243.8 239
446.9 443.1 439.2 435.3 431 426.9 422.6 418.2 413.2 404.9 394 381.4 375.4 373.3 380.6 383.5 389.5 376.5 366.8 371.4 380.6 381.6 383.9 387.3 393.2 396.8 401 405.7 408.9 411.5 414.8 416.8 418 418.3 417.5 416.1 415 413.9 412.7 413.9 414.7 416.4 418.3 419.3 419.8 419.2 418.6 418 417 414.6 412.5 410.3 409.1 408.3 407.8 406.8 402.4 396.4 390.7 387.4 385.7 383.6 378.2 372.3 365.7 358.6 351.4 343.6 335 319.9 305.3 291.1 282.1 269.4 256.1 248.2 244.1 240.7
446 442.2 438.4 434.3 428.1 422.4 418.4 413.3 405.3 396.8 385.4 387.6 389.2 389.8 392.6 393.3 384 377.9 387.1 384.8 385.2 387.3 390.6 393.8 399.3 403.6 407.9 413 415.5 417.7 420 421.1 421.3 420.6 419.2 418.4 416.9 415.8 414.9 415.8 416.6 418.4 419.2 420.4 420 419.3 419 418.3 416.5 413.8 411.5 409.9 408.5 408 407.6 406.2 401 395.1 390 387.2 385.7 382.9 378.1 371.9 365.3 357.8 350.7 342.1 333.6 319.7 303.2 291.7 279.2 268.2 255.8 247.8 244.7 240.8
443.2 440 436.3 427.7 418 410.9 406.6 402.3 391.5 388.8 395.4 402.4 403 401.3 398.4 390.7 382.7 392.6 390.4 389 390.3 394.5 398.3 400.1 406.2 410 416.6 419 420.7 422.7 424 424 423.7 421.8 421.6 420.1 418.7 417.2 417.2 417.5 418.6 420.3 420.8 420.8 420.3 420 419.4 418.1 416.5 413.6 411.6 409.7 407.7 407.9 407.5 404.5 399.4 393.4 389.4 387.3 385.7 382.6 377.3 370.7 364.7 358.1 349.6 341.7 332.4 319.3 302.1 290.3 278.5 265.9 250.5 245.9 242.8 240.9
439.1 432.9 425.6 417 405.9 398.2 400 399.5 403.5 407.1 409.9 408.8 405.4 401.3 392 393.9 396.6 395.7 394.6 394.6 398 402.7 406.2 408.4 412.7 419.3 422.5 424.1 424.9 426.5 426.8 426 424.9 424.6 423.5 421.9 420.1 418.6 419.4 419.3 420.6 421.3 421.6 421.4 420.6 420.5 420 418.7 416.9 414.3 411.2 408.6 406.9 406.3 405.8 403.5 398.6 392.7 389.4 387.1 385.2 381.8 376.7 370.3 363.6 357.5 349.3 339.9 330 317.3 303.3 290.8 276.5 260.4 248.7 244.3 243.5 237.6
429.7 423.6 414 421 416.3 415 416.2 415.1 416.2 415.2 412.3 408.6 400.2 398 400.4 400.3 400.7 400.5 400.7 403.1 406.6 409.9 413.7 416.9 418.9 424.6 427.7 428.1 429 429.6 429.3 428 426.7 426.4 424.8 423.3 422 421.3 421.2 421.4 422.5 422.6 422.5 421.7 421.2 420.9 420.2 418.9 417.4 414.7 411.4 407.5 405.9 404.9 404.2 401.7 397.7 391.9 388.6 386.3 384.3 380.9 375.9 369.1 362.7 356.5 348.5 338.7 327.6 314.9 302.3 289.1 274.9 256.5 247.9 246.3 245.8 240.9
420.2 425.5 429.5 434.3 430.4 428.8 425.3 421.3 418.4 414.4 410.9 409.5 407 401.2 403.3 404.4 405.3 406.4 408.5 411.7 414.5 417.5 420.9 424.8 427 429.2 431.6 432.1 432.3 432.5 431.2 429.8 429.1 427.8 426.2 424.7 422.8 423.8 423.5 424.2 424.6 424.4 424.2 422.2 421.6 421.1 420.4 419.3 417.9 415.2 410.8 406.6 404.7 403.7 403.3 402.1 396.8 391.2 386.6 384.9 383.7 380.2 374.3 367.6 360.5 354.5 347.2 338.6 326.6 314.4 301.2 287.6 274.7 254.5 248 248.5 248.4 241.5
432.3 437.8 438.6 436.3 433.1 429.5 425.7 421.6 419.8 418.3 415.4 412.3 407.1 407.1 407.4 409.8 411.9 414.2 416.8 419.2 422.1 424.4 427.7 430.5 432.7 433.2 435 435.3 435.1 434 432.9 431.9 430.8 429.3 427.7 425.5 425.4 425.6 425.7 426.2 425.8 425.8 424.3 422.9 421.9 420.8 419.9 419.7 417.7 415.7 410.8 406.7 403.6 402.6 402.7 402.3 396.2 391 386 382.9 382.3 379.2 373.1 365.6 359 353.4 345 334.8 325 313 301.5 286.7 272.2 252.9 249.3 249.5 248.1 240.4
