ny/ny75_OST50GRID_20230518/NY75.asc
ncols 200
nrows 200
xllcorner 370000
yllcorner 550000
cellsize 50
[rows 35 to 69 of 200, columns 0 to 77 of 200]
315.6 316 315.9 314.7 312.6 311.3 310 310.1 309.8 309.3 308.4 307.5 307.2 306.5 306 304.3 306.5 307 307.2 306.8 306.4 306 304.5 303.7 305.8 305.6 305.6 305.2 304.5 301.8 303.7 303.2 299.5 290.5 296.3 306.6 308.8 312.1 315.6 319.5 324.7 329.4 333 335.5 336 336.1 336 335.7 335.5 336.6 338.3 339.4 340.2 340.8 342.1 342.8 341.4 348.2 352.5 359.8 362.1 361.9 362.9 364.1 365 365.9 367 367.9 368.5 368.8 373.6 375.6 377.6 379.8 378.9 377.6 376.9 376.7
319.4 319.3 318.8 317.5 315.7 314.4 313.4 313.1 312.8 312.5 311.5 310.6 310.2 309.5 308.8 308 308.7 309.5 309.6 309.2 309.2 309.3 308.4 307.6 308.5 308.6 308.8 308.6 307.4 306.1 306.4 305.7 293.8 294.6 304 308.5 311.7 315.3 319.1 323 327.6 330.8 334 336.1 336.4 336.7 336.7 336.7 338.1 340.2 342.1 344.1 345.3 346.4 347.5 348 348 348.6 355.7 359.5 361.8 363.6 364.7 366.2 367.7 369.5 372.1 372.9 373.6 373.8 376.5 378.8 379.8 380.8 380.5 379.5 378.8 378.4
322.4 322 321 319.1 318.4 317 316.5 316.3 316.2 315.9 315 314.2 314 313.4 312.5 311.6 311.3 311.8 312.1 312.5 312.6 312.5 311 311.7 312.2 312.3 312.2 311.3 309.7 308.9 308.8 307.7 295.7 297.7 308.4 312.4 315.5 318.4 322.6 326.4 330.8 333.6 336.2 337.6 337.6 337.5 338.2 339 340.7 342.7 345.8 348.1 350.2 351.3 351.9 352.4 352.7 354.3 353 357.9 361.6 364.2 365.8 367.5 369.4 371.4 373.8 376.9 377.5 378.3 379 380.4 381.7 381.7 380.9 380.8 380.7 381.7
324.9 323.7 321.6 322.4 321.1 320.5 321.1 321.2 320.8 320.4 319.7 318.8 318.4 317.2 316.2 315.3 314.7 315.5 315.2 315.1 315.2 314.8 312.4 314.2 314.7 314.6 313.5 312.6 311.7 311.1 309.9 302.3 298.1 299.7 310.8 316.8 320 322.2 326.7 331 335.3 337.6 339.4 339.5 339.6 340.2 340.2 341.3 342.7 344.9 348.4 351.6 354.5 355.1 355.8 356.6 357.8 359.7 360.1 359.4 362.5 365.3 366.8 368.7 371.9 374.6 377.9 380.6 382.8 382.7 381.5 382.6 382.9 382.9 383.4 384 385 386.4
326.4 325.4 325.9 325.8 326.3 326.8 327.2 327.5 328.1 327.7 327.4 326 324.8 323.3 321.1 319.5 320.2 320.1 318.9 318.5 317.2 316.1 315.2 315.8 315.5 314.8 313.5 313.2 313 311.9 307.1 301.7 305.6 301.3 313.8 320.8 323.9 327.5 332.4 336.8 340.1 341.2 342.1 342.3 343.3 343.3 342.8 343.3 343.7 346.4 350.5 353.5 356.1 357.4 358.4 360.3 362.1 364.1 363.8 364.5 365.1 366.5 369 372.7 376.8 379.6 381.6 383.7 384.1 384.4 384.4 384.4 384.4 384.8 385.9 386.9 389.3 391.5
328.5 329.4 330.3 331.7 332.8 332.2 333.4 333.9 335.7 335.6 333.7 332.9 331.9 330.1 328.5 328.6 326.7 325.1 323 321 319.2 318.2 317.5 316.5 316.2 315.1 314.8 314.6 314.5 312.9 309.6 307.5 313.6 306.7 310.4 323.5 327.4 332.6 336.5 340.1 342.2 344.1 344.5 344.6 345.6 346.6 346 345.6 345.1 347.4 351.7 354.6 357 358.6 359.7 362.5 365.2 366.5 366.4 366.6 367.5 369.3 372 376.1 380.1 382.6 384.3 385.3 385.2 385.7 385.7 385.8 386.1 387.8 389.8 392.4 395.5 398.1
332.7 333.5 334.4 337.1 337.8 337.6 338.8 341.1 341.2 340.2 338.9 337.8 336.7 335 335.3 333.7 332 330 326.9 323.8 322.2 321.1 319.8 318.3 316.9 316.3 317 317.2 316.6 315.3 314.3 311.5 316.6 318.4 305.6 322.9 328.9 334.5 339.9 343.1 345.3 347.6 348.4 348.1 348.4 347.9 348.4 350.2 350.1 349.6 353.3 356.2 358.6 360.5 361.9 365 366.5 367.5 368.3 369 370 372.8 375.6 377.7 380.5 383.3 385.1 386.4 386.3 386.8 387 387.1 388.5 389.8 391.9 394.9 397.9 400.2
336.1 337 338.4 338.4 339.9 340.6 341.8 343.7 343.5 342.9 341.8 341.2 341 340.1 339.4 337.8 336.6 333.8 331.1 330.4 328.7 325.5 323.3 321.6 319.8 318.4 319.6 320.1 320.3 319.6 319.5 317.1 320.5 322.8 314.8 313.5 328.5 335.3 341.7 345.8 348.8 351.2 354.2 354 352.1 350.2 350.8 353.7 355.8 355.1 356.5 359.7 361.8 363.5 366.1 367.5 368.6 368.7 369.5 370.4 372.2 375.5 379 381.6 383 384.7 386.1 387.4 387.8 388.1 388.4 389.5 391.1 392.1 394.6 397.4 399.5 401.3
339.3 340 340.8 341 341.4 342.3 343.5 344.7 345 344.4 344.6 344.1 344.7 343.6 343.1 342.5 340.6 338.5 338.8 337.9 335.1 329.1 328.2 326.1 324 323.2 323.6 324.7 324.6 325.4 325.5 324.1 325.9 327.7 329 323.8 325 337.4 343.3 347.8 350.3 353.6 356.1 355.8 353.9 353.5 353 355.9 360.3 360.7 363.8 366.8 369 370.6 371.4 371.5 371.1 370.2 371.3 372.7 374.1 378.3 380.8 383.2 385.9 387 387.7 388.2 388.8 389.5 391 392.6 393.8 396.2 399.4 403.1 405.4 407.6
342.7 342.7 343.1 343.4 343.6 344.1 345.2 346.1 346.4 346.4 346.2 346.1 346.1 346.8 348.3 347.9 346.3 346.8 346.4 344.1 340.8 336.7 334.5 332.1 329.9 328.1 328.3 330.3 331.1 330.7 331.6 331.5 331.5 333.1 334.7 331.6 327.9 341.4 345.7 349.4 351.4 354.4 357.2 357.5 356.6 358 357.6 360.4 364.3 366 369.4 373.1 375.5 377.1 377 376.8 375.2 374.2 373.8 375.3 377 379.6 382.7 387.1 389.8 390.1 390.9 391.7 393 393.8 396.6 399.2 402.8 405.8 410.1 413.3 415.4 414.9
346.4 345.7 345.6 346 346.2 346.5 347.1 347.6 347.9 348.3 348 347.7 347.9 350.6 352.8 353.4 353.6 353.1 351.1 348 340.1 343.1 340.6 337.5 334.4 332.4 333.4 335.4 335.2 336.1 337.4 337.4 336.9 337.9 339.4 340 322.4 343.6 347.1 350.5 352.4 354.9 359.3 359.5 361.3 364.4 367.8 369.4 370.7 372.8 375.9 379 383.7 384.6 383.2 381.7 379.6 378 377.5 377.7 379.5 382.9 387.7 392.1 394.7 394.2 396.1 397.7 397.6 399.9 403.3 408.7 413.1 416 417.6 419.1 418.2 415.7
350.9 350.4 350 350.1 350.1 350.2 349.9 349.8 349.7 350.3 350 350.1 351.3 354.1 356.1 356.4 356.7 355.5 353.6 349.2 347.6 347.5 344.5 339.8 337.1 335.3 336.1 338.6 339.1 340.5 341.8 341.8 341.7 342.3 343.4 343.6 326.4 344.9 348.3 351.5 353.4 355.9 360.6 363.6 364.5 370.8 372.9 373.4 376.3 379.8 382.3 386 389.9 388.5 387 385.1 383.5 382.1 381.5 382.9 385.7 390 391.1 395.9 399.4 398.7 400.3 402.2 405.2 409.9 414.4 418.6 420.1 420.3 420.2 417.2 413.1 410.4
356.7 356.6 356 356.1 356.1 355.9 355.3 354.1 353.7 352.9 352.9 352.8 354.8 357.4 358 358.1 358.1 356.3 354.7 353 351.7 350.4 346.7 343.4 339.8 337.5 339.6 342.8 342.9 344.3 345.4 345.4 345.4 346.1 347.2 346.7 329 347.3 349.5 352.5 354.8 357.2 359.9 364.3 366.3 372.5 374.6 376 380.2 383.8 386.2 392 393.5 392.4 390.7 390.1 388.6 389.5 393 393.8 396.9 400.8 401.3 398.8 404.6 403 406 410.7 416.5 422.8 425.8 426.6 424.7 423.2 420.3 415.8 411.8 408.3
362.6 362.7 362.3 362.8 362.3 362.1 360.7 360.2 359.9 357.7 357.9 358.6 359.6 360 360.4 359.6 358.5 357.4 356.5 356.2 355.5 352.7 350.3 348.4 345.4 341.6 343.9 346.2 345.7 346.6 347.4 347.2 348.3 349.3 349.3 348.9 345.6 347.4 352.5 353.8 356.4 358.1 359.9 363.3 367.1 372 375.5 377.7 383.2 386.8 391.6 396.2 396.6 395.8 394.9 395.7 396.2 400.8 402.8 404.2 404.9 407.1 407.2 407.8 408.1 408.8 409.7 417.4 426 429.9 431.8 430.3 428.6 425.8 421.1 416.3 412.2 407.9
368.6 366.9 368.7 369.3 369 367.8 367 367.2 366 363.9 363.8 364.6 364.6 364.2 363.6 361.8 360 359.3 358.1 358.4 358.8 357.2 355.2 353.7 351.3 348.2 348.4 349.1 348.4 347.8 349.3 349.5 349.7 350.7 351.1 352.1 351.9 340.5 353.3 356.3 356.7 358.7 360.4 363 367.5 372.4 376.2 379.5 385.7 389 394 398.8 399.4 399.6 401 403.4 406.6 408.6 410 411.3 412.6 413.9 413.6 412.5 413.7 414.1 412 419.9 426.9 430.8 430.4 428.7 425.7 422.8 418.5 415 411 411.2
372.6 371.7 373 372.6 371.8 370.9 371.5 370.6 369.2 368.7 368.8 369.3 368.4 368.2 366.6 364.3 362.6 361.7 360.5 360.4 361 361.3 359.9 358.1 356.3 356.3 355.4 354.1 351.4 349.3 351.2 351.9 352.1 352.8 353.6 355.8 356.7 355.2 352.7 353.6 356.7 359.1 360.8 363.9 367.9 372.7 376.5 380.5 386.6 389.8 394.3 400.1 402.2 404.5 409.7 414.5 414.9 413.6 414.5 415.7 416.5 417.7 417.7 417.4 417.7 418.6 417.4 420.8 426.9 428.8 426.9 424.7 422 418.9 416.5 413.9 413.7 415.3
377.6 376 375.3 374.2 373.5 373.1 372.9 372.1 371.2 371.6 371.9 371.4 370.4 370.1 368.8 367.2 365.9 364 361.8 361.8 363 363.8 363.2 361.8 361.2 361.7 360.9 359.8 357.3 354.2 353.8 355.3 356 357 357.6 359.4 361.3 362.5 360.3 357.9 357 356.4 360.6 363.2 367.5 372.7 376.6 379.8 386.1 389.7 393.8 400 402.9 405.7 410.3 414.6 415.5 415.7 416.9 418.2 419.1 420.1 420.6 420.8 421.6 422.7 423.4 422.7 427.4 428.1 427.1 424.7 421.4 418.9 417.1 415.7 416.4 417.7
381.2 378.5 377.3 376.3 375.1 374.7 374.4 373.7 373.4 373.7 373.8 373.8 373.2 373.1 371.8 370.4 369.1 366.7 364.4 364.1 364.5 365.4 364.8 364 363.2 364.7 365.3 364.7 361.4 360.7 358.3 358.4 360.1 363.3 365.3 365.7 367.2 368.4 367.6 363.7 361.4 361 361.1 364.6 367.1 372 376.5 379.7 383.9 388.9 393.1 397.7 402.2 404.7 408.3 410.3 411.8 414.2 416.9 420.5 423.2 425.1 423.5 426.3 425.9 425.8 426.7 426.8 429 429.7 429.4 427.2 425 422.2 420 418 418.3 419.1
383.7 381.1 379.5 378.1 377.5 376.4 376 375.3 375.6 376.1 375.9 376.5 376.9 376.6 375.8 374.6 374 371.8 368.9 367.1 367 367 366.3 365.3 365.2 366.9 367.7 367 365.8 364.1 361.4 360.7 363.5 370.7 371.7 372.6 372.9 373.7 374.6 370.4 367.1 366.6 363.1 367.3 368.7 371.6 376.4 380.3 383.4 387.9 392.2 395.8 401.5 404.8 407.9 409.9 411.9 413.6 418.6 425.9 433 433.4 431.3 432.4 432.3 431.3 429.5 430.3 431 431.2 430.6 429.6 427.6 424.4 421.7 420.1 420.8 420.9
386.5 384.3 382.3 381.8 381.6 381.3 380.9 380.3 380.2 379.1 381.6 382 381.9 381.1 379.9 379.5 378.4 376.1 373.8 371.8 370.9 370.6 369.1 367.2 366.3 368.4 369.4 369.1 367.6 365.9 364.7 363.2 365.5 372.2 374.1 375.2 375 375.7 376.3 373.2 371.1 368.5 365.7 370.1 370.9 372.2 375.5 380.1 383 386.5 390.9 393.5 399.9 405.4 408.9 410.7 411.8 413.9 421.5 430.5 436.8 436.9 433.8 434.8 434.8 433 432.2 432 432.2 432.3 431.5 429.8 427.2 425.3 424.1 423.6 426 428.3
389.2 387.7 387.4 389 388.3 387.7 385.6 384.9 384.8 385.2 386.1 386.7 386.2 384.9 384 383.2 382 379.4 377 375.9 374.4 374.3 372.3 370.1 368.5 368.9 370.5 370.5 369.1 368.1 368.4 366.3 367.3 371.3 374.5 375.7 375.8 376 375.4 373.9 371.9 368.1 362.1 369.2 371.1 372.4 374.3 378.7 381.8 386.6 392.1 397.2 402.5 401.9 408.5 410.5 412 413.5 420.2 430.2 438 437.7 437 435.5 435.3 433.5 435.7 435.2 434.5 433.6 432.4 432.4 430.8 429.9 430.9 433.1 435.7 437.8
392 393.5 397.3 396.8 394.7 392.2 390.4 389.6 389.3 390.9 391.1 391.5 390.2 389.6 389 386.9 385.1 382.5 381.7 379.1 379.4 378.1 375.8 373.8 372.1 370.3 371.2 371.3 370.7 370.9 370.8 369.1 370.6 374 375.2 376 375.9 375.1 373.8 373.5 371.7 370 367.9 365.2 370.5 371.9 375.3 378.8 382.1 387 393.4 399.8 407.3 408.7 407.8 411 412.2 413.4 417.6 428.2 438.9 438.6 438.5 437.3 436.9 438.4 440.1 440.7 438.3 439.6 440.4 440.7 437.3 436.6 437.2 439.6 440.4 441
397.6 404.4 404.6 402.2 397.3 394.8 394.7 394 393.7 396.2 395.2 393.9 393 391.8 390.3 388.4 386.3 384.8 384 382 382.3 381.5 379.6 377.7 375.4 372.7 372.6 372.2 372.2 373.4 373 371.5 372 375.5 377 376.9 376.5 376.4 375.7 374.5 373.3 371 367 367.3 370.9 373.4 376.8 379.7 382.5 387.2 393.9 401.5 409.4 410.6 410.7 411.6 412.8 414.2 417.1 425.5 432.3 438.9 439.9 439.9 440.1 441.1 441 443.1 444.7 447 447.5 446.2 445 444.4 443.4 443.2 442.8 442.9
404.4 409 406.1 403.3 399.4 398.8 397.4 396.9 396.1 395.8 395.6 395.1 394.3 392.8 390.4 388.8 387.4 386.4 385.5 384.3 384.5 383.7 382.4 380.1 377.6 374.4 373.6 374.1 375.6 376.1 374.2 373.6 373.3 375.5 376.7 377.2 377.1 377.1 377.1 375.9 374 368.7 367.9 369.3 371.2 374.3 378.3 380.7 383.6 389 394.4 401.1 407.9 410.9 411.6 412.2 413.3 414.6 417.8 422.9 429.9 435.3 440.6 442.2 441.5 442.4 442 443.4 445.3 447.8 450.2 450.4 452.1 452.4 449.8 445.5 443.8 442.2
406.9 406.6 405 403.4 401.3 401 400 399.9 398.7 397.9 398.4 397.1 396 393.1 390.5 389.2 387.9 387 386 386.6 386.2 385.7 384.4 382.1 379.7 375.8 378.4 378.4 378.8 378.1 377.8 375.5 375 376.4 376.5 377.9 378.4 378.6 379 378.6 377.1 371.2 372.4 373.1 372.9 375.9 379.6 381.7 384.6 390.2 394.4 398.2 406.8 411.2 411.9 413 413.8 414.8 417.4 422.7 429.3 433.2 437.2 440.9 442.9 442.8 442.9 444.7 446.8 448.7 451.7 452.8 454.3 455.6 453.3 445.9 441.5 438.3
407.8 407 406.3 404.7 403.6 403.3 403.2 402.4 401.2 401.8 401.1 399.2 397.5 395.4 393 390.5 388.9 387.9 387.9 388.2 387.9 387.6 386.5 384.7 381.7 381.5 383.3 383.3 381.6 381 380.1 378.3 377.7 378.2 379 379.2 379.5 379.6 380 379.7 377.4 372.5 375.9 376.7 375.4 375.2 380.4 383 386 389.2 392.8 396.5 402.6 410.6 413.1 413.9 414.9 415.7 418.2 424.4 429.9 431.2 433.4 439.9 443.9 444.1 444.4 446.7 448.9 450.5 453.6 455.1 456.6 456.1 453.5 445.6 438.7 436.3
410.3 408.6 408 407.9 408.2 407.9 407.5 404.5 405.6 405.4 404.2 401.9 399.5 398.4 396.3 393.7 391.4 390.3 390.2 389.8 389.5 389.3 389 387.8 382.4 386.5 388 387.7 384.7 384 383 382.1 380.3 379.8 380 380.3 380.3 380.2 380.1 379 377.6 374.2 376.1 378.2 378.5 377.5 380.7 383.5 385.6 388.4 392 395.5 399.7 408.4 413.3 415.4 416.1 417.6 420.3 424.1 426.9 429.4 432.5 438.2 444.6 445.7 446.1 447 449.4 451.8 454 456.1 457.5 457.1 454.4 446.9 440.2 437.2
412 411.2 412 412.5 414.6 412.9 410.5 408.7 409.4 409 406.6 403.7 402 401 399.8 397.4 395.9 394.6 394.3 394 393 392.7 391.9 389 387.9 390.6 391.5 390.7 389.4 389.3 387.3 385.5 385 383.2 382 381.2 381 380.9 380.5 379.5 379.2 378.4 375.6 379.2 380.6 381.5 381.3 382.8 384.9 387.9 391.3 394.9 399 406 413.9 417.6 420.9 421.9 423.7 425.3 426.9 429.9 435.9 443.1 445.4 446.2 447 447.2 448.9 451.3 453.6 455.2 457.2 457.7 455.1 447.8 443.6 438.3
414.6 415.7 416.9 418.2 420.3 417.2 414 413.1 413.4 412.7 409.9 407 404.8 404.1 402.9 402 400.7 400.6 400.6 399.7 398.5 397.1 396.1 390 393.7 393.9 393.9 392.7 394.1 392.8 390.8 389.7 389.6 388 384.1 383.7 383.2 382.3 381.7 380.8 380.7 380.8 379.8 378.2 382.3 383.6 384.6 384.1 385.3 387.8 390.4 394.1 398.7 405.7 414.2 419.2 423.1 424.7 425.4 426.6 427.9 433.8 442 446.8 447.7 446.8 447.8 448 449.5 451.3 452.2 453.3 455.2 455.4 449.6 447.8 442.6 437
418.2 418.8 420.1 422 420.5 418.2 416.9 417.3 417.3 415.7 412.9 410.2 408.8 408.8 408.3 406.8 406.8 406.9 406.4 405.7 404.5 402.3 400.1 396.7 398 397 395.6 395.4 395.8 395.2 394.4 393.5 393.6 391.1 388.5 387.3 386.8 385.7 384.2 383.6 383.3 382.4 381.8 380.2 380.8 385 386.7 387.3 389.4 391.2 392.6 394.8 398.9 405.1 414.3 420 423.9 425.7 426.5 427.6 430.8 437.6 445.9 448.5 448.5 448 448.4 449.4 450.6 451.2 451.2 452.2 454.1 452.5 448.8 447.8 443.5 438.6
419.1 420.7 422.1 423.7 421 419.4 420.1 421 420.1 418.1 415.6 414.5 413.8 413.5 412.9 410.7 412.9 412 411.4 410.8 408.8 406.5 400.2 403.4 402.1 399.7 398.8 398.5 398 397.5 396.6 396.5 395.7 392.8 392.3 391.5 390.2 388.5 385.4 386.8 386 385 384 384.5 384 384.5 388.1 390.3 391.9 394.3 396 397.4 399.9 406.5 415.6 421 425.4 426.7 427.5 429.7 436.7 446.2 449.2 449.6 449.3 448.9 449.6 450.6 452.2 451.9 451.7 452.3 451.8 451.4 450.9 449.3 445.2 443.6
415.1 419.7 422.2 423.1 421.3 420.9 422.2 422.9 422.2 420.4 418.4 419.1 418.8 418.6 416.1 414.7 416.7 416.3 415.6 414.8 411.9 408.3 406.1 407 404.9 403.7 402.5 401.7 400.8 400.1 399.1 398.5 397.1 395.8 395.4 393.9 392.5 390.2 389.3 389.9 389.4 388.1 386.6 386.8 387.5 384.7 389.1 391.4 393.9 395.9 397.8 399.5 402.3 407.9 415.6 421.3 425.5 428.5 429.4 432.9 442.7 449.9 449.2 449.5 449.2 449.2 450.4 452 452.8 452.6 452.4 452.3 452.6 452.7 452.1 451 449.2 446.5
412 414 418.7 421.9 422.1 423 423.7 423.9 423.8 422.7 422.2 422.7 423.2 421.6 420 419.6 420.1 419.6 418.8 417.6 414.5 409.4 411.3 409.8 407.6 406.8 405.8 404.5 404.1 403.4 401.9 400.6 398.5 397.8 397.1 395.2 393.8 391.1 391.6 392.3 391.7 390.5 389.4 388.6 389.9 386.8 391.4 393.5 394.5 396.8 398.7 400.7 403.6 408.9 416.3 422 425.8 428.2 429.5 432.6 436.8 441.5 445.3 447.8 448.7 449.5 450.6 452.5 453.5 453.2 453 453 453.6 454.1 455.4 455.2 454.5 452.8
411.4 412.8 414.4 419.6 422.7 424.9 425.5 425.3 425 424.2 425.6 426.8 426.6 424.9 423.1 422.5 423.1 422.8 422.2 420.1 416.2 411.6 417.1 412.2 411.7 409.8 408.7 407.9 407.4 406.4 405.3 402.8 401.5 401.7 400.6 398 394.3 394.2 394 394.1 393.4 392.5 392.3 390.5 392 391 391.8 394.5 396.5 397.9 399.8 401.9 404.7 409.8 417.8 422.7 427.4 429.2 430 431.4 433 437 442.3 448.4 449.9 450.4 453.2 453.9 454.4 453.7 453.5 453.6 455 458.6 460.6 461 459.7 458.1
410.4 411.9 413.4 416.2 420.8 424.3 426.4 426 426.1 426.7 428.7 430.5 429.1 426.9 426.8 425.9 425.2 425.3 424.2 421.9 418.7 414.9 416.7 415.1 415.2 413.9 412.2 412 412.3 410.1 408 405.1 405.4 405.7 404.7 402.5 398.4 398.9 397.8 398.4 397.4 396.5 395 392.9 393.6 394.3 393.2 396.7 398.9 399.8 401.8 404.2 407.4 412.6 420.6 424.9 428.1 429.6 430.5 431.4 432.6 436.1 443.5 449.8 453.3 452.9 457.6 455.7 455.3 454.5 454.1 454.2 461 463.5 464.7 464.7 463.8 462.3
