ny/ny75_OST50GRID_20230518/NY75.asc
ncols 200
nrows 200
xllcorner 370000
yllcorner 550000
cellsize 50
[rows 105 to 139 of 200, columns 0 to 77 of 200]
317.7 325 328.5 336.5 343.9 349.9 355.7 359.9 363.3 368.9 372.8 375.6 377.8 380.1 382 384.9 388.9 392.6 391.5 385.9 396.8 407.8 414.1 420.4 423.8 427.8 431.6 435 436.7 439.7 443.5 448.1 451.8 454.2 455.3 458.3 462.6 469.5 474.9 477.9 480.4 483 486.3 489.2 492.2 494.7 496.6 497.7 498 497.3 496.8 494.8 494.4 496.5 496.5 495.5 494.5 494.3 493 489.7 488.6 489.3 490.4 493 493.4 492.6 491.5 490.5 488.9 486.6 484.2 480.6 477.1 473.1 471.3 469.3 466.9 464.2
325.3 331.6 336.4 341.7 348.1 354.8 361.1 365.6 368.7 374.9 378.5 381.2 384.1 387 389.8 393.7 397.5 400 400.8 400.2 396.6 398.8 409.1 415.4 420.9 425.9 430.8 435.1 437.2 440.1 442.9 447.9 452.9 454.3 455.1 456.7 460.7 469 473.5 476.3 479.1 481.2 482.9 485.4 490 496.5 499.1 499.1 498.5 498.2 495.6 495 494.2 495.8 496.5 495.1 495.1 494.1 491 493.1 492.3 491.8 494.2 495.5 495 494.2 493.3 492 490.3 488 485.3 481.5 479 476.6 473.5 470 467.3 465.3
331.7 337.4 343.2 347.4 353.3 359.3 365.7 371.3 376 379 384.6 388.5 392 395 397.5 400.4 404.1 407.1 408.8 409.3 407.7 405.6 405.8 408.9 420 420.7 427.1 434.3 437.1 439.6 442.2 446.6 451.8 453.9 454.8 455.7 458.7 465.7 471.6 475 477.4 478.7 481.6 484.2 488.7 494.3 499.2 499.6 499.3 496.8 495.6 495.3 495.1 494.9 494.8 495.6 494.8 494 494.8 494.8 495.6 496.6 497.3 496.8 496.2 495.9 494.5 492.8 490.9 488.6 485.3 483.4 480.8 478.1 474.2 470.8 467.8 465.9
336.9 343.3 349.1 355.3 360 364.1 370.3 378 383 385 390.9 395.2 398.7 401.3 403.6 404.8 408.2 412 414.4 415.5 415.9 415.2 414.2 418.7 424.8 428.3 433 436.3 437.1 439.1 441.9 444.5 448.6 452.3 452.9 454.4 457.5 463 470.9 474.5 475.2 478.8 482.7 485.4 488.1 491.8 495.9 498.9 498.9 496.8 495.9 495.9 495.7 496.3 496.8 496.2 495.3 496.5 496.5 497.7 500.4 501.3 500.1 499.2 498.5 497.7 495.9 494.1 491 488.5 485.8 484.1 481.6 478.3 474.2 470.7 468.5 466.7
342.7 349.6 355.5 361.3 366.2 370.2 377.3 383.3 389.3 392.9 395.3 400.6 403.5 405.8 408.2 410.1 413.3 415.7 418.5 420.3 421.8 421.7 420.5 423.5 428.5 432.8 435.1 437.3 439.8 441 440.7 443 444.8 446.6 449.9 453.4 456.9 462.8 471.5 474.2 476 478.7 483.2 485.8 487.8 492.4 499.6 499.4 498.5 497.2 497.6 497.8 497.7 498.4 497.8 497 496 498 499.9 502.5 505.8 503.8 502 500.9 499.9 499.4 496.8 494.5 491.5 488.8 485.7 485 482 477.9 473.3 470.3 468.7 466.7
345.8 354.9 360.9 367.9 375.9 380.7 384.5 389.6 395.1 398.6 401.1 404.4 407.3 409.5 411.8 414.5 417.3 420.2 423.8 424.5 425.4 425.1 426.9 430.3 432.8 436.1 438 438.7 440.6 441.8 443.9 445.5 448.3 450.3 453.9 453 455.4 465.8 470.3 473.1 475.6 479.5 483.1 486.9 491.1 497 499.5 498.7 496.4 498.5 499.8 500.5 500.8 500.5 499.8 498.8 498.8 500.6 505.1 506.2 506.2 504.9 503.7 502.8 502.1 500.6 498 495.3 492.4 489.5 486.8 484.9 481 476.7 473.2 471.1 469.2 467.4
354.6 356.9 366.6 375.2 383.3 387.3 391.9 396.2 400 402.9 405.6 408 411 413.3 415.4 418.4 420.7 424 426 426.7 427.9 428.3 430.7 434 436.3 438 439.2 440.1 441.1 442.7 445.7 448 450.4 453.6 455.9 457.2 456.9 461.2 468.9 472.9 476.2 479.9 484.4 489.9 496.7 499 496.3 496.3 496.3 496.3 499.2 501.1 501.3 501.6 500.9 500.7 499.9 502.6 506 506.9 507 506.4 505.6 504.9 503.5 501.4 499.1 496.4 494.2 491 487.4 484.1 479.6 475.6 473.6 471.4 469.4 466.9
362 366.5 370.3 382.3 388.7 393.4 397.8 400.8 403.8 406.4 409.6 412.3 413.9 416.4 418.8 421.7 424.6 426 427.5 428.9 430.8 431.8 433.5 436.7 439.1 440.1 440.7 441.6 442.7 444.9 447.1 450.3 453 455.8 457.5 460.3 462.9 461.7 470 474 477.8 482.2 487.6 494.2 499.5 499.3 496.8 496.3 496.3 496.3 496.3 498.2 500.4 501.3 501.6 501.6 502.1 503.8 505.4 506.7 507.4 507.7 507.4 506.5 504.4 502 500.1 497.9 495 491.5 486.4 481.6 477.2 474.9 472.8 470.8 468.6 465.5
368 374.4 375.3 384 390.9 395.8 402.8 405.2 408.6 410.5 413 415.1 417.2 418.1 420.8 424.3 426 427.4 429.4 431.6 433.5 434.6 436.5 439 441.6 442.4 442.8 443.1 444.7 446.9 450.5 452.7 454.6 458.2 461.6 466.1 469.1 470.8 472.2 476.5 478.8 484.5 490.6 498.1 501.6 500.5 496.3 496.3 496.3 496.3 496.3 499.5 500.5 501.3 501.9 502.7 503.3 504.6 506.1 506.8 507.7 509.8 511 509.2 505.2 502.9 500.8 498.5 496 489.9 483.8 478.2 475.5 473.8 471.9 469.4 466.6 463.7
373.7 379.8 387.5 385.4 392.2 401.6 406.7 410.3 412.2 413.8 416.1 418.1 419.7 420.5 422.6 425 427.2 429.9 432 434 435.8 437.2 440.6 442.4 443.5 444 443.8 445.2 447.6 449.1 452.3 455.3 457.2 462.5 467.4 470.2 473.8 475.3 473.9 477.7 480.8 486 492 499.8 501.8 501.8 498.5 499.5 502.3 502.4 502.3 500.9 501.3 502.3 502.7 503.5 504.5 505.5 506.8 507.9 509.7 513.4 514.1 510.8 507.2 504.4 501.7 498.9 494.2 487.8 481.4 477.6 475.1 472.7 469.8 467.4 464.7 461.8
382.4 389 395.2 399.7 402.5 396.6 410.6 414.3 416.3 417.8 419.1 420 421.9 423.3 425 427.2 429.8 432.2 434.5 436.1 438.4 440.7 443.1 444.2 444.5 444.9 445.3 447.8 450.1 451.7 454.2 457.3 461.1 466.3 470 473.3 477.5 477.8 476.2 479.6 483.6 490.3 498.1 500.7 501 500.6 502.1 503.2 504.1 503.9 503.9 502.2 501.3 503.1 503.9 505.1 506.3 507.4 508.3 509.5 511.9 514.2 513.2 511.4 509.2 506.6 503.5 498.7 491.8 484 479.6 477.3 475 472.1 468.5 465.2 462.9 460.9
390.9 397.2 401.1 403.9 408 408.5 411.4 418.9 419.4 420.4 421.4 422.7 424.4 426.3 428.2 430.4 432.2 434.8 436.9 439.2 440.9 442.5 444.1 445.1 445.3 445.9 447.9 450.6 453 454.7 456.5 460 463.3 468.3 472.2 476.1 479.8 480 480.4 480.1 485.5 491.5 496.6 496.3 496.8 498.1 500.3 503.3 506.2 505.9 504.5 502.9 503.1 504 505.3 506.4 507.5 508.6 509.7 512.2 514.1 513.5 512.8 511.5 509.9 507.2 502.5 496.6 488.9 482.5 479.6 477.1 473.9 470.4 467.4 464.6 462.6 460.5
399.1 402.7 404.6 408.7 413.1 417.8 418.6 419.5 421.1 422.8 424.3 425.7 427.3 429.9 431.4 434 435.4 437 438.7 440.4 442 443.4 444.5 445.5 446.6 447.5 450.5 454 456.9 459 462.1 466.1 467.4 469.9 473.5 479.3 482.8 484.5 485.6 485.4 483.9 490.3 493.3 494.7 496 497.4 500.3 503.3 505.5 505.4 504.3 503.2 504.6 505.5 506.1 507 508.3 509.9 512 514.9 515.6 514.6 512.9 511.1 509.3 504.9 499.2 492.7 486.2 481.1 478.8 476.2 472.9 469.8 466.6 464.2 462.3 459.9
403.4 406.5 410.2 414.2 419.4 421.7 420.9 420.6 423.2 424.7 426.4 428.8 429.9 431.7 433.7 436.1 438.3 437.4 439.5 440.9 442.5 443.6 445.1 446.6 447.6 449.8 453.5 456.9 460.2 463.6 467.7 470 471.4 473.9 477.8 483.6 485.7 488.3 488.6 490.2 490.4 492 491.9 494.1 496.2 497.7 501.2 503.9 505 503.6 503.4 504.3 505.3 506.2 506.8 507.6 508.5 512.1 515 517.7 518.3 517 513.6 510.3 507.3 500.8 496 489.4 484.7 480.9 477.7 474.4 471.8 469.3 467 465 462.6 460.7
408.6 413 417.1 420.8 423 424.4 423.9 421.9 425.6 427.4 429.2 430.6 432.6 433.4 435.6 437.5 439.6 439.7 439.7 441.3 442.7 444.1 445.7 447.4 448.8 451.9 456 459.4 464.1 468 473 474.3 476.6 479.1 482.4 486.7 487.4 490.4 491.8 493.4 494.2 496.5 497.3 494.2 497.4 498.7 500.2 502.8 503 503.1 503.9 505.2 506 506.7 507.5 508.2 509.8 513.3 517.9 521.1 521.3 517.9 514.4 510.3 505.6 499 493.8 488.7 484.5 480.5 477.2 474.6 472.2 469.5 467.9 465.5 462.9 460.9
415 419.3 423.8 426.1 426.8 427.1 426.9 423.6 428 430.1 431.4 432.9 434.9 435.7 437.1 439 440.3 440.9 441.8 442.9 443.9 445.2 446.1 447.8 449.5 453.8 458 462.3 467.3 473.5 477.2 478 480.1 482.8 485.5 487.7 489.7 492.4 494.3 495.7 497.2 499 499.8 499.1 501.4 501.7 501.4 501.5 503 503.9 505.1 505.9 506.7 507.4 508.1 509.3 511.5 516.9 521.2 523.5 524.2 520.5 515.7 510.8 503.9 497.2 493.3 488.7 484.3 479.8 476.4 474.1 471.3 469.9 467.9 465.5 463.3 461.2
420.6 424.9 429 430 430 429.9 429.8 426.1 430.6 432.6 434.1 435.3 436.6 437.8 439.1 440.2 441.1 442 442.9 444.2 445.4 447.3 448.1 450.1 452.3 455.9 460.3 465.1 470.8 478.1 480 481 483.1 486.1 487.3 489.4 491.9 494.4 495.8 497.2 498.8 500.2 501.8 502 502.3 503.4 503.4 502.8 503.7 505.2 506.1 506.8 507.5 508.4 509.4 510.7 513.3 518.3 521.5 523.4 524 521 515.6 508.6 500.1 495.5 491.8 487.8 483.5 479.4 476.5 474.5 472.4 470.3 467.6 465 462.4 460.9
426.2 430 432.7 433.1 433.5 433 432 428.7 431.5 434.5 435.9 437.1 438.2 439.7 440.5 441.3 442.4 442.9 444.3 446.4 447.7 449.6 450.9 452.9 454.9 457.8 462.3 467.2 473 478.7 481.2 482.4 483.7 485.9 488.3 491.7 493.4 495.1 497.2 498.4 499.3 501.8 503.4 502.5 503.4 503.9 504.7 504.8 505.8 506.3 506.9 507.5 508.9 509.8 510.6 512.2 514.9 518.4 521.9 522.4 521.4 517.1 510.6 503 498.4 494.2 490.6 486.7 482.4 478.8 476.3 474.3 472.1 469.6 466.9 464.2 462 460.4
431.5 432.6 434.2 435 435 434.5 433.5 429.7 433.4 436 437.3 438.8 439.8 440.8 441.5 442.4 443.6 444.8 446.8 449.4 450.9 451.9 453.7 455.8 457.7 459.7 463.7 469 472.8 478 481.9 483.1 483.6 485.6 487.7 490.6 492.7 494.4 496.5 497.4 499.5 503 503.9 504.1 503.5 503.8 504.7 505.6 507.1 507.6 508.2 509.7 510.7 511.6 512.7 515.1 517.9 521 522.9 522.1 518.5 510.8 504.7 500.2 496.8 492.9 489.4 485.5 481.2 477.9 475.7 473.5 470.6 468.1 465.5 463.3 460.4 456.9
434.1 434.8 435.4 436.1 436.1 435.5 434.8 432.1 434.2 437 438.6 440.3 441.2 441.9 443.2 444.8 445.9 448.1 450.4 453 454.3 455.2 456.8 458.7 460.2 461.6 464.7 468.2 472 474.6 477.9 480.2 482.3 484.5 485.9 487.4 488.7 490.5 493.4 496.4 498.4 501.2 503.2 504.2 504.5 504.7 505.3 506.6 508.7 509.7 511 512.8 513.2 514 515.7 519.3 521.3 523.1 523.8 518.6 513.1 506.5 502.1 498.6 494.7 491.4 488.2 483.6 479.6 476.4 474.1 471.7 469.1 466.3 463.6 460.8 457.1 455.6
436.2 436.4 436.5 437 437.1 436.6 435.3 435.3 434.7 438 439.6 441.4 442.3 443.9 445.5 447 448.8 450.9 453.2 455.1 456.7 458.1 459.2 460.3 461.1 462.1 464.5 466.8 469.2 470.8 472.6 474 475.6 478.4 482 484.7 486.7 488.1 490.7 494.4 497.4 499.8 501.6 504.3 504.9 505.1 505.4 507 509.2 511.4 513.5 515 515.8 516.8 520.7 522.7 521.6 521.6 518 513.7 509.3 505.4 500.7 495.4 492 489.3 485 481 478.2 475.1 472 469.6 467.3 465 462.5 459.6 460.1 458.4
438.7 438.8 438.4 438.6 438.6 437.4 437.1 437.2 434.9 438.9 440.5 442.4 444 445.7 447.4 449 451.6 453.2 454.4 456.2 458.1 459.7 461.1 461.6 460.6 460.7 461.1 463 464.6 466 467.4 469.2 471.2 473.2 475.8 481.5 485.5 486.8 488.4 490.4 494 497 500 503.9 505.3 505.4 505.6 508.1 511.1 513.3 514.8 515.9 516.9 518.9 523.5 522.3 520.7 517.2 514.8 511 507.3 502.6 497 492.4 490.1 485.9 482.1 479.2 476.7 473.8 470.8 467.7 465.4 463.2 460.9 462.2 460.6 457.8
441.9 442.2 441.8 441 439.8 438.7 438.7 438.6 436.3 439.4 442 443.8 445.2 447 448.6 450.5 452.8 454.8 455.7 457.4 457.7 459.4 461.4 459.3 457.2 457.3 458 460.1 461.3 462.9 464.1 465.2 466.9 468.3 469.9 475.5 479.2 483.1 485.3 487.3 490.2 494 496.4 499.4 503.7 504 504.9 508.8 512.3 514.2 515.5 516.6 517.5 518.9 522.3 521.8 519.6 517.1 514.8 510.1 502.6 496.6 493.6 490.8 487.5 483.9 480.6 477.9 475.2 472.6 469.7 466.9 464.7 463.4 463.3 462.2 460.3 457
444.4 445.4 444.2 442.5 441.3 440.3 440.1 440 439.9 438.2 442.9 444.6 445.8 447.7 449.7 451.3 453.1 455.3 456.2 456.6 456.7 457.2 456.5 453.8 452.2 452.5 453.6 455.3 457.1 458.2 459 461.7 462.6 464.3 465.7 469 472.3 475.2 478.1 482.4 486.8 490.3 493.6 496.2 498.9 501.3 504.2 508.2 511.7 514 515.3 516.4 517.4 518.6 521.3 521.4 518.3 515.9 513.9 508.4 499 493.6 491.1 488.7 485.7 482.4 479.3 476.7 474.2 471.6 469.1 465.9 464.2 465.8 464.9 462.7 459.6 455.8
445.6 446.2 446.2 443.9 443 442.1 441.7 441.7 442.1 440.1 442.3 444.7 446.1 447.5 449.1 450.2 451.7 453.6 454.8 455.3 455 453.1 451.1 449.3 448.6 448.8 449.3 450.7 451.3 452.2 452.9 455.1 456.8 458.7 461.4 464.8 467.6 470.2 473.7 477.9 482.7 487.5 492.4 495.2 496.4 499.7 503 506.7 510.5 513.1 513.8 515.4 516.4 517.9 519 518.4 517.1 515.1 510.9 502.9 495.8 492.5 489.7 486.7 483.8 481.5 478.3 475.5 473.2 471 468.5 467.2 467.6 466.6 465 461.9 457.8 453.7
446.7 446.7 446.6 445.3 444.6 444.3 443.4 443.4 442.8 440.5 441.2 443.9 445.5 446.6 447.6 448.8 450.3 451.7 452.7 452.7 451.9 450.2 448.5 448 447 446.1 446.3 446.3 446.6 447.3 448.1 449.4 451 453.3 455.8 460.1 463.5 466.6 470 474.9 480.6 486.1 490.8 493.2 495 497.6 500.6 505.1 509.2 511.5 513.6 515 515.9 517.9 518.5 518 516.2 513.2 505.7 499.2 494.9 492.3 489.6 486.2 482.6 479.5 476.6 474.7 472.7 471.4 468.6 469.6 468.8 466.8 464 460 456 452.3
450 450.5 449.9 447.8 446.4 446.2 445.2 444.2 442.2 442.7 442.9 442.9 444.7 445.6 446.3 447.5 449 449.9 449.9 449 448.5 448.1 447.2 446.2 444.4 442.2 442 441.6 442 443.1 444.3 445.4 446.7 448.5 450.4 453.5 460.1 466.6 470.7 474.1 478.5 485 488.6 492.9 495.8 498.5 500.9 504.3 509 511.6 512.6 513.9 514.9 516 516.1 516.2 513.9 508.1 502.2 497.6 494.7 491.7 488.7 484.9 482 479.6 477.5 475 473 471.2 471.3 470.5 468 465.2 462.3 458.4 454.9 451.8
454.2 453.5 451.4 449.4 448.2 447.2 444.6 443.6 444.3 444.3 443.9 443.2 444.1 445.3 446 447.5 447.7 447.5 447.3 446.9 446.4 445.8 444.9 443.8 442.1 440.2 438.4 437.8 438.1 438.9 440 441.8 442.6 442.6 446.7 452.6 460 465.6 468.4 472.4 477 481 486.8 492.6 496.5 499.6 502.7 506.2 509.6 511.6 512.7 513.9 514.7 514.7 514.2 512.8 509.3 504.8 499.6 496.3 493.5 490.8 487.5 484.2 481.3 478.9 476.6 474.7 472.4 472.7 471.2 469.3 466.7 463.7 460.8 457.5 454.6 451.5
456.7 454.5 452.1 450.5 449.1 447.3 445.6 445.2 445.2 444.5 443.6 442.8 443.4 443.5 444.2 445.6 445.4 445.4 445.3 445.4 444.2 443.3 442 440.8 439.1 437 434.4 434.6 433.8 433.4 434.1 436.1 434.1 441.2 445.7 450.6 456.4 461.8 466.1 469.2 473.5 478.4 483.4 488.8 495.5 500.5 503.8 506.9 511.1 513.3 515 515.1 514.9 514.1 512.6 509.7 505.3 500.7 498.1 495.8 493.4 489.7 485.8 482.8 479.9 477.6 475.4 474 473.7 471.9 470 468 465.5 463 460.5 457.4 454.3 451
456.1 454 452.6 451.2 450 448.6 447.7 448.2 445.1 443.4 442.5 441.7 442.1 442.1 442.3 442.6 442.7 443.8 442.1 440.8 439.6 438.7 437.3 435.8 434.1 432.3 430.2 427.4 425.1 424.4 425.9 428.1 431.8 438.8 443.4 447.4 451.5 457.1 462.4 467.1 471.7 475.7 481.6 485.4 489.3 495.3 501.8 504.9 509 511.6 514.1 514.9 514.7 513.7 510 505.2 501 499.3 497.4 495.6 493.7 489.9 485.3 482 479.3 477.4 475.6 474.5 472.8 471.1 469.1 467.1 465.1 462.8 460 456.6 453 449.6
456.1 454.3 453 451.6 450.1 449 449.1 447.4 444.3 442.8 442 440.1 440.2 440.7 440.9 439.7 439.4 437.3 436 434.8 434.2 433 431.6 430.4 429 427.2 422.5 416.5 413.6 413.9 416.9 418 428.2 434.6 440.5 444.3 447.8 450.5 460 465.7 469.8 473.4 480.1 483.6 486.8 491.1 497.4 503 508.1 511.4 514.3 515.9 515.8 515.3 509.8 502.5 499.7 498.3 497.6 497.3 494.4 490 485 481.7 479.6 477.8 475.7 473 471.6 470.3 468.4 466.3 464.4 461.8 458.6 454.5 450.6 446.7
456.2 454.7 453.7 452.3 450.8 449.8 447.6 445 442.8 441.6 440.7 438.7 437.3 437.1 436.1 434.6 432.6 431.4 429.9 428.7 428.9 428.8 428 426.6 423.3 416.4 411.8 408 404.7 405.8 406.1 415.1 423.8 431.2 437 440.9 444.1 448.5 455.8 463.4 467.9 472.3 477.4 480.4 484.6 489.1 494.7 500.6 504.4 508.3 513.2 517.9 518.6 514.1 505 500.3 500.2 499.7 499.8 497.6 493.1 487.3 483.6 481.7 479.6 476.8 474.5 472.4 470.6 468.4 466.5 465.2 463.1 459.6 455.5 450.6 447.2 442.8
455.9 455.2 454.1 452.7 451 448 445.1 442.6 441 439.8 437.3 434.7 431.8 430.3 429.3 428.3 426.9 425.3 423.7 422.5 421.4 419.6 416.9 413.2 409.7 404.7 401.8 398.2 397.2 397.5 402.9 412.9 420.5 427.5 433.1 437.1 441.3 445.4 450.8 457.1 465 471.2 474.4 476.1 480 483.5 486.9 494.8 500.9 505.6 511 517.5 519.7 513.1 504.8 501.6 501 500.2 498.1 494.9 489 485.2 483.3 481.1 478.4 475.9 473.6 471.6 469.3 467.4 465.2 463.1 460.2 456.5 452.2 447.4 442.9 435.6
455.5 454.6 453.2 450.4 447.4 444.8 443.7 441.5 437.5 435 431.7 428.5 426 423.9 422.5 421 419 417.9 416.9 412.5 408.8 405.6 402.9 399.4 396.6 393.4 390.4 389.3 387.1 389.7 401.5 411.3 417.9 422.3 427.7 433.7 438.8 442.7 447.3 452 460.7 468.7 471.1 473.4 476.1 479 483.3 489.1 495.8 502.4 508.3 515.2 518.6 510.5 504.3 502.1 499.7 497.1 494.8 490.5 486.9 485.3 483.5 481.4 478.1 475.3 472.7 469.1 467.3 466 464.1 461.4 456.7 452.8 448.8 442.5 434.8 425.5
452.5 450.7 449.1 447.2 445.5 443.4 440.1 436.3 433 429.3 426.2 423.4 419.8 416.4 414.1 411.5 407.8 406 405 403.1 398.5 395.8 391.2 388.2 385.5 383.4 381.9 376 380.7 391.3 400.6 407.6 413.3 419.5 425.8 431.9 436.2 440.9 444.5 449.8 456.3 461.3 467.3 470.8 474 476.8 481.9 487.7 492.6 498 506.2 510.9 508.7 505.7 503.8 501.3 498 495.8 492.3 488.1 486.4 484.7 482.9 481.1 478.4 475.4 471.3 467.3 465 464.1 462 458.9 454.6 449.8 441.3 433.9 427.7 426
