ny/ny75_OST50GRID_20230518/NY75.asc
ncols 200
nrows 200
xllcorner 370000
yllcorner 550000
cellsize 50
[rows 70 to 104 of 200, columns 78 to 155 of 200]
465.2 464.2 462.2 459.7 454.8 451 446.8 442.4 439.4 436.8 432.9 430.3 429.2 427.9 425.9 423.9 422 419.9 417.9 415.5 412.9 409.8 406.4 402.3 398.3 394.5 389.5 385.3 380.9 377.1 373.4 369.8 366.2 362.9 359.6 356.9 354.8 352.5 349.9 348 345.5 341.6 337.7 334.3 332.2 329.6 326.1 321.9 316.3 311.5 306.5 300.9 298.3 294.2 288.6 282.4 276.6 269.4 263.1 258.1 249.1 248.1 243.3 239.1 234.9 227.9 220.7 211.7 205.7 213.5 217.4 219.2 217.7 214.3 212.5 214.2 214.1 213
467.5 465.9 463 458.5 453.7 449.6 445.3 441.9 439.2 437 434.5 432.4 430.5 428.3 426.6 425.3 423.2 420.9 418.7 415.9 413 409.7 405.7 401.9 397.8 393.6 387.8 382.6 378.5 375.3 372 368.5 365.5 362.3 359 356.7 354.5 352.3 349.6 347.3 343.5 339.4 334.9 332.4 329.3 326.9 323.2 318.6 312.9 307.8 302.5 297.1 294 290.1 283.4 277.2 271.2 265.3 259 252.8 242.9 242.5 237.9 233.5 226.9 219.1 210.6 209.9 216.1 219.9 221.7 220.1 217.7 214 213 215.8 214.4 213.2
469.3 467.2 463.2 458.8 453.8 449.1 444.9 443 440.8 437.9 435.4 432.9 431 429.4 427.7 426 423.5 421.2 418.5 415.6 412.2 408.5 404.6 400.8 397 391.9 385.8 381.1 377.5 374.5 371.2 367.7 364.6 361.5 358.8 356.5 354.2 351.8 349.5 347.6 343.1 338.2 333.9 329.7 324.5 323.1 319.4 314.8 309 303.7 297.8 292.9 288.6 283.2 277.5 271.1 265.7 260.3 254.6 248.1 238.3 235.5 230.3 225.2 217.9 209.1 214.7 219.6 222.5 223.7 221.8 219.3 217 214.8 213.6 216.8 215 213.9
470.5 468.5 464.1 459.1 454.1 449.3 446 443.9 441.3 438.6 435.8 433.6 431.7 430.4 428.6 426 422.8 420.1 417.9 414.4 410.9 407.2 403.2 398.9 394.5 389.2 384 380.6 377.5 374.6 371.5 367.5 363.5 360.3 357.8 355.2 352.4 349.9 347.7 345.8 340.9 335.7 332.5 328 321.2 316.1 311.4 310.9 303 297.6 291 286.7 281.7 276.6 271.2 266.2 261.3 256.5 250.8 242 235.5 228 220.3 214.3 213.9 218.2 222.3 225 224.4 222.3 220.8 219.7 217.3 214.7 213.6 215 215.1 214.1
471 468.8 464.5 459 454.3 449.8 446.6 444.4 441.8 438.2 435.8 433.6 432.8 431.6 428.8 425.5 422.6 419.9 416.7 413.3 409.7 405.9 401.7 397.4 391.7 386.6 383.5 380.3 377.5 374.1 370.1 366.2 362.4 359.4 356.4 353 350.3 346.7 343.7 341.4 337.7 333.4 330.2 326.6 321.8 316.3 305.9 303.7 294.1 290.1 286.4 280.2 274.9 269.1 261.9 259.1 256.5 251.3 246.1 239.4 232 223 215.5 222 223.8 225.4 226 226.1 223.9 223.2 223.2 219.5 216.3 215 213.3 213.8 215.1 213.8
470.6 467.1 462.7 458 453.8 449.7 447.1 444.4 441.3 437.9 436 434.7 433.5 432 428.5 424.7 421.8 418.7 415.3 411.9 408.4 404.4 400.2 395.6 389.8 386.6 383.8 380.6 376.6 372.7 368.7 364.5 361.2 358.2 354.9 351.2 346.7 343.2 340.2 337.6 334.3 331.4 328.8 324.5 320 313.8 306.2 295.6 290.8 284 280.6 276.5 266.9 261.1 256.3 253 246.5 242.2 237.8 231.2 227.1 216.9 227 228.1 228.8 229.2 230 228.5 228.3 225.2 223.1 220.7 217.2 214.2 212.6 212.4 212.5 211.3
468.1 464.7 460.9 457 453.5 450 447.6 444.9 440.9 437.9 435.7 434.8 433.5 430.9 427.1 423.7 420.7 417.5 414.3 410.8 407.3 403.3 398.9 393.8 389.3 386.3 383.4 379.8 375.8 371.4 367 362.6 359.4 357 353.5 349.3 344.7 340.3 337.6 334.3 331.7 329.5 326.7 321.6 315.9 309.5 303.5 297 289.6 280.7 274.4 269.7 261.8 257 253.1 247.6 242.3 237.6 232.1 222.1 223.4 230.3 231.2 231.9 233.6 235.7 234.5 231.2 228.4 225.9 223.2 220.4 217.3 214 212 211 210.9 212
466 463.7 460.6 457.3 453.6 450.2 447.3 443.6 439.8 437.4 435.4 433.9 432.4 429.6 425.9 422.7 419.4 416.3 413.1 409.9 406.3 402.3 397.5 393.1 389.3 386.1 382.4 378.6 373.8 369.3 364.9 360.5 358.1 355.4 351.8 347.5 343 338 334.1 330.4 327.5 325.3 321.5 316.7 310.5 305.4 299.7 294 287.5 280.8 272.4 261.8 259.1 255.5 249 244.8 239.7 231.9 231.1 238 238 236.1 235.6 236.1 237.9 239.8 236.3 232.6 228.6 225.9 223 220.1 217.2 214.6 212.3 210.3 208.7 208
464.4 462.4 460.1 456.8 453.4 449.6 445.5 442 439.8 437.9 435.4 434.5 431.9 428.1 424.5 421.2 417.9 415 411.9 408.4 404.6 400.7 396.8 392.1 388.7 384.6 381.1 376.7 371.9 367.2 363.1 360 356.8 353.6 350.2 346.1 341.5 336.9 331.3 323.4 319.9 318.6 315.4 310.5 306.6 300.5 295.2 289.5 283.7 276.3 270.4 264.5 251.7 249.6 246.5 239.7 231.5 235.7 243.1 243 241.2 239.4 239.7 240.4 242.3 242.3 236.3 232.9 228.4 226.2 223.4 220.4 217.7 215 212.4 209.8 208.1 206.8
463.4 461.5 459 455.7 452 447.6 444.7 441.9 439.7 437.9 436.2 434.5 431.6 427.7 423.2 420 417.3 414.8 411.3 407.6 403.6 399.4 395.6 391.4 388 383.8 379.6 374.8 370 365.7 362.2 359.1 355.8 352.4 348.6 344.5 340.2 336.3 333.2 329.8 325.9 318.2 302.2 299.1 298.7 295.6 291.4 285.4 280.1 272.8 266.2 256.3 245.9 244.5 238.9 236.4 243.8 247.6 249.7 246 243.9 243.8 244.5 245.5 247.1 244 236.9 233.4 229.2 226.7 224.3 220.7 218.4 215.5 213.2 211.1 208.8 207.7
462.4 460.7 458 454.4 450.5 446.8 444.3 441.9 440 438.3 435.8 433.6 430.2 425.9 422.5 419.4 416.8 414.2 410.5 407 403.2 398.8 394.5 390.6 386.9 382.3 377.3 372.6 368.2 364.9 361.4 358.5 354.6 351.2 346.9 341.5 338 334.6 331 326.3 322.2 315.5 304.2 293.1 282.8 285.2 284.2 279.1 274.1 266.4 255.7 248.5 239 240.5 246.6 252 256.2 255.8 252.6 248.7 248.1 249 249.8 250.7 249.9 244.7 237.5 234 230.3 227.9 225.4 221 218.4 216.2 214 211.3 209.4 208.8
462 459.6 456.3 452.5 448.7 446.2 443.7 442.3 440.4 437.8 435.1 432 428.7 424.7 421.4 418.8 416 412.9 409.4 405.8 402.1 397.9 393.4 389.5 385.2 380 375 370.5 367.1 364.2 361.3 358 354.4 351.1 346.4 342 337.3 332.3 328.1 326.5 321.7 315.3 308.7 301.5 294 283.7 272.3 267.7 265.5 258.5 247.9 244.9 250.5 256.3 261.2 260.7 261.2 259.8 256.2 254.5 254.1 254.8 255.1 253.5 250.3 244.7 238.8 234.1 230.8 227.8 224.3 221.5 219 216.8 213.9 211.8 210.6 209.9
460.7 458.2 454.3 450 447.8 445.4 443.4 441.4 439.8 437.1 434 430.5 426.9 423.2 420.2 417.8 414.8 411.6 407.8 404.1 400.4 396.5 392.1 387.9 383 377.8 373.1 369.1 366 363 360.1 357 353.4 349 344.6 340.5 336.9 333.6 330 325.8 320 313.6 305.4 298.9 293.6 288.1 282.6 276.3 265.2 250.1 250.1 260 263.6 265.8 266.4 265.1 265.4 263.4 258.8 259.3 259.1 259.7 259.7 257.3 251.5 245.4 240.2 235.4 231.4 228.2 224.9 222.4 219.6 216.8 214.3 213.2 211.9 210.9
459.4 456.4 452.4 449.3 446.9 445.1 442.4 441 438.8 436.5 432.9 429.2 425.5 422.4 419.6 416.5 412.9 409.5 405.9 402.4 398.7 394.8 390.6 386.1 380.4 375.7 371.6 367.8 364.7 361.7 358.7 355.3 351 346.1 341.8 337.9 335.1 331.5 326.6 321.3 315.4 308.9 301.9 297.1 291.8 287 280.6 270.8 257.5 252.9 263.4 269.4 269.6 269.9 269.4 270.1 268.9 266.8 263.7 264.2 264 264 262.2 259.1 251.6 245.3 240.7 236.1 232.3 229 226 223.3 221.4 218.5 215.7 215.3 213.3 211.8
457.9 454.7 451.7 449.6 447.6 444.9 442.3 439.6 437.8 435.4 432.2 428.7 425.6 423 419.5 416 411.8 408.1 404.2 400.6 396.9 393.1 388.4 383.7 378.3 374.1 370.1 366.5 363.3 360.3 357 352.9 348 343.3 339.1 335.2 331 326.9 321.3 314.6 309.4 303.7 299.2 294 287.5 281.3 272.9 259 260.4 267.2 272.7 274.3 274 273.6 273.1 274.5 272.4 269.8 267.9 268.6 268 266.5 263.3 258.2 250.9 245.6 241.7 237.3 233.3 229.9 226.7 224.4 221.7 219.4 217.1 216.3 214.9 213
456 453.5 451.1 448.5 446.4 444.2 441.6 439.5 436.8 434.2 430.3 427.7 425.1 422.7 419.4 415.3 410.9 407.1 403.3 399.5 395.1 390.6 386.6 381.3 376.5 372.4 368.4 364.9 361.6 358.4 354.9 350.3 345 340.3 336 332.5 328.9 322.7 316.3 310.6 306.2 300.5 293.7 286.1 278.1 270.8 259.5 264.2 276 278 277.6 277.6 277.3 276.8 277.7 277 274.4 272.8 271.5 270.6 270.2 267.2 263 257.6 250.3 245.8 241.8 238.5 234.3 230.6 227.3 225 222.5 220.1 218.2 217.3 217.6 214.9
455.9 453.4 451.4 448.7 445.7 443.1 440.3 437.9 435.5 432.7 429.8 426.4 423.9 421 418.2 414.4 410.1 406.3 402.5 398.2 393.8 389.6 384.7 378.7 374.7 370.5 366.5 362.9 359.5 355.7 351.5 347.4 342 336.9 331.5 327.7 324.1 319 312.6 307.8 302.6 295.3 285 269.7 263.5 260.9 275.3 280.5 283.9 283.1 281.3 279.8 280 280.7 280.6 278.5 276.7 274.4 273 272.1 269.5 266.5 262.2 254.9 249.6 246 241.5 238.2 234.9 231.1 228.6 226.4 224.4 222.2 220 219.4 218.9 212.6
455 453.1 451.3 448.6 444.7 441.4 439.3 437.4 434.9 432 429 425.8 422.7 419.3 416 412.4 408.6 404.7 400.9 396.2 391.7 387.3 382.3 377 372.6 368.2 364.1 360.3 356.3 351.5 344.1 339.1 334.9 330.7 327.2 322.5 318.4 314.3 309.7 305.5 299.1 286.1 268.9 278.8 281.2 286.1 288.3 288.2 287.1 286.1 284.7 282.4 282.9 283.3 282.3 279.5 276.8 274.6 273.2 270.8 268.6 265.3 259 252 247.3 243.6 240.5 237.9 235.1 232.4 230.2 228.1 226.2 224.3 224.1 223 215.8 206.6
454.8 452.9 451 447.5 444.1 441.8 439.2 436.1 433.3 430.4 427.8 424.2 420.4 416.9 414 410.1 406 403.1 399.2 394.5 389.7 384.7 379.8 375.2 371 366.2 361.7 357.8 353.9 350.1 346.6 341.4 335.4 329.7 323.9 317.3 312 306 299.1 288.1 282.4 278.4 286.1 289.3 294 293.6 292 290.3 289.5 288.6 287.3 285 284.2 284 281.8 278.8 276.1 273.8 270.7 267.7 265.2 259.7 253.2 250.3 247.7 244.7 241.6 238.5 235.6 233.3 231.3 229.3 228.3 226.7 224.1 215.8 207.9 207.7
454.4 452.7 450.7 447.2 443.3 440.8 438.6 436.5 434 430.6 427.2 423.9 420.5 416.8 412.2 407.9 401.9 399.1 395.7 390 383.3 378.3 375 372.2 369.1 365.2 360.8 356.8 353.1 347.9 342.1 336.4 331.3 326.6 318.7 309.4 301.2 293.7 286.7 296.5 298.3 295.5 296.3 300 297.9 295.8 293.9 292.7 291.3 290 288.3 286.6 284.8 282.6 280.5 276.7 273.8 270.5 267.9 264.2 258.6 255.2 253.7 251.2 247.9 244.9 241.6 238.8 236.5 233.7 232.4 230.6 227 219.8 215 208.8 213.5 217.3
453.8 452.2 449.3 446.3 443.4 441.2 438.2 435.5 432.5 429 425.1 422.4 418.7 414.8 411.2 407.3 404.9 400.5 395.6 392 387.2 381.6 375.6 369.4 361.1 359.2 356.6 352.1 349.5 342.3 338.8 330.9 324.2 312.3 305.5 297.1 295.4 303.7 307.2 307 307.1 307.4 304.7 302.2 299.7 297.4 295.7 293.8 292.4 291.2 288.8 286.5 284.3 281.7 276.7 272.9 270.2 267.3 263.6 260.4 258.7 256.2 253.6 250.4 247.3 244.5 240.8 238.5 234.3 229.8 230.6 225 220 217.7 215.3 216.8 223.2 224.8
453.3 451.7 448.6 446.2 443.7 440.7 438 435.7 433.2 429.4 424.9 419.9 415.9 413.3 411.3 408.9 405.3 401.3 396.4 391.7 385.9 379.6 374.4 370.4 366.2 360.6 353.9 348 334.4 333.1 330.5 320.2 313.3 302.5 304.9 313.1 314 314.8 315.1 314.4 312.5 309.7 306.4 303.7 301 298.3 296.5 295.1 293 290.8 288.4 285.9 282.8 279.2 274.7 271.1 267.4 264.6 262.9 259.6 257.2 249.1 245.1 242 234.9 237 232.3 230 224 221 222.1 220.7 217.1 220.3 224.5 226.8 227.4 227
452.9 451.4 448.3 445.9 443 440.3 438.4 435.9 432.5 428.7 424.6 420.8 416.1 412.9 410.7 407.6 402.4 396.7 393.7 389.2 383.2 377 372.5 369.1 364.3 358.9 353.4 348.6 343.3 334.9 316 307.2 307.5 314.3 322.5 322.5 321.5 320.1 318.8 318.1 315.7 311.7 308 305.1 301.8 299 297 294.6 292.6 289.9 286.9 283.9 279.9 276.2 272.3 268.8 265.5 264.4 260.9 254.3 241.7 236.6 233.6 229.3 227.2 226.9 224.3 223.4 221.3 221.1 220.9 225.2 227.7 229.5 230.7 228.5 228.8 229.4
452.4 450.2 447.3 444.7 442.4 439.9 437.9 434.9 431.3 426.8 421.5 416.9 411.7 406.6 403.7 394.3 393.5 381.3 379.4 380.1 375.8 372 367.6 362.5 354.3 348.5 335.8 331.1 328.6 321.4 313.8 326.6 327.7 330.5 328.6 326.6 324.8 323.7 323 321.8 317.9 313 309 305.3 302.2 299.1 296.6 293.7 291 287.8 284.1 280.6 276.4 273 269.8 266.8 264.6 260.2 251.7 241.2 233.4 230.6 231.1 230.6 229.2 227 226.7 225.8 225.6 235.1 237.3 237.8 237.6 236 234.2 230.7 229.9 230.9
450.2 447.7 445.4 442.1 438.5 435.6 432.3 429.9 422.6 418.3 409.9 397.6 393.1 389.9 390.4 391.2 387.2 389.9 384.6 373 367.4 356.8 354 350.9 347 346.5 344.1 340 338.3 336.4 337.2 337.8 336.4 333.9 331.5 329.7 328.4 327.4 325.9 323.7 318.5 313.1 309.2 304.9 301.5 298.2 294.8 291.8 289 285.8 281.8 278.2 275.4 272.2 269.4 264.8 253.1 247.7 240.9 235.7 235.3 235.1 235 238.7 236.3 238.7 240.4 240.8 240.1 241.6 242.4 242.1 240.9 238.6 236.7 234.5 233.3 231.3
446.6 445.2 443.1 438.7 440.2 437.5 433.3 431.4 427.9 420 419.4 415.4 408.5 411.9 409.7 404.7 399.5 395.1 389.9 384 376.2 372.1 367.6 364.6 360.1 355.8 350.7 344.3 347.4 345.5 343.5 341.5 339.7 337.1 334.5 332.2 331.3 330.1 327.7 324.6 319 313.3 309 304.3 300.2 296.7 293.1 290 287.8 284.5 281.2 278 274.4 271.4 267.9 259.5 247.8 238.5 238.1 242 244.2 247.5 247.6 245.9 245.3 242.4 244 242.8 243.1 243.9 244.2 243.7 242.9 240.9 239 237.3 235.5 232.6
451 449.3 447 444.9 443.2 440.8 438.1 434.3 429.7 425.3 417.8 414.2 417.3 414.6 410.7 405.3 399.8 394.5 389.4 383.8 378.4 374.4 370.3 365.8 361.6 357.9 355.2 352.7 351.4 349.4 347.3 345.2 342.7 339.9 337.1 334.3 333.2 332 329 324.2 318.2 313.3 308.4 303.8 299.6 295.7 292.4 289.4 286.7 283.2 280 276.8 273.2 269.2 255 247.8 239 241.4 248.8 253 254.3 253.5 250.8 248.5 246.4 246.3 245.9 245.2 245.3 246.2 246.3 245.7 244.9 242.9 241 239.2 237.9 235.7
452.3 450.4 448 446.1 444.1 441.1 437.8 433.9 429.7 423.3 422.3 421.7 419 415.3 410.1 404.6 399.2 394 389.1 384.3 380 375.7 371.4 367.4 363.8 361 358.4 356.5 355.1 353.1 351.1 348.4 345.4 342 338.8 336.3 334.7 332.5 328.5 323.2 317.4 312.5 307.6 302.9 298.8 295.2 291.8 288.9 286.1 282.8 279.8 275.9 270.2 258.3 243.6 241.7 248.2 252.3 254.4 258.3 259.2 256.2 252.2 249.9 248.1 248.2 247.6 247.2 247.8 248.7 248.7 248 246.8 244.5 242.7 241 239.3 238.4
452.8 451.8 449.9 447.7 444.3 441.1 437.2 433.3 428.4 426.7 425.8 423.4 419.7 415.3 409.8 404.5 400 395 390.3 386 382.4 378.6 373.7 370.1 366.5 363.9 361.6 359.9 358.6 356.5 354 350.6 346.9 343.5 340 337 334.7 331.6 327.2 321.5 315.9 311.1 306.3 301.4 297.7 294.4 291.2 288.3 285.4 282.2 277.3 269 256.9 246.1 243 256.3 257.6 258.9 260.8 264.7 262.1 258.3 254.3 252 250.9 250.2 249.8 249.8 250.4 250.9 251 249.7 248.2 246 243.9 241.8 240 237.9
454.5 453.3 450.9 448.2 444.6 440.4 436.3 432.5 430.5 430.1 427.8 424.9 420.5 415.2 409.7 404.9 401.1 396.4 391.8 388.5 385 380.5 375.9 372.5 369.4 366.8 364.7 363 361.5 358.9 356.1 352.1 347.6 343.5 339.5 336.3 333.2 329.3 324.4 319.1 314 309.8 305.5 300.9 297.4 293.7 290.4 288 284.4 279 268.9 258.2 247.8 246.5 254.5 264 263.3 264.3 267.6 266.9 264.5 260.5 257.3 255.1 254 252.7 252.4 252.9 253.5 253.4 253.4 252.3 250.5 247.5 244.9 242.7 240.6 238
455.7 454.4 451.5 448.6 445 441.9 438.4 434.7 434.1 432.6 429.7 425.3 420.5 414.8 409.7 405.7 401.5 397.6 393.7 390.6 387.4 382.5 378.4 374.9 372.1 369.6 367.7 366 363.7 360.8 357.2 352.6 347.7 342.8 338.4 334.8 331.1 326.7 321.6 316.5 312.3 308.3 304 299.8 296.5 292.7 289.6 285.3 279.9 269.6 254.5 249.9 248.8 255.3 265 270.3 272.2 272.6 271 269.7 266.6 262.4 259.6 258.1 259.1 256.5 255.3 256.7 257.4 257.3 256.9 255 252.3 248.7 245.7 243.5 240.3 237.3
456.9 454.3 451.6 449.5 447 443.9 440.4 438.1 436.5 434.3 430.4 425.7 420.1 415 410.7 406.9 402.8 399.1 395.2 392.1 388.5 384.4 380.3 377.3 374.6 372 369.7 367.6 365.2 361.7 357.1 351.9 346.6 341.4 337 332.9 328.3 323.7 318.8 314.3 310.2 306.5 303.2 299.4 295 291.3 287.3 280 272.3 258.7 251.5 260.8 262 269.2 278.5 280 279.1 277.3 274.7 272.7 268.5 265.2 263 261.8 261.5 260 259.9 261.5 262 261.7 260.4 258.2 255.4 250.6 246.6 243.2 239.4 236.8
457.9 456.2 454.7 452.2 448.7 445.1 442.4 440.8 438.9 435.4 430.7 425.5 419.9 415.2 411.1 407 403.4 400 396.5 392.9 389.3 385.4 382.4 379.6 376.6 373.9 371.2 368.8 365.7 361.4 356.2 350.8 345 340 334.8 330.2 325.1 319.8 316.1 312.6 308.9 305.1 301.3 297.4 293 285.2 276.3 268.9 257.8 252.5 264.2 268.5 277.1 283.2 284.7 285.4 284 281.5 278.6 275.8 272 269.6 267.9 266.5 265 264.1 265.2 266.5 266.7 265.6 263.7 261.4 258.3 253.1 247.9 242.8 239 236.2
459.9 458.1 456.3 453.3 449.8 446.4 445.7 443.2 439.8 435.5 430.8 425.4 420 415.9 411.9 407.9 403.8 400.3 397.1 393.6 390.1 386.7 383.7 380.8 377.6 374.6 371.8 368.6 364.8 360.1 354.7 348.4 343.2 337.3 332.6 327.8 322.2 317.3 313.7 309.8 306.3 301.5 298.5 292.7 285.2 277.6 262.2 257.2 255.4 267.5 272.2 279.2 287.1 288.1 289.7 291.2 289.6 286.3 283.6 280.1 277.4 275.2 273.3 272.6 271.4 270.5 271 271.9 271.6 270 268.4 265 261.7 256.6 250.3 244.9 239.9 236.8
461.1 459.8 457.3 454.6 451.4 449.4 447.4 444 439.8 434.8 429.5 424.6 420.6 416.6 412.6 408.1 403.9 400.7 397.4 393.7 390.6 387.4 384.3 381.1 377.9 374.6 371.3 367.5 363.2 358.1 351.7 346.1 340.6 335.3 329.7 325.2 319.4 315 311.4 307.1 300.2 293 289.3 284.8 273 264.8 257.2 264.2 271.8 284.8 285.9 290.4 291.1 292.7 294.5 295.9 293.5 290.5 288.1 283.7 283.9 281.2 279.6 278.3 277.3 277.2 278 277.8 276.8 274.8 272.5 269.5 265.1 259.5 252.8 247.1 241.7 236.8
