ny/ny19_OST50GRID_20230518/NY19.asc
ncols 200
nrows 200
xllcorner 310000
yllcorner 590000
cellsize 50
[rows 140 to 174 of 200, columns 0 to 79 of 200]
90.4 92 94.5 89 84.3 82.6 73.6 69.5 66.8 67 67.5 67 63.5 65.2 65.4 65.6 65.9 68.8 67.8 72.7 78.5 82.5 81.3 78 75.7 79.1 80.3 82.1 83.4 85.3 87.3 87.6 86.4 85.2 85.2 86.4 92.4 93.9 94.6 96.8 100.1 103 106.5 110.9 125.4 136.7 146.9 156.2 165.3 175.9 181.1 179.9 176.6 176.5 176.6 173.3 171.3 169.4 164 160.6 159.1 157 154.5 153.3 152.2 154.5 159.6 163.4 174.7 190.9 198.3 207.3 216.2 220.8 220.5 203 190.8 190.8 186.1 185.7
90.3 92.6 95.5 87.9 84.3 82.1 73.6 68.9 68.1 66.9 64.9 63.5 64.3 65.2 65.2 65.3 65.6 65.8 67.5 73.9 80.5 82.5 81 79.1 78.6 79.8 79.7 82.1 83.4 85.1 86.4 86.8 85.5 84.7 84.8 89.7 95.7 95.3 96.2 98.3 101.3 104.9 109.8 116 130.8 141.6 149.9 159.2 167.4 173.8 179.4 178.3 175.2 174.2 174.2 170.7 168.3 166.2 161.4 157.2 157.2 155.3 152.8 151.8 151.9 155.5 159.6 164.3 174.9 192.5 202 213.1 221 225.8 223.4 207.8 188.8 188.9 186.2 182.3
91.2 93.2 96.2 87.8 84.6 80.5 71.1 70.9 69.5 68.2 65.2 62.8 64.9 65 65 65.1 65.3 65.6 70.2 76.6 81.6 82.5 80.6 80 80.6 81.1 79.5 81.2 83 84.1 85 85.7 84.6 83.6 86.1 91.7 97.2 96.1 97.4 100.4 103.9 107.3 116.3 123 134.7 143.5 153.3 160.9 166.7 172.3 176.5 176.4 173.6 172.4 171.3 168.3 165.9 163.3 158.4 154.4 154.1 153.4 151.8 150.9 152.2 155.6 161.7 167.4 180.6 196.4 205.3 214.9 224.9 231.6 225 210.6 190.9 183.6 181.7 178.8
91.5 93.2 96.4 85.2 85.2 76.3 69 69.6 67.5 66.5 65.8 63.7 63.9 64.7 64.8 65.3 65.7 72.2 78.6 79.7 82.9 82.1 79.8 79.2 80.7 80.9 80.5 81 81.6 82.6 83 83.8 83.6 83.1 85.9 93.5 97.9 97.1 98.5 102.5 106.6 112.7 119.4 128.2 139.6 146.7 153.7 160.8 166.3 171 175.5 174.2 171.4 170.2 169.2 166.6 163.8 160.8 154.6 152.7 152.4 151.3 150.3 150.4 152.8 157.6 162.8 170.1 184.3 198.7 208 217.8 225.5 232.4 223.8 208.4 192.4 184.5 178.3 175.2
91.2 91.7 94.1 83.3 85.2 70.6 68.5 66.9 65.8 65.8 67.2 63.4 63.5 64.3 64.5 73 77 82.3 84.2 80.9 81.3 80.1 79.2 80.4 80.9 80.7 80.6 81.1 81.5 82 80.6 83.1 83.4 83.6 86.2 95.4 98.5 98.2 100 104.7 111.4 118.2 124.7 131.8 140.8 146.6 152.1 159.7 165.2 169.9 174.4 171.9 168.9 168.3 168 164.5 161.7 158.1 152.6 151.5 151.2 150.1 149.3 150 153.4 158.5 164.6 171.3 186.2 198.4 210.5 220.8 228.2 234.1 222.2 212.5 197.1 186.4 175.8 173.1
90.7 90.3 89.2 82.8 85.2 73.1 69.1 65.8 65.8 65.8 65 63.1 63.5 69.3 78.1 84.1 84.1 85.8 86.1 81.4 81.6 79.7 78.6 79.1 79.6 80.2 80.7 81.4 81.9 82.3 83.1 83.6 82.8 83.7 87.8 96.4 99 99.5 100.8 106.1 113 120.8 127.8 133.5 139.3 145.5 151.6 157.1 163.1 168.8 172.6 169.6 166.9 166.7 166.8 163.3 158.8 154.1 151.4 150.4 150.2 148.7 148.9 150 152.8 159.9 166.7 173.7 187.8 199.8 211 222.2 229.5 229.9 223.4 216.5 205.7 191.6 175.7 171.9
89.7 88.2 82.3 83 85.1 73.3 69.3 68.7 65.8 65.8 64.4 62.8 73.3 83.7 89.7 93.2 91.2 89.7 89.8 81.7 81.2 79.1 78.3 78.7 79.2 80 80.9 81.5 81.5 82.8 83.5 83.5 82.9 83.4 89 97.8 99.4 99.6 102.5 110.3 117.8 125 130.3 135.5 140.7 146.1 151.5 156.6 161.6 167.1 171 167.6 163.8 165.6 164.7 160.8 156 152.3 150.3 148.7 147.7 148.4 149.2 149.7 154.6 163 171.1 179.2 190 201.8 211.6 222.9 230.4 231.7 219.8 209.5 203.4 196.2 179.2 171.4
88.9 87 77.7 81.5 85 73.6 70 69.6 69.6 67.5 62.7 67.9 82 87.5 96.7 100.8 97.1 93.2 90 81.6 80.6 78.3 78.3 78.6 78.7 80.3 79.9 80.4 81.6 82.7 82.5 83.6 83.2 83.6 90.5 98.3 99 100.4 104.4 113.9 121 126.1 131.1 135.1 139.5 144.5 150.1 155.3 160.8 166.5 168.8 165.3 160.3 163.3 162.1 158 153.5 151 148.6 146.5 148.2 148.5 148.9 149.2 155 168.1 176.9 182 191.1 200.3 208.7 218.4 225.8 226.5 217.7 210.5 205.3 198.9 180.4 171.6
87.1 80.8 77 77.6 76.9 73.6 72.7 71.6 70.8 65.7 64 77.5 84.1 91.2 101.1 105.4 100 94.4 89 80.3 78.8 77.6 77.8 78.2 78.5 80.5 79.6 80.6 81.7 82.8 84.1 84.4 83.6 84.7 92.2 98.2 99.6 100.9 105.9 114.3 121.7 127 131.4 134.8 138.8 143.9 149.4 154.8 160.4 166 165.2 161.3 158 157.1 158 155.5 151.2 148.4 144.3 148.8 149.3 150.1 150.5 151.3 154.5 170.5 182.7 186.3 195.8 205.1 210.3 218.2 225.2 223.1 215.3 208 202.9 194.3 180.3 171
85.1 80.9 77.2 86.9 83.7 74 72.7 73.2 72.2 62.3 71 80.6 85.7 92.6 104.9 106.9 101.1 94 87.9 79.9 77.6 77 77.3 78.3 79.4 80.3 79.9 80.9 81.9 82.9 84.3 84.7 84.1 86.4 93 97.9 98.2 100.9 104.7 113.6 122.5 127.5 131.7 135.1 138.4 143.8 149.1 154.3 159.8 161.9 157.8 154.5 152.6 152.5 151 150.9 144.5 144 149.6 150.4 151.7 153.3 154.9 154.9 159.4 171.2 188.7 192.3 199.8 207 211.5 217.1 219.9 219.5 215.1 206 197.5 191.1 170.3 169.3
84 82.8 78.1 86.7 83 75.6 72.8 73.1 73 62 73.7 80.3 86 95.2 107.6 107.5 101.6 93.9 86.7 79 77.1 76.8 77 77.9 79 80.4 80.3 81.3 82.3 83.5 84.7 85.3 85.5 87.5 94.2 97.7 98.1 100.2 104.3 113.6 121.7 128.2 131.5 134.3 138.8 144 148.6 153.4 157.9 154.3 151.5 149.3 146 142.6 139.5 141.2 144.9 151.5 152.1 153.3 154.8 158.9 161.5 163.2 166.8 181.8 192.4 195.4 198 204.9 208.8 210.2 211.2 211.5 210.2 201.7 196.9 182.1 168 172.1
85.9 81.9 78.7 85.2 82.2 76.8 73.9 73.7 74.6 65.3 73.5 80.3 87.8 96.8 110.5 108.6 100.7 92.4 84.3 77.3 76.7 76.8 77 77.2 79.3 80.3 80.7 81.8 83 84.2 85.5 86.7 86.9 91.6 95.2 96.5 98.2 99.9 104.2 111.9 121.4 127.5 131 133.7 137.6 142.9 147.7 151.9 150.5 147.5 146 134.2 135.6 137.3 143.5 150.8 154.4 155 155.4 156.5 158.7 164.4 168.4 172.6 180.3 188.9 196.4 197.6 198.6 202.7 206 205.3 206 202.7 203.7 199.3 192.5 177.1 166.9 173.2
85.7 82.8 79.5 82.4 81.4 78 75.8 75.1 76.3 67.2 71 79.8 87.6 95 107.2 107.4 99 89.7 81.8 77 76.5 76.7 77 77.2 79.5 80.2 81 82.3 83.6 84.8 86 86.7 88.7 92.4 94.1 96.1 98.2 99.3 103.8 114.2 119.5 126 129.6 133.1 137.1 141.7 145.9 146.3 144.3 141.2 134.3 138.3 149.3 152.1 155 155.2 157 158.1 158.6 160 162 167.8 172 179.5 185.5 190.7 200.3 203.1 201.2 202 202.1 201.8 198.7 196.7 194.3 195.7 188.9 176.5 166.7 166.8
85.1 79.7 78 80.1 81.1 80.2 76.9 76.6 84.5 67.7 68.2 79.6 87.5 94.6 107.3 105.3 97.1 88.4 81.2 76.9 76.4 76.7 76.9 77.1 79.7 80.5 81.4 82.5 83.6 84.7 85.8 87 88.6 89 91.9 96.1 98 98.8 105.1 117.7 116.8 119.6 122.9 127.8 132.3 137.1 140 139.4 132.4 131.2 138 147.8 152.5 156 160 160.1 160.3 160.9 161.3 162.8 166.6 172.5 177.4 190 193.4 191.7 202.3 207.3 203.6 201.4 196.1 196.7 195.3 191.2 188 183.4 182.1 172.2 167.6 171.4
84.3 79 76.8 79.6 79.5 84.9 83.6 89.8 87.8 65.9 62.1 80.1 90.5 96.3 109.8 103.6 94.8 87.6 82.2 76.8 76.4 76.5 76.8 77.6 79.6 80.5 81.2 82 83.2 84.5 85.7 87.1 89.7 92.7 93.4 91.4 95.2 97.6 108 112.6 105.7 106.2 109.7 114.1 122.7 127.4 129 128.1 134 141.5 147 153.1 156.6 161 163.4 164.4 164.4 164.9 165.3 167 173 182.4 189 196.9 197.8 198.3 203.9 204 198.9 197.7 194 192.3 191.1 187.9 180.9 176 174.3 167.4 168 175.3
82.9 80.3 76.1 78.2 78.7 85.5 87.5 89.6 85.3 65.3 61.4 81.7 89.1 96.9 108.2 100.5 93.2 87.2 82.2 77.1 76.5 76.4 76.6 78.4 79.6 80.2 80.9 81.6 82.6 83.9 85.1 86.4 91 94.2 94.8 95.8 97.3 98 105.5 107.6 105.5 116.4 119.5 127.6 131.1 131.4 135.4 142.6 145.6 148 152.8 159.3 163 165.2 167.2 168.1 168.7 169.7 170.8 173.9 180.5 188 191.4 196.6 197.9 202.2 203.5 203.6 197.6 195.6 199.1 199.8 194.6 192.4 188.8 186.8 177.4 166.5 164.8 170
81.7 79.9 76.7 77.5 77.7 86 88.1 85.5 76.9 64.1 61.8 82.8 89.9 98.8 107.4 98.1 90.8 87.4 81.7 77.7 76.5 76.5 76.8 78.1 79.1 79.6 80.4 81.2 82 83.1 84.3 86.3 89.8 93.4 95.3 96.8 98.7 102.8 110.9 117.4 120.9 123.7 127.5 132.8 136.3 139.8 142.9 146.1 149.1 153 159.5 162.6 165.7 168.3 171.3 174 175.1 175.7 178 181.7 188.9 193.6 193.1 198.8 202 207.4 206.1 205.5 201.4 200.2 199 199.8 195.5 191.9 189.7 186.9 183 177.1 171.7 164
79.8 77.4 76.7 76.9 76.9 87 88.1 81.6 68.6 62.9 64.9 84.4 90.5 103.4 105.5 95.3 89.2 86.7 80.8 78.2 76 75.9 77 77.5 78.3 79 79.7 80.4 81.9 85.1 86.6 89.4 93.4 94.7 96.1 98 101 107.2 112.6 118 121.6 125.3 130.4 135.1 142.8 145.8 147.7 150.5 154 158.8 160.4 163.6 167.3 171 175.5 177.9 179 180.7 183.7 189.5 195.6 199 198 200.5 203.9 208.3 207.4 205.8 202.5 199.2 197.8 196.7 193.3 191.7 188.8 186.3 185.3 179.7 174.3 163.8
79 74.4 75 78.3 76.1 85.3 81.9 72 62.4 61.4 70.2 86.6 95.4 108 102.6 93.2 88.1 85.9 80.1 78.7 78.3 79.2 75.1 79 77.1 77.9 78.8 80.3 84.6 86.3 87.6 89.6 94.1 95.3 96.1 99.2 102.8 107.7 113.9 118.3 122 127.2 134.1 139.4 145.1 149.7 152.5 157.4 161.2 163.7 161.8 164.2 169.9 174.6 179 181.3 182.4 184.6 190.4 196.6 204.8 206.4 202.9 204 204.7 204.8 206.5 207.4 202.3 198.6 196.6 195.9 195.6 194.7 191.6 190.3 187.6 182.7 175.5 170.7
84.3 74.9 73.9 78.9 75.9 81.2 73.7 62.4 61.1 65 83.1 92 104.3 105.2 99.5 91.4 87.4 84.2 80 78.3 79.8 81.1 78.1 78.4 76.1 77.2 78.1 80.6 84.8 85.8 87 90.6 94 95.2 96.1 99.1 102.1 108.4 113.7 118.2 123.1 129.1 135.7 140.2 145.5 150.2 156 161.9 165.1 164.1 163.3 166 173.3 178.2 182.4 184.6 186.2 190.9 197.8 205 211.1 210.5 207.5 205.3 205.1 204.9 206.2 207.2 203.4 202.5 205.4 202.3 203.3 205.7 201 199.1 192.7 185.8 178.5 172
84.9 73.2 72.7 77.2 75.7 76.2 60.4 60.4 67.2 83.4 92.8 102.5 104.5 102.2 95.7 88.4 86.4 82 79.7 78.2 80 80.2 77.5 74.9 75.1 76.8 78.2 80.5 82.2 84.2 88.2 91.6 93.5 94 94.7 96.7 103.3 111.2 116.5 119.7 123.4 128.7 134 138.8 145.7 152.6 158.2 161.7 162.3 164.6 165.2 171.6 177.7 183.2 186 188.9 193.2 199.6 205.4 210.8 214.6 215.5 208.4 204.4 203.5 204.9 207.3 207.4 204.9 206.8 208.1 206.2 206.8 209.4 209 202.7 196.7 188.6 176.7 170.3
85.6 71.8 72.2 74.3 72.6 65.6 60.3 64.3 79.9 90.7 100.8 103.4 101.2 98.7 92.4 85.9 85.4 80.3 79.2 78.3 80.1 80.1 77.1 73.9 75 76.4 78.4 81.3 86 87.4 87.5 91.3 92.6 93.4 94.1 99 106.2 113.6 118.3 122.1 125.6 131.2 137 142.6 149.3 154.1 159.4 163 168 168 170.4 177.6 181.6 187.4 188.9 196.5 202.2 205.3 208.1 213 216.6 216.6 209.6 204.9 204.2 207.3 209.1 208.7 207.4 208.9 208.9 207.3 208 211.6 211.9 204 195.2 187.1 174.3 167.7
85.4 70.4 68.4 67.6 71.4 65.7 61.7 75.9 83.9 92.1 99.1 99.8 97.6 94.5 89.5 84.3 84.3 79.1 78.3 77.9 80.3 79.7 76.9 73.2 74.3 75.2 80.4 84.7 86.9 87.9 90.2 91.9 93.2 94.2 96.8 99.2 108.5 115.7 120.6 124.9 128.2 134.7 139.6 145 152.8 158.1 162.2 167.1 171 170.5 173.7 181.6 185.8 190.7 193.8 201.7 205.3 206.1 209 213.4 217.2 215.1 209 203.6 204 207.5 210.6 210.9 210.9 209.6 207.9 207.7 207.7 210.1 208.8 202.8 193.5 183.8 172.4 165.2
82.6 68.9 64.3 63 59.9 59.5 72.3 81.3 84.7 92.2 96.1 96.2 93.7 90.2 86.6 83.5 82.4 78.1 77.4 77.1 79.3 78.8 77.3 72.6 74.6 76.6 80 83.5 86.1 87.8 89.9 91.8 93.6 96.5 99.4 102.2 111.3 115.1 119.8 124.4 129.8 136 141.5 147.1 152.3 158.6 163.9 169.1 172.1 171.6 174.7 181.9 188.5 192.3 195.2 200.6 204.8 206.3 209.7 214.7 217.2 215 205.8 202.5 202.7 207.7 212.1 215 214.3 210.8 208 207 208.1 208.3 204.8 200 192.8 180.7 169.1 162.9
75.6 62.2 59.4 67 70.5 71.8 77.7 80.7 84.9 89.7 92.9 92.1 89.8 87 84.5 82.3 80.7 77.2 76.8 77 78.3 77.8 77.5 72.1 74.9 76.9 81 85.1 86 87.7 89.8 91.6 94.4 99.2 103.4 109 116.7 119.8 123 127.3 132.5 138.2 143.8 149.3 154.3 159 165 170.7 172.1 171.4 175 183.9 189.8 192.6 195.3 200.2 204.8 205.8 208.1 211.7 213.3 211.8 203.5 200.3 203.5 211.4 218.3 219.1 217.2 213.7 207.6 206.5 206.6 207.3 204.7 195.6 187.5 176.9 166.3 161.2
59.8 63.1 65.2 68.9 70.3 71.7 79.8 84.4 83.6 87.6 88.8 88 86.1 83.8 83.5 81.4 79.2 76.9 76.4 76.8 77.4 76.6 75.2 72.2 75.1 77.6 81.8 84.4 85.8 87.5 89.5 92.4 96.5 103.3 108.3 108.9 118.5 122.6 126.9 131 135.4 141 146.7 152.1 155.1 159.7 166.4 171.8 172.5 170.4 174 182.4 185.9 189.5 193.3 197.6 201 202.6 204.9 207.5 210.1 206.4 198.8 200.5 205.2 215.4 223.5 223.2 222.4 214.4 207.8 206.4 206 205.9 200.9 192.7 185.1 173.9 163.3 160.3
59.4 62.4 66.6 68.6 69.4 72.2 80.8 82.1 81.7 85.5 85.9 84.3 82.5 81.9 81.9 80.1 78 76.5 75.8 76.4 76.9 76.3 74.3 72 75 77.7 81.5 83.9 85.7 87.5 89.5 93.4 101.4 105.9 110.5 114.7 117.4 123.4 128.6 132.4 136.8 143.1 149.2 153.4 156.2 161.3 167.2 173 172.8 169 172.5 180 184.1 186.7 190.1 194.8 196.9 197.7 201.1 203.6 205.3 201.8 196.8 200.8 209.7 218.9 226.4 229.9 227.6 219.8 211.1 207.2 204 200 195.7 188.6 181.4 169.5 160.8 160
61 62.4 70.3 67.8 68.9 70.9 79 79.5 80.9 82.9 83 81.1 80.6 80.2 80.4 79 76.2 75.6 75.3 75.9 76.8 76.4 73.4 72.6 74.6 77.2 80.7 83.8 86.2 88.2 90.3 94.6 102.4 107.6 112.9 116.9 121.8 125.9 131.8 135.5 139.8 145 150.4 154.3 157.3 160.7 166.7 171.3 171.3 168.2 171.5 178 181.7 184.6 187.8 192 193.8 194.4 197.6 200.1 200.6 197.5 195.5 203.9 213.6 224.4 230.2 234.9 231.3 222.5 215.8 207.2 203.3 197.9 188.1 183.4 178.7 167.1 160.1 159.9
61 62.1 68.4 67.3 68 71.3 77.4 77.9 79 80.7 80.3 80 79.6 78 78.4 78.6 75.5 74.9 74.8 75.1 76 76 72.4 72.1 74.5 77.6 81.6 84.1 86.2 88.4 91.1 95.7 102.9 110.7 115.2 119.6 124.4 128.9 135.2 138.7 143.3 148.1 152 155.3 157.9 160.7 165.8 171 170.5 168.1 170.7 176.2 179.4 182 185.5 189.1 190.6 191.3 194.4 196.7 197.8 194.9 194.8 207.9 221.1 231.1 233.9 237.8 235.9 226.5 220.1 206 201.7 196.3 187.6 178.5 174.1 164.5 160.5 160
58.8 61.3 65.1 71.1 68.1 72.7 76.2 76.4 77.5 78.9 78.2 78 77.3 76 77.8 76.7 74.8 74.1 74.2 74.4 75.5 76.9 71.7 71.4 74.1 77.8 81.5 83.5 85.5 87.7 91.2 95 104.2 111.5 117.4 122.3 127.1 132 137.8 142.6 147 149.8 153 155.2 157.6 160.4 164.7 169.5 170.1 167.7 170.2 174.3 177.3 179.8 183.3 186.5 187.8 189.2 193.2 195.5 196.3 193.2 198.6 213.7 227.6 233.6 235.2 237.2 235 224.3 216.5 204.5 200.3 194.3 188.8 181.9 173.7 163.8 160.5 159.6
58.9 61.6 63.8 67.5 67.7 72.7 74.5 75.1 75.7 75.9 75.3 75.6 75.2 74.8 75.4 74.7 74 74 74 74 74.7 75.1 70.6 70.9 74 77.6 80.9 83.6 87 90.1 92.9 102.1 110.6 115.8 121.5 126.4 132.1 137.2 141.4 145.6 148.7 151.1 153.6 155.8 157.6 160 163.6 165.9 165.7 164.9 166.8 171.4 175.4 177.8 180.8 184.2 185.8 188 192.1 194.8 194.8 194.4 203.7 220.7 233.2 234.5 235.5 234.7 232.6 221.8 212.1 202.2 198.3 192.9 186.7 178.6 172.2 162.8 161.2 159.8
61.9 62 63.8 65.8 67.7 73.2 73.1 73.2 72.7 72 70.8 73.2 74 74.1 74.6 73.5 73.6 73.8 73.6 73.6 72 70.3 70.3 71.7 74.7 77.2 80.6 84.1 90.1 94.8 99.4 107 113.9 120 126.9 131.3 135.7 139.9 144.7 147.9 150.3 152.3 154.6 156.6 158.4 160 161.9 162.7 162.3 162.9 165.4 170.1 173.8 176.1 179.2 181.6 183.3 186.8 189.8 192.2 194.8 200.1 212.1 226 236.4 236.2 233.5 229.4 227.5 220.5 209.4 200.8 195.6 190.1 184.3 175.9 167.6 163.9 162.6 160.4
62.9 58.8 63 64.9 66.9 73.3 72.7 72.7 70.2 68.2 67.9 70.4 71.6 73.2 73.7 72.9 73 73.2 73.1 70.3 68.4 68.9 71.3 72.8 78.3 78.6 81.9 87 92.8 98 104.3 109.6 116.4 126.4 132.3 135.7 139.1 143 146.5 149.2 151.9 153.5 155.3 157.4 159.2 160.2 162 161.6 160.6 161.5 164.5 168.9 172.2 174.6 176.9 179.9 182.6 186.5 191.3 195.8 203 213.7 219.8 231.3 237.6 236.5 231.8 225.4 220.8 216.6 205.7 196.8 192.4 186.8 179.2 171.4 175.4 172.8 168.8 161.8
62.2 58.5 63.5 64.6 65.9 73.6 73.2 69.8 67.4 65.6 65.7 67.5 69 71.5 72.4 72.3 72.4 72.1 70.1 66.7 73.8 74.7 73.5 72.9 78.2 78.8 86.7 91.7 97.7 102 107.2 112.2 118.4 125.7 134.3 138.6 141.7 145.2 148.5 151.4 153.4 154.5 156.2 158.2 159.1 160.4 162 161.3 160.5 161.2 164.4 168.2 170.8 172.8 176.2 179.4 182.6 187.1 192.5 200.4 215.7 229.3 231.5 235.3 237.5 234.8 228.6 221.9 215.1 209.7 202.4 193.3 188 183 182.1 184 185.9 183.7 176.4 169.4
60.9 58.2 63.6 64.6 65.1 71.4 71.7 66.6 64.6 63 62.4 64.2 66.9 69.5 70.5 68.1 69.2 65.9 67.3 73.1 76.1 75.3 75.1 75.1 76.6 81.3 87 93.8 99.6 103.9 108.3 113.8 119.7 125.7 132.2 138.9 143.9 147.4 150.6 154 154.8 155.8 157.6 158.6 159.1 160.5 161.8 162 161.1 162.3 163.9 166.6 169.6 173.1 176.7 180 182.9 187.8 195.3 208.3 226.4 241.5 246.1 239.4 237.6 233 225.5 217.9 210.8 205.5 200.4 195.5 186.7 184.3 190.8 195.4 197.7 195.1 190.8 181.3
