ny/ny19_OST50GRID_20230518/NY19.asc
ncols 200
nrows 200
xllcorner 310000
yllcorner 590000
cellsize 50
[rows 105 to 139 of 200, columns 0 to 79 of 200]
107.8 104.9 103 100.7 96.7 94.3 91.5 89.4 81 85.4 85 83.4 82.2 81.2 76.1 71 69.4 69.6 69.1 67.1 69.2 69.7 70.2 70.7 71.2 74.5 72.9 79.1 84 84.1 82 81.3 80.3 79.1 80 80.5 81.6 83.3 84.2 83.6 84.1 86.9 88.4 89 91.1 93.4 95.6 97.2 100.4 104.4 108.8 115.7 124 136 147.6 160.3 178.3 192 205.5 220.2 232.1 243.9 251.7 255.2 256.4 251.9 243.8 235.6 223.4 214.6 203.5 197.3 193.6 196.3 202 205.1 210.7 216 220.9 226.7
107.7 104 100.6 99.1 96 93.7 91.2 88.7 81 85.8 85.4 83.2 80.8 79.6 74.9 70 69.3 69.5 69.4 67.1 69.2 69.4 69.9 70.4 70.9 74.7 74.5 79 83.9 83.5 81.4 79.8 79.5 79.3 80.7 81.6 82.6 84.1 86.5 86.7 87.3 90.1 92.2 91.4 92.2 94 95.6 97.5 100.5 104.5 108.9 116.5 123.9 136.8 147.9 161 178.3 191.3 205.6 219.4 231.5 241.8 249.8 256.7 255.8 250.2 243 233.4 222.7 214.6 205.2 199.3 194.6 195.5 199.3 203.9 209.3 214.6 219.8 222.8
106.9 105.5 102.9 97.5 94.1 91.8 89.5 85.8 80.7 85.7 84.4 82.3 79.8 76.4 72.5 69.2 69.4 69.3 69.1 68.9 68.5 69.2 69.5 70.1 70.6 76.3 73.8 79.3 83.4 83.3 81.1 78.8 80.1 81.4 81.9 82 83.2 84.7 87.4 88.8 89.7 91.5 93 92.2 93 94.4 95.7 97.8 101 104.8 109.3 116.9 126.7 137.1 147.6 161.6 179 191.9 204.3 216 231.4 242.7 250.6 254.4 250.8 247.3 241.4 231.1 222 213.7 207.9 202.2 195.7 193.8 198.4 201.7 206.2 211.2 215.4 218.7
107.9 104.5 102 95.2 92.5 89.6 88.3 81.2 84.1 85.3 84 80.8 78.1 74.7 71 69 69.4 69.2 69 68.8 66.6 69.2 69.2 69.7 69.9 71.2 73 79.5 82 82.4 80.7 78.6 80.6 81.5 82.1 82.5 83.3 84.8 87.8 89.4 90.5 92 92.8 92.6 94.1 95 96 98.3 101.3 105 109.6 117.7 127.5 138.4 147.5 162.2 177.6 189.2 202 213.9 229.8 239.3 247.1 250.7 248.5 243 236.8 229.4 219.1 211.6 207.3 201.4 196.9 192 196.1 200 204.7 209.5 211.4 214.2
109.5 105 99.9 94.1 91.6 89.4 87.9 80.3 88.2 86.3 83.1 79.6 75.4 71.6 69 69.1 69.3 69.1 68.9 68.7 68.6 69 69 69.7 69.9 70.5 73.4 79.6 81.2 81.1 79.5 78.4 80.4 81.4 82.1 82.7 83 85.1 88.1 89 90 91.7 92.4 93.3 94.8 95.5 96.2 98.7 101.7 105.2 110.1 118.8 128.5 139.6 149.2 163.3 177 187.7 199.6 212.1 230.3 242.8 247.7 248.1 244.2 238.2 231.2 222.3 214.8 208.9 204.9 199.7 195.2 187.9 193.3 198.5 202.2 205.9 208.3 208.7
110.7 106.5 101.1 94.7 90.2 87.8 85.3 80.2 89.2 85 81.9 77.7 71.3 68.9 68.8 68.9 69 68.9 68.8 68.8 68.7 66.6 69.3 72.4 72.7 70.6 73.7 80 80.5 80.8 79.5 78.4 79.5 80.9 82 82.5 82.9 85 86.9 88.1 89.2 91.6 92.7 94 93.5 94.7 97.1 99.4 102.1 105.7 111.4 119.8 128.8 139.6 150.1 163 176.1 186.9 197.5 210.7 228.9 239.4 244.6 242.8 239.1 233 226.4 219.7 213.1 207.8 202.5 197 192.7 184.3 191.4 195.8 202 203.2 204.1 207.2
111 106.4 101.7 94.2 89.4 87.3 82.3 82.6 87.3 85.7 80.3 74.3 69.4 68.7 68.7 68.7 68.7 68.6 68.6 68.9 69.3 66.6 71.5 75.2 73.1 72.3 77.3 80.6 79.1 80.7 79.6 78.3 79.8 81.1 81.8 82.2 83.4 85.7 88.2 89.7 90.3 92 93.5 93.2 93.2 95.4 98.2 100.3 102.7 106.4 112.5 120.5 129.7 139.9 150.8 162.9 175.2 185.9 196.3 209.3 223.6 234.9 238.4 237.2 232 228.6 220.6 215.3 209 205 201.6 195.9 192.9 182.4 188.1 191.7 199.5 201.1 199.3 203.1
111.1 106 100.8 92.6 88.5 86.9 79.8 87.8 85.5 81.6 76.9 71.2 68.6 68.6 68.5 68.5 68.5 68.5 68.5 68.8 69.2 70.3 75.2 74.6 72.8 77 78.6 77.4 80.5 81.1 80.4 78.6 80.3 81.6 82.1 82.9 84.5 86.2 88.9 89.4 89.8 91.3 92.5 92.5 92.8 95.8 98.8 100.8 103.7 107.8 113.8 121.6 130.5 138.5 151.1 163.1 175 185.5 195.6 208.1 222.9 227.1 233.2 231.7 226.6 222.4 216.9 211.7 206.4 204.1 200.1 195.6 190.1 183 182.8 189.3 191.3 195.1 197.6 198.6
110.3 105.1 99.8 93 88.7 84.4 79.5 86.3 84.8 80 74 69.3 68.7 68.5 68.4 68.4 68.4 68.4 68.5 68.8 66.6 74.1 75.6 71.6 72.6 74.3 77.9 78.9 80.7 80.2 79.3 80.1 81.9 84.2 85.3 85.3 85.7 87.2 88.7 89.2 89.5 91 91.4 91.9 93 95.9 98.9 101.1 104.7 109.3 115.5 122.7 131.1 141.1 151.5 163.9 175 185.2 194.4 206 217.2 221.2 225.9 225.8 220.9 216.3 212.1 208.4 205.8 203 200.3 193.8 185.8 180.2 180.5 186 186.5 188.1 194.6 194.7
109.2 103.9 99.9 94.5 88.7 82.8 79.3 84.5 82.4 76.9 71.1 69.5 68.7 68.4 68.5 68.4 68.3 68.3 68.3 68.3 70.8 75.4 74.9 71.4 72 75.6 78.5 79.3 80.1 76.9 78.3 81.7 83.8 84.9 85.6 86 86.9 88.5 90.4 89.9 89.7 90.3 90.4 90.9 93.2 96.1 99 101.8 105.8 111.2 118.1 126.4 133.9 143.1 155.1 165.7 175.3 184.1 192.9 202.5 210.5 216 220.4 220.2 215.2 211.4 208.2 205 203.5 200.3 195.6 192.6 181.3 177.8 177.5 182.2 184.6 187.9 192.8 191.9
108.1 103.5 100.7 95.5 88.6 80.5 80.8 82.2 79 74.5 69.6 68.7 68.6 68.5 68.4 68.3 68.2 68.1 68.2 66.6 74.9 75.5 73.9 71.7 72.5 75.8 78 77.8 80.2 79.3 80.7 83.8 84.5 85.1 86 86.9 87.8 89.3 90.2 89.5 88.7 89.1 89.5 90.3 93.3 96.2 99.3 102.7 106.7 112.1 119.5 128.5 136.4 146 156.7 166.4 174.5 182.8 190.2 199.4 206.3 211.7 216.8 216.1 211.1 207 205.3 203 201.9 199.6 195.1 187.8 178.9 175.9 175.1 177.9 180.4 186 190.6 189.2
107.3 103.5 101.7 96.1 89.2 78.6 77.3 79.3 75.8 71.1 69 68.5 69 68.7 68.4 68.3 67.9 68.1 68.2 68.4 74.8 74.4 72 70.7 72.4 74.8 77.1 75.3 80.8 79.9 82.6 85.9 86.4 87.5 88.4 89.1 89.8 90.7 89.5 88.9 88.6 88.8 89 90.2 93.3 96.4 99.5 103.9 107.8 113.6 120.2 128.2 137.4 148.2 160.6 169.8 175.9 182.3 190.8 197.4 203.8 208.7 213.2 211.5 207.4 204.4 202 199.5 198.4 194.4 191.3 184.9 175.9 173.2 174.8 177.1 178.3 182.2 186.8 192.5
106.3 104.2 103.1 96.2 88.6 78.5 77.6 76.8 73.3 69.3 68.7 68.7 68.7 69.3 67.7 67.6 68.1 68.2 68.2 68 74.6 73.1 70.9 72 73.5 74.7 74.3 76.4 80.2 80 84 88.3 88.6 89.6 90.3 90.8 91.8 91 89.4 88.9 88.6 88.5 88.5 89.9 93.2 96.7 99.5 104.4 109.4 115.3 121.8 129.7 138 149.6 162.5 170.7 176.6 182.8 190.5 196.1 202.8 208.3 209.6 207.2 205.1 201.8 199.3 197.8 196.4 193.2 189 182.8 172.7 172.6 174.9 177 178.6 182 187.7 196.7
105.8 104.1 103.1 95.8 87 78 76.5 74.8 70.5 68.7 68.6 68.6 68.6 71 67.1 67.9 67.8 67.5 65.5 70.2 73.9 71.2 70.2 71.6 72.1 72.6 75.7 78 79.4 80.8 83.2 89.3 90 91.9 93.7 94.2 94.4 93.1 90.5 88.9 88.7 88.7 88.3 89.9 93.7 97.1 99.6 104.6 110 117 123.7 131.8 141.4 156.3 164.3 169.2 177.3 182.7 189.9 194.4 200.8 204.2 204.9 203.5 201.5 199.1 197.5 196 194.4 191 186.7 179 171.2 171.5 173.8 176.5 179.1 182 185.9 196.4
105.1 104.2 101.7 94.3 84.2 77.7 74.8 73 69.2 68.4 68.6 68.5 69 73 71.5 67.1 67.3 67.4 68.8 74.3 72.2 69.7 69.3 70.1 73 73 76 77.7 78.7 81.6 85.6 89.6 92.3 95.6 96.8 97.5 97 93.5 91.5 89.3 88.7 88.6 88.9 90.5 94.4 96.6 99.3 104.7 110.5 117.8 124.6 134.1 147.5 159.8 167.7 170.7 176.4 182.1 188.6 193.8 198.9 203.5 201 199.8 198.6 196.6 195.8 195.8 193.8 189.8 184 176.3 168.6 171.1 173.2 177.2 178.2 182.7 189.2 195.8
104.2 103.7 100 93 81.5 77.3 73 71 69 68.2 68.3 68.4 69.6 74.6 73.2 70 72.1 69.9 68.8 67.9 69.4 68.5 68.5 70.9 74.2 73.9 75 76.7 79.8 82 87.5 91.7 94.8 97.9 99.5 99.9 98.6 93.5 89.9 89.2 89.4 88.3 89.1 91.6 95.3 96.9 99.7 105.8 111 118.2 125.7 138.3 152.8 164.9 170.3 172.5 176.1 181.6 187.8 193.8 199 200.4 197.6 197.1 195.9 194.3 194 192.8 191.1 186.7 181.8 174.7 168.8 170.3 171.9 176.3 178.5 182 187.3 196.6
105.4 105.3 100.2 92.3 79.2 77.6 72 70.1 68.7 68.3 68.3 68.3 70.2 76.9 74.9 72.5 72 72.3 67.7 67.1 67.8 67.6 68.3 71.2 72.5 72.6 74.1 76.2 79.9 83.1 89.3 92.5 96.2 100.1 102.2 101.9 99.5 93.1 89.6 89.2 88.8 88.3 89.2 92.2 95.1 96.5 100.3 106.6 113 120.7 128.8 142.2 157.6 167.1 173.3 175.6 177.5 182.2 188.1 193.7 195.9 196.2 194.3 193.3 193 191.9 191.6 190.6 188.4 186 180.6 173.1 167.2 168.6 169.8 174.8 178.4 181.7 188.3 197.1
103.7 105.7 100.7 91.4 77.5 75.1 71.3 68.7 68.5 68.3 68.3 68.4 71.6 78.4 76.5 73.8 73 73 66.1 66.7 67.4 67.5 67.6 70.2 70.5 72.3 76 77.4 78.6 83.9 90 93 97.1 102.1 104.9 103.4 98.9 92.4 89.1 88.7 88.3 88.2 89.3 91.8 94.4 95.2 101.8 106.7 114.5 122.9 132.3 145.8 160.8 171 176.5 178.9 180.1 183.2 188.3 192.7 194.6 193.5 192 190.6 190.7 190 190.7 190.3 189.8 186.8 181.9 174.5 165.8 166.7 168.1 173.6 175 182.4 189.9 197.4
103.8 105.3 100 90.8 77.2 75.7 72.2 68.3 68.4 68.2 68.3 68.4 71.9 78.7 76.4 74.5 72.7 72.9 72.4 65.9 67.3 67.3 67.3 67.4 70.4 74.1 75.4 73.9 78.6 85.1 90.4 93.2 98.6 104 106.3 103.8 98 90.8 88.5 88.2 87.8 87.6 89.2 91.5 94.3 98.1 102.5 107.5 118.2 127.2 137.7 152.1 164.7 173.8 180 183.3 184.6 186 189.7 192 192.5 190.2 188.4 186.8 186.8 188.8 188.8 188.8 188.2 186.8 181.4 172.2 165 167.2 168.2 171 174 182.3 191.3 198.1
103.4 104.2 98.6 89.2 76.9 75 70.6 67.9 67.9 68.2 68.2 68.2 72.4 78.1 76.6 74.6 73.1 72.8 71.1 68 66.5 67 66.9 66.9 68.2 74.6 75.3 71.9 80.4 86.6 90.5 94 100 104.8 106.7 103.3 96.9 89.9 88.3 87.5 86.9 87.4 89 91.4 94.2 98.6 102.7 109.1 120.3 130.9 142.5 155.7 167.1 175.9 182.7 187.4 189.2 189.7 191.6 191.9 189.7 186.5 184.2 184 185.3 186.6 186.9 186.2 185.4 183.8 178.4 170.4 164.9 166.4 167.9 170.2 173.1 175 190.6 195.2
103 101.9 96.1 86.7 76.7 73.2 69 70.3 69.2 69 68.8 67.4 71 77.2 75.8 74.3 73.3 72.2 69.2 67.2 66.4 67.2 66.9 66.6 66.6 67.3 75 78.5 82.7 87.4 90.3 94.7 100.9 105.3 106.1 102.6 96.6 90.5 88 87 86.5 87.1 89.4 91.7 94.2 99.9 104.6 112.7 123.8 134.5 145.6 158.1 168.2 177.4 185.3 190.6 194.8 195.1 193.6 190.7 186.6 183.3 182 181.4 182.4 182.2 184.8 182.7 183.8 183.5 175.6 167.4 164.4 165.7 167.2 173.2 178.2 187.9 195.1 197.3
102 99 93.1 83.7 76.6 72.8 68.7 72.8 73.4 73.6 73.2 70.2 71.4 77.6 75.3 73.5 72.4 71.5 67.9 67.1 67.2 65.5 67.1 66.6 66.7 66.9 72.3 73.4 81.2 87.3 89.9 94.5 101.1 104.5 105.5 101.4 95.4 89.4 87.3 87 86.4 87.2 89.5 91.9 95.6 101.4 107.2 116.2 126.9 137.1 148.4 160 169.8 179 187.7 193.9 199.2 199.4 194.9 189.1 184.3 180.6 178.9 178.8 180.1 179.5 180.4 180.8 182.6 181.9 172.7 163.8 163.3 164.7 166.4 175.5 186.8 194.8 199.2 204.5
100.4 97 90.1 82.6 76.3 71.4 70.3 73.6 74 74.4 74.2 70.2 71 76 74.7 73.1 72.1 70.3 67.1 67.2 67.3 67.2 67.3 66.6 66.6 66.8 67.2 71.9 81.1 87.5 90.2 94.1 100.7 104.2 104.7 100.1 94.2 88.6 86.7 86.2 85.9 87.4 89.8 93.5 97.9 103.8 109.1 121.7 130.7 139.7 150.8 161.9 171.6 180.6 189.4 196.7 202.9 202.1 195.2 187.8 182.6 178.3 176.9 176.9 177.2 178.6 180.1 181.5 181.7 177.9 168 162.2 162.3 163.5 167.6 180.7 193.2 202.5 211 214.4
97.9 94.6 87.5 80.2 76.3 69.4 71.7 74 74.6 74.6 74.6 70.3 71 73.8 73.9 73.6 72 69.5 67.3 67.4 67.5 67.5 67.5 66.5 66.9 67 66.1 70.9 80.9 88.2 90.3 95.7 101.9 104.1 103.6 99.1 93.3 88 86 85.6 85.9 87.7 91.7 95.9 99.7 104.9 112.1 124.3 133.5 142.5 152.5 163.6 173.2 182.1 191.4 199 203.4 203 194.6 187 180.7 177.9 175.9 175.6 176.6 179.4 180.3 180.4 180.6 174.1 164.4 160.9 161.3 162.3 173.1 186.9 201.8 216.2 224.8 227.1
95.5 91.6 86.2 79.3 76.5 71.2 70.4 73.7 75.2 75.3 74.9 69.6 69.8 72.1 73.6 72.9 70.9 67.7 67.1 67.2 67.3 67.4 67.3 65.5 67 67.2 67 70.3 80.7 87.4 90.5 95.6 100.7 102.1 101.7 97.8 92.7 87.4 86.2 85.6 86.2 89 92.9 96.6 101.3 108 116 126.7 135.2 144.2 155.4 164.6 174.1 182.5 192.3 200.5 204.1 201.4 193.2 186 179.7 176.8 174.7 175.6 177.1 177.7 178.7 179.3 177 169.6 161.9 160.6 160.7 164.5 180.3 197.9 211.4 225.1 235.7 235.8
93.2 85.6 82.3 77.8 77.2 74 69 73.3 75.7 76.5 75.1 68.4 70.5 72.5 73 72.5 69.5 67 66.9 67.1 67.2 67.3 67.2 67.2 66.6 66.6 67.2 72.6 81.8 88.1 91.1 96 99.8 100.7 99.8 96.5 91.6 86.9 86.1 85.7 86.7 89.6 94.7 99 103.1 110.8 119.3 128.9 137.7 146.9 156.6 165.8 174.8 182.7 192.5 200.7 203.7 199.1 190.3 183.5 179.3 175.6 173.7 174.5 175.8 176.8 177.1 177 173.7 164.7 160.1 160 160.5 170.4 186.8 198.4 211.3 230.3 243.3 241.9
90.8 85.4 81 76.3 78.1 76.4 70.3 70.3 76 77.4 74.6 67.5 71.1 72.3 72.3 72.1 69.2 66.6 66.7 66.8 67 67 66.9 66.8 66.1 66.8 67.5 74.5 82.6 88.8 92.4 95.6 98.9 99.6 97.9 94.7 90.3 86.6 85.7 86.2 87.6 90.8 95.7 100.6 105.1 112 120.3 129.2 139 148.6 158 167.1 175.3 182.9 192.6 199.7 201.6 197.4 188.6 181.3 176.6 174.4 172.3 173.6 174.4 175.4 176.4 176 170.1 160.3 159.7 159.7 162 173.8 188.8 197.2 211.5 228.1 241 241.5
89 85.6 80.6 75.4 78.6 74.9 71 68.2 73.9 75.8 72.3 66.6 70.5 70.9 71 71.4 67.2 66.1 65.6 65.9 66.2 66.3 66.6 65.2 66.8 66.8 69.9 76.7 81.2 89.1 91.9 94.6 97.3 98.3 96.5 93.6 89.3 86.8 86.1 86.9 88.9 90.3 95.6 100.6 105.9 113.5 122.1 133.3 140.9 150.1 159.5 168.4 175.9 182.9 192.4 198.1 197.4 192.4 186.5 179.2 175.1 173.1 171.3 172.1 173.1 173.7 174.6 171.7 163.3 158.8 159.1 161.4 167.5 175 183.7 195.2 210.2 231.7 237.8 238.1
85.5 85.9 84.3 75.5 79.4 72.3 70.5 68.4 72 73.2 70.5 68.2 69.4 69.6 69.8 70.4 66.1 64.9 64.5 64.1 64.1 66.5 69 67.7 67 67.6 72 78.7 84.5 88.7 91.1 93.7 96.4 97.1 94.9 92.3 89 87.2 87 88.7 90.2 96.8 100.3 102.1 106.8 112.9 122.8 133.4 143.6 151.7 162.2 170.2 176.4 183.2 191.8 195.5 192.3 187.9 184 177.3 174.3 171.9 171 170.8 172.3 171.7 170.4 165.7 158.2 158.4 158.7 161.6 169.9 175.6 183.1 192.8 204.8 221.8 233.7 236.2
89.1 86.6 82.7 83.1 80.4 71.4 69.7 69 69.3 68.6 67.7 67.3 67.4 68.6 68.6 68.9 65.6 64.1 64.8 65.6 70.5 72 71.3 70.1 69 68.1 72.2 79.1 85.5 88 90.7 93.3 95.9 95.3 93.4 90.8 88.1 86.5 87.9 89.8 91.5 96.9 100.8 102.7 107.2 116.4 125 135.9 145.5 155.3 165.7 172.5 178.1 183.9 190.5 192.3 187.9 185.1 181.3 175.2 172.8 171 169.6 167.8 168.8 168.3 165.4 160.2 157.3 157.6 158 161.6 175.4 179.7 186.7 190.7 203.8 216.7 229.6 229.6
89.5 87.3 82.9 88.1 81.4 74.2 69.5 67.6 67.7 67.6 66.9 64.6 65.7 67 67.6 66.5 64.5 65.8 67.1 71.4 72 73.2 75.2 72.1 70.8 69.4 74.1 80.3 85.5 87.8 90.5 93.2 93.8 93.3 91.3 88.9 86.3 87.3 88.4 90 93.5 99.5 102.6 103.9 109.4 119.6 128.4 139.8 148.8 160.7 171.3 175.8 179.2 183.5 188.9 188.7 184.6 182.3 179.6 173.2 171.4 170.3 169.5 170 166.9 163.4 161.6 157.2 157 157.3 158.4 171.2 181.7 187.8 192.6 190.5 199.2 215.5 225.2 221.8
88.6 88 87.4 89.2 82.3 78.7 69.1 67.4 67.6 68.3 67.3 65.6 64 65.3 65.8 63.1 65.8 66 68.9 72.5 72.8 73.5 78.8 74.5 70.5 71 74.8 81.6 85.1 87.1 89.6 91.5 91.7 91.2 89.1 86.7 86.1 87.5 89 90.8 95.6 101.3 103.4 105.4 111.9 122.1 133.2 143.8 152.4 166.2 177.4 180.5 180.1 183 187.3 185.7 182.4 180.2 177.9 171.9 170.4 169.7 168.5 167.1 164.9 161.1 157.7 156.6 157 157.7 164 178.2 185.6 191.5 192.8 192.3 195.4 207.9 217.7 214.6
89.8 89.2 89.8 89.5 83 80.7 70.2 66.9 69.1 69 68.3 67 65.5 64.9 62.8 64.2 65.2 66.6 71.3 72.8 72.9 75 79.2 76 72.5 73.1 76.4 82.1 84.8 86 88.7 90.4 89.9 89.4 87.2 85.5 87.5 88.8 90.5 91.9 97 101.9 103.6 107.2 114 125.1 137.3 147 156.6 171.8 182.3 182.2 180.2 181.6 185 182.8 179.6 177.8 175.3 169.7 168.9 168.4 166.4 162.8 161.2 158.2 155.2 158.6 162.1 168.1 176.7 187.3 194.5 197.8 196.1 191.1 192.6 202.3 209.6 208.1
89.6 88.4 92.8 89.7 83.5 82.6 74.1 68.3 68.9 69.1 68.7 67.8 66.4 62.8 64 65.4 65.8 72.6 70.1 73.4 73.2 76.8 78.7 77.3 73.4 75.8 78.2 82.1 84.1 85.6 88 89.3 89.2 87.9 86.1 85.7 90.2 90.1 91 94.1 98.6 102.5 105.6 108.9 117.1 128.3 141 149.8 160.3 174.7 184 182.3 179.1 180.1 182.3 179.2 176.3 175 171.8 166.7 166.1 164.6 162.5 159.1 157 154.5 158.3 160.8 166.9 175.6 186.3 197.2 202.9 206.5 206 198 188.1 195.2 201.3 200.9
89.9 90.6 93.4 89.8 84.1 82.5 74.8 69.4 66.9 69.1 68.5 67.5 62.8 64.1 64.8 65.4 65.9 68.8 68.2 71.9 74.8 80.3 81.6 77.9 73.1 78.1 79.4 82 83.4 85.2 86.7 88.3 87.7 86.6 85.6 87.1 92.5 92.4 92.8 95.6 99.8 102.6 105.5 109.6 120.6 131.7 144 152.7 162.8 176.7 183 181.3 177.8 178.1 178.8 176 173.5 172.1 167.2 163.6 162.7 160.5 158.9 155.6 153.9 154.9 159.6 162.5 171.1 183.2 194.3 203 210.6 217.2 213.6 199.9 189 188.8 193.4 193.8
