ny/ny19_OST50GRID_20230518/NY19.asc
ncols 200
nrows 200
xllcorner 310000
yllcorner 590000
cellsize 50
[rows 140 to 174 of 200, columns 80 to 159 of 200]
184.3 183.5 180.1 186.8 199.9 212.4 218.9 219.6 230.3 239.8 245.1 247.1 247 248.7 253.4 257.5 260.1 257 252.2 247.4 242.8 238.1 235.9 232.6 228.7 225.1 222.2 221.3 220.1 218 218.4 222.7 228.6 234.6 239.3 241.3 241 242.8 242.9 233.6 216.6 202.6 179.4 177.9 193.5 206.5 219.2 229.5 231.9 239.8 239.5 235.8 227.8 221.2 218.5 221.9 229 237.8 242.8 240.2 236.7 234 233.1 229.4 229.8 230 226.5 219.8 211.6 200.4 190.3 184.3 181 178 173.5 167.5 159.1 152.6 152.8 154
180.5 178.1 178.6 187.5 200.8 211.5 214.4 217.9 231.7 237 237.9 239.9 242.4 245.3 247.6 250.9 253.2 251.7 247.9 243.6 240 234.8 231.2 229.2 225.7 222.6 221.3 218.5 218.4 216.9 218.7 221.3 226.8 232.3 236.4 239.2 239.6 241.3 241.9 235.2 220.5 201.6 180.5 179.1 187.1 200.2 213.1 225.3 226.6 232.5 231.3 226 218.4 213.3 214.5 222.4 230 237.2 237.6 235.5 231.9 230.7 229.4 229.2 229.7 228.4 223.3 215.2 206 193.5 184.8 179.6 174.9 172 166.7 160.5 152.6 150.2 152.7 158.2
176.5 176 177.7 189.3 206.3 212.8 214.6 219.6 227.8 232.6 234.4 234.8 237.1 240.3 245.1 247.8 249.2 246.6 243.9 240.6 236 232.7 229 225.8 223.2 221.2 218.6 216 216.2 215.6 218 222 226.7 230.7 234.4 235.7 236.3 238.8 236.8 232.5 219.9 202.3 185.5 172.3 180.1 194.8 208.3 219.9 219.4 221.8 220.3 213.6 208 206.7 214.1 223.1 229.1 232.8 231.9 229.6 227.5 227.1 227.5 227.2 226.5 223.7 218.7 210.3 200.3 187.8 179.7 174.5 170.7 166 161.3 151.1 150 151.5 156.5 164.4
173.9 175 178.5 189.4 203.8 208.3 209.7 217.5 224.3 227.9 230.3 231.5 234.6 238.7 242.1 244.2 244.7 242.1 239.2 238.2 233 230.8 226.4 223.4 220.6 218.9 217.5 213.9 214.6 215.1 217.5 222.1 225.7 229 230.8 231.9 230.3 231.8 232.3 225.7 216.4 201.2 184 170.4 177.6 191.6 204.2 213.1 215 212.2 210.4 207.3 203.5 206.6 215.6 222.6 226.4 227.3 225.1 224.6 223.1 222.7 222.7 222.3 221.6 218.6 212.1 202.5 189.6 178.7 173.5 171.4 167.9 161.5 151.6 150.3 149.4 154.9 163 169
173.9 174 180.4 189.5 200.3 203.8 207.9 213.7 221 224.5 225.6 227.8 230.9 234.9 238.8 240.2 237.9 236.1 234.9 231.7 228.2 225.1 221.7 220.6 218.4 217.2 214.6 212.6 210.9 213.8 217 220.8 222.6 225.2 224.4 226.9 223.3 223.9 226.5 218.2 212.4 199 179.6 167 174.9 187.7 199.7 208.6 207.9 207.3 205.9 201.6 200.6 207.9 216.5 219.6 221.9 221.2 220.1 219.5 217.4 217.1 216.9 216.4 215 210.8 202.8 192.8 180.6 173.9 170 167.7 163.9 153.9 149.2 148.6 154.5 161.9 168 175.3
171.8 173.1 181.9 189.6 198.5 201.4 205.8 211.5 219 221.5 222.6 224.7 227.3 231.2 234.8 235.1 231.6 231 231.8 228.2 225.1 223.2 221.2 217.5 216.2 214.5 211.8 211.4 210.3 212.3 214.7 216.5 217.8 219.6 219.5 218.3 217.3 216.1 219.9 213.3 205.2 188.9 177.7 166.6 174.2 186.2 198.4 205 203.8 202.9 201.7 195.9 202 208.5 212.5 216.4 216.4 216 216.5 215.5 213.7 212.3 209.6 208.1 206 200.5 192.2 183.1 175.2 168.7 166.6 160.4 153.3 148.4 148.4 152.1 159.6 167.2 175.1 183.8
171.4 172.2 182.2 187.2 194.1 197.4 201.9 208.9 215.6 218.1 219.7 222.1 224.9 228.6 231 231.3 229.3 228.1 226.8 224.6 222 218.6 216.6 215.4 213.3 212 211 210.6 210.9 207.2 207.3 206.6 207.5 211.5 215.5 214.8 213.5 212.8 213.5 209.4 200.4 185.8 177.5 164 173.4 185.5 198.5 201.1 200.4 198.1 197.8 197.2 201.1 204.6 210.2 212.2 212.8 213.7 214.2 210.8 209.1 208.6 204.8 201.3 197.7 192.4 182.9 176.6 170.3 165.6 160.9 150.5 146.1 148.7 150.6 157.5 165.2 173.3 183.3 191.1
170.5 172.5 179.3 184.3 189.9 195.2 201.2 208.9 212.6 212.5 216.5 219.1 221.2 225.5 227.4 227.4 226.1 225.3 223.9 221.6 218.4 216.6 216.2 213.5 212.4 209.8 209.7 210.2 210.8 209.7 210.2 206.8 206.1 204.4 211 211.9 209.9 208.8 209 202 195.1 180.2 174.8 162.8 171.9 184.6 195.6 197.2 194.5 194.3 192.8 195.9 199.3 203 208.1 209 209.8 211.4 209.7 207.8 206 205 201.3 196.2 191.5 184.5 176.5 171 167.5 163.6 154.4 146.9 147.8 148.7 153.5 161.7 171.5 182.2 190.9 198.7
170.2 172.5 177.9 186.1 192.5 194 201.2 206.9 207.8 205.7 211.9 215.3 218.4 222.5 224.3 224 223.2 222.5 220.6 218.2 216.2 214.8 212.6 211.1 211 209.5 209.1 211.8 217.4 217.1 218.7 217 214.5 204.4 206.9 208.4 206.9 204.6 202.4 196.3 186.2 179.4 172.7 161.6 168.2 182.8 189.1 190.8 190 190.1 187.4 194.5 197.9 202.5 205.3 205.4 208.8 208.6 206.1 205.7 204.5 202.5 197.2 191.7 185.3 178.4 172.3 167.3 163 159.1 148.9 146.5 147.4 150 159.5 168.2 179.2 190.1 200.3 208.9
169.7 172.4 181.6 186.9 197.2 194.5 198.4 202.6 205.1 202.6 208.9 211.9 216.8 219.4 221.4 220.9 220.2 219.2 218.4 217 215.3 212.9 211.9 209.9 209.4 208.8 209 213.4 218.2 225.1 224.5 226.3 221.7 217.9 207.5 200.3 203.5 200.2 195.8 188.6 184.1 178.7 172.6 160.3 164.1 180.6 182.5 181.5 183.2 177.3 190.2 195.2 198.7 201.5 203.2 204.9 206 205.3 203.9 202.5 201.5 199.6 194 186.9 181.7 175.4 170.2 165.4 153.7 148.9 145.5 146.6 148 156.2 165.7 176.8 187.1 197.5 207.2 212.7
177.1 181.6 183.6 190.1 198.5 194.9 197.3 199.4 201.6 202.9 205.8 208.7 213.9 216.7 219 218.5 217.8 217.3 217 216.1 214.4 212.6 211.2 210 208.1 207.9 209.4 212.8 216.7 220.7 224 223 224.7 222.6 214 214.9 205.8 196.8 185.8 184 179.9 176.9 166.5 161.9 159.7 177.2 176.1 174.6 172.8 182.4 189.8 194.3 197.2 199.5 199.1 202.9 202.9 203.6 202 199.6 197.7 193.9 189.4 182.3 176.7 172.3 167.8 161 146 145.5 145.1 146.1 154.3 163 171.9 185.1 194.8 204.4 213.3 215.9
182 191.9 184 192.4 195.6 192.4 194.3 194.8 192.7 197.9 201.9 204.8 210.4 213.8 215.7 216 215.6 217 218 218 216.3 214.5 213.6 211.9 208.8 208.7 211.4 215.3 218.4 218.3 219.6 219.8 221.5 218.5 220.6 224.2 217 206.7 201.1 184.4 173.5 170.9 163.5 157.9 169.4 172.4 168.8 168.7 178.4 184.7 189 191 193.3 198.5 203.9 204.4 199.9 202.1 200.5 195.6 191.4 187.5 183.5 177.9 172.6 168.8 163.6 149.3 144.7 144.8 145.1 149.6 159.1 167.1 177.2 189.2 200.8 209.5 213.6 215.6
182.2 187.5 183.3 191.8 192.6 188.8 190.7 190.8 187.6 194.5 196.9 201 207 210 212 212.6 215.9 218.1 220.9 221.7 221 219.4 216.9 214.4 209.3 204.3 206.9 210.3 213.4 216.2 218 217.6 219.1 219.4 225.7 224.1 215.7 210.6 201.2 187 170.2 164 162.4 156.7 167.7 165.7 169.4 176.1 184.3 187.2 198 195.2 203.8 208.4 207.8 201.6 199.9 198.3 194.5 191.1 186.2 182.3 177.5 173 169 166.1 161.3 144.7 144 144.1 147.3 156.4 163.1 171.5 182.8 194.2 204.9 208.9 212.9 215.6
175.4 184.2 184.1 192.7 189.5 184.9 186.3 186.5 185.5 190.4 193.7 197.8 203.6 206.8 208.6 212.9 217.8 221.8 225.1 225.7 225.4 223.4 219.8 216.7 211.3 204.2 203.3 206.1 208.5 210.8 213.3 215.8 216.9 219.6 226.2 221.3 217.1 213.2 201.7 185.4 177.2 164.6 157.9 154.5 163.7 164.2 173.1 182.5 194 200.3 199.2 208.5 210.4 207.4 204.3 200.2 196.2 194.3 191.3 188.7 183.3 177.9 172.6 169.1 165.4 162.7 155.1 143.4 143.5 141.2 151.3 160.7 166.1 176.2 187.3 196.7 205.4 208.1 211.1 211.1
166.1 169 178.2 188.3 184.5 180.9 181.6 181.2 183.6 186.8 186.7 192.2 201.7 206 208.7 214.1 220 225.4 228.5 230.7 229.9 226 222.2 218.2 214.3 205.7 197.5 200.6 203.5 206.1 209.6 211.2 213.9 217 220.4 219.4 216.8 210.2 198.6 181.8 174.5 163.4 158.3 154.2 157.6 169.8 178.6 188 196.8 197.6 207.2 209.7 208.5 204.8 200.2 197.1 194.7 190.7 186.2 184.8 181.1 176.2 169.2 165.7 163 155.9 144.2 142.8 143.1 146.3 154.7 162 170.4 180.7 192.7 204.3 209.3 208.4 207.8 204.8
166.1 172.7 178.5 183.5 178.6 176.1 177.3 176.7 179.5 181.3 181 191.6 200.6 204.1 209.8 222.4 230.6 235.1 237.7 236.5 235.2 229.4 224.1 219.5 214.6 207.7 202.6 194.6 196.5 201.4 206.6 207.2 210.8 213.7 216.1 215 213.3 207 196.4 179.2 167.8 160 157.1 153.8 159.3 171.9 179.7 190.1 195.1 201.9 208.4 206.5 204.4 201.4 193.9 191.5 189.2 185.2 182.9 181.3 179.8 168.9 165.1 162.4 160.2 151.1 142.1 142 140.1 150 156.4 164.8 175.7 185.4 198.3 204.1 203.9 203.5 202.9 201
165.7 173.5 176.9 178.3 174.6 172.7 173.2 174.8 175.1 177.6 184.5 194.1 199.3 206.4 219.8 233.9 241.4 246.6 247.7 248.7 246.4 238.3 231.6 225.6 220.5 217.8 213.4 199.9 191.8 197.2 203.4 204.9 208.9 211.5 210.9 211.6 208 199.7 189.9 176.2 165.6 159.8 154.3 152.1 160.9 172.1 181.2 190.2 196.4 203.2 205.7 205.3 203.6 195.2 191.1 186.2 184.3 183.2 183.4 184.1 179.1 168 157.5 159.1 156.6 147.7 142.5 141.2 148.1 152.5 157.9 167.5 179.1 189.5 199.1 200.4 200.3 199.6 198.6 197.8
164.7 172.8 175.2 173.5 170.7 169.6 170.4 173.2 173.1 178.6 186.5 193.6 199.6 211.3 227.3 241.8 250.3 256 259.4 260.1 255.9 244.3 237.2 230.4 225.4 220.3 214 201.2 191.1 194.9 200.5 202.6 205.6 207.7 207.4 206.6 204.2 194.8 183.1 175.5 168.3 156.9 151.9 151 163.6 172.5 180.8 189 198.1 201.6 205.8 208 199.3 189.6 185.5 182.6 184.4 184.7 185.6 183.6 174.6 163.8 154.6 154.1 153.7 142.8 141.3 142.7 150.5 153.6 160.8 170.7 181.4 191.7 197.8 196.7 196.7 196.3 195.8 197
162.6 169.9 172.5 170.5 168.2 167 170.4 173.8 177 184 188.4 194.3 203.4 217.1 234.8 248.3 259.5 266 269.3 263.4 255.3 247.1 238.1 231 226 221.1 208 197.7 190.7 191 196.4 199.6 202.1 202.7 203.9 202.9 198.3 189.3 178.2 173 164.4 155.5 149.9 150.7 163.6 171.9 181.5 189.7 197.9 202.4 205.5 204.1 194.8 193.3 184.8 184.2 185.2 185.7 182.7 177.2 169.6 159.4 151.9 146.9 150.3 141.8 139.8 148.1 151.7 156.4 165 175.2 184.2 191.1 193.1 193.2 193.3 194 196.4 197.9
162.2 167.2 170.1 166.6 167.5 170.8 175.3 179.4 183 187.4 192.1 199.8 208.4 222.1 240.2 254.7 265.1 268.9 270.9 265.8 257 248.8 238.5 229.8 224.7 218.5 206.5 193.3 186.4 187.4 191.3 194.9 197.5 198.6 198.5 198.3 192.7 183.8 175.5 168.2 160.3 153.7 149.2 149.5 163.2 172.2 181.1 190.3 197.2 200.8 202.7 198.1 192.7 190.6 186.8 186.2 184.7 182 177.9 170.7 162.7 155.1 150.8 146.7 136.9 141.1 146.9 149.6 154.9 161.8 170.4 178.4 184.9 188.9 189.9 189.5 191.4 194.3 196.7 198.9
161.8 167.5 165.6 164.3 168.2 173.1 177 184.2 186.6 189.8 198.9 207.1 216.5 231.4 247.2 260.6 269.6 269.9 270 261.7 255.3 246 233.8 226.4 221.1 214.4 204.5 189.3 184.9 185.7 187 189.7 193.7 194.8 194.1 192.9 187.6 181.7 173.2 162.9 157.8 153.4 148 149.3 163.8 174.3 182.4 190.1 195.7 197.9 198.1 194.7 191.3 189.2 184.7 180.3 178.7 175.8 171.5 164.1 156.3 152.1 148.7 144.9 138.9 142.6 150 153.2 156.4 165.2 172.4 178.8 183.8 184.7 185.2 189 191.9 194.7 198 201.5
161.7 165.5 163.6 163.5 171.1 174.5 181.8 189.8 193.7 203.1 210 222.7 232 241.9 256.5 267.4 272.5 269.5 266.7 259.5 250.1 241.2 229.7 221.9 215.7 209 196.5 188.6 185.5 185.7 184.4 187.1 190.7 191.3 189.3 188.4 182.7 176.5 168.6 160.1 156.2 153.2 144.8 153.1 165.4 176.1 184 189.8 193.1 195.8 199.4 194.3 192.2 186.5 181.6 177.5 175.7 171.8 166.8 160.4 154 149.1 145 139.8 139.9 143.8 153.9 156.9 160.1 162.3 172.3 175.8 180.4 183.6 187.7 190.8 193.2 197 201.7 205.1
161.4 163.1 162.2 163.8 171.6 178.1 186.7 192.8 205.9 222.5 230.9 239 246.6 254 265.3 271.8 270.4 268.3 264.4 257.5 246.9 235.1 225 216.5 210.5 203.4 198.2 188.9 188.3 187.7 180.9 183.3 186.8 188.6 186.5 185.7 181 173.5 166 160.3 156.5 153.2 145.8 153.5 165.9 177 185.3 188.9 191.6 194.6 194.1 192.6 187.4 181.4 177.7 174.9 172.3 168.7 163.4 157.3 150.7 144 139.4 139.6 141 147.2 156.2 159 161.8 166.7 172.2 176.6 182.1 186.2 189 191.9 195.3 201.2 204.7 210
160.6 161.1 161.5 166.2 175.1 182.4 188.7 201 218.5 230.2 239.5 246.7 252.1 261.4 268 267.3 268.4 269.6 263.1 255.2 241.8 231 219.5 211.9 207.1 202.6 200.2 192.1 191 191.4 185.9 184.6 182.8 185.6 183.6 182 179.1 170.4 165.4 159.6 156.3 151.9 143.7 153.7 166.2 176.6 184.1 187.9 190.9 192.7 191.5 189.4 184 177.4 172.9 170.3 168.3 163.6 158.8 153.3 147.8 139.8 134.2 140.2 142 152.3 157.1 160.3 163.6 168.3 173.4 179.2 183.7 187.3 190.5 194.2 199.7 203.9 208.2 214.7
160.3 160.4 161.5 169.5 174.1 183.5 192.2 204.5 224 236.5 244.3 251.8 257.7 262.4 264.2 264 267.3 265.9 258 253.4 239.4 227.1 220.7 213.7 209.6 209.1 207.8 205.8 200.7 193.3 193.4 191 178 183.9 181.1 177.8 175.4 167.7 162.8 159.7 153.5 149.8 145 152.6 166.6 176.9 181.7 187.3 190.2 190.2 189 183.9 180.5 174.4 169.7 166.6 164.6 159.5 154.5 150.2 145.1 138.3 139.1 141.8 147.9 153.4 156.9 161.5 166 170.9 176.7 181.7 186.9 189.7 193.6 197.2 202.7 206.1 210.6 217
160.8 161.2 162.4 169 183.9 187.1 196.5 214.7 228.8 239.5 246 250.3 253.2 253.8 254.6 256.2 261.4 257.4 252.8 250.2 237.1 228.9 224.2 217.9 218.2 220.7 222.6 216.7 206.8 199.5 195.3 189.1 177.7 182 173.4 167.5 165.4 162 157.1 153.4 148.8 145.2 142.1 152.7 166.7 175.3 179.1 183.9 188.7 189 185.1 181 177.6 171.7 167.5 163.6 161 156 151.2 147.9 140.9 134 140.2 146.9 150.7 154.5 158.6 162.6 167.9 174.3 179.8 183.4 189.5 191.8 195.1 198.4 203.5 208.6 213 215.8
160.2 160.6 165.5 176.3 183.4 192 205.3 218.2 229.4 237.9 242.6 246.8 245.3 246.7 244.6 250 250.3 248.9 248.6 242.8 238.4 231.4 226.8 221.9 225.6 227.5 228 226 217.8 209.4 197 188.7 181.6 182.1 180.9 178.7 168.9 166 165.1 158.4 149.4 142.9 142.8 151.7 165.2 171.6 177.7 181.7 186.2 187.8 185.6 181.5 176.8 170.6 165.4 161.2 158.2 152.7 148.4 144.6 137.4 133.4 140.6 148 151.4 154.7 158.5 165.4 171.7 175.3 181.4 186.8 189.8 191.9 194.5 197.9 203.2 208.1 210.9 211.3
159.8 160.4 170.3 175.6 187.2 193.8 207.3 217.8 225.7 235.3 236.9 236.7 237.4 236.1 236.9 238.2 239.7 241.4 239.7 241.2 238.1 230 222.7 222.9 225.4 226.1 229.3 230.6 227 217.6 202 192 185.2 184.1 183 176.9 169.7 169.4 165.2 157.5 147.9 140.5 143 151.2 161.2 169.2 174.7 179.8 183.8 185.6 184.3 179.9 174 168.9 163.5 158.7 155.2 151 145.9 138.4 135.8 134.1 141.5 148.4 151.9 155.2 160.6 167.8 171.9 176.7 182 185.8 187.9 189.6 193 197.5 202.2 205.5 206 204.1
159.7 164.3 172.2 178.3 190.6 196.5 208.7 215.6 220.4 228.4 230.7 231.9 228.5 225.7 226.9 228.2 230.5 234.5 237.7 237.7 231.1 224.1 219.6 218.6 222.4 225.8 225.9 229 224 212.4 199 193.1 185.7 185.1 181.8 173.6 171.3 170.2 164.9 155.6 145 139.1 141.6 147.8 157.1 166.1 171.2 176.6 181.6 184.9 181.8 178.1 172.2 167 160.3 155.5 152 147.9 137.7 135.8 132 137.8 144.2 148.5 152.1 156.9 162.9 167.1 171.4 176.1 180.8 183.5 185.1 187.5 192.4 196.2 197.6 199.1 197.2 191.9
160 164.1 173.8 183.5 190.3 195.1 204.6 207.5 213.4 219.8 220.8 223 218.9 218.9 221.1 222.3 225.6 230.1 233.5 233.8 230.9 223.1 217.7 216.9 217.8 220.1 224.4 223.3 215.5 205.6 199 193.6 187.1 184.8 179.3 172.5 173.5 169.5 162.8 155.4 145.5 138.5 140.1 143 152.2 160.8 166.7 171.9 176.1 179.3 177.2 174.5 168.4 161.7 155.2 151.5 148.5 145.1 135.5 130.9 135.4 140.2 145 148.9 152.8 158.6 162.9 167.1 171.1 174.6 178 180.1 182.8 186 191.6 191.1 190.4 189 185.8 182.3
159.5 166.5 174.6 181.8 186.9 196.7 197.9 201.6 206.1 210.7 211.1 210.9 210.9 214.2 216.1 219.1 221.9 225.9 230.7 231.8 228.9 221.4 213.3 213.9 215.9 218 220.2 217.5 210.8 200.6 196.4 193.8 186.1 181.5 177 175.5 174.6 169.7 163.5 157.2 148.7 139 138.7 140.7 146.7 155.7 163.5 169.6 174.2 175.8 175.8 171.8 164.1 156.5 152.1 148.2 145 138.6 133.3 133.5 136.9 141.9 145.1 149.2 154.1 159.7 163.2 166.7 170.3 173.4 175.4 176.7 180.5 186.2 187.1 184.6 182.4 180.1 177.6 175.3
159.7 159.1 165.8 172.4 181.4 188.3 192.1 195.6 199.2 201.1 200.2 202.4 207.5 209.7 212.5 215.4 219.2 224.8 229.5 229.3 226.1 218.1 210.7 211.1 211.5 214.2 215.6 211.1 206.5 197.9 190.7 189.3 184.8 185.7 181.5 177.2 174.5 173.2 172.4 161.4 152 141.3 138 139.2 142.5 152.3 162.3 169.5 171.5 172.8 172 165.6 158.5 153.4 149.5 144.6 140.8 132.4 131.9 134.9 139.6 142.4 146.4 151 156.1 159.2 163.1 166.3 168.5 170.6 172.1 174.2 178.7 181.5 180.5 178.7 179.1 175.1 172.5 169.5
159.3 158.9 159.1 162.6 172 180.8 184.9 189.6 192.4 193.8 192.4 199.1 203.1 206.1 209.8 212.9 217 223.8 226.5 226.9 222.9 214.5 207.7 206.7 206.8 208.2 209.7 203.4 198 194.3 188 186.2 182.5 186.6 184 180.2 182.8 183.5 178.2 169.2 161.2 153.3 139.9 136.5 139 148.5 159.7 166.2 167 167.1 166.1 159.5 153.8 149.9 144.9 138.7 131.9 129.1 133 137.8 140.5 142.6 147.8 152.1 156.1 159.1 162.2 164.2 165 167.2 169.5 171.2 173.4 173 172.6 172.8 174.1 170.6 168.4 165.7
160.5 159.7 159.2 164.3 169.5 175.2 178.6 182.6 184.5 185.4 187.8 196.6 199.3 201.5 203.9 209.6 215.5 222.5 224 222 217.8 210 204.8 204.2 203.9 203.6 202.1 195.9 190.1 185.1 185.8 181.5 181 185.4 186.4 189.6 189.5 190.2 185.5 175.5 170.4 165.3 153.3 139.4 136.4 142.5 155.1 161.1 163.9 165.7 164.6 154.2 148.4 144.4 133.5 131.3 127.8 132.6 135.9 138.5 140.3 144 147.2 150.8 155.1 158 159.3 160.3 161.7 163.6 165.4 165.7 162.9 157.4 163.7 167.8 167.6 164.7 164.4 161.5
173.3 165.3 160 162.8 167.5 170.4 173.9 177.6 178.2 180.2 185.1 192 195.5 196.1 201.8 208.7 213.7 219.1 221.8 218.8 214.7 207.7 202.3 201.4 200.4 199.5 196 188.8 183.1 179.2 181 180.5 182.8 188.2 190.3 194 194.7 194.6 189.1 180.8 174.3 168.9 159.3 146.7 135.9 141 150.9 157.1 159.2 159.8 157.2 150.3 142.8 130.9 129.7 128 130.3 133.8 137.1 138.8 141.4 143.9 145.5 148.3 153.5 155.7 156.5 157.5 158.8 159.3 148.9 150.5 151.4 154.6 155.8 160.6 156.1 159.5 159 157.6
