ny/ny19_OST50GRID_20230518/NY19.asc
ncols 200
nrows 200
xllcorner 310000
yllcorner 590000
cellsize 50
[rows 35 to 69 of 200, columns 80 to 159 of 200]
202 212 213.8 216.5 219.4 224.1 228.8 231.6 239.2 246.1 256.2 263.5 271.1 282.2 310.5 332 351.2 367.8 381.3 390.6 391.8 399.4 410.5 421 432 442.6 452.1 457.7 456.9 456 450.5 446.8 446 442.5 439.6 435 430.9 426 419.2 413.8 404.4 391.2 379.7 369.2 364.5 361.5 357.2 353.7 356.9 363.8 366.2 360.7 357.3 350.7 342.5 334 325.4 317.3 306.8 296.9 286.9 277.7 273.9 271.5 276.7 288.4 297.9 306.3 312.8 319.2 327.1 333.8 334.7 334.7 335.6 338.8 341.7 343.6 350.3 355.8
200.4 206.1 205.8 211 212.2 216.9 221.3 228.2 233.7 243 250.8 258.4 267.6 284.5 310 328.8 346 363 375.6 384 377.4 394.4 406.8 416.6 428.5 440.5 449 454.2 455.8 453.6 446.8 441.4 436.9 433.6 430.7 431.8 424.5 419.8 414.8 409.6 398.7 386 380.3 374.8 367.3 361.1 358.7 355.3 351 357.1 359.6 360.5 360.8 355.1 347 337.7 327.6 316.7 306.7 297.5 287.1 276.6 272.4 270.6 282.3 288.1 295.4 301.7 306.6 312.5 319.8 325.7 328.3 328.9 334.7 334.6 340 349.8 356.5 360.4
195.3 200.8 201.1 203.4 207.1 212.1 216.3 221.5 230.8 237.6 245.2 254.4 267.9 287.2 307 322.4 340.2 357.1 371.2 375.7 369.4 389.5 400.9 411.2 423.8 435.2 444.2 449.1 450.9 449.6 443.7 437.1 432.5 428.7 425.1 420.9 417.2 417.5 412.9 407.5 396.8 395.5 391.1 385.8 378.9 369.5 361.9 355.5 352.2 351 353.7 359.7 364.2 359.4 350.9 341.3 329.9 318.5 307.7 298 288.4 278.2 268.6 270.1 282.6 287.3 292.4 298 301.7 307.2 313.6 320.3 320.5 328.5 330.5 338.8 346.6 356.6 363.4 368.8
190.2 193.6 197.8 200.5 203 204.5 210.7 216.8 223.9 232.6 242 253.3 269.1 283.6 299.2 315.3 333 350.2 363.1 362.8 359.4 379 390.2 403.4 416.9 430 440 445.1 447.2 446.1 440 433.5 428.6 422.7 418.2 412.8 410.2 409.8 409.5 408.4 408 405.7 402.6 398.2 389.2 380.2 369.9 356 352.5 347.3 349.8 358.9 364.2 363.6 354.8 344.4 333.1 321.4 310.6 298.6 288.3 279.9 268.5 272.3 281.1 285.6 289.8 294.3 289.6 297.7 309.7 319.7 326.5 335.3 343.5 350.8 355.2 363.6 370.7 375.6
180.4 185.8 191.6 191.6 194.7 197.9 202.7 211.2 222.7 229.8 241.5 254.5 264.5 272.4 289.7 307.4 325.2 341.9 350.5 344.3 346 355.3 375.3 391.3 406.1 426.6 437 442 444 441.8 436.9 429.9 423.7 417.7 412 407.2 402.7 404.4 406.8 406.3 409.4 413.2 411.6 405.9 397.5 385.3 376.3 362.5 352.1 348.5 346.1 356.8 365.5 369.1 361.1 347.6 335.7 324 311.4 299.6 289.5 280.7 267.8 268.7 277.6 282.9 277.5 289.2 294.6 300.7 312 327.3 339.3 348.5 353.4 360.4 368.2 372.2 375.9 379.3
185 194.9 201 206.8 207.9 209.1 210.7 208.3 218.2 226 241.1 253.1 262.1 270.5 280.8 298 314.3 328.5 330.6 315.9 344.2 366.7 387.8 404.8 417.6 427.7 435.3 439.1 439.3 437.2 433.1 426.3 418.1 412.1 404.8 399.4 393 396 398.8 403.1 408.9 414.5 415.2 409.3 400.3 386.7 373.7 364.8 350.5 346.7 344.4 356.2 367.3 372.6 370.2 354.3 339.5 327.8 315.7 304.8 296 286.6 270.3 267.4 269.8 271.9 281.8 285.1 291 298.9 315.9 333.4 345.1 355.6 365.2 372.3 376.6 378.6 379.1 377.7
188.8 198 205.9 213.7 218.3 221.3 222.5 224 221.8 223.3 238.5 250.8 261 269.9 278.3 286.9 299.1 307.1 303.1 321.8 347.5 371.8 395.9 408.4 420.8 429.3 434.2 436.1 435.4 433.3 428.1 422 415 408.3 396.5 391.5 384.5 387 390.7 398.4 405.5 412.7 414.5 410.6 401.4 386.4 372.9 360 347 344.6 344.6 357.4 364.2 374.1 376.1 365.5 348.3 334.7 324 311.6 299.3 289.6 282 267.1 267.3 269 276.8 281.7 288.1 298.8 317.9 336.9 349.9 364 372.8 378.2 381.3 381.6 378.7 374
192.9 203.3 209.6 218.5 225 228.9 231.7 233.6 236.4 239.1 231.5 242 252.8 257.6 267 269.7 282.8 294.2 308.1 326.6 354.5 378 396.5 409 418.7 426.2 430.5 432.5 431.9 429.1 424.4 419.4 411.3 404.4 391 381 375.1 377.7 380.9 390.2 400 408.6 411.8 408.3 399 385.5 370.3 354.2 344 341.9 344.6 358.2 369.3 378.2 379.1 373.4 357.9 344.1 328.9 317.2 304.6 293.6 282.1 274.8 265.6 266.2 269.3 279.7 287.5 299.4 318.8 338.4 351.3 366.5 374.5 379.3 380.8 380.5 376.6 370.4
195.6 205.6 212.1 222.3 229.1 234 237.4 240.7 245.5 249.1 252.4 249.2 253 263.4 275.3 284.9 291.7 298.4 311.4 336.6 362.3 381 393.8 405 413.5 420.7 425.1 427.3 427.3 424.9 421.7 417.7 410.6 400.9 390.3 378.1 369.7 370.7 375 382.5 393 401.6 404.8 404 395.8 379.4 362.3 346 342.2 341.2 344.8 357.8 370.6 379.3 381.3 377 363.4 350 334.3 322.7 310.7 297.4 285.1 276.8 265.8 264.3 266.1 278.1 289.5 302.2 320.5 337.6 350.8 364.8 371.7 374.8 376.9 377.2 373.2 366.6
197.3 205.4 213.6 222.9 229.9 236.7 241.1 248.1 250.9 255.4 260.1 262.9 265.9 264.9 269.3 281.7 293.8 294.5 322.5 347.8 367.2 379.1 389.7 398.3 405.8 411.8 416.9 420.6 422.7 423 419.8 415.2 407.6 400.6 388.6 376.9 369.1 366 369.2 375 384.9 393.4 399.5 398.6 393.4 376.7 356.1 341.4 340.7 340.5 345 360 375.1 383 385.6 382 371 354.7 338.9 324.8 314.2 300.1 286.8 278.1 265.3 264.3 266.6 281.2 293.6 305.3 320.2 336.9 347.7 360.4 365.6 368 370.1 371 367.2 360.9
197.6 204.6 213 223.6 228.4 236 242.1 248.5 252.2 259 264.6 268.5 278.3 284.4 286.8 298.5 311.8 319.1 325 352.6 365.9 375.1 383.8 390.8 395.9 402.4 409 415.2 418.8 420.3 417.6 410.6 404.8 397.7 386.2 375.6 367.3 362 364.9 371.1 378.6 387.9 394.1 394.9 388.9 372 347.9 339.8 337.7 340.5 347.4 363.5 376.7 384.7 389.9 386.9 374.7 358.7 341.8 326.7 313.8 298.5 288.4 279.3 265 261.1 266.9 281.9 293.6 304.4 320.7 336.2 347.1 354.3 357.9 360.4 361.5 359.6 355.4 349.9
195.8 203.9 212.7 221.6 226.7 232.6 239 246.1 253.6 260.6 267.3 276 288.1 299.9 307.2 315.9 330.5 338.6 342.9 354 365.2 371.8 376.7 382.2 389.1 396.9 405.1 411.8 416.6 417.1 412.4 404.8 399.6 392.7 383.2 372.4 363.8 360.2 361.6 366 373.1 382.8 389.5 391 385 367.5 344.4 337.9 337.9 341.2 350.4 365 377.4 387.5 391.8 388.4 377.6 360.1 341.3 324.6 312.2 296.8 287.8 280.1 266.5 260.7 269.6 282.2 292 302.1 318.6 334.5 342.1 347.5 351.8 351.5 350.9 347.6 343.1 339.6
193.8 203.5 209.7 216.1 223.8 230.3 237.9 245.1 254 262.8 271.4 284.4 295.8 307.5 316.8 326.8 337.9 346.3 352 356.7 363.3 369.8 374.8 385.1 391.8 399.5 406.4 412.6 415.8 413.9 407.2 400.4 393.3 386.2 377.7 367.3 360.2 357.7 359.5 362.5 369.3 379.1 387 390.4 379.8 361.4 342.5 338.8 338 342 353.1 367.6 379.7 388.6 392 389.1 377.4 360.1 340.3 324.7 307.8 295.8 286.6 277.4 268.3 261.1 270.1 281.9 291.3 300.9 314.9 329.1 336.9 342 343.7 343.7 342 339.6 334.6 331.8
195.8 204.7 211.5 219.6 225.1 231.8 239.4 247.2 256.1 265.5 276 287.8 299 313.9 326.6 336.4 344.7 351.3 356.4 362 368.3 375.3 383.3 392.4 400.1 407.5 413.5 417.7 416.5 411.6 403.5 394.3 386.9 379.5 370.9 361.9 356.5 353 357.8 363 367.5 378.1 388.1 391.6 380.8 357.9 341.2 337.9 336.2 343 354.9 370.3 380.1 388.8 391.7 388.6 379.2 360.9 341.1 324.4 308.4 295.1 285.7 278.8 262.4 260.1 274.6 281.7 290.6 300.3 311.1 320.2 328.2 332.8 335 333.3 331.3 329 326.5 325.1
195.7 204.1 210.6 219 226.9 233.3 241.3 248.8 257.9 266.7 277.6 289.6 301.5 318.9 329.5 341.8 349.5 353 356.9 363 370.7 378.6 389.1 397.7 405.1 412.8 418.9 421 418.5 411.4 401.7 389.7 378.5 371.4 364.9 357.6 354.2 350.6 356.7 361.8 368.2 380.5 391.8 394.1 384.1 359.5 341 336.5 334.6 344.1 355.8 370.2 379.8 387.3 391.2 391.2 381 363.9 342.2 323.5 309.6 296.2 284.6 278.2 260.7 259.8 275.8 282 289.2 298.1 307.3 313.4 319.2 322.7 323.3 321.9 323.7 322 319.4 317.8
198.2 204 211.3 219.5 226.9 233.1 242 249.6 258.1 267 277.5 288.3 302.4 316.8 329.6 343.1 348 352.3 356.6 363.5 372 382.8 391.9 399.6 406.7 413.4 419.3 421.6 418.9 411.3 401.4 388.5 377.3 368.1 361.3 356.3 352.8 350.5 357.1 362.1 373.8 384.9 391.9 391.7 383.5 358 339.8 335.7 334.2 343.1 354 366.7 379.7 385.8 393 392.5 384.4 368 345.3 328.5 314.5 299.4 288 278.4 263.4 258.9 274.7 279.9 286.7 295.6 301.5 306.9 312 314.5 314.3 315.2 316.8 316.3 314.2 311.9
200.2 204.1 211.5 219 225.4 232.7 241.1 248.6 256.5 265.4 276.6 287.9 300.6 312.9 327 338.7 344.4 350.6 355.9 362.7 372.5 382.9 391 398.6 405.2 412 417.1 421.4 418.5 411.8 403.1 394 381.8 370.5 361 354.2 349.6 352.1 358 364 374.7 387.7 392.6 389.5 379.9 357.8 339.8 335.5 330.9 340.6 349.5 365.1 376.3 383.9 393 393.7 386.5 373.4 354.2 334.1 320.7 305.5 291.8 279.8 261.1 256.2 271.1 277.2 284 291.1 296.3 301.4 304.6 306 308.3 309.4 310 310.2 309.3 312.8
198.5 203.4 210.7 218.5 223.7 231.6 239.5 246.3 253.9 263.7 274.5 284.2 294.8 306.7 319.1 325 339.8 349.2 354.7 361.8 372.3 380.7 388.5 397.1 404.6 411.4 416.8 420.3 419.1 414.3 406.6 398.9 387.7 375.2 362.5 352.8 346.4 351.5 356.3 364.4 375.3 385.7 388.5 385.7 375.6 354.8 338.7 334.8 328.5 337.1 346.4 361.4 370.7 382.7 390.5 394.2 390.9 381.4 363.4 343.4 327.3 309.9 292.9 279.4 259.7 256.4 269.3 275.2 281.1 286.4 291.7 296 299.3 301.6 304.1 304.8 305.4 302.2 308.7 311.4
196.9 203.3 209.6 215.5 222.1 230.7 238.5 245.2 252.4 262.9 268 274.7 292.3 305.4 320 336.8 346.6 350 354.6 360 369.9 377.1 384.9 393.9 403.8 411.4 416.9 419.4 419.3 415.3 408.8 399.4 388.6 376.1 362.4 352 344.6 349.3 354.6 364.1 373.8 383.1 386 383.1 373.6 352.1 337.8 334.6 326.9 333.5 343.7 357.3 368.7 380.9 390.2 393.4 394.7 387.3 371.2 352.2 334.4 313.6 297.6 282.1 260.5 255.2 268.5 273.8 278.8 283.1 287.4 290.9 294.2 297.5 299.9 300.6 299.9 304.3 306.6 308.8
197.4 204.2 209.2 215 219.5 227.5 237.1 242.2 251.3 259.6 272.4 284.2 295.4 308.7 327.3 344.9 351.2 351.5 352.8 356.6 363.9 371.7 381.1 391.8 401.6 410.6 415.7 418.1 416.2 412.5 405.7 397.2 387.2 376.6 363.4 350.7 341.3 346.5 352.5 361 370.7 381.1 383.3 383.3 371.6 352.5 336.1 333.2 327 330.4 341.7 353.3 367.4 378.7 388.1 394.5 397.2 390.6 378.3 360.5 342.4 321.3 304.8 288 266 254.5 258.9 271.8 276.3 280.4 284.1 287.8 291 294.2 296.4 292.6 300 302.3 304.4 307.5
197.9 204.5 210.1 217.6 225.1 232.5 238.2 245.1 251.1 260.2 271.3 283.3 298.7 311.4 331.9 349.2 352.9 351.1 350.4 352.2 359 369.2 379.6 389.3 399.6 408.4 413.7 415.3 413.1 407.5 401.5 393.3 384.2 374 362.2 351.1 341.5 344 349.7 357.6 366.6 374.2 380 377.9 368.4 351.5 334.1 330.5 325 326.3 342.2 353.5 365.2 375.8 385.3 392.6 396.4 392.5 382.5 365.4 351.7 332.6 313.9 293.5 278 257.1 254.7 267.8 273.7 278.2 281.4 284.8 288.2 291.7 291.5 294.7 297.2 296.4 302.7 308.4
197.9 204.5 211.6 218.9 226.5 233.3 239.5 244.7 250 261.3 271.5 284.3 299.4 313.5 333.2 346.7 352.4 350.4 347.3 347.4 354.8 362.3 379.1 388.5 397.7 405.9 412.1 412.8 410.2 404.2 397.2 389.3 379.6 369.1 358.4 347.9 342.5 337.5 345.9 353.1 361.5 370.6 375.1 372.2 365.2 345.9 332.2 329.1 323.1 330.7 342.5 350.6 362.4 376 383.6 390.3 391.5 390.6 384.1 367.4 356.1 340.2 323.8 301.8 283.6 268.3 256.9 257.3 272.4 275.5 279.4 283 286.6 289.4 286.9 288.9 295.1 300.7 307.3 313.4
196 203.3 212.8 220.5 226.6 233.7 239.9 242.5 248.5 261.3 270 285.9 299.1 314.4 330.8 342.9 349.4 347.4 342.6 342.3 347.8 367.3 379.5 389.2 398.4 406.2 411.6 411.8 408.1 401.9 393.9 385 374.4 364.2 354.3 346.3 341.6 337.4 342.4 347.6 355.4 364.2 369.2 367.5 354.3 340 330.6 328 320.7 331.1 338.4 347.5 361.1 374.5 379.3 383.6 385.3 387.2 378.9 362.7 351.3 342.9 330.9 307.1 287.4 272 260 251.5 263 273.7 277.9 280.5 284.3 278.7 289.9 294 298.9 304.4 312.6 320.9
188.6 194.2 208.3 220.5 226.8 234 237.9 239 248.6 259.1 271.3 286.4 297.8 312 326.8 339.2 343.8 344 338.4 340.7 351.3 365.9 379.9 391.5 398.8 406 410.1 409.5 406.7 401.2 392.4 383.1 372 358.9 349 344.8 341 335.8 339.6 343.8 349.8 358.5 360.1 352.3 341.8 335.5 329.7 326.1 319.6 329.3 335.7 347 360.2 369.2 372.7 373.6 375.8 372.7 358.5 354.5 347.2 339 325.1 304 287.3 273.7 261.9 250.9 266.6 269.9 264.7 269.4 281.5 286 290.7 296.9 303.8 311.1 319.1 329.5
200 207 200.4 213 225.9 231.6 237 239.8 247.3 258.1 271.4 283.9 295.7 308 322.6 332.2 337.5 338.5 331.8 338.9 350.9 367.5 382.3 391.5 397.8 403.9 407.3 406.5 404.7 398.9 391.7 382.1 369.8 357.1 348.1 343.9 340.7 334.5 337.6 340.3 343.8 350.5 348.3 340.3 335.5 329.6 326.8 322.5 320.4 328.5 334.2 343.6 351.5 357.1 358.4 362 359.3 352.8 346.7 343.3 339 330.4 315.8 297.8 285.5 273.5 258.5 250.3 259.5 271.4 276.8 280 284.1 288.4 294.5 301.6 308.7 316.1 327.7 336.9
205.9 211.4 216.3 208.1 221.5 230.3 237.3 241.9 248 259.1 271.6 282.6 293 302.7 315.3 323.9 329.7 332.1 328.3 339.4 350.3 367.8 379.9 388.4 394.2 400.4 404.3 404.3 402.1 396.8 390.8 383.5 373.3 361.3 350.6 343.3 338.7 333.4 334.7 338.1 338.1 340.1 337.1 334.6 332 327.6 323.1 317.5 321.1 326 331.5 336.3 340.5 342.3 344.4 341.3 341.1 336.2 333.5 330.8 328.5 318.5 304.6 292.9 282.6 271.8 259.7 248.9 266.5 273.1 278.1 281.9 286.2 292.1 299.3 306.3 314.5 322.9 334.8 341.9
211.2 218.1 221.5 224.6 226.7 221.6 234.4 242.8 249.7 260.4 268.8 278.8 286.9 296.5 306.5 310.8 310.7 315.7 327.8 339.5 349.5 364 374.1 382.9 390.9 397.3 400.7 401.7 399 394.9 390.3 384.8 377.7 368.5 357.5 347.9 339 333.1 330.1 334 335.2 333.9 332.1 331.5 330.3 327.3 321.2 318.1 316.8 321.3 324.2 327 326.9 327.8 322.9 321.6 319.6 317.5 317.3 315.4 312.5 303.8 294.2 284.5 275.1 264.3 252.2 248.4 267 273.7 276.2 281.9 289.8 296.1 302.6 310.7 321.3 330.5 339.4 344.9
216.1 221.7 225.9 229 231.3 235.6 239 238.8 238.1 257.2 262.5 271.2 268.6 281.8 286.3 299.7 316.7 328.2 332.6 336.9 342.8 355 366.2 378.5 388 393.7 397.6 398.5 396 392.6 388.7 382.9 377.6 371.3 362 353.2 344.8 338 330.6 329.1 331.5 331 328.9 329.2 328.7 326.7 320 315.7 311 314.3 313.8 314.6 315.4 313.2 311.3 307.5 302.5 298.9 299 300.2 299.1 293.6 285.7 274.9 267.2 255.6 246.9 261 267 271.9 280.8 287.7 293.1 300.1 307.1 315.6 322.8 335.3 342.4 346.7
219.6 224 227.8 231.7 236.2 241.7 245.9 247.7 250.3 258.1 265.2 273.3 280.9 289.3 296.6 307.8 325.7 336.9 339.9 338.5 340.7 347.8 360.9 374.5 383.8 390.4 394.6 396.4 394.7 389.4 383.9 378.8 375.9 372.5 365 357.7 349.6 342.2 335 325.2 323.9 326.8 326.2 326 326.4 324.8 319.9 316.7 313.2 311 307.5 304.7 303.9 302.8 300.5 297.1 287.5 286.7 289 289.3 287.2 283.5 277.7 269.1 259.1 245.7 252.5 263.8 270.8 278.3 289.3 295.9 297.6 304.6 312.2 321.3 328.3 335.9 342.6 348.1
221.4 224.9 229.8 235.2 240.9 246.5 251.1 256.1 259.4 255.7 262.4 268.6 276.1 285.4 296.2 317.1 334.3 344.9 344.8 341.8 339.7 341.8 353.7 367.7 378.2 385.4 391.9 395.3 392.4 386.2 381 376.8 373.7 371.1 366.5 359.3 351 343.6 337.4 330.4 326.9 323.4 323.2 323.6 324 322.7 322.2 320.1 319 316.8 315 312.8 310.5 302.3 300.6 300.9 297.2 280.8 269.8 270.5 274.5 274.4 268.7 261.8 246.5 250.4 261.1 267.3 275.9 291 301.2 308.1 308.7 311.3 318.3 325.5 331 337.6 343.4 350.7
222 227.1 233 238.5 244.4 250.6 256.5 262.8 266.4 266.5 266.9 269.5 275.3 285.9 302.7 326.8 340.7 349.6 350 344.8 338.2 337.3 346.2 360.7 371.7 381.5 390.3 393 391.5 383.6 377.5 374.2 370.9 368.8 365.1 357.4 351 344.3 337.3 329.4 326.1 321.5 319.9 321 321.3 322.5 324.2 324.6 323.8 320.4 317.9 315.6 313.3 310.2 306.9 303.7 300.7 298.1 293.4 285.1 265.3 256.6 256.3 250.1 246.1 254.8 264.3 273.8 285.3 300.8 311.9 318.7 317.9 318.5 323.7 329.3 333.8 339.2 345 352.5
223 228.9 235.5 241.8 248.1 255 262.9 270 274 274.5 274.9 278.6 283.4 295.7 314.9 330.7 344.7 355.1 355.2 347.3 336.9 335.2 339 353.7 366.1 376.9 386.7 389.9 389 382 374.9 371.4 367.4 364.3 361.5 356.6 350.9 344.1 336.8 329.5 325 322.6 320.2 318.1 319.9 323.3 327.6 329.3 328.6 326.4 323 319.5 317.3 314.6 312.2 312.1 310.1 305.3 303 296.6 284.4 271.2 253.6 243.7 247.3 258.2 270.2 282.1 293.5 310.1 320 326.6 328.4 325.3 328.7 332.5 335.2 340.3 346.2 352.7
225.8 233.1 240.4 246.5 252.6 260.3 268.3 276.4 278.1 279.2 281 285.6 295.4 309.2 323.5 335 349.7 356.4 358 349.6 336.4 333.9 336 348 362.9 373.9 382.4 387.3 385.5 378.9 372.5 368 364.1 362.1 362.2 355.7 350.2 344.2 336.2 328.8 324.1 321.7 319.5 317.8 318.6 326.4 331.1 335 335.1 334.6 334.8 334 332.7 331.6 329.6 328 326.9 322.1 314.6 301.8 284.9 270.3 256.8 242.8 251 265 276.3 289.5 304.5 316.5 325.2 333.4 335 334.5 332.1 334.5 336.9 341.2 346.9 351.1
228 237.2 245.2 251.6 257.9 265.3 275 278.3 277.6 275 283.1 287.8 299.3 315 324.6 337.5 350.3 355.7 354.6 347.3 335.4 332.8 332.5 345.5 357.7 370.7 378.7 382.4 380.7 374.5 368 364.2 360.6 360.1 361.8 354.2 348.1 342.4 335.8 327.5 323.1 321 318.5 316.9 320.9 327.4 332.5 339.2 342.2 342.7 341 341.7 341.6 340.9 337.6 337.2 338.3 327.9 315.3 300.2 278.5 262.4 250.7 241.9 255.9 269.2 282.9 298.5 310.8 322.9 333.5 338.7 339.6 338.5 336.9 337.7 339.7 341.9 346.6 350.2
231.1 240.4 248.9 254.6 261.2 273.9 278.9 277.4 272.6 272.9 280.1 286.5 299.7 311.5 324.1 337.3 347.9 351.4 352.1 345.5 334.4 331.2 330.9 342.3 355.8 368.2 374.9 377.2 375.2 370 364.4 360.1 356.4 357.3 355.9 351.7 347 340.8 333.9 326 322.2 319.8 317.5 315.2 323 328.5 334.6 340.8 346.4 346.3 345.5 347 343.2 342.7 339.2 340.5 334.6 319.9 308.7 292 269.9 256.5 240.9 248.8 262.2 275.3 290.6 306.1 317.2 330 342.3 345.6 344.3 342.6 340.9 341.3 342.4 343.9 345.4 347.4
