ny/ny31_OST50GRID_20230518/NY31.asc
ncols 200
nrows 200
xllcorner 330000
yllcorner 510000
cellsize 50
[rows 140 to 174 of 200, columns 0 to 77 of 200]
568.4 564.2 558.8 555.4 554.2 550 541.3 532.1 524.8 522.1 520 505.5 498.9 497.6 494.8 480.7 472.5 462.5 456.2 441.4 428.7 412.4 408 396.7 390.3 399.2 398 396 404.8 397.7 368 333.6 300.3 274.9 251.1 232.2 217.1 205.6 195.4 192 189.5 185.7 180.3 181.2 181.4 183.2 184.4 185.1 186.5 187.3 198.8 219.8 239.9 263.3 291.7 322.4 360.1 394.1 426.1 462.2 496.3 516.4 541.6 549 559.1 559.5 563 553.5 542 533.7 565.3 592.1 605.3 617.4 626.5 637.3 651.5 669.8
568.8 565.9 562.9 558.1 554.6 545.7 536.8 526 521 521.3 512.6 516.1 511.4 509.3 494 479.4 486.1 477.2 458.8 444.6 433.1 416.9 405.1 394.8 401.8 402.1 410.4 408.2 411.2 385.6 348.6 313.4 288.9 260.9 239.2 222.5 209.3 200.7 193.1 190.3 188.2 188.1 181.3 186.5 185.3 184.7 185.6 186.4 187.5 189.9 195.6 216.3 239.3 261.8 290 320 354.9 388 421.9 458.8 491 518.7 540 544.1 553.9 544.5 534.4 519.5 505.1 534.8 564.2 588.1 600.5 609.4 618.6 629.6 643.6 661.6
574.4 571 562.3 555.8 550.1 541.3 536.2 527.6 529.6 521.7 520.8 516.1 508.3 502.6 495.7 491.7 487.6 475.2 455.3 447.3 434 422.7 407.2 405.9 414.7 414.4 418.8 414.2 397 364 329.5 300.2 275.8 251.7 233.5 215.5 208.2 196.8 190.2 187.9 185.3 184.4 187.6 187.8 187.2 187.5 187.7 187.9 189 190.3 194.5 214.3 234.9 258.7 288.3 318.4 354.1 387 421.6 456.5 487 520.5 529.5 531.6 522.3 510.4 497.1 488.1 514.7 542 569 584.4 593.9 603.6 612.3 622.6 634.8 650.5
580.2 574.4 566.8 557.6 546.6 539.7 537.6 531.3 530 524.7 520.3 514.1 509.7 506.1 502.9 502.5 494.2 480.5 472.5 444.5 432.1 420.2 407 416.1 421 438.7 433.8 437.9 407.5 365.2 325 290.1 263.1 243.9 226.1 216.7 204.3 193.2 190.4 188 185.6 186.6 187.7 188.5 191.3 190.9 190 189.7 194.2 191.5 196.8 212.7 232.3 253.8 284 316.5 354.6 388.3 422.6 452.3 483.9 508.9 496.8 494.3 483.5 474.1 466.9 496.3 528 553.3 568.3 580.5 589.3 599.2 608.6 618.1 629.2 641.1
581.4 577.3 572.5 569 556.1 548.4 544.4 536.2 532.8 524.4 520.2 522.9 517.2 513.7 514.3 513.1 501 495.8 469.8 456.6 436.7 420.7 418.4 425 427.1 437.4 440.7 436.4 404.2 354.3 315.3 281.8 256.6 237.8 224.3 208.5 198.7 193.9 191.4 188.1 186.7 188.6 189.7 190.9 194.8 195.8 195.6 195.2 196.5 193.9 198.7 207.5 225.9 247.3 278.6 312.5 348.3 383.7 413.3 441.7 463.9 477.3 465.5 456.7 447.7 448.2 478.4 509 536.4 552.1 565.5 575.5 586.2 596.4 605.8 614.7 623.8 633
590.8 588.3 582.9 580.5 561.5 556.5 552.1 546.9 536.8 530.8 528 527.5 531.6 534.4 542.6 539.9 526.1 494.3 471.6 464.2 443.5 429.6 428.7 436.9 437.4 446.1 447.7 434.7 385.9 343.8 302.4 275.7 251 231.2 216.9 208.1 198.3 193.1 189.9 188.8 190.1 191.3 193.5 198.3 200.1 201.9 202 198.9 198.9 199.4 199.7 205.9 222 241.3 271.1 301.5 334.7 369.8 403.4 429.2 441.1 433.3 428.8 422.8 433.4 461.2 486 500 526.8 548.7 562.9 573.3 584.4 594.8 602.7 610.6 617 626.2
592.9 589.5 580.4 570.8 565.1 560.2 555.8 549.6 551 547.4 544.6 543.5 553.6 553.4 553.2 551.1 533.3 508.6 482.2 465.9 455 441.8 441.6 445 454.5 464.8 452.7 406.8 373 328.3 294.5 266.7 245.3 225.1 214.1 205.9 198.1 193 191.2 190.7 192.1 194.7 202.7 207.4 209 207.8 206.5 204.4 204.4 205.6 203.6 202.1 220.1 235.6 262.4 292.2 324.3 356.7 388.5 408.1 400.2 396.7 392.2 416.8 444.1 467.5 491.7 517 533.3 552.6 563.8 572.1 581.8 591.1 596.9 605.6 612.6 617.9
593.5 585.3 580.3 577.5 573.9 569.8 563.7 566.5 558.7 565.5 561.6 563.6 564 566.2 556.2 546.6 551.1 517.8 493.2 475.3 463.9 456.2 460.5 461.8 467 462.4 433.9 386.2 347.5 314.3 283.5 259.7 237.8 219.2 210 202.2 199.7 193.4 192.3 194.7 197.5 204.3 213.9 221.1 222.1 219 213.3 212.6 211.9 211.7 202.4 207.1 216.6 232.3 255.2 283.7 314.6 345 372.8 379.3 366.7 392.9 413.3 435.7 461.3 482.9 506.5 528.2 545.5 556.1 563.8 571.9 579.4 586.7 594.1 601.8 607 611.8
592.8 589.7 586.5 586.7 586.2 586.1 575.1 573.4 575.8 568.5 567.1 568.3 564.6 568.3 554.4 549.6 537.6 513.7 507.7 485.1 476.5 473.4 485.7 496.6 487.3 464.5 420.1 385.9 337.2 303 274.7 252 230.7 214.5 207.1 201.1 196.4 194.4 195.3 200 207.7 216.9 228.3 236.1 237.9 231.9 226 221.6 221.8 213.7 205.4 210.8 216.2 231.1 251.1 275.4 303.8 333.2 356 349.1 377.6 409 433.5 450.5 470.6 493.6 514.2 534.3 547.5 556.3 564.1 571.2 577.4 586.2 591.7 596.8 601.7 604.8
598.9 598.8 598.4 596 591.5 590.7 589.7 581.8 577.5 573.6 570.8 572 563.2 563.9 557.1 545.7 530.6 514.9 500.5 490.6 482.6 488.8 494.5 503.2 493.3 466.6 409.8 371.1 329.6 292.5 266.8 245.1 225.8 213.3 203.6 199.3 195.7 195.6 201.2 208.4 220.8 230.6 242 250 252.5 243.4 236.7 235 220.3 214.9 206.5 214 219.3 228.8 245.6 268.6 293.8 320.3 339.2 365.6 393.3 423.2 451 471 488 507.1 526.2 540.2 549 556.9 564.4 570.7 576.6 581.2 585.7 590.6 595.3 600
606 605 608.7 601.7 603.1 595.9 590.3 589.7 590.6 587.7 583.9 570.4 564.5 562.1 552.8 539.5 528.6 519.9 496.5 498.4 502 495.6 499.7 494.9 473.5 444.8 397.2 356.8 322.3 285.9 258.5 238.2 220.1 212 206 199 199.2 198 208.5 220.3 232.8 245.8 263 273.4 270 263.4 251.5 238.9 227.4 220.8 209 215.8 221.5 225.5 241.6 262.1 284.3 315.6 345.5 376.6 402.5 427.3 457.3 480.6 501.7 519.5 531.1 541.8 550.4 557.2 564.1 569.2 574.4 578.1 581.1 584.2 587.8 592.1
612.4 612.2 611.4 604.9 601.4 597.5 595.9 591 588.7 584.6 579.1 573.1 571.3 567.4 547.9 536.1 523.3 516.1 514.7 504.9 499.8 498.3 500.2 490.5 461.7 417.7 375.4 344.2 310.7 281.7 253.7 233.4 217.3 210 201.3 202.2 204.2 208.8 220 235 247 265.5 283.8 296 292.6 274.6 259.8 249.8 229.6 223.9 214.8 214.4 218.3 224.2 240.1 261.2 289.7 319.1 349.2 380.6 410.7 437.6 467.3 489.7 507.3 521 530.9 541.4 550.7 555.2 560.8 564.8 568.8 570.7 573.5 578.2 582.1 586.2
621.5 617.5 612 610.8 605.4 601.8 599.2 595 592.5 582.6 578.9 578 569.8 560.8 552.2 539.6 533.3 520.9 516.1 512.4 502.7 505.4 510.1 508 455.8 403.7 368 333.1 302.3 274.8 251.7 229.8 213.7 207.5 207.6 207.4 209.4 221.5 236.7 255.6 268.1 286.4 307.4 321.9 306.6 284.9 272.4 257.7 239.6 229.1 219.6 213.6 216.4 221.1 237.2 259.4 286.3 315.5 345.1 378.6 415.3 444 470.9 491.8 507.3 517.8 527.6 537.5 546.8 552.3 555.3 559.6 562.5 565.9 568.1 570.9 574.5 580.1
623.6 618.6 616.4 614.3 610.7 605.3 603.6 599 596.1 598.8 585 573.8 565.7 559.3 550.5 537.9 531.6 526.2 517.8 510.3 506.6 510.2 513.2 497.8 440.3 392.4 357.7 332.2 295.2 272 248.5 224.5 211.9 208.3 211.2 212.6 216.4 233.9 253.2 272.4 291.4 311.1 332.5 340.4 318.9 306 288.4 268.4 253.2 235.1 224.6 218.5 215.5 218.5 236.6 258.9 285.5 313.2 341.6 374.5 410.4 442.1 469.4 489.2 503.9 516 525.7 531.7 539.6 548.3 550.8 554.3 557.9 560.2 563 564.4 568.6 572.6
631 625 619.7 619 617.5 611.2 605.8 604.7 607.9 602.2 585.9 575.6 567.8 557.1 548.8 544.3 534.2 524.9 520.8 514.3 510 510.3 511.4 506.2 428.1 390.1 351.8 326.2 293.7 265.6 246.2 221.5 211.6 215.9 220.3 225.4 227.5 252.5 273.9 291.8 314.8 336.4 355.6 358.6 341.7 320.2 297 281.1 260.2 245.2 235 224.5 216.5 220 236.5 259.3 285 308.6 335.3 365.5 399.7 433.1 462.3 484.6 499.8 511.5 521.4 528.6 537.8 543.8 546.8 549.8 551.4 554 556.3 559.2 561 568.9
633.3 633 628.1 621.6 617.8 613.5 610.2 608.1 608.6 597.7 598.4 589.2 574.9 565.9 565.8 561.6 549 534.3 523.5 522.2 522.4 509.1 506.4 470.8 418.8 379.1 344.2 314.7 290.3 259.7 236.4 220.1 220.9 226.7 231.7 239.8 244 265 288.3 314.4 344.8 367 377.1 380.8 356.4 333.8 313.4 293 273.3 259 243.3 231.1 222.2 220 239.6 261.1 281 302.3 328.4 358.6 392.8 424.7 455 476.4 492.4 506 516.1 524 532.2 538.2 540.9 543.9 545.7 545.4 548.1 554.2 556.7 564.5
640 637.1 634.3 633.6 626 618.1 615 610.7 606.4 597.3 592.9 582.8 576.2 570.6 563.5 552.8 547.5 540.6 519 520.6 514.9 501.8 496.4 477.2 408.2 367.9 334.9 304.4 279.4 251.7 227.1 222.5 228.7 242.8 249.8 250.2 262.8 285.2 314 340 369.5 392 403.9 404.7 385.6 378.6 343.6 313 290.8 266.8 250.2 232.1 222.4 220.8 238 257.9 277.9 298.8 324.6 351.6 384 415.9 445.4 467.7 485.1 497.4 509 517.2 524.3 529.5 532.4 535.5 535.8 533.8 539.4 546.3 548.1 553.3
647.3 644.3 647.1 643.4 639 626.8 616.7 611.4 602.3 594.7 584.9 575 571 562.9 554.7 546.2 538.8 521.9 508.4 500.1 493.1 484.5 478.1 461.4 391.9 350.7 321.3 292.2 265.2 243 226.8 230.8 237.8 250.2 265.4 265 281.2 305.8 341.2 373 399.7 421 432 435.3 415.2 378 354.2 324.7 300.7 277.1 257 238.5 225.1 223.3 237.8 253.4 274.5 297.1 319.9 347.1 378 408.3 435.1 456.1 473.3 484 493.8 504.5 511.2 517.3 519.4 520.6 516.5 515.2 527.8 531.7 536.6 537
649.1 647 647.4 646.5 640.1 635 624.8 607.9 597.2 591.5 579.2 574.9 568.8 559.1 545.4 525.4 505.6 493.7 476.3 467.4 457.5 448.5 445.2 404 367.2 333.2 303.6 276.6 252.5 231.3 232.6 238.4 249.4 258 273.1 283 300.3 328 365.3 393.5 419 444.4 456.3 457.2 431 399.3 369.3 337 311.6 284.1 262.6 244.6 229 224.7 234 252.1 276.8 301.8 326.4 353.8 384.7 408.3 425.3 442 455 462.9 468.7 479.3 484.1 493.5 493.3 493.8 490.2 499.5 510.4 514.3 516.5 519.2
649.6 648.5 645.5 642.9 638.3 630.6 618.5 604.3 594 584.6 574.8 568.4 560.8 548.3 540.6 521.1 490.3 458.1 441.4 431 414.7 404.3 395.5 371.7 345.6 313.6 286.8 265.1 246.1 232.7 240.2 249.8 257.8 274.2 286.6 300.2 322.6 351 380.9 404.2 430.8 455.6 467.2 468.9 451.2 417.9 383 349.5 318.7 295.3 271.1 248.9 229.3 225.2 235.7 252.7 279 304.6 330.5 355.7 381.2 396.2 408.4 416.4 424 432.8 437.8 450.9 454.2 464.1 464.6 465.9 466.1 476.5 489.7 510.6 525.3 534.3
647.5 644.4 645.5 638.7 629.9 620.3 606.7 598.9 587.9 584.2 580.9 571.7 567.5 557.1 539.7 505.2 470.6 442.7 420 399.7 382.2 367.2 358.2 344.9 322.7 297.3 271.2 253.1 240.1 240.7 249.2 258.8 269.1 284.3 299 313.4 339 364.5 387.7 414.8 446.6 464.4 474.8 477.9 467.4 435.9 391.8 360.6 334.9 305.1 279.5 254.4 234.7 228 234.7 251.7 276.7 302.4 324.9 348.9 364.2 373.6 379 385.7 394.2 401.2 408.8 421.2 425.1 434 437.8 444.9 469 484.6 506.5 524.6 537.2 545.5
643.2 637.8 634.5 629.1 619.9 608.3 598.4 587.6 582.1 581.2 572.4 567.6 557.3 542.2 509.9 477 449.9 423 396.2 374.6 359 344.7 329.7 315.9 301.6 280.4 255.8 242.3 238.1 244.7 253.4 262.9 276.2 290.1 307.9 324.7 348.3 372.7 401.2 428.6 456.2 472.5 483.7 484.4 474.8 447.1 415.4 381 345.9 314.2 287.5 267.5 242.3 230.3 233.8 247 266.8 289.7 312.5 329.6 340.5 342.9 349.1 354.8 362.7 373.1 380.7 387.4 396.4 420.6 442.6 465.6 489.3 506.3 521.1 537.2 547.5 556.4
636.2 629.6 622.5 614.6 602.9 587.6 574.3 559.3 568.3 573 561.3 543.5 533.5 514.7 484.4 455.2 430.5 402.8 376.2 353 336.6 320.1 307.2 293.7 279.9 263.3 254.3 241.5 243.3 254.6 259.5 269.8 286 301.3 318.6 335.7 365 386.2 420.8 447.8 464.3 479 487.1 487.7 482.5 463.3 432.1 397.6 356.5 319.8 293.2 270.9 247.5 233.3 233.8 244.2 256.1 273.6 296.1 307.1 307.9 308.8 319.9 335.8 350.9 362.7 383.1 402.2 422.1 443.1 463 483.3 508.7 531.4 542.5 551.5 561.2 568.6
627.3 619.9 612.8 597.4 572.6 547.6 534.1 526.5 524.6 518.8 515.4 508.7 497.7 483.1 462 438.5 412.3 383.2 358.9 334.3 316.3 302.4 291.3 277.7 266.6 259 249.9 248.3 252.4 260.6 270.4 284.7 298.7 315.3 333.2 352 371 398.3 433.4 454.9 471.3 482.2 490.7 491.8 490.8 475.9 440.2 402.8 362.8 327 296.3 271.5 252 235 236.8 241 251.5 264.5 272.5 282.9 295.4 325.7 344.4 365 377.8 394.3 406.6 426.9 449.7 470.4 488.3 505.7 531.5 546.3 556.3 564.6 573.1 581.9
619.7 611.6 598.2 568.1 540.3 513.1 498.4 494.5 488.4 485.2 485.3 480 470.5 460 440.8 418.1 395.6 368.4 344 318.7 298.1 287.3 274.2 276.3 271.2 266.7 261.8 261.1 267.5 273.9 283.9 297.3 315.1 330.9 347.7 368.8 385 391.7 425.1 459.9 478.6 486.8 493.6 498.3 494.8 482.6 449.3 413 370.9 330.8 300.9 275.5 255 237.2 238.7 244.1 252.4 260.8 270.1 277 303.5 328.4 358.7 388.7 409.3 426 436.9 460.4 480.5 501.4 517.6 534.5 549.1 560.3 570 579.5 586.3 595.3
604.1 595.6 566.7 533.6 504 485.4 470.1 463.1 460.1 454.6 458 454.8 448.2 438 418.5 400.7 379.5 354.8 333.5 309.5 311.8 316.5 309.8 303.6 300.7 289.4 276.6 274.1 281.6 291.4 302.9 319.5 334.5 354.2 370.9 390.7 409.3 416.3 440.4 471.3 484.3 493.4 500.3 505 504.1 476 442.8 409.9 367.1 330.8 303.8 279.5 256.9 242 238.7 244.1 247.9 255.9 260 277.1 302.1 330.2 362.3 396.2 433.3 460.3 471.6 489.1 505.1 522.4 536.5 549.1 561.8 571 582.6 592.3 599.6 607
568.2 554.5 534.1 503.3 481.5 463.7 448.5 440.7 436 434.5 428.5 426.1 426.1 414.9 393.1 373.4 358.6 339.8 332.3 332.2 341.8 363.5 369.6 338.2 325.6 304.2 299.7 297.4 303.7 312.5 325.4 342.6 363.3 380.7 401.1 413.6 432.4 436.1 457.4 480.6 489.1 497.7 504.2 505.3 499.8 471.9 431.6 391.9 359.9 330.2 302.7 281.5 262.6 243.7 236.6 240.3 243.8 245.9 257.1 276.4 298.6 327.4 358.6 394.4 432.5 465.5 485.7 501.6 519.3 533.3 546.6 561.2 574.4 586.2 594.2 604.6 612 619.7
530.1 511.7 493.2 476.3 463.5 444 437.5 426.2 417.9 413.3 411.2 406.8 401.6 389.8 377.7 370.6 363.1 362.3 357.2 362.1 372 385.1 385.7 359.1 340 334.2 329.1 325.7 324.6 335.9 349 371.9 392.1 404 426.5 442.4 460.4 463.4 473.3 487.9 492.6 500.6 506.7 511.3 504.9 473 427.3 390.6 358.8 330 304.5 280.7 261.2 246.1 235.7 236.9 241.4 245.8 255.8 274.2 295.9 323.3 354.2 387.7 423.4 459.8 488 507.4 526.1 539.5 555 570.9 584.6 595.4 606.2 616.3 624.7 632.8
491.3 480.9 469.4 458.3 445.2 431.5 423.4 412.2 407.6 404.5 410.9 399.1 401 400.6 397.9 398.4 390.9 394.2 402.5 403 410.2 407 384.4 379.2 376.5 377.6 365 359.4 349.7 362.4 377.8 402.6 423.8 439 453.7 465.6 480 484.7 484.5 491.7 498.5 507.4 510.5 510.9 500.5 457.6 420.1 386.3 354.1 325.8 299.3 278.3 259.3 244.2 233.7 234.2 237 242.1 252.6 270.2 293.4 317.3 348.9 382.9 421.6 454.8 484.2 505.8 524.8 539.9 558.5 575.1 588.9 601.6 613.9 623.2 632.8 643.7
463.1 457.8 450.6 440.5 433.2 424.8 414.7 406 403.9 402.9 402.8 409.7 417 420.1 416.4 417.6 419.4 416.4 415.5 424 424 408.1 412 413.1 408.4 412.1 413.2 403.8 379.8 392.5 405.3 426.6 449.6 463.6 473.8 482.1 493.5 492.6 494.4 499.1 504.4 509.2 513.2 508.6 492.7 460.9 419.1 382.6 351.2 322.7 295.7 276.3 256.8 241.6 229.9 231.4 230.3 236.8 247.9 264.1 285.9 312.8 342 373.3 410.5 450.1 478.6 500.2 521.2 539.5 557.4 573.8 588 603.5 618 628.4 639.2 650.2
436 429.1 430.6 432 432.3 420.1 416.4 403.6 402.9 403.1 409.5 421.2 429 434 431 433.9 436.2 434.9 430 430.6 433.1 433.1 439.4 447.2 461.4 451.7 464.2 454.5 411.4 421.1 433.5 452.7 468.5 477.6 490.6 494.2 500.2 500 502.9 504.2 508 512.1 514.3 516.4 504.1 462.8 415 385.9 350.9 323 295.1 274.3 255.7 240.2 229 227.1 229.5 234.1 247.5 260.8 281.1 303.6 333.3 363.7 399.2 431.7 467.2 493.5 514.6 534.3 554.3 572.2 590.3 602.9 617.9 630.9 640.8 653.3
413.8 411 412.2 415.5 415.9 412.1 409.7 411.5 407.3 415.3 425.4 428.6 435.2 438.2 441.6 444 444.3 442.9 441.1 440.4 446.5 450.8 462.1 473.6 479.9 485.8 477.9 464.8 448.1 463.6 469 484.8 488.1 498.8 507.2 508.5 509.8 508.2 510.6 509.6 516.5 519.9 520.6 518.8 497.4 444.8 408.7 382 346.9 316.7 291.8 272.2 253.6 238.3 228.5 224.9 226.8 229.9 239 254.1 272.5 296.7 322.6 352.3 386.2 421.1 451.6 477.5 505.6 527.7 548.7 568.7 587.6 601.9 617.3 631.2 643 654.5
409.6 409.5 410 409.6 410.2 411.5 416.3 422.9 425.8 424.7 430.4 439.6 441.6 444.8 447.7 449.5 453.2 452.6 452.4 457.4 456.6 462.9 472.6 477.1 483.1 491.9 496.8 491.5 476.8 489.7 498.6 501.3 512.1 517.9 519.2 515.4 518.2 518.8 515 522.4 523.7 525.3 527.2 504.6 461.8 429.1 398.1 372 340.5 312.4 290 272 253.9 236.9 231.9 223.8 222.3 226.9 236.4 251.2 268.9 290.5 313.4 341 368.6 397.6 427.7 463 495.2 520.4 541.6 561.5 580.9 596.5 612.1 625.9 640.7 649.7
409.3 409.7 409.9 417.6 417 416.4 426.7 434 436.1 434.7 439.5 445.9 449.6 452.1 455.7 459.4 463.4 466.1 466.2 467.7 466 468.4 472.7 481.3 493.5 501.4 505.4 493.8 493.5 499.3 512.6 513.1 520.1 524.1 525.5 523.9 525.2 526.8 523.7 529.5 529.4 532.7 524.8 497.5 450.6 417.1 388.8 356.2 333.1 307.2 288.4 271.9 254.6 242.5 232.2 222.7 221.6 225.1 232.9 247.5 263 281.6 303.6 324 356.4 390.5 422.1 455.5 483.5 511.3 531.8 552.8 573.2 589.1 606 620.5 631.2 645
410.5 410.2 416.3 429.1 428.1 427.3 433.5 437.7 441.1 441.7 447.1 450.4 457.4 459.1 461.9 467.7 467.7 471.5 470.2 467.3 467.2 470.8 476.3 484.7 488.4 490.8 490.5 488.6 495.3 499.1 510.6 513.2 519.2 526.7 531.6 530.3 532.4 533.9 528.1 532.3 533.7 534.1 531.1 499 444.5 409.7 381.1 350 324 304.2 284.8 269.3 253.9 241.7 233 226 220.3 220 229 244.2 257.7 276.3 298.2 322.2 347 379.6 411.1 441.6 469.7 497.1 519.3 541.8 561.7 580 595.9 609.9 623 633.6
