ny/ny31_OST50GRID_20230518/NY31.asc
ncols 200
nrows 200
xllcorner 330000
yllcorner 510000
cellsize 50
[rows 0 to 34 of 200, columns 78 to 155 of 200]
765.7 781.9 788.2 790.9 787.9 781.1 771.9 759.3 747.5 736.5 726 715.3 699.9 684 667.9 654.1 642.8 631.1 618.7 607.5 597.2 586.4 574.5 564.5 554.9 548.6 541.2 534 530.9 527.5 531.3 535 551.2 572.2 594.1 616.7 637.2 658.9 675.4 681 687.6 691.8 691.6 690.5 689.3 688.7 684 671.9 688.3 695.6 699.2 696.4 689.1 677.6 664.4 649.3 633.9 618.5 601.2 586.9 573.5 560.4 554.1 544.5 528.7 516.6 508.9 503.1 498.6 493.9 488.9 479.8 485.4 495.2 505 517.5 528.9 541.4
778.6 786.3 787.7 786 779.3 769.3 753 739.3 731.1 721.5 711.4 700.2 687 671.5 656.2 644.3 632.5 620.9 609.4 602.7 595.5 581.1 570.3 561.9 548.4 543.4 546.6 535.4 530.3 532.5 537 549.2 560.3 581.8 610.4 641.1 669.6 684.8 698 703.1 706.7 708.2 704.5 700.5 698.5 696.1 691.2 689 697 705.4 710 708.7 702.1 691.5 678.2 658.9 643.1 629 613.1 595.1 582.8 575.3 566.2 551.3 534.7 522.7 514.5 508.4 502.1 496.8 491.8 479.9 490.5 499 508.6 520.8 531.4 539.5
783.5 784.6 782.6 777.3 768.7 752.4 731.5 715.5 709.7 703.7 695.3 684.3 671.3 658.4 645.1 632.6 623.2 613.4 601.9 599 596.6 577.4 567.4 559.1 555.5 560.2 555 539.9 533.6 537.2 541.9 558.7 573.6 598.2 628.3 659.4 686.2 705.5 716 722 722.9 721.1 714.5 708.4 705.9 703.3 699.3 698.5 704.6 711.3 714.1 713.9 710.9 702 687.1 670.1 652.4 633 615.9 602.8 592.5 584.6 570.8 556.6 538.3 525.5 517.8 510.7 504.9 498.9 492 488.3 495.8 502.8 511.9 521.1 531.3 539
786.6 783.7 775.9 766.5 750.5 731.5 711.4 691.4 684.9 683.2 676.5 668.4 659.3 646.5 631.4 622 610.9 603.1 597.3 592.9 593.7 572.2 565.2 571.1 572.1 571.8 556.5 544.2 539.5 540.2 550.2 565.7 588.6 615.9 646.1 675.6 701.3 719.1 729.3 735.8 737.5 732.5 725.2 714.4 712.9 710 706.9 707.7 712 717.7 720.4 717 712.4 703 689.2 675.5 658 636.9 618.9 606.6 597.3 588.1 574 557.3 541.5 529.3 520 513.3 508.2 503.4 491.3 495.7 499.9 506.3 513.6 521.5 531.6 540.7
783.7 778.9 767.5 749.2 728.6 709.6 690.9 674.5 662.9 660.9 657.1 651.6 641.9 629.8 618.2 608.8 603.7 597 589.4 588.8 580.9 577.6 584.1 585.4 585.6 575.1 561.5 550.4 542.6 543.3 554.7 574.6 601.4 629.6 659.8 688.8 712.9 729.7 742.1 750.2 751.1 742.8 730.9 723.1 718.7 715.7 713.4 715.1 718.2 721.5 722.9 718.6 711.4 702.3 689.7 676.4 658.4 639.5 622.2 609.1 598.4 589.2 574.9 558.4 541.7 530.6 522 514.6 508.9 505.8 495.7 504.3 504.6 509.3 516.3 523.2 530.7 540.9
776.4 769.6 753.5 730.4 708.4 688.6 669.1 653.4 642.2 637.5 632.8 629.4 621 611.5 607.4 603.7 598.3 599.5 600.7 601.2 599.1 597.8 599.4 598.3 594 578.9 568.5 557.4 541.8 549.9 565.9 590.5 617.4 646.3 674.7 702.4 722 736.1 748.5 754.9 752.8 745.8 733.3 728.3 723.1 719 719.6 721.3 722.3 723.6 720.9 715.4 708.5 700.1 687.6 676 657.3 639.9 624.2 609.2 600.1 589.7 573.4 555.7 542.1 531.8 523 517.4 512.7 509 506.9 509 510.3 513.3 518.1 524.8 530.9 540.1
768.2 755.3 735.1 713.5 690.2 668.2 649.5 647.3 646.1 641.2 635 630.5 627.8 625.4 617.1 605.5 608.2 609.2 611.8 617.3 620.8 621.1 617 613.1 600.9 582.2 568.2 551.9 546.7 557.6 575 602.4 633.5 663.6 692.6 714.9 729.5 739.2 747 750.8 747.9 741.9 735.3 730.1 726.4 724.2 725.3 727.1 727.7 726.2 720.3 713.7 705.3 695.2 685.1 671.7 657.8 639.6 625.1 609.3 598.1 585.3 571.4 554.8 542.1 533.5 526.5 520.2 516.8 512.9 513 513.4 514.5 517.6 519.5 528.4 532.8 537.5
759.2 738.2 717 694.8 674.8 664.9 668.2 668.6 667.6 662.1 655.4 652.1 645.3 636.4 623.1 618.8 621.8 624.7 629.3 639 641.3 647.4 641.2 628.1 606.9 583.8 567.6 552.8 552 567.1 586.9 616.9 647.3 678.7 704.6 723.1 733.2 739 743.8 745.1 742.6 736.6 733.6 731.2 730.1 730.5 731.8 732.8 733.4 729.8 721.1 711.3 701.9 691.7 681.2 667.9 654.4 638.7 621.6 609.7 598.2 584.5 569.2 555.4 544 535.3 526.4 524.1 520 518.9 517.7 518.1 517.6 519.9 523.1 528.9 533 538.5
749 727.1 702.8 689.5 683.3 685.9 688.5 690.1 691.2 687.6 678.9 670.6 658.4 647.9 633.2 638.8 646.2 650.3 655.3 659.9 660.5 659.3 649.8 633.8 610.2 584.4 565.5 553.8 561.9 575.9 598.1 627.2 658.8 686.9 710.2 725.4 733.1 735.9 737.8 736.9 733.6 729.1 729.3 729.7 731.9 734.3 736.7 736.5 737.1 732.7 722.1 710.3 698.6 689 676 662.5 649.5 635.4 622.2 610.3 598 584.4 570.5 554.3 545.9 539.6 532.7 527.6 525.6 523.6 522.2 521.8 521.6 522.5 525.3 529.4 533.3 538.1
750.1 734.9 725.3 712.3 703.9 709.8 713.7 715.3 719.1 717 704.8 692.4 676.6 662.2 646.6 661.2 669 674 673.3 670.3 664.3 656.7 647.9 630.1 606.1 579.6 565.7 562.2 573.6 585.8 601.8 632.4 664.6 693.3 714.1 726.3 731.8 732.8 731.1 728.6 725.5 718.1 723.1 726.6 731.9 737.6 738.9 738.7 736.8 732 722.6 709.4 696.5 685.1 672.6 657.3 645 632.5 621.2 612.9 601.2 585.6 569.6 563.3 550.8 543.4 537.9 534.8 532.5 529.9 527.6 525.7 525.8 526.5 528.4 531 535.2 539
770.1 759.4 749.4 740.3 729 736.6 741.3 744.5 748 743.5 734.1 718 702.5 678.8 668.4 685.9 694.4 687.1 675.3 663.6 652.9 641.8 628.2 613.1 594.6 575.5 567.4 575.5 586.5 598.6 617.3 637.1 666 694.3 716.3 728.2 732.3 731 727 721.3 715.7 702.7 715.5 722.7 730 736.5 739.2 737.9 734.5 726.6 717.6 706.9 692.9 680.6 669.3 657 645 634.3 624.1 614.5 602.5 587 577.2 569.2 558.3 550.8 545.8 542.9 539.6 536 533.3 536.1 540.8 540.1 540.1 538.1 541.3 542.8
776.6 773.4 771 766 754.2 758.9 762.2 761.3 758.4 753.2 745.3 729.4 706.8 701.2 701 713.5 708.6 688.9 673.3 657.3 641.4 622 599 587.1 573.5 578.3 580.8 588.1 599.8 616.9 638.3 661.4 680.6 703.7 720.6 729.7 731.5 730.7 725.1 715.4 702.7 693.4 705.8 717.2 724.9 732.7 737.2 735.4 729.6 721.3 708.4 696 685 675 665.4 656.2 643.1 633 622.5 614.1 605 591.8 581 574.2 564.3 557.9 555.1 551 550.4 554.7 553.7 548.7 548 547.2 547.2 543.5 548.6 547.4
777.5 776.9 776.4 773.8 771.4 770.6 770.5 769.2 765.2 756 737.9 730.2 730.9 734.2 737.7 737.4 718.6 698.4 678.5 652.9 628.9 598.8 589.5 592.9 593.5 595.7 592.4 604.3 618.8 638.2 659.5 682.4 700 716.7 726.5 732.5 733.9 730.6 721.3 708.6 688.1 682.3 690.2 703.3 713.4 721.2 725.1 724 716.4 705.9 693.1 667.9 651.2 661.4 660.2 649.9 640.2 628.7 619.6 611.6 603.4 591.1 584.6 577.7 571.7 570.4 566.8 568.8 566 564.2 560.9 558.6 558.1 552.5 546 543.4 547 548.2
768.8 772.1 774.4 774.9 776.5 777.1 777 775 770.3 750.6 753.4 754.9 755.8 757.2 754.7 745.7 723.9 698.2 672.6 644.2 618.3 597.8 605.7 610.8 612.4 608.6 609 624.4 642.1 659.9 680.9 700.7 714.9 727 734.1 736 734.1 727.5 713.8 695.4 681.7 671.9 678.2 688.9 699 706.6 711 707.6 698.5 688.3 673.9 651.7 624 650.8 653.5 641.1 629.1 619.4 611.2 604 598.4 593.1 587.7 585.5 584.1 587.4 585.3 580.9 579.4 574.8 569.8 565.4 552.8 548.8 543.2 539.3 541.7 545.9
753.8 760.3 768.3 776 781 782.5 783 783.1 776 771.9 773.8 774.5 772.5 767.6 758 738.4 710 684.4 657.4 634.1 614.6 613 621.8 629.6 631 625.7 624.7 644.9 663.6 682.5 701.2 715.9 726.3 734.9 739.4 739 733.3 724 708.6 689 673.1 666.1 665.8 674.4 682.1 690.3 694.1 689.7 680.6 661.4 649.5 629.6 603.3 631.7 640.3 637.8 625.3 610.3 598.8 592.8 590.4 589.1 592.6 591.4 590.8 590.5 583.9 581.1 575.5 570.3 560.8 550.1 546.6 542.6 539.8 534.6 538.2 531.8
735.7 747.9 763.7 777.4 786.5 789.4 791.4 790.4 787.9 788.4 788.7 788.1 782.9 772.4 749.1 722.1 697.2 673.2 652.6 632.2 614.6 624 634.7 647.5 652.8 653.4 652 663.7 680.9 699.8 716.7 727.3 735.5 741.4 742.7 740.9 734.6 724.1 705.4 683.2 666.2 659 652.9 657.9 661.8 672.4 667.6 656.9 649.5 635.7 612.5 603.5 583.4 610.5 616 613.6 608 599.1 585.5 582.4 574.4 576.7 579.9 580.3 579.3 574.8 570.3 565.5 558.9 553.2 550.4 544.5 539.3 537.4 532.4 528.1 526.9 517.5
709.3 734.2 759.9 781.1 791.7 797.4 800 799.9 801.1 801.9 802.5 798.7 789.3 760.2 734.1 711.4 690 670.1 650.6 632.2 630.1 634.5 650.4 664 672.5 676.1 674.5 682.8 699.3 714 727.3 737.4 744.1 748.4 747.5 743.8 735.9 724.1 705.1 684.7 656.3 646.1 633.9 626 622 623.7 619.9 614.5 603.6 595.7 579.3 570.6 551.6 575 576.9 576.6 573.6 569.4 565.1 559.7 556.7 559 558.6 559.8 558.5 553.5 550.3 548.2 543.2 541.7 541.8 538.2 529.6 524 519.8 519.6 515 504.2
697.1 727.8 758.4 781.9 796.7 806.3 811.1 812.4 813.3 814.8 812.7 805.6 777.5 745.7 724.8 701.1 682.2 664.1 643.8 650.7 648.4 649.2 666.6 681.9 691.6 696.8 697.3 702.4 716.8 728.9 739.5 748.7 755.1 757.2 754.3 747.2 735.9 721.3 700.7 677 646.8 631.7 605.1 593.2 589.4 585.1 581.4 572.8 566.4 556.4 547.6 538.4 534 539.3 539.9 538.3 536.2 532.5 530.5 528.6 531.6 533.6 537.3 537.9 537 534.3 535 534.8 532.3 535.6 534.2 525 516.5 512 506.6 504.5 498.7 476.9
696.2 728 758.3 784.8 804.7 818.2 823.6 825 825.1 824.6 822 797.6 764 736.7 712.6 696.4 687.8 674.8 668.3 675.1 674.4 666.6 683.6 699 710.1 717.6 721 726.4 735.7 744.4 751.9 758.4 762.3 761.5 757.4 748.3 735 713.4 686 654.6 630 613.7 587.9 568.2 567 556.7 546.9 540.5 533.1 525.9 517.1 509.9 501.9 507.2 505.3 503.1 500.8 499.4 497.3 496.3 501.8 502.3 503.9 509.7 514.3 514.9 515.4 515.7 516.6 511.7 510.1 504.2 496.7 488.8 483.8 481.1 475.4 449.8
706.9 732.4 759.6 787.4 807.8 822.5 831.8 834.3 834.9 833.7 829.6 791.7 761.6 744.3 731.7 719.6 701.8 683.8 693.2 697.1 696.8 693.3 700.9 717 728.9 735.1 739 743.9 749.6 755.5 761.1 765.7 767.9 765.4 757.7 747.7 733.5 707.9 683.9 643.7 609.7 593.7 565 549.9 537.7 527.1 518.8 509.9 501.6 493.5 487.3 484.6 478.4 476.7 476.5 475.9 474.3 474.6 473.2 474.3 475.2 474.3 473.6 479.3 487.7 491.1 484.4 477.7 483.4 478.5 476.4 469.8 463.9 460.2 455.6 451.4 446.9 434
702 726.5 751.2 774.6 798.2 819.9 834.2 839.9 841.3 840.5 832.1 805.8 776.6 758.6 744.4 724.4 703 704.4 712.3 717.3 718.4 721.2 720.2 736.5 745.1 749.7 751.8 755 759.6 763.4 768.3 772.7 772.5 768.5 759.5 747.5 731.9 707.1 687.5 631.7 606.3 574.5 549.6 534.7 512.7 507.9 498.1 485.8 477.3 470 465.2 463.6 457.5 454.6 452.1 451.5 453 454 454.2 453.7 453.5 452.2 448.7 448.1 449.3 449.3 447.8 444.4 442.6 437.5 431.5 428.9 426.7 423 420.7 421.5 411.8 401.7
688.2 706.9 729 754.3 779.5 807.5 830.4 840.8 843.1 839.4 831 816.9 794.5 770.9 747.2 723.8 717.3 720.9 729.6 737.3 740.7 742.1 746.8 753.6 758.6 761.3 763 765 768.8 771.2 775.1 777.2 776.5 771.2 761.2 749.3 733.1 712 670.4 630.6 606.3 574.3 550.4 532.3 515.6 496.5 480.3 467 459.8 454.1 447.7 445.6 443.3 440.1 436 432.8 433.7 434.7 433.7 435.9 434 431 429.4 423.2 420.2 421 421.4 419.4 415.4 407.3 401.9 394.6 391.2 387.4 384 387 378.4 363.3
699.8 714.4 733.3 751.7 774.8 806.4 832.2 840.9 840.9 835.8 827.8 813.3 794.4 770.4 750.6 729.7 735 742.3 748.2 751.5 752.2 756.5 760.2 765.2 767.9 771 773.6 775.5 776 778.9 782.3 782 778.8 773.4 765.3 752.6 740.8 722.2 678.6 646.6 618.1 585.9 554.4 537.3 522.2 509.2 493 475.3 452.6 443.3 437.8 435 429.7 426.9 424.2 424.5 424.5 416.5 418.2 417.5 414.7 411.4 408.7 405.9 401.3 398.5 399.2 399.4 397.8 389 381 372.2 365.6 362 356.7 351 342.9 328.4
725.8 740.1 757.8 776.4 794.9 816.6 834.3 838.4 835.8 830.4 821.2 808.8 794.8 781.1 764.5 756.2 756.6 757.1 758.5 759.5 761.4 764.6 768.8 773 776 780 784.4 783.5 785.1 785.9 786.4 784.2 778.9 773 764.8 755.5 746.1 736.6 700.8 667.6 639.6 606.4 576.3 549.2 532.9 521.8 502.2 481.5 461.5 445.8 435.2 425.7 421.5 420.1 416.8 414.7 415.1 407.2 409.1 405.8 401.2 397.4 393.6 390.7 390.9 387.9 384.9 385.5 383.1 372.9 362.4 353.2 345.5 339.9 333.5 324 314.3 297.4
753.2 768.4 785.1 804.5 822.5 835 836.9 833.9 829.7 823.1 813.7 805.5 796 786.5 776.1 769 765.4 763.8 763.4 764 766 769.3 773.4 777.3 780.8 785.3 788.9 791.7 790.2 790.6 789 784.7 777.5 769.6 761.6 753.7 746.2 742.1 727.6 695.5 650.5 617.7 593.5 575.2 548.4 536.5 517.9 492.6 469 450.2 432.6 421.1 415.9 415.4 413 409.1 405.7 402.9 402.8 399.1 397.8 394.7 390.9 387.6 384.8 382.9 380 377.9 371.9 361.9 351.2 336.1 327.9 320 309.7 298.2 283.5 271.9
768.8 790.4 810.6 827.5 838.2 838.5 833.6 827.7 822 815 807.9 801.3 795.7 787.4 780.4 772.9 768.9 766.6 765.3 765.8 767.5 769.6 773.9 778.3 781.8 787.5 791.9 792.4 789.8 788.4 784.3 780.3 771 762.1 754.1 749.3 744 740.5 735.4 715.6 669.8 631.5 603.5 585.8 573.1 558.7 532.8 498.7 469 445.2 426.4 419.6 416.7 411.5 408.8 406.2 405.8 400.7 399.5 398.4 396 393.2 387.1 385.7 382.7 382 380.2 372.3 357.4 343 326.5 313.2 304.6 301.9 289.1 274.5 261.6 247.3
780.1 802.8 823.2 838 838.5 833.7 825.2 818.1 812.1 806.2 801.4 795.9 790.6 785.2 778.9 771.7 767.4 764.8 763.1 763.1 765.4 767.9 770.3 774.8 779.7 784.1 787.1 787.9 784 780.7 776.7 770.4 761.9 752.9 746.6 741.7 736.2 734.5 730.6 725.3 692.4 650.2 624 603.7 596.6 570.1 542.2 495.1 466.9 444.5 433 427 423.2 420.3 418.7 417 415.8 412.8 411.1 411.4 406.1 397.6 390.8 389.8 389.4 388.1 387.4 382.8 372.3 362.8 342.9 320.1 296.5 283.7 269 260.2 247.5 236.2
785 805.6 822.9 832.4 832.2 824.8 815.5 808.2 801.5 797 792.8 788.3 783.7 779.3 775.1 768 763.4 759.8 758.1 758.1 759.8 762.3 765.2 769.2 773.5 777.3 779.1 779.1 776.4 772.3 766.5 759 750.9 742.4 734.4 729 724.6 722.3 719.7 718.9 717.5 681.4 655.3 635.9 609.4 569.2 533.2 498.6 472 454.5 443.3 437.8 432.8 431.5 430.9 430.5 430.8 433.4 431.9 425.3 414.6 407.1 401 396.3 395.4 394 396 386.4 374.8 360.2 337.1 314.1 295.9 277.1 267.3 255.3 238.6 228.1
786.8 802.5 814.8 822.8 820 810.7 803.5 798 790.5 786.4 782.5 777.4 774 771.1 766.2 761.5 756.2 752 749.3 749.2 751.2 753.8 756.7 760.4 763.9 766 766.9 767.9 766.7 762 755.5 746.4 737.4 727 718.1 713 709.2 705.9 701.9 673.5 700.9 698.5 677.4 639.5 598.4 563.6 534.8 508.7 484 465.6 455.5 449.4 445.6 446.1 448.3 450.9 454 456.4 453.6 444.1 432.7 423.2 417.8 410 405.7 401.6 399.4 391.6 378.5 364 344.2 319.4 299.9 283.8 266.8 252.1 242.3 233.1
784.6 797.2 804.5 808.9 804.7 798.1 793 787 781.2 775.9 772.4 768 765.8 761.4 757.1 751.8 746.6 741.3 738.7 739.6 741.8 743.7 745.8 748.6 751.4 751.9 753.5 753.2 750.9 748 741.3 730.7 720.4 709.4 700.4 693.1 690 686.2 682.6 675.5 678.1 676.3 667.7 645.8 605.6 574.3 542.2 522.1 500 481.7 470.7 466 465.3 471.3 474.4 483.6 483.8 481.9 477.3 468.5 456.3 445.4 436.1 426.6 420.8 414.6 404.3 392.3 379.4 362.9 340.4 317.2 295.6 281.5 273.8 264.8 249.1 242.7
779 790.3 793.8 795.4 791.8 787.4 782.9 778.4 772.8 766.5 762.5 759.1 755.7 751.6 748.2 742.7 737.9 732.5 728.4 729.8 730.5 733.1 735.5 735.6 734.1 735 731.3 729.1 725.4 720.6 717.1 700.5 691.3 685.4 675.2 672.1 662.1 655.9 651 649.5 656.6 657 656.3 647.2 619 581.6 558.9 536.8 515.9 502.2 490.5 490.9 493.8 499.5 505.6 513.6 515.8 516 509.8 499.3 482.8 468.7 457.5 446.6 438.7 428.6 419 402.2 385.2 363.3 341.1 321.6 304.6 291.3 283.3 278.6 264.4 256.8
769.2 780 783.9 784.8 781.6 778.3 774.4 769 763.6 759 754.3 750.1 746.9 743.5 739 733.9 729 722.2 713.6 717.6 720.8 722.9 723.4 720.4 715.7 710.9 705.7 691.7 684.5 685.3 680.5 673.2 651.2 644.2 630.2 627.7 626.1 618.5 616 603.5 628.7 636.6 639.1 637.4 626 601.8 569.4 548.8 537.6 521.7 521.4 523.7 524 529.2 536.3 542.5 553.1 556.3 545.5 531.2 511.6 494.3 484.5 473.8 461.3 449.8 433.8 420.3 401.7 377.6 357.9 338.8 320.8 306.4 296.6 290.8 283.9 269.9
758.6 768.9 773.1 774.9 773.7 770.8 766.6 761.3 756.8 752.7 747 742.7 737.9 734.2 729.5 723.1 715.9 709.4 702.7 702.1 706.8 704.9 699.8 690.1 683.7 675.9 662.3 652.3 644.3 640.5 640.2 638.2 612.4 603.2 593.6 588.1 589.8 587.6 587.5 591.6 606.4 615.6 621.2 622.6 619.4 615.9 589 565.5 557.4 541.9 554.7 552.6 552.7 560.1 569.8 580.4 590 591.9 587.3 572.4 550.4 531.6 516.2 502.5 489.2 474.2 459.2 442.6 423.2 401.2 379.3 355.5 336.4 321.4 313.4 303 296 287.2
746.1 756.2 762.9 765.1 764.2 762.3 759 755.9 752.1 746.7 740.6 736.4 730 727.3 720.4 712.6 704.5 694.7 688.8 686.8 686 682 668.1 658.4 648.1 639.4 632.3 618.7 614.5 605.1 602.4 598.1 585.4 577 567.4 560.2 558.1 558.4 569 580.3 592.4 599.8 604.8 608.9 609.1 609.2 599.4 582.9 573.2 572.8 581.1 577.5 578.8 584.4 591.7 604.3 612.7 613.6 609.9 600 586.4 567.8 553.7 541.3 519.3 505.8 486.6 471.2 455.6 434.8 400.7 370.7 350.1 337.5 330.2 324.4 314.3 306.2
736.6 744.3 749.4 752.9 754.7 753.2 752 750.7 747.2 740.6 731.9 727.5 720.7 714.1 709.9 702.5 692 683.3 671.6 668.2 671.6 659.7 641.6 628.8 617.7 608.8 602.5 593.6 588.1 581 573.9 569 564.8 557.5 551.2 548.9 548.9 551.1 562.8 573.8 582.8 591.9 594.8 596.3 600.1 595.7 595.3 584.5 578.3 597.4 600.1 596.4 598.3 603.9 607.8 619 626.5 631 634 638.1 631.3 616.7 601.1 587.7 562.7 545.9 526 511.8 503.8 474.2 423.2 394.2 376.5 363.6 352.5 349.2 338.4 329.3
