ny/ny31_OST50GRID_20230518/NY31.asc
ncols 200
nrows 200
xllcorner 330000
yllcorner 510000
cellsize 50
[rows 70 to 104 of 200, columns 0 to 77 of 200]
391 390 397 389.6 388.9 375.8 367.7 348.2 329.3 294.1 264.8 236.4 213.2 194 178.4 178.4 178.4 178.4 178.4 178.4 178.4 178.4 178.4 178.4 178.4 178.4 178.4 178.4 179.5 192.6 210.4 228 245.2 257 281.8 297.4 303.5 305.6 293.9 286.6 298 315.3 337.3 357.5 384.7 411 435.6 457.9 474.4 488.3 499.4 509.2 522.8 532 539.8 554.6 565.8 572.9 586 600 610.1 624 638 650.2 662.8 678 696.9 715.2 736.5 756.4 773.5 786.7 800.8 810.5 820.6 830.2 835.1 835
411.1 420.6 411.6 408.9 408.5 394.8 382.3 363.1 352.4 313.6 279.9 247.5 220.8 199.3 181 178.4 178.4 178.4 178.4 178.4 178.4 178.4 178.4 178.4 178.4 178.4 178.4 178.4 178.4 186.9 205.2 223.4 244.5 263.8 292.8 308.6 317 322.8 314.8 300.5 301.8 320.6 342.4 366.9 393.9 428.1 448.3 465.9 482.1 497 510.8 521.5 532.9 541.8 548.2 558.7 568.9 578.1 588.7 597.7 604.5 615.8 628.7 640.8 654.6 669 686.5 704.1 724.9 745.9 764.1 779.5 793.3 802 809.8 818.9 824.9 828.3
427.2 430.3 422.3 412.2 407.9 406.9 398.6 384.5 389.3 364 319.1 277.2 244.8 215.4 190.9 178.4 178.4 178.4 178.4 178.4 178.4 178.4 178.4 178.4 178.4 178.4 178.4 178.4 178.4 181.9 200.8 217.4 242.8 260.2 289 305.2 316.1 320.9 323.9 316.1 307.1 327.5 358.3 384 401 429.4 454.3 473.4 489.1 505.1 519.4 530.6 543.6 552.8 559 564.6 570.8 580.6 591.1 601.9 609.6 616.4 626.1 637.4 649.2 661.3 675.7 694.2 713.5 733.4 751.9 768 781.9 791.8 800 809.8 818.2 819.7
425.7 424.2 424.1 415.4 409.6 406.7 400.4 398.8 400.6 414.9 382 329.6 269.1 229.6 201.6 179.3 178.4 178.4 178.4 184.5 179.1 178.4 178.4 178.4 178.4 178.4 178.4 178.4 178.4 178.4 192.2 208.5 237.1 253.7 269.3 292.5 310.3 320.9 328.8 322.9 315.2 332.8 363.4 385.3 405.9 429.3 458 480.9 494 511.5 526.7 541.6 554.3 565.1 572 579.1 584.1 589.3 595.1 605.1 614.8 624.1 630.6 630.3 645.6 657.6 668.1 683.8 703.5 721.1 737.1 754.9 766.7 776.4 789.4 799 806.5 811
425.9 423.3 417.4 416.5 408.8 406.3 404.5 402.4 404.3 418.3 411.3 359.9 301.4 240.2 210.9 191 178.4 178.4 178.4 180.3 181.1 178.4 178.4 178.4 178.4 178.4 178.4 178.4 178.4 178.4 181.1 200.8 224 242.5 264.9 279.2 304.1 316.1 327.1 325 321.5 337 362.2 383.2 411.1 434.9 460.3 482.9 501.7 520.3 533.4 548.4 564.3 578.4 586.2 593.9 596.9 602.6 607.1 610.8 620.2 630.6 637.8 644 645.4 652.5 664.9 675.6 690.9 708 725.1 738.2 751.1 763.6 777.1 789.8 798.7 800.8
425.2 421.4 413 402.7 404 402.7 401.3 401.1 404 405.4 390.7 353.5 315.7 264.3 225.7 204.7 190.3 180.7 178.4 179.4 178.4 178.4 178.4 178.4 178.4 178.4 178.4 178.4 178.4 178.4 178.4 191.2 208.8 229 252.4 272.2 291.9 306.6 321.4 329.5 322.7 345.3 369.5 393.5 418 447.6 472.3 487.4 507.5 524 540.2 554.8 572.7 587.5 598.6 605.6 611.1 616.5 619.4 622.9 628 635.2 642.7 649.4 655.3 660.4 665.8 672.5 683 695.8 707 719.7 736 756.1 770.7 785.1 792.6 792.5
423.7 416.6 404.7 399.9 401.1 401.2 401.3 403.3 408.9 397.5 378.3 342.8 310.5 273.7 244.4 217.4 199.9 185 178.4 178.4 178.4 178.4 178.4 178.4 178.4 178.4 178.4 178.4 178.4 178.4 178.4 179.9 200.4 220 241.7 260.7 278.8 296.1 303.5 313.4 320 339 377.3 415.4 429.9 451.5 475 492.9 511.8 533.2 545.2 561.1 577.3 592.2 607.5 618.3 628.7 631.5 633.1 635.2 636 640.1 647.4 653.8 659 664.1 668.3 676.3 686.7 700.1 713.4 726.3 743.5 759.6 775.3 786.4 791.1 790.9
421.9 421.6 417.5 401.7 399.9 401.1 401.2 411.4 417.6 400.8 389.9 342.5 306.2 276.1 245.2 222.5 201.2 185.6 178.4 178.4 178.4 178.4 178.4 178.4 178.4 178.4 178.4 178.4 178.4 178.4 178.4 178.4 185.2 206.9 223.7 240.4 264 280.3 291.8 301.4 315.7 331.1 358.9 392 433.4 453.4 477.6 495.9 515.6 535 548.6 561.7 582.4 597.7 618 633.9 644.3 647.6 651.6 649.2 646.4 646.1 649.7 656.1 661.3 666.2 671.4 680.1 692.6 704.4 717.8 731.1 748.3 765.6 778.3 790.5 796.2 793.3
445.3 430.5 422.1 406.8 399 398.5 399.7 406.1 403.6 401.5 385.8 358.5 317.8 280.7 250.1 219.6 201.8 190 178.4 178.4 178.4 178.4 178.4 178.4 178.4 178.4 178.4 178.4 178.4 178.4 178.4 178.4 178.4 192.6 213.4 230.1 250.6 267.2 279.4 293 309.6 328.9 349.1 379.7 418.8 453.1 474.9 495.9 521.7 538.1 555 570.3 589.1 609.5 629 646.5 659.3 666.8 666.2 659.4 655.5 652.5 651.8 656.1 660 664.9 673 684.8 695.6 706.8 719.6 734.1 751.5 769.2 784.4 797 803.3 795.2
462.2 443.2 427.7 412.2 401.6 394.6 394.4 396.2 397.7 393.2 385.3 381.1 345.8 295.3 255.6 226.3 214.6 194.4 182 178.4 178.4 178.4 178.4 178.4 178.4 178.4 178.4 178.4 178.4 178.4 178.4 178.4 178.4 178.4 197 217 236.3 257.2 271 283.6 301.4 324.1 354.6 375.4 404.7 436.4 465 487.3 516.8 544 558.1 575 595.8 619.2 638.3 657.2 673 682.5 685.8 682.1 682.5 673.4 664.7 660 659.4 664.7 673.6 684.5 695.7 706.8 723.9 740.1 755.5 776.2 793.1 803.6 809.9 794.1
458 442.4 429.2 420.7 401.3 393.8 388.5 392.3 392.2 391.1 385.8 381.7 358.8 316.4 275.1 247.8 227.3 198.3 184.5 178.4 178.4 178.4 178.4 178.4 178.4 178.4 178.4 178.4 178.4 178.4 178.4 178.4 178.4 178.4 184.1 203 222.4 240.3 256 272.1 291.7 316.8 344.3 380.8 396.5 422.3 449 479.2 512.9 540.2 557.5 580.4 599.6 623.6 644.2 664.7 686.4 702.9 711.9 718.5 716.6 703.9 685.9 673.4 663.5 666.3 674.7 683.8 695.7 711.1 727.6 744.9 760.2 781 798.4 812.2 807.8 778.8
459.8 443.5 424.1 413.8 394.8 389.1 387.8 389.3 388.3 387.7 391.8 386.5 359.4 314.2 288.2 253 226 202.1 185.8 178.4 178.4 178.4 178.4 178.4 178.4 178.4 178.4 178.4 178.4 178.4 178.4 178.4 178.4 178.4 178.4 191.6 208.1 224.9 243.1 262.2 280.7 309.4 348.2 365.4 397.3 417.5 445.6 475.4 506.7 533.6 564.6 582.3 605.2 628.8 650.4 676.5 698.9 719.4 739.3 755.6 760.2 742.9 712.4 692.1 677 681 677.5 684.5 696.9 712.7 729.7 745.9 762.8 785.5 803.4 816.6 814.4 778.6
460.3 440.4 418.2 403 390.8 387.8 387.2 386.7 385.8 383 392.6 387.3 369.5 313 288.3 262.1 237.9 203.8 188.3 178.4 178.4 178.4 178.4 178.4 178.4 178.4 178.4 178.4 178.4 178.4 178.4 178.4 178.4 178.4 178.4 178.7 193.4 213.2 231.3 249.8 270.9 298.2 327 356.5 382.4 409.8 437.4 471.7 505.3 529.3 559.7 584.8 607.5 630.5 657.4 681.9 706 734.7 757.9 784.8 801.5 768 756.4 739.5 715.2 700 695.1 694.1 702.9 716.6 733.4 747.7 765.8 786.8 808 825.6 819.7 790
451.9 426.5 409.4 401.9 398.8 394.4 391.2 389.9 390.4 380.6 382.8 377.8 359.5 316.2 284.8 257.5 231 204.5 189.6 182.1 178.4 178.4 178.4 178.4 178.4 178.4 178.4 178.4 178.4 178.4 178.4 178.4 178.4 178.4 178.4 178.4 187.1 201.4 221.1 241 265.4 289.4 315.2 344.3 381.1 401.4 429.6 458.7 489.5 521.6 551.3 585.8 608.3 633.2 657.2 687.8 718.7 749.3 772.8 791.9 808.8 822.7 810.3 788.6 751.7 734.2 726.4 717 718.3 724.9 738.5 751.5 770.4 791.2 815.5 834 830.1 797.2
456.2 434.2 411.8 401.8 398.8 401.4 401.3 392.3 396.6 378.8 375.5 379.4 368.4 330.1 290.5 264.5 232.3 204.5 195.7 185.8 178.8 178.9 178.4 178.4 178.4 178.4 179.9 189.5 193.8 178.4 178.4 178.4 178.4 178.4 178.4 178.4 178.4 191.7 212 233.5 256.4 280 307.9 329.9 363.2 391.3 416.2 449.1 483.4 520.2 547.1 581.2 609.1 631.2 661.1 692.7 722.9 747.7 770.9 792.2 811.6 828.8 843.9 803.2 792.4 784.1 763.6 751.2 742.7 739.8 746.8 756.2 778.9 802 829.6 850.1 838.8 803.1
454.9 443.5 428.4 413.9 401.5 400 397.1 390.1 384.3 374.6 368.5 371.9 372 342.6 293.6 249.2 226.6 227.8 216.4 203.3 188.4 179.9 178.9 178.4 178.4 178.4 178.4 186.5 182.5 178.4 178.4 178.4 178.4 178.4 178.4 178.4 178.4 181.7 200.2 223.5 246.8 269.2 292.4 321 348.9 378.8 408.4 439.9 475.6 520 550.3 577.6 606.8 631.5 659.8 691.8 720.8 745.6 769.8 788.7 809.2 826.5 840.6 848.5 845.5 829 814.7 789.2 774.2 763.6 760 770.6 792.1 818.5 846 867.9 844 805.9
456.1 458.8 454.1 416.2 401.8 395.7 393.3 380.9 377.6 372.3 366.8 373.3 365.3 324.1 272.6 268.8 255.2 259.6 250.8 231.5 212.1 195.1 186.2 179.3 178.4 178.4 178.4 178.4 178.4 178.4 178.4 178.4 178.4 178.4 178.4 178.4 178.4 178.4 191.2 212.7 237.6 257.8 281.8 310.9 344.5 371.6 403.4 433.5 467.7 503.1 540.3 571.5 601.9 631.3 663.4 692.7 720.2 743.2 766.5 785.1 802 821.4 836.9 852.8 858.3 856.4 844.4 822.9 805.9 792.2 784.6 791.7 812.3 839 865.7 885.5 846.7 806.4
455.1 449.7 437.8 418.4 411.1 397.2 402.9 385.4 372 371 367.5 363.7 351.2 310.5 313.7 299.6 287.2 282.2 276.3 259.7 236 223.4 204 188.3 178.4 178.4 178.4 178.4 178.4 178.4 178.4 178.4 178.4 178.4 178.4 178.4 178.4 178.4 180.4 203.5 225.8 247.3 270.3 299.4 329.2 357.1 388.5 430.4 465.6 502.2 531.2 566.4 597.2 632.7 666.8 694.1 721.7 742.7 763.8 783.4 797.3 812.8 828.1 844.5 850.3 852.4 855.7 851.8 841.1 824.8 817.8 822.2 839.8 863.1 889 894.3 850.1 814
452.9 444.5 431.3 415.2 406.3 397.1 393.4 381 369.9 367.3 367.4 364 353 331.6 351.7 350.4 342.1 313 304 309.9 313.8 273.8 226.9 203.9 184 178.4 178.4 178.4 178.4 178.4 178.4 178.4 178.4 178.4 178.4 178.4 178.4 178.4 178.4 190.9 214.3 236.6 260.2 288 317.3 348.2 384.4 422.7 469 502.2 525.6 557 590.7 628.6 664.5 696.6 719.9 741.9 760.1 779.4 798.3 811.8 821.5 832.7 839.9 844.1 848.7 857.8 865.7 858.5 853.1 856.2 870.3 890.9 912.9 901.2 858.2 817.8
448.2 440.4 430.5 411.8 399.2 391.7 380.6 374.9 370.1 366.1 364.4 365.7 346.6 356.7 386.5 385.2 374.6 378.6 331 321 324.6 297.1 257.1 223.9 201.7 183 178.4 178.4 178.4 178.4 178.4 178.4 178.4 178.4 178.4 178.4 178.4 178.4 178.4 185.7 206.5 228.7 252.1 279.2 308.9 340.3 376.9 426.6 468.6 496.3 524.8 551.9 588.1 622.6 659.1 692.6 716.9 738.2 758.4 776.5 795.1 815.7 824.3 826.7 828.5 833.2 839.1 847.5 857.2 868 877.5 888.1 899.1 912.8 921.5 898.4 856.5 810.2
439.3 429.5 418.2 409.7 400.7 386.9 374 369.7 371.8 381.2 376.1 365.4 363.1 382.4 403.9 407.4 403.8 391.8 366.2 341.1 343.3 316 290.1 256.2 217.6 193.2 178.4 178.4 180.1 178.4 178.4 179.3 178.4 178.4 178.4 178.4 178.4 178.4 178.4 180 202.8 223.8 245.5 272.4 299.3 331.4 366.9 419.4 450.2 478.1 509.5 542.7 583.7 614.2 650.1 677.5 711.6 736 755 771.6 788 803.8 812.4 815.5 819.4 823.8 829.8 837.8 846.7 858.7 872.5 884.5 895.3 906.5 912.3 883.7 843.5 810
429.3 421 410 400.5 394.6 382 371.6 366.9 364.9 368.9 365.7 361.4 368.4 386.3 404.5 419.1 421.2 415.7 409.2 378.2 369.7 349.6 324 294.8 240.2 211.1 193.2 195.3 209.8 195.4 186.7 179 178.4 178.4 178.4 178.4 178.4 178.4 178.4 178.4 190 212.5 237.4 264 294 327.8 378.5 394.7 428.1 468.8 497.6 531 567 601.5 617.2 666.3 703.4 731.1 748.2 766.2 776.7 788.4 795.5 800.7 805.7 812.7 819.7 827.9 836 848.3 863.1 878.7 889.4 901.7 909.1 889.9 854.8 838.3
422.9 413.7 405.1 393.6 385.2 375.1 373.2 368.1 365.7 363.4 362.5 370.7 373.2 389.5 409.6 414.3 419.4 417.6 412.7 399.4 382.1 372 354.6 318.2 261.9 237.8 250.3 284.9 244.4 212.8 202.5 184.1 178.4 178.4 178.4 178.4 178.4 178.4 178.4 178.4 179.1 204.8 225.5 254.3 283.4 314.9 352.4 382.6 414.1 451.8 478.8 514.1 537 576.7 618.5 655.3 695.7 723.6 740.9 758 768.9 774.1 776.9 783 790.8 795.8 804.6 812.9 823.6 836 850 863.5 879.3 889.5 900.7 907.1 893.9 886.4
414.9 405.5 395.4 390.2 383.2 378.3 380.2 374.2 369.1 365.3 366.1 373 383.7 400.5 414.6 418.1 423.9 417.1 413.5 403.9 395.4 390.3 386.7 338.6 303 280.8 300.3 316.3 281.2 234.3 215.6 189.5 178.4 178.4 178.4 178.4 178.4 178.4 178.4 178.4 178.4 194.3 218.4 244 275.7 314.2 339.3 377.1 404.8 432 455 495.1 536.8 579.3 618.4 655.5 694.8 716.1 731.2 747.2 757.4 758 759.6 767.8 772.4 777.5 787.2 798.9 808.8 820.3 835.9 848.1 864.3 878 891.5 901.6 908.6 915.6
408.2 400.1 390.3 387.1 383.9 380 387.3 379.8 370.8 365.5 367.2 374.8 394.1 411.1 417.9 427.3 424.8 418.2 419.7 423.8 413.2 397.4 397.3 374.2 333.5 321.6 342 324.7 306.5 268.7 220.2 190.3 178.4 178.4 178.4 178.4 178.4 178.4 178.4 178.4 178.4 190.3 209.3 233.4 265.7 295.9 327 360.1 385.5 417.5 454.6 492.1 528.3 565.6 607.9 643.2 681.1 702.7 716.6 729.5 733.8 732.6 739.5 748.1 757.1 763 769.2 781.5 791.1 805.6 817.3 833.8 848.8 863.1 879.9 891.7 901.9 911.3
400.4 394.4 389.4 383.9 381.9 387.1 393 398.8 386.8 368.3 368 374.8 393.6 417.5 428 429.7 427.6 421.4 422.6 428.3 423.8 401.8 397.4 384.1 368.6 355 344.1 333.6 307.9 265.5 233.9 210 197 188.7 178.4 178.4 178.4 178.4 178.4 178.4 178.4 186.8 204.5 229 258.6 281.2 309.5 342.9 373.5 405.9 444.7 478.6 516 556.1 589.6 625.6 666.1 688.1 693.5 697.5 698.7 704 714.3 723 734.2 743.3 753.3 764 775 791 804.6 822.2 837.7 851.7 868.4 883.2 895.6 906.5
395.6 391.2 386.9 384 384.5 385.5 387.4 393.5 384.8 371.4 373.2 378.9 394.6 415.7 425.6 432.2 431 426.2 424.1 428.6 421 408 400.5 389.6 381.1 368.5 347.7 322.2 295.3 269.1 253.6 227.7 206.4 191.2 178.4 178.4 178.4 178.4 178.4 178.4 178.4 178.4 203.9 228.5 253.3 273.4 301.2 331.2 360.4 392.8 429.8 467 504 540.7 569.6 607.2 644.2 658.5 661 663.3 661.3 677.3 688 697.5 708 719.2 732.1 748.2 760.1 774 791.5 807.4 826.6 845.6 860.7 875.6 888.7 900.9
394.9 387.7 386.5 385.1 384 385.4 386.1 390.6 385.4 376.8 380 387 402.7 425.9 435 436.1 431.3 432.1 426.2 425 422.1 413.8 404.1 392.4 383.4 365.5 343.4 330.7 308.9 269.9 242.4 216.9 197.3 178.4 178.4 178.4 178.4 178.4 178.4 178.4 178.4 178.4 198.7 226.4 240.3 261.7 288.4 314.2 343.7 382.4 418.1 447.5 486.6 529.1 553.3 581.4 608 625.1 624.8 626.6 629.7 647.3 659.8 669.6 679.3 693.7 710.2 727.9 741.8 762.8 781.9 801.4 821.6 841.4 857.6 870 879.1 891.8
389.3 386.7 385.8 385.5 383.2 388.2 390.3 394.4 402.5 398.1 396.7 406.2 406 422 436.5 441.5 433.8 434.1 436.9 426.5 424.8 413.8 403.4 393.6 378.6 358.9 346 329.4 302.2 266 237.5 217.3 198 178.7 178.4 178.4 178.4 178.4 178.4 178.4 178.4 178.4 190 212.1 230.5 252.6 275.8 298.7 328.8 360.7 395.2 439.6 469.9 499.9 529.3 557.5 578.5 588.2 588.3 590.4 602.1 615.2 626.7 637.2 647.4 670.6 696.6 721.2 747 765.2 786 805.6 824.8 840.3 853.6 862.1 870.6 880.8
388.4 385.5 384.1 384.1 386.4 392 402.2 401.5 407.4 413.7 412.1 409.6 412.4 424.1 428.2 432.4 428.4 428.4 423.7 418.7 414.6 408.5 395.8 388.2 368.6 359.7 341.6 317.7 292.9 265.3 238 216.4 194.8 178.4 178.4 178.4 178.4 178.4 178.4 178.4 178.4 178.4 185.4 202.8 220.1 238.8 263.5 287.4 315.7 348.3 378.7 415.1 451.3 482.9 506.9 531 544.8 551 552.2 557.1 571.7 581.5 599.8 630.1 650.7 674.6 698.1 723.6 749.5 767.3 788.2 806.1 823.5 837.8 846.9 853.5 862.5 868.8
388 385.4 385.7 386.1 389.5 394.9 409.2 418.1 422.5 431.9 431.6 425.9 416 424.8 428.2 428 424.9 422 419.4 416.6 415.3 423.1 407.3 390.2 383.5 381.2 373 351.6 301 266.2 238 215.8 195.9 178.4 178.4 178.4 178.4 178.4 178.4 178.4 178.4 178.4 180 193.7 209.8 228.1 249.7 273.6 303.2 332.8 364.1 406.1 438.9 464.5 483.6 499 510.4 515.4 519.7 526.9 554.1 585.3 617.7 640.4 658.5 677.6 701.6 726.1 745.8 771.7 791.6 806 819 830.8 838.7 840.8 848 854.2
387.5 387 387.9 392 396.9 398.5 409.4 420.1 424.9 428.2 428.7 426.8 421.5 426 428.4 427.6 427.3 424.1 422.1 422.2 424.2 418.3 406.6 400.7 399.6 382.5 367.1 333.7 302.6 265.1 237.9 215.3 193.9 178.4 178.4 178.4 178.4 178.4 178.4 178.4 178.4 178.4 179.5 190 204.2 221.1 238 264.2 291.5 321.9 352.7 386.4 421.7 444.2 456.6 468.3 476 480.1 508 535.6 564.1 594.3 625.1 646.6 662.9 683.1 704.8 727 752.7 775.3 791.9 804.2 814.5 821.1 826 828.3 832 837.7
390.4 391.1 389.3 397.7 399.8 406.1 411.7 416.9 422.1 425.8 428 428.6 425.4 431.2 438.6 440.6 435.6 436.6 438.6 439.6 422.9 415.5 405.6 398.5 380.3 365 347.2 317.2 285 260.4 236.1 212.7 189.1 178.4 178.4 178.4 178.4 178.4 178.4 178.4 178.4 178.4 178.4 188.4 199.8 216.2 233.6 256.5 282.1 310.7 348.5 370.6 399.5 413.8 423.4 435.7 466.1 491.9 519.5 546.6 576.6 606.3 631.3 648.3 663.6 681.5 704.9 730 756.3 773.6 788.1 798.8 804 807.7 807.2 810.3 811.9 822.9
394.1 394.9 395.1 395.4 402.4 405.6 408.8 415.7 420.5 425 427.1 429.3 431.3 440.2 442.9 446.7 449.1 441.9 438.1 430.7 418.7 408.2 396.8 387.1 370.7 350.2 329.6 308.4 278.5 255.5 230.7 207.8 185.9 178.4 178.4 178.4 178.4 178.4 178.4 178.4 178.4 178.4 178.4 183.5 192.1 210.8 231.1 252.5 276.7 301.1 329 353.6 371.8 388.4 423.9 455.2 481.7 509.2 533.7 560.5 586.9 610.7 631.2 649.2 662.9 679.1 703.4 734 757 770.2 782.6 788 790.3 789.1 787.9 788.3 793.2 809.6
408.5 405.8 399.9 398.9 400.9 403.1 406.3 411.8 420.6 423.9 426.6 430.6 437.1 441.1 439.5 436.2 440.1 440.4 432.2 429.1 419.7 401.8 395.4 385.6 366.7 345.6 320.9 296.3 273.4 249 225.8 202.9 183.6 178.4 178.4 178.4 178.4 178.4 178.4 178.4 178.4 178.4 178.4 184.6 197.6 212.4 224.4 246.5 266.2 286.8 317.4 343.3 370 399 427 455.3 489.2 518.5 546.6 569.7 591.1 611.3 629.4 647.2 660.8 679.9 703.5 733.5 750.4 766.6 772.5 773.4 770.6 768 765.6 771.4 783.6 794.1
