ny/ny31_OST50GRID_20230518/NY31.asc
ncols 200
nrows 200
xllcorner 330000
yllcorner 510000
cellsize 50
[rows 70 to 104 of 200, columns 78 to 155 of 200]
831.8 825.8 804.5 781.9 730.7 694.1 655 619.7 587.3 564.4 553.6 549.8 548.6 548.5 560.8 561.2 550 544.1 537.7 527.6 523.1 514.6 508.6 497 482.5 483 485.6 490.1 495.7 499.1 502.3 501.1 498.2 494.4 485.7 478.5 474.2 484.4 494 505.7 515.6 527.2 543.2 559.5 577.3 590.2 605.4 620.7 639.6 656.2 674.1 687.4 692.9 685.3 671.6 650.2 644 641.9 637 620.7 610.4 593.7 581.3 544.6 489.4 444.9 413 389 368.1 350 330.8 313.1 311 304.3 299 292.9 285.4 283.1
826.9 819.6 808.8 781.4 741.3 698.1 665.8 634.4 603.7 583.6 570.1 553.1 549.5 553.6 558.9 547.4 539.9 534.6 529.3 519.7 513.1 508 495.5 496.1 494.5 493.5 496.6 501.7 506 510.4 509.2 507.7 503.3 494.5 488.1 478.3 485.6 496.6 504.2 512.1 525.3 535.6 550.4 568.6 583.4 597.9 612.1 629.3 646.5 664.5 681.8 693.6 699.8 693.7 685.1 669.6 657.6 646.4 634.5 618.4 598 580.9 567.9 539.2 498.4 447 417.8 394.5 373.1 354.3 336.8 335.9 331.1 325.5 322.2 319.7 314.3 305.1
816.2 809.5 790.1 762.8 728.3 691.7 660.8 632.4 614.6 591.1 574.6 561.8 555.1 546.5 541.1 538.4 534.9 530.3 525.2 518.1 513.2 509.9 506.8 504.2 502.9 501.7 504.5 507.7 513.3 515.2 512.2 507.2 499.6 493.3 489.8 490.3 497.3 505.6 517.9 526.6 536.2 547.4 562.3 577.3 593.7 607.7 621.7 638.1 655.2 673.2 690 703.7 705.8 700 688.5 672.9 659.1 646.3 627.4 606.1 587.3 568.9 550.5 527.6 493.6 454.8 423.2 399.2 378.9 358.3 358.8 352.8 350.4 347.9 343.2 339.4 333 333.9
809 798.6 769.3 742.2 711.3 678.4 650.3 627.2 604.2 588.2 576.2 561.5 552.7 549.4 551.4 551.2 543.7 537.8 530.3 522.4 515.3 510.5 507.4 506.6 506.7 511.8 513.8 517.1 518.4 517.4 515.5 509 500.9 501.1 496.2 497.1 507.3 517.9 527.4 540.7 548.5 559.2 571.3 586.8 602.6 616 632.2 649.2 667.9 684.3 697 703.7 702.8 693.5 682.6 668 652.9 636.3 615.7 588.3 567.7 551.6 536 513.1 491.1 466.5 435.3 407.1 389.8 374.7 375.2 372.7 372.1 374.3 372.5 366.1 368.8 365.1
798.9 787.4 753.3 725.1 696.9 666 642.6 621.3 607.5 590.7 573.8 568.5 568.7 569 568.7 566.1 556.7 547.4 538.6 533.1 524.4 518.9 517.1 517.7 521.9 525.3 526.3 525.7 522.6 520.4 519.7 523 516.8 511.5 505.6 504.4 514.3 525.2 537 547.5 557.1 566.9 579.5 594.2 609.4 623.5 641.9 660 677.5 689.9 697.3 699 693.6 683.4 673.3 661.4 644.4 623.1 601.2 577.4 556.8 539.8 526.5 511.3 490.8 467 438.5 415.3 397.7 394.6 391.9 393.8 395.7 397.7 392 390.3 387.8 375.9
786.9 769.2 739.3 709.8 681.2 654.6 634.8 617.6 602.9 592.2 589.4 589 593.3 593.3 594.4 591 579.4 570.1 555.6 544 533.7 532.5 533.6 532.8 536.4 539.1 537 530.9 530 531.6 533.8 537.8 528.6 521 512.3 511.8 517.8 528.6 540.7 551.7 563.1 573.8 586.6 600.3 616.1 632.2 650.1 667.2 683.8 697.6 700.9 701.8 697 686.7 674.6 656 631.4 613.3 594 569.9 554.2 534.9 523.3 513.2 487.9 461.4 440.6 418.9 411.5 411.4 410 414.5 428 428.3 418.5 406.9 393.6 379.5
785.8 760.5 725.2 692.1 663.6 641.8 626.9 615.3 603.3 605.1 605.8 611.1 619.3 627.6 632.9 627.1 610.1 600.1 582.1 569.3 556.2 558.4 554 553 559.8 561.6 554.3 550.2 546.4 545.7 546.7 542.3 533.2 526.7 523.5 522.5 523.8 536.2 547.1 558.4 571.5 580.8 595.2 609.5 624.8 641.6 658.1 674.2 691.9 703.1 709.8 703.6 694.9 684.4 668.3 648.4 626.4 601.2 581.8 566.7 552 531.6 518.6 506.7 492.2 468.1 445.9 430.2 426.3 425.5 432.4 436.4 441.3 434.3 428.5 417.4 401.7 390.6
779.1 752.1 717.3 679.8 654.1 634.7 623.3 615.6 612.2 616.3 618.2 625.8 644.3 667.4 681.9 678 662.2 645.9 615.7 601.7 587.8 590.4 584.3 584.3 587.7 588.8 585.5 578.5 574.4 571.8 564.7 554.9 544.6 536 535.6 532.2 535.5 542.6 555 570.5 579.8 591.3 605.4 619.9 635 649.5 667 683.2 698.2 706.7 707.6 703.5 695.6 681.2 664.6 641.7 622.1 602.8 586.2 566.4 542.5 530.1 516.5 505 492.5 476.6 461.3 449 443.2 452.2 456.4 456.7 441.6 435.6 432.5 418.2 400.6 386
770.8 740.5 704.2 670.8 644.5 631.7 622.3 618.1 614.4 622 626.7 634.8 658.3 684.4 710.1 725.3 711.7 700 667 644.4 635.3 623.7 619.4 615.7 619.4 619.4 622.9 610.2 611.2 605.7 590.8 573.9 559.4 550.1 549 546.2 544.1 551.2 566 579.5 588.6 600.4 616 628.7 643.6 659.7 677.1 691.9 703.1 709.5 707.3 701.4 689.8 675 658.2 635.3 611 594.3 579 563.4 546.8 532.3 520.3 506.6 496.9 485.3 476.1 466.7 461.6 469.1 468.2 453.1 442.5 437.4 431.1 416.1 401.9 380.9
764.3 729.3 695.6 664.6 641.3 627.8 620.9 615.5 617 624.3 631.2 642 665.9 696.5 725.7 756.3 766.8 745 719.9 699.4 679.3 664.2 672.3 673 665.5 662.3 659.9 654.9 650 634.8 612.3 583.1 568.8 565.1 564.8 563.7 553 565.6 580.5 592.8 601 611.4 623.8 637.7 652.5 667.7 683.3 699.1 709 710.5 702.1 691.7 680.1 666.7 644.9 628.7 609 590.7 575.7 564.1 548.1 535.4 520.2 504.6 490.3 480.4 479.1 474.4 466.8 466 455.9 445.3 428.6 422.1 409.6 403.3 387.4 370
747.1 714.3 682.6 654.5 638.3 627 617.7 615 619.9 627.1 636.3 652.8 674.9 708.5 740.9 774.2 803.6 789.6 768 751.3 711.7 718.4 725.4 719.9 710.7 704.4 699.3 683.3 665.7 646.3 621.4 606.1 598.2 590.5 585.5 578.4 563.3 578.5 593.3 603.6 610.9 620.9 634.5 646.8 661.8 676 691.5 705.8 716.1 714.9 699.1 682.5 667 652.3 633.5 613.3 596.2 583 572 561.8 546.1 534.1 521.4 507.4 496.1 478.2 474.4 466.4 456.4 441.5 430.4 418.5 408.3 399.7 384.9 370.1 358.5 345.1
744.9 711.7 681.2 655.8 639.4 626.8 618.4 616.9 622.8 630.9 639.6 660 686.3 718.9 752.1 785.9 819.5 830.4 813.2 777.2 759.2 768.4 770.6 767.2 760.2 738.2 715.1 690.9 675.1 656 637.8 623.3 617.9 608.5 597.9 587.3 584.5 592 602.9 611.4 620.4 632 644.8 658.6 671.5 685.2 697.9 708.4 712.5 706 682.8 664.9 651.7 636.8 621.4 603.5 585.3 572.5 561.6 552.8 545.6 527.9 512.2 495.7 477.2 464.6 455.2 448.4 443.9 429 419.8 414.3 399.8 387.7 374.7 349.5 334.2 317.1
753.6 712.8 682.1 656.5 641 628.9 620.8 621.8 626.5 634.1 645.2 667.3 696.8 729.8 760.8 793.1 827.7 857.2 844.8 813.3 809.3 814.1 814.9 801.9 780 754.2 721.2 697.7 678.5 665.9 651 639.3 630.5 619 609.4 596.5 598.9 606.8 616.7 624.7 632.1 645.8 657.8 671.9 683.9 692.7 702 702.6 696.7 684.1 662.5 649.6 639.2 623.3 605 586.5 571.9 565.5 555.5 535.8 523.7 502.7 490.1 480.1 467.3 449.2 435.9 427.8 426.6 417.8 404.9 392.4 382.6 368.6 354 334.4 319.1 305.3
758.3 715.2 682.2 660.4 645.7 631.8 624.9 627 632.8 643.7 656.4 677.1 707.7 738.6 770 803.8 835.8 871.6 877.4 847.8 851.2 849.8 833.2 817 794.2 763.2 729.4 700.2 684.9 673.4 661.4 652.2 640.1 630.1 617.7 610.4 617.8 625.2 631.3 635.8 644 657.1 670.6 683 693.1 698.4 701.8 691 678.4 668.2 651.3 631.2 619.9 609.6 586.3 567.3 555.6 545 526.9 509.4 492.4 481.8 468.2 460.8 441.2 433.6 417.2 412.9 410.2 399.8 385.1 370.1 359.4 345 330.5 315.5 294.4 285.1
761.7 720.3 686.8 667.4 650.1 636.6 635 635 640.4 652.8 667.3 688.7 719.6 749.8 781 814.6 847.1 875 867.3 855.4 844.6 829.6 815.4 802 785.3 760.7 732.9 709.7 695.5 681.5 669.9 656.5 644.9 634.3 619.2 627.6 633.2 635.8 638.7 643.5 655.3 667.5 682.7 693.6 700.3 701 687.9 675.2 664.9 652.4 629.2 610.9 603.5 584.7 564.1 552.1 536.5 520.3 504.1 483.1 474.7 459.8 449 440.3 422.5 411.8 402.1 395.3 391.9 379.2 359.3 343.9 332 318.3 306.9 288.5 271.6 256.3
763.9 725.6 696.1 674.5 656.6 651.8 649.5 649.2 651.3 664.8 681.1 705.3 735.8 766.6 796.3 824.4 847.1 852.9 842.9 831.7 817.1 804.2 792.9 780.8 765.9 750.8 737.8 722.8 700.5 686.1 675.5 662.1 650.2 633.4 638.5 641.7 643.5 645.7 651.4 655.7 666.4 679.9 691.5 699.9 696.9 685.2 670.7 656.7 643.6 625.8 607.8 588.3 574.3 557.6 545.3 535.4 523.1 503.6 480.8 468.4 457.3 443.7 429 416 403.9 389.9 384.1 379.5 363.8 349.8 329.3 314.5 299.4 285.6 271.2 259.1 246.5 234.7
766 730.5 705.9 684.6 673.5 671.6 667 667.9 669.6 682.7 702.5 728.1 755.6 786.6 817.4 837.2 835.7 827.5 816.8 805.8 792.2 780.7 769.1 756.8 745.7 735.9 728 716.6 703.6 691.3 678.1 664.6 652.1 648.1 650.9 652.1 654.8 659.9 665.4 669.7 678.5 688.2 696.9 695 681.9 666.5 652.9 638.2 623.5 608.7 592.3 573.8 554.9 540.9 528.6 515.4 503.5 484.4 461.8 444.3 431.7 417.9 405.8 390.7 380.3 373.9 363.9 350.5 331.5 314.9 299.3 282.8 266 252.3 243 234.5 225.2 221.1
765 730.6 710.1 698.8 692.7 689.5 689.5 692.2 698.9 711 730.8 757.9 784.1 812.9 830.8 823.9 814.4 804.3 793.5 781.3 769.2 757.6 743.3 732.6 724.1 720.5 715.3 707.7 698.1 689.1 678.5 668.9 655.8 661.5 662.9 664.4 668.5 673.6 677.5 681.2 689.2 696.3 694.6 682.4 664 647.5 632.5 616.7 600.9 587.8 571.2 555.6 538.2 522.8 508.6 496.1 482.3 457.3 433.6 416.5 406.1 395.5 380.3 365.8 357.9 347.7 331.9 320 299.6 284.4 268.3 252.5 240.4 229.8 221.9 217.1 213.4 207.7
766.6 737.5 726.6 717.2 710.3 713.1 719.3 726.7 734.8 749.7 770.1 793.2 813.6 826.5 815.3 803.2 792 781.5 772.6 761.4 750.5 739.3 730.4 724.4 721 716 711.2 704.4 696.1 687.8 680.5 669.2 660 673.5 675 677.9 680.8 685.1 687.3 691.8 698.7 695.2 683.2 665.5 648 631.9 616.7 599.6 584.3 568.7 554.6 535.9 521.2 507.1 489.3 472.2 454.4 431.5 405.4 393.4 377.8 368.1 352.5 344.1 328.8 318.8 302 287.9 275 257.9 242.9 228.7 220.8 216.1 210.8 207.6 204.3 200.7
770.3 756.2 747.6 739.7 739.9 741.6 751.8 773.9 787.2 798.1 814.1 832.2 821.6 805.9 791.6 782 776.1 767 755.8 745.9 738.8 730.7 723 718.9 715.9 712.7 708.5 702.1 695.7 688.7 675.7 669.5 681.2 684.5 686.6 689.4 691.9 694.1 696 700.2 704.1 697.5 675.6 653.3 636.9 618.3 596.1 578.7 561.8 545.5 530.4 515.5 500.6 485.3 469.9 449.8 430.7 404.2 387 368.8 357.2 341.8 327 316 307.1 292.1 275.2 259.9 246.3 235.6 226.5 217.5 211.3 205.7 203.2 201.3 199.8 198.1
790.9 777.8 778.4 777.6 775.9 780.1 783.6 810.1 841.9 857.6 835.3 812.2 794.2 779.4 770.9 766.4 759.8 750.7 741.7 735.5 728.7 721.4 719.1 716.3 710.6 708.2 701.8 695.9 690 690.9 690.6 690.9 693 695.9 698.4 700.9 701.7 702.3 703 712.7 712.8 693.6 664 640 617.9 596 578 556.6 540.1 523.4 508.7 494.6 479.1 463.5 441.1 423.4 404.4 381.6 363.5 346.8 333 318.1 304.6 300.1 288.3 263.7 251.4 241 229.5 221.2 213.1 207.9 205.2 203.8 202.3 200.4 199.9 197
818.7 807.7 807.6 811.1 816.7 824.9 828.7 846.6 851.7 826.4 800.9 780 764.9 753.2 746.1 742.9 738.7 732.3 726.3 725.4 722.5 720.7 717.4 714 710.1 708.3 705.7 703.7 702 700.2 699.3 701.8 706 707.9 708.2 709.6 709.6 710.3 712 719.7 712.4 680.8 647.6 621.9 596.2 575.4 556.4 534.9 516.1 499.9 484.4 470.1 455.1 436.7 417.2 393.9 375.4 357.2 338.6 323.2 309.6 295.7 282.7 271.1 254.4 242.9 233.4 223.5 216.9 212.3 207.9 206.1 204.9 203.9 200 198.8 198.2 197.4
868.1 857.4 852.8 852.5 856.2 861.1 868.6 854.6 821.4 796.1 773.3 751.1 737.5 727.3 723.1 723 721.2 719 718.2 718.4 718.4 718.4 718.3 721.3 715.5 711.8 709.9 710.2 709.7 713.4 715.1 716.7 718.8 718.8 718 717.7 718.2 719.7 726.3 719.8 692 659.4 628.5 597.2 579 553 532.7 511.6 493.7 478.7 462.7 447.1 434.5 418.9 390.9 367.5 350.2 331.5 317.6 303.5 288.2 273.1 263.9 249.3 233.9 223.8 215.9 212.5 210.1 208.8 206.2 205.6 204.2 200.9 199.8 199 198.5 197.9
921.7 904.6 903.1 903.7 905.9 909.1 868.9 834.9 813.9 788 758.2 739.3 728.3 720.8 718.4 718.4 718.4 718.4 718.4 718.4 718.4 718.4 718.4 720.7 717.9 715.9 719 720.9 724.9 727.3 727 726.9 726.4 726.7 726.6 726.6 730.2 734.2 728 701.1 665.9 632.4 600.2 576.2 553.5 531.9 509.4 491.2 474.3 455.8 439.3 424.3 405.3 386.1 361.4 342.5 325.3 310.9 298 284.9 269.2 258.2 245.7 232.4 221.6 214.8 212.2 210.2 208.7 205.8 203.9 202.2 201.3 201.1 200.2 199.6 199.3 203.1
921.3 929.4 935.9 941.6 946.5 914.6 872 836.7 815.4 791.4 765.9 742 728.1 720.6 718.4 718.4 718.4 718.4 718.4 718.4 718.4 718.4 721.2 723.5 726.2 727.8 734.6 737.4 738.4 736.9 736.9 739.9 735.1 734.9 736.4 741.5 744.3 734.8 707 670.5 638.3 610.8 578.9 554.8 533.9 509.6 486.2 470.2 450.2 432.1 409.4 393.7 371 354.9 335.4 317.5 303.4 292 280.2 267.2 252.3 240.1 226.8 216.3 213.9 212.2 210.4 208.9 207.5 204.5 203.1 202.4 200.6 201.5 203.5 207.9 209.5 222.1
917.3 926.3 934.6 942.8 947.1 927.1 894.2 850.5 825.9 797.4 769.9 750.1 732 719.8 718.4 718.4 718.4 718.4 718.4 718.4 718.4 718.4 727.3 731.2 736.9 741 747.8 752.8 756.3 758.4 760.2 760.1 756.5 755.2 757.9 757.4 731.9 709.9 685.9 647.6 613.6 584.1 558.7 540.7 510.3 488.2 462.3 443.7 426.2 404.2 386.6 363.4 345.5 328.5 312.8 296.2 284.4 273.5 263 249 236.5 225.9 216.8 213.1 211.3 210.5 209.2 208 206.8 204.3 203.4 202.8 205.3 204.1 214.2 225.3 235 245.8
910.2 919.8 929.1 938.4 946.3 941.2 897.9 875.5 846.5 819 795.7 771.7 745 727.6 716.9 718.4 718.4 718.4 718.4 718.4 718.4 727 732.5 740.5 749.1 756.6 764.1 771.2 774.9 779.3 783.9 781.9 773.5 771.8 758.4 737.7 716.6 690.5 655.1 623.7 594.6 562.4 541.7 513.5 489.5 464.9 438.8 419.9 402.6 379.6 366.3 345.9 323.1 308 292.6 278.3 266.5 257.1 246.2 233.1 225.6 216.6 212.8 210.7 209.1 209 205.9 207 205.4 204.2 206.5 209.1 209.4 211.5 227.4 239.8 253.1 272.2
901.3 910.3 918.6 929.5 938.7 946.6 940.6 926.5 891 852.3 826.3 805 775.3 746.4 728.9 718.4 718.4 718.4 718.4 721.7 730.6 737.4 746.5 756.7 769 774.9 783.5 789 795.5 801.2 804.8 796 777.4 761.9 743.2 715.6 695.5 665.1 635.1 601.6 575.5 550.7 523.9 489 463.6 436.5 415.9 394.4 373 356.8 339.2 318 303.5 289.7 275.1 263.3 251 241.5 228.8 221.9 217.1 212.1 209.4 207 208.4 209 207.8 205.6 207.1 210.1 212.3 217.8 223 234.3 249.8 261.8 273.8 287.7
887.8 897.7 908.8 918.4 930 936.5 941.6 941.5 931.8 904.4 876.6 844.1 811.8 776.5 756.9 745.6 736.4 736.1 737.6 742 749.8 756.9 769.9 779 787 792.4 799.8 807.6 814.7 819.4 802.6 776.1 760.8 743.3 719 698.5 672.8 644.4 622.1 587.5 567.5 534.3 499.4 463.9 438.5 412.6 390.2 369.8 352.3 333.6 316.9 299.3 286.9 271.5 258.8 248.4 237.1 228 220 218 211.5 208.5 208.5 207.8 210.1 211 212.1 211.7 213.8 217 223 231.8 241.4 258.5 275.1 288.8 298.4 310.5
876.4 885.7 899 911.6 921.9 928.1 931.9 934.2 934.5 934.4 914.9 881.4 845.7 807.9 786 770.7 774.4 777.5 769.1 769.1 772.9 783.9 791.1 797.2 804.7 812.9 820.9 821.6 814.1 791.4 765.3 744.8 727.6 706.4 689.8 669.3 645.4 625 597.2 570.3 540.9 506 468.8 436.4 414.3 388.8 367.6 352.1 333.3 312.1 294.9 283.6 269 256.5 245.7 233.4 226.2 220 215.5 212.5 208.5 209 208.8 210 212.1 215.3 219.1 221.9 227.2 230.3 238 251.6 264.2 282.7 303.6 317.5 325.8 337.1
863.9 875.2 887.6 901.6 911.9 918.8 923.7 928.6 931.8 934 929.6 896.6 858.5 840 824.8 833.9 817.4 816.3 805.8 802.9 805.4 810.5 818.4 824.9 836 842.3 834.8 811.7 784.3 758.1 732.7 711.5 693.5 670.8 660.5 635.8 619.2 600.7 577.4 540.1 502.2 467.1 439.3 410.6 389.4 366.6 347.4 328.3 311.2 293.6 281.5 267.7 257.8 245.5 232.3 223 218.3 214.4 211.4 209.1 208.9 209.5 212.5 212.8 219.7 226.5 233 238.2 241.5 248.4 260.4 271.1 286.4 305.6 333.7 360.9 364 380.8
849.5 862.6 876.8 889.8 899.4 908.2 914.6 920.2 924.7 929.1 920.8 868.8 830.2 807.6 806.9 817.2 819.2 825.4 835.1 838.3 841.7 849.6 857.2 860.1 839.1 827 801.7 785 756.4 722.3 701 680 661.1 639.4 624.7 606.2 588.9 568.8 542.3 509.5 472.4 438.5 410.9 388.1 369.6 348.9 325.3 307.8 295.4 282.6 266.2 254.6 240.5 229.6 224.9 219.1 213.1 210.7 209.8 209.1 209.3 212.7 216.5 223.1 232.5 239.8 242.6 248.9 260.4 270 280.7 293 313.6 338.4 356.9 388.4 411.8 424.5
836.7 853 865 876.5 886.7 895.7 904.2 910.8 916.4 919.2 895.1 850 805.6 782 767.3 774.8 776.1 779.5 784.6 792.1 803 806.3 810 812.3 802 782.8 762.8 742 713.3 691.8 671.5 653.7 635.6 614.8 600.9 583.8 563 534 500.8 474.6 447.1 412.1 391.1 366.2 347.2 327.5 308.8 293.4 279.9 266.5 253.5 240.5 227.9 222 217 214.2 211.8 210.5 209.7 209.2 209.9 212.7 224.4 234.4 245.6 252.7 259 270.6 285.6 292 301.6 319.3 346 369.1 382.4 403.6 423.2 440.9
823.7 838.3 849.8 861.9 872.7 883.3 892.5 901.3 907 911.1 880.3 805.8 779.6 748.8 732.8 730.2 737.1 742.7 746.5 748.8 756.2 760.5 762.8 761.2 751.2 738.9 723.4 707.6 684.4 663 643.6 626.3 609.7 592.8 576.1 560 539.6 508.8 473.7 443.5 415 391.5 368.1 343.7 325.8 309.7 293.5 278.6 264.5 251.7 241.4 228.1 223.5 218.8 215 212.2 210.9 210.7 210.4 210.7 216.6 221 236.1 248.5 261.5 269.2 277.2 291.7 308.5 316.8 328.2 352.4 378.3 390.6 414.2 431.6 442.2 460
807.7 819.8 831.4 843.5 856.3 869.4 880.9 892.4 901.2 906.7 881.8 802.4 748.4 723.5 703.5 696.3 700.3 709.6 709.9 711.8 715.9 719.9 720.7 720.4 713.3 703.5 689.8 673.9 657 637.1 618 601.2 584.9 570.6 554.5 535 511.1 483.5 449.2 420.7 392.8 368.8 344.8 322.8 307.9 290.6 275.7 261.8 252.9 243.1 239.8 228.4 225 214.7 212.7 212 211.4 210.6 211.2 215.7 221.5 236.9 248.5 261.2 275.2 285.9 297.8 312.9 324.9 338.3 361 385.1 396.6 415.5 439.2 451 467.7 478.3
