ny/ny63_OST50GRID_20230518/NY63.asc
ncols 200
nrows 200
xllcorner 360000
yllcorner 530000
cellsize 50
[rows 70 to 104 of 200, columns 0 to 77 of 200]
140.2 138.5 139 139.6 141.1 143.2 144.8 147.3 151.3 152.1 153.4 152.7 152.8 153.7 155.9 157.3 159.2 162.4 165.7 167.4 168.7 170.1 170.6 164.4 159.9 166.5 175.8 173.7 178.6 182.6 184.8 186.5 187.8 184 184.8 189.8 193 196.1 198.1 200.7 202.5 203.3 200.7 204.1 206.5 212.6 215.2 218.7 221 225.9 230.2 234.2 236.1 238.6 239.3 240.7 239.8 244.3 246.9 248 250.7 255.9 260.5 256.4 264.5 278.9 287.9 292.4 303.4 306.7 312.9 307.1 325 342.5 344.3 342 344.2 346.8
141 140.8 140.7 141.3 142.4 143.4 144.1 145.4 146 146.8 148.2 151.5 152.8 154.9 156.8 157.9 157.4 162.7 165.2 167.2 168.9 170.5 171.4 173.5 165.8 159 170.1 177.3 176.5 180.8 184.2 186.5 187.7 185.5 182.6 187.2 191.5 194.4 196.2 198.2 200.7 202.6 206.9 207.5 202.9 209 212.5 217 220.4 223.8 227.7 228.9 231.6 233.2 236.8 235 239.3 245.4 246.9 248.5 253 257.3 260.9 263.6 259.1 260.9 269.9 289.4 305 310.2 319.1 310.1 322.2 345.7 358.8 366.8 372.2 375.3
140.7 141.7 142.3 141.5 142.8 144 144.3 146.6 149.6 153.1 154.1 152.7 151.3 154.7 157.3 159.7 159.6 162.5 164.8 167.4 169.2 170.9 172.5 174 174.8 168.5 161.9 171 179.7 180.5 180.7 184.7 187 187.2 183.9 184.1 186.9 188.4 192.2 194.3 195.4 199.2 205.5 208.6 208.6 206.9 208.8 213.2 216.6 218.9 221.5 222 222.9 223.7 230.5 235.2 239 243.1 246.4 248.5 254.1 258 261.1 263 266.9 269.4 265.6 272.2 286.2 297.3 312.1 315.2 315.1 336.4 355.9 372.1 381.8 381.7
141.2 141.6 141.3 142.7 143.1 145.5 146.5 147 148.6 151 153.5 153.8 150 155.5 158.4 160.3 161.4 161.6 164.4 166.9 169 170 171.4 173.3 174.4 176.2 171.3 161.9 169.2 181.9 181.3 182.4 186.7 188.2 188.2 185.8 185.5 186.2 187.3 188.5 190.2 190.3 194.5 205.4 208.7 211.9 209.9 210.6 208.9 212.1 216.8 216.3 218.8 227.2 231 234.7 239.3 241.8 244.7 248 253.5 258 261.4 263 266.7 271.6 276.2 270.9 268.4 279.2 297.7 308.9 306.7 323.1 343.6 365.7 379.2 371
141.1 142.2 142.8 143.3 144.6 145.4 148.6 149 148.8 150.3 153.2 154.5 150.2 157.2 160.2 161.8 163.2 163.3 163 164.6 166.5 167.9 170 172.3 173.6 175.3 176.9 174.5 166 163.4 169 178.4 185.2 187.9 188.5 189.5 189.6 186.7 189.3 193.9 195.4 197.7 193.5 195.3 199.4 198.4 197.9 207.5 213.1 218.1 220.2 220.4 216.4 223.5 231.4 234.7 238.1 241.5 243.9 247.3 252.4 257.9 261.2 262.9 265.3 269.2 272.3 276.1 277.9 267.8 281.5 295.1 303.8 311.8 329.6 352.7 365 359.9
141.3 141.8 143.4 143.9 145.4 146.9 149.5 150.2 149.7 152.5 153.4 154.5 151.1 158.8 161.5 162.6 164.2 165.1 165.6 164.4 165.6 167.5 169.4 171.8 172.8 174.3 176.1 178.2 179.8 177.3 170.4 164.9 182.2 186.6 188.7 189.6 191.6 191.1 188.3 195 198.2 198.1 199 198.5 198.4 199.3 197.7 197 204.3 217.5 220.7 222.2 222.1 217.9 225.2 231.8 236.7 240.8 242.9 246.4 250.4 256.8 260.7 262.3 262.9 264.8 267.3 270.2 274 276.5 267.8 282.5 298.8 307.1 320.9 345.7 352.5 341.1
140.9 142 143.5 144.2 145 147.1 149.9 151.2 151.5 152.8 155.3 155.2 151.9 159.2 162.3 163.8 165 165.8 166.5 166.8 165.5 166.5 168.9 171.1 172.1 173.9 176.2 178.4 179.8 181.5 182.5 165.1 177.7 182.4 185.9 188.7 192.2 192.3 188.9 193 198.9 199.8 199.4 202.1 205.6 204.5 202.2 199.7 198.8 200.9 217.1 222.2 223.7 218.9 219.5 224.3 231.2 237.6 241.2 244.2 248.3 251.7 258.9 259.9 259.3 260.2 261.3 262.6 265 261.9 263.6 280.9 292.5 301.5 313.5 333.8 338.4 316.5
140.1 141.3 142.5 143.6 145.2 146.2 148.4 151.1 152.2 154 156.4 156.7 153.1 158.1 162.6 164.1 165.4 166.4 167.2 167.6 168.1 168.3 169.3 170 171.4 173.3 175.6 177.9 179.8 182.5 183.7 171 173.5 187.1 185.2 185 191.4 193.4 191.6 191.2 196 199.7 199.9 201.4 206.2 208.6 205.5 206.1 208.5 200.9 209.2 221.5 224.6 221.8 219.3 226.1 226.2 229.9 234.4 239.6 244.8 248.5 254.3 255.4 255.8 257.5 258.5 258.3 258.3 260 270.7 280.5 289.5 295.9 305.6 318.3 311.5 293
138.6 140.9 141.7 143.6 144.5 145 147.3 149.5 152.4 154.4 156.8 158 156.9 157.3 162.1 164.3 165.5 166.3 167.5 167.8 168.4 168.8 168.8 168.5 170.2 173.3 175 177.2 179.6 182.3 184.2 180 168.2 184.7 188.4 186.6 190.7 193.3 192.5 190.7 192.5 199.6 199.4 200.6 204.2 208 209.3 211.9 206.9 202.2 207.7 219.7 224.8 225.8 219.5 220.3 221.2 225.3 231.9 233.7 236.8 242.4 247.3 250.7 252.7 254.4 256.6 257.6 258.9 263.5 267.6 273.9 281 285.2 291.6 294.4 281.7 270.9
137.4 139.4 140.8 143 143 144 146.4 149.2 150.5 154 156.4 157.5 158.3 154.1 159 162.5 163.8 165.5 167 167.2 168.1 169.4 171.1 172.3 171.6 172.9 174.9 177.1 179.9 181.9 183.8 185.4 169.3 178.2 187.6 187.3 192.2 191.8 193 194.6 192 197.5 200.4 201.2 203.5 206.7 211.1 214.4 213.3 203.8 203.8 209.5 216.2 218.5 222.8 222.3 221.1 221.8 230.9 236.2 239.1 239.2 241.4 247.3 249.5 251.8 253.2 255.6 257.6 260.7 263.6 267.5 269.9 273.2 277.9 273.7 266.6 281.3
136.2 137.5 139.6 141.2 142.1 142.9 146 149.4 150.2 153.1 156.1 157.9 158.4 156.4 155.4 163.1 164.7 164.5 165.1 166.6 167.2 169 170.7 172.6 172.7 173.1 175.5 177.6 179.6 181.5 184.3 185.6 174.7 173.4 184.6 188.2 191.8 191.1 192.8 195.2 192.1 195.8 200.5 200.7 204 206.6 210.9 214.4 216.2 213.3 205 205.9 207 210.3 218 225.8 222.5 221.3 226.4 234.6 239 241.8 239.3 244.2 247.6 249.1 250.8 252.7 258.1 255 257.2 256.8 260.5 262.9 258.5 262.5 279.8 291.5
135.3 137.1 138.9 139.8 140.9 142.5 144.9 148.7 150 152.3 153.9 156.9 158.5 159.3 157.1 161.2 163.8 164 165.5 165.8 166.1 168 170 172.1 173.5 173.3 175.7 177.5 179.5 181.9 183.7 184.9 185.7 173.8 173.8 183.6 189.7 191.5 191.8 193 193.2 192.4 198.8 200.9 203.7 206.1 210.1 212.9 214.4 216.2 211 207.4 208.4 208.9 214.3 219.8 220.9 222.1 223.9 228.8 235.2 238.8 239.2 241 244.3 241.5 236.7 239.5 242 244.2 247.7 248.4 252.6 258.9 268.7 280.9 288.3 292.5
134.4 135.4 138.4 138.9 139.7 141.5 143 147.5 149.2 150.6 152.4 154.4 155.6 157.7 159.2 156.9 163.8 164 166 166.9 166.9 167 169.3 171.5 173.9 174.4 174.9 176.1 179.4 182.1 183.9 185.6 186.3 186 176.7 175 184.2 187.3 191.7 191.9 193.5 193.7 193.3 199.4 203 204.4 207.1 210.3 212.4 214.3 214.5 210.8 213.6 210.8 211.6 212.6 215.3 222.9 222.4 225.3 230.9 236.4 238.3 237 236.5 233.4 236.9 237.9 241.7 243.1 252.3 260 267.7 273.9 281.7 286.7 290.3 299.3
134.8 135.5 137.7 137.8 139.6 141.1 142.9 145.6 148.5 150.3 151.5 154 156.8 157.8 157.3 159.3 157.4 159.1 160.4 164.7 165.9 167.4 168.5 170.2 172.8 175.6 176.5 178.4 178.4 181.6 183.9 185.4 186.2 186.8 186.5 176 179.1 185.2 187.4 190.7 193.4 195.2 194.4 193.7 198.3 201.9 205 206.1 209.6 211 209.9 210.8 215 216.6 212.7 213.8 214.9 217.3 222.9 224.7 228.2 231.7 236.2 237.7 230.1 233.2 240.8 245.9 252.8 255.9 251.6 258.4 270.7 277.2 282.9 288.1 295.5 308.3
134.5 136.2 137.2 137.5 137.7 139.8 142.1 144.5 147.5 149.7 151.2 152.4 154.9 157.7 159.1 159.2 162.6 164.6 165.2 165.1 165.6 164.7 165.9 170.1 172.3 172 176.3 178.4 178.1 181 183.5 185.2 186.5 187.2 186.9 182.2 175.1 186.5 188.4 189 193.3 196.2 198.8 197 194.9 196.8 200.8 205 207.3 207.9 209.5 210.6 213.2 215.1 216.4 214.6 215.6 217.3 219.1 220.7 223.9 225.5 226.5 228.1 229.9 233.2 239.9 245.9 254.8 262.5 259.6 253.8 267.1 278.2 282.3 290.7 304.1 313.8
135.7 136.4 136.1 136.2 137.5 139.3 142.1 144.1 146.9 149.1 150.1 152.1 153.8 156.8 158.8 159.2 162.1 163 164 165.1 166.3 167.2 163.9 166.8 169.4 170.8 174.7 177.3 178.1 180.2 182.5 184.4 186.2 187.3 187 185.9 171.3 181.1 180.7 186.3 188.8 195.2 196.8 195.2 200.7 198.7 196.1 202.5 206.7 208.1 209 210.5 211.5 213.8 215.7 218.3 217.7 218.2 219.4 221.1 222.8 224.1 225.5 228.5 235.3 236.9 237.6 249.6 256.7 263.4 266.4 257.3 256.4 275.3 284.1 292.8 299.2 321.2
133.9 137.1 135.4 135.4 136.6 138.7 139.9 143.6 146.7 149.8 150.3 152.3 154.2 155.5 157.5 158.7 161.1 162.7 164.3 165.9 165.8 167.1 167.3 165.9 167.4 166.9 167.3 168 175.8 178.5 181.3 183.3 185 185.5 185.3 185.6 179 172 171.8 175.5 178.8 183.4 186.2 193.8 200 201.7 197.8 198.8 204.4 206.8 208 209.2 210.2 211.7 214.4 217 220.4 221.2 219 221.1 222.2 223.5 231.6 235.9 239.9 242.1 238.8 247.4 257.3 261.1 264.1 259.3 255.6 273.9 285.7 295.3 309.5 319.1
130.8 133.1 133.9 134.6 135.6 139 141.6 141.3 143.5 146.7 149.4 150.4 151.1 153.8 155.5 157.5 158.7 161.6 163.7 164.8 165.8 166.7 167.2 168.3 169.6 170.4 170.4 170.9 170.7 174.3 177.5 181.5 183 183.6 184.8 185.1 185.2 177.4 172.7 172.5 176.5 184 184.7 186.2 188.4 192.1 194.5 197.4 197.3 200.5 202.2 204.4 208 209.3 212.6 215 217.8 220.3 221.3 220.5 221.3 222.2 229.6 237.6 242.2 246 245.7 243.2 257.4 260.8 262.7 257.7 258.4 274.8 285.2 296.7 309.1 318
132.4 133 133.8 135 135.8 138 142.2 144.4 147.6 146.9 145.8 147.7 148 148.7 151 153.2 157.1 157.5 160.3 162.8 163.8 165.7 166.6 168.6 169.4 169.9 170.8 170.2 170.6 170.3 170.9 173.7 179.1 181.6 182.7 184.9 185.1 185.6 183.4 174 173.8 176.4 183.8 189.5 194.2 190.6 193.9 199.2 201.5 199.6 199.3 200.4 203.5 206 209.3 213.3 216.1 219 222.2 225 226.6 222.7 224.1 237 243.4 246.8 249.6 242.4 255.7 260.9 261 256 261.8 274.8 285.8 297.4 307.1 314.6
133.6 134.6 134.3 135.1 136.6 138.2 141.3 145.2 147.5 149 150.2 149.8 151.3 151 149.5 151.2 155.2 157.9 158.3 158.8 160.6 162.8 165.6 167.2 168.4 169.6 170.8 171.6 172.3 172.6 173.8 174.6 173.4 175.6 180.3 182 184.2 186 186.5 186.5 175.9 174.4 174.7 177.5 185.4 190.4 191.2 192.8 198.2 199.3 198.2 202 202.5 203.6 207.4 211.7 216.6 219.8 223.1 226.7 230.4 229.9 222.3 233 243.2 246.6 249.6 246.7 247.1 260.3 256.8 256.9 267.1 274.6 285.6 295.7 303.8 310.1
134.8 135.5 134.5 137.4 137.7 137.3 141.5 146.4 148 148.4 150.9 151.9 153.3 153.8 152.4 151.2 152.4 154.1 156.5 159.8 161.2 161.6 162.7 164.9 167.2 168 169.5 170.3 172.1 173.4 174.6 176 178 176.5 177.1 181.4 182.9 185.1 186.3 187.6 188.1 179.4 175.6 176.3 178.4 185.3 188.8 191 192.2 193.5 197.9 204.7 208.8 203.6 207 213.5 216.9 221 224.3 228.2 231.8 233.5 223.8 225.8 242.1 245.6 248.6 249 243.9 254.5 256 261.5 268.2 274.8 284 292.1 298.8 304
135.6 135.4 135.3 135.8 137.7 140.1 138.4 142.8 146.2 144.1 143.2 144.7 147.1 149.1 150.9 152 152.6 152.2 155.2 158.7 161.3 162.4 163.2 162.3 163.9 165.3 166.9 167.9 169.2 171.7 174 175.7 177.3 177.9 175.5 177 178.4 179.3 181.6 186.9 189.8 184.5 184.3 178.5 175.7 180.6 186.2 186.9 188.5 193.4 198.4 206.1 206.6 202 204.5 209.5 217.6 221.9 225.5 229 232 233.5 227.4 223 231.1 243 243 242.2 242.9 251.3 257.8 263 268.6 275.1 279.3 284.8 292.2 299.5
136.1 135.2 135.4 136.4 137.2 138.9 139.2 141.4 143.1 144.8 149.2 151 152.3 149.6 151.7 154.5 154.9 154.1 153.4 157.5 160.6 161.5 162.8 163.5 164.2 165.6 168.1 169.6 170.4 170.7 172.4 174.6 176.6 177.8 178.6 176 176.9 181.1 179 183.2 186.8 188.8 188.4 189.9 181 177.7 179.6 182.8 186.5 189.9 195.3 201.3 198.9 199.9 206.2 213.1 217 220.6 224.8 229.2 231.7 233.2 232.2 224.3 227.6 237.3 239.2 245.8 250.1 255.4 259.8 263.2 267.3 271.7 268.1 270.6 284.2 295.8
134.8 135.9 137.2 140.2 138.8 137.8 140.7 142.1 147.2 148.4 149.6 151.5 152.3 149.5 152.9 155.3 156.3 154.7 154.5 155.6 159.9 160.1 161.5 163.9 165.4 164.7 167.2 169.3 170.9 171.5 172.1 173 174.6 177.1 178.6 178.7 177.9 180.2 181.7 180.7 183.3 188 188.5 188.6 190.8 186.3 178.8 179 182.1 184 189 194.3 192.9 200.2 207.4 216 217.7 220.4 224.3 228.9 231.8 233.4 232.9 225 226.7 235.5 242 246.4 250.4 254.7 259.3 260.5 260.2 257.3 257 261.6 274.2 284.2
134.6 136.6 136.2 139.5 142.3 138.3 139.3 143.4 144.2 148.5 149.4 150.2 151.7 149.1 152.8 154.4 155 154.9 154 154.8 156.8 158.1 158.9 161.4 164.1 165.3 166.6 167.6 169.4 171.6 172.2 172.5 173.5 175.4 177 178.4 177.8 179 182.3 180.8 182.2 184 186.4 186.7 186.1 186.8 185.3 180.4 180.1 181.1 183.6 189.1 196.8 198.9 204.2 213.5 217.8 220.8 224.6 228.5 231.4 232.2 232.7 225.5 225.7 237 242.3 245.9 247.7 251.8 252.8 246.9 249.3 254.5 258.9 257 257.9 265.3
135.2 136.6 137.2 138.4 142.4 144.3 139.5 142.9 146.2 147.9 150.6 150.7 150.7 149.8 151 153.4 154.1 154.4 154.7 154.6 156.3 156.7 157.1 158.1 161 162.7 164.9 167.1 167.1 169.6 171.1 172.4 174.6 173.8 174.3 176.4 177.2 178.4 180.2 180.8 182.8 182.5 182.4 182.5 186.1 188.9 186 187.7 185.6 181.8 182 188.3 192.9 197.3 200.6 206.2 215.1 220.8 225 227.6 228.9 227.5 229.1 224 226.9 239 242.6 244.4 245.1 245.3 242 253.3 257.2 258.8 266.9 268.1 261.8 260.1
135.9 135 137 138.1 141.6 144.1 141.1 143.4 148.2 147.4 148.4 150.2 151 151.6 150.5 150.9 152.5 154.5 155.2 154.6 155.2 155.6 155.5 156 158 158.7 161 163.3 165.1 166.5 169 169.8 171.2 171.7 172.3 173.4 176.5 178 178.9 179.7 182.7 182.3 183 185.7 188 189.8 191.2 191.8 194 187.3 182.7 184.7 190 196.8 197.3 200.6 209.7 217.3 222 224.3 224 223 222.9 224.7 230.8 239.1 240.5 241.5 241.1 239.3 248.4 253.3 255.3 257 259.3 263.3 268.2 264.1
136.3 135.5 135.4 137.3 140.1 144.2 142.1 141.5 145.7 148.7 147.6 148.1 149.7 150.7 151.1 150.3 151.3 152.1 153.6 152.6 153.7 155.4 157 156 155.7 156.2 156.9 159 160.9 162 165.9 166.9 169.6 169.8 170.9 172.2 173.9 175.2 177.2 179.4 180.5 182.2 183 185.3 186.6 189.4 190.8 192.1 194.8 196.1 185.9 182 184.9 187.3 189.9 189.7 194.7 205.1 215.8 219.8 219.4 221.9 223.2 229 233.3 234.4 228.7 229.4 233.5 244.5 249.1 251.7 253.6 255.8 258.7 261 264.3 267.6
136.4 135.1 135.7 136.4 138.4 142.2 142.4 140.7 141.9 145.9 148.6 147.7 148 150 151 149.4 149.3 149.1 150.2 150.9 152.6 154.2 155.8 157.2 157.2 157 156.2 155 158.1 158.9 161.7 163.9 166.6 168.9 170.1 171.6 171.7 173.7 174.9 177.6 179.4 181.3 182.8 184.5 185.7 188.1 191 193.2 194.6 196.9 197.1 185.5 183.6 184.4 185.4 188.9 188.5 191.9 203.3 213.9 211.6 211.7 218.6 223.4 225.7 223.7 230.2 228.8 231.9 239.9 248 249.9 252.3 255 257.7 259.7 262.2 262.7
133.5 133.4 134 134.3 136.5 138.1 140 141 142.2 142.7 145 146.3 147.2 148.3 148.6 147.6 146.7 148.3 150.3 152.5 151.7 151.6 151.7 154.5 155.8 155.5 155.5 153 154.5 157.7 157.5 160.6 164.9 167.2 169.2 171 171.9 172.8 173.4 175.1 178.2 179.6 181.9 183.7 185.5 187.8 191.4 194.1 195.2 196.4 198.4 192.8 184.4 185.2 185.7 193.7 203.6 199.1 196.2 200.1 215.4 221.2 224.7 224.6 225.1 231.1 235 233.9 230.2 232.6 240.1 245.3 250.7 254 255.9 258.3 260 260
131.8 132.7 133.8 133.9 134.9 136.2 137.6 139.5 141.9 144.4 142.8 143 143.8 144.3 144.4 144.3 145.2 147 147.5 147.3 147.8 148.9 149.1 150.3 150.6 150.8 151.4 152 151.3 153 156.5 158.5 161.5 164.2 167.9 170.1 171.1 172.3 172.8 174.7 176.5 178.7 180.9 182.6 185.1 188 191.6 193.6 195 196.8 197.4 201.2 196.9 186.6 186.4 190.8 202.1 212.7 216.8 213.7 217.5 222.1 225 227.2 229.9 232.2 234 235.9 238.4 236.3 234 239.2 248.4 252.6 254.2 256.3 257.5 257.6
133.9 132.3 132.7 134.4 135.5 136.1 136.8 137.7 139.1 141.4 142.6 143.3 142.7 143.5 144.3 145.2 148.2 150 150.3 150.5 151.7 152.4 152.8 152.1 150.8 150.6 149.8 148.8 148.8 150.2 152.6 160.2 164.8 165.3 168.8 170.1 170.8 172 173.8 173.9 176.5 178.7 179.7 181.3 184.5 187.8 189.9 191.9 194.9 196.1 197.9 198.5 202.4 197.4 186.6 187.8 195.1 206.2 215.3 218.5 216.3 218.7 221.7 224.1 226.9 230.4 233.4 234.6 237.2 239.6 235.2 236.5 246.9 252.5 253.2 254.3 254.2 255.5
132.9 133.4 133.2 133.4 135.9 137.6 135.9 136.9 138 138.7 139.6 141.1 141.6 143.5 143.9 145 146 145.5 145.5 145.5 146.2 149.2 151.8 151.3 151.9 148.6 148.2 150 155.8 156.5 152.1 154.5 162.1 165 168.4 170.7 172.2 173.4 174 175.6 176.1 177.3 179 180.7 182.6 185.7 188.2 190.4 193.5 195.5 197.2 198.5 201.8 202.2 193.7 188.7 190.2 198.1 207.8 216.5 219.6 217.6 219.8 222.3 224.5 228 230.8 233.8 236.2 239.8 240.1 235.2 243 251 250.6 249.2 252.2 257
129.2 130.6 131.1 132.6 134.3 137.2 136.8 136.6 137.7 138.5 139 140.2 141.4 142.2 142 141.7 141 142.5 142.1 143.1 143.9 145.2 145.5 146.3 146.1 148.1 151.6 153.3 153.6 155.6 154.7 153.3 157.5 164 167.1 171.1 172.9 174.8 174.8 176.1 176.8 176.4 178.1 180 182.1 183.5 186.7 189.9 191.8 194.4 195.9 197.5 200.5 201.9 199.9 190 189.7 192.9 199.1 208.2 213.7 217.9 217.6 219.6 223.3 226.1 229.3 232.9 235.3 238.9 241.3 237.4 236.2 240.8 238.1 247 254.2 257.9
130.8 130.5 128.6 129.5 132.3 135.2 136.4 136.7 136.5 138.3 138.3 138.8 139.9 140.2 139.7 141.2 142.5 140.6 138.8 138.1 139.8 140.1 140.8 144.2 151 152.8 153.1 154.8 156.2 156 156.2 157.9 155.5 156 162.6 168.9 171.8 174.6 175 176.1 176.9 176.2 177.8 179.3 180.7 182.3 184.8 188.4 190.3 192.4 193.9 195.7 198.3 199.6 200.5 193.8 190.7 191.7 195.3 202.3 211.8 215.2 217.6 218 223.3 226.6 227 231.1 234 237.5 240.9 239.2 233.1 231.2 236 240.8 251.3 257
