ny/ny63_OST50GRID_20230518/NY63.asc
ncols 200
nrows 200
xllcorner 360000
yllcorner 530000
cellsize 50
[rows 70 to 104 of 200, columns 78 to 155 of 200]
344.7 339.8 339.3 344.4 354.4 370.7 390.5 406.8 416.6 426.4 434.8 440.2 445 449.7 455.7 457.4 443.3 422.5 403.4 382.3 365 375.9 384.9 395 406.7 418.8 434.9 452.1 469.6 488.2 502.3 515.3 531.5 543.3 553 565.1 574.9 583.1 592.7 609.3 623.3 632.9 641.9 650.7 657.4 662.4 665.8 668.4 671 673.5 677.3 681.9 685.2 691 696.7 700.3 703.4 707.1 707.9 708.8 708.2 705.4 703.1 703.5 703.8 702.6 701.6 705 708.1 711.2 714.4 716.9 718.8 722 723.8 725.6 727.2 726.5
371 365 347.3 344.8 339.2 351.3 370.7 387.8 400 411.2 417.2 424.1 428.5 434.9 439 434.8 415 393 377.2 363.5 361.4 372.4 378.7 389.5 401.4 414.8 429.9 448.6 467 484.8 500.1 512.5 531 542.9 551.8 562.9 572.5 580.7 592.8 608.4 623.7 631.9 640.3 649 657.7 662.5 666 668.5 671 673.6 676.6 682.2 686.6 693.8 698.4 701.3 708.2 717.8 720.5 721.8 720.6 714.4 712.7 713.6 715.4 715 715 716.5 718.1 718.7 720.1 721.5 723.9 726.2 729.2 731 729.7 727.5
371.2 355.5 346.7 343.9 338.6 338.6 351.4 366.5 380.5 390.5 396.7 403 410.6 417.7 417.2 407.1 385.9 366.3 355.1 355.5 361 369.6 378.9 388.6 400.2 414.1 429.5 445.8 461.4 478.8 494.7 508.6 527.1 539.7 550.3 560.3 570.7 579.4 590.4 606 621.2 631.9 640.3 649.2 658 662.9 666.1 668.1 671 673.5 676.5 683 688 696 700 703 716.8 724.1 725.5 725.1 723.1 721.3 721.6 722.6 722.3 721.7 722.2 722.3 723.1 724.3 724.3 725.3 728.7 732.3 733.4 732.5 731.4 730
359.8 342.5 331.4 330.5 326.6 327.6 338 346 355.8 364 372.7 381.7 390.4 397.8 393.7 377.6 359.4 348.5 350.2 360.6 367 372.9 374.5 383.1 393.9 408.7 427.5 445.7 463.1 480.8 496.3 511.2 527.6 541 551.9 561.9 571.3 578.6 589.5 604.2 620.1 630.4 640.6 650.5 658.4 663.9 666.8 667.7 670.6 673.3 677.9 683.4 689.2 697.4 700.8 705.5 724.6 727.3 727.9 727.4 726.8 727.8 728.2 729.1 726.6 727.1 727 727.2 727.5 728.7 729.4 731.2 732.6 734.9 735.8 734.3 733.2 734.1
342.7 328.6 313.9 311.3 311.3 309.6 312.5 315.4 330.4 335.5 350.9 363.1 372.4 373.5 365.5 350.5 340.6 348.6 356.9 364.4 371.5 379.7 384.9 391.7 401.4 414.5 430.2 448.2 465.7 482.9 497.2 513.9 529.6 540.9 550.8 562.1 569.2 578.5 589 602.6 619.3 630.7 641.6 652.3 659.4 663.7 667.6 669.6 671.1 673.9 677.5 682.6 689.7 697.1 700.9 709.6 726.6 728 729.2 731.1 733.1 734.6 735.4 733.1 730.1 729.4 730.7 732.4 731.6 732.6 735 735.7 736 737 737.9 736.2 734.6 733.4
324.7 313.9 297.6 296.6 291.8 292.4 300.3 306.1 304.4 310 326.4 345.8 347.7 344.7 344.2 335.9 346 352.6 360.8 365.8 371.8 380.5 390.2 399.4 408.7 421.4 435.2 452.1 470 487.6 500.1 517.2 530.5 542.8 552.2 562 569.5 577.3 586.7 601.9 618.6 633.1 643.7 650.8 658.8 664.3 668 669.8 671.7 674.9 678.2 683.5 689.7 696.5 701.2 710.3 725.8 725.9 728 733.8 739.4 740.1 738 735.6 733.1 732.3 734.1 734.9 735.7 736.5 737.5 738 738.8 740.7 740.7 738.7 735.4 734
306.2 286.5 282.3 286.9 292.1 298.9 317.5 327.4 321.7 309.1 320.2 324 326.7 331.3 329.6 341.2 347.6 356.9 366.3 376.2 377.6 384.6 391.4 398.3 411.2 426.2 441 458.4 476.2 492.9 506.3 520.2 531.3 543.1 552.2 561.6 569.2 576.9 586.6 603.3 622.5 634.7 641.4 650.5 659 664.5 668.1 670 672.3 675.5 678.8 684.8 691.6 697.7 700.9 709.8 721.5 725.3 728.6 736.1 741 740.8 738.5 736.2 735.4 736.3 736.6 736.6 737.4 738.6 739.8 740.8 742.3 743.6 743.2 741 736.5 734.4
281.2 283.8 298.9 309 311.6 313.6 326.3 342.3 339.7 328.9 313.4 321.9 327.2 329.9 340.9 343.9 347.6 354 362.8 371.9 379.7 387.9 396.2 407.1 418.4 429.8 444.8 464.3 482.5 499.5 512.1 524.7 535.9 545 553.7 561.6 570.2 578.8 588.7 602.9 624.3 636.3 643.5 649.3 657.5 664 668 670.4 673 676.1 679.2 685.9 692.7 698.2 701.7 710.2 724.7 725.3 728.5 736.5 739.2 739.4 738.2 736.3 736.7 737.2 737.2 737.5 738.4 740 741.6 742.7 743.8 745.8 745 741.7 738.6 736.4
282.8 293 302.7 310.7 318.5 320.6 328.2 339.7 351 351.2 342.3 329.1 331.5 338.9 341 343.1 347.3 355.2 365.3 375.2 381.8 385.3 398.6 410 423.7 438.8 454 471.2 488.9 506.4 518.8 529 538.6 546.6 554.7 561.9 571.5 580.2 588.9 601.5 621.4 637.9 645.2 650.2 658.4 666 668.6 670.8 673.1 675.3 678.4 685.5 691.1 696.8 699.3 705.1 723.6 725.1 726.1 730.5 735.9 736.7 737.1 737.4 737.2 737.7 737.3 738.4 739.5 740.2 742.1 743 745 747 746.9 744.6 742.6 741.4
295.4 298.9 306.2 314.1 321.3 327.2 334.8 342.7 356.3 368.8 362.1 348.8 338.7 335.9 339.6 344 350.9 361 370.4 379 387.9 396.2 402.2 411.8 427.6 444.9 463.7 480.7 497.9 512.5 522.1 530.8 539.5 547.3 558.4 565 570.4 580.1 588.5 601.7 620.7 640 646 655 660.4 666.5 669.3 671.6 672.9 674.6 676.9 683.4 688.2 693.9 696.9 700.5 711.9 722.6 723.8 725.4 728.1 733.2 734.5 735.3 735.6 736.5 736.9 738.4 739.3 740.8 742.6 744.2 745.9 747.7 748.8 747.8 747.3 744.7
295.2 302.7 311.3 319.5 327 335.8 343 348.9 360.7 374 380.7 366.1 350.2 342.8 341.5 345.5 353 365.2 376 383.4 387.8 397.7 407.4 419.3 434.7 453.7 473 490.1 507 517.6 525.9 533.6 541.9 549.9 560 565.1 572.1 581.2 591.2 603 619.6 639.4 648.2 654.6 662.3 669.6 670.4 671.1 672.8 674.5 676 680.9 684.3 688.8 693.7 698 702.7 713.1 719 721.1 722.7 727.4 730.7 733.1 734.2 736.2 736.6 737.4 739.8 742.1 745.4 746.8 747.7 750.3 752.9 752.7 750.3 748.3
299.3 308.3 318.4 328.6 337.1 346.4 353.5 358.1 377.5 383.3 387.4 383 363.2 354.6 350.1 348.8 353.1 367.8 381.9 389.1 397 402.4 414.1 427.5 445.4 465.9 483.5 498.6 513 521.2 529.2 537.2 546.1 555.4 560.8 566.1 575.4 583.5 594.6 603.8 617.2 636.4 648.8 657.3 663.9 672.7 672.2 672.4 672.6 673.8 674.9 675.3 681.1 684.3 688.7 694.7 698.7 702.9 710 715.6 717.3 721.4 727.4 729.8 732.8 735 736.8 739.3 741.5 742.8 743.8 747.1 751 754.1 756.7 755.7 752.8 751.2
307.3 317.9 324.1 339.3 350.4 352.7 358 362.1 389.2 395.4 396.8 388.5 376.5 372.5 367 358.3 358 371 387.6 398.2 407.2 413.7 420.5 434 455.8 478.3 496.1 508 516.8 523.8 532.1 539.7 548.5 555.6 562.1 568.9 577.5 586.4 595.3 604.5 615.1 631.2 649.5 660.5 665.2 673.4 674.3 671.9 672.3 672.3 672.9 673 675.9 680.1 684.4 691.4 695.7 697.9 702.6 706.1 709.5 713.5 720.8 727.1 730.4 734.6 736.7 739.5 741.9 741.5 742 745.9 752.1 755.5 757.4 756.7 754.2 753.6
316.9 331.7 340 349.3 360.2 373.8 362.2 369.8 390.5 405.2 408 398.1 398.2 393.2 376.8 372.7 364 377.5 397 406.9 415.4 423.7 433.2 447.7 466.4 484.1 503 515.7 520.8 525.6 534.3 542.1 550.2 557.3 563.7 571.2 580.4 589 596.1 604.2 613.4 627.9 650.6 662.2 666.6 672 677 673.1 671.3 670.9 670.9 671.2 670.7 675 679.8 685.8 692.5 694.9 697.8 702.3 705.1 709 712.5 724 729.4 732.9 736.4 738.7 740.6 740.9 743.9 747.2 751.4 754.9 757.7 758.4 756.4 756.3
326.4 337.4 347 360.1 376.7 390.8 386.6 379 392.8 401.6 414.2 420 411.6 388.1 386.6 379 371.3 380.9 407.8 420 428 436.2 448.5 466.6 482.9 500.4 505 519.1 523.9 530.4 539.5 545.5 552.4 559.9 565.4 573.1 582.8 591.5 598 604.2 613.1 625 646 660.3 667.1 671.7 677.6 675 672.4 670.3 668.8 668.8 667.4 669.8 674.4 681.1 687.1 692.9 695.9 698.9 702.2 706.5 711 718.4 727.3 730.8 735.5 739.5 741.5 743.3 745.3 747.9 752.1 757.4 762.4 758.4 757.5 759.5
332.2 344.4 363 378.6 384 400.3 410.3 387.5 396 407.3 423.9 425.8 402.5 399.9 398 392.2 391.3 395.4 421.5 432.8 441.1 452.8 471 491.9 504.1 512.8 510 517.5 523.9 534.3 542 548.1 555.3 561 565.8 572.6 583.9 593.9 600.8 605.9 612.8 620.7 638.4 657.1 666.9 669.4 672.5 676.2 671.6 670.4 669.1 665.6 664.8 666.6 669.3 673.8 680.7 687.1 694.5 698.3 701.7 704.1 708.4 714.2 722.6 729.8 735.3 738.9 742.2 744.3 745 747.4 752.8 759 763.3 764.1 760.4 762.2
335 349.4 355.7 377.2 387.1 398.1 409.9 398.1 390.2 407.9 431.2 427.6 421.8 428.2 421.9 418.1 408.9 421.1 438.3 447.9 458.5 474.5 498.2 510.5 519.8 522.9 522.9 518.8 523.5 537.9 543.9 550.4 556.7 562.2 567.9 570.9 585 595.5 602.3 607.3 610.3 619.3 630.7 651 664.6 665.9 665.8 668.4 671.1 668.7 665.6 664.3 661.6 663.2 665.4 668.8 677.6 685.2 690.2 695.1 698.6 702.1 705.4 712 718 725.7 732.8 738.9 742.6 745 745.5 749.3 754.1 758.7 762.1 765 765.2 764.9
329.6 340.7 357.6 362.5 379.2 392.9 411.5 422.2 399 412.4 432.7 431.7 450.1 460.6 456.2 450.4 441.9 443.7 454.3 464 478.7 498.1 517.2 524.3 527.8 525.9 520.8 518.1 527.3 539.6 545.7 550.4 557.3 563.3 568.5 571.8 585.1 594.7 603 608.6 609.5 616.6 625.7 640.3 656.8 662.5 660.4 659.9 657 650.4 649.4 653.5 656.5 662.7 665.4 669.1 673.7 681.2 686.8 689.1 694.9 701.3 705.5 710.4 718 725.3 731.5 738.9 743.2 745.9 747 750.3 754.5 758.4 762.9 764.8 767.2 768
324 333.4 342.3 355.6 371.5 386.5 400.4 411.2 416.4 424.3 433.8 439.8 463.5 475.8 480.2 472.1 465.8 458.4 472.3 484.3 502 521.2 530 532.7 530.5 527.7 520 531.6 531.3 538.6 545.8 550.3 557.6 563.8 569.9 575.2 583.6 593.9 602.1 606.4 609.8 612.7 621.5 629.9 647 650.2 653.1 652.6 642.5 634.4 631 633.7 648.7 660.5 664.1 666.6 670.6 674.6 682.2 689.9 695.2 701.2 704.5 709 716.4 725.9 731 736.8 743.2 746.9 748.1 750.6 754.4 758.8 762.6 765.7 767.6 771.3
316 331.4 340.8 343.5 357 374.5 391.9 404.6 416.8 426.7 435.5 442.8 464.3 478.7 486.5 483.6 472.4 472.2 481.1 494.6 514.6 529.7 536.2 535.6 530.9 527.9 520.8 533.2 537.4 537.9 547.4 551.1 558.3 564.2 570.7 572.6 580.9 594.2 601.1 604.8 610 610.2 617.9 619.1 626.8 636.8 631.9 625 617.8 604.7 594.3 621.2 636.6 647.9 660 663.8 666.1 671 678.7 688.3 692.5 699.7 702.7 708.2 716.6 724.1 728.3 735.4 743.3 746.9 748.8 750.5 754.5 756.5 759.6 763.8 766.4 772
310.9 320.5 330.8 341.4 356.7 366.4 384 397.7 411.9 426.5 433.9 442.4 458.8 466.5 473.2 458.8 453.2 454.4 459.8 472.7 493.1 515.3 530.3 533.4 527.4 525.9 521.1 532.8 541 538.2 548.4 552.9 558.6 563.9 569.5 574.1 577.3 590.7 598.4 602.2 604.9 607.9 612.7 614.8 612.6 610.1 601.5 591.2 580.5 568.1 563.1 594.7 614.2 630.1 640.8 660.8 665.4 669 673.6 683.3 688.9 697.4 703.5 707.5 713.1 719.4 725.2 733.5 742.9 746.6 748.1 751.1 753.2 755.2 756.4 761.6 764.4 769.4
307.8 316.2 327.7 341.1 354.1 360.7 375.1 387.3 402.6 415.3 426.5 435.6 445.5 452.7 450.9 436 428.9 430.2 439.4 454.7 468.7 488.5 515.3 527.3 522.8 521 522.4 532.5 540.6 538.8 546.7 552.9 557 562.4 567.2 571.3 574.9 585 593.4 598.4 599.5 599.9 601 601.7 599.9 592.7 577.6 565.9 553.8 541.4 547.9 562 579.6 615.8 642.1 656.8 662.1 665 670.1 677.1 685 693.8 704.1 708 711.9 716 724.1 733.7 741.5 743.8 747.3 749.8 752.8 755.1 756.9 760 763.7 771.1
303.2 312.3 323.4 334.2 344.5 355.8 365.2 377.8 388.9 403.6 414.9 426.2 435.3 435 426.5 413.9 412.6 415.1 427.8 437.5 447.8 467.4 496.1 514.2 514.9 512.8 519.5 526.5 537.1 539.9 543.4 550.8 553.8 560.1 564.3 566.6 572.2 577 584.8 593.5 593.9 593.2 592 588.8 585.4 573.4 558.5 541.5 526.7 517.7 531.6 559.9 601.1 621.4 633 646.4 657.1 661.2 666 672.6 681.3 690.4 701.2 706.8 710.7 715.3 723.1 732 738.5 742.7 746.6 749.3 752.1 754.4 756.6 759.7 764.4 771.3
291.6 309.7 320.6 329.8 336.5 350.5 358.1 366.1 378 390.4 402.1 415 415 412.5 403.3 393.9 394.9 404.9 412.6 419.7 431.7 453.1 480.1 498 500.8 503.8 512.1 520 529.9 538.9 540.2 545.9 550.8 557.2 560.4 563 564.6 567.7 572.3 580.1 586 585.5 581.5 570.7 559.8 548.5 533.6 515.4 500.1 503.8 532 561 584.3 605.9 624.8 636.9 651.3 657.7 662.2 667.9 677.4 687 697.9 705.7 709.5 713.2 720.4 728.6 737.2 742.4 746.1 749 751.7 754 756.2 758.6 764 771.6
286.8 305.9 315.1 322.1 328.3 334 346.3 357.3 363.3 376.2 389.1 398.8 399.8 391.7 382.4 378.8 383.2 392.2 398.7 407.4 421.5 444 466.5 482.6 488.5 496.2 505.7 514.4 522.2 534.2 538.6 540.2 544.8 550.5 555.5 556.8 557.4 558.3 562.8 565.5 567.8 564.8 557.8 547.5 531.4 521 509.8 496.1 484.4 500.2 526.1 544.1 560 590.8 615.9 631.7 645.2 655.1 660.6 665.1 671.4 683.4 693.3 702.8 707.8 711.4 717.2 727.1 736.4 742.6 745.9 749 751.6 754 756.2 758.6 762.9 770.5
270.1 293 311.3 320.1 328 337.5 335.4 346.8 355.9 361.5 368 371.5 370.2 368.1 365.1 368.9 372.6 381.2 388.4 399.5 417 437.3 449.7 462.7 475.3 484.7 496.4 507.3 509.6 527.2 535.7 537.2 538.8 543.9 549.1 548.8 547.5 547.9 549.8 553.1 551.7 543.5 536.2 526.1 514 502.2 487.6 476.9 473.5 494.3 507.6 519.7 548.4 579 609.8 626.7 641.3 651.5 657.3 662.6 669.2 679.5 689.5 698.5 705.6 709.6 715 725.6 736.9 743.5 746.8 748.6 751.1 753.5 756 757.7 760.5 768.7
263 283.2 306.6 314.9 318.9 326.4 329.9 339.9 344.9 349.2 347.3 347.3 350.5 350 355.5 361.7 365.9 374.5 382.2 393.6 408.3 422.7 429.9 439.5 459.4 474.5 484.2 493.4 499 516.1 530.3 535.1 536.1 538.1 542.7 544 541.9 541.4 542.2 546.8 539.1 525.7 516.5 505.6 494.4 479 464.5 460.1 465.5 479.5 504.7 530.1 549.9 576 606.9 626.2 637.6 647.8 655.2 661 667.1 674.5 686.8 696.4 703.4 707.4 713.2 726 734.6 742.9 746.9 748.2 750.6 753.1 755.4 758.2 761.7 766.7
261.2 282.2 303.3 313 319.7 320.6 326.6 333 334.3 336.4 337.7 350.8 352.5 343.5 346.2 352.8 359.9 367.6 374.4 385.4 395.2 404.6 410.4 426.2 447.7 465.5 476.2 485.8 493.8 503.6 524.6 533.9 533.7 533.8 537.9 537.9 536.6 533.8 533.3 529.5 517.9 500.6 484.7 477.1 469.6 454.5 448.7 461 481.8 494.6 517 542 564.7 594.9 612.5 626.9 634.9 645.6 654.6 660 664.6 671.3 682.9 692.5 700.4 705.5 709.2 723.1 732.6 740.9 744.9 747.2 749.7 752.6 755.3 757.9 762 767.3
260.1 277.3 297.9 307.6 314.5 317.1 321.3 324.7 330.8 335.5 338.7 340 339.1 335.1 339.4 345.2 351.1 359.9 366.5 375.7 382.8 390.9 400.6 418.1 438 457.3 470.3 480.9 489.9 497.1 513.4 529 531.7 530.9 531.8 531.3 526.4 517.8 511.1 504.8 492.4 470 465.8 458.4 453.1 442.6 444.6 464.1 483.8 504.6 530.3 553.1 578.8 602 616.2 626.3 633.4 644.8 653.9 659.6 663.1 669.6 676.2 688.1 695.6 702.3 707.3 717 728.1 736.3 741.8 745.5 748.8 751.2 753.8 757.4 761.1 767.4
259.5 271.8 286 298.6 308.3 315 318 322 326.7 330.3 330.6 328.7 327.7 323.5 332.1 337.9 344.7 351.3 358.3 366.7 375.9 383.2 392.1 407.6 429 449 465.3 474.8 483.4 492.6 502.3 520.5 524.1 527.5 526 519.6 506.5 495.9 487 477.7 463.4 457 455.2 449 440.2 434.2 452.8 471.4 489.2 510.2 537.9 561.1 587.6 603.5 611.6 624.6 631 641.9 652.9 659.4 663.2 667.5 673.8 683.1 692 699.3 705.6 711.6 722.3 734.7 740.3 744.2 747.6 750.5 753.1 755.7 760.1 762.9
258.5 271.6 285.9 295.1 308.4 312 313 315 317.8 320.2 320.6 320 321 310.6 320.9 332.9 337.3 343.6 350.4 359 368.6 376.9 386.8 403.4 422.1 440.8 456 467.2 477.7 487 491.7 508.3 517 514.1 507 493 476.8 468 462.2 458.2 452.6 446.3 444.3 435.1 434 440.6 460.6 476.6 496.2 525.1 547.2 565.8 587.3 603 611.4 620.5 629.8 639.7 651.6 659.2 662.6 667.8 674 681.9 688.6 696.4 704.2 708.4 714.5 731 737.8 741.7 745.3 749.1 752.3 754.5 758 764.1
259.3 270 280.8 288.6 300.6 298.8 301.1 307.7 310.3 313.5 313.7 314.3 315.4 304.7 305.9 312.4 328.5 333.7 343.3 353.4 364.2 372.4 381.5 398.1 415.5 432.1 448.4 461.4 470.8 477.4 479.1 487.9 491.3 487.1 478 468.1 461.7 453.9 448.9 442.8 435.4 430.6 424.5 423.8 428 448.2 469.3 489.4 515.5 533.1 553.2 571.8 589.9 601.7 609.4 616 626 638.7 650.2 658.2 663.1 667.7 673.3 680 686.5 693.5 700 705.4 710.4 722.5 733.4 739.9 743.9 747.4 751.5 754.6 758.7 764.6
260.7 267.5 272.9 282.3 281.3 281.4 284.2 289.1 298.3 305.2 308.7 305.5 295.7 300.2 315.8 323.4 333.4 339.3 342.6 349.9 360.8 370.6 380 396.9 412.9 428.1 444.2 457.5 463.8 465.5 462.5 462.4 462.2 458.8 453.1 447.1 441.8 436 434.6 428.7 420.9 409.5 410.3 422.3 441 461.3 483.5 506.6 529.9 547 557.8 572.5 590.4 601.6 608.7 615.9 626.2 638.9 650.3 658.8 663.6 668.5 672.5 677.9 684.1 690.2 696.6 702.8 707.8 717.6 729.9 738.1 743.7 747.7 751.1 754.9 758 762.3
261.3 262.2 260.8 261.6 263.1 264.5 267.7 270.3 277.6 292.6 294.6 285.1 299.3 309.7 316.9 330.1 344.7 343.1 341 348.8 359.4 371.5 382.8 397.3 412.1 424.2 436.4 445 450.6 450.3 446.1 441.1 439.5 436.2 432.1 428.1 423.2 418.8 416.5 411.5 399.9 403.9 416.7 432.4 447.8 472.9 499.2 521.8 537.9 551.9 559.2 571.8 589.1 601 609.2 615 627.5 639.2 649 657.2 662 667.2 670.8 675.7 681.9 687.8 693.9 699.8 706.2 713.3 727.2 736.7 742.6 747 750.9 754 756.2 761.1
259.9 253.6 258.3 266.3 270.9 272.9 272.1 270.2 271.8 276.8 279.5 289 301.6 310.4 321.1 330.6 342.7 341.7 334.5 346.6 362.3 378 391.3 405.6 421.9 411.5 421.1 431.9 438.3 436.2 427.7 420.3 416.7 414.9 412.3 408.7 406.1 402.3 400.8 391.6 394.1 407.7 423.8 441.9 464.6 491.1 499.4 522.5 542 554.1 564.1 574.1 587 602.2 610.1 617.4 626.1 635.6 644.8 656.1 661.9 666.2 669.1 673.3 678.9 685.5 691.8 697.7 703.2 709.6 719.7 732.3 739.4 744.8 749.7 752.7 755.7 759.8
