ny/ny63_OST50GRID_20230518/NY63.asc
ncols 200
nrows 200
xllcorner 360000
yllcorner 530000
cellsize 50
[rows 105 to 139 of 200, columns 78 to 155 of 200]
249.4 255.9 267.1 275 280.2 283.1 280.5 280.5 272.6 272.8 276.9 285.6 296.8 306.6 316.4 318.4 322.4 323.9 333.1 348.2 363.1 380.2 394.5 408.2 415.2 391.9 409.9 417.5 420.3 416.1 408.1 401.6 397 394.7 391.7 390.5 389 389.7 384.8 388.2 402 414.9 432.3 454.5 476.3 502.2 520.3 533.5 542.7 552.2 565.6 575.2 587.2 601.3 610.8 617.2 623.7 630.3 640.5 651.6 659.4 664.1 667.8 671.2 676.2 682.1 688.8 694.6 699.6 706.5 717.5 727.1 735.7 741.9 747.3 751.3 754.4 758.7
253.9 260 270.5 275.9 279.2 282.3 283.9 284.8 279.7 272.4 273 274.4 281.1 294 304 308.7 311 320.2 334.4 350 363.8 376.6 388.7 395.7 395.2 379.2 398.7 401.3 399.9 396.1 390.2 384.3 381.5 379.5 377.9 377.9 378.4 377.5 380.9 395.3 410.3 425.5 444.1 466.7 492.1 510.5 524.9 539.8 548.8 558.4 566.7 574.5 583.8 596.5 608.3 616.4 621.3 628.7 637.7 647.7 658.1 664.5 667.9 671 674.4 678.9 684.5 692.8 698.8 705.6 713.3 722.9 732.9 738.7 745 748.8 753.4 757.7
254.2 264.6 271.3 275.1 277.5 279.4 280.9 281.3 280.9 277.7 271.7 270 271.2 278.9 293.3 295.7 310.6 320.6 336.7 351.7 362.4 363.6 364 369.5 371.5 368.1 383.1 384.2 382.6 379.6 374.4 371.6 369.9 369.3 365.8 363.2 369.3 379.3 389 403.9 423.1 440.9 456.6 474.5 497.2 518.3 528.7 542.9 551.5 559.9 568.9 577.8 585 599 611.2 616.7 621.7 630.1 635.4 642.5 653.7 665 667.8 669.2 673.4 677.7 682.2 689 696.3 701.6 709 718.4 727.4 735.4 741.7 747.4 750.8 756.2
259.5 265.3 270.2 273.2 275.3 276.1 276.4 276.4 276.1 278 279.7 281.3 270.2 273.3 282.2 304.2 316.1 323.1 335.9 349.1 359.8 370.9 379.6 373.4 349.9 358.7 365.6 367.3 365.1 362.9 359.5 360 361.3 355.2 359.6 367.2 373.8 382.6 398.1 416.2 436 449.7 462.8 478.3 502.1 522.9 529.9 546 553.3 561.7 571.2 578.3 586.9 600.2 612.9 618.7 622.7 626.4 632.3 638.7 645.8 659.3 665.7 667.3 671.3 675.4 680.6 686.2 693.7 700.4 706.6 714.4 723.6 732.5 740 745.7 750.7 754.3
257.4 263.3 268 271 271.9 271.9 271.9 272 272 272.2 276.6 273.5 268.8 271.5 280.6 297.3 310.7 321 330.6 340.7 350.1 357.9 359.7 352.1 339.3 346.6 347.5 350.7 352 352.1 352.8 351.7 347 348.6 361.4 369.9 379.3 392.4 410.2 430.5 445.4 456 465.1 481.2 508 527.8 532.6 548.2 556.1 562.3 572.6 579.8 585.6 599.9 614 619.9 622.9 625 628 632.5 641.1 648.2 658.3 664.5 668.9 673.2 678.5 684 690.8 697.8 704.2 710.7 719.9 728.9 737.2 744.1 749 752.9
255.3 259.8 265 267.6 268.2 267.9 267.3 267.1 260.7 255.9 260.6 264.2 268.2 270.1 276.5 290 301.7 308.4 319.9 328.2 331.8 334.9 338.4 328.7 330.6 327.3 330.5 334.3 337 340.9 334.7 338.7 348 359.5 367.2 378.1 390.3 403.7 417.8 434.7 449.9 459.1 471.2 489.1 514 530.7 533.9 548.1 556 562.7 573.2 579.7 584.3 594.4 608.1 617.1 621.4 621.4 621.2 622.1 626.3 638.6 647.9 656.9 664 670.2 675.7 681.6 687.9 694.2 702.4 707.5 714.9 723.8 732.3 739.7 746.8 751.6
250.9 255.1 260.9 263.4 263.6 263.2 257.5 248.7 257.8 267.4 258.6 260.1 261.6 265.4 274.8 282.9 289.4 294.9 302.2 309.2 313.7 317.3 312.1 307.5 319.8 319.1 313.5 318.1 322.5 327.2 332.7 349.1 356.1 364.5 374.5 385.4 396.1 406.3 417.6 432.8 450.8 463.3 478.3 499.8 521.4 532.4 537.6 547 556 563.2 571.5 582.7 584.8 587.8 594.2 597.6 603.4 611.5 614.1 614.6 617.3 625.9 635.9 647.7 655.9 665 673.2 679.3 685.6 692.9 700.7 706.9 712 719.8 728 735.9 743.4 750.2
249.9 251 254.4 258.8 258.9 257.7 246.2 258.7 264.5 267.5 268.5 268.5 266.7 266.1 266.7 269.9 274.4 278.2 282.2 286.6 291 300.8 295.4 300.2 308.9 312.3 311.3 323.3 332.9 338.3 349.3 359.9 363 370.8 380.3 388.7 396.9 406.1 417 431.3 452.4 465.6 484.1 508 524.3 532.5 539.7 544.7 556.9 563.5 570.3 582.5 584.8 586.7 586.3 586.7 588.4 591.2 596.1 601.7 609.5 615.4 624.8 635 646.9 657.2 667.8 677.1 683.6 690.8 698.1 705.5 710.7 717.2 725.7 733.9 740.8 747.9
248 251.1 252.7 254 255.4 248.4 246.2 257.9 262.3 269.2 269.9 270.3 271.6 274.6 276.6 276 276 276.6 278.5 282.4 286.9 290.4 294.1 297.4 301.2 303.9 306.6 313.7 328.2 339.7 347.8 359.4 366.7 372.9 381.9 389 396.3 405.3 416.4 430.3 450.8 465.9 487.4 513.8 524.7 533.3 542 541.9 556.6 561.2 568.2 575.8 581.3 580.8 578.9 576.9 575.9 576.4 579.7 585.7 592.7 607.2 616.4 627.1 637.4 648.6 660 671.7 680 687.7 696 704.7 710.7 717 723.9 731.7 738.9 746
247 247.1 248.9 250.7 250 241 253 257.9 262.3 268.9 270 269.6 272 274.7 278.7 281.7 285.5 288.6 291.2 292.9 284.6 288.1 291 294.3 298.3 300.1 302.2 313.7 324.7 331.7 346.1 358 366.5 373 381.8 388.4 396.6 405.5 415.9 428.9 449.3 466.2 490.2 514.7 523.8 535.3 542 545.6 550.5 558.7 562 569 573.7 574.5 571.5 567.2 562.8 563.4 567.4 570.9 579.3 591.6 608.3 618.7 629.7 637.6 651.5 667.3 677 684.6 691.6 702.9 711.7 716.5 723.3 730.3 737.1 744
243.9 244.3 246.1 242.5 239.1 248.7 251.4 255.1 262.5 265 266.7 267.3 269.3 272.6 276.1 280 283.5 286.5 289.7 293.3 297.1 298.7 305 310 302.9 298.4 301.5 317.8 333.3 339.3 336.2 352.7 364.3 371.6 380.3 388.7 397.5 405.5 415.9 428.4 447.9 467 489 514.2 520.3 533.8 540.8 547.9 543 552.8 555.7 557.7 561.3 559.8 558.2 552.6 547 546.8 549.5 554.1 566.2 576.1 595.1 612.7 620.9 633.1 646 661.3 670.6 683.1 689.8 700.4 710.2 715.7 721.9 728.5 735.3 741.8
237.4 233.3 234.6 236.1 244.4 249 253.7 253.4 256.4 259.5 263.6 265.7 268.5 270.6 273.8 277.8 281.1 284.5 288 292 296.9 300.6 306.1 310.8 313.9 302.6 299.6 307.1 325.3 339 336.7 352.9 362.8 370.1 380 389.2 397.6 406.2 414.9 426.9 443.1 462.5 480.5 507.1 520.8 528.7 537.8 545 546.7 542.9 545.7 547.1 547.6 545.4 539.7 535.1 530.5 529.6 530.4 536.3 553.5 568.9 580.3 599.8 617.7 628.7 639.8 654.3 663.9 676 688.6 698.2 709.7 715 720.2 725.8 733.2 740
229.8 231.6 238.6 243.5 246.1 247.6 249.8 254.7 254.7 254.6 257.8 263.2 265.7 267.7 270.7 275.1 279 282.5 286.6 291.6 296.4 300.3 304.7 310.7 316 316.5 302.4 303.1 310.4 331.7 342.1 349.8 362.3 365.2 377.7 385.2 396.8 404.1 411.4 419.9 431.7 444.7 462.1 480.2 502.1 519.6 529.6 536.3 540.9 540.6 538.5 536.7 536.1 530.3 522.4 516.7 513.1 510.5 507.7 514.7 535.2 559 577.1 591.4 611.3 624.6 636.5 648.1 659.7 671.9 687.6 699.2 709.3 715.6 719.3 724.2 731.7 739.5
237.2 241.3 242 236.5 241.7 242.7 245.3 247.6 252.1 258.8 260 263.3 266 267.4 269.2 274.3 278.3 282.6 287.1 292.4 296.6 300.3 305.4 310.9 316.2 320.8 314.9 303.2 305.6 323.9 344.1 348.1 357.9 366.6 368.6 381.8 390.1 397.4 403.4 409.6 418.6 428.6 442.8 459.9 471.4 480.8 501.8 516.2 523 528.3 530.5 526.7 520.9 512.4 501.7 492.1 487.4 484.5 483.4 510.4 529.9 550.4 567.1 580.1 596.8 617.5 635 646.6 654.5 667.6 685.7 701.8 709.7 716 719.9 724.3 730.7 738.2
238.5 242.2 245.2 244 244.6 246.3 249.5 250.6 256.3 259.2 263 267.1 269.4 271.8 273.7 277.3 280.9 284.5 288 294.8 298.3 301.7 305.6 310.7 315.4 319.8 322.9 309 305.2 314.1 334.4 352.9 356.4 359.6 365.8 372.4 380.1 385.7 391.7 398.5 405.9 415.5 424.8 438.5 453.5 462 471.5 480.4 492.3 503.7 510.4 505.8 499.7 484.9 466.8 456.4 451.4 459.5 483.3 502.5 521.6 537.4 555 576.2 597.3 619 634.7 646.1 654.5 669.2 684.8 701.9 710.1 716.7 721 724.6 730.2 736.1
240.3 244.8 246.4 246.5 247.4 249 256.6 255.7 259 263.9 267.2 270.3 274.3 276.6 279.2 282.6 286 290 293.4 294.4 299.5 302.9 306.9 310.7 315 318.7 321 314.6 305.4 309.9 329.9 352.7 357.7 358.6 358.4 364.9 368.8 373.8 379.3 385.3 394.2 402.2 409.8 420.8 433.7 442.3 448.3 456.2 462.5 472.4 478.2 477.4 466.7 451.8 436.6 431.4 450.5 480.3 503.5 516.1 523.1 543.6 560.8 578.6 596.7 617.5 634.2 644.8 654.4 666.6 684.7 700.7 710.4 717.1 721.6 725.2 729.7 733.7
239.8 243.5 246.4 247.8 249 256.9 256.3 258 260.6 265.4 270.2 273.7 278.4 282.3 285 288.9 292 294.3 297.1 299.8 301.5 304.1 307.2 310.8 314.3 317.6 320.9 320.7 307.8 307.2 321 348.5 354.5 356 355.3 357.6 359.5 363.7 368.5 375.2 381.1 388.8 397.3 405.5 414.9 420 427.6 435.7 443.6 450.2 453.1 451 442.6 429.4 422 439.1 463.3 493.3 514 524.3 533.3 546.1 565.7 581.2 597.3 616.1 634.8 644.3 653.2 662.4 679.7 695.9 711.6 717.3 721.6 725.5 729.2 732.2
239.6 242.7 246 248.4 251.3 257.2 257.2 260.2 262.7 266 270.2 275.1 280.5 284 287.4 291.1 293.9 297 299.8 302 304.1 305.7 307.2 310.7 314.4 317.6 320.9 323 311.3 305.4 312.2 337.5 349.4 350.6 350.4 350.6 351.4 354.2 359 364.3 370.2 374.7 382.1 390.9 397.8 404.2 410.5 416.7 423.5 427.2 429.6 428.2 419.9 406.7 425.2 448.2 471.8 497.9 521.3 528 538.1 544.8 568.1 583.8 598.3 615.7 634.3 646.4 657.5 660.5 673.6 691.5 708.6 716.4 721 724.7 728.4 731.2
239.3 242.5 245.7 248.9 251.9 256.5 257.4 260.5 263.8 265.5 268.9 273.5 279.7 283.5 287.4 290.3 293.4 297 300.5 303.3 306.1 307.7 308.7 310.8 314.5 318.1 322 324.8 318.6 304.7 307.2 327.2 341.9 344.2 342.3 342.5 342.6 345.7 349.6 353.1 357.8 363.4 369.7 376.8 383.3 389.2 393.5 399 402.8 407.8 408.9 408.5 398.8 415.3 438.2 455.3 474.4 501.8 524.3 531.4 546.7 545.6 574.1 590.8 600.6 615.8 634.6 645.6 655.8 664.9 675.8 694.6 706.4 715 720.4 723.3 726.9 730.2
238.2 242.3 245.5 249.1 251.2 254.2 255.8 258.4 261.3 264.2 266.4 270.1 275.8 281.3 284.4 287.6 291.7 295.8 300.4 304.6 308.3 309.7 310.9 311.9 314.8 319.5 322.8 324.7 322.7 306 304 327.4 336.8 338 335.3 335.5 337 338.5 340.7 344.3 350.4 354.4 358.3 364.8 370.3 374.7 379.6 383.2 388 390.4 392.5 388.9 400.5 424.7 445.9 463.7 484.8 510.7 527.5 541.7 550.3 557.4 577.9 592.3 601.1 615.6 632.4 642.7 652 667.1 679.3 692.2 703.5 714.1 720 722.9 725.2 728.8
234 240.2 244.9 248.4 251.1 251.7 252.4 254.7 256.8 259.5 263.2 266.3 269.7 275.2 278.8 284 290.2 296.5 302.1 306.7 311.5 315.6 317.2 315.5 316.5 321.6 323.9 323.6 317.2 305.8 299.4 313.9 326.9 326 325.7 327.9 330.5 331.5 333.4 335.6 339.4 342.4 345.3 351.9 358.7 363.1 366.8 370.4 374.6 377.9 379.9 391.9 408.9 430.7 450.8 468.7 496.1 521.8 537.6 547.5 562.1 571.1 585.1 596 604.4 615.6 629.2 642.1 651.5 664.7 676 688.5 701 712.5 720.1 722.7 724.4 726.4
223.9 235.8 241.1 245.7 249.1 249.4 249.5 250.2 251.5 254 257.1 262.1 264.6 271 277.3 284.7 291.8 299.1 304.8 309.7 316.1 322.3 324.3 322.5 319.6 322.8 323.4 321.6 317 307.1 298.6 296.7 296.6 302.4 303 310.7 322.6 324.6 326.8 329.3 332.1 335.1 338.9 343 348.2 351.8 356.4 361.2 366.9 375 387.1 402.7 424.9 445.9 464.5 478 509.9 532.7 547.3 559.3 572.7 581.7 589.8 598.4 606 616.4 627.6 640.6 649.4 657.9 671.6 682.9 695.2 709.5 720.8 723.2 724.7 726
212.7 225.6 237.1 241.3 243.2 243.1 243.8 243.9 246.6 250.8 256.2 262.3 267.4 271.6 276.4 286.3 294.3 300.2 305.9 311.9 316.9 324.4 329.6 327.1 323.8 322 320.4 318.1 314.8 311 308.8 303.5 298.1 294.9 294.2 303.4 315.4 318.4 320 323.4 325.7 329.8 331.9 337.7 346.6 353.1 361.2 369.6 377.6 388.4 402 419 440.4 459.5 476.9 495.8 523.2 540.7 553.6 562.9 578.1 587.8 595 600.4 608.2 615.4 625.2 637.7 648.7 656.1 664.3 678.6 688.3 700.1 716.5 724.4 725.6 726.5
217.6 216.1 228.7 237.1 238.7 238.4 240.9 244 247.3 251.8 256.6 262.8 269.2 274.9 278.7 284.7 293.9 299.1 304.3 309.3 315.1 326.4 329.7 328.4 323.3 320.1 317.1 314 310.6 308.5 307.4 310.3 309.1 304.5 292.4 294.9 304 311.6 314 318.6 323.4 326 331.9 347.1 360.3 372.8 381.4 387.5 395.5 407.4 422.2 439.8 460.3 474.9 488.3 518.8 539.9 548.3 557.7 567 578.6 590.2 598.3 602.3 610.6 617.7 624.3 633.9 643.5 654.7 660.5 670.4 687.9 693.7 700.5 709.7 725.2 726
224 217.8 223.7 234.2 234.4 237.4 241.1 244.7 247.8 251.6 255.9 262.5 269.1 276 280.7 284 292.2 297.2 300.8 304.7 312 321.7 328.5 326.7 321.5 317.9 313.3 309.6 307.1 304.6 302.9 302.7 291.8 288.3 291.8 295.3 300.1 306.2 311.3 316 319.9 319.6 327 336.7 353.8 372.6 391 405 416.7 430.8 447.8 464.7 477.6 490.2 517 535.9 550.3 556 562.9 571.8 581.7 591.2 598 604.1 611.6 617.1 621.5 629.8 638.1 650.5 659.2 665.4 674.8 687.3 698.4 702.4 707.8 721.7
222.4 221.6 220.2 225.7 230.8 235.9 240 243.7 246.8 250.5 255.2 260.6 266.4 273.5 280.3 281.3 286.7 291.4 296.1 299.9 306.3 315.5 326.9 323.5 320 315.9 309.2 306.2 303.2 300.5 298.6 291.5 285 287.9 292 296.4 300.3 305.2 308.7 310.9 313.6 315.4 324.7 331.9 347.6 367.7 387.9 405.2 420.5 438.3 460.9 479.3 501.3 518.5 532.6 546.5 555.1 559.7 567.5 575.3 583.1 591.8 597.2 605.5 611.4 616.4 623.9 630 634.5 645.4 658.2 664.9 669.5 675.4 684.1 694.5 702.8 706.6
220.1 223.6 219.5 222.7 228 233.2 237.8 241.2 244.8 248.3 252.2 257.5 263.3 268.6 273.9 277.2 280.2 284 289.4 293.6 299.1 308.5 320.2 319.4 317 312.3 305.1 302.1 299.1 296.5 289.1 281.6 283.2 286.3 292.2 295.6 299.3 302.4 304.4 307.5 307.9 311.5 321.8 330 343 360.4 380.4 401 417.8 437.7 461.4 481.2 512.2 530 539 554.9 558.5 562 569.8 577.7 584.7 591.3 595.8 605.1 611.4 617.2 620.4 629.3 634.2 642.1 655.8 664.2 669 672.7 677.9 681.4 687.1 698.2
217.3 219.8 217.5 219.4 225.3 230.5 234.8 238.6 241.9 244.4 247.3 251.9 256.9 261.8 266.9 269.9 272.3 277.8 281.9 286.6 291.5 298.7 309.9 314.6 311.5 306.8 301.2 298.6 295.1 290.9 279.5 278.7 286.2 289.5 291.2 293.3 295.8 298.2 301 302.8 303 310.9 320.8 328.5 338.4 356.8 373.1 394.4 412 432.3 454 472.9 499 530.8 542.2 556.9 558.7 563.5 568.4 577.8 584.9 588.8 598.9 602.6 610.6 616.5 620.8 624.1 632.5 637.5 644.6 654.5 665.5 670.1 673 677.7 681.7 688.3
214.1 214.9 215.8 216.8 223.5 226.9 230.6 234.3 235.8 236.7 238 239.3 246.3 253.3 258.1 262.5 266.6 272 276.1 280.3 285 290.4 300.9 311 306.8 301.8 296.6 294.4 291.6 285.8 275 285.3 285.3 285.7 287.6 289.6 291.9 294.2 296.5 295.8 301.4 315.1 323.2 329 336.7 349.9 367.9 387.6 405.4 423 441.7 461.7 484.5 513 542.1 553.2 558 564.7 567.8 578.6 585.1 588 593.1 603.9 610.1 614.5 621.4 622.6 631.4 635.8 638.2 643.3 651.2 661.1 669.6 674 677.8 681.9
211.1 213.5 214.8 217.7 222.8 225.2 226.9 228.6 230.4 227.2 227.5 228.4 237.9 244.4 251.8 254.7 261.5 267.1 271.3 275.5 279.2 283.2 290.7 300.8 304.5 299.1 294 290.2 287.9 283.9 272 280.1 277.4 281.6 285.3 286.9 289 289 289.5 296.1 305.3 313.5 322.9 330.7 336.8 350.3 364.8 380.6 399.9 416.9 433.2 451.5 473.2 495.9 523.5 546.2 556.6 564.3 567.2 572.6 582.2 586.7 590.3 597.1 609.4 614.9 620.4 624.3 628.7 634 636.1 639.5 644.9 647.3 658.9 667.9 672.1 675.5
211.9 214.6 215.5 218.8 222 223.3 222.8 221.8 219.9 218.7 222.1 228.2 235.1 240.3 243.8 248.7 251.9 258.5 263.5 269.2 273.1 277.3 283.6 290.8 301.2 298.8 294.6 289.9 285.7 282.1 270.9 269.9 272.9 277.5 281.5 283.5 284.9 283.3 293.4 299.1 306.5 314 323.9 330.7 338.4 349.9 362.6 375 390.9 408.8 424.3 441.7 460.9 479.8 500.7 529.6 552.8 560.3 568.5 572.3 578.5 587.6 591.8 594.2 597.8 614.1 617.2 623.3 627.5 631.1 633.9 636.3 641.1 644.9 647.5 652.1 658.1 664.6
210.4 212.6 214.9 216.6 218.3 218.4 217.6 217.2 218.5 219 220.5 227.4 233.1 237.2 239.7 236.4 240.3 245.4 250.9 258.9 266.7 272.8 277.9 284 294.6 299.1 296.1 290.4 285.3 281.1 269.3 269.2 277.9 276 278.6 280.5 278.8 284.7 291.6 296.5 306.8 316.3 323.7 331.7 338.2 345 356.3 370.8 382.1 399.4 415.4 433.1 453.5 469.8 484.8 511.4 543.1 559.8 568 573.3 575.8 586.8 593.9 597.3 596.3 610 615.9 619.7 624.9 627.4 630.9 633.9 636.3 640.1 641.9 644.3 647.3 653.5
209.1 210.5 213 214.4 215.3 217.3 220.1 222.8 223.6 220.2 221.6 227.8 231.3 232.7 234.9 229.6 234.9 244.2 249.8 248.8 256.3 265.2 273.7 278.9 285 293 298 290.9 283.7 278.1 267.8 271.8 276.9 277.1 276.3 275.4 274.2 283.4 289.7 294.9 305 313.9 322 330.1 334.7 342.1 352 360 371.9 385.5 406.3 424.9 442.7 459.1 474.7 495.6 523.3 552.7 564.6 573 576.2 580.5 592.9 598.6 600.3 601.8 606.3 614.5 619 622.7 626.6 629.2 631.3 634.9 637.7 639.9 642.5 647.4
205.8 208.6 212.5 213.2 216.1 219.1 221.9 223.5 223.4 219.7 220.9 225 227 227.5 227.2 226.7 230.4 241.6 248.7 250.6 248 256.2 265.7 270.8 274.8 283.4 292.1 291.8 283.7 276 265.4 265.8 273 274.7 272.6 271.8 270.7 279 288.1 293 298.4 304.5 316.2 324.3 331.3 339.7 346.7 349.4 360.4 375.3 392 417.3 434.7 449 464.4 483.8 505.6 532.5 556.6 570 575.9 579.1 583.5 593.9 600.1 602.8 604.9 604.2 610.2 615 619.8 623.6 627 628.7 632.4 635.4 637.9 640.9
201.2 205.1 210 212.7 213.6 216.2 219.3 221.6 222.1 219.1 220.4 223.9 224.5 225.9 226.2 228.5 227.9 232.1 241.7 247.8 245.1 249.5 261.7 270.8 275.6 274.7 282.9 285.2 282.1 273.3 261.9 265.1 269.3 270.8 268.1 268.5 267.5 276.7 285.6 291 296 300.8 307 314.2 322.1 329.9 331.9 342.3 352.8 367 386.8 412.1 429.7 443.9 457.3 473.3 489.8 511.8 538.4 559.4 568.5 576 579.7 584.9 592.6 601.1 603.9 606.6 605.5 609.6 613.6 617.2 620.9 623.2 625.2 629 632 635.2
