ny/ny63_OST50GRID_20230518/NY63.asc
ncols 200
nrows 200
xllcorner 360000
yllcorner 530000
cellsize 50
[rows 35 to 69 of 200, columns 78 to 155 of 200]
593.1 595.3 601.5 606.5 608 611 612.4 614 617 622 628.5 641.1 648.9 654.1 663.3 672.2 674.1 677.2 680.4 683.6 685.5 688.5 692 694.8 698.6 700.4 698.1 694.3 690.9 687.4 684.2 681.1 678.1 675 672 669.9 667.1 662.6 652.9 644.5 638.7 635 630 626.5 624.4 622 619.4 615.9 611.7 606.7 601 594.9 588.3 583.9 578.1 575.2 572.1 569.6 568 566 563.1 561.1 558.6 555.6 552.7 551.8 550 550.2 549 548.1 547 541.1 546.6 549.4 550.5 551.8 553 554.1
588.6 586.6 591.3 595.4 596.9 597.8 596.6 593.8 596 598.6 607.9 623.3 638.6 649.9 658.3 662.7 675.1 678.9 681.2 685.1 687.8 690.1 694 697.3 701.8 704.1 701.5 697.8 694.7 689.8 686.5 683.9 681 678 674.9 671.2 667.7 662.8 652.6 644.1 639.6 634.9 630.6 626.8 624.7 621.9 618.9 615.4 611.4 607.1 601.6 596.6 592.1 588.2 583.3 579.7 575.8 572.9 571.1 568.1 567 564.7 561 558.9 557.4 555.6 553.5 553.3 552.1 551.8 549.9 544.4 550.4 552 552.7 554.2 555 557.3
572.8 575.9 575 575.9 576.9 577.3 577.8 578.9 581.9 585.7 592.1 601.2 614.8 629.6 652.9 662 671.6 680.8 682.2 685 688.4 691.1 694.7 698.7 703.4 706.6 705.6 701.7 698.7 691.8 688.7 685.7 683.6 680.8 677 672.6 668.3 662.3 651.3 646.1 641.1 635.8 630.5 627.6 624.7 622.2 619.6 616.4 611.9 608.2 603.8 599.2 595.9 592.2 587.6 582.7 579.1 576.3 573.8 571.8 570 567.2 563.2 561.8 560 557.2 556.1 556.5 556 554.6 552.7 550 552.9 554.5 554.7 556.7 559 560.6
539.8 548 551.1 551.6 555.4 559.7 563.9 569.9 574.4 577.3 583.4 590.4 598 608.9 631.2 653.3 663.5 674.7 682.5 685.2 687.8 691.3 694.6 698.5 704.5 708.6 708.5 704.3 700.5 693.9 689.9 687.3 685.3 682.3 678.2 673.8 669.3 662.1 652.1 647.6 641.7 635.5 631.1 627.9 625.2 623 620.4 617.4 614 610.3 606.5 602.2 599.2 595.1 590.2 586.8 582.8 580.5 577.7 575.1 572.3 569.1 567.1 564.3 562.4 560.8 560.4 558.5 557.9 556.7 554.8 553.1 556.2 557.3 557.5 559.1 562.9 564.5
516.3 523.3 527 530.7 536.1 545.4 551.2 559.9 564 566 572.6 578.1 585.9 596.1 606.7 628.1 648.9 664.5 676.1 683.6 685.6 689.9 692.7 697.2 703 709 710.1 705.6 701.2 695.1 691 687.9 686.1 683.3 679.5 675 669.7 662.6 654.2 648 642.9 636.5 631.9 628.8 625.4 623.9 621.3 618.7 616.9 613.6 610.3 606.1 603.1 597.9 593.6 589.8 586.5 584.4 581.1 578.2 574.9 572.8 569.6 567 565.1 564.1 563 561.6 560.5 558.4 557.5 557.6 558.7 560.2 561.6 563.3 566.3 568.5
494.7 501.8 506.4 509.6 515.6 524.3 532.3 542.8 544.4 548.7 552.9 562 571.1 582.6 592.8 604.3 620.2 641.3 665 676.1 683.5 686.4 688.8 693.5 699.7 707.3 709.7 706 701.8 695.8 691.9 688.8 686.2 683.9 680.2 675.6 669.4 663.1 657 649.8 643 637.7 633.2 629.6 626.1 623.5 621.3 620.3 619.8 617.8 613.5 609.4 605.4 600.5 596 593.2 590.6 588 584.6 580.5 578.2 575.2 572.6 569.9 568.1 567.3 565.7 563.6 561.4 561.4 557.7 561.5 563 564.4 565.6 567.7 570.5 571.7
477.4 484.9 488.6 493.7 499.3 505.6 513.9 521 524.9 530.1 535.5 543.5 553.4 563.8 574.8 584.9 599.1 617.5 644.8 665.1 677.8 681.7 684.9 688.2 694.7 704.1 707.2 706.3 703.1 696.1 692.4 689.3 686.4 683.7 680.2 675.9 671.1 665.4 658 651.4 644 638.2 634.1 630.7 627.2 624.3 623 622.6 621.7 619.3 616.2 611.5 606.4 602.2 598.2 596.3 593.4 591.2 587 585.2 581.3 578.7 575.5 573.2 571.3 569.9 567.5 566.9 565.3 564.2 564.3 566.2 567.4 568.7 570.1 572.5 574.3 575.7
464.9 470.6 475.5 480.1 486.3 489.9 496.4 503.3 508.7 514 520.8 528.6 538.8 550.1 561.5 570.4 582.3 598.9 619.1 647.7 666.7 676.6 679.9 683.2 689.7 697 703.6 704.4 702.1 695.9 691.9 689.4 685.7 683.2 679.5 676 671.8 666 658.6 652.4 646 639.4 634.8 630.6 627.2 624.9 624.4 623.6 622.4 620.4 616.2 611 608.5 605.8 602.1 599.8 596.2 592.8 591 588.4 585.4 581.3 578.7 575.7 574.8 572.2 571.7 570.8 569 565 568.1 570.3 571.8 573 574.9 577.1 578.3 579.5
455.3 460.5 466 471.3 476 480.4 484.9 488.6 494.9 500.8 509.3 515.8 525.6 537.3 549.2 559.4 569.9 583.3 601 622.8 655.2 670.6 675.1 680.1 683.2 688.5 696.1 699.7 700.1 696 690.4 689 685.7 682.1 677.9 675.9 672.1 666.6 660.8 654.6 647 642.7 636.3 631.2 627.9 628.6 627.4 625.2 622.7 620.5 617 614.5 613.3 610.3 606.7 601.9 598.6 596.9 594.7 592.6 589 585 582.5 580 577.1 575.6 575.9 573.7 572.2 566.4 571.7 573.6 575.1 577.4 579.6 581.5 582.2 583.2
445.3 451.5 456.6 460.7 464.7 469.2 472.5 476 483.6 489.4 498.3 505.2 514.6 524 534.8 546.6 559.3 570.9 587 606.1 637.4 658.1 668.2 674.5 679.3 681.8 686.5 692.5 697.8 695.6 688.2 686.5 684.5 679.2 676.3 676 671.8 667.3 663.3 655.7 648.3 643.5 636.9 633.1 632.9 632.5 629.9 627.7 625.5 623.4 621.9 621.6 619.4 615.5 611 606 604.4 602.5 599.9 596.5 593 590.3 586 582.1 579.8 580 579.2 575.2 575.7 573.6 574.3 576.9 579.2 581.5 583.5 585.3 585.8 586.5
438.8 441.9 447.6 449.5 453.6 457.8 458.3 467.6 473.8 480 486.1 493.4 501.4 511.3 522.3 533.9 548.4 561.1 574.3 593.1 618.2 651.2 664.4 669 674.5 676.2 680 685.4 694 695.2 686.1 684.2 682.5 676.4 675.1 673.7 670.7 666 664.6 658.6 649.8 644.3 638.4 637.5 638.2 636.4 634.9 632.7 630 627.9 627.5 627.9 625.9 622.2 617.8 612.1 610.5 610.2 607 601.3 598.4 594.7 590.5 587.6 584.5 583.3 581.1 577.8 579.3 577.4 574 579.1 582.9 585.7 588.2 589.4 589.2 589.2
431.2 436.7 438.5 439.8 440.3 447.1 451.4 459.9 464.9 469.3 476.2 484.2 492.4 501.5 511.5 524.7 536.5 549.9 564.9 583.3 605.4 641.7 658.9 663.8 669.1 670.6 673.6 679.8 687.1 693.1 687.1 682.5 681.4 675.4 672 671.7 668.9 666.6 665.4 661.2 652.8 648.4 645.2 644.1 644.6 644.5 643.3 639.3 635.9 634 635.1 634.5 632 628 622.1 619.5 616.6 614.5 612.4 607.1 604.3 600.7 596 592.2 588.5 586.2 584 580.8 582.9 581 577.6 583.2 585 589.7 591.1 592 591.7 592.3
424 427.2 430 428.1 431.1 433.4 447 449.5 454.3 458.5 467.4 475 482.1 493.3 505.3 515 527.6 541.8 558.3 575.6 597.4 630.9 651.6 660.2 663.1 667.1 668.3 673.2 680 689.6 687.4 680.4 679.9 676.1 670.1 672.3 667.8 666.7 665 663.7 658.2 656.4 653.2 651.9 651.4 653.6 649.4 644.8 642 641.7 643.6 643 639.4 635 630.9 626.2 621.7 618.6 616 612 608.5 604.2 599.9 596.1 591.3 589.6 587.9 585.1 586.4 585.4 582.5 586.6 590 592.1 593.3 594.1 594.5 595.1
413.9 417.1 418.1 415.5 423.7 437.4 442.1 441.1 440.9 449.8 456.9 462.8 474.4 486.8 501.6 511.7 522 535.9 550.8 569.3 591.3 618.5 646.8 655.3 658.3 662.6 663.2 665.4 671.4 679.8 684.4 679.6 676.6 674.7 669.4 670.8 667.6 666.4 666.3 664.8 665.3 663.4 661.6 660.4 659.5 657.8 654.3 649.5 647.1 649.6 650 649.3 646.3 642.9 637.4 631.7 628.7 624.2 619.8 614.6 611.1 607.7 603.4 598.6 595.5 592.6 591.6 589 589.5 589.1 585.3 591.1 594.1 595.1 596 596.8 597.5 598
405.5 412.7 410.9 401.9 423.7 435 432.7 426.8 433.5 437.8 445.1 462.1 476.2 488.5 498.3 506.8 515.8 528.2 544.7 563 583.3 606.6 636.6 648.7 653.2 656.7 658.3 659.1 663.8 670.6 678.6 676.4 672.8 673.2 669.2 671.5 666.7 667.2 667.8 665.2 665.6 666.3 665.3 664.3 662.9 660.6 656.6 652.9 652.4 653.8 653.2 651.2 649.7 647.5 644.4 638.7 633.7 629 622.9 617.5 615.6 611.4 606.7 602.4 600 597.4 594.7 594.8 594.2 594.1 589.7 595.5 597.7 598.3 599.2 599.9 600.7 601.2
398.3 412.9 397.7 399.4 423.2 426.6 419.3 416.9 422.6 429.8 443.3 459.8 474.5 484.9 493.6 502.9 511 522.3 538 554.1 572 597.7 630.9 644.4 651.1 653.3 654.6 654.2 655.1 660.3 668.8 673.7 668.4 669.4 668.3 670.8 667.1 667.6 669.2 666.1 665.5 666.5 665.5 665.3 664.3 662 659.1 655.7 656.2 655.5 654.4 651.7 650.9 650.1 648.5 644.3 639.4 631.9 627.3 622.7 619.8 615.4 611.2 607.2 605.2 601.3 599.8 599 599.6 599 594.5 598.2 601.2 601.4 602.3 603.2 603.9 604.4
390.4 395.2 380.8 400.5 416.6 410.1 403.5 413.6 424.6 438.3 451.6 464.1 474 483.8 490.7 497.6 507.2 516.9 531.2 547.2 571.2 594.8 627.2 643.7 649.4 648.7 648.6 648.4 648.8 650.3 656.4 666.7 664.7 664 667.2 669 666.4 667.4 669 667.5 665.9 665.8 665.4 665.6 664.8 662.5 659.7 657.8 656.7 655.8 654.6 653.6 652.1 651.5 650 647.8 643.5 636.9 632.3 628.5 624.3 620 615.7 612.1 608.8 606.1 604.4 604.9 605 602.7 600.1 603.3 604 604.3 605.3 606.4 607.3 607.7
371.5 371.3 380.5 399.4 395.3 398.7 414.5 427.6 436.9 448.5 460.2 466.6 474.2 481.2 488.3 494.2 502.8 511.8 525.7 546.1 568.6 588.8 616.9 638.7 645.1 644.2 642.2 642.2 642.2 642 646.5 656.4 661.5 659 664.2 665.9 665.4 665.8 667.6 664.6 664.8 664.7 666.1 666.8 665.7 663.1 660.5 658.8 658 656.8 655.2 654.5 653.9 652.7 651.2 650 646.6 640.9 636.6 632.2 628.3 624.1 619.7 615.1 613.6 611.4 611.8 611.2 609.4 605 605.9 607.4 607.7 607.9 609 610.1 610.8 610.7
356.6 364.3 368.7 377.8 393.1 417.2 432.1 439.9 446 454.2 462.7 467.7 473.3 479.5 484.2 490.3 497.4 507.2 522 541.9 564.8 583.5 607.4 631.5 638.9 638.1 636.4 634.7 635 634.7 636.6 644.6 653.7 652.2 654.1 658.2 661.5 664.1 664 663.2 663.3 663.9 666.4 668 666.2 664.1 662.4 660.4 659.3 657.9 657.2 655.8 655 654 652.9 651.3 648.8 644 640.4 636.4 633.1 629.7 626 622.1 619.8 618.6 618.6 616.5 613 604.3 612.1 611.6 611.6 612 612.9 613.5 614.5 614.7
371 382.2 394.6 406.1 419.7 432.8 441.4 446.5 450.3 455.1 460.7 466 469.2 474.7 479.5 486.8 493.6 502 518.3 538.5 560.4 574.7 594.7 620.1 628.9 629.6 627.8 627.1 626.4 627 625.9 633.4 643 646.2 645.3 649.8 655.6 663.3 663.7 663.2 662.2 661.2 664.1 667.9 666.8 664.7 663.1 662.7 660.7 659.7 659 657.2 655.8 654.8 654.8 653.4 650.5 646.6 643.7 641.5 638.3 635.7 632.8 629.6 627.7 626.6 624.1 619.8 614.9 614.3 615.4 615.8 616.5 616.9 617.1 617.4 618.7 619.3
378.2 389.2 398.7 409 420.8 433.9 443.4 447.9 448.1 450.3 454.9 459.2 465 469.4 477.1 483.1 490 499.7 515.1 536.4 556 568.8 581.3 597.8 615.2 619 617.1 617.9 617.9 618.5 619.3 622.3 628.2 637.9 639.2 641.2 648.3 657.4 663 662.7 662.1 660 661.3 666.4 666.5 664.3 663.4 663.3 662.3 662 660.9 659 656.9 656.2 655.5 654.1 652.3 649.2 647.4 645.3 643.6 641.6 639.5 637 635.1 631.8 627.7 621.7 617.4 619.5 619.1 619.9 620.7 621.1 620.8 620.9 622.2 624.3
371.5 378.7 388 399.1 412.4 425.9 436.4 442.1 442.9 443.7 447.7 452.6 461.3 468.1 474.6 481.4 489.4 499.4 513.9 533.9 551.7 563.8 569.7 577.4 591.4 604.5 605.5 608.5 609.6 609.8 610 611.6 617.7 626.9 632.9 634.9 640.8 647.9 659.8 661.7 662 660.5 659.7 663.6 665.8 665 664 663.9 664.1 664.6 664 662.3 660.5 658.7 656.3 654.9 653.7 651.6 650.5 649.8 648.6 647.6 646.2 643.6 639.1 633.9 628.1 622.5 621.5 622.6 623.5 624.4 625.1 625.4 625.4 625.8 627.4 630.5
357.4 361 367.5 380.8 397.8 415.4 426.8 432.9 432.6 431.7 443.1 453.1 462.2 468.5 475.8 482.6 489.3 498.9 512.7 530.9 546.3 554.9 556.4 559.6 567.1 580.7 590.1 595.6 599.9 600.4 601.5 605 608.4 616.4 627.3 630.8 636.1 642.7 652.1 660.6 661.8 661.3 659.3 661.7 666.3 668 667.1 667.4 668.5 667 667.7 666.3 663.5 661 658.3 656.7 655.3 654.3 653.2 652.8 652.2 650.6 648.1 644.1 640.6 634.7 630.2 627 626 626.8 627.6 629 630.4 630.6 631.2 631.5 634.3 637.6
358.2 368 377.7 384 386.5 403.2 416.1 417.9 425.5 436.4 446.4 456.4 464.8 471.2 477.9 484.7 491 500 510.8 525.3 536.6 538.3 538.8 542 547.4 554.9 567.6 579.8 587.8 591.4 593.8 596.9 598.7 606.7 619.1 627.9 632 636.5 644.4 655.4 658.7 660.6 660.6 663.5 666.6 667.3 667.5 669.4 670.3 671.1 670.7 669.4 667.6 663.9 660.4 658.9 657.2 655.6 654.5 653.7 652.8 650.7 648.2 646 640.5 635.6 632.3 631.6 630.2 631.3 632.9 635.2 635.8 635.6 637.1 638.2 641.7 645.1
360.5 374.2 387.6 399.1 393.4 394.7 403.8 418.2 431.3 443.4 454.9 463 468.6 476.6 482.6 489.2 495.6 502.1 508.3 518.1 519.4 517.9 518.3 521.8 528.4 534.5 543 559.2 575 579.6 585.3 588.6 592.3 596.4 605.9 622.2 629 632.2 637.7 647.4 657.2 659 659.9 661.5 665.5 666.3 668.6 671.1 674 676.2 673.6 672 669.7 667.4 663.6 661.5 659 657.2 655.7 655 653.7 652 650 646.8 641.7 640 638 637.3 635.8 638.2 639.5 642.3 642.2 644.2 646.5 646.8 650.4 652.6
360.9 376 391 403.4 411.7 414.1 422.3 432.7 442.8 451.8 460.6 467.1 472.5 480.1 486.7 495.4 500.7 506.3 507.6 507.9 503.7 502.6 500.1 500.4 506.5 516 525 536.5 554.7 569.4 575.5 580.6 585.1 588.2 596.2 614.3 624.9 630.3 632.9 641.6 654.3 659 660 660.3 664.5 666 668 672.8 678.5 679.6 677.3 674.9 672.4 669.8 667.2 663.8 661.2 658.9 656.6 656.1 656.1 655.1 653.3 649.7 646.4 646.6 645 643.3 642.3 645.5 648.1 649.2 650.2 651.9 654.6 657 659.1 661.3
358.6 374.2 390.6 403.4 413.7 423.5 433.4 440.3 448.7 456.1 462.5 468.4 475.1 481.8 489.4 498.7 506.7 516.5 517.7 501.6 493.1 487.4 484 484.1 487.7 495.9 508.5 521.5 532.8 553.5 564.2 573.2 576.9 581.7 587.8 602.5 619.9 626.9 629 635.9 649 656.3 658.6 659.7 662.9 665.7 668 672.8 678.2 680.3 679.1 677.1 674.6 672 669.2 666 662.6 659.2 659.2 658.5 658.5 658.2 656.4 653.7 653.4 653 652.2 649.8 650.7 653.5 656.2 657.9 658.9 660 662.7 666.5 670.7 672.4
355.5 369.6 388 400.9 412.8 423.5 432.4 442.1 450.3 457.2 463.7 471 478.6 488.3 497.5 506.8 516.2 528 523.5 498.8 483.3 472.7 468.7 468.9 472.5 480.8 493 507 518.3 536.6 551.9 563.9 571.1 574.7 580.7 594.7 609.4 620.8 626.1 629.9 641.1 652.6 656.3 658.8 661.2 664.5 667.4 671.8 676.4 679.2 680.2 679.4 677.1 673.1 670 667 664 663.5 661.8 661.5 661.5 661.3 659.8 659.3 660.3 659.9 659.5 657.1 658.9 661.6 663.7 666.7 666.8 666.8 670.6 675.6 677.5 680.1
357.9 366.9 384.3 398.8 410.3 421.2 431.2 441.2 449.3 457.8 464.9 473.1 482.8 492.9 505.4 515.5 525.4 536.9 520.8 494.9 473.6 458.3 453.1 454.5 459.4 467.7 478.2 493.5 508.3 525.7 541.6 554 563.9 568.4 573.7 586.5 599.2 613.3 622.3 626.7 634.2 635.4 650.7 658.1 661.2 663.9 666.6 670.7 675 678.3 680.2 680.4 678.9 674.2 672.1 671.1 670.5 667 665.2 665 665.3 666.3 665.7 666.7 667.3 667.2 666.5 665.2 665.2 670.9 671.8 672.5 674 678.2 682.2 685.9 689.4 689
356.6 366.2 380.3 395.1 407.8 419.6 429.4 440.1 449.1 457.7 466.9 475.8 485.1 495.6 508.3 518.7 528.8 533.8 512.4 486.6 460.5 445 437.9 436.5 444.6 454.7 466 483.2 501.6 515.4 531.6 544.7 556.3 563.9 571.9 582.4 593.7 606.6 617.2 623.4 626.6 639.4 652.1 657.5 660.3 663.2 666.2 669.7 674.1 677.5 679.4 680.3 676.1 677.5 675.8 675.7 674.6 672.1 671 671.2 671.7 672.1 672.6 672.4 673.9 674.6 672.6 673.7 669.5 674.4 679.1 681.7 683.2 686.7 689.5 692.3 695.2 696.6
360.4 369.6 379.4 391.9 406.1 418.2 429.2 439.3 448.1 457.1 467 477 485.8 496.7 509 519.2 530.2 530.2 497.9 469.2 445 429.4 421 425.3 430.9 442.3 460.8 477.2 494.9 508.1 522.8 537.1 548.8 560.8 569.8 578.6 590.2 601.5 611.8 621 628.6 638.3 651.8 656.7 660.6 663.4 665.7 668.9 674 677.1 679.4 676.3 680.4 679.9 679.6 681.3 679.2 676.7 677.7 678.8 678.7 679.2 679.6 680.2 680.3 680.3 679.1 678.6 675.4 677.5 682.7 686 688.9 691.6 693.7 698.9 705.5 708.9
360.5 370.1 380.2 390.4 402.2 416.8 428.4 438.5 446.5 455.4 464.1 476.7 485.6 494.6 504.9 513.9 523.8 515.6 483.8 452.3 428.2 412 404.9 409.8 426.9 438.4 453.5 469.9 487.9 503.3 514.9 531.2 543.4 556.8 566.7 575.5 586.6 597.8 609.4 619.1 625.6 636 648.4 656.6 660.6 663.2 665.5 668.7 672.8 673.6 675.2 680.9 682.6 682.9 684.1 686.9 684.1 683.6 685.1 685.1 684.7 684.9 685 685.9 685.9 684.6 681.7 679.4 678.1 679.3 685.2 689.6 692.9 695.2 699.6 711 716.9 717.6
358.7 366.8 377.5 385.5 392.4 411 425.2 435.1 443.8 452.8 460.6 471.9 481 487.5 494.5 504.5 511.5 496.1 464.9 436.3 409.2 390.4 399.1 410 419.4 431.5 446.2 464.2 482.1 499.3 512.1 526.4 540.4 551.1 561.3 572.2 582.1 592.2 605.7 616 622.6 632.7 644.1 655.9 660.2 663 665.9 669.1 670.2 674.3 678.2 681.6 682.7 684.3 689.2 690.4 690.2 691.9 692.7 691.5 692 690.9 691 690.2 690 687.7 682.9 680.2 680.9 684.2 688.8 693.3 698.1 702.1 714.7 718.3 719.3 720.4
340.6 351.6 364.2 378.4 385.4 402.1 418.8 430.5 439.1 446.3 454.1 462.7 470.8 477.7 484.2 490.8 492.1 475.3 447 418 391.6 384.5 393.9 401.3 412.1 425.4 438.4 456.3 477.4 495.8 508.4 521.8 536.3 548.4 558.7 569.6 579.3 588.1 600.9 613.3 621.8 631 641.3 654.5 660.2 662.2 665 668.2 670.7 673.4 678.8 681.2 683.8 688 694.8 696.3 698 697.7 696.3 696 695.5 695.1 694.7 694 693.3 690.3 686.5 685.3 687.3 690.4 693.5 699.2 707.9 717.7 720.1 719.4 719.3 719.8
329.8 332.4 343.2 360 374.1 388.7 409.6 421.7 431.2 437.1 447.2 454.4 458.8 463.8 471.6 477.3 470.2 449.6 426.5 401.7 376 376.5 385.1 398.1 409.8 423 437.4 455.9 473.6 493.2 506.6 519.3 534.4 545 554.6 565.1 578.1 586.8 597.1 610.2 622.5 633 639.9 652.7 659.1 662.2 665.5 668.3 670.7 673.9 678.7 682 685.1 689.9 695.9 698.3 700.7 700.8 699.5 699.9 698.9 698.7 698.7 697.5 695.9 695 693.4 694 697 699.3 703.3 707.2 714 720.6 721.4 722 723.7 723
