ny/ny39_OST50GRID_20230518/NY39.asc
ncols 200
nrows 200
xllcorner 330000
yllcorner 590000
cellsize 50
[rows 0 to 34 of 200, columns 0 to 77 of 200]
335.6 333.2 330.5 326.8 323.3 321.1 317.8 313.8 310.9 307.6 303.9 298.1 293.1 288.6 281.8 284.4 285.3 283.1 280.4 277.3 274 268.6 263 257.6 260.2 268.8 275.2 282 287.7 295 305 314 326.6 336 343.3 350.8 355.1 358.2 355.8 354 348.8 344.9 339.2 335.2 333 332.6 332.1 331.8 336.1 340.5 344.7 351.1 357.2 361.9 367.7 372.8 379.5 386.2 393.4 401.5 410.7 419 424.9 425.7 427.1 423.6 419.5 413.3 407.9 402.9 398 393.6 391.7 388.9 386.2 383.7 381.3 378.7
331.9 329.2 326.5 323.1 319.1 316.3 312.5 309.2 307.2 304.2 299.1 294.9 290.2 285.3 283 279 281.2 278.4 276.3 273.1 268.4 263.9 259.1 259.2 266.8 273.8 280.5 286.8 294.3 302.7 312.7 324.9 335.6 343.5 350.6 355.6 358.5 359.1 357.4 352.6 346.6 340.5 333.5 329.2 328.1 328.3 328.7 333.5 338.8 344.4 350.2 356.9 361.9 366.8 371.5 376 381.6 388.9 395.9 404.4 413.6 419.3 424.6 425.1 423.3 418.1 413 404.6 397.4 393 389.6 383.4 383.3 381.3 379.6 377.4 375.6 372.8
328.2 325.2 322.5 319.3 316.2 312.1 309.6 305.5 302.8 300.4 295.1 291.3 287.7 282.1 279.1 272.7 275.6 274.1 272.1 269.2 263.9 258.3 251.4 265.1 272 278.9 285.7 294.1 303 311.9 322.7 334.3 343.8 350.9 356.2 359.9 361.2 360.6 357.4 350.7 342.7 335.7 328.8 324.9 322.5 324.3 330.2 336.2 341.8 348.6 355.2 360.5 364.1 368.5 372.3 376.2 381.8 390.8 398.5 407.4 414.7 419.9 424.4 424.2 420.4 414.3 404.8 394.5 388.1 382.2 377.8 374.5 373.7 372 370.3 368.3 366.4 364.2
325.2 322.5 319.9 316.6 313.4 310 305 302.2 299 296.8 291.6 287.5 282.4 278.4 276.1 266.8 269.9 269.4 269 264.4 258.3 251.2 262.2 268.7 276.3 284.5 293.2 302.4 311.6 321.6 331.8 342.5 349.8 355.5 360 362.6 362.2 359.9 354.9 347.9 338.6 329.4 323.3 320.5 322.1 328.8 333.6 339.2 345.4 352.6 358.7 362.7 365.9 368.4 370.3 373.9 381.3 391.1 401.5 410.4 415.8 420.7 424.4 423.5 418.8 410.9 399.1 385.6 379.2 372.7 366.4 362.7 360 360.3 359.3 357.6 355.5 353.9
326.7 322.7 318.3 315.7 310.7 304.5 303 299.2 295.5 292.3 288 282.3 276.2 272.7 271.3 265.2 263.2 263.1 263.1 258.1 249.1 257.2 265.3 273.9 282.4 292.4 301.1 310 319.4 329.1 339.4 349.4 355.6 360.4 363.5 364 362.5 357.3 352 345 335.1 325.2 318.8 313.4 322.3 329 335.5 342.2 348.2 354.8 359 362.2 364.8 365.2 365.5 369.9 378 389.5 400.4 410.3 416 420.9 424.6 423.7 418.9 410.9 399.8 385.7 376.4 364.6 358.8 351.8 346.4 345 345 343.9 343.9 342.7
327.7 324.3 321.2 317.2 312 305.7 299.1 297.4 293.6 287.8 283.5 277.9 271.9 268.3 265.6 261.9 256.9 256.4 253.6 247.5 252.2 262.4 271.4 281.2 291.4 301 309.4 317.7 327.3 336.8 346.9 354.8 360.4 364 365.7 365.2 362.3 357.8 349.6 340.6 330.9 320.9 312.6 314.4 322.1 329.3 336 342.9 349.2 353.1 355.2 358 359.6 358.4 358.1 364.9 375.6 387.7 398.6 408.2 414.5 419.7 424.9 424.2 420.8 412.4 400.8 385.8 374.6 365.6 355.9 340.7 335.8 334.4 333.2 327.1 327.2 328.8
330.9 327.4 324.2 318.7 311.5 305.5 299.3 290.5 289.3 284.2 280.4 275.5 269.4 263.6 260.6 258.9 251.1 249.9 247.4 249.8 260.2 270.1 280.1 290 300.2 309.1 317.2 325.3 334.7 343.7 352.6 358.8 363.8 366.5 367.4 365.8 361.4 353.7 344.8 335 325.2 315.6 307.1 313 320.7 328.3 335.8 343.3 348.4 350.8 353.5 353.9 352 350.4 350.9 361.4 372.2 384.7 396.2 403.8 412.4 419.8 426.8 427.4 423.2 415.8 403.7 388.6 374.1 368.1 358.4 357.6 351.9 342.8 332 324.1 318.9 316.6
334.7 331 325.9 319.3 311.9 302.9 296.2 291.3 285.7 280.6 274.2 268.5 264.9 258.2 253.9 255.1 248 244.9 245.1 258.4 268.6 278.4 288.4 298.3 306.9 315.3 323.5 331 339.7 348.6 355.9 361.7 366.2 368.6 367.8 364.9 357.4 348.6 338.5 328.6 318.3 309.3 301.7 311.5 319.1 326.7 333.3 336.3 343.2 347.4 347.7 345.7 343.6 341.1 345.4 355.9 369.5 381.9 394.1 403.7 412.9 421.1 427.3 430.6 426.6 419.7 409 394.8 381.9 376.5 372.8 368.9 363.2 354.8 345 335.1 326.8 318.9
337.8 332.7 325.9 318.6 310.9 302.1 295.1 288.4 282.1 278.4 270 262.8 257.4 254.4 249.2 249.5 243 243.8 256.9 266.6 277.2 285.9 295.3 304.8 313.2 321.2 329.2 336.4 344.7 352.3 358.1 363.6 367 368.1 366.2 362.1 354.2 343.8 332.9 322.3 311.6 303.9 299.1 308.9 316 321.3 325.9 330.7 334.3 337.2 337.1 335.9 334.2 334.9 341.8 351.8 366.2 379.8 393 404.5 413.3 421.5 428.8 434.3 433.6 428.5 417.8 405.7 395.8 388.9 383.9 378.5 371.6 362.9 352.4 342.9 334.7 327.3
339.7 332.4 325.3 317.6 309.8 301.5 294 286.2 280.1 276 261.7 257.6 252.2 249.7 247.1 241.3 241.8 255.6 265 275 284.5 294 302.8 309.9 317.1 325.1 333.2 340.9 347.9 354.5 359.6 362 364.6 365.1 363.2 357.6 349 338.3 327 315.9 306.8 300.3 297.6 304.4 308.2 313.4 316.9 321.5 323.4 324.4 325.9 326.6 326.3 334.4 340 349.9 364.2 378.2 391.5 404.3 415.2 423.2 430.2 437 439.6 435.2 426.4 417.3 406.9 398.4 392.3 384.4 376.3 366.9 354.8 346.2 338.7 334.3
339.7 333.3 324 316.6 308.7 300.6 292.1 284.2 276.9 270 260.4 252 247.8 243.3 239.3 241.3 254.1 262.9 272.6 282.5 291.5 300.4 307.5 314.3 321.4 328.7 336.7 343.2 349.3 354.7 356.2 358.2 360.5 360.7 358.3 348.3 342.5 330.5 319.5 309.4 302.5 296.5 293.8 297.6 300.8 304.6 308 311.6 313.8 314.6 317.2 321.5 323.6 330.5 338.6 349.4 362.1 376 389.9 404.6 416.4 425.1 432 440.2 443.5 440.3 431.8 423.7 414.6 404.9 395.5 386.2 376.6 367.3 356.8 349.6 342.5 337.6
339.9 332.7 323.6 316.2 307 297.5 290.1 280.2 270.7 262.1 252.5 246.5 240 239 240.9 250.5 259.4 270 280.1 289 297.8 305.2 311.9 318.6 325.8 333.1 338.7 344.3 349.5 351.8 352.4 353.9 355.3 354 350.8 344.7 335.5 323.2 311.8 302.5 296.6 291.2 292.8 292.7 295.5 297.6 300.3 301.5 304.6 312 318.3 324.6 327.2 328.4 339.1 350.2 361.9 374.3 389.5 406.2 420 430.6 439.3 444.9 447.3 443 435.1 426.5 415.2 403.4 393.2 383.7 374.6 365.6 356.4 349 342.6 339.1
339.8 331.6 324.5 316.1 306 297.3 287.4 276.9 265.7 255.4 248.8 242.7 238 237.7 247.7 256.9 266.5 276.6 285.7 295 302.6 309.4 316.2 322.9 330.1 336.1 340.9 344.8 346.6 348.1 348.8 349.1 348.7 346.6 344.1 336.7 327.6 316.4 304.5 295.8 290 287.2 289 288.6 290.4 296 301.9 308.1 314.8 322.2 328.4 336.3 339.4 339.7 341.9 353 366.9 381.1 395.2 410.4 425.4 437.3 444.4 447.8 448.2 442.4 433.9 423.3 410.2 398.2 386.8 378 369.8 361.3 353.9 348.4 343.2 338
340.1 332.7 324.9 315.7 306 295.1 283.5 269.7 257.3 248.7 244.1 235.3 235.6 244.6 253.8 263.7 273.2 282.3 291.4 300 306.8 313.6 320.4 327.3 333.3 338.1 341.4 342.8 343.3 344.3 343.5 341.9 340.7 339.7 333.7 327.5 320.3 310.9 300.2 291.4 285.5 284 286.1 286.2 295.6 304.7 312.9 320.6 328.8 337 343.4 347.9 348.6 347.1 347 359 377 392 404.7 418.8 433.4 445 449 450.6 447.8 440.7 429.3 416.9 401.2 389 379 370.6 362.3 354.9 349.1 343.6 338.6 333.5
342.1 334.1 324.6 315.4 306 293.8 278.7 261.4 251.2 244.5 238.1 234.5 240 251.2 259.9 269.9 279.8 288.4 297.3 305.9 313 319.8 326.6 332.1 335.6 338.8 340.4 340.7 339.8 338 336.4 334.8 333.5 330.4 324 317.7 311.5 304.8 295.9 287.5 281.2 282.8 287.8 297.5 307 316.7 326.8 335 345.4 353.5 358.2 357.9 355.4 352.5 354 366.4 385.6 399.8 413.3 427.2 441.8 450.3 452.9 453 448.1 438.3 425.1 405.4 390.3 377.1 366.7 361.4 354 346.7 340.4 334.7 330.9 325.9
345.5 337.8 328.1 316.2 303.6 290.3 273.4 254.6 246.2 240.7 233.8 234.1 246.8 256.8 267.7 278.2 287 295.5 304.2 312 319.8 326.6 332.2 335.8 337.7 338.1 338.3 335.8 334 331.5 329.2 327.6 324.8 320.4 314.2 308.1 301.8 295.8 288.3 280.4 278 288.4 296.6 307.3 318.5 329.1 340.6 351.2 359.8 366 370.2 368.6 361.5 355.5 360.7 377.6 395 408.3 422 435.7 448.3 454.5 456.8 455 446.2 435.6 417.7 394.4 374.7 362.2 353.5 348.6 342.7 336 332 325.5 320.7 317.1
348.7 342.5 331.3 317.8 305.3 285.8 269.2 254.5 241.7 233.9 232.2 242.4 251.3 262.2 275.1 286.3 294.1 302.8 312 319.9 326.8 332.4 335.8 337.7 336.9 336.4 334.4 330.2 328 325.5 323 319.6 315.5 310.6 304.5 298.3 292.2 284.8 277.8 272.9 285.7 295.1 305.3 317.5 332.3 340.6 353.1 364.5 372.2 377.7 381.4 377 367.2 361.2 366.7 383.8 401.2 414.6 427.7 442.1 452.3 457.8 459.9 457 447.9 432.6 409.5 387 367.4 353.4 342.4 333.9 327.9 325.7 319.3 316.3 312.5 309
349 342.1 331.5 319.3 304.1 286 268.7 252.2 237.9 231.7 238.2 248.1 258.1 271.5 284.1 293.2 302 310.9 319.8 327.1 333 337.1 338.7 337.9 335.4 332.5 329.4 324.5 321.3 317.8 314.3 310.4 306.3 300.9 295 289.1 283.2 274 270.6 282.5 291.2 302.1 314.4 326.9 338.7 351.3 364 373.9 382.1 388.3 391 385.6 376 365.9 373 387.7 405.7 420.5 434.3 447.2 456.1 462.3 464.4 459 448.2 431.3 410.3 387 368.2 351.9 341.6 331.6 322.5 318 310.8 308.8 305.7 303
345.1 336.6 325.3 313.5 299 281 265.4 248.5 231.9 232.2 239.3 252.3 266.3 280 290.7 299.5 310.1 319.7 326.3 332.6 337.4 339.4 338.5 335.3 331.9 327.3 321.2 315.9 310.9 307.4 304.8 300.9 296.6 291.7 285.9 280.1 274.2 269.4 277.5 286.7 298.5 311.4 324.2 335.9 347.9 360.6 372 381.8 390.3 396 397.5 394.3 385.7 376.2 380 390 409.3 425.8 440.1 451.7 459.7 465.1 467.7 460.9 450.2 433.1 413.3 391.3 372.7 357 345.6 337.9 328.9 321.7 315.7 311 307.4 303.5
341 331.8 321.4 307.2 291.3 276.5 261.4 243.7 230.2 234 244.1 257.6 273.2 285.5 296.9 307.8 318.3 326.8 332.2 336.4 337.8 338.1 336.3 331.6 325.4 320.6 313.7 307 302 297.5 294.7 291 286.6 282 277 271.2 265.6 275.5 285.6 297.2 310.4 322 333.7 344.8 356.2 368.2 379.1 388.7 396.2 401.5 402.9 401 395.7 389.7 390 396.8 415.1 430.4 442.8 455.2 462.3 468.2 469.7 462.4 452 436.6 416.9 397 379.9 366.5 355.9 348.1 336.5 327.5 320.6 315 311.5 308.1
338.4 328.2 314.6 301 286.2 270.6 255.7 239.7 229 237.3 247.6 264 278.9 291.3 302.3 316.4 325 331.4 335.6 337.4 338.6 336.3 332.9 327.6 320.7 313.4 305.5 298.1 293.1 288.6 285 281.4 276.9 273.2 268.5 263.3 272.6 285 296.3 308.7 320.9 331.1 341.8 352.5 364 375 385.4 393.6 401 404.6 405.9 404.7 401.5 399 398.2 407.4 421.8 432.7 444.5 456.7 464.1 467.3 467.8 461.7 452.2 438.5 420.1 404 390.3 378.9 368.3 357.3 345.4 335 325.6 319.5 316.3 313.5
335.1 324.7 310.2 295.6 279.3 264.2 249 233.5 228.7 240 253.3 269 284.6 297.4 308 320.5 327.8 333.5 335.6 337.1 336.2 333.3 328.4 321.3 313.3 304.6 296.1 289.3 284.2 280.7 277.5 274 267.2 264.4 261.3 272.5 284.9 296.1 308.1 318.2 328.4 338.5 349.2 360 370.5 380.6 390.2 397.1 402.5 405.4 405.8 405.7 405.3 405.9 407.6 414.8 426.5 437.1 447.2 456.6 460.7 462.8 462.5 459.2 451.2 440.2 426.4 412.4 399.5 388.8 378.4 366.3 353.2 341.7 332.2 325.8 322.3 316.8
332.2 320.3 304.7 289.9 273.7 258.4 241.2 227.2 233.6 243.3 259.2 274.5 289.2 302.6 313.3 322.6 329.4 334 335.9 334.5 332.2 328.5 321.7 314.4 304.7 296 286.9 280.6 276.7 273.1 269.8 267.2 264.2 258.1 269.4 282.1 294.6 306.6 316.4 326.2 335.1 344.2 354.5 364.9 374.9 383.4 390.9 396.3 401 403.1 403.4 403.5 404.5 406.5 412.6 419.5 431 441.1 448.2 452.3 456.3 457.2 456 452.6 447.4 438.9 428 416.6 405.8 394.7 384.7 373.3 360.8 348.5 338.5 332.9 327.7 319
328.1 313.5 297.2 281.9 267.3 249.6 231.9 225.2 236.7 247.8 265.4 280.2 293.8 308.2 316.8 325.1 332.7 333.8 334.6 332.9 328.8 321.8 314.9 307.2 296.8 287.5 278.9 272.7 269.4 266.9 264.7 261.2 256.2 269.3 280.5 292.4 304.1 313.9 323.2 331.8 339.8 347.1 358.2 366.8 374.2 383.2 389.7 393.8 396.6 396.9 398.2 399 402 405.2 411.8 419.9 430.9 440.6 445.3 448.7 450.7 450.7 447.3 444 440.1 435 425.8 418.1 409.2 399.8 389.9 378.1 366.4 355.7 347.5 341.5 330.7 320.1
321.3 306.4 290.3 272.2 256 239.1 224.1 229.9 239.2 254.8 270.7 285.7 299.3 311.2 319.7 328.1 330.9 331.7 332.3 328.8 322.8 315.7 308.7 300.1 289 279 271 266.5 263.7 261 253.4 253.4 267.5 277.1 288.9 299.8 309.6 318.9 327.6 334.4 341.7 348.9 358.5 365.1 372.5 379.6 384.5 387.6 389.2 390.2 390.9 392.3 395.5 403.7 411.8 420.2 429.2 437.7 441.4 442.7 442.2 440.1 437.1 433.8 431.1 428 424.2 417.5 409.9 401.5 391.3 381.5 370.9 362.6 355.8 347.2 334.3 320.5
316.1 301.2 282.2 263.2 244.9 231.6 221.7 230.9 243.2 258.1 274.3 289.1 302.3 313.1 322.5 328 329.2 329.6 326.9 323.1 317.4 310.4 302.2 291.9 280.5 271.1 264.7 260 257.8 253.8 250.1 265.2 275.2 285.3 296.2 304.6 314.2 322.2 328.9 335.8 342.7 349.2 355.4 362 367.8 373 376.7 380.1 381 382.2 383.1 384.3 392.1 401.8 410.9 420 428.4 433.1 434.1 432.7 431.7 429 425.9 423.3 420.8 419.4 416.8 413.3 407.7 400.2 392.4 383.7 376.4 369.2 360 347.4 333.7 324.2
312.9 295.5 275.5 256.6 239.5 222.7 222.2 233.1 246.8 263.1 278.6 293.1 303.3 312.4 320.8 325.2 326.7 326.2 323.6 319 312.3 303.9 293.9 283.8 273.3 264.5 258.1 254.5 248 253.1 263.3 271.9 280.9 291.5 300.4 307.8 315.8 322.9 326.9 333.7 337.3 343.7 349.4 355.1 359.9 364.8 368.7 371.3 372.7 373.6 373.2 378.2 390.8 400.8 409.5 418.3 424.7 427.3 426.6 423.9 420.8 414.5 409.5 406.2 406.7 408.7 409.1 406 403 399 393.4 386.8 379.5 370.5 360.5 348.3 338.7 329.3
310.2 288.6 268.1 249.6 232.6 221.3 221.6 237.2 250.8 266.9 283.8 296.8 307.2 315 320.4 324.4 325.5 324.2 320.7 315.5 308.1 298.3 288.5 277.1 265.8 258 252 245.4 251.5 262.5 271.2 278.2 286 296.3 303.4 310.5 316 320.8 325.1 326.8 329.9 335.8 342.2 346.8 351.3 356.4 359.2 361.6 363.4 364.5 369.3 380.5 390.8 400.1 408 414.8 420.3 421.9 419.5 415.3 406.8 396.2 389.8 387.7 391.2 396.6 398.7 398.6 397.7 396.6 393.5 388.6 380.1 370 362.2 353.4 343.2 333.7
301.5 281.1 259.9 241.5 226.4 220.1 230.5 243.2 258.3 273.7 289.8 300.8 311.5 318.2 323.2 325.4 325.2 321.9 317.7 312.3 304.2 293.6 282.7 271.1 259.6 250.6 242.4 249.8 259.9 268.2 276.4 283.3 291 297.4 304.2 307.6 313.2 315.5 316.8 318.8 322.4 328 333.4 338 342.8 346.3 349.6 351.5 351.7 359.9 370.9 381.2 391.2 397.8 404.8 410.6 414.7 415.5 411.9 405.6 395 380.7 375.3 372.9 379.1 385.9 389.9 391.2 391.5 392.4 391.6 386.5 379 371.8 365.8 358.9 348 336.1
293.8 273 252.7 234.2 219.6 222.2 234.3 247.1 264.2 283.1 297.3 307.8 315.6 322.1 325.7 325.9 324.5 320 314.8 308.1 298.9 288.2 277.1 265.5 253.9 243.3 244.9 255.6 263.8 271.8 280 288.5 292.7 297.6 300.5 303.9 307.2 308.4 309.7 311.4 314.5 319.5 324.8 329.4 333.2 336.3 340.3 346.2 354.4 364.3 372.6 382.2 389.4 395.4 400.9 405.5 407.5 406.7 403.6 396.6 383.7 370.6 366.2 362.5 369 376.4 381.1 383.2 384.6 386.3 386.9 383.6 380.1 375.2 369.7 364.2 353.8 342.4
287 264.7 244.9 228 218.4 226.4 238 253.6 273.5 291.2 303.5 311 319.3 324.3 326.7 326.2 322.5 317.3 311.5 303.6 294.5 283.7 271.6 258 246.4 236.1 248.4 259 267 275 282.4 288.3 292.1 295.4 297.4 299.3 301.1 302.5 303.9 305.1 307.7 316.1 321.7 327.1 332.4 338.5 345.2 353.1 360.3 367.2 374.3 380.1 386.3 390.8 395.3 397.3 398.7 397.6 393.1 388 376.8 365.4 357.1 354.6 360.2 367.2 371.9 374.9 377.7 379.8 381.5 379.1 378.6 374.8 374.4 370 361 350.5
278.2 257.2 238.2 221.9 218.9 229.4 243.6 261.9 282.1 294.8 306.5 313.8 321.2 325.1 325.5 324.1 319.8 314.5 308.2 299.7 290 278.8 266.1 252.1 237.6 238.6 252.9 260.8 268.5 275.5 281.8 285 288.8 291.4 293.7 295.1 296.4 297.5 300.7 309.2 319.1 326.8 331.8 336.2 341.1 347.1 353.2 359.3 364.6 371 376.2 379.9 384.1 386.6 388.8 389.2 389.4 388.2 384.1 378.7 369.6 359.1 348.9 347.7 351.3 357.3 361.7 367 371.8 373.8 375.6 375.1 375.8 380.8 380.3 377.3 370.7 361.1
272 250.7 231.6 216.6 222.4 231.1 247.4 269.1 285.2 297.5 308.6 316.4 320.8 323.5 322.7 320 316.5 310.7 303.3 294.5 284.4 272.4 259.1 244.3 231.8 246 253.8 261.1 267.7 273.5 277.6 280.9 284.5 286.7 289.6 289.2 293.7 302.9 312.3 322.6 331 337.5 342.1 345.7 350.3 355.2 359 363.7 368.9 374.8 378 380.2 381.2 381.6 381.1 381 379.9 378.1 374.6 368.6 361.1 351.1 340.5 338.8 343.2 346 353.3 360.1 364.7 367.4 368.3 369.5 380.3 386.1 388 390 386.4 376.9
266.9 243.3 226 214.8 222.2 231.3 252.7 272.1 289 299.4 308.6 315.8 319.8 320.3 318.3 315.3 311.7 305.6 298.1 289.1 277.4 265.4 251.1 236.7 233.5 243.1 249.8 256 261.6 266.7 271.9 276.8 279.9 280.8 285.9 293.8 304.2 315.1 325.9 335.3 342.2 347.5 351.3 354.5 357 359.9 363.7 368.1 373.4 376.8 378.5 378.3 376.7 374.3 371.9 370.5 369.4 367.6 364 358.2 350.9 343 334.6 333.2 334.2 338 346.5 352.7 353.2 357.4 361.2 373.9 386.9 395.1 401 405 404.7 401.2
261.2 239.5 220.3 213.3 222.4 236.8 255.8 275.9 292.8 302.1 308.4 313.4 316.8 315.9 313 310.1 305.4 299.6 292.5 281.8 269.8 258 245.2 227.8 232.8 240.4 247.1 247.5 255.7 264.7 273.3 277.7 282.4 288.2 296.5 307.3 317.5 327.4 337.7 345.7 351.2 355.9 358.5 361 363.6 366.5 368.8 372.6 375.8 376.3 375.6 373.9 368.6 365 361.7 359.4 358.4 356.2 352.7 347.7 340.4 332.9 328.3 323.4 327 332.6 340.2 342.5 346.3 349.9 361.6 378.3 393.6 404.5 412 418.7 422.4 421.6
