ny/ny39_OST50GRID_20230518/NY39.asc
ncols 200
nrows 200
xllcorner 330000
yllcorner 590000
cellsize 50
[rows 70 to 104 of 200, columns 0 to 77 of 200]
187 201.8 223 241.8 259.4 276.7 295.5 312.2 323 332.4 345.4 352.6 356.9 357.1 355.3 351.7 345.9 338.8 329.1 318.1 308.3 308 307.7 303.9 294.9 285.9 278.1 278.1 284.4 290.7 292.4 293 292.6 295.5 305.4 315.6 325.4 331.3 332.4 340.6 346.4 350.4 351.5 351.7 353.1 357.9 363.2 371 380.3 387.8 394.2 396.9 399.5 403.1 404.7 405.4 402.5 398.7 393.8 388.2 382.3 374.4 365 353.7 343 326.7 309.3 293.2 279.5 275 281.7 282.9 283.3 281.8 277.6 272.6 264.1 265.3
185.8 199.8 221 238.7 260.3 276.9 289.8 306.9 318.7 331 344.7 351.9 358.3 357.8 355.5 352.7 346.5 339.9 329.7 318.1 301.9 311.6 319.8 318.8 312.8 303.3 296.5 292 290.2 286.9 291.2 295.5 298.9 309.1 321.1 333.1 341.7 345.9 341.9 349.9 353.9 356.7 356.6 355.4 355.6 357.7 362.1 370.4 377.4 384.7 389.9 392.3 394.7 396.7 397.5 395.3 391.5 386.5 380.5 375.7 370.7 364.4 356.4 349 336.8 323.2 308 293.7 280.2 271.6 277.4 277.6 276.6 275.5 271.6 264.1 262.1 271.7
181.2 200.5 217.7 237.5 256.9 271.6 284 299 312.5 329.3 339.7 348.2 356.6 357.8 354.4 349.5 344 335.8 323.7 310.3 300.1 320.7 326.3 325.6 325.3 321.4 314.3 308.6 303.1 300.9 299.9 303.5 311.2 323 337.9 349.8 355.7 355.4 350.8 356.2 360.2 361.1 359.4 357.3 356.6 357.4 361.4 367.8 374.5 380.8 384.9 387.3 389.5 391.2 391.4 389.9 384.3 375.3 370 364.3 359.6 355.7 349.1 340.9 330.5 317.2 305.9 292.1 279.3 267.4 271.5 273 271.7 270.3 266.7 261.2 271.7 284.8
179.8 199.7 218.5 236.7 253.9 265.3 276.5 289.4 303.1 321.9 333.9 345.7 354.2 355.3 351.5 346.6 339.9 330.6 315.1 297.7 302 327.4 327 329.1 330.1 329.5 328.1 323.3 323.1 319.5 318.6 318.3 327 339.6 353.9 362.4 364.8 363.3 357.8 361.9 363.8 363.5 360.7 357.3 355.5 355.5 358.4 362.4 368.6 374 378.3 381.7 384 385.5 386.2 384.9 381.1 372.5 353.3 352.6 349.4 345.6 339.9 333.2 324.2 312.5 301 291.8 279.3 267.9 265.1 266.8 266.3 262.9 261.5 261.9 280.7 297.7
178.1 198.3 218.1 236 251.2 262.4 273.5 284.7 298.6 319.2 334.1 344.6 351.5 352.3 348.3 341.7 333.3 322.5 300.7 284.4 303.9 319.5 324 328.1 330.1 328.8 330.3 331.8 335.8 342.9 339.8 338.2 341.1 356.6 364.9 370.5 371.6 368.9 366.5 366.5 366.5 365.4 363.5 359.8 352.6 350.6 354.3 357.5 361.5 365.2 369.8 373.7 378.3 379.9 381 380 378.4 370.9 357.3 338.9 337.7 333.8 330.8 323.7 315.2 306.7 298 288.9 280.7 269.7 261.2 261.9 261.9 259.1 258.1 273.1 291.2 306.1
180.8 198 215.9 234.8 249.1 261.3 271.4 282.8 299.5 318.4 333.3 346.4 350.2 348.9 343.3 333.4 323.5 307.3 286.7 280.7 301.6 313.7 319.4 322.3 326.1 326 330.8 336.9 346.6 356.9 361.5 360.8 362.9 370.4 375 377.2 376.4 372.2 370.7 369.3 369 367.9 365.7 360.1 351.8 346.6 348 350.1 354.2 356.4 360.7 365.5 370.3 374.6 376 375.5 374.8 369.9 361.9 352.3 336.8 317.1 320.3 313.1 305.4 299.4 293 287 279.1 270.4 259.7 259 258.6 256.8 264.4 282.4 299.6 313.5
184.7 199.9 218 236.9 252.4 262.6 272.8 289.5 306.7 325.1 337 345.7 347.4 344.7 338.8 328.1 313.6 296.4 275 279.9 299.9 307.9 313.1 316.8 318.7 321.7 330.9 341.6 354.9 366.2 375.5 380.6 382.3 384 384.4 382.9 379.9 374.8 370.6 370.8 371.2 370.4 367.9 365.2 357.2 350.7 340.5 342.9 345.2 347.6 352.6 358.3 363.9 368.6 370.5 371.8 370.7 367.9 360.2 352.2 341.1 328.3 316.2 297.6 296 290.1 286.3 282.9 277.5 269.4 261.7 254.9 256.1 256.4 271.5 289.5 305.4 318.8
188.5 204.9 224.4 243.7 256.6 270.6 286.9 300.9 317.5 329.4 338.3 344 344.3 341.2 334.2 320.7 304.2 286 267.9 280.4 294.1 299.9 305.5 307.9 312 321.2 333.5 346.8 363.1 376.5 386.4 390.7 393 392.9 390.8 386.3 381.5 375.2 371.2 371.4 371.3 371.1 369.2 367.3 362.7 355 346.4 337.1 336.1 339.7 346.1 351.8 357.4 362.1 365 366.4 366.6 364.7 358 350.4 342 329.2 316.2 298.6 283.1 282.6 279.8 277.4 273.2 267.8 260.2 253.5 254.5 263.9 278.6 294.9 308.9 321.4
196.1 211.6 230.3 250.1 268.5 283.2 296.9 311.8 322.7 331.8 337.4 341.6 340.1 336.4 328.8 315.7 297.6 279.9 262.9 276.7 285.7 291.4 297.1 302.1 311.2 324.3 339.3 353 369.3 382.6 392.4 396.3 397.9 396.7 393.8 387.3 381 375.5 370.6 371 370.8 370.7 369.7 367.7 365.5 359.4 350.6 342 331.8 331.9 339.1 344.8 351.2 356.1 358.9 360.7 361.1 358.8 353.9 347 340 327.9 314 298 285.9 276.3 273.6 271.6 267.6 264.3 258 252.3 255 268.8 280.7 295.4 308.2 320.6
198.8 216.3 231.4 253.7 271.9 288.3 304.9 317.4 326.3 333 337.1 337.3 334.4 330.5 323.6 311.9 294 273.9 259.2 271.8 279.3 284.7 289.5 299.5 312.1 327.1 342.6 358 374.8 386.7 394.2 399.3 400.9 398.8 393.6 386.7 379.7 374 368.7 369.4 370.1 370 369.2 367.6 365.6 362.3 354.6 346.3 337.8 326.3 332.3 339.1 345.8 350.2 352.5 353.8 354.4 352.1 348.7 342.4 336.2 324.9 310.7 295.9 284.9 274.5 266.8 265.6 264 260.7 254.8 252.5 260.6 269.8 279.8 292.5 304.7 316.7
195.7 213.7 231.4 249.9 270.4 290.2 307.9 317.2 325.2 330.8 331.1 329.9 327 323.7 316.8 305.1 287.9 270.3 258.9 265.5 270.6 277.6 287.3 299.1 312.1 327.2 342.3 360.9 378 387.8 395.6 400.2 401.2 397.7 392 385.1 378.3 372.1 366.8 367.5 368.2 368.8 368.7 367.1 365.1 362.8 358 349 340.2 327.6 325.9 332.4 338.8 343.4 345 345.5 346 345.9 342.7 337.6 331.9 318.6 306.9 294.5 283.8 272.7 263.4 260.7 260.1 257.3 251.8 255.8 259.2 263.1 270.7 280.9 298.1 307.5
193.6 211.1 229.4 248.2 273 288.8 304.2 315.2 321.5 324.5 324.4 321.9 319.1 314.9 308 296 281.6 264.7 249.6 256.2 265.7 274.1 286.4 297.8 311.3 327.2 345.3 363.6 378.9 389.7 396.4 399.6 398.8 395 388.9 382.8 376.1 370 364.8 364.3 364.9 366.4 367.6 366.6 364.5 362.2 358.2 350.7 341.5 332.3 319.7 324.3 329.5 334.5 336 337.3 337.8 338.5 336 332 325.3 315.2 304.3 293.1 281.6 268.6 257.5 256.5 255.7 252.4 248.7 257.5 271.7 280.3 286.7 288.8 285.7 296.9
193.6 207.1 224.2 246.3 264.4 281.8 298.5 308.3 313.2 315.7 315.8 313.8 310.9 306 298 286.4 274.2 258.7 244.5 254.2 265 275.6 282.7 294.8 310.6 329.3 349 365.5 378.4 389 395 396.9 395.7 391.5 385.3 379.7 374.2 367.6 363.2 361.3 361.9 364 365.5 365.6 363.9 361.5 357.3 351.5 342.7 333.3 321.4 317.2 321.2 324.9 326.4 328.4 330 330.7 329.5 325.9 319 310 299.8 289.8 278.2 264.8 253.2 250.1 248.8 248.4 250.6 271.5 284.1 293.3 299.4 303.5 298.8 292.5
190.8 201.4 216.1 237.4 254.2 269.4 286.7 298.3 306 307.8 307.2 304.8 300.4 294.2 287.1 275.9 266.2 251.1 243.9 254.7 266.5 278.9 293.7 309.5 322.4 335.1 353.9 369.4 379.7 388.3 393.4 394 391.9 387.5 381.2 376.6 371.3 367.2 362.4 358.4 358.4 360.4 362.4 362.5 362.2 359.7 355.4 350.9 343.5 333 321.4 311.4 313.3 315.4 317.2 320.1 322.8 323.9 322.1 319.4 312.5 305.3 295.9 285.7 273.5 260.9 247.3 246.1 247.9 259.5 272.5 285.6 296.3 305.6 313.6 317 316.5 315.1
183.8 192.9 209.3 229.3 245.3 259 278 292.9 295.6 298.2 297.9 293.9 289.2 282.4 270.8 264.5 256.3 240.5 244.3 258 271.7 286.1 304.8 320.9 336.3 349.4 362.5 373.4 382.6 388.9 391.1 390.3 387.1 381 376 372.1 369.3 365.8 361.2 356.9 353.9 356.1 358.2 358.4 357.8 356.7 352.9 348.4 344.1 333.8 322.6 310.3 306.4 306.2 307.9 312.5 315.4 316.4 316.3 313.8 307.7 301.5 291.9 281.5 269.1 257.5 245 246.8 258.5 273.1 286 297.5 307.4 317 324.9 328.9 333.7 335.6
176.2 185.5 200.9 221.2 236 252.7 270.8 280.2 283.4 287.7 285 280.7 275.3 268.8 261 254.9 247.2 235.9 249.2 264.2 279.7 295.4 314.3 333 347.2 359.3 369.5 378 384.5 388 388 385.1 379.8 374.1 370.8 368.6 366.3 364 360 355.6 350.2 351.4 352.1 352.6 351.9 351.7 350.5 346.1 342.1 335 325 312.4 296.5 296.4 298.6 303 306.7 308.3 309.6 308.2 302.8 297.4 287.9 277.3 265.3 252.7 243.5 254.7 267.6 281.7 294.2 306 316.3 325.5 335.7 342.3 348.3 351.6
168.7 180.8 195.1 211.6 228.2 243 258.4 265.9 270.1 270.9 270 267.1 262 253.8 251 243.7 232.7 241.7 256.6 272.5 288.6 306.1 326.1 344.5 357.4 367.6 376.1 382.6 384.7 386 383.1 377.8 372.3 367.6 365.5 367 364.9 362.4 358.1 353.4 347.3 344.8 346 346.6 346.1 346.7 347.7 343.8 340.1 334.7 324.3 313.2 300.1 284.7 288.6 293 297.2 301.3 303.2 303.3 299.3 292.8 283.4 271.9 260 245.6 243.3 260.4 273 285.4 297.5 309.6 320.4 329.4 341.3 350 358.4 363.7
165.9 172.5 189.1 204.9 221 235.5 247.3 254.4 255.2 255.2 253.9 251.9 248 240.4 238.1 228 238.4 253.8 268.1 286.1 301.9 319.5 340.2 354.8 365.9 374.5 381.2 383.9 383.5 380.4 375.5 369.8 363.9 359.7 360.3 364 363.4 360.6 356.2 351.1 345.6 340.2 339.8 340.6 340.8 341.7 342.7 341.5 338 330.9 322.2 311.8 299.7 286.3 280 284.7 290 294.7 297.1 299.2 295.9 288.6 278 266.3 253.6 242.2 246.7 262.5 275.1 286.7 296.7 309.6 321.9 332.8 345 354.6 367 372.7
166.7 170.1 184.6 197.5 213.5 227.7 236.2 237.8 238.4 237.4 237 236.9 232.4 225.9 221.1 236.6 252.7 268.3 282.5 300.3 317.5 336.7 352.7 364.1 372.4 379.7 381.4 382.1 379 373.4 368.4 360.7 353.8 353.9 357.3 361.6 361 358.6 353.8 348.9 342.5 336.5 334.5 334.9 335.7 337.1 338.2 338.6 334.2 327 319.1 309.1 297.9 283.3 270.5 277.6 282.8 288 293.2 295.7 291.4 284.1 273.1 260.6 248.1 242.2 247.6 257 267.1 282.1 291.7 307.7 321.6 335.2 347.5 360 372.1 381.9
166.9 167.9 180.4 191.3 204.8 218.4 222.2 221.8 221.5 220 221.9 220.7 212.1 222.2 239.7 255.4 269.1 283.8 299 318.3 336.9 352.8 363.4 372.6 378.6 382.4 381.5 378.1 372 365.5 359.9 351.8 345.5 350.6 356 360.5 358.6 355.7 351.1 346.5 340.7 334.3 327.8 329.3 330.2 331.6 332.9 333.9 329.6 322.2 314.6 306 294.8 280.5 266.3 270.9 276.5 283.8 291.3 292.5 286.5 278.1 267.6 255.4 240.4 239.8 257.6 269.1 281.1 290.5 298.9 298 320.5 336.1 349.9 364.4 380.6 393.2
168.7 166.8 176.9 186.1 198.9 206.6 205.6 204.9 202.3 198.1 202.2 211 221.1 238.2 255.3 271.1 286.8 302.7 317.1 334.7 350.1 362 371.8 377.1 381 381.7 378.7 372.9 365.3 358.1 349.5 343.3 343.4 349.3 356.7 358.6 356.6 352.8 348.4 344 338.6 332.4 325.8 321.3 324.6 325.9 327.2 328.2 323.9 317.3 311.3 302.8 291.6 277.7 263.5 264.1 271.2 280.2 288.7 287.9 281.3 272.3 261.5 248.3 238 246.1 264.7 280.8 295.9 306.6 315.7 322.2 325.4 338 355.5 374.3 389.1 401.5
169.4 163.5 171.2 181.3 187.7 194.5 193.3 192.6 208.3 219.9 226.1 226.1 233.2 249.5 268.1 286.5 303.2 317.5 329.7 343.2 357.2 368.1 376.2 379.2 379.6 379.1 374.5 368.2 359.4 351.1 342.6 338.8 341.9 349.9 356.5 357.6 354.6 350.2 345.7 341.3 336.1 330.6 325 318.4 318.5 322 323.3 321.7 317.4 312.5 307.2 299.4 289.5 276.6 262.3 259.8 268.5 278 283.7 281.7 274.8 265.6 253.5 242.9 237.5 255.1 274.8 296.4 311.5 323.6 333.3 340 346.3 357.2 366.3 383.5 397.5 407.7
169.3 163.5 167.3 176.1 180.7 178.5 192.9 211.2 229.5 243.3 248.5 245.8 239.4 256.6 274 292.4 308.8 324.9 336.3 349.2 360.2 371.7 376.7 378.3 378.4 375.2 370.6 364 355.1 342.8 336.5 332.4 342.7 351.8 355.9 356.9 354.8 349.7 344.5 339.2 333.4 327.6 322.4 314.3 312.3 316.1 316.4 314.5 310.8 308.1 304.2 297.3 287.9 275.1 260.6 254.4 265.5 274.1 277.3 273.5 266.9 257.4 244.4 236.6 243.3 266.3 288.6 309.7 326.2 339.7 350.5 358.6 360.6 371.5 382.5 393.6 405.1 415.3
170.5 164 163.8 168.3 178.7 190.6 206.9 229.1 249 261.4 267.9 266.2 263.7 257.5 277.4 293.5 310.9 328.3 340.7 351.4 362.4 371.7 373.6 375 374.8 371.3 366.3 358.9 348.6 335.2 332.7 334.1 345.4 354.1 357.1 357.8 355.1 350 345 339.9 334.7 327.7 319.5 310 304.8 309 309 307.9 306.8 303.5 300.2 295.2 285.9 272.9 259.1 247 261.4 268.9 267.5 263.5 257.3 248.1 239 238.5 259.5 280.9 303 322.9 341.1 354.5 361.9 368.6 374.4 381.9 392.3 402.2 412.4 421.2
167.5 163.9 164.6 170.8 182.2 199.6 219 241.5 261.3 274 282.6 285.6 286.7 282.3 283.7 296.9 314.3 331 343.4 353.5 361.9 369.8 371.1 370.8 370.6 366.9 361 352.3 340.7 330.8 329 337.8 348.1 355.7 359.3 359.2 355.7 350.8 345.9 340.9 335.9 329.6 321.8 314 304.6 299.9 302.4 304.9 304.3 300 295.6 295.4 287.2 271.6 254.3 243.1 255.3 258.7 256.6 251.3 245.3 237.5 234 253.1 275.4 296.8 319.5 338.2 355.1 364.6 369.9 374.6 381.1 388.4 397.9 407.8 417.2 424.9
164.4 163 163.9 172.5 191 210.1 230.6 250.2 272.2 286.1 295.1 301.6 302.4 302.8 302.1 301.6 318 335 346.6 354.5 360.9 367.3 368.8 368.1 365.8 361.7 354.5 344.8 333.2 326.4 329 342.3 351.9 358.9 361.2 361 357.5 352.6 347.7 342.8 337.3 331.7 325.3 317.5 308.4 301.3 293.6 300.7 303.8 298 293.4 292.6 284.4 270.8 252.5 238.5 246.7 246.8 244.2 240.5 232.4 233.8 249.6 268.3 288.9 309.3 331.8 351.8 366 370.5 373.4 378 385 391.4 402 412.4 419.7 426.8
163.4 162.6 164.2 180.3 202 221 240.8 261.9 280.3 293.4 306.4 309 312 315.4 318.4 321.3 328.2 340.4 348.4 355.4 361.1 365.2 367.2 365.5 362.4 356.1 347.7 336.6 325.7 320.8 332.7 345.3 354.4 360.7 363.7 362.4 359 354 348.9 343.8 338.5 333 327.5 321 312.5 305.2 297.1 292.6 292.2 291.6 290 287.7 279 267.2 251.9 234.2 235.6 236.7 232.3 230.5 237.6 253.1 270.5 287.7 302.7 322.8 342.3 356.1 367.4 374.3 378.9 383.6 388.2 394.7 405 414.4 421 428.8
161.8 158.5 169 190.9 211.3 231.1 248.7 268.4 286.9 299.5 308.6 311.7 316.8 321.8 325.7 331.7 339 345.4 351.4 356.7 361.9 363.9 364.9 362.8 357.4 351.1 341.7 328.5 318.1 323.3 335.6 346.2 355.3 361.4 365.5 363.4 359.8 355 349.9 344.7 339.4 334 328.5 322.8 315 307.1 299.9 291.8 285.1 288.3 288.3 286.1 278.1 265.4 249.5 234 230.2 227.4 231 245.7 259.7 275 288 304.8 322.3 338.3 350.5 361.7 371.1 374.6 378.7 383.2 387.6 395.1 405.4 412.8 421.9 430.6
160.7 163.3 179.9 199.1 221.3 239.6 254.6 273 287.6 301.1 307.4 314.1 319.8 325.5 330.8 337.8 344.7 348.9 353.6 358.2 361.7 361.7 362.2 358.9 354 346.3 334.2 321.3 311.9 325.4 336.4 345.6 354.4 361.1 365.5 363.7 360.2 355.8 351 345.2 339.3 334.4 329.3 322.6 315.1 309.1 300.1 293 285.6 285.9 287 285.4 275.8 263.5 245 228.6 227.2 235.3 251.5 265.9 280 291.9 305.2 321.5 337 347.3 357.6 364.2 370.3 374.8 378.6 380.4 385.4 392.7 401.7 409.5 418.5 426.9
158.5 170.1 187.5 209.6 230 246.4 260.1 277.2 288.7 295.8 303.2 312.5 319.4 327.2 335.3 342.3 347.6 351.3 355.1 358.1 360 359 359.3 355.9 349.7 340.9 326.6 316.7 311.5 325.9 335.9 343.9 352.6 359.4 364.1 362.9 359.6 355.6 350.2 343.7 338.5 333.5 327.9 322.8 315.9 308.5 298.3 288.7 282.5 285.7 287.2 287.2 276.5 262.6 242 225.8 231.8 246.1 264.9 278.8 291 305.4 318.6 333.1 343.3 352.8 359.2 364.5 367.5 370.4 373.1 376.7 382.4 389.2 397.8 405.9 413.6 422.4
165.3 179.3 198.5 219 236.2 253.8 265.2 273.1 281.6 289.7 299.5 309.7 320.6 330.7 339.1 345.2 349.6 353.4 354.7 356.3 356.7 354.7 355.2 351.4 345.3 335.4 322.4 313.1 308.7 324.5 334 340.8 349.2 357.5 362.5 362 358.2 353.1 348.1 341 336.4 334.2 329 322.5 317.3 306.3 293.7 283.6 280.4 287.9 290.7 291.3 289.8 271.5 240 224.6 235.8 256.2 271.3 283.9 298.5 312.3 322.8 335.3 346.1 352.5 358.3 359.9 360.8 364.1 366.1 370.7 376.5 382.9 390 397.2 407.8 418.9
169.7 184.6 205.9 223.6 238.9 254.7 263.1 270.4 278 286.5 298.2 312.1 324.6 334.2 340.9 347.6 351.4 353 352.9 351.7 352.1 350.7 350.1 346.5 339.9 330.5 315 307.5 312.6 323.3 331.8 339 345.9 356.3 360.1 358.4 354.8 349.5 344.2 337.3 332.5 332.1 330 322 312.5 301.2 290 278.7 284.2 290.9 292.7 292 291 270.3 233.9 225.3 245.3 265.1 276.7 288.3 303.1 314.7 326.3 338 344.2 350.9 352.4 353.1 354.3 354.6 354 360.1 364.6 373.2 380.7 390.2 400 410.6
175.8 190 203 219.9 235 251.4 260.5 268.1 276.8 287.6 302.3 317.2 328.8 337 344.2 349.4 352.8 351.9 350.4 349 347.6 345.6 343.1 340.2 333 326.6 316.9 301.5 310.4 319.7 327.1 335.8 343.1 352.3 356 354.5 350.9 345.5 339.5 332.9 330.1 327.1 323.7 320.8 310 297.2 285.2 274.1 292 295.7 293.7 292.2 290.6 263.7 227.6 227.9 254.7 268.6 281.5 293.6 304.4 316.6 327.6 333.8 336.2 340.6 343.4 346.3 347.1 344.9 343 350.2 356.7 363.5 372.5 382.2 391.8 402.3
184.8 199.3 212.7 224.7 235 249.4 259.2 268.7 279.3 294.4 310.2 323.6 335 341.9 347.2 351.3 353.1 350.3 347.3 345.7 342.2 338.9 336.4 333.1 328.2 322.8 314.6 297 305.9 315.4 322.6 331.8 339.9 347 350.8 349.5 346 341.3 334.9 329.4 327.7 324.8 321.1 317.3 309 294.8 280.8 271.9 293.3 294.5 293.7 292.1 287.3 260.6 225.1 229.9 257.8 271.3 281 293.8 306 317.3 320.9 323.2 328.7 330.2 332.9 336.1 335.8 334.3 334.8 338.5 343.3 351.1 356.8 366.8 376.8 388.5
192.5 210.5 224.3 236.4 246.6 254.9 264.7 277.9 290.8 307.4 321.3 332.1 340.4 346.7 350.9 353.3 352.1 348.2 343.7 339.2 335.1 331.1 328.9 326.6 322.7 318.8 312.6 299.8 299.6 310.7 318.4 328.1 335.8 340.6 343.8 343.7 340.8 336.5 331.2 326.6 325.3 322.5 318.5 313.6 304.6 291.1 277.6 265.5 290.8 294.8 291.4 287.4 281.8 255.2 221.5 233.3 259.5 272.5 281.8 294.2 305.8 309.4 312.1 319.1 323 323.1 323.5 324 322.4 321.3 321.4 325 327.9 336.5 343.1 348 363 372.4
