ny/ny39_OST50GRID_20230518/NY39.asc
ncols 200
nrows 200
xllcorner 330000
yllcorner 590000
cellsize 50
[rows 0 to 34 of 200, columns 78 to 155 of 200]
374.6 369.3 364.4 358.6 350.8 342.8 336.9 331.1 327.2 323.5 320.9 319.2 318 315 310.1 303.8 298.5 293.1 285.8 277.4 268.7 262.2 258.7 267.3 270.8 270.1 275.7 285 293.7 302.9 313.8 320.8 325.3 329.4 331.3 328.9 334.6 348.8 362.5 371.2 377 379.5 378.7 374.3 367.6 361 354.3 345.2 333.3 320.3 307.4 292 282.1 274.7 285.4 297 305.4 311.1 316.4 318.1 317.7 314 311.1 312.1 312.9 314.5 318.4 325 332.2 337.9 345.1 344.8 339.6 329.5 314 298.1 282.9 289
371.1 367.7 362.9 357 350.8 340.9 332.6 326.2 320.4 316.7 313.6 311.9 310.1 307.6 303.4 298.4 293 287.2 279.3 271.6 262.8 260.6 269.3 274.6 278.6 278.7 279.8 292.4 301.1 312.4 323.9 330.8 336.1 340.4 342.9 337.6 340 348.1 364.3 375.2 379.1 381.2 379.9 375.3 368 359 353.3 344 330.8 317.1 301.6 287.7 275.7 282.1 296.3 305.1 308.9 313.9 316.3 317.2 315.1 312 315.9 317.9 319.6 322.5 327.4 333.1 339.6 343.9 349.6 345.8 339.9 328 311.9 296.3 283.6 294.8
363 360.9 357.7 352.4 345.8 336.5 327.2 320.7 314.8 309.8 306.2 303.5 301.8 300.1 296.6 292.4 287.5 280.5 272.7 262.3 262.7 270.9 277.2 283.1 286.8 286.1 284.3 298.1 310.6 321 331.2 338.3 345.3 350.7 351.6 352.2 353.8 358.6 373.3 381.1 382.8 382.4 380 373.3 363.7 355.6 348.2 338.1 326.8 312.7 297.7 285.6 279.1 292.4 303.1 310.9 314.1 316.9 317 316.9 315 317.8 321.4 324.3 327.6 331.6 336.6 342.3 346.9 349.8 351.6 346.2 338 323.8 307.4 290.9 286.6 299.7
352.1 350.1 349 344.5 339.1 330.8 322.5 315.1 309.2 303.3 299.9 296.9 294.4 292.9 290.3 287.3 280.7 271.3 265 265.6 270.7 278 285.6 291.8 294.6 294.6 285 302.8 315.8 328.8 338.3 345.9 353.4 360 364.8 368.1 370.2 373.5 380.6 384.8 385.2 383.7 379.6 372.8 362 349.8 340.3 329.9 318 305.1 291.6 284.2 289.2 302.5 310.6 315.3 318.3 318.6 318.4 317.4 318.9 323.8 328.8 332.9 338 341.2 345 349.1 353.2 353.8 352.1 344 333 317.8 302.8 287.5 290.1 305.4
341 339.4 336.5 330.9 328.7 322 314.3 309.5 303.1 297.6 294.4 291.4 288.5 286.2 283.8 279 271.3 266.1 271.2 273.1 280.1 287.4 293.9 299.6 304.1 305.8 302 296.4 315.2 330.1 342.3 351.9 360.1 368.3 374.7 378.1 381.1 385.3 389.6 390.3 388.7 385.7 380.5 372.6 362.1 351.4 340.3 325.6 310 300.8 293.2 282.9 297.3 311.6 317.7 320.6 321.1 321.1 320.3 320.7 326.4 332.7 339 344.6 348.7 350.4 352.5 355.7 357.8 353.8 349.9 340.8 328.7 313.7 298.2 287.9 293.6 311.1
328.7 327 324 323.3 319.7 312.7 307.3 303.2 298 292.2 289 286.3 283.9 281.4 276.8 271.4 266.6 273.2 277 280.7 287.6 295.2 302.3 309.6 314.2 315.8 315.1 307.4 310.6 328.6 342.4 354.6 368 376 383.1 387.4 390.4 393.9 397.6 397 393.5 389.7 382.8 373.6 363.8 353.9 340.7 324.1 309.9 299.1 292.3 295 309.1 319.2 324.9 326.6 325.2 322.8 321.6 326.4 335.4 342 348.1 353.5 356.8 358.4 360.4 360.9 358.3 352.1 346.4 336.9 323.4 309.6 291.7 291.5 294.2 307.6
315.6 313.6 312 311.7 309.1 305.2 300.6 296.3 292.4 286.9 284.2 281.9 279.8 277.6 272.9 269.2 274.8 278.2 281.9 287.7 295.4 302.9 311.4 319.7 323.7 326 325.1 320.8 316.8 324.4 342.1 355.5 366.9 381.7 389.8 395.8 399 402.2 403.9 403.3 398.7 393.3 386.3 376.7 365.8 354.2 341.3 324.9 307.6 297 288.7 306.7 318.4 326.2 331.3 331.5 328.1 325.8 323.8 333.6 343.4 350.7 356.5 361.4 364.9 366.2 363.5 361.5 357.8 351.3 343.3 330.8 316.8 302.9 291.8 297.2 304.9 306.8
310.1 303.6 301.5 302.2 300.2 296.4 293.4 289.6 285.6 282.7 280.8 278.7 276.6 274.5 269.7 277.2 280.1 279 287.6 294.9 303.5 311.5 320.8 328.7 332.9 334.8 335.1 332.5 328 325.1 341.8 357 370.7 384.1 395.6 402.1 407.2 410.3 410.1 408 403.1 396.7 388.8 378.4 365 353.1 338.9 324 307.8 295.7 300.4 314.7 326.4 333.3 337.1 335.9 332.2 328.7 327.6 337.3 348.8 358.1 364.7 369.5 372.5 371.9 368 363 356 347 336.8 324.2 310.4 294.3 294.2 306.1 314.7 319.3
318.9 313.1 308.7 304.7 302.1 298.9 294.9 285.8 281.9 279.3 277.8 275.6 273.8 270.2 276.8 281.2 284.9 288.3 290.1 301.3 311.5 321.8 330 337 341.9 343.3 343.4 342.2 337.6 325.8 339.7 358.5 374.1 387.9 399.7 408.6 413.7 417 414.6 411.1 405.6 397.8 390.1 376.4 362.2 349.7 336.1 318.1 304 294.4 307.4 323.9 334.8 339.9 343.7 342.1 336.3 332.6 330.2 341 353.6 363.8 370.6 376.6 377.9 375.2 369.9 360.5 351.1 341.4 329 317 303.2 296.2 303.5 317.7 328.9 331.5
327.7 320.8 315.9 311.8 306.5 301.2 295 287.9 282.8 277.9 275.1 273 274.7 277.8 282 287.1 290.9 294.8 300.1 306.7 318.4 329.1 337.1 344.1 349.2 352.4 352.6 351.4 348.3 338.1 335.8 357.5 375.7 391 403.1 411.1 418.6 421.7 419.4 414.1 406.8 397.7 387.6 373 359.2 346.4 331.6 314.3 302.8 297.3 313.4 330.8 341.8 347.9 350.3 348.4 342.4 336.6 333 342.2 354.9 367 374.9 379.3 379.9 375.9 368.1 356.1 345.5 333.7 321.1 309.2 296.4 301.9 314.6 331.8 343.1 346.8
332.4 326.8 320.9 316 309.4 302.6 294.6 287.2 282.9 277.7 275.2 274.8 278.1 281.3 286.3 293 298.2 303.7 309.4 307.3 322.2 334 343.2 351.2 356.7 360.4 361.9 360.9 359.3 347.2 344.6 355.9 376.5 392.8 404.2 412.9 418.6 422.1 419.7 414.6 406.6 396.7 385.6 366.2 353.3 341.5 327 312.7 300.8 305 321.8 336.6 348.1 353.6 356.3 354.5 349.5 340.4 337.6 342.9 355.3 367.3 375.3 379.6 379.3 375 364.7 350.6 338.7 326.3 313 301.7 303.8 310.5 328.7 345.4 359.6 368.4
335.9 330.7 324 317.4 310 301.8 293.4 285.3 280.7 276.7 277.1 278.9 281.1 285.1 291.3 299.4 305.8 312.5 319.2 323.3 324.8 337.3 348 357.4 364.9 369.8 371.6 371.6 370.6 362.7 354.1 361.4 377.6 396.1 406.4 415.2 420.3 422.7 419.9 413.6 405.1 393.7 378.8 361.6 347.6 336.4 325.3 311.9 301.1 313.7 329.8 342.6 354.5 360.1 361.6 360.1 356.2 347.1 343.7 344.5 354.7 366 373.4 378.1 377 372.1 359.5 345.2 331.7 317.7 304.7 306 314.2 326.2 343.7 360.9 376.5 385.7
333 328.3 322.4 315.5 306.6 298.7 292 283.8 278.6 276.9 279.6 282.1 284.3 289.6 296.9 305.8 314 321.4 328.8 332.7 335.9 340.6 351.4 362.6 372 378.1 381.7 382.5 381.9 376.5 363.2 374.8 386.5 402 410.6 417.3 421.1 422.1 418.2 412.3 403.3 388.6 371 353.2 340.2 329.8 319 309.3 309.4 320.1 337.3 349.8 360.3 365.9 367.8 366.6 364.4 358.2 349 347.6 355.4 364.6 371.3 374.5 373.1 367.1 353.1 338.6 322.9 307.6 305 315.7 327.8 341.4 362 379.2 395.1 404
329.5 324.9 317.8 309.7 301.5 294.7 288.2 281.7 279.1 280.1 282.3 284.8 287.9 294.2 301.9 313.8 324.5 330.9 336.7 340.6 344.5 349.9 355.9 367.6 377.8 385.3 390.7 393.6 393.3 388.6 380.4 387.7 401.2 410.6 417.3 422.6 424.2 422.5 417.7 410.7 399.4 384 365.5 347.6 336.3 325.1 315.6 308.3 314 326.1 342.1 354.7 364.8 372.3 372.9 371.9 369.6 366.8 360.5 353.4 356.5 363 367.7 370.5 368.7 361.2 347.4 330.9 313.8 306.1 315.8 326.1 340.8 356.9 377.2 395.3 411.9 421.6
322.2 317.5 310.9 303.1 296.8 290.9 285.6 280.5 281.4 282.8 285 287.5 291.3 298.4 307.8 321.1 332 338 344.6 348.8 354.1 361.4 364.5 374.6 384.9 393.4 399 403.4 404.6 401.4 397 401.4 412.1 419.7 425.1 426.5 426.7 422.9 416.5 406.9 395.2 378.2 360.5 343.7 331.6 321.4 313.1 314.1 324.4 333.2 345.7 359.5 371.1 375.4 378 377.3 377.3 375.3 368.4 359 359.3 363.7 366.1 366.9 362.8 354 339.5 323.5 306.8 313.8 324.8 340 354 373 393.4 412.3 425.9 437
314.1 309.1 303.6 297.7 292.4 287.4 283.8 280.4 283 285.5 287.7 290.5 294.9 302.6 313.1 326.6 336.9 344.2 352.6 358.9 365 372.9 377.9 384.4 393.8 402.2 408.5 413.7 416.3 415.5 409.9 416.4 423.3 429.2 431.9 431.4 428.5 423.7 415.9 405.9 391.1 374.1 356.1 339.3 328.3 315.9 316.2 325.1 338.6 346.4 353 364.5 375.7 382.9 384 385.8 385.2 380.8 375.1 365.9 363.1 364.2 365.5 363.8 357 346.4 331.9 317.4 309.6 320.7 336.5 351.8 370.9 391.2 409.6 426.5 440.1 452.1
305.9 301.9 297.2 292.7 289.1 286.3 283.2 283.2 285.5 287.8 290.4 294 299.6 307.3 319.5 331.5 342.1 352.2 361.1 368 376.4 385.2 390.8 397.4 404.9 412.4 418.8 425.3 428.5 429.7 429.3 430.9 435.3 437.3 436.8 432.6 429.1 423.7 413.4 401.8 386.7 370.5 353.3 335.8 324.1 318 327.3 342.1 352.9 361.1 365.8 369.7 380.9 390.6 391 391.8 392 389.4 382.1 372.4 368.2 368.3 367.7 361.2 352.7 339.4 324.7 309.6 317.1 331.3 348.7 366.3 385.8 405.4 422.4 440.1 454.2 465
299.3 294.7 292.2 289.2 287.4 285.5 283.2 285.6 287.8 290.1 293.3 298 304.7 315.9 327.8 339 350 361 370.2 379.2 389.4 398.7 405.2 411.9 418.3 425.4 432.3 438 441.2 443.9 445.1 446.1 444.9 443.7 439.8 434.6 427.6 420.5 409.9 395.7 378.8 362.8 347.8 330.7 320 331 342.7 357.2 369.5 377.2 381.2 383.8 391.6 398.3 399 398.5 397.9 396.8 388.8 379.7 374.7 372.7 368 360.1 349.6 334.5 319.4 314 323.1 340.8 359.9 379.7 397 418.1 435.1 452.2 465.8 476.4
301.1 297.4 293.2 290.3 287.5 285.8 286 288 290.2 292.4 296.3 302.7 312.6 325.3 337.6 348.9 359.7 370.6 380.3 390.9 402.2 412.2 419.2 425.9 432.4 438.6 445.4 450.8 454.4 456.6 456.3 455.3 453.1 449 443.1 434.6 424.8 414.5 400.8 386 371.3 356.6 339.9 326.9 327.9 342.4 355.9 370.3 382.6 391.8 395.6 397.1 402.3 406 408.3 407.9 403.3 399.6 394.9 385.2 381.2 376.4 369.1 358.8 346.3 329.6 317 316.3 329.6 349.7 371.3 388.4 406.2 427.5 445.3 460.6 474 481.9
304.2 298.9 293.9 291.4 288.9 287.3 288.8 290.7 292.8 295 299.4 308.2 321.5 334.8 347.7 359.2 370.1 380.8 391.5 403.7 415.2 424 431 437.7 444.8 451.1 457.4 461.4 463.9 464.9 464.7 462.9 458.5 451.8 444.1 433 419.6 405.6 391.5 377.2 362.1 345.1 334.4 329.8 336 350.4 365.9 380.1 394.3 403.3 409.5 412.5 414.6 415.6 415.7 415.1 411.2 406.8 398.8 392.8 385.8 377.8 368.1 355.7 340.6 324.9 315.2 320.7 337.3 360.2 378.4 394.8 413 431.8 449.9 464.4 473.7 480.1
305.8 299.4 295 292.5 289.9 289.9 291.8 293.6 295.8 298.6 303.7 315.3 329.8 344.9 358.4 369.9 380.8 391.7 403.9 416.3 427 434.7 441.6 449.7 456.9 462.4 467.2 469.9 472.9 473 472.9 468.5 464.1 454.7 444.5 429.3 411.9 396.8 381.9 367.3 351.2 342.4 336.4 336.3 344.6 355 372.8 391 405.6 415.9 422 425.2 425.5 425.4 422.4 421.2 417.5 413 407.2 398.2 387.9 376.3 365.9 350.2 335.1 320.9 317.2 326.5 344.1 364.3 383.8 398.6 416.4 434.3 450.1 462.6 469.3 471.7
308.3 300.1 296.1 293.6 291.1 292.8 294.6 296.8 299.4 303.8 310.7 322.3 340 356 369.4 381.3 392.3 403.2 414.7 425.3 434.3 442.6 450.7 459.5 465.6 470 475.6 478.5 480.6 480.6 478.3 473.6 466.8 456.2 443.9 425.3 405 389.3 374 357.1 352.9 348.4 340.4 343.8 353.5 367.7 380.2 402.8 416.3 425.7 431.5 433.3 434.8 433.6 429.4 424.4 420.7 416 409.5 400.4 388.2 374.8 361.3 346.1 330.3 318.4 320.5 331.5 350.1 367.6 383.4 399.5 417.2 432.8 444.8 454.5 460.5 462.9
309.5 300.8 297.5 295.4 294.8 295.7 297.7 300.4 303.1 308.2 314.9 327.4 347.6 367.2 381.9 393.2 405.3 415.7 423.3 433.5 442.4 450.5 459.8 466.4 472.3 477.4 481.9 485.6 486.3 485.1 481.5 477.4 469.4 458.9 444.9 424.6 400.8 383.7 368.7 370.7 363.6 355.5 348 354.2 366.7 384.1 401.1 413.4 424.2 432.9 438.5 440.1 440.3 438.9 433.7 428.1 423.5 417.3 407.8 396.8 385 371.9 356.1 341.4 324.7 319.4 321.9 333.5 351.3 368.2 384.3 399.4 414.8 427.3 438.1 444.9 448.9 449.4
309.2 302.2 299.6 297.7 298.4 299.6 301.6 304.2 308.4 313.9 321.4 332.1 354.2 374.1 391.7 404.2 414.5 424.7 432.1 441.7 449.4 457.6 464.6 470.8 475.1 480 485.2 488.6 489.4 487.6 485.4 479.7 471.8 461.7 443.5 427.8 403.7 388.2 385.7 381.8 371.8 353.9 358.2 365.8 377.9 398.5 415.3 426.1 432.3 439.7 444.2 444.6 443 440 436.2 430.5 423.7 416 407.9 394.4 381.1 367.6 350.7 335.7 324.8 320.6 322.5 333.4 351.4 367.4 383.1 395.5 410.3 420.4 428.6 434.7 436.6 433.7
309.8 305.6 302.4 301 302.2 304.2 306.1 309.2 313.8 320.2 328.2 344.6 362.5 382.2 400 412.6 423.2 433 439.1 446.8 452.7 459.5 464.8 470.4 475.5 480.1 484.3 488.2 489.6 488.6 486.2 480.8 474 465 451.7 433.9 413.6 406.4 400.5 389 372.9 365.9 373.5 382.5 391.9 415.3 428.1 436.3 441.9 446.4 444.1 443.6 440.1 437.3 433.3 427.5 421.4 414.1 403.3 390 375.6 362.5 346 329.9 324.3 322.3 323.7 333.7 350.2 361.4 378.7 392.4 404.9 414.6 422.5 425.3 422.6 413.4
314.6 309.2 306 304.7 306.7 308.7 310.7 313.6 320.3 327.8 337.6 356.2 373.4 391.8 407.9 420.1 429.8 436.9 442.7 447 452.3 457.8 463.2 467.5 471.4 474.7 477.6 481.6 486 486.7 485.3 481.3 475.5 467.8 456.4 440.1 429.1 421.4 413.3 395.8 377.4 382.4 393.1 405.7 416 428.3 439.3 445.3 450.6 450.8 446 440.2 436.1 431.4 426.7 421.5 417.4 409 396.8 383.8 371 355.1 338.9 328.5 324.7 324.1 326.1 335.1 346.4 355 371 384.7 399.2 408.3 412.3 412.4 402.1 390.7
320 312.3 307.3 307.9 310.7 314.5 318.8 324.7 331.6 339 351.7 365.9 383.6 401.1 414.9 426.7 432.7 437.5 441.4 445.2 449.6 454.2 457.9 462.2 465.5 467.5 470 474.6 479 482.1 482 480 475.9 469.2 462.1 453.8 444.9 435.7 422.9 401.6 391.1 404.4 415.4 425.9 432.4 441.2 448.6 452.3 454.2 450.9 446.7 440.2 434.4 426.2 414.8 413.3 409.6 400.9 389.6 377.8 365.9 350.7 332.9 330.6 339.8 334.1 334.9 337.4 347.1 347.3 359.9 372.7 383.9 390 395.3 393.4 383.8 371.2
323.8 313.8 310.8 314.4 319.2 326.2 333.1 340.8 348.6 357.1 370.5 383.7 393.4 409.4 421.6 429.7 433.9 436.1 437.8 440.7 443.7 447.2 449.7 452.8 455.5 458.6 462.6 466.8 470.9 475.4 477.3 476.6 474.1 470.6 466.1 461.3 455.4 448 430.3 420.9 414.8 424.6 433.3 440.6 446 451.6 456.2 456.9 455.5 450.9 446.5 441 432.8 425.1 415.4 401.2 398.7 391.5 381.9 371.2 359.5 342.7 334 343.5 348.4 347.4 343.1 340.6 334.8 336.2 341.8 353.9 363.5 368.8 371.3 371.7 365.6 353.4
326.5 315.7 319.5 323.9 331.5 341.2 349 358.1 370.3 380.3 390.8 402.4 411.9 418.2 425.7 431.4 432.3 431.3 432.4 435.2 437.2 439.1 440.2 441.2 442.7 445.5 449.8 455.3 460.8 466.7 470.5 472.5 471.5 470.8 467.9 464.3 461.4 455 446.9 430.9 433.3 441.3 446.8 451.4 455 457.5 458.9 458.5 454.8 450.8 445.2 439.8 431.7 420.9 413.2 400.3 386.8 381 372.9 363.2 347.6 339.7 350.4 358.3 364.7 365.1 354 338.5 331.3 321.4 330.9 338.4 343.2 348.8 351.6 351.8 346.3 337.8
331 326.3 330.9 336.2 345.7 355.8 366.1 378.7 392.5 405 413.9 420.9 426.8 430.2 430.5 430.9 429.3 426.5 426.3 426.8 428 428.8 429.1 429.4 430.5 433.2 436.7 443.8 450.8 457.1 462.7 465.6 468.2 468.4 467.9 467.8 464.5 461.6 456.5 446.7 448.7 452.6 455.2 458.9 460.3 460.9 459.5 456.5 453.3 448.9 443.4 436.6 427.5 417.8 408 396.1 384.3 369.5 358.6 343.6 346 354.3 364.4 373.3 383.7 381.4 364 350 333.7 325.7 317.7 323.8 327.2 322.8 329.9 330.6 325.5 318.8
338.1 339 343.2 350.8 361.1 372 383.9 399.9 415.2 424.5 430.4 435.9 438.9 436.8 433.1 429.5 425.5 421.2 416.3 415.1 416.5 417.2 417.6 417.9 417.4 418.5 422.4 429 435.9 446.6 455.7 459 462.5 464 465.3 468.3 468.3 465.9 462.2 458.3 459.1 461.3 462.1 462.5 462 461.1 458.4 453.4 450.9 445.2 439.2 432.3 423.6 414.1 403.4 388.1 375.3 356.7 349.8 355.9 362.7 367.9 378.9 390 404 394.8 376.2 361 338.5 320.7 310.8 310.4 310.9 305.4 304.9 303.5 300.8 294.9
354.9 353.4 358.6 367 376.5 389.2 403.9 420 429.5 436.6 442.4 443.6 443.1 440.3 435.2 428.8 420.9 413.9 407.1 402.5 404.5 404.3 404.2 403.4 402.5 402.5 406.8 414.1 425.2 437.2 448 453.9 456.9 459.6 463.8 468.2 469.9 469.2 465.5 463.2 464.1 464.4 463.6 460.6 460.2 457.4 455.1 451.1 447.3 441.6 434 425.9 417.9 408.2 395.9 382 362.4 355.4 368.8 378.7 384.4 388.8 395.3 412 417.8 402.4 381.3 367.3 347.8 325.4 306.4 293.9 296.3 291.1 285.3 275.8 270.7 268.5
369.8 370.1 376.2 384.8 393.8 404.3 419 431.9 438.5 442.8 444.4 445.6 443.5 439.7 434.5 427.7 416.8 406.8 398.9 391.3 392 392.2 392.3 389.6 388 389 396 407.5 419.2 430.7 441.1 448.2 452.8 457.2 461.8 466.5 469.4 469.5 467.5 465.4 465.4 462.8 459.8 457 454.1 451.7 450.1 446.8 441.9 434.6 427.6 417.6 409.7 399.9 386 370.3 361.6 375.4 387.4 397.8 405.8 409.4 420.6 430.1 430.3 411.1 390.8 373.3 356.2 333.5 316.2 300.1 278.1 274.7 268.9 262.7 254.3 250.1
394.3 393.7 398.7 405.8 412.4 415.9 425.5 435.9 439.6 442 443.5 444.1 441.2 437.2 431.8 423.3 412.6 402.1 392.5 384.7 381.8 381 381.1 378.1 373.5 387.6 396.8 407 417.8 428.6 437.8 444.7 450.7 455.3 460 464.2 466.8 467.6 465.1 463.9 462.6 458.5 454.8 451.7 450.8 447.8 443.9 439.8 433.7 428.3 418.4 410.7 401.2 388.6 372.5 369.5 381.2 391.2 403.2 417.3 424.9 430.2 441.6 448.1 441.9 420.6 394.5 380 361.3 352.9 338.9 321 300.2 283 267.3 257.3 247.9 241.2
421.2 419.9 422 426.8 426.9 425.4 429.3 432.6 436.2 438.7 440.7 440.2 437.7 433.2 426.5 417.8 407.4 397.1 386.7 378.1 374.9 373.1 371 369.5 379.6 389.2 398.4 407.8 417.7 426.2 434.4 442.1 448.6 453.3 458.2 461.2 463 463.2 460.3 460 458.5 454.2 450.9 448.8 446.4 443.3 438.5 434 426.4 419.3 410.5 400.4 389.4 370.5 378.3 386.8 398.5 410.6 422 432.1 440.9 448.7 460.3 464 453.5 427.3 403 390.5 380.1 369.8 357.9 342.9 321 297.5 283.5 272.7 262.9 250
