ny/ny39_OST50GRID_20230518/NY39.asc
ncols 200
nrows 200
xllcorner 330000
yllcorner 590000
cellsize 50
[rows 35 to 69 of 200, columns 0 to 77 of 200]
259.3 236.1 215.9 215.4 224.4 239.7 259.6 279.5 292.8 301.6 307.3 310.1 310.6 309.8 307.4 303.5 298.4 292.4 284.8 273.4 262 250.5 238.3 227.3 235.5 241.6 249.6 258.6 269.1 278 282.7 287.3 292.5 301.5 311.1 321.1 330.8 339.7 347.6 353.4 358.6 362.5 365.1 367.6 369.5 370.7 372.1 373.7 374.6 374.2 371.8 365.4 358.9 353.5 350.1 347.5 347.4 345.2 341.1 336.8 330 323.3 319.2 316.7 321.1 326.2 332.1 334.7 337 351.8 368 384.5 400.8 414.4 423.8 432.5 439.2 441.8
255.9 233.3 214.8 212.9 226.6 240.4 260.6 280.4 291.1 300 304.5 304.1 304.1 302.8 299.3 294.6 289.2 283.9 273.6 263.5 253.4 242.7 228.5 226.1 234.5 245.1 256 267.9 280.7 290 296.5 301.2 308.3 315.3 323.8 332.9 341 348.9 355.2 361 366 369.1 371.2 372.1 373.1 372.7 371.7 371 369.3 368 364.4 357.7 350.7 343.8 338.4 336 336.7 334.5 330.2 325.8 319.7 314.1 310.1 313.8 315.4 320.2 327.3 336.2 346.3 360.5 377.2 394.3 411.5 425.1 435.5 444.8 452.4 457
255.2 232.5 215.2 211.5 226 236.4 257.6 280.1 289.5 296.3 297.2 296.6 296.1 293.4 289.9 285.1 279.7 272 262.3 253.4 243.3 233.3 223.4 226.6 238.7 252.2 265.2 280.1 291.8 299.2 307.4 313 318.1 325.1 333 341.8 347.8 355.8 361.7 367.3 371.4 373.8 375.4 375 373.3 371.5 368.8 366.7 363.3 359.1 354 348.2 341.7 334.7 328.3 326.1 326 323.9 319.6 316.3 310.9 305.6 310.2 315 321.3 327.7 336.8 346.1 357 371.9 388.1 404.7 421.8 435.8 445.9 455.2 462.7 465.9
256.7 234.9 216.9 210.1 223 233.3 248.4 268.8 283.4 286.3 289 287.4 285.3 282.7 279.4 275 267.4 259.1 251.4 242.9 234.2 223 223.4 235 247.9 261.3 276.5 291 300.3 306.5 312.6 318.5 324.7 331.9 339.8 346.3 352 360 366 371.3 375.1 376.3 375.4 374.5 371.6 367.6 363.2 358.6 354.1 348.5 342.6 336.6 330.6 324.8 319 316.8 316.4 313.8 310.5 307.3 305.6 308.9 313.4 321.3 329.4 338 347.2 356.1 368.2 383.6 399.9 416.4 432.5 446.2 455.9 463.1 468.8 470.3
262.9 240.8 222.9 208.6 219.9 226.5 240.5 258.9 273.3 278.6 278.3 276.6 274.4 271.8 268 262.3 255.2 247.7 240.8 232.9 227.1 220.8 228.7 241.9 255 269.7 284.1 296.8 303.3 309.1 314.9 321.3 328.2 334 339.7 346.7 353.6 360 366 371.5 375.3 375.7 373.7 370.4 365.8 360.4 354.7 348.3 342.1 337 332.1 326.1 320.1 314.1 311.4 310.2 308.7 306.7 304.1 301.6 309.2 316.7 320.1 328.1 338.3 348.5 357.6 368.1 380.3 395.6 411.4 427.4 443.4 455.5 463.7 468.5 472.6 472.4
269.9 248.7 229.6 210.5 214.7 220.4 230.6 249.5 264.5 268.8 267.4 264.6 262.3 260 255.5 250.1 243.4 237.5 231.1 224.4 219.6 219.8 235.1 247.8 261.9 275.4 287.9 296.8 302.1 307.7 313.2 318.9 326.3 331.7 337 342.4 349.4 355.9 362.2 367.5 370.5 370.4 367.4 363.1 357.6 350.3 343 336.3 330.3 325.4 320.9 315.5 309.5 305.9 305 304.3 302.2 299 298.6 310.8 318.4 325.8 329.9 332.4 346.1 358.6 369.8 381.5 393.5 408.9 424.4 439.2 451.6 460.2 468 472.1 473.9 471.4
277.6 255.7 236.7 217.7 206.4 214.5 223.1 238.3 253.1 257.7 255.6 252.4 250 247.2 242.4 237.8 232.5 228.1 220.4 217.2 217.2 230.1 241 253.7 265.6 275.9 283.8 289.5 295.3 300.9 305.9 311.5 318 324.5 329.1 335.9 342.4 349.2 355.3 359.5 362.5 361.6 358.1 353.2 346.3 338.8 331.3 324.5 318.8 313.9 309.4 304.9 300.6 299.1 298.7 297.5 297.2 305.8 314.4 323 330.5 338 342.3 344.9 355 368.7 382.6 394.9 406.7 419.9 435.1 448.9 457.4 465 470.5 472.7 471 467.5
277.6 260.3 242.8 223.1 206.8 208.6 218.7 230.4 243.4 246.2 244 241.2 238.5 235.5 229.2 224.3 220.6 214.3 216.2 217.1 225.2 234.2 244.7 254.3 261.7 267.3 271.5 276.8 280.6 286.6 290.3 296.7 304.7 311.7 314.4 324.3 333.4 341 346.2 350.1 351.5 350.8 347.1 341.5 334.8 328 319.5 311.9 306.8 302.4 298.5 295.3 293.3 291.1 292.8 298.7 307.6 317.4 326.3 335.2 343.7 351.1 356.4 359.7 367.1 380 395.5 408.5 420.2 431.1 445.7 454.7 461.9 467.3 470.7 468.4 466.3 462.7
275.2 258.8 241.2 222.5 203.5 204.3 215.5 223.5 233.7 234.2 232.7 230.2 226.8 224.8 218.1 213.3 210.8 220.6 225.2 222.9 227 235 242 248.6 252.7 255.1 258.5 262.9 266.6 269.7 273.1 279.6 287 293.3 298.8 310.7 321.7 330.6 335.5 339.2 339.3 338.4 334.4 329.1 322.8 315.8 308.3 300.2 296.7 291.8 288.7 287.1 295.1 301.7 307.4 310.6 314.9 325.5 334.9 344.1 353.9 364.6 371.1 375.1 380.4 399.4 409.9 421.5 432.2 442.3 451.4 458.9 465.4 468.1 467 464.2 459.7 455.2
266.3 247.8 233.1 215 200.7 207.9 213 218.2 222 225.1 222.1 218.9 215.6 210.9 210.5 217.8 228.9 236.7 239.7 238.3 225.2 226.4 236.2 241.1 243.1 244.6 245.4 249.2 251.8 254.6 257.3 263.3 271 277.4 283 293 306.4 315.8 322 325.6 325.4 323 319.8 316.9 312.5 306.5 299.9 293.2 286.7 281.4 287.2 297.8 306 312.3 317 320.4 318.7 331.9 342 352.6 363.9 374.2 384.4 391.4 400.6 411.6 421.3 431.1 439.6 448.2 454.9 461.3 463.4 463 461.5 458.3 452.3 446.5
253.7 238.6 223.1 207.8 198.3 206.4 210.7 212.8 214.5 216.9 213.8 210.3 208.7 218.3 229.1 238.8 248.2 255.2 255 249.7 240.7 228.9 226.8 229.1 229.6 232.8 236.6 238.1 239.7 241 244.1 245.4 254.2 264.4 270.7 279.3 290.3 298.3 305.2 308.2 307.7 309 308 305.7 302.3 297.1 290.8 282.9 279.2 289.6 298.2 305.8 313.2 320 326 330.7 331.9 336.2 347.3 358.7 372.5 383.6 394 403.7 414.2 423 431.2 438.3 445.2 450.9 456.3 457.8 457.5 456.6 453.5 448.8 442.7 435.5
238.5 227.6 213.1 201.8 195.3 201.8 207.2 207.9 205 204.6 204.3 215.6 226.9 237.3 249 258.9 267.8 273 270.1 261.2 248.3 243.9 242.2 246.8 248.7 252.7 255.6 257 257.9 260.1 261.8 260.7 255.8 250.3 261.7 267.9 274.7 281.9 286.8 290.7 293.2 295.5 296.6 295.1 291.7 287.2 281.3 276.3 286.6 295.4 303.7 311.8 319.5 327 333.8 339.2 341 346.5 354.3 365.3 379.2 392.9 403.4 414.6 423.6 431.1 438.3 443.3 447.9 450.2 452.6 451.4 450.7 448.8 444 439.2 432.4 424.8
231.7 219.4 207.4 199.5 193.6 200.2 202.5 199.6 209.5 218 224.6 234.8 247.1 257.1 269.6 279.6 288.5 287.2 282 272 257.9 260.5 260.9 264.1 268.4 272.7 275.5 276.4 276.5 278.4 280.2 277.9 273.2 265.6 255.3 260 266 271.4 275.7 279 281.9 284.6 285.9 285.2 283.1 280.2 274 282.2 290.2 299.7 307.6 315.1 324.4 332 339.3 345.7 350.8 355.6 362.8 373.9 386.7 400 410.9 421.4 429.4 436.4 441.1 445.4 448.5 447.9 446.8 445.4 443.3 441 435.5 429.3 421.7 414.1
223 211.7 201.4 194.5 192.7 195.8 199.1 214.3 224.3 235.3 245.6 255.2 268.9 278.7 290.5 298.4 303 300.7 293.2 284.5 280.4 280.6 280.2 283.5 289.8 295.1 296.7 297.4 297.1 297.2 298.2 296.3 289.5 281 272.1 263.6 256.2 262.7 268.7 271.7 274.3 276.6 277.5 277 274.8 272.3 278.2 286.7 294.3 300.9 308.5 316.3 327.1 335.5 342.7 350.2 357.2 365.5 373.2 383.3 395.2 408 417.6 425.5 432.5 437.6 441.3 444.2 444 442.5 439.4 437.2 435 432.1 425.4 418 410.5 403.3
213.2 203.2 195.1 193.8 195.8 199.2 215.8 227.3 241.2 254.7 266.7 276.4 287.9 297.9 305.9 312.8 315.5 311.4 304.5 298 296.4 296.5 297.5 301.5 306.5 310.4 313.2 315.2 315.7 316.7 316.5 314.8 307.1 296.6 287.8 280.2 274.1 269.6 263.2 263.1 263.5 268.6 265.6 266.4 274.6 275.6 281.1 288.6 294.8 301.1 307.8 316.1 326.7 336.7 345.6 354.4 362.4 372 383.3 394.3 405 414.3 421.8 427.8 432.3 436.3 438.5 439.4 438.6 434.9 431.1 427.3 423.7 418.8 412.3 405.5 398.5 393.6
206 196.4 190.4 193.7 196 213.5 227.6 241.8 259.2 272.2 285.3 293.5 302.9 307.3 317.8 323.4 323.2 321.3 314.7 309.9 308.9 308.8 310.8 314.3 318.6 322.7 326.4 328.9 330.4 331.6 332.6 331.3 324.4 313.8 306.2 299.7 295.3 288.9 284.8 282.8 281.3 280.5 283.6 287.8 288.9 287.4 279.5 288.3 294.7 298.9 306.8 313.9 324.2 335.1 347.1 358.2 369.1 380.4 392 402.7 411.1 418.3 424.5 428.1 430.1 432 432 432.5 429.5 425.8 420.7 415.6 410.5 406 400.6 394.4 388.1 385.7
201.3 190.8 191.4 194.2 208.9 225.9 242.3 259.9 272.2 285 296.8 305.9 308.9 312.7 324.3 327.2 327.9 327.5 323.9 320.5 319.1 319 320.6 324.6 328.6 332.8 337.4 340.4 342.6 344.2 345.2 346.5 340.1 332.9 327.6 321.7 316.9 310.5 306.4 303.8 303.4 303.3 305.1 303.8 297.9 291.3 281.9 284.1 292.1 298.8 305.7 313.8 322.9 334.5 349.1 362.8 376 388 398.8 408.8 416.5 422.5 425.6 426.2 426 425.7 423.6 421.3 417.4 412.4 407.3 402.3 398.8 394.3 389.5 383.2 376.2 383.5
190.6 189.3 193.5 203.5 217 233.7 253.2 267.7 278.9 290.9 302.7 309.2 309.5 313.1 320.1 325.2 328.7 331.4 331.2 328.7 326.8 326.7 328.2 332.3 336.8 341.1 345.9 349.8 352.7 355.2 358.2 359.7 358.9 354.1 350.2 344.9 339.3 334.5 330.3 327.5 326 325.2 322.7 313.6 301.2 293.4 291.2 294.3 298.5 306 310.8 316.1 325.3 338 353.6 369.3 383.1 395.5 405.5 413.4 418.6 423 423.7 422.8 421.2 417.6 413.3 408.9 403.5 398.9 394.5 390.9 387.4 383.1 378.4 373.5 376.7 382.9
189.3 191.7 198.6 210.8 224.7 244.3 263.2 275 284.6 295.3 304.1 307.4 305.4 309 316.2 322.7 330.6 332.4 336.1 332.6 330.7 330.5 332.1 336.2 341.7 347.3 352.8 357.8 362.1 366.3 369.6 372 372.3 369.7 368.9 366.2 362.2 358.1 354.3 350.7 346.1 340.9 331.8 318.4 304.2 292.2 297.9 303.9 312.2 320.5 325.1 324.6 331 342.9 360.3 377.6 392 402.9 410.8 417.2 419.9 420.3 420.4 419.1 416.6 409.8 402.6 396.1 389.1 383.1 380.9 378.6 375.4 372.2 367.6 370.1 375.1 379.6
187.1 190.6 200.1 213.2 233.8 252.7 268.1 281.2 284.1 291.7 295.9 298 297.9 302.6 311.5 320.8 326.8 332.8 335.7 334.9 330.4 329.5 331.6 337.7 344.7 351.7 358 364.7 370.6 375.5 379.5 382.5 382.8 382.8 382 380.1 376.7 371.9 368.4 362.4 355.1 347.2 335.9 320.8 307.2 300.4 306.1 316.7 326.6 335.7 341.3 340.1 337.7 351.4 369.9 388.9 402.5 411.8 416.7 418.5 418.3 417.4 416.4 414.9 409.3 400 387.3 381.6 373.3 366.4 365.6 367.1 368.1 364.2 364.6 368.8 372.5 372.9
188.1 192.5 204.7 216.2 235.9 255.9 267.7 277.4 279.4 282.8 285.3 286.2 288.2 295.7 304.1 313 321.1 327.3 331.8 329.5 325.4 324.4 329.4 339.2 346 353.2 362 369.8 376.9 383.1 387 389.8 391 390.3 389.5 386.4 381.8 377.9 372.8 366.6 358.9 349.9 337.8 323 308.6 309.3 318.7 330.2 341.2 351.6 358.8 354.3 353.6 364.8 384.6 402.2 414.4 419.6 420.4 418.5 415.5 414 410.7 407.8 402.1 392.5 379.7 359.1 354 351 353.1 357.2 358.1 355.3 364.1 366.9 366.6 363.8
188.3 196.4 207.9 222.6 238.4 247 257.6 263 265.6 269.9 270.1 270.2 275.5 282.1 292.5 300.4 310.9 320.1 323 321.2 316.7 316.7 326.5 336.4 346.3 356.1 364.8 373.4 381.2 388.4 393.1 394.7 395.5 395.2 392.2 388.5 383.3 377.5 372.1 366.2 358.2 350 339 324.1 312.3 322.3 333.9 345.8 358.3 369.8 376 375.1 374.4 385.2 400.6 416.1 422.9 425.9 422.8 418.3 413.4 408.6 404.6 400 393.9 384.2 368.3 348.2 342.4 342.6 348 351.5 357.8 360.2 362.4 360.7 359.2 354.6
188 197.6 206.6 218.1 227.8 233.9 243.4 249.6 253.8 257.4 257.2 257.6 260.4 266 272.6 281.3 293.3 303 308.5 309.7 305.8 306.9 320.3 331.7 341.2 355 365.8 376.5 384.8 391.1 395.2 397.7 398.4 396.2 392.1 386.9 381.8 375.3 368.9 362.4 356.3 348.8 339.4 326.2 326.7 337.2 349.4 362.2 374.7 386.6 393.5 396.1 397.7 406.9 418.1 428.1 431.6 430.2 425 418.6 410 401.5 395.3 389.9 383.5 373.7 359.4 343.3 331.7 336.7 344.1 351.9 355.5 357.7 358.2 356.2 352.2 346.7
188.1 198.9 204.4 209.3 215.7 223.1 230.7 237 243.1 246.2 246.8 247.3 248.9 253.3 258 266.8 276.6 283.2 291.4 296.4 291.3 295.5 308.7 322.5 339.1 352.1 364.6 376.6 385.2 391.7 395.8 398.5 399.3 395.4 390.1 383.8 377.1 369.3 363.1 358.2 353 347.7 341.6 334 341.4 351.5 362 376.4 390 401.1 409.3 414.9 420.7 427.3 434.2 439.1 439.6 435.9 427.6 417.7 404.9 392.4 384.4 378.1 370.8 361.2 349.4 335.8 323 333.7 342.9 349.1 352.1 353.2 352.9 350.9 345.7 339.4
189 196.8 195.4 198.9 203.7 213 217.8 221.7 227.1 232.6 236.1 234.8 238.6 242.2 246 252.8 260.2 265.3 273.2 279.2 278.4 287.9 298.7 315.6 334.8 348.3 361.7 372.8 382.2 389.9 393.6 396.5 396.8 392.7 384.4 377.2 369.8 363.3 357.8 353.4 349.8 346.3 346 346.6 354.2 363.5 374.5 388.1 401.1 411.3 420.1 428.1 435.4 441.3 446.8 448.5 446.7 441.1 431.7 420.1 403.2 385.3 370.8 361.6 358.1 348.5 337.3 325.6 316.5 330.3 339.2 345 347 347.3 347.4 345.1 339.7 331.8
187.2 189.1 195.7 207.7 218.3 215 212.5 213.2 212.8 213.8 217.3 219.1 222.3 225.2 232 244.4 249.7 255.8 258.5 264.2 273.6 280.5 291.6 311.3 330.1 343.9 356.9 369.5 379.1 386.4 390 392.3 392.2 387.8 379.5 371.4 363.7 356.1 350.7 348.5 346.2 344.8 348.6 354.9 361.5 370.4 382.4 396.6 407.8 417.7 426.3 436.7 443.9 450.2 454.2 455.7 451.8 445.1 435.7 423.3 406.8 389.5 372.8 356.1 342.6 335.1 328.3 319.1 310.8 327.2 336.1 340.5 341.7 341.9 341 338.5 332.9 324.6
186.6 191.1 199.5 223 240.3 241.7 237.8 237.3 237.4 234.4 226.4 235.4 245.1 244.6 243.5 235.4 237.5 251.6 256 261.2 268.7 273.7 284.9 307.3 323.8 338.1 351.3 363.8 375.3 381.3 383.3 386.3 385.8 380.8 373.6 364.3 356 348.4 342.6 341.3 340.1 344.9 351.8 359.8 367.2 376.4 388 400.5 412.3 421.5 430 439.6 448.6 455.8 459.2 459.4 455.7 448 439 426.6 412.8 395.4 378 361.8 345.2 329.4 316.2 310.6 311.3 324.4 332.2 335.6 336.6 336 334.4 331.6 326.1 317.5
185.1 190.7 204.9 231.9 260.4 265.4 262 262.1 261.2 253.8 244.4 254.8 263.5 266 262.7 256.8 248.6 244.8 244.6 258.8 264.3 269.5 278.6 299.8 317.9 332.3 346.2 358.9 367.7 371.8 373.6 376.1 376.5 372.5 363.5 355.6 348.3 341.2 335.7 333.9 335.3 344.2 351.1 360 369.9 378.8 390.5 403.4 414.5 422.7 430 440.4 450.2 457.5 461.1 460.8 455.7 448.4 439.5 429.4 416.6 401.4 383.8 365.8 345.8 328.7 312.8 302.9 310.8 322.1 327.2 330.8 331.4 331.6 329 324.7 319 309.4
183.3 191.5 208.6 233.2 254.6 268.2 280.7 287 283.9 271.8 262.3 271.6 279.8 285.5 284.7 277.7 272.5 266.8 258.3 250.6 251.6 265.6 274.1 291.9 310.8 325.5 338.3 348.3 355.1 359.1 363 366.4 365.7 361.1 354.8 347.5 338.5 332.4 329 330 337.4 343.1 350.8 360.4 370.7 379.7 389.4 402.3 412.1 419.7 426.8 437.7 449.1 455.3 458.8 458 453.1 445.4 438 430 418.8 405.3 386.5 365.7 344.7 325.9 309.9 298.6 311.1 320.1 322.8 326.2 326.9 327.1 323.6 318.5 311.1 300.6
182.4 194.4 217.3 240.9 258.3 274.4 290.7 298.9 298.9 288.2 282.4 288.6 299.3 305.6 306.6 301 295.2 287 277.8 265.3 248.8 265.7 271.5 283.7 300 317.1 328 337.7 342.8 344 352 354.8 354.4 350 344.9 338.4 328.4 325.8 322.3 328.1 335 340.5 349.3 360.5 368.5 377.4 386.6 397.1 406.9 414.4 422.9 435.4 444.7 450.2 453.5 452.7 448.8 441.9 435.1 428.6 418.8 405.5 386.3 365 341.7 322.5 307 296 305.9 316.4 317.7 320.3 321.7 320.5 317.7 312 302.5 292
183.6 199.3 221.8 243.8 259 277.3 293.2 302.3 307.9 306.5 304.2 308.9 316.1 323 323.2 320.8 315.3 306.5 296 279.3 259.2 264.6 270.7 278.4 289.9 304 316.3 324.9 327.4 332.2 340.3 341.9 342.3 340.2 335 328 320.3 318.1 319.7 324.9 330.8 336.5 345 355.8 365.4 373.9 381.4 390.3 399.8 408.2 419.4 430.9 438.2 443.4 446.3 446.1 443.5 438 431.5 425.5 417 404.2 386.2 363.8 340.4 319.2 304.3 294.1 303.5 309.8 311.9 314.3 314.6 314.2 311.8 304.4 294.3 283.7
184 201.5 224.2 245.7 262.1 278.4 298.3 308.8 317.1 321.2 322.6 327.2 331.9 335.4 335.9 330.9 326.8 321.3 308 288.5 267.8 259.8 271.8 276.3 283.9 292.4 303.1 309.2 312.5 317.9 328.1 331.6 331.6 329.9 323.9 318.6 313.9 311.5 316.2 321.8 325.8 332.2 340.5 350.1 358.9 368.9 375.8 383.6 393.2 403.3 414.1 423.8 430.4 435.8 438.8 439 436.4 431.4 426.7 421.3 414.4 402.4 384.9 362.1 339.1 319.8 302.3 292.2 299.1 303.8 305.3 306.9 307.4 307.1 303.7 295.8 286.9 275.6
186.1 203.2 223.3 245 261.5 279 298.1 312.5 325.4 329.8 333.1 339 343.8 345.1 344.8 340.7 333.6 324 311.8 295.5 275.8 260.9 266.7 276.7 281.9 286.8 293.3 297.2 301.6 306.7 314.1 320.1 321.2 316.5 312.7 309.7 306.3 312.5 316.4 320 324.7 329.5 336.1 345.7 354.4 362.6 369.6 377.9 388.1 398.1 408.2 416.4 422.9 428.8 431.3 431.1 428.6 425 420.7 416.5 410 398.2 383.2 362.2 340.4 320.2 302.3 286.4 294 296.5 296.2 299.2 300.4 300.5 297.1 289.7 279.7 274.6
186.5 201.7 222.8 243.7 258.6 275.8 301.5 313.5 328 335.1 340.5 347.8 351.7 351.3 350 345.2 339.1 330.8 319.1 301 285.3 279.4 276.2 265.7 278.8 285.1 288.5 293.5 295.7 298.9 304.7 306.4 308.1 306.6 305.4 300.2 302.4 305.9 311.3 318.4 320.5 328.1 332.6 339.2 346.4 357.7 364.6 372.4 382.4 393.7 402.5 409.3 415.5 421.4 423.7 423.7 421.5 418.3 414.3 409.3 402.9 392.5 379 360.7 343.1 325.9 306.5 287.3 287.5 289.4 289.1 293.7 295.1 294.8 291.2 283.1 269.4 270.3
186.9 202.4 223.8 243.1 258.3 276.1 297.1 314.7 327.8 335.8 343.7 351.9 355.7 355.2 353.3 350.4 343.5 335.2 325 310.3 297.8 297.6 294.3 285.4 273 276.4 286.1 289.5 291.6 294.4 297.5 299.9 300.7 300.6 297.3 304.9 310.4 316.8 323 329 334 340.3 345 346 352.6 356.9 363.9 372.9 382.5 390.6 398.1 404.4 408.5 412.4 414.8 415.1 412.7 409.6 405.3 399.6 393.4 384.6 372.9 358.3 344.3 327.4 308.9 289.4 276.8 280 286.6 288.5 289.8 289.5 285.3 277.3 266.8 266.7
