ny/ny76_OST50GRID_20230518/NY76.asc
ncols 200
nrows 200
xllcorner 370000
yllcorner 560000
cellsize 50
[rows 0 to 34 of 200, columns 79 to 157 of 200]
278 276.2 274.7 274.1 273.3 271.3 270.4 270.2 270.6 271.2 272 272.5 273 273.2 271.9 270.5 268.5 267 265.8 264.1 263.4 263.3 263.6 262.4 262.3 262.7 263.2 265.4 264.9 264.3 264.1 264.8 264.2 263.8 263.5 261.8 261.8 262.1 261.4 261.3 261.9 261.4 260.4 258.6 256.2 254.1 252.2 247.9 245 241.7 238.5 235.2 233.7 231.4 228.4 227.1 226 223.6 221.3 224 228.4 228.9 227.9 227.6 227 225.7 224.9 224.4 222.7 221.3 221.3 221.3 221.3 221.3 221.3 221.3 224.7 228.2 235
270.6 269.6 268.2 267.7 267.5 266.9 266.2 265.6 267.4 269.7 268.8 270.2 268.4 267.3 266.8 266.4 265.5 264.1 262.8 261.5 260.8 260.8 260.4 260.5 260.8 261.9 262.2 262.1 262.2 261.7 261.1 262.4 262.4 261.2 260.5 258 256 256.9 256.5 256.1 256.1 254.9 254.1 252.7 251.4 249.7 247.2 243.4 240.2 236.4 233.2 230 229.5 227.6 225.6 225.3 221.9 221.3 221.3 221.3 222.1 227.5 226.7 226.8 226 224.5 223.8 221.7 221.3 221.3 221.3 221.3 221.3 221.3 221.3 224.8 232.1 244.6 260.8
264.8 264 263.4 263.2 263.9 264.1 263.3 265.9 268.7 265.9 265.1 265 264.4 264.6 264.7 263.5 262.7 261.6 260.6 259.6 259.3 259.9 259 260.5 262 262.4 261.6 259.4 259.3 258 257.4 257.2 257.5 256.5 256 254 252.1 252.1 252.5 251.8 250.5 249.4 249.2 249.2 247.2 243.8 241.3 238.1 235 232.1 228.9 226.7 225.4 224.3 222.2 221.3 221.3 221.3 221.3 221.3 221.3 224.4 223.5 222.8 221.3 222.1 222.4 221.3 221.3 221.3 221.3 221.3 221.3 221.3 221.7 235.3 252.2 256.8 254.6
260.7 260 259.6 260 260.7 264.1 265.9 265.6 264.1 262.8 262.3 262.6 262.6 262.4 261.2 260.2 259.9 260.4 260 259.3 258 258.1 259.5 260.6 260.1 258.9 258.7 258 256.5 255.7 254.8 254.4 254.1 253.1 251.9 249.4 247.8 247.5 247.7 247.8 246.6 245 245 243.3 241.5 237.2 234.9 232.3 229.5 227.5 225.7 225.1 224.4 222.3 221.3 221.3 221.3 221.3 221.3 221.3 221.3 221.3 221.3 221.3 221.3 221.3 221.3 221.3 221.3 221.3 221.3 221.3 221.7 231.5 241.5 251.2 250.1 248.8 248.5
257 258.9 261 263.8 264.1 265 264.6 263 262.8 261.3 259.8 259.5 259 258 257.9 258.8 258.9 259.2 258.3 257.2 256.6 256 256.3 256.2 255.7 255.3 255.5 255.2 256.1 255.6 253.6 251.9 250.9 249.8 248.1 246.7 245.6 244.6 244.2 243.7 243 240.8 239 237.3 235.3 232 229.6 227.1 225.8 225.5 225.3 224.8 224.2 222.7 221.3 221.3 221.3 221.3 221.3 221.3 221.3 221.3 221.3 221.3 221.3 221.3 221.3 221.3 221.3 221.3 221.3 230 243.1 252.7 251.5 246.2 244.6 245.9 248.9
262.9 265.3 265.5 265.2 263.2 262.2 261.8 261.4 260.5 257 256 254.2 254.7 255.9 257.1 258 258.5 258.8 257.8 257.1 256.7 254.7 253.2 252.9 253.1 253.2 253.3 253 251.8 250.5 250 249.2 248 247 245.5 244.5 243.3 243 240.5 239.6 237.6 235.8 234.5 233.5 231.7 229.1 227.6 225.6 225.3 225.2 225.1 224.7 224.3 223.1 221.3 221.3 221.3 221.3 221.3 221.3 221.3 221.3 221.3 221.3 221.3 221.3 221.3 221.3 221.3 221.3 232.6 253.6 252.6 248.4 243.9 243.2 244.6 248.4 255.3
265.6 265.9 262.2 260.3 261.1 260.5 258.8 257.8 256.1 254.3 253.2 251.7 252.9 254.7 255.8 256.3 257.1 257.6 257.8 257 255.1 252.6 251.9 249.8 250.6 250.6 250.7 248.9 247.7 247.2 246.6 245.7 245.5 243.9 241.9 241 240 237.4 235.6 234.9 232.8 230.8 230.6 229.7 227.9 225.7 225.6 225 224.9 224.7 224.3 224 223.9 223.1 221.3 221.3 221.3 221.3 221.3 221.3 221.3 221.3 221.3 221.3 221.3 221.3 221.3 221.3 221.3 235.3 251.1 250.6 247.3 243.6 242.6 242.9 247.2 254.1 254.8
259.9 258.6 257.6 257.9 257.5 256.1 254.8 254.2 253.2 251.7 251.9 249.9 251.4 252.1 253.2 253.3 253 253.3 252.9 251 249.8 247.7 248 246.2 247.3 246.9 246.8 245.6 244.4 243.4 242.2 241.6 240.6 238.9 236.6 235.4 233.8 232 231.4 229.8 228.4 226.7 226.4 225.6 225.3 225.1 224.8 224.6 224.5 224.1 223.6 222.4 221.3 221.3 221.3 221.3 221.3 221.3 221.3 221.3 221.3 221.3 221.3 221.3 221.3 221.3 221.3 221.3 233.1 246.8 247.8 246.6 244.4 242.1 241.8 244.5 253.5 251.6 247.9
253.3 254.1 254.6 254.7 253.8 252.6 251.8 251.1 250.3 249.3 248.8 248.2 248.6 248.8 248.5 248.9 248.5 248 246.5 245.3 245.2 243 242.8 241.7 242.2 242.3 241.4 240.2 238 236.7 236.4 236.3 234.8 232.9 231.9 230.9 229.4 228.5 227.9 227.5 226.8 225.7 225.2 224.9 224.9 224.8 224.6 224.3 224.1 223.7 222.4 221.3 221.3 221.3 221.3 221.3 221.3 221.3 221.3 221.3 221.3 221.3 221.3 221.3 221.3 221.3 221.3 224.2 238.4 245.9 246.2 244.2 242.5 241.1 241.3 248.9 247.1 243.1 244.2
252 250.3 251.2 251.5 251.4 251.8 250.8 249.2 248 247 246.7 245.2 245.6 246.2 246.4 245 243.6 242.6 241.5 241.1 240.8 238.5 237.1 235.8 235.9 235.7 235 233.5 232.5 232.1 232.2 232.1 230.4 229.1 228.5 227.4 225.9 225.7 226 225.4 225.6 225 224.8 224.7 224.6 224.5 224.3 224.1 223.9 223.9 223.1 221.3 221.3 221.3 221.3 221.3 221.3 221.3 221.3 221.3 221.3 221.3 221.3 221.3 223.7 225.1 226 234.3 244.3 245.3 243.8 241.8 240.1 239.7 241.1 242.3 240.7 245.4 249.7
252.5 251.4 249.7 247.7 248.9 248.9 248.4 247.6 246.3 245.1 243.9 241.8 243.5 243.7 243.1 241.8 239.8 238.7 238.2 238.2 236.8 235.4 232.9 232.6 233 232.2 230.7 230 229.7 229.1 228.7 228.8 227.6 226.4 226.1 225.5 225.2 225.1 225.3 224.9 224.8 224.7 224.5 224.3 224.3 223.7 223.4 223.6 222.8 223.2 221.9 222.8 221.3 221.3 221.3 221.3 221.3 221.3 221.3 221.3 221.3 221.3 221.3 221.3 223.7 226.2 225.9 238.6 238.7 238.6 239 238.3 236.8 236.8 236.9 241.6 246.1 250.9 258.3
249 247.9 248.5 248 245.2 244.1 244.5 244.4 244 242.5 240.9 239.2 240.5 240.7 239.7 238.2 235.9 235.3 235.8 235.3 233.4 232.7 231.7 230.3 230.4 229.8 228.8 228.1 227.1 226.5 226.3 226.3 226 226 225.7 225.1 224.7 224.6 224.5 224.4 224.4 224.3 224.2 223.5 223.3 223.9 222.5 222.5 222.4 222 221.6 222.3 223.1 221.3 221.3 221.3 221.3 221.3 221.3 221.3 221.3 222 223.5 226.7 234.2 238.2 237.3 230.1 234.1 234.9 234.7 233.9 234.7 237.9 242.5 246.7 251.9 256.6 259
243.7 244.4 245.8 245.6 244.5 241.8 240.3 241.7 241 239.8 238.5 237.1 238.2 236.8 235.6 234.7 234 233 233.3 232.6 231.4 230.8 230 228.7 228.2 228 227.1 226.2 225.7 225.6 225.6 225.5 225.5 225.4 225.2 224.6 224.3 224.2 223.7 223.6 224 223.9 223.5 222.9 222.4 222.7 222.9 223.1 223.1 223.9 223 221.7 221.3 221.3 221.3 221.3 221.3 222.7 224.6 224.6 226.1 227.7 237.4 240.5 239.3 237.7 235.1 230.3 230.3 230.8 232.3 235.4 238.3 241.5 247 255.2 260.6 263.9 266.6
240.3 241.6 242.3 241.9 241.6 241.1 238.2 239.2 237.9 236.7 235.4 235.3 235.4 234.5 234.3 233.6 232.2 230.8 231.1 231 229.9 229 228.2 227.3 227 226.6 225.8 225.4 225.1 225 225 224.9 224.9 224.8 224.6 224.2 223.9 223.5 222.7 222.5 222.7 222.5 222.6 222.7 223 223.9 224 224 223.9 224.2 224 223.8 221.3 221.3 221.3 221.7 224 226.4 229 234.1 238 239.2 239.3 237.5 234.1 231.5 229.8 229.4 231.2 232.7 236.2 237.1 240.7 247 255.6 262 269.1 280.2 278.6
239.7 240.1 240 239.2 239.5 238.1 237 236 234.8 233.7 233.2 233.5 233.9 233 232.2 230.6 230.4 229.3 230.3 229.5 228.3 227.3 226.2 226.2 226.3 225.9 225.3 224.9 224.6 224.5 224.4 224.4 224.2 224 223.4 223 222.6 222.9 223.7 223.5 223.9 224.4 224.2 223.8 223.8 224.4 224.4 224.8 224.8 225.7 226.6 225 227.2 228.2 230.3 233.3 238.9 241.7 241.8 240.7 238.2 236.4 233.7 231.2 228.7 228.2 228.4 229.5 233.3 235.4 238.1 242.3 248.3 255.3 263.5 275.5 279.4 276.7 275.7
238.4 237.7 237.4 236.9 236.5 236 235.8 235.5 234.6 233.2 232.2 231.5 230.8 230.3 229.8 229.1 228.1 227.9 227 225.1 226.5 225.6 225.4 225.5 225.2 224.9 224.5 224.3 224 223.8 223.8 223.6 223.3 222.7 222.7 223.6 223.9 224.5 225.9 226.4 226.4 226 225.3 225.2 225.1 224.9 225 226.4 229.4 232.6 236.5 238.2 239.2 239.2 239.6 240.6 240.4 239.3 238.1 236.7 234.9 231.3 229 228.2 228.3 228 228.3 228.8 233.3 238.3 244.1 250 255.8 265.6 272.7 275.5 276.4 276.3 275.7
234.9 235.8 235.5 235.8 235.9 235.7 235.4 235.1 234 233.8 233.5 232.3 231 230 229.2 229.4 227.8 227.5 227.9 229.2 229.5 227 224.6 224.9 224.4 224 223.8 223.6 223.3 223 222.9 222.4 223 223.8 224.4 226.5 227.6 227.7 227.8 227.5 227.1 227 227.5 228.2 229.4 230.4 234.5 241.4 241.3 241.1 241.2 240.9 240.8 240.4 239.4 238.9 237.8 236.4 234.7 233 229.8 228.6 228.2 228.4 228.5 228.2 228.6 229.4 236.7 243.3 250.6 256.4 269.5 274.6 275 275.4 276.3 276.4 276.4
234.2 234.7 234.5 235.2 235.7 235.7 235.3 234.9 234 233.5 233.7 234.4 234.8 237 240.2 239.7 235.3 232.2 230.1 231.1 229.2 226.5 224 224 223.5 223.3 223.2 222.9 222.6 222.6 223 223.4 224.2 224.7 225.7 226.3 227.4 228.6 229.9 231.2 234.7 238.5 241.6 243.7 245.9 244 243.1 242.2 241.3 240.8 240.1 239.5 238.3 237.5 236.2 235 233.8 232.3 230.2 229.2 228.8 228.4 228.4 228.4 228.2 228.2 229.3 235.6 243.4 251.5 261.8 269.1 273.8 276.8 278.3 279.9 279.4 279 279.1
232.6 233.2 233.2 234.6 235.3 235.9 236.3 238.6 243.3 242.8 240.8 240.1 238.7 238.6 236.4 234.7 230.7 228.4 227.7 225.8 224.7 223.7 222.9 223.1 223.3 222.9 222.5 223 224.3 224.6 224.7 224.5 224.9 225.5 226.7 229.8 233.6 241.1 245.8 250.3 252 251.2 249.2 246.8 244 242.1 240.5 239.9 238.6 237.1 235.1 233.4 233 232.2 231.2 230.2 229.6 229.3 228.7 228.8 228.4 228.5 228.6 228.7 228.9 233.7 240.7 248.1 261.1 270.4 272.9 274.4 277.4 280.7 281.3 280.9 280.7 281.2 280.9
229.3 231.2 233 234.4 240.5 244.9 243.1 241.8 241.2 241.7 241.4 240.5 236.7 233.4 230.7 227.9 225.5 226.2 224.7 222.8 222.8 222.4 222.5 222.7 222.6 222.9 223.6 224.8 225.2 225.7 225.4 227.3 230 234.8 241.5 246.1 253.3 255.5 254 250.9 247.6 246.1 244.5 241.4 237.6 235.5 235.2 233.6 231.7 230.4 229.7 230 230.3 229.7 229.2 228.8 228.5 228.5 228.5 228.4 228.4 228.6 229.2 233.5 240.1 249.2 262.7 270.8 271.8 273.1 274.4 275.8 279.1 281 281.9 282.9 283.6 283.5 283.9
228 233.7 239.2 240.6 240.5 240.6 241.6 240.6 240.4 239.6 236.9 235.3 232.6 230.5 227.1 223.8 226.3 222 222.5 226.5 226 224.7 224.5 224.1 224.7 224.3 224.8 225.6 227.4 230.3 233 236.1 243.6 253.2 255.5 253.6 251.1 248.9 245 242.7 241.3 239.7 236.5 233.4 230.8 230.1 230.1 229.5 229.4 228.9 228.8 229.4 229.2 228.5 228.4 228.3 228.4 228.6 228.9 230.2 234.2 236.8 241.5 247.1 260.8 267.5 269.4 270.8 273 274.8 276.9 280.2 282.2 284.4 286.2 285.9 283.6 282.2 280.7
237.1 237.7 236 235.9 240.4 240.6 237.7 236.1 234.6 234.6 233 231.1 227.9 224.3 222.2 228.9 229.8 230 228.6 228.4 227.9 226.6 225.7 226.9 228.2 230.2 232 235.4 238.9 241.2 244.6 251 250.5 248.9 247.6 245.3 243.1 240.1 237.7 237 235.1 232.4 230.8 230.4 230 229.8 229.5 229 229 228.8 228.8 229 229.2 230 230.2 232.5 235.8 239.7 242.3 243.5 244.2 246 253.2 262.2 265.7 268.1 271.2 274.2 278 281.1 283.6 285.4 287 285.3 282.6 281.5 280.6 279.2 278
232 231.6 229.9 230.7 233.4 234.6 233.4 231.8 230.5 228.5 224.2 221.3 227.5 231.4 233 231.3 230.8 230.6 229.9 229.6 229.1 229.6 231.6 234.2 236.4 240.5 242.6 246 250.3 249.1 248.1 245.6 244.9 243.2 241.6 239 236.3 233.8 232.8 232 231.2 230.8 230.5 230.3 230 229.8 230.6 230.3 233.4 235.5 237.6 239.2 240.9 240.1 241.8 243.9 246.1 247.9 249.1 249.6 250.5 254.9 258.7 263 267.3 271.6 275.6 279.9 282.1 283.4 285 284.4 281.5 279.8 280 280.3 279.9 278.8 275.7
226 226.2 222.6 222 224.6 228.6 227.1 223.9 219.8 227.5 232.2 233.1 234.1 233.5 233 232.2 231.7 231.7 232.1 231.8 232.4 236.6 245.2 249.8 249.4 248.7 247.9 246.4 244.8 243.8 243.1 242.7 242.4 241.3 239.1 236.1 233.3 232.2 232.1 231.9 231.5 231.3 231 231 232.3 239.5 242.4 245.3 246.1 244.9 244.5 244.4 243.4 244.3 245.6 248 250.7 252.9 254.3 255.6 258.5 261.7 264.2 266.7 270.8 275.8 278.9 279.9 281.1 281.8 280.6 279.4 279.1 280.1 280.6 279 276.6 274 271.7
219.9 222.8 225.6 225.5 224.5 224.5 224.4 232.6 234.9 235.6 235.5 235.2 235 234.2 233.4 233 232.9 234.7 234.4 236.3 238.8 244.9 247.9 247.4 246.6 245.6 244.2 242 240.7 239.9 239.8 239.9 239 237.8 235.8 233.4 232.6 232.1 231.8 231.6 232.1 234.2 241.2 247.4 247.6 248.1 248.2 248 247.4 247.1 246.4 245.2 245.7 247.4 248.8 252.2 255.4 258.6 261.2 263.4 266.1 268.6 269.5 270.2 272.7 275.5 277 278.6 278.3 278.4 279 280.2 281.1 279.2 277.3 275.7 273.7 272.1 270.3
224.6 226.6 228.2 229.2 231.1 233.2 234.6 235.7 236.5 236.3 236.3 236 235.4 234.7 236 237.6 240.8 244.2 244.5 243.6 244.3 244.5 245.8 245.5 245.1 244.2 242.9 239.9 238.1 237.2 237.3 236.7 235.7 234.5 233.8 233.1 232.8 233.3 236.9 240.5 241.8 248.7 247.6 249.2 250.3 250 249.2 248.9 248.6 247.8 247.2 247.5 250 252.7 255.1 258.7 261.8 264.7 267.8 270.7 273.5 273.6 271.6 271.1 271.9 273.4 274.4 276.1 278.5 281.5 281.9 279.7 279.2 277.7 276.8 276 275.2 273.9 273.1
227.3 228.9 230.8 232 232.9 234.5 235.5 236 236.8 237 237.4 238.1 240.5 242.8 245 245.8 245.8 245.6 245.5 244.7 244.3 244.4 244.7 245 244.5 243.8 242.7 240.3 238.3 238.3 237.3 235.9 235.2 234.4 235 236.5 239.8 243.8 246.7 247.7 248.9 249.3 249.8 250.3 251 250.8 250.3 250.9 251.8 254 255.2 257.3 258.1 259.9 262.2 266.5 268 271.5 274 275.2 274.5 273.1 271 270.5 271.3 272.8 275.4 280.1 280.7 279.8 279.1 279 278.4 278.7 278.6 279.9 280.8 281.6 284
231 232.3 234 235 235.8 236.4 237.8 239.5 242.3 244.9 247.7 249.7 249.7 248.9 248.1 247.6 247.3 246.9 246.2 245.6 244.9 244.2 243.8 243.1 242.5 242.2 241.3 241.1 241.3 241.4 240.6 239 237.3 238 240.4 243.1 246.1 247.9 248.9 249 249.8 250.8 250.8 252.1 255 258.6 260.5 260.9 262.4 261.5 260 261.5 260.8 263.6 264.1 266 268.7 270.9 272.2 272.5 271.4 270.4 269.8 270.2 271.8 274.5 277.9 278.5 278.9 279.1 279.9 279.8 282.9 288 289.6 290.1 289.4 289.8 290.8
234 236.7 238.4 241 243.9 248.5 251.1 253.3 254.2 253.9 252.5 251.5 250.2 248.6 247.9 247.5 247.3 246.6 246.1 245.6 245.3 245.2 244.2 244 243.2 243.4 243 243.4 243.5 243.4 243.1 242.6 243.6 245.7 247.5 248.2 249 249.4 251.6 254.8 259.9 262.8 263.8 264.2 264.6 264.4 264.7 264.7 264 263.4 261.5 260 258.5 260.5 260.6 262.4 264.9 266.8 268.3 269 268.9 268.5 269.1 271.5 274 276.6 278 279.1 280.1 281.7 286.8 292 295 295 295.3 296.5 301.6 311.1 316
244.1 248.4 252.2 255.2 254.7 254.2 254.2 253.8 252.9 251.8 249.6 248.8 248.4 248.3 247.9 247.5 247.3 247.4 247.8 247.6 247.2 247 246.1 245.2 244.9 244.8 245.7 247.4 249 250.5 251.8 252.5 254 254.7 255.6 257.3 260.2 265.1 266.7 266.7 266.4 265.9 265.8 266 265.9 265.3 264.8 263.9 262.7 261.4 260 257.4 256.7 256.8 257.3 259.1 260.9 262.7 264.3 265.6 266.4 267 269.4 272.6 276.1 278.4 280.3 281.6 284 291.1 295.7 297.7 303.4 313.7 317.2 316.7 320 317.1 313.6
255.5 253.2 251 249.8 250.8 251.1 251.5 251.5 251.5 250.5 250 249.4 248.7 248.5 248.2 247.8 248.5 248.7 248.5 248.6 248.8 249 249.4 249.6 249.8 251.2 253 255.2 257.1 259.6 262.4 265.7 268.3 268.4 270.5 270.3 269.8 269.3 268.7 267.1 266.1 264.7 264.8 264.7 264.4 263.2 261.7 260.2 259.1 258.1 257.3 256 255 254.5 255.2 253 254.4 258.1 260.2 262 263.4 266 268.5 271.7 274.1 277.1 279.3 282.7 288.8 297 305 318.4 325 322.2 318.8 316.1 314.1 310 305.5
247 245 245.7 247.6 248.6 249.7 250.8 251.7 252.7 253.2 253.3 253.1 252 251.2 250.7 250.4 249.9 249.9 250.4 251.3 252.8 254.3 254.9 256.8 258.5 262.1 265.6 270 272.8 272.7 274.8 275.5 275.1 274.5 274.1 272.9 272.3 271.7 270.5 268.8 266.8 264.5 262.8 262.1 261.6 260.7 259.8 258.9 258.3 258.1 257.4 257.2 257.6 257.5 256.9 252.6 252.3 256.3 258.2 259.6 261.4 263.4 265.4 266.7 268.8 273.5 278.6 283.7 293.3 308.7 316.5 317.9 316.7 314.3 311.3 308.2 304.5 301.1 297.7
241.1 243.7 246.2 248.7 251.1 253.4 254.9 256 256.8 257 256.7 256.1 255.2 254.7 254.9 255.5 255.8 256.2 257.2 258.1 259.6 262.7 268.3 272.4 276.6 278.2 278.4 278.2 278.3 278.3 278.6 278.7 278.4 277.9 276.5 275.3 274.2 272.8 271.4 269.3 266.5 263.9 262.3 261.8 261.1 260.4 260.6 260.9 260.3 259.1 258.3 256.9 256 256.2 255.1 249.8 252.5 254.3 255.1 255.6 257.5 258.9 260.2 261.1 265 270.8 277.7 286.9 308 312.1 311.9 310.9 308.8 305.2 302.6 299.7 296.8 292.9 287.8
243.8 246.7 248.8 251.3 253.5 255 256.4 257.3 257.9 257.9 257.5 257.5 258.6 260.2 261.8 263 264.1 265.2 267.2 271.2 276.5 280.3 282.3 282.7 283.2 283.7 283.8 283.9 283.2 281.4 281 280.8 280.1 279 277.7 276.1 274.6 273 271.1 268.7 266.1 264.9 264.1 263.2 262 260.6 260.2 259.8 259 258 256.5 253.8 251.8 251.7 251.1 248.3 250.2 250.9 250.7 251.5 252.9 253.8 254.4 256 261.1 267.6 277.3 292.4 301.3 304.1 303.9 301.8 299.2 298.1 296.2 293.5 287.7 284.8 283.3
245.4 248.4 250.3 251.9 253.3 255.3 258.2 258.6 259.5 261.1 262.8 264.5 266 267.5 271.4 274.5 277.8 281 283.2 284.4 286 287.1 287.4 289.2 289.8 290.3 289.7 288.4 285.7 283.1 281.1 280.2 278.5 276.9 276.1 275.8 275.3 274.4 273.5 271 269 267 264.7 262.2 260 258.5 257.2 255.4 254.5 252.9 251.6 249.4 247.4 247.2 246.7 246.4 246.8 246.9 246.8 246.9 247.3 248.2 248.9 251.6 257.2 266.6 277 287.7 293.9 296.4 296.4 294.9 292.7 290.5 287.6 284.1 281.9 277.6 273.7
