ny/ny76_OST50GRID_20230518/NY76.asc
ncols 200
nrows 200
xllcorner 370000
yllcorner 560000
cellsize 50
[rows 140 to 174 of 200, columns 0 to 78 of 200]
116.7 116.2 116.4 115.2 113.9 116.5 125 125.3 126.2 128.1 131.7 133.6 136 134.8 132.8 132.6 134.4 129.5 124.5 124.8 127.7 130.7 132.5 132.6 132.6 129.6 123.9 128 132.6 131.5 131 127.9 124 122.4 121.5 122.6 122.7 123.4 124.8 125.1 125.9 124.9 121.8 119.6 118.6 118.7 117.9 117.8 118.1 118.2 116.8 116.4 116.3 116 116.2 116.2 114.9 112.4 114.1 116.8 120.8 125.6 131.2 132.7 136.4 142.3 145.4 148.8 151.9 154.4 156.2 157.3 158 159.2 160.1 159.8 159.5 159.2 159.4
116.9 116.3 116.4 116.2 118.5 133.9 133.6 135.1 136.2 140.1 140.8 139 136.6 132.4 130.6 129.2 126.5 128.1 130.9 132.4 135.6 137.6 138.2 138.2 133.3 128 136.9 140.9 140.1 138.5 136 130.7 124.6 124.7 128.3 127.8 128.9 132.6 132.6 132.9 132.8 132.7 131.9 128.6 128.8 126.4 120.9 119.4 119 118.6 117.6 117.3 117.3 118.2 119.1 119.7 119.3 118.2 118.9 123.4 129.5 135.2 137.5 138.7 145.8 149.5 152.3 155.4 158.3 161.1 162.6 164 165.2 166.4 166.6 166.6 166.5 166.6 166.3
116.7 116.3 116.6 122.7 133.3 140.7 142.8 144.8 144.5 141.1 136.9 134.5 132.1 130.7 131 130.1 132.9 138.6 137.9 137.7 139.3 139.1 137.8 131.4 132.8 141 143.1 141.9 139.5 137.9 135.2 131.3 126.7 132.3 136.4 136.5 135.8 137.5 138.4 137.8 137.8 136.4 133.5 129.4 129 128.2 128 127.6 123.3 120.2 119.4 121.2 123.6 125.2 122.9 123.3 127.2 123.6 125.6 130 134.9 140.7 144.3 148 152.4 156.9 160.9 163.7 166.2 168.9 170.3 171.1 172 172.4 172.5 172 171.2 170.9 170
123 127.9 137.7 139.7 142.8 146.8 147.8 147 145.5 142.3 136.5 132.3 132.1 132 131.8 132.9 137.7 137 135.8 135.5 135.6 135.1 135.9 139.9 141.7 140.1 136.8 135.9 135 134.3 131.9 128.8 130.3 138.6 140.1 140.4 139.8 140.3 139.8 138.5 136.1 134.7 135.5 136.6 136.9 137.1 137 136.5 132.4 121.8 122.2 131.3 136.2 136.9 132.2 131.9 135.2 131.4 133.4 139.3 144.3 147.4 151 154.7 159.1 163.7 167.6 170.5 172.2 173.1 174.6 175.1 175.2 174.7 174.3 174.1 173.5 172.2 170.8
141.2 145.8 145.4 146.6 150.5 149.5 149.1 147.9 144.9 142.8 133.6 133.6 133.6 133.5 138.9 141.4 139.6 137.5 139.1 137.4 136.5 136.2 137.6 140.6 140.7 140.5 139.6 139.8 137.2 136.5 135.4 136.7 142.1 143.2 143.7 143.5 142.9 142.4 141.6 141.1 141.1 141.8 142.7 143.9 144.7 145.4 145.1 143.9 139.5 123.4 125.2 136.5 143.2 143.4 139.1 141.1 143.6 143.7 146 150.4 152.4 154.5 157.7 161.4 166.1 169.5 171.6 173.3 174.5 175.2 176 176.3 176.4 176 175.9 175.8 175.7 175 175.6
148.1 146.1 146.1 150 150.9 150.5 147.6 145.2 137.7 134 134.3 134 134.2 138.7 146.3 145.9 139.8 139.9 143.5 142.7 138.2 141.1 145.4 146.9 147.9 149.6 152.2 150.5 149.9 147.8 147.9 149.7 149.8 149.5 150.1 150.2 149.8 149.4 148.3 147.4 148 148.6 148.6 150.4 150 148.8 147.3 145 142.9 126 128.4 138.5 146.4 148.9 146.9 151 153.9 153.4 157.1 159.1 160.8 162.7 165.8 168.2 170.1 172 173.6 175.5 176.7 177.9 178.7 179.3 179.8 179.4 179.4 179.9 180.9 181.7 181.4
149.7 149.2 151.2 151.1 146.6 143.6 138.9 136.3 136.4 136.4 135.6 136.7 142.1 145.3 149.3 147.8 143.4 145.8 148 149.6 149.4 155.1 157.1 157.2 157 157.5 159.9 157.4 156.9 155.9 156.2 157.5 158 157.5 157.3 157.1 156 155 154.5 152.9 153.5 152.8 151.8 150 146.9 143.7 139.2 135.5 131.5 130.8 133 133.9 152.4 156.8 156.8 158.8 160.1 160.8 164.3 166.7 168.7 170.2 172.3 174.4 175 177.8 180.3 181.1 183.3 184.9 186 186.3 186.6 185 186.1 186.5 186.4 186 185.1
149.8 149.4 145.8 141.8 137.1 138.7 140.2 143.5 147.5 145.5 148.6 147.2 146.7 147.3 148.3 149.1 149.5 152 154.9 156.7 161.6 164.1 165.3 164.8 163.4 165 165.1 164.1 163.7 163.6 164 164.8 164.5 164 163.1 162.5 159.5 157 154.8 154.1 152.3 150.4 151 152.5 152.1 149.4 147.7 145.8 143 144.5 146.8 138.1 157.3 163.1 164.1 165.8 166.7 168.5 172 174 175.3 177.4 179 180.4 183.3 184.3 187.7 189.9 191 192.4 193.1 193 191.1 192.5 192.9 192.2 191.4 190.4 188.6
140 139.8 139.1 139.9 143.4 147.4 151.5 156.7 155.8 147.1 154.8 157.6 158.6 148.8 151.7 157.3 160.8 165.3 168.4 169.1 170.8 172 173.1 172.9 171.7 170.6 170.9 170.5 170.4 170.5 170.5 169.8 168.8 167.2 162.7 159.3 156.4 154.1 152.9 152 155.5 159.2 160 160 159.8 159.2 157.2 157.3 154.6 155.1 157.7 150.8 161.7 169.4 171.1 172.1 175.5 175.9 180 182.2 182.8 186.1 186.6 188.1 192.7 193.9 195.5 196.2 196.6 196.8 195.3 194.7 195.8 196 195.6 194.6 191.5 187.3 183.8
145.5 149.7 152.6 155.3 156 156.7 159.1 159.9 149.6 158.1 160.2 159.5 154.7 160.2 169.1 172.8 174.9 177.1 177.3 177.2 178.3 179.3 181 181.7 175.6 175.8 176.1 177.2 177 175.7 173.9 170.2 166.4 161.7 158.2 155.5 154.5 157.4 160.9 162.8 164.4 166.2 165.7 166.2 166.2 167.2 167.9 167.4 169.9 173 171.7 153.3 170.9 177.2 178.2 179.4 182.1 184.4 187.3 190.1 192.6 195 197.4 199.4 199.8 199.6 199.5 199.3 198.3 196 196.3 195.8 195.6 194.8 193.5 190.6 184.1 178.6 184.7
159.5 160 161.6 160.7 163 163.5 161.8 159.5 157.4 162.6 163.9 163.3 159.8 171.8 177 182.5 186.9 189.4 186.2 183.5 184.7 186.4 187.4 183 179.6 180.6 183.4 182.1 179.7 176.3 170.4 166.5 162.8 160.4 161.7 162.3 161.3 163.6 167.5 169 171 172 171.8 172.4 172.1 173.4 175.3 177.4 178.7 178.5 159.5 171 180.2 184.2 186 188 189.8 192.7 195.9 197.1 200.6 204.2 204.1 203 202.1 201.5 200.5 198.6 197.2 197 196.6 195.4 194.3 192.4 190.2 181.5 184.4 189.1 189.8
170.4 170.6 169.2 168.5 169.5 169.1 166.2 159.8 165.2 166.6 168.6 170.2 172.9 179.2 183.9 190.1 194.6 193.7 192.1 190.4 190.7 192.2 190 182.6 183.1 186.4 186.3 185 182.1 176.5 167.4 166.4 164.7 166.8 169.2 172 172.9 172.6 174.7 174.6 176.3 177.5 177.8 177.7 179.2 181.2 182.5 184.3 184.5 169.1 181.4 185 188.6 191.7 193.7 196.1 197.6 199.8 202.9 204.5 206.1 205.7 204.1 202.7 201.2 199.8 197.2 194.5 195 194.7 194 192.1 189.8 186.5 183.1 186.3 186.8 191.7 193.6
177.2 178.2 177.6 177.4 177.4 175.5 169.6 162 162.3 164.2 171.2 173.1 178.3 186.1 191.6 193.3 197.3 198.6 198.1 197.6 196.9 197 190.3 182.3 177.7 172 167 166.7 166.7 168.5 170.9 173.3 174.9 176.3 177.9 179.3 180.3 180.5 182 182.8 183.5 183.6 184.8 185.4 188.2 189 190.4 192.3 187.7 187.3 191.5 193 196 199.4 202.2 203.8 203.7 204 205.2 204.6 204.1 202 200 197.9 195.7 194.4 192.1 190.9 190.2 189.2 188.2 187.1 187.4 189.1 190.5 191.6 191.3 194.1 197.5
182.6 183.6 185.1 185.9 184.2 180.7 175.2 166.7 165.7 170.6 177.9 179.6 185.5 192.3 196.5 199.8 202.5 204 204.8 204.6 203.5 200.5 185.7 166.7 166.7 166.7 166.7 166.7 166.7 175.3 179.2 182 184.5 186.5 187.7 187.5 189.2 189.3 190.1 191.3 191.2 192.1 192.5 194.1 196.1 197.6 199 198.4 183.6 195 197.8 199.7 203.6 206.6 206.4 206.4 206.5 205.5 204.2 202 199.1 197.2 196.4 196.3 195.6 195.9 196.3 194.5 195 192.2 191.3 192 192.1 194.4 195.8 198.4 199.8 202.3 206.3
187.7 189.7 191.6 190.4 187.6 185.1 181.5 172 179.7 187.4 190.6 193.4 200.1 204.2 204.2 206.2 208 211.3 210.7 210 206 195.7 176.6 166.7 166.7 166.7 166.7 177.4 182.5 188 190.6 191.2 192.9 196.1 197.3 197.5 198.3 200.5 198.7 198.9 198.4 199 200.1 202.2 203.3 205.1 204.2 199.6 192.6 201.7 204 205.6 210.5 211.1 210.5 209.6 205 201.8 201.5 202.4 203 200.7 202.5 203.4 203 202 198.1 198.4 198.3 196.1 197.1 199.6 200.4 205.8 209.5 212.9 214.4 204.5 217
193.5 196.9 195.6 193 190.4 186.8 180.4 183.2 189.4 195.3 201.5 205.7 208.7 210.9 210.6 213.3 214.8 213.1 211.2 208.5 199.2 183.8 174.6 177.6 179.4 180.4 188.7 194.9 196.5 198.2 198.4 199.1 201 205.6 208.4 209.3 207.8 207.4 206.2 206.1 206.9 207.6 209.3 211 211 210.5 205.8 187.6 202.1 207.1 210.7 212.9 215.5 213.7 211.9 206.6 205.1 207.6 208.5 209.3 209 206.8 207.5 206.9 205.8 204.2 200.9 202 202.6 202 206.6 210.6 210.8 214.9 217.8 219.6 220.4 216.9 214.6
199.2 198.7 196.6 194.2 189.2 181.8 184.9 188.1 196.2 201 205.6 210 213.7 217.7 219 218.3 213.1 206.5 199 195.2 188.4 179.4 190.5 200.4 201.8 203.2 204.5 205.4 205.4 205.6 205.2 207.2 209.8 214.6 216.8 216.1 215.9 215.3 214.6 214.8 215.7 216.9 219.5 218.8 215.2 208.8 199.6 202.5 208.4 212.5 215.5 216 215.2 211.2 206.8 206.3 211.2 212.7 212.4 211.1 210.9 211.9 211.1 209.1 207.5 204.9 207.4 207.1 207.8 209.7 211.2 213.6 216.3 218.4 220.2 222.1 222.9 223.5 223.2
199.5 197.4 194.2 190.6 184.9 184.5 190.6 192.2 198 203.8 208.6 213.7 217.6 220.3 221.3 218 209.4 195.4 188.8 186.3 184.4 193.7 208.4 209.8 209 210.1 211.6 212.3 213 213.1 213.1 215.4 219.3 220.8 221 220.7 220.3 220.4 219.9 219.5 218.3 216.7 214.7 213 209.6 203.6 197.3 208.9 213.8 215.1 214.6 214.1 212 207.1 208 212.6 213.3 213.6 214.2 214.5 214.8 213.4 211.9 211 210.3 213.7 215.3 215.2 215.1 216.9 218.2 219.9 221.2 222.5 223.3 224.4 225 225.5 226.3
194.6 192.1 189.4 189.5 189.2 190.5 196 198.4 201.4 204.7 209.7 213.7 216.2 217.4 218.4 217 204.2 190.8 200.4 201.9 206.3 212.6 214.3 214.6 214.8 215.4 215.8 216.3 217 216.6 217.1 217.5 217.9 218.3 218 218.2 216.6 215.6 215.2 214.6 212.7 209.4 205.9 204.9 204.7 199.6 204.6 211.5 213.7 213 211.7 208.9 207.1 207.5 210.7 212.4 213.8 215.3 216 216 215.3 215 214.7 216.6 219.7 221.5 223 224.3 225.9 226.6 226.9 227.5 227.8 226.7 227.2 227.9 228.3 228.7 229.4
194.4 194.5 194.6 193.4 189.5 192.8 199.8 200.2 202.3 202.9 208.6 211.9 213.1 213.6 214.5 215 201.7 191.9 207.6 214.8 217.4 219.2 219.8 221.2 221.5 221.2 221.6 221.9 222.4 222.5 222 221.9 221.1 221.1 220.4 218.8 215.8 211.3 210.4 210.4 207.4 202.7 202.7 202.7 205.6 205.7 209.9 211.7 211.3 209.5 207.9 208.8 208.9 210.8 212.7 214.1 215.1 216.4 217.5 217.6 217.7 218.2 220.3 224.1 227 229.1 230.7 231.2 233.2 233.7 234.2 233.5 233.3 233 232 231.9 231.9 232.4 232.8
198.6 197.8 196.6 195.7 189.2 190 200.4 201.8 202.3 202.2 205.2 207.5 209.2 210.1 211.2 205.9 193.3 198.2 213.8 220.4 222.9 224.1 225.5 227 227.7 227.9 228.6 229.2 229.3 227.8 226.3 224.4 223.8 221.9 218.2 213.7 210.7 207.9 206.4 204.1 202.7 204.1 207.1 209.8 210.2 210.6 210 210.7 209.7 210.4 211.8 215.4 215.9 216.7 217.2 218 218.5 219.1 219.5 220.1 221.1 222.3 226.2 230.3 233.7 235 237.6 239.3 240.2 240.6 240.5 239.4 238.7 238.4 238.2 238.2 238.2 238.3 237.9
199.9 199 197.9 198.1 194.9 188.4 199.1 203.1 205.5 205.1 204.6 205.3 207.2 208.7 205.7 193.4 198.5 213.2 219.4 220.7 225.9 227.3 229.9 231.2 232.3 233.1 233.3 232.2 230.1 225.9 222 220 218.1 215 211.8 211.5 209.8 208.3 206.5 207.5 209.4 212.1 212.9 213.9 214.4 214.2 212.1 216 218.3 220.1 220.3 221.2 222.7 222.2 222.6 223 223.2 223.7 223.3 223.7 225.2 228.5 229.8 236.5 241.2 242.4 244.4 245.8 247.4 246.9 246.3 245.6 244.8 245.1 244.4 243.4 242.3 242.3 241.8
201.6 201.1 201.2 201.1 200.7 193.1 192.9 202.5 206.1 206.9 205.9 206.1 206.3 207.9 196.7 194.8 211.9 216.5 220 221.8 224.3 228.2 230.9 232.1 232.4 231 229.3 227.4 225.1 220.7 217.8 217.3 217.6 216.3 215.7 213.7 213.7 213.6 213.8 218 220.3 220.3 221 221.3 221.8 217.3 218.4 223.7 226.9 229 229.3 230.2 230.9 231.7 231 230.4 230.9 231.6 232 229.6 234.3 237.1 238.3 240.3 246.2 249.5 251.4 252.3 254.1 253 252.2 251.3 249.9 247.9 246.3 245 244.4 243.5 242.6
204.1 204.1 204 204 203.8 202.3 192.6 196 201.5 205.5 205.6 204.6 204.2 204.9 195 198.9 212.3 215.5 218.7 221.1 222.6 226.3 228 228.4 228 226.7 226 224.2 220.6 221.4 221.9 220.4 221.8 218.9 217.2 220.6 222.4 222.5 223.8 225.8 226.8 227.6 228.4 229.3 225.1 218.2 224.9 230.5 234.4 235.9 237.5 238.3 238.4 238.6 238.7 239.4 239.8 240.3 235 239.4 243 245.2 246.6 247.3 249.3 252.4 254 254.3 254.1 253.4 252.5 250.8 249.2 248.2 247.3 246.4 245.6 244.9 244.3
205.7 205.5 205.3 205 204.7 202.9 198.4 191.7 196.9 199.3 200.7 200.7 200.1 197.2 195.2 206.3 211.5 214.4 217.2 219.8 222.1 224.8 227.2 227.7 228.1 227.8 226.3 224.4 227 228.7 226.4 226.2 225.4 224.5 228.3 229.6 229.7 231.1 232 233.3 234.7 235.8 236.4 236.1 223.4 228.1 233.3 239.1 241.5 243.6 246.2 247.5 247.9 248.2 247.8 248.1 248.3 246.7 240.7 246.3 248.9 251.4 254.3 255.5 256 256.2 255.9 255.3 254.9 254.4 253.5 252.2 251.2 249.7 248.6 248.4 248.1 248.7 248.4
206.8 205.8 204.7 203.5 201.8 198.3 194.8 193 193.3 194 193.8 194.3 194.8 195.3 201.4 209 211.1 213.7 217.2 219.8 222.2 225 228 229.6 229.1 229 228.2 229.8 232.7 231.7 229.8 233.4 234.6 236.9 238.1 239.3 238.8 238.2 240.5 241.5 242 242.5 242.5 233.1 230.6 237.1 241.8 247.3 250 252 253.1 253.6 253.9 254.4 254.5 254.4 254.2 251.2 248.9 253.4 255.9 258.2 259.4 259.8 259.8 259.3 258.9 258.3 257.5 256.7 255.8 255.2 254.6 254.1 254.4 255.4 256.2 257 259.2
204.7 202.9 201.4 199.7 197.3 194.4 195.9 197 193.1 192.9 193.9 195.1 196.3 199.6 206 209.6 211.7 214.3 217.4 220.3 223.4 226 228.9 230.8 230.3 232.2 232.7 233.7 235.3 236.7 239.6 240.9 243.6 245.5 245.7 244.8 245.2 244.3 245.1 246.2 246.6 246.4 246.4 235.4 236.3 246.5 248.5 251.2 254.5 255.7 256.8 257.6 258.3 258.2 258.2 258.2 257.1 254.7 256.7 258.1 259.9 261.3 261.9 262 262.1 262 261.7 261.6 261.5 261.8 262 262.5 263.6 263.6 264.3 264.6 264.8 266 266.8
202.8 200.7 199.6 199.6 199.7 194.7 198.4 194.4 194 196.1 199.7 201.3 203.2 203.6 208.4 211.5 214.6 217 219.5 223 225.3 226.6 230.9 233.2 234.5 235.1 236.3 240.5 242.8 245.3 246.9 248.6 248.6 250.2 250.2 248.4 248.4 247.8 248.5 248.6 248.6 248.5 247.8 239.6 242 249.3 252.5 252.9 255.8 256.8 257.6 258.5 258.9 258.9 258.3 257.5 256.4 257.5 259.2 260 261.2 262.3 263 264.2 265.2 265.3 265.7 267.1 267.9 268.3 268.4 268.6 269.1 269.9 270.1 269.9 269.7 270.2 270.5
202.2 202.5 202.9 203.7 201.8 194.8 196.1 194.2 197.7 202.6 205.3 206.4 206.6 205.3 210.5 214 217.9 220.4 223.5 227.2 229.9 232.1 235.9 238 239.9 240.2 245.3 249.4 251.1 252.2 253.3 253.6 253.5 252.8 252.5 250.9 250.4 250.5 251.1 251 250.4 249.7 248.4 243.7 246.2 250.1 251.9 252.8 254.4 255.6 256.5 257.3 257.8 258.1 258.1 258.3 258.5 259.2 260.5 261.7 262.4 264 265.6 267.6 268.8 269.2 269.9 271.2 271.8 272 272.4 272.8 272.9 272.7 272.5 272.4 272 272.2 272.3
206.6 207.1 206.8 206 199.5 198 197.4 195.3 203.4 207.2 208.7 210.4 211.8 207.4 211.1 217.1 220.8 223.8 228.3 231.4 235.8 237.8 241.1 244.2 245 250.1 254 255.8 257.1 258 258.4 257.8 256.8 255.7 254.8 253.8 253.7 254 253.5 252.2 251.3 250.3 247.8 249.5 250 249.8 251.9 253.3 254.4 255.6 256.5 257.5 258.2 258.8 259.3 260.1 261.2 261.8 262.6 263.2 263.9 265.3 267.5 269.5 271.5 272.5 272.6 273.4 274.3 274.5 274.9 275.3 275 274.8 274.6 274.7 274.7 274.8 274.9
211 210.7 209.3 205.2 198.5 201.8 197.5 201.2 208.4 211.9 213.7 215.2 216.3 211.9 214.6 220.5 223.4 227.2 231.1 234 238.3 240.9 245.2 249.2 249 254.4 258.7 260.2 261.2 262.3 262.2 261.6 260.1 258.8 258 256.8 256.6 255.8 254.7 253.7 252.7 251.6 249.8 252.4 253.4 253.6 253.1 255.1 256.4 257.7 258.8 260.1 261.5 262.8 263.5 264.6 265.2 266.1 266.1 265.7 266.2 267.1 268.9 270.8 272.6 274.4 275.6 276 276.5 277 277.4 277.8 277.7 277.4 277.3 277.2 276.7 277.2 277.4
213.3 212.2 209.1 200.5 202.8 205 199 209.8 214.2 216.6 218.1 219.3 219.9 216 222 215.9 224.9 229.3 233 235.7 239.2 243.1 247.3 251.4 252.4 257.3 260.9 262 263.5 265 265 264.2 262.5 261.9 260.5 259.8 259.1 258.6 257.7 256.6 255.6 254.8 252.6 254.8 255.7 256.4 256.9 259.2 260.7 261.8 263.1 265.1 266.4 267.6 268.5 269.3 269.8 269.8 269.3 268.7 268.6 269.2 270.6 273.1 275.1 276.8 278.4 279.5 279.9 280.1 280.2 280.5 279.8 279.2 278.6 278.3 278 278 276.6
211.2 210.5 205.1 204.1 209.2 208.5 205.2 211.4 217.8 220.5 221.6 222.7 222.7 219.3 224.3 225.5 226.9 227.6 231.1 236.7 240 245 248.6 252.5 254.9 259.6 261.8 263.7 265.2 266.1 265.9 265.4 265 264.1 263.5 262.9 262.2 261.9 262.1 261.2 260.1 259 255.4 259.9 260.1 260.2 261.8 262.9 264.1 266 267.5 269.2 270.7 271.8 272.8 273.1 272.8 272.1 271.6 271 270.6 270.9 272.4 274.8 277.8 279.4 280.9 282.4 283.4 283.9 284.1 283.3 282.7 281.6 280.8 280.3 279.1 276.8 271.5
209.1 207.8 204 208 211.3 207.4 208.7 214.6 221.1 224 225.2 226 225.2 221.7 226.3 227.9 230 232.2 234.4 236.7 239.2 245.3 250.3 254.9 256.1 259.7 261.5 263.4 264.8 266.1 266.8 267.4 267.7 267.6 266.9 267.7 267.7 266.3 265.3 263.7 263.1 262.5 258.6 262.9 262.9 263.5 264.6 266.2 267.6 268.8 271.2 273 274.2 275.4 275.8 275.8 275 273.9 273.6 272.8 272.3 272.4 274.9 278.3 281.6 283.2 284.3 285.5 287.1 287.7 287.1 285.8 283.9 283.1 281.5 280.2 278.6 275 270.6
205.2 205.6 204.3 210 211.3 206.6 210.9 216.8 223.4 226.4 228 227.5 226.4 226.8 227.9 229.1 230.7 233.9 236.7 240.6 242.2 248.2 249.7 254.3 255.3 257.4 260.5 262.3 263.8 265 265.7 267 268.6 269.4 271.3 270.8 270.1 268.5 266.9 265.9 264.5 262.5 259.9 263.6 264.2 265.1 266.1 268.2 270.1 271.2 273.6 275.4 276.6 277.7 277.5 277.3 276.4 276.3 276.5 276 273.3 274 277.8 280.6 283.9 285.5 287 288.6 288.8 288.4 287.3 286 284.5 283.3 282.6 280.9 279.5 272.4 273
