ny/ny76_OST50GRID_20230518/NY76.asc
ncols 200
nrows 200
xllcorner 370000
yllcorner 560000
cellsize 50
[rows 35 to 69 of 200, columns 79 to 157 of 200]
249.7 252 253.8 255.5 258.3 260.6 261.8 263.9 265.3 268.1 269.9 275.1 279.2 282.7 284.8 286.4 287.9 289.3 291 292.5 293.6 294.3 294.3 294.9 294 292.3 290.6 288.8 286.2 283.5 282 281.4 280.3 277.8 274 272.3 273.1 272.6 270.4 267.1 264.8 262 260.4 257.6 254.9 253.3 250.8 249.1 247.6 246.2 245.1 244.4 244.2 243.2 243.6 243.9 243.4 243.4 243.7 243.9 244.3 245.5 246.6 250.3 257.8 265.7 273.9 281.6 285.4 288.2 290.9 287.8 283.9 280.9 277.8 274.4 270.9 267 264.3
256.3 257.7 259.9 261.7 263.4 265.7 268.1 272.2 276.8 279.6 281.8 283.7 285.7 288.2 290.7 292.4 294.8 296.1 297.3 297.6 297.6 296.9 296.3 295 293.5 291.9 290.5 290 289.8 288.9 288 284 281 276.8 272.7 267.2 265.3 264.2 261.6 259.5 257.8 255.2 253 250.6 248.3 246.5 245.3 244.9 244.8 244.5 243.9 243.5 242.7 242.1 242.6 242.1 241.9 241.9 241.7 241.5 242.8 244.1 246.3 251.8 256.8 261.7 266.6 271.1 274.1 277 276.8 276.4 275.5 273.1 269.8 265 260.8 257.3 253.7
261.7 261.7 262.8 267.7 275.5 279.2 280.9 278.2 281.1 282 284.6 287.6 290.3 293 295.5 297 298 298.4 298.5 299.2 298.4 298 298.1 297 296.6 295.6 294.5 292.3 289.1 285.4 281.4 276.6 272.5 269.6 266.5 261.3 259.3 258.1 256 254.2 252.1 249.2 246.5 244.4 244.1 244.3 244.3 244.2 244.1 243.7 243.1 242.6 241.5 241 242 240.9 240.6 240.2 239.6 239.7 241.2 242.8 246.1 249.4 252.7 257.6 263.2 266.3 268.7 269.8 270.5 269.4 266.5 262.9 258.3 253.5 251 246.7 244.3
263.6 267.7 273.5 278.4 280.8 281.5 282.1 281.9 282.8 285.8 288.7 291.7 294.8 296.6 297.8 298 298.5 299.6 300.4 302.2 304.4 304 301.4 298.4 295.2 291.5 287.9 284.5 280.4 276.3 272.5 268.3 264.9 262.2 259.1 256.6 253.7 252.6 251 249.3 246.7 243.9 243.7 243.1 243.1 243.4 243.7 243.6 243.3 242.9 241.7 241 239.6 239.6 240.7 239.8 239.6 239.6 239.6 239.6 239.6 240.9 244.9 248.3 251.7 255.4 258.6 261.8 263.6 262.1 259.8 257.6 255.3 251.8 247.7 243.9 240.3 237.8 236.1
274.4 277.4 280.1 281.5 281.9 282.4 282.8 283.4 286 289.2 292 294.5 296.2 297.4 298.5 300 302.3 303.7 304.7 302.9 300 297.1 293.7 290.1 286.4 282.6 279.3 275.7 272 268.7 264.8 262.2 259.4 257 254 251.6 249.1 247.6 246.2 245.1 244.2 243.4 243.4 242.9 242.5 242.6 242.9 242.9 242.2 241.5 239.6 239.6 239.6 239.6 239.6 239.6 239.6 239.6 239.6 239.6 239.6 240.5 243.4 246.6 250.1 253.9 257.5 256.6 255.3 253.4 250.3 247 243.8 241 238.6 235.6 232.9 231.8 231
278.9 281 282.2 282.7 283.2 283.2 284 285.7 288.3 290.5 292.7 293.8 295.3 298 300.2 304.1 303.8 300.4 297.2 294 290.5 286.8 283.9 280.5 276.7 273.1 270 268.8 266.5 263.4 260.4 257.6 254.8 251.9 248.7 247.5 246.8 246.8 245.5 245.2 244.4 243.7 243.4 244 243.3 242.8 242.2 241.9 241.4 239.6 239.6 239.6 239.6 239.6 239.6 239.6 239.6 239.6 239.6 240.5 241.7 243 242.8 246.8 251 251.5 249.6 247 245.7 243.6 240.1 237.3 234 233.7 231.9 230.5 229.6 229.9 230.7
281.7 283.4 284.4 285.3 286.5 287.5 289.1 290.2 290.9 292.2 293.1 293.1 293.5 294.5 294.7 295.6 294.3 290.9 287.2 284 280.9 277.3 274.6 271.2 268.8 266.6 264.7 263 261.7 259 256.2 253.3 250.6 248.6 248 247.3 246.9 246.5 246.8 247.5 249.4 250.4 249.7 249.2 246.9 242.8 241.1 240.3 239.6 239.6 239.6 240.9 249.5 254.7 257.5 255.9 253.1 258.3 259.5 250.1 247.9 248.6 248.6 240.3 246.7 243.8 241.6 238.5 235.9 233.3 230.7 229.1 229.2 228.4 227.9 227.7 228.8 229.4 230.9
287.2 288.7 289.1 290.8 291.3 291 291.5 292.1 292.8 293.6 293.3 293.2 292.5 290.8 289.4 286.8 284.7 281.4 278.4 276.6 273.5 269.6 268 266.7 264 261.4 259 258 256.3 252.7 250.6 250.2 251.7 252.9 255.3 257.2 257.5 257 255.8 254.4 253.2 252.2 250.4 247.7 243.4 241.1 240.9 242.5 255.2 274.3 280.5 278.5 275.9 273.9 271.5 266.7 259.9 255.5 252.3 248.5 247.4 248.1 248.8 245.3 237.3 232.4 232.4 230.1 228.2 226.6 225.2 225.4 224.6 224.5 225.5 225.8 228.3 231.6 235.5
293.3 292.7 291.8 291.1 291.7 291.9 292.5 293.4 294.7 293.4 290.8 288.7 286.2 284.2 282.1 279.8 277.6 275.5 273.6 271.2 268.7 265 262.8 260.9 259.9 258 256.1 254.5 252.7 253.8 257.2 261.6 263.3 262.2 261.1 259.6 257.3 253.8 251 249.3 247.9 247.1 246.3 243.5 242.3 243.8 262.6 280.5 279.5 277 274.2 271.6 267.9 266.8 265.2 261.3 254.1 249.2 246.4 242.3 239.8 240.6 237.5 234 228.9 227.1 226.8 226 224.7 224 223.3 222.6 222.6 222.5 224.1 226.6 230.2 233.6 237.2
294.3 293.9 293.2 292.4 292.3 292.1 291.5 291.3 289.9 288.1 286.6 284.6 282.1 280.7 278.4 276.5 274.5 271.8 269.5 266.9 264.7 262.5 260.6 260 259.6 259.4 260.1 261.1 261.3 262.6 262.7 261.5 259.9 258.7 256.7 253.5 249.7 247.2 247.7 248 248.3 249.3 252.8 257.4 244.7 265.6 276.7 275.5 272.1 267.9 265.2 260.2 261.6 257.3 257.3 249 245.9 245.1 243.9 238.9 236.2 234 233.2 230.1 227.4 226.2 224.7 223.5 223 222.2 221.5 220.7 220.6 221 223.2 226.6 229.8 232.2 235.1
295.8 295.1 293.6 293.1 292.7 292.5 292.2 291.2 290.2 289 288.2 287.1 285.7 283.9 281.7 280 277.5 275.8 272.8 272.1 271.2 270.4 270.5 270.3 270.1 269.4 267.8 266.4 262.6 260.5 258 255.8 253.9 251.3 248.7 245.7 246 246.8 258.4 265.2 273.2 270.4 256.2 270.1 252.7 266.9 269.1 267 263.4 261.4 258.5 254 252 245.3 244.3 244.9 242.8 239.1 236.6 234.1 233.1 231.9 231 228.5 225.6 223.9 222.8 222 221.1 220.6 220.5 220.6 220.6 220.8 224.9 228 230.1 231.8 233.3
296.4 295.5 294.6 294.9 295.6 296.4 297.3 297.2 298.5 297 296 295.2 293.9 292.1 290.5 289.8 288.8 287.2 284.8 283.8 282.5 280 278.4 276.5 274.3 272 268.4 261.1 251.5 249.8 248.3 247.6 246.3 245.2 246.9 248.8 268.2 268.2 257.5 260.3 265.5 264.4 250.7 254.7 249.6 247 257.9 258.8 256.2 253.8 250.4 244.1 242.3 242.1 242.5 238.3 234.3 231.9 232.3 233.6 233.2 231.7 230.2 227.1 225.2 222.9 222.1 221.6 221.1 222.1 223.3 223.8 223.8 221.3 226.6 227.6 228.9 230.3 230.9
296.9 297.1 299.1 301.2 303.9 306.7 309.5 312.6 314.3 315.6 317.3 315.1 310.2 306.6 302.1 300.4 297.9 294.2 290.8 287.2 284.2 281 279.2 276.6 274 271.2 264.8 248.7 244.5 246.6 256 270.2 273.9 273.6 271.7 268.8 268.4 265.3 260.8 254.6 257.4 255.6 251 246.2 251.6 241.7 246.5 248.3 247.1 244.5 240.6 239.2 239.7 236.7 233.1 231.6 230.8 231.2 233.2 233.5 232.7 231.6 229.8 227.7 225.6 224.3 223.2 222.7 222.9 224.2 225.3 225.8 225.2 220.4 224.8 225.1 226.3 227.9 229.8
301.6 308.5 313.1 322.3 334.6 337.4 338.1 336.6 333.4 329.2 326.6 323.9 319.5 313 307.8 303.2 297.7 293.7 290 286.7 283 279.1 276.9 274.4 272.2 268.4 258.3 245.1 251.3 277.4 275.2 273.2 271.2 268.2 265.1 262.2 260.8 258.4 254.7 250.2 250.2 247 245.3 242.1 240.1 236.2 236 239.9 239.5 237.2 235.5 235.1 233.6 232.3 231.7 231 230.5 231.3 232.2 232 231.5 230.9 230.2 228.7 227.7 226.5 225.4 224.4 224.6 225.2 224.8 224.4 223.6 220.2 222.9 221.5 221.8 223 225.1
335.6 338.3 336.5 337.5 332.7 328.6 328.9 330.7 330 326.4 323.1 318.5 315.9 308.9 305 304.4 299.7 294.4 286.8 282.9 278.4 275.2 272.3 270.3 267.8 264.1 255.1 244.5 261.7 270 267.5 264.1 261.7 259.5 256.5 253.3 251.7 249.2 246.6 242.1 240.1 237.8 236.6 234.9 234.1 233.9 234.1 234.2 233.9 233.7 233.6 233.1 232.8 232 231.3 230.5 229.6 228.6 230.4 232 231.8 230.9 230.5 229.2 227.8 226.4 226.1 225.5 224.7 224.2 223.7 222.9 222 219.3 217 215.9 214.4 213.6 220.7
336.3 333.8 326 327.2 324.3 320.4 321.5 317.4 313.3 321.3 317.7 312 309 304.1 298.8 296.4 293.2 289 285.5 279 274.6 269.9 265.1 262.1 259.9 257.2 252.9 245 245.3 259.2 254.3 251.6 250.6 247.2 245.1 242.7 241.1 238.8 236.2 234 232.4 232.4 232.5 232.6 232.7 233.1 233.3 233.4 233.1 233.3 233.2 233.2 232.8 231.9 230.9 230.2 229.2 228.2 227.4 227.9 227.9 227.7 226.6 225.7 225.5 225.2 225 224.8 224.5 224.1 223.9 224 224.5 224.3 222.5 222.4 221.6 219.4 212.8
329.5 328.4 325.5 317.2 323.5 323 323.7 320.4 316.4 306 306.6 304 300.6 296.3 291.3 287.2 284 279.9 277.1 273.8 270.2 267 260.8 256.7 253.1 251.1 248.1 245.2 237.6 239.8 246.8 245.2 240.3 236.1 232.6 230.7 230.7 230.2 230.3 230.3 230.3 230.9 231.1 231.8 232.2 232.5 232.8 233 233.1 233.3 233.6 234.4 235.2 235.8 234.3 232.1 229.5 228.2 227.3 226.9 226.6 227.2 227.4 227.6 226.6 225.7 225.6 225.8 225.1 224.9 225.4 225.7 226.3 226.4 225.3 224.7 224.5 224.1 220.6
323.3 321.2 319.6 314.7 311.3 310.7 309.8 308.6 304.6 302.3 299.4 295.1 291.6 287.6 282.9 278.2 275.2 271.6 267.9 265.6 263.1 259 254.2 249.5 245.8 243.4 242.8 243.2 241.3 234.1 228.9 229.2 229.3 228.1 228.6 229 229.4 230 230.1 229.7 229.4 229.7 230.5 231.9 232.8 233.1 233.3 233.5 233.7 234.4 236.8 239 240.3 240.6 238.9 237 234.2 231.6 230.5 230.4 230.6 230.8 231.3 230.5 229.2 228 227.7 227.4 227.6 227.7 228 227.7 228.1 228.3 228.2 227.2 226.2 222.9 216.5
314.2 312.6 310.8 308 302.4 300.7 297.9 295 294.7 292.6 290.1 286.2 281.4 277.1 273.4 269.6 265 261.6 258.5 256 253.6 249.2 243.7 239.5 236.8 236.3 237.3 238.3 237.6 234.4 230.6 226.9 225.7 226.9 227.7 228.7 229.3 229.9 229.8 229.2 228.1 228.7 231 232.4 232.9 233.3 233.7 234.9 238.3 242.3 244.8 246.6 247 246.5 244.8 241.8 238.2 235.2 233.2 232.6 232.9 233.7 233.5 232.6 231.6 230.8 230 229.9 229.2 228.2 227.8 227.7 227.7 226.9 225.7 223.5 221.5 216.4 203
303.5 301.6 300.5 297 293.4 289.2 287 284 282.2 280 279.9 276.6 272.5 268.2 263.2 259.1 255.1 251.2 248.1 245 242.5 238.5 234.6 233 231.7 231.9 233.1 233.6 232.3 229.2 226.3 225.3 224.8 226 227.2 228.4 229.3 230 230.4 228.9 227.7 229.3 232.9 234.8 236.3 236.4 237.4 240 244.4 248 250.2 251.4 250.9 249.3 247.1 244.3 240.9 238.2 236.4 235.6 235.6 235.3 234.9 233.7 232.7 231.1 229.7 227.9 226.3 224.7 223.4 222.7 222.2 221 219.3 216.5 211.7 209.5 200.2
290.5 289.8 286.4 282.9 281.9 278.4 275.5 273.3 271 267.7 265.1 265.1 261.8 256.6 252.6 248 245.2 240.9 237.9 235.4 233 230.3 229.1 228.4 228.5 229.3 229.6 229.7 227.9 225.1 224.9 224.4 224.3 225.3 227.9 230.4 231.9 232 230.8 229.1 227.1 227.4 232.5 235.5 238 239.6 241.3 243.9 247.2 250.3 251.9 250.6 249.2 247.3 246.6 245.2 242.9 240.5 238.2 237 236.8 235.2 232.9 230.8 228.6 226.1 224.5 222.5 220.6 218.9 217.9 216.9 216 213 209.1 203.2 200 199.5 196.2
290.1 285.3 282.8 279.9 274.4 269 267.1 264 261.9 259.1 256.6 253.4 251.2 247.9 245.2 241.4 238.1 235.3 232.2 228.4 226.3 225.2 225.1 225.6 227 228.2 228.3 227.4 225.8 224.2 224 223.8 224.1 225 227.7 229.9 231 230.6 229.9 228.2 225.8 227.3 232.7 236.2 239.4 241.7 242.9 242.6 242.8 244.8 244.2 242.1 241.1 239.9 238.3 237 235.4 236.3 234 233.4 231.2 229.3 226.7 224.8 223.1 220.3 218.6 216.9 215.7 214.7 213.7 211.1 207.6 203 196.2 193.8 191.3 190.7 211.1
286.5 278.5 274.1 270.3 266.9 263.9 260.7 258 255.3 252.4 249.5 246.5 244 242.6 240.7 238.3 235.4 232.1 228.9 225.4 223.9 222.6 222.6 223.5 225.1 226.7 226.9 226.1 224.5 223.7 223.5 223.8 224.3 226.1 228.5 230.1 231 231.2 231.4 230.6 228.8 225.9 231.3 232.4 234.4 235.7 235.9 236.2 236.8 236.2 234.8 233.7 233.8 234.4 232.9 231.4 230.5 228.8 227.8 225.8 224.2 222.1 220 218.5 217 214.6 213.6 212.6 211.7 210.6 207.8 202.5 198.1 193.1 190.1 186.5 198.3 216.5 223.7
276.1 270.1 263.7 260.9 257.8 255.7 252.3 249.8 247.8 244.8 242 240 238 236.6 236.4 235.1 232.4 230.3 227.6 224.8 222.7 221.2 221 221.4 222.1 223.5 224.6 224.4 223.3 224.1 225 226.8 228.2 229.4 230.7 232.1 233 233.1 232.7 231.7 229.8 224.4 227.1 228.3 229.1 229.8 230.4 230.9 231.2 230.9 229.3 228.2 227.7 228.5 227.7 226.2 225.2 224.1 221.6 219.8 218.1 215.6 213.7 212.5 211.8 210.2 209 207.9 207.1 205.7 198.8 191.5 186.9 180.4 193 212.5 217.6 221.7 225.9
264 260.9 254.3 249.5 247.1 245.6 243.1 240.6 238.4 235.8 234 232.6 231.3 230.5 230 229.8 228.9 226.7 224.4 221.3 220 219.2 219.1 219 219.5 220.5 222.1 223.3 225.3 226.6 227.6 228.3 228.8 229.9 231.3 232.1 233.3 233 232 230.3 227.6 220 221.6 223.7 224.3 224.9 225.6 225.7 225.8 225.5 223.9 223.9 223.2 221.7 221.9 221.1 219.9 218.8 215.5 213.1 211 208.8 207.6 207.4 206.7 205.6 204.4 203.4 202.8 198.3 189.9 182.2 176.2 190 205.9 213.6 217.9 222.4 227.7
251.8 249.3 245.6 239.3 236.5 235.5 233.4 231.7 230.7 228.5 227.2 226.2 225.1 224.5 223.8 222.3 221.4 220.1 219.3 218.6 218 218.2 218.4 218.7 219.8 222.3 224.1 224.8 225.7 226.4 227.7 227.9 228.7 230.3 230.7 231.4 231.7 231.3 229.9 227.7 224.9 221.1 214.7 218.9 219.4 220.1 220.6 220.7 220.7 220 219.7 219.4 218.7 216.2 216.1 216.2 214.4 212.8 209.2 207.8 205.1 204.5 203.1 203 201.7 201.3 200.7 199.5 197.2 191.3 181.5 174 182.6 199 207.7 211.4 215.6 221.2 226.1
239.8 237.5 235.5 231 226.4 225.6 225.2 226.1 225 223.6 223.6 223.5 223 222.4 221.5 220.7 220.1 218.9 218.3 217.9 217.8 217.9 219 220 220.3 221.6 223.2 224.2 224.5 225.4 226.5 227.7 229.3 230.3 230.6 230.2 229.3 228.2 226.4 223.6 220.6 217.7 213.7 212.4 215.1 215.2 215.2 215.4 214.9 214.3 213.8 213.4 212.9 211 209.7 209.9 208.8 205.8 203.8 203.3 201.7 200.9 199.1 198.7 198.5 198.2 197 193.5 187.8 182.5 173 183.1 197.8 203.2 204 209.3 213.7 219 223.4
228.3 226.5 224.6 223.1 222.3 222 221.8 221.8 222.4 222.6 223.6 223.9 223.8 223.6 222.6 221.9 221.2 220.6 219.7 219.2 218.6 218.1 218.3 219 219.7 221.1 222 222.3 223.1 224.1 225 225.5 226.4 227.3 227.1 226.3 224.7 223.2 221.3 218.8 215.7 213 210.7 206.8 209.8 210.3 210.4 209.9 209.6 209 208.5 207.8 207.1 206 204.5 202.7 202.3 199.6 198.5 198.6 198.7 197.4 196.4 195.8 195.3 194.2 190.6 184.4 178.6 171.2 173 191.7 199.5 207.1 208.7 209.7 212.9 218 223.1
224.9 224.1 221.9 221.3 220.7 220.3 219.1 220.7 223.5 225.2 226.5 228.2 229.1 228.4 227.4 225.8 224.1 222.9 221.6 220.7 220.1 219.5 218.6 214.4 213.2 219 220 219.3 218.6 219.7 220 220.7 220.4 221.2 221.4 220.6 219 217.1 215.5 213.8 211.5 209.2 207.1 203 204.3 204.4 203.6 203.5 203.1 202.7 202.5 202.7 201.1 199.7 199.1 196.9 196.1 195.4 194.9 194.8 194.2 193.6 193.2 191.2 189.8 187.5 181.9 174.1 165.2 176.6 186.5 193.9 200.4 209.7 211.5 212.3 214.3 217.6 221.6
223.6 222.5 220.8 219.8 218 217.2 217.1 217 219 222.9 225.6 227.6 228.2 227.9 226.9 225.4 223.4 221.6 219.9 218.5 217.9 216.9 217 216.9 216.4 211.9 216.3 216.2 215.8 214.1 213.5 213.7 213.8 215.1 214.7 214.2 214.6 213.2 211.7 210.3 208.7 206.9 204.7 201.2 199.3 198.9 198.6 198.6 198.2 198.1 198 198.2 197.3 196.4 196 193.8 192.7 192.2 191.5 191.3 190.6 189.9 189.5 188.1 187.1 181.2 171.8 164.8 173 183.9 188.5 194.3 200.5 210 212.2 212.9 215.5 219.7 225.1
220.3 219.6 218.5 217.4 215.9 215.6 215.4 215.4 215.4 218.9 222.5 224.4 225 224.9 223.8 222.4 220.4 218.2 216.5 214.8 213.9 213.1 212.8 212.5 212.5 208.8 213.6 214 214.2 213.1 211.6 208.9 208 207.6 206.8 206.3 207.5 210.1 209.8 208.8 206.9 204.9 202.9 200.8 198.6 195.3 195.7 195.8 195.2 195.3 195.1 195 195.5 191.4 185.7 182.9 179.4 184.7 187.6 188.8 188.8 188.3 188.3 187 183.7 176.1 166 166.5 180.8 186.5 191.2 197.2 205.5 208.9 211.2 213.7 216.7 221 225.7
216.8 216.3 215.1 215.6 216.2 216.5 215.5 214.6 214.5 215 217.6 220 221.3 221.4 220.8 219.4 217.3 215.2 212.6 211.4 209.9 209.1 208.5 208 207.4 206.8 209.5 207.4 208.2 206.9 204.8 202.1 199.2 199.2 199.3 198.9 199 204 208.4 207.3 205.5 203.9 201.9 199.6 197.1 194.2 188.9 190.4 187.9 185.2 185.2 183.3 184 179.9 177 174.9 174 175.1 178.6 184.1 186.6 186.9 186.5 184.1 179.1 171.3 159.5 170.8 181.5 187 191.2 196.2 202.4 207.5 210.7 214 218.2 222.4 228
217.6 217.3 217.8 219 220.5 221.3 220.7 218.9 217.5 216.6 216.6 214.8 213.8 214 214.1 214.6 214.5 210.9 206.8 205.8 204.7 205.2 204.5 202.2 205 203.6 203.3 200 198.2 199.2 197 202.7 201.1 198 196.7 198.4 190.3 196 202.4 202.8 201.7 200.5 198.7 194.3 189.9 182.7 180.6 178.5 176.7 175 174.8 173.6 174.3 174.6 178.5 170 176.4 171.7 165 172.5 181.1 182.3 180.3 176.7 173.6 167.6 160.5 173.2 179.8 184.3 188.5 196.1 203.3 207.5 210.8 214.7 219.2 224 228.7
218.1 218.2 219.1 219.8 221.6 222.2 222.2 221.6 220 219.6 219.3 218.8 218.2 216.5 214.9 211.2 207.6 207.3 210.5 211 210.4 209.6 209.9 211 211.5 211.2 210.4 210.9 211.2 209.7 211 210.3 209.8 208.8 207.9 207 199.4 190.5 192.6 193.3 193 191.9 190.1 185.3 183.1 189.7 193.7 192.4 192.4 191.4 191.3 191.4 192.1 190.1 187.1 188 188.1 184.3 168 163.2 172 172.3 170.7 168.5 166.8 161.7 164.3 171.1 175.6 180.8 188.3 195.8 202.4 207.4 211.6 215.1 220.8 225.9 231.5
218.8 219 219.3 219.6 220.2 221.4 221.4 223 223.4 222.9 221.6 220.2 218.5 217.2 215.7 215.1 214.7 214.8 214.4 214.2 213.9 213.2 213 214 214.6 214.5 214.8 214.8 214.5 213.5 212.5 211.6 211 209.6 207.7 205.3 201.6 196.9 189.4 190.2 190.3 188.7 188.1 194.1 197.8 198.8 198.9 199.1 199 198.5 197.9 197.1 195.3 193.4 191 188.7 186.1 183.4 177.4 163 158.2 156 160.5 160.1 160.3 154.4 162.4 169 175.6 182.6 191.6 198.7 203.2 207.8 211.9 217.4 223.3 230.3 242.1
