ny/ny76_OST50GRID_20230518/NY76.asc
ncols 200
nrows 200
xllcorner 370000
yllcorner 560000
cellsize 50
[rows 0 to 34 of 200, columns 0 to 78 of 200]
214.6 212.3 210 208.3 207.9 208.6 208.9 209.2 208.9 204.3 206.6 207.6 208.7 212.7 217.4 220.6 224.7 225.9 224.9 221.6 217.4 216.5 221.8 226.8 229.9 232.1 232.2 230.1 231.3 229.5 231 233 234.6 237.5 240.2 243.8 248.1 251.4 252.2 253.1 253.7 254.1 254.8 254.7 253.4 252.2 253.9 253.8 254.1 254.1 255.2 256.2 256.4 257.1 258.5 260.8 263 264 264.6 264 262.3 265.6 267 269 270 270.9 271.5 271.6 271.3 272.2 272 276.3 279.5 283.9 286.3 284.2 281.5 279.7 279
212.3 209.7 208.7 210.5 211.1 210.5 210.2 210.4 210 207.7 204.8 205.7 206.5 209.5 213.9 217.1 219.8 221.7 223.5 223.6 218.9 215.2 222.4 228.7 233.5 235.7 235.4 230.1 232.6 229.7 229 231.5 234.3 237.4 239.5 241.9 245.7 249.2 251.1 253 253.5 253.3 252.5 251 250.4 250.2 250.1 250.5 250.2 250.4 251.4 252.9 254.5 256.5 258.4 260.4 261.6 262.4 262.9 258.5 265.2 266.5 267.3 267.8 269 270.4 270.3 271.1 273.3 273.6 274.7 275.4 278.6 281.1 279.2 276.4 274.5 273.7 271.9
209.9 208.7 210.8 213.5 213.1 211.8 210.9 211.1 210.4 208.6 204.1 204.4 205.1 206.5 212.7 215.8 217.8 217.9 217.5 217.7 214.8 214.5 220.8 224.8 227.4 229.3 230.3 228.4 229.2 227.2 227.3 231.2 233.7 236.4 238.6 241 244.3 249 251.2 252.6 253.3 253 252.4 250.6 249.4 248.8 248.6 248.7 248.1 249.7 251.2 253.1 255 256.9 258.2 259.2 259.6 260.2 258.5 261.1 264.3 265.4 266.6 268.2 270.8 273.6 275.7 276.6 276.8 276.6 275.9 274.6 275.4 273.9 271.9 270.4 269.5 268.3 266.4
211 214.4 216.9 217.7 216.6 214.5 212.3 211.6 210.8 209.8 209.7 209.4 206 203.1 211.2 214.7 215.8 213.8 211.3 212.7 214 215.3 217.7 220.3 222.1 223.8 225 225.2 226.3 225 226.8 231.5 235 238.6 240.7 242.9 245.8 249 251.2 252.6 253.3 252.9 251.9 249.9 248.8 248 247.2 246.7 245.6 248.6 250.1 251.6 252.9 254.6 255.3 256.2 256.7 255.3 256.2 261.4 263.3 264.3 267.9 271.5 274.6 276.6 277.9 277.9 277.9 277.4 275.9 273.1 269.8 268.6 267.7 267.1 266.3 264.4 262.3
215.7 219.7 220.9 220.3 218.7 216.9 214.5 213.1 211.8 211.3 210.9 209.8 208 205 205.7 211 210.2 207.5 209.9 210.8 212.8 213.6 215.9 218.8 221.3 221.1 223.2 223.8 224.4 224.5 226.6 231.1 235.5 240.1 243.5 245.9 248.8 250.3 251.6 252.6 253.4 252.6 251.6 250.2 248.5 247.6 246.4 244.5 244.4 246.7 248.1 249.5 250.9 251.3 250.5 252.7 255.7 259.4 261 261.5 262.6 264.5 268.1 270.3 272.5 273.8 273.9 273.8 273.7 272.9 271.7 269.9 268.3 266.8 265.2 264.6 263.6 261.2 258.8
216.3 220.2 222.1 222.2 220.4 218.6 216.8 215.2 213.6 213 212.4 211.8 210.7 207.6 203.4 204.4 204.4 204 203.6 203.6 205 206.4 212.8 215.8 218.5 219 221.1 222.1 222.5 226.3 235.9 242.1 245.6 248.1 249.2 249.3 250.8 254 255.1 255.3 255.1 254.5 253.1 251.2 249.1 247.3 245.8 244.2 242.7 244.7 245.7 247 247.5 249.6 254.5 257 258.6 259.5 260.3 261.2 262.6 264.1 266.4 267.8 267.8 268.4 268.9 269.5 270.5 271.2 270.8 270.2 268.6 266 262.3 261.2 259.4 256.9 257.2
216.7 218.1 220.3 220.9 220.5 219.2 217.5 216.1 214.9 214.4 213.9 214.1 214.8 214.1 209.4 202.6 202.6 203.6 202.5 201.9 205.1 202.4 202.7 213.9 217.4 217.5 218.9 221.1 227.7 238 242.8 244.9 247.6 248.6 250.4 254.3 256.9 259.1 260.5 260.9 259.3 255.6 253.5 250.2 247.9 245.5 242.4 240.3 243.2 244.1 247.1 250.7 253.4 254.5 255.7 256.5 257.9 259.1 259.9 260.9 262.4 264.3 266.1 265.4 264.6 264.8 267.3 270.1 272.1 272.8 272.1 269.5 266 262.1 258.7 257.5 255.3 258.4 260.7
221.4 221.2 220.8 220.8 220 218.7 218 216.6 215.4 215.1 214.8 215.5 216.1 216.9 217.7 216.5 214.4 214.6 214.7 216 214.2 201.6 203.4 211.3 215.2 219.7 226 234.4 237.3 240.6 240.3 242.6 246.2 250 254.5 258.4 261.8 263.2 263.3 261.9 259.3 255.7 251.2 247.4 245.3 242.5 238.6 243.6 246.8 249.8 250.5 251.4 252.2 253 254 256.3 258.3 259 259.7 261.6 264.3 263.7 262.1 262.3 262.2 262.8 263.1 266 266.6 267.7 266.8 265.4 262.2 259.2 260.2 261.7 258.2 254.3 256.6
223.4 222.6 222.5 222.3 222.3 221.6 220.8 219.4 217.7 216.9 216.8 216.9 217.5 217.9 218.9 219.6 218.8 218.2 217.1 215.2 213.5 201.4 206.7 217.5 221.5 225.9 231.3 232.7 235.3 237.5 237.5 241.6 247.1 252 255.4 257.9 259.1 259 258.9 255.4 253.3 250.9 248.3 244.2 241.9 237.9 243 245.1 246.6 247.1 248.1 249.4 250.3 251.5 253.3 256 257.6 260 260 260.1 259.3 259.1 259.1 259 258.3 257.6 258.6 259.9 260.7 261.5 261.3 261.5 264.5 264.1 263.3 261.3 258.4 254.4 252.6
224.6 224.1 223.2 222.7 222.7 222.7 222.7 222.2 220.7 219.7 219.1 218.3 217.9 218.5 219 219 218.6 217.2 214.1 211.4 205.9 201.8 214 217.4 220.8 224.3 227.8 229.6 233.3 234.7 235.5 239.4 244.2 247.5 249.3 251.9 252.2 251.8 251 249.3 247.6 245.6 243.4 241.3 239.2 235.5 241 243.3 244 244.7 246.2 247.6 249.5 250.9 252.9 254.9 259.7 257.7 255.5 257 256.5 255.3 254.8 253.7 253.1 253.4 254 255.9 256.5 258.9 262.2 263.3 261.2 258.4 256.5 256.5 254.7 253.6 252.8
225.7 224.3 222.8 222 221.2 221.2 220.9 220.5 219.2 218.9 218.2 217.4 217.6 217.3 217.3 217.4 215.9 213.8 210.4 207.2 201 207.7 213.2 215.3 218.8 221.8 224.8 226.7 231 232.7 232.9 236.1 239.6 242.9 244.1 245.8 246.4 246.6 246 245 244 242.1 240 240 239.7 235.2 238.2 240.9 241.3 241.8 245.4 247.7 249.7 251 252.1 253.5 254.3 252.7 251.5 252.1 251.6 250.7 251.6 251.9 252.3 252.8 255 256 258.3 258.4 258 256.8 254.5 253.3 253.2 253.3 253.2 253 253.1
224.1 222.6 221.9 220.9 219.5 218.5 217.9 216.8 216.1 216 216.1 216.3 215.6 214.8 214.8 213.8 212.5 209.5 206 201.7 199.8 209.4 212.1 214.2 216.5 219.9 221.7 224.3 227.4 230.2 232 233.4 235.8 237.9 239.3 240.3 241 241.6 241.2 240.7 240.6 238.5 238 237.8 237.1 235.7 234.2 237.7 238.3 242.3 244.4 245.6 247.2 249.5 250.7 250.1 249.4 248.1 248.3 249.3 249.5 250 250.9 255.4 259.6 260 258.2 256.9 253.9 253.4 253.3 253.3 252.2 251.2 252.7 252.3 252.1 251.5 250.1
220.4 220.1 219.1 218.1 217 215.8 214.5 213.8 213.2 212.9 214 214.6 213.3 212.2 211.1 209.7 207.7 205.1 202.2 200.2 201.3 210.5 211.8 213.4 215 218.1 220.4 222.9 226.8 231.9 231.9 231.2 231.2 234 236.7 236.5 235.6 236.2 235.4 237.1 238.4 239.7 239.7 239.2 238 235.8 232.5 231.8 236.4 240.3 242.2 243.6 245.4 246.2 245.1 244.9 245.4 247 247.8 248.8 250.7 258.9 263.3 261.8 258.8 255.7 254.1 253.1 251.1 250.5 251.1 250.3 248.9 249.1 250.3 250 248.4 247 245.5
216.1 216.1 215.9 215.2 214.5 212.8 211.6 210.9 210.3 210.4 211.3 211.3 209.8 207.5 202.9 200.3 200.4 198.3 198.2 199.5 204.1 209.7 210.3 212.5 214.1 216.2 217.5 220.4 227.4 231.8 233.6 234.9 231 230.2 233.8 235.1 233.3 235.1 239.5 242.3 243.5 245.3 245.8 244.4 241.7 239.4 237.1 233.5 232.4 236.7 240.1 241.8 240.8 240.9 241.4 242.6 244.9 246.7 247.9 257.9 264 262.3 259.5 256.4 254.1 251.4 251.5 251.4 250.6 248.6 247.3 246.8 245.8 244.7 244.9 245.4 244.2 242.8 241.1
213 214.2 214 212.8 212 210.5 209 208.1 208.2 208.3 208.6 207.4 205.3 200.4 196.7 196.7 197.5 198.1 198.8 199.5 203.5 208.6 209.1 212 213.5 214.6 218.7 221.1 227.8 229.6 233.5 234.5 232.2 230.9 230.8 232.9 235.9 240.7 245.5 247.4 247.6 246.9 246.7 245.6 242.8 240 237.5 237 234.2 235.8 239.1 239 239.6 240.2 240.8 242.6 244.9 248.5 254.5 257.7 257 256.7 253.9 253.2 252.3 250.3 249.8 249 247.4 246.1 245 242.9 242.1 241.5 241.7 241.8 240.6 240.3 239.4
211.1 212.3 212.8 211.9 210.3 208.4 206.6 205.8 206.5 207.3 206.4 204.6 200.9 196.2 196.5 197.3 198.1 198.6 199.5 200.2 203 206.5 211.4 212.4 213.6 214.7 216 221.6 226.4 228.3 230.2 231.1 229.5 230.5 233.9 237.2 240.6 245 251.1 252.4 250.8 248.4 245.7 243.3 241.1 238.4 237.3 236.8 235.8 231.3 236.2 236.7 240 240.7 242 246.7 252 255.6 255 253.4 253.4 253.7 253.7 252.8 251.6 249.2 248 246.1 245.3 243.9 242.3 240.7 239.6 239.1 239.1 238.7 238.1 238.7 236.7
209.8 210.6 211.2 210.8 209.7 207.9 205.8 203.3 204.9 205.5 204.7 201 197.5 196.2 197.6 198.8 199.8 200 200.3 200.9 206.6 209.9 212.8 213.8 216.1 218.9 221.5 222.1 224.2 227 227.4 228.6 230.1 233.9 237.9 241.3 246.8 251.4 252.4 254.7 253.1 250 247.1 244.2 240.9 238.8 237 235.5 233.7 226.9 232.9 236.8 241.8 247 254.9 254.6 252.8 252.2 251.4 251.7 252.4 252.9 253 251.7 249.7 247.1 244.8 243.1 241.6 240.5 239.4 237.2 236.2 236.8 237.3 235.8 236.7 235.3 234.1
213.3 212.4 209.8 209 207.8 206.7 205.7 203.2 200.3 199.7 195.2 196.6 195.6 195.6 197.3 200.3 200.3 200.7 201.2 202.9 207.1 209.5 210.7 212.3 214.7 216.9 218.4 220.1 224.4 226.6 228.2 227.3 232.2 238.2 244.4 248.2 252 253.9 254.6 252.3 250.6 248.3 245.6 242.9 240.7 237.5 236.1 231.7 225.6 235.8 245.5 247.9 248.8 251.2 251.8 249.1 247.8 249.2 250.5 249 249.4 249.2 248.4 247.4 244.9 242.1 241.1 239.8 238.5 236.7 234.5 233.1 234.6 235.7 234.8 232.8 232 231.5 232.2
214.8 213.9 211.4 208.8 205.9 204.4 202.9 198.7 195.5 193.9 196.2 195.6 198.4 199.5 200.8 202.5 203.4 202.5 203.1 204.1 206.9 209 210.6 211.7 212.7 214.9 217.4 221.1 226 226 228 225.8 231.6 238.8 243 246.8 249.3 251.2 250.6 249.2 246 242.2 238.9 235.6 233.5 229.9 225.6 222.3 236.3 240.4 242.6 244 245.2 245.3 244.9 245 245.5 247.2 246.5 244.8 244.5 243.2 242.8 242 240.1 238.8 238.2 237 235 234.1 231.3 232.1 233.4 233 231 229.6 228.8 230.2 231.8
214 212 210.3 208.8 206.7 203.7 200.3 194.9 193.7 195.6 197.7 201.9 204.7 204.7 203.9 203.9 204.4 205 206.7 209 212.1 214.2 212.7 210.3 211 214.4 218.2 217.7 223.7 222.9 226.6 222.6 227.9 231.9 233.8 236.7 239.3 243.3 242 241.7 240.1 236.4 232.6 230 222 223.3 232.2 237.1 236.9 237.5 238.8 238.6 239.3 239.9 241.1 242.2 241.5 242.5 241.4 240.7 240.2 239 238.7 237.5 235.9 233.7 233.5 233.3 232.4 231.4 229.7 229.9 230.1 230.2 229.1 228.3 227.3 229.1 228.9
210.6 209.3 207.5 205.4 203.5 200.7 193.8 193.3 201.1 204.4 207.1 208.8 209.9 211.6 210.7 209.8 210.8 211.6 211.9 212.8 214.2 215.9 215.7 214 210.7 212.7 215.5 216.1 218.7 219.5 221.9 220.5 223 225.3 226.8 228.5 231.9 234.6 235 235.2 233.4 228.1 225.2 223.1 219.8 229.7 230.9 231 232 232.1 233.5 234.5 235.3 236.7 237.6 238.2 238.9 239.2 238.9 238.5 237.7 236.7 235.6 234 232.2 231.4 230.9 230.9 230.2 229.2 229 229.9 229.9 229.5 228.7 228.3 226.8 226.4 226.5
205.8 205.2 203.2 200.3 197.3 192.4 194.4 200.2 204 208.8 213.6 215.7 217.7 222.1 219 217.3 216.5 217.2 216.5 215.2 214.7 215.5 215 214 212.6 210.6 213.5 216.7 214.9 215.8 216.7 215.9 217.8 220.3 220.8 222.1 225.2 226.2 228 226.9 225.2 223.1 222.6 223.2 216.9 224.8 226.2 226.6 227.7 229 230.5 231.8 233.4 234.8 235.3 236.5 236.9 237.5 237.7 236.8 235.7 233.9 231.8 230.7 229.7 228.9 228.4 228.3 228.7 228.1 226.8 229 228.4 227 225.9 224 225.2 231.1 235.6
200.7 199.9 198.1 192.7 192.3 193.9 200.5 202.1 203.9 209.4 215.1 219.1 221.8 224.6 225.1 223.9 221.9 219.6 218.3 216.2 214.9 214.4 214.1 213.5 212.5 210.3 212.7 217.1 216.1 212.7 212.8 213.4 213.9 214.7 214.1 215.2 220 221.8 222.3 220.4 219 222.5 223.5 222.6 218 223.3 224.3 224.7 226.1 227.4 229.4 230.8 231.9 232.9 232.8 233 232.5 233.9 233.6 232.9 231.2 230.4 229.4 227.9 227 226.3 226.6 226.9 226.3 224.6 224.1 225.3 224.2 221.9 226.3 232.5 234.9 237.4 233.6
195.5 193.8 190.9 193 194.2 200.2 201.5 201.7 201.8 206.4 212.8 218.4 220.8 220.7 220.5 219.4 218.3 217 215.9 215.5 215.3 214.6 214.1 213.7 213.2 210.2 210.3 214 215.2 213.6 211.2 211.3 211.8 212.6 214.3 215.8 217.6 218.4 219 216.8 217.4 218 219.2 218.6 214.7 220.8 223 222.5 224.7 224.7 226.9 226.9 228.4 229.3 231.1 230.7 230.4 229.3 227.6 228.3 228.2 227.6 226.7 225.7 225.3 224.2 223.6 222.9 220.8 219.7 222.7 221.8 220.2 228.9 229.4 231.2 231.4 227.4 225.4
193.3 191.4 192 194.2 197.2 199.2 200.7 201.4 201.4 201.9 207.1 212.8 214 213.2 213.7 214.5 216 216.8 216.8 218.2 217.8 216.3 215.8 216.4 216.7 213.8 208.7 208.1 211.4 214.3 211.6 209.7 211 213.1 214.6 214.7 216.7 217.6 218.3 216.3 213.6 212.6 212.4 212.1 213.4 218.6 220.7 219.5 221.6 223.4 223.7 225 225.7 225.9 226.2 225.9 225.7 225.8 225.5 225.6 225.4 225 224.5 223.7 223.2 222 219.1 219.5 216.3 219.9 220.5 217.6 222.3 223.7 225.5 230.8 227.2 216.4 217.5
191.7 192.6 193.8 195.6 198.7 199.7 200.9 201.1 201.1 201.1 204.1 207.1 208 209 212.7 216.3 218.7 219.8 220.1 220.9 220.7 219.7 219.4 219.1 218.6 217.2 213.9 211.2 205.6 212.2 212.7 208.9 209.6 212.1 212.1 212.9 213.1 214.1 214.5 213.2 211 210.8 211.1 210.6 215.5 217 218 217.2 218.8 220.8 221 221 221.3 221.8 223.1 223.3 223.6 223.9 223.7 223.5 223.9 223.8 223.2 221.8 218.7 217.7 215.3 214.3 214.3 215.7 215.5 216.7 219.5 219.3 219.9 216.8 213.1 219.9 223.7
196.8 196.7 197.4 198.1 199.2 200.3 201 200.8 200.7 200.5 202.9 205.5 206.7 211.1 216.1 220.7 223.4 224.7 225.1 225.8 225.5 223.7 221.9 219.6 218.6 217.4 215.6 213.9 206.1 206.2 211.4 209 208.2 210.6 211.1 211.5 210.7 210.8 210.7 210.1 209.4 210 209.5 211.4 213.5 214.1 215 216.9 217.4 217.9 218.3 218.6 219.1 219.4 220.7 220.4 220.6 221 221.1 221.4 222.3 222.2 220.2 217.7 213.8 213.7 212.6 212.9 212.8 213.3 212.9 214 212 210.4 209.3 210.8 220.2 223.6 225.8
200.5 200.5 200.2 199.7 199.5 200 200.2 200.2 200 200.1 201.3 203.4 206.6 211.1 218 223.8 226.6 227.6 227.5 227 226.4 224.6 221.5 218.7 216 213.5 212.1 209.9 203.8 203.8 209 208.7 206.4 208.2 209.6 209.9 209.2 208.1 208.3 208.5 208.5 209.1 209.2 210.3 211.7 212.2 212.6 213.6 214.4 216.2 218.3 218.4 218 217.7 221.4 219.8 218.5 218.6 218.2 218.6 219.3 218 215.9 213.3 210.9 210.3 211.7 214 213.6 214.4 214 208.5 211.6 217.8 218.4 221.2 224.3 226.6 229.4
201.7 201.5 201.3 200.6 199.5 199.1 199.1 199.4 199.4 200 200.5 202.1 202.6 205.6 211.5 216.7 220.4 220.8 222.3 221.9 220.6 218.5 216 213.5 211.1 208.9 206.1 204.6 200 203.6 206.4 206.5 205.6 206.3 207.3 207.6 206.9 207.1 207.2 207.3 207.6 208 208.6 209.4 209.9 210.3 211.1 212.3 214.2 216.2 217.5 218.3 217.5 215.3 218.3 220.8 219.3 217.7 215.2 215.5 215.1 213.2 211.1 209.3 208.8 210.2 214.1 213.2 212.9 210.1 205.2 211.5 215.3 217.4 220.9 224.5 227.7 230.1 231.9
199.2 199.5 199.9 199.8 199.2 197.9 198.1 198.2 199.3 200.4 201.5 202.2 202.5 202.3 202.9 204 207.8 210.1 212 213.5 213 212.6 210.8 209.3 207.3 205.4 203.9 202.8 198.8 202.4 204.7 204.7 205.2 204.2 204.7 203.9 204.6 205.4 205.8 206.7 207.2 207.5 208.1 208.3 209.1 210 211.7 212.9 214.7 216.6 218.9 219.5 220.2 218.9 213.1 219.4 218.9 217.4 215.4 211.9 210.5 209 207.2 206.4 208.5 211.7 212.9 212.6 208.5 206.3 208.7 211.4 215.2 220.5 224.3 226.5 229 232.6 238
195.1 195.1 196 196.6 197.7 196.8 197.6 199.7 201.6 203.7 205.2 206.7 209 209.8 206.5 202.7 201.1 201.7 204.1 206.8 207.7 207.9 208 206.9 205.8 203.3 201.9 199.9 198.1 200.6 202.4 202.3 203.6 201.6 202.6 203.8 205.7 205.1 205.8 206.3 206.8 208.8 209.7 209.3 209.4 209.6 211.7 212.9 214.7 216.2 218 219.1 218.6 216.8 212.1 217.1 218.1 216.8 215.9 213.5 211.1 208.4 207.1 205.6 209.5 211.6 211.8 212.2 209.8 206.9 208.4 212.1 217.8 221.6 225.1 229.6 236.5 246.3 252.8
193.4 194.1 194.5 194.9 195.9 196.4 201.2 204.6 206.1 207.3 208.4 209.4 209.8 211 210.3 208.6 205.1 201.1 200 199.8 200.4 200.3 201.7 202 200.2 198.1 197.6 197.3 197.7 199 200.1 199.6 200.5 203.1 205.3 205.7 206.4 207.2 209.7 212.4 214.2 212.8 212.6 212.2 210.8 209.8 210.9 213.5 215.1 215.1 214.6 214.4 214 214.5 211.2 215.2 218.5 217.9 216.6 214.4 211.5 208.7 207.6 205 207.8 208.9 210.4 211.1 207.3 205.4 209.2 215.3 220.7 225.4 233.1 244.5 252.6 252.5 250.6
194.5 194.5 195.4 195.5 195.8 197.7 201.8 206.5 208.5 209.8 210.4 210.4 210.4 210.9 210.2 209.1 207.5 205.6 203.6 201.2 200.8 199.7 198.5 197.9 197.4 197.9 197.2 196.6 197.4 198.5 202.4 204 203.9 204.3 205.8 207.9 209.3 209.8 213.1 213.7 214.2 214.5 213.2 211.9 210.7 209.7 208.9 213.5 215.4 214.9 211.4 210.8 210.6 212.9 212 213 217.3 217 215.6 213.1 211 208.1 206.5 203.2 204.7 206.5 208.4 209.7 205.1 207.4 213.3 218.4 225.4 234.3 243.1 246.6 246 244.2 243
198.3 197.7 197.9 200.1 202.1 203.5 205 207.4 209.5 211.1 212 212.7 213.2 213.3 213.1 212 210.2 208.4 206.6 203.9 203 201.9 201.8 202.5 200 199 199 196.3 197.6 201.9 204.4 203 202.6 204.9 207 209.6 213.1 215.6 217.6 219.1 220.1 218.8 216.5 214.8 212.9 212.2 209 208.3 211.8 212.9 210.3 208 209.4 213.4 213.7 209.8 216.3 216.6 214.8 212.6 208.4 206 202.5 201.9 202.1 205.8 208.4 205 205.8 210.9 215.5 222.7 232.4 236.6 238.9 240.2 240.4 241 242.1
201.3 200.6 203 205.9 207.7 208.8 209.7 211.2 213.6 214.1 215 215.2 215.6 215.1 214.6 213.1 211 209.2 207.3 206.9 206.2 206 205.7 205.5 203.5 200.3 197.3 196.1 196.5 198.7 201 203.5 207.1 210.5 212.6 215.7 217.6 219 220.3 221.6 221.9 221.8 220.6 217 214.2 212.2 211.3 206.7 205.7 207.4 206.5 206.8 210.1 213.1 213 207.8 214.4 213 210.1 207.4 204.7 201.7 200.8 200.6 201.1 201.2 202.7 204.3 210.5 217.1 225.6 232.7 234.9 236 236.7 238.3 239.8 240.7 242.4
