ny/ny67_OST50GRID_20230518/NY67.asc
ncols 200
nrows 200
xllcorner 360000
yllcorner 570000
cellsize 50
[rows 105 to 139 of 200, columns 0 to 77 of 200]
336 336.5 336.8 336.1 336 335 334.8 336.4 336.8 338.5 340.7 341.3 342 342.1 341.6 340.2 339 338.7 339 338.1 337.2 338 336.5 334.7 332.4 329.9 328.2 326.8 325.1 323.5 322.4 322.2 321.4 320.3 321 321.1 323.4 325.5 326.9 327.6 327.9 327.9 327.7 327.3 326.9 326.5 327.3 326.5 324.7 321.2 318.5 315.4 313 311.6 311.1 317.1 320 320.5 319.9 318.7 316.8 314.1 311.4 309.7 308.9 307.5 305.3 306.7 314.4 318.7 319.6 319.4 317 314.6 312 309.2 307.2 305
332.8 333.7 334 333.1 333.7 334.4 332.1 333.1 333.5 334.6 337.5 338.2 339.1 338.8 338.5 337.5 335.9 334.7 335.1 334.4 333.1 331.7 329.4 328 327 324.3 321.9 321.2 319.3 318.2 317.4 317.4 317.4 318 321.3 323.5 325.9 327 327.4 327.9 328 327.9 327.5 327 325.7 323.9 322.2 320.8 317.8 315.8 314.6 313.7 312.9 311.8 310.5 313.8 316.6 317 317.2 315.6 313.8 311.1 308.9 307.9 307.4 306.1 304 305.2 310.1 312.1 313.1 313.2 311.7 310.2 308.6 306 304.3 302.2
330.6 330.4 330.8 330.6 328.3 330.3 329.3 326.8 329.1 330.3 333.5 334.6 335.6 335.5 335.1 333.9 332 330.4 330.7 330 328.6 326.9 324.3 322.8 320.9 318.9 316.9 316.1 315.4 314.7 314.8 315.4 316.1 318.2 323.5 326.4 327.6 328.2 328.2 328.2 328.1 327.8 327.3 326.5 324.5 322.7 320.3 318.9 317.5 316.1 314.8 313.8 313.3 312.5 310.8 310.3 312.4 312.9 313.3 312.3 310.7 309.5 308.9 307.9 306.3 304.4 302.8 302.2 303 304.3 304.8 304.7 304 302.8 301.6 300.2 299.3 298.3
327.4 326.4 326.9 326.9 324.3 326.6 325.8 324.9 323.4 327.7 330 330.7 331.1 331.3 330 328.5 326.8 324.9 324.8 324.9 323.3 319.8 319.6 316.6 315.8 314.7 312.6 312.2 311.7 312.1 313.3 314.1 316.1 320.7 326.1 328.7 329.3 328.8 328.8 328.3 328.1 327.6 327 325.7 323.6 321.5 320 318.6 317.6 316.7 315.5 314.6 314 313 311 308.8 308 309.2 309.8 309.6 309.8 309.5 308.9 308.2 306.2 304.4 302.5 301 300.4 299.5 299.5 299.1 298.4 296.6 295.7 294 293.4 293
324.8 323.8 323.7 322.7 321 322.9 322.5 320.1 323.1 326.5 326 325.4 325.1 324.7 323 321.2 319.2 317.4 317.5 318 316.6 314.4 313.1 311.2 310.1 309.7 309.2 310.1 312 313.2 314.2 316 317.3 321.3 327.1 330.9 332.2 331.2 329.2 328.4 327.9 327.3 326.7 325.2 323.3 321.3 319.7 318.6 317.7 316.7 315.8 314.9 314.1 313.6 312.8 311.9 310.5 307.2 305.5 307.6 308.9 309.5 309 310.5 310.2 308.8 306.4 303.6 301.1 299.7 299.3 299.3 299.3 298.7 298.5 297.3 296.6 294.6
320.4 321.1 321.6 319.9 318.3 319.2 319.1 316.1 322.1 322.6 320.6 318.9 318.1 316.8 314.4 312.7 314 314.9 314 312.9 310.5 309.5 308.9 307 306.9 307.1 309.1 310.5 312.5 313.4 314.5 316.1 316.9 319.9 325.3 330 332 332.2 330.7 328.7 327.8 326.5 324.8 323.4 322.3 320.3 318.9 318.1 317.2 316.2 315.3 314.5 314.3 313.9 313.2 312.3 311.5 309 306.4 305.3 307.2 307.5 308.8 311.4 312.5 312.2 309.9 307.8 305.1 302.3 300.5 299 298.2 299.3 298.9 298 296.5 293.9
317.6 317.6 317.6 317.4 315.7 315.4 315 312.4 316.1 315.6 313.5 311.3 311.3 310.2 309.1 311 312.9 314.1 313.3 312.6 311.1 308.7 307.2 304.8 304.8 306.5 307.9 309.9 312 313.1 313.6 314.6 315.8 317 321.8 324.8 325.7 326.6 327.6 327.1 325.4 323.1 320.7 319.3 319.1 318.1 317.7 317.2 316.4 315.4 314.5 313.9 313.7 313.4 313 312.7 311.8 309.8 307.3 303.5 303.3 304.9 306.4 308.1 308.9 309 308.1 306.9 305.7 304.4 302.1 299.4 297.3 297.3 297.6 296.3 294.2 292.6
314.8 314.2 313.7 314.1 313 311.8 311.4 309.9 309.9 309.7 309 307.2 306.5 306.2 308.6 310.9 312.1 313.4 312.9 312.4 310.4 307.9 306.4 305.1 303.2 305.4 306.2 309.9 311.9 313.1 313.8 314.7 315.6 316.6 316.9 319 319.8 318.7 317.8 318.3 317.9 314.8 312.8 313.8 314.5 316.7 317.2 316.6 316 315.1 313.6 312.9 312.8 312.6 312.1 311.7 310.9 309.3 307.6 305.5 301.9 302.1 303.5 304.2 304.1 303.3 301.9 301.3 301.3 301.1 299.3 297.3 296.2 296.6 297 296.4 294.5 292.9
311.2 310.8 310.5 310.4 310.3 309.4 308.8 308.2 307.6 307.9 306.4 305.4 304.7 304.8 307.8 310 311.9 313.1 312.7 311.8 309.9 306.5 304.8 303.9 301.7 304.8 307 309.4 311.8 313.2 314.4 315.5 316 316.4 316.5 314.7 313.4 312.5 311.1 309.7 309.1 307.8 309 309.5 312.4 315.7 315.9 316.6 318.3 315.2 313.2 312.1 312 312.2 311.5 310.8 309.9 308.5 306.8 305.4 302.3 299.6 299.3 299.4 298.6 297 296.5 297.8 298.9 298.7 297 295.7 295.6 295.5 296.4 296.2 295 293.3
310.5 309.6 309.5 309.1 308.9 308.2 308.3 307.7 307 307.3 306.6 306.2 306.1 303.9 304 305.9 306.2 306.8 307 308.1 306.5 303.8 301.5 300.1 304.1 305.6 307.4 309.6 311.5 313.4 314.8 316.2 316.9 317.4 316.5 314.2 311.8 305.6 305.6 304.5 304.6 305 305.8 305.4 308.8 311.7 313.8 315.7 318.2 317.2 312.9 311.7 310.5 311.4 311.1 310.5 309.5 308.5 306.2 304.7 302.9 300.9 297.9 296.9 295.4 295 294.3 298.4 298.2 297.9 295.7 294.5 294.2 293.9 293.6 292.9 292.1 291.4
313.5 312.1 311.8 311.3 310.5 309.2 309.8 307.5 307.9 307.9 307.8 307.6 306.1 304.9 303 301.6 301.9 302.5 301.8 300.8 299.8 299.4 298.9 303.6 307.6 309.3 310.8 312.2 313.4 314 314.2 314.9 315.9 315.7 315.1 313 310 306.5 301.3 303.3 303 303.9 303.6 303.5 302.4 301.1 304.4 307.2 308.2 309.7 309.9 309.6 310.2 311.1 311 310.4 309.1 308.3 306.1 304.9 301.7 300.1 300.9 299.5 299.1 298.4 294 297.3 297.9 297.4 294.8 293.5 293.4 293 292.7 292.4 291.9 291.2
314.5 314.6 313.9 313.2 312.4 311.6 310.5 308.7 306.4 306.8 306.5 305.4 304.5 304.7 304.2 306.9 308.6 309.5 309.1 307.5 304.7 303.6 300.9 297.4 305.4 310.7 312.2 313.1 313.7 313.7 313.6 313.5 313.5 312.9 312.1 309.2 305.3 304.7 302.7 302.2 301.7 302.2 302.9 303.3 302.6 301.3 299.1 298.3 300.5 303.5 305.1 307.1 309.8 310.8 311 310.7 309.5 308.1 306.2 305.4 303.4 302.4 302.4 302.7 302.1 301.7 299.3 291.4 289.5 292.3 292.7 292 291.9 292.3 292.3 292.1 291.8 291.2
315.4 315 314.5 314 313.1 312.3 311.1 309.9 307.7 307 307.5 307.6 308.6 310.6 312.8 315 315.9 315.2 314 311.9 310.2 306.8 305.6 303.7 298.2 309.7 311.5 313.1 313.6 313.4 313.2 313 311.9 310.1 309 306.3 304.6 304 301.4 300.8 300.9 301.5 302.9 303.4 303 301.1 300.6 297.9 296.6 297.8 300.7 306 309.5 311 311.4 311.5 309.6 307.8 306.9 306.1 305 304.9 303.8 303.7 303.1 302.5 300.6 298 293.2 286.2 288.3 289.6 290.1 290.4 291.5 291.6 291.8 291.4
315.8 315.4 314.7 314.2 313.6 312.8 311.8 310.6 310.3 310.5 311.8 312.6 314.6 316.5 318.2 319.7 320 318.9 316.6 314.2 312 309.9 309.2 307.9 296.5 308.7 310.8 312.1 313.4 313.5 313.2 312.4 310.9 308.6 306 303.8 303.2 302.8 301.1 300 299.9 298.6 300.6 303 302.9 301.3 300.3 298.9 296.3 295.6 300.1 306.8 311.1 312.2 311.8 310.9 308.5 307.2 307.2 306.8 306.2 305.5 304.5 304.1 303.5 302.4 300.2 297 293.4 289.7 283.2 287.2 287.9 287.7 290 291.2 291.6 291.3
315.5 315.5 315.2 314.6 314.4 314.6 313.7 313.7 314 313.1 313.6 316.1 318.6 320.1 320.8 321.8 321 319.1 316.8 314.3 312.1 310.5 308.4 306.6 297.1 305.2 308.5 311.3 313.3 313.7 313.2 312 310.4 308.1 305.6 303.5 302.7 301.4 300.5 299.5 298.5 297.8 298.5 301.1 301.5 300 298.1 296.4 293.4 296 301.4 305.4 308.4 310.5 310.1 307.9 306.4 305.9 306.4 306.5 306.5 305.9 304.9 304.1 303.1 301.5 298.7 294.7 291.3 288.1 284.9 282.6 285.8 286.8 289.5 290.7 291.6 291.7
314.4 314.3 314.8 315.3 315.9 315.6 314.9 314.7 314.3 313.6 313.7 315.9 318 319.8 319.5 317.9 317.3 316.2 314.8 312.7 310.5 308.7 307 302.9 296.3 302.6 308.3 311.6 313.4 313.9 313.4 311.9 310.2 308 305.5 303.6 302.5 301.7 300.8 299.4 298.8 298.5 300 294.3 295.8 294.9 293.1 291.8 290.5 292 295.3 297.7 300 301.5 303.4 302.3 302.7 302.3 304 305.9 307.1 308.2 307.3 306.7 303.7 300.4 296.8 292.7 289.3 286.9 285.4 282.3 281.9 287.1 289.4 291.3 293.2 294.3
310.4 310.5 310.9 311.3 312.6 312.8 313 313 312.7 312.2 312 311.4 311.8 312.6 313.5 311.9 310.3 309 308.1 306.5 305 303.7 302.6 297.3 293.8 305.1 310.8 314.2 316.1 316.6 316.1 314.5 312.2 308.3 305.7 303.7 302.5 301.9 301.3 300.7 301 298.9 300.5 303.1 294.5 290 289.5 289 287.8 288.1 287.9 290.6 291.9 292.9 292.9 293.8 294.9 297 299.7 302.4 306.5 308.2 308.5 307.5 303 298.2 294.9 293.7 291 288.2 286.5 282.7 280.8 290 295.5 298.7 300.4 301
306.9 307.4 307.9 307.7 308.6 309.4 310 310.5 310.9 310.6 309.6 308.7 307.9 307.4 307.2 306.1 304.9 303.8 302.5 301.3 300.4 297.2 292.9 292.5 303.2 310.6 316 318.9 319 319.4 317.9 315.2 311.8 308.3 305.5 302.7 302 301.7 301.4 300.3 298.6 296.4 295.6 301.6 294.1 288.3 287.3 287 285.9 285.1 285 286.1 285.7 286.8 285 286.2 287.5 289.7 292.4 294.6 296.7 298.5 299 298.2 295.7 293.5 291.7 290.4 287.8 285.5 283.4 278.5 281.2 290 293.5 297.6 299.5 300.2
301.9 302.9 302.9 303.5 304.9 306 306.7 307.5 307.7 307.7 308.3 308.2 307.3 305.7 303.7 302.1 300.9 300.1 299.1 298 296 291.2 295.5 300.6 304.5 309.1 311.1 312.1 313 313.3 312.3 310.3 306.6 304.2 303.7 302.5 301.8 301.2 300.5 299.4 297.1 294.5 292.2 291.2 289.6 287.1 286 285.6 284.8 283.8 283.7 283.9 283.3 283.1 282.3 281.6 282.9 283.4 284.9 286.8 288.1 289.2 288.4 288.5 288.4 287.2 285.8 284.7 283.5 281.4 278.5 276.1 277.8 283.2 280.6 286 292.2 293.4
297.8 298.2 298.8 299.8 300.9 302.8 303.8 304.8 305.4 305.9 306.9 307.3 306.9 305.6 304.4 302.7 300.9 298.6 296.3 294.4 292.4 291 292.3 295.4 297.3 300.3 302 303.1 303.5 303.1 302.4 300.8 299.7 299.1 299.9 300.4 301.2 301.3 300.7 299.1 297.2 294.8 292.8 292 290 287.9 286.7 286.5 286.2 284.5 284.2 284.3 285.2 285.5 285 283.7 281.6 279.4 277.9 279.5 281.5 281.3 281.7 281.8 282.3 281.7 280.8 279.8 278.9 277.5 275.5 274.1 272.9 274.5 276.6 279.2 278.8 283.9
294.3 294.8 295.7 297.1 299 300.6 301.7 303 304.1 304.3 304.7 305.2 305.1 304.4 303.3 301.7 300.1 299.6 298.3 296.3 292.7 289.2 290 290.5 290.7 292 292.9 293.9 294.4 294.3 294.3 293 293.1 294.6 297.2 298.9 300.5 301.6 301.3 300.1 298.6 296.9 294.3 292.7 291.7 291 290.6 289.9 289.2 288.1 287 288 289.2 289.6 289.6 288.4 286.4 284.3 281.2 278.8 278.2 276.8 276.2 276.5 277.1 276.5 275.7 274.7 274.8 273.6 273 272 272.3 271.9 272.4 272.7 274.6 276.4
291.7 292.9 294.4 296.7 298.8 300.4 301.5 302.5 303.5 303.7 303.2 302.3 301.8 301.3 300 299.1 298.7 299 298 296 292.9 290.3 288.6 289.1 288.9 289 288.2 288.6 288.9 289.3 289 288.9 289.6 291.3 294 296.5 299.4 301.9 302.4 301.4 300 298.4 295.8 292.8 291.7 291.3 290.8 290.5 290.2 289.6 291.9 292.8 293.3 293.8 293.8 292.6 291.2 287.4 284.4 282.4 280.4 278.1 277.2 276.2 276.3 275.7 274.9 274.2 273 272.7 271.2 270.5 270.9 270.2 269.6 269.6 270.5 274.6
290.2 291.6 294.4 296.7 299 300.3 301.3 302.2 302.9 302.9 302.3 300.6 299.1 298 297.9 297 297 296.4 295.6 295.4 293.7 291.6 289 287.6 287.4 286.7 286.4 286.4 286.5 286.5 286.5 286.6 287.5 288.8 291.1 294.9 299.3 302.9 304 302.9 301.2 298.9 295.1 292.4 290.9 290.9 291 290.7 290.5 293.3 296.4 297.1 298.1 298.4 295.8 293.8 290.9 288.7 286.9 285 283.3 281.5 280.5 279.5 278.7 277.8 277 276.3 275.4 275.1 273.6 272 270.3 268.9 268.6 268 270.8 269.4
287.7 291.4 295.3 296.8 298.8 300.3 301.2 302.2 302.9 303 301.8 299.7 298.4 298.3 296.8 295.3 294.6 294.7 294.8 295 294 293 291.2 288.6 287.1 287 286.3 285.3 284.7 284.2 284.1 285 285.7 287.4 289.8 293.5 300.2 305 305.1 303.6 301.2 298.5 296.2 291.7 288.9 289.1 289.6 289.7 289.9 294.8 297.4 297 296.7 295.7 294.8 292.8 291 289.4 288.4 287.7 286.2 284.8 283.4 282.2 280.7 279.9 278.9 277.8 276.7 275.8 274.4 272.9 271.5 270.6 270.1 269.5 270.1 268.8
287.2 290.9 294.6 296.9 298.3 300.2 302.4 303.6 303.6 302.8 300.9 299.4 298.2 296.9 295.7 294.5 293.1 292.8 292.6 294.2 293.1 292.8 290.7 289.2 288.2 287.3 286.5 285.6 284.9 284.5 283.1 283.4 283.7 284.3 285.6 289.3 292.9 295.8 297.2 295 296.8 294.1 290.1 288.5 284.8 284.1 284.4 286.3 286.8 288.9 291.2 292.7 293 293.2 292.7 291.4 289.9 288.5 286.8 286.6 286.3 285.7 284.6 283.1 282.3 280.9 279.7 278.9 277.9 277.1 276.2 275 274.2 273.1 272 271 269.4 268.4
284.8 290.5 294.8 298.6 302.5 306.7 308.9 309.1 307.4 304.8 302.2 299.5 298.2 296.9 295.6 294.3 293 291.9 290.6 291.1 290.4 289.4 288.6 288.2 287.8 286.9 286.3 285.8 285.6 285.3 284.5 283 283.1 282.3 281.9 282.9 287.4 289.1 290.7 291.3 287.8 289 285.9 283.5 281 279.3 279.4 281.2 282.8 283.9 285.3 285.5 285.4 284.7 284.2 284.6 284.2 283.7 284.1 285.8 286.6 286.7 286.8 286.5 285.1 283.5 282.2 281.2 280.3 279.1 277.8 276.4 274.6 272.9 270.4 268 267.7 266.9
280.1 285.2 295 300.6 305.8 310.5 312.9 311.9 309.6 306.8 304.5 301.7 299.2 296.5 295.1 293.9 292.6 291.2 289.4 289.3 289.1 288.6 288.6 288.1 287.4 286.9 286.7 286.5 286.2 285.9 285.1 284.5 284.9 284.8 283.1 281.1 282 283.6 285 284.5 284.5 285.2 281 280.1 278.4 276.6 277.7 277.4 277.3 277.5 277 277.3 275.2 276 275.1 275.7 275.1 275.7 276 281.3 284.9 285.5 285.1 284.3 283.7 282.1 280.4 279 277.7 275.8 274.8 273.8 270.7 269 268.3 270.5 271.1 271
286.1 279.9 292.8 300.8 303.8 306.1 308.8 309.6 308.3 307 304.5 301.9 299.3 296.2 294.4 293.2 292.2 290.8 289.5 288.7 288.7 288.7 288.8 288.5 288.1 287.7 287.3 287 286.8 286.5 286.1 286.9 287.6 286.9 286 283.8 281.8 280.6 280.6 280.6 279.8 279.5 279.1 278.3 278.6 279.9 280.5 280.8 281.4 282.1 282.7 284.3 285.9 285.6 284.3 282 279.9 279.1 276.2 273.4 276.8 278.2 278.3 278.6 278.2 276.8 275 272.5 270.7 268.8 269.4 269 268.9 270.5 275.3 275.1 274.1 273.1
288.5 278.8 292 302 303.1 304.2 303.7 302.6 302.9 302.9 300.7 298.9 297.1 295.6 294.5 293.1 292.2 291.9 291.8 291.2 289.6 289.5 289 288.7 288.7 288.2 287.8 287.5 287.2 287.5 288.2 288.9 289.5 289.6 288.5 287.5 286.5 285.3 284.3 283.6 283 282.2 281.1 281.2 281.5 282.2 283.1 284.9 286 286.8 287.5 287.5 287.5 286.7 285.9 284.5 282.9 281.7 279.8 276.6 272.9 272.7 273.6 273.6 273.1 270.6 270.8 272.7 273.2 275.1 274.6 275.3 275.8 276.9 276.4 274.9 274.5 272.6
283.5 279.2 294.5 303.2 304.4 303.7 302.4 300.8 298.6 297.4 296.2 295.7 295.8 295.5 294.6 293.6 293.4 292.8 292.2 291.5 290.4 289.8 289.2 288.9 288.8 288.8 288.4 288.5 288.7 289.2 289.7 290.4 290.8 291.1 290.7 289.8 288.9 287.9 286.7 286.6 286.4 284.7 284.3 283.8 284.3 285.3 286 286.6 287.3 288.1 288.1 288.1 287.9 287.2 286.4 285.3 283.8 282.1 280.2 278.2 276.9 274.9 272.9 272 271.7 273 274.6 277.6 278 278.4 278 277.7 277.9 277.5 277 275.7 275.5 275.1
278.1 285.9 298.5 304.7 304.6 303.4 301.6 300 297.8 296.1 295.5 294.8 294.9 294.9 294.3 293.8 293.4 292.9 292.4 291.9 290.6 289.9 289.3 289 288.9 289.1 289.5 289.8 290.2 290.7 290.6 290.7 291.2 291.2 290.6 291.7 291.1 288.7 288.2 287.3 286.8 286.1 286.8 288.1 290.2 290.4 289.7 289.6 289.7 289.4 288.6 288.4 287.8 287 286.1 284.9 283.3 281.8 279.9 279.4 279.2 278.9 277.9 277.9 277.4 277.9 278.7 279.2 279.3 279.1 278.9 278.6 278.3 277.9 277.5 276.6 276.2 275.6
279 291.3 301.8 304 303.7 302.7 301.2 299.7 297.9 296.5 293.6 293.4 294.1 294.2 294.2 293.9 294.1 293.9 292.8 291.7 290.8 290 289.5 289.3 289.1 289.4 289.8 290.4 291.4 291.8 291.3 291 290.8 290.3 289.9 291.4 290.8 290.6 289.9 288.7 289.6 290.6 292.9 294.8 295.3 294.8 293.5 291.9 290.3 288.5 287.6 286.9 286 285 284 283.3 282.1 280.4 280.1 279.9 279.7 279.6 279.3 279.2 279.2 278.9 279.5 279.6 279.6 279.4 279.2 279 278.7 278.3 277.9 277.3 276.8 276.2
279.3 288.9 296.9 299.5 300 300.1 299.2 298 296.9 296 293.5 291.1 293.1 293.7 293.9 294.2 294.4 294.3 294 293.2 292.2 291 290.7 290.3 289.9 289.6 290.1 290.4 290.9 290.2 290.1 289.9 289.8 289.6 289.3 289.8 289.2 290 289.8 289.5 289.5 289.4 289.3 289.8 289.9 289.4 287.8 286.1 285.4 282.6 281.3 281.7 279.8 279.4 279.4 279.2 279.2 279.4 279.6 279.7 279.4 279.5 279.6 279.4 279.4 279.6 279.9 280 279.8 279.7 279.6 279.4 279.1 278.8 278.5 278 277.5 276.9
277.9 283.8 290.8 295.1 295.5 295.7 295.7 294.8 293.9 293 291.5 289.7 290.4 293.3 293.8 294.6 295.4 295.3 296.2 295.8 294.4 292.4 291.6 291.1 290.6 289.6 289.7 289.3 289 287.6 286.6 285.6 285 285.2 286.4 287.7 288.9 289.8 290.1 289.9 289.2 287.7 286.8 285.2 284.5 283.5 281.7 280.4 280.5 278.1 278 278.5 278.3 278.6 279 278.9 278.9 278.9 279 279.2 279.3 279.4 279.5 279.7 279.9 280.2 280.3 280.1 279.9 279.8 279.7 279.6 279.5 279.2 279 279 278.4 278.3
276.3 282.3 286.9 291.1 291.7 291.8 291.8 291.4 290.6 289.3 288.4 286.7 287.8 291.6 293.2 296 296.9 296.7 297.4 297 295.6 293.6 292.3 291.6 290.5 289.3 286.8 286.3 284.9 283 282.9 282.7 283.3 284.4 285.8 287.1 288.4 289.5 290.4 289.7 288.3 286.7 285.1 283.2 281.7 279.9 278.6 277.4 276.4 277.3 277.3 277.8 278 278.5 278.8 278.7 278.6 278.6 278.7 278.8 278.9 278.9 279 279.8 280.8 281.3 280.5 280.3 280.1 279.9 279.4 279.5 279.7 279.8 279.7 279.6 279.5 279.4
