ny/ny67_OST50GRID_20230518/NY67.asc
ncols 200
nrows 200
xllcorner 360000
yllcorner 570000
cellsize 50
[rows 140 to 174 of 200, columns 0 to 77 of 200]
275 278.1 282.4 285.2 286.3 286.6 286.8 287 286.5 285.6 285.1 283.7 290 293.5 297.2 298.8 299.1 298.9 297.9 297.6 296.7 294.7 292.4 291.2 288.4 286.8 284.9 283 280.7 279 280.7 281.7 282.7 284.1 285.5 286.7 288.1 289.5 290.4 288.7 286.6 285 283.1 281.2 279.3 277.6 276 274.4 274.8 276 276.8 277.3 277.6 277.9 278.2 278.4 278.5 278.5 278.4 278.3 278.7 278.1 278.3 280.7 281.7 281 280.3 279.5 278.8 278.7 279.1 279.3 279.5 279.8 279.8 279.6 279.7 279.6
276.1 273 277.7 279.3 280.5 280.8 281 280.9 281.2 282.1 282.8 283.6 289.4 293.6 296.1 296.8 296.5 296.5 296 295.2 294 295.1 292.8 289.4 285.5 283.9 282 279 276.7 277.9 279.7 281.2 282.5 283.9 285.3 286.9 288.2 289.5 288.8 287.2 284.9 283 281.1 279.1 277.1 275.3 273.1 272.6 273.8 275.1 276.2 276.8 277.1 277.5 277.8 277.9 278.1 278 277.8 277.7 277.8 276.8 275.8 275.6 275.6 275.8 276 277 277.4 278 278.7 279.1 279.4 279.6 279.8 279.5 279.3 279.7
280.2 275.2 272.8 274.5 275.5 275.2 275.1 275.3 275.7 276.4 277.2 278.2 281.3 284 286.4 287.9 288.3 287 286.2 287 287.1 286.8 285.8 283.9 282.1 281 279.5 276.5 274.7 276.8 279 280.5 282 283.4 285.1 286.7 288.2 289.4 287.6 285.3 283.1 280.8 278.7 276.7 274.7 273.4 270.6 271.7 273.2 274.4 276 276.3 276.7 277.1 277.4 277.6 277.6 277.2 277.3 277.4 276.9 276.1 275.2 273.9 272.6 273.7 275.5 276.6 277 277.7 278.5 278.9 279.2 279.6 279.9 279.6 279.3 279.6
282.1 278.3 275.3 274.3 272.8 272.4 272.1 271.9 271.3 271.6 272 272.4 273.2 275.3 275.9 277.5 278.6 278.5 279.3 279.8 279.2 279.1 278.3 277.5 277.3 277.1 276.4 273.2 273.2 273.9 275.5 277.6 279.4 280.2 281.6 283 284.2 284.9 283.8 281.9 279.9 277.9 275.9 274 272.3 270.7 267.8 269.3 271 273.4 275.1 275.8 276.3 276.8 277 277.1 276.9 276.4 276.3 276.1 276 275.4 274.7 273 270.1 273.2 275 276.2 276.7 277.4 278.1 278.8 279.2 279.6 279.9 279.7 279.3 279.1
283.1 284.5 283.3 282.3 279.5 276.6 274.9 273.4 272.3 271.3 270.7 270.9 270.4 270 270.4 270.5 271.8 272.3 272.2 272.3 271.9 271.7 271.4 271.3 271.8 271.5 271.4 269.4 269.3 270.4 271.6 273.1 274.5 275.6 277.2 278.6 279.5 279.8 279.2 278.7 276.6 274.7 273 271.1 269.8 268.5 264.7 268.5 270.8 272.9 274.4 275.4 276 276.4 276.5 276.5 275.6 274.8 274.8 274.7 274.6 274.3 273.2 270.1 267 272.6 274.3 274.9 275.5 276.6 277.6 278.2 278.9 279 278.8 278.5 277.8 277.6
284.2 285.6 286.8 286.5 284.3 282.3 279.2 277 276 274.4 273.2 271.1 270.8 270.7 270.1 269.4 271.2 270.8 270.5 269.8 269.5 269.7 268.5 266.6 266.4 266.3 265.8 265.5 264.8 265 265.6 267.2 267.9 269.5 270.7 271.5 273.1 273.9 273.4 272.8 272.1 271.1 269.7 268.2 266.5 266.1 263 266.4 267.6 270.9 273.2 274.8 275.6 275.8 275.6 274.9 274 273.1 272.6 273.3 273.2 272.2 271.1 269 264.5 270.7 272 272.6 273.7 274.5 275.1 275.6 276.7 276.7 276.7 276.8 275.5 275.8
281.9 282.5 282.5 283.5 282.2 281.5 280.7 276.8 276.4 275.6 276.4 273.9 272.2 272 270.9 269.2 269.1 268.9 268.6 268.2 268.1 268.3 267.5 266.8 265.6 265.7 265.6 265.1 264.4 263.9 263.7 262.8 262 262.1 262.9 262.8 264.4 264.6 265.9 266.1 265.9 265.7 264.8 264.3 262.1 260.9 260.5 260.2 262.5 267 269.3 271.3 271.6 271.6 270.7 268.8 268.1 267.9 267.2 268.6 267.4 266.9 267.1 264.2 263.5 267.6 269 269.7 270.8 271.7 272.8 273.9 274.5 274.5 274.5 274.6 273.6 274.4
278.1 278.4 278.8 278.8 279 279 278.5 277.2 276.2 275.3 274.8 274.2 274.2 273.7 273.3 272 268.6 268.2 268.1 267.4 267.2 267.2 267 267.1 267.5 267.7 267.2 266.3 265.1 264 264.9 265 265 265.8 266.7 266.9 265.4 263.5 261 260 260.2 259.9 260.1 260.4 258.9 258.8 259.6 258.7 259.1 260 263.1 264.3 264.9 264.1 263.4 262.5 261.4 260.2 259.3 258.5 258.8 259 258.3 255.9 262.9 263.6 266 266.9 268.2 269.6 270.9 271.5 272 272.4 272.4 272.6 273.6 276
280.2 278.2 276 276.8 276.1 275.9 275.4 275.7 275.4 274.6 273.8 272.8 271.4 271.5 271.5 271.5 271.9 271.9 271.5 270.1 268.8 268.7 268.2 268.8 270.1 269.8 268.8 268.2 266.6 265.2 265.7 266.1 267.2 268.6 269.7 271 269.2 268.5 267.1 266.5 265.7 263.9 263.6 262.6 261.9 261.5 260.7 259.2 259.7 258 256.7 256.7 257.8 257.4 256.4 255.3 255.1 254.7 253.5 253.9 252.6 250.4 249.8 252.4 262.7 263.5 265.9 267.4 267.8 268.2 269.3 271.8 272.7 273.8 274.3 274.5 275.1 276.2
285.1 283.4 281.2 279 277.2 275.8 275 273.6 273.7 273.3 272.7 271.4 270.7 269.9 269.3 270.2 269.9 269.2 269.2 267.6 267.5 266.7 267 267.1 267.7 267.7 268.1 267.8 267 265.5 265.7 265.9 267.9 268.5 270.2 270 270 268.9 268.8 266.9 265.7 265.4 265 264.4 264 263.3 262.6 260.7 261.2 260.4 259.6 257.4 258.3 256.2 255.9 256.8 261.5 262.1 260.6 261.1 260.4 255.8 250 255.6 264.8 267.1 268.2 269.2 270.3 271.4 272.6 273.9 274.8 275.6 276 276 279.9 282.5
288.8 286.9 283.9 281.7 279.6 277.8 276 274.1 273.8 273.6 271.7 271.2 271.4 271.3 271.4 271.5 272 271.9 271.3 270.5 270.4 269.6 268.4 266.6 265.1 264.4 264.1 264.2 264.4 264.3 263.4 262.1 264.4 267.4 268.4 267.4 267.8 267.6 266.7 265.8 265.5 264.9 264.9 264 263.5 262.6 261.9 260.5 260.4 260.9 261.8 261.2 262 262.1 261.7 261.5 261.7 260.7 260.9 260.5 260.2 258.1 250.5 257.8 264.6 266.7 268.7 270.2 271.4 272.7 273.7 274.4 275.3 276.6 277.5 279.4 280.7 282.8
288.8 287.2 285.3 283.1 280.8 278.7 276.9 275.1 274.3 274.2 273.5 273.4 273.2 272.7 272.8 272.6 273.2 274.5 273.7 274 273.7 272.8 271.5 270.5 269.6 268.7 268.1 267.2 266.5 266.2 265.7 263.7 261.6 260.3 260.2 261.4 259.9 260.3 260.4 259.7 261.1 259.5 258.2 257.8 258.1 256.9 257.7 258.6 259 259 261 260.9 261.1 261.8 261.1 261.1 260.6 259.8 259.6 259.4 259.9 255.8 249.3 256.5 262.4 265.4 268.2 270.5 272.1 273.3 274.6 275.4 276.4 277.5 279 281.2 282 283.1
288.3 286.5 284.7 283 281.5 279.6 277.1 275.4 274.1 273.7 273.8 273.7 273.2 272.6 273.2 273.4 274.1 274.3 274.1 273.9 273.7 271.8 270.5 269.9 269.4 269.2 268.7 268 267.3 266.8 266.2 264.9 263.1 261.9 261.1 259.6 258.8 258.4 258.8 258.4 258.2 257.3 256.6 256.7 256.1 255.3 256 255.5 256.7 258.2 260 260.3 260.6 260.6 260.3 260.1 259.5 259.2 259.3 252.6 251.5 249 252.9 261.8 264.8 266.2 268.8 272 274.3 277.3 279.1 279.8 280.2 280.2 281.9 282.4 283 283.6
286 284.8 283.1 281.5 280 278.5 276.4 274.7 273.5 272.8 272.8 272.3 272 272.5 272.6 273.2 273.8 273.9 273.9 273.5 271.4 269.6 268.9 268.9 268.4 268.2 267.8 267.5 267.1 266.8 266.3 266.2 265.5 264.3 262.6 261.3 260.6 259.9 259.3 259.1 258.9 259.1 258.9 258.9 258.3 257.3 257 254.8 253.7 255.8 258.4 259.6 258.5 258.2 258.7 257.9 257.5 256.7 252.2 249.5 247.3 254.7 260 261.8 264.5 266.1 269.5 275.1 280.5 282.7 283.9 284.8 283.8 283.6 283.3 283.7 284.4 285.6
282.3 281.6 280.4 279.2 277.9 276.7 275.1 273.6 272.5 272 271.5 271.3 271 270.9 271.3 271.5 271.6 271.8 271.3 270.2 269.4 268.8 268.2 267.6 267 267.1 266.9 266.3 265.9 265.9 266.2 265.9 265.8 265.4 264.3 263 262.4 261.5 260.4 260.5 260.9 260.9 260.8 260.9 260.1 258.9 258.2 257.5 255.1 254.4 253.8 256.4 255.6 255.7 255.7 254.2 252.1 249.6 247.3 249.9 256.7 258.2 259.4 260.7 262.9 265.1 268.1 273.4 277.4 279.9 281.4 280.8 281.3 281.2 280.7 280.9 280.8 279.9
278.9 277.8 277.3 277.1 276.4 275.2 273.8 272.5 271.3 270.7 270.3 270 269.7 269.5 269.7 269.7 269.7 269.4 268 268.3 268.2 267.4 266.6 265.9 266.1 266.5 265.4 264.9 264.7 264.9 265.5 265.8 265.7 265.8 265.1 264.7 264.1 263.2 262.6 262.6 262.4 262 261.9 261.3 260.6 260.1 258.8 258.3 256.6 254.5 251.7 251.6 251.2 249.5 249.7 249.4 249.6 246.6 248.5 254.5 256.6 257.9 259.2 260.4 261.9 263.7 265.1 268 270.4 272 272.9 273.4 273.9 275.4 275.1 274.3 274.7 274
276 274.2 274.5 274.3 274.1 273.4 272.7 270.8 269.6 269.4 269.2 268.9 268.6 268.3 268.1 268 268.1 268.1 267.7 267.2 267.3 266.3 265.9 265.6 265.6 265.1 264 263.1 263.8 264.6 266.1 266.8 267.2 267.2 267.1 266.6 265.7 265 264.2 263.5 263.2 262.9 262.1 261.3 260.7 260 259.2 258.3 257.2 256 253.8 252.7 252.7 252.6 251.9 247.6 246.9 245.5 248.3 252.2 254.8 257.6 259.4 260.6 262 263.7 264.6 265.4 265.9 266.9 267.4 267.6 268.8 270 270.7 270.6 270.7 271.4
273.9 272.2 271.7 271.6 271.5 271.4 270.9 269.6 268.2 268.3 268.1 267.9 267.6 267 267 267.1 267.4 267.3 267.1 267.1 266.7 266.4 266.2 265.7 265.1 263.8 262.8 262.1 262.9 263.7 266.8 268.7 269 269.1 268.8 268 266.9 266.2 265.4 264.3 263.8 263 262.3 261.4 260.7 260 259.3 259.4 258.8 258.7 258.1 257.8 258.1 257.6 257.3 256 250.3 245.8 247.2 251.6 257.2 258 259 260 260.6 262.6 263.4 263.9 263.5 264.3 264.8 265.6 266.5 267.5 268.6 268.6 269.3 271.4
272.7 271.4 270.6 269.8 268.6 268.5 267.8 266.7 267 266.9 266.6 266.4 266.1 265.8 266.1 266.1 266.5 266.7 266.7 267.2 267.1 266.7 266 265.3 264.7 263.8 262.4 261.3 261.7 262.1 262.9 263 263.2 263.3 263 263.3 263.4 264.9 263.4 262.7 262.6 262.5 262.1 261.3 260.8 260.1 259.7 259.3 258.4 258 257.8 257.8 257.7 257.2 257.3 256.9 254.4 245 245.4 250.2 256.1 254.3 253.4 253.5 255.8 259.8 261.2 262.1 261.2 262.8 263.4 264.1 265.3 266.3 266.7 267.3 268.2 271.2
272.7 271.7 270.5 268.7 266.3 265 265.2 265.7 265.8 265.5 265.1 264.6 264.1 264.1 264.4 264.9 265.7 266.4 266.6 266.9 267.1 266.9 266 265.2 264.7 263.8 262.4 261.5 260.6 260.3 259.3 260.1 261 261.5 262 262.2 262.3 263.2 262.5 262.4 262.3 262.2 261.8 261.4 261 260.3 259.5 258.7 257.9 256.8 254.8 254.3 253.9 253.6 253.4 253.5 252.6 248.6 243 246.3 248.4 245.4 243.8 243.5 248.8 255.7 255.4 257.9 259.9 261.8 263 263.7 264.8 265.6 266.4 267 267.6 269.8
272.2 271.7 270.3 268.4 266 263.8 262.7 264.5 264.5 264.3 263.5 263.4 262.5 262.5 263.7 264.5 265.4 266.2 267.2 267.4 267.8 267.9 267.2 266.5 265.2 264 262.5 261.3 260.4 259.4 258.2 259.2 260.3 260.8 261.3 261.7 261.9 262.2 262.2 262.2 262 261.9 261.7 261.4 260.9 260.2 259.4 258.6 257.8 256.9 255.3 253.9 253.3 252.8 252.4 252.5 251.5 250.5 246.1 243.1 242.7 240.1 243.3 240.4 239.5 242.9 255.1 258.9 260.2 261.5 262.6 263.3 264.1 265.3 266.1 266.7 267.8 269.5
267.8 266.8 266.1 265.4 264.4 263.6 261.2 262.6 263 262.9 261.9 261.6 261.2 262.3 263.5 264.7 265.8 266.8 267.7 268.2 268.9 269.7 269.4 267.7 265.1 264 262.5 261.1 260.2 259 257.8 259.1 260 260.3 260.7 261.1 261.6 262 262 262 261.9 261.8 261.7 261.4 260.8 260.2 259.4 258.5 257.9 257.3 256.1 255.4 254.5 253 251.1 252.3 252.7 253.2 251.7 248.6 246.5 253.7 255.1 253.9 242.4 237.4 248.3 257.2 259.7 260.7 261.3 261.9 263.5 264.7 265.5 265.8 267.6 267.8
266.3 266.3 265.9 265.4 264.2 261.9 260.5 260.3 260.8 260.7 259.5 260.1 260.9 262.4 263.8 265.5 266.8 267.7 268.5 268.4 268.7 268.3 267.6 265.6 264.5 263.4 262.3 261 259.9 258.5 257 258.8 259.1 259.4 259.7 260.7 261.3 261.8 261.9 261.9 262 261.8 261.7 261.4 260.8 260.1 259.3 258.4 257.8 257.4 256.5 255.4 254.2 253.8 251.3 252.7 253.7 254 254.6 253.8 254.4 255.1 255.6 255.6 248.9 236.9 241.9 251.9 257.4 259.4 260 260.5 261.4 262.8 263.5 264.9 266.4 265.7
266 266.1 265.7 265.2 263.9 262.1 259.5 258.9 258.3 258.3 259.3 260.1 261.4 263.6 265.7 267.5 268 268.2 268.4 267.3 266.5 265.5 264.4 263.5 262.8 261.7 260.6 259.4 258.1 257 255.1 255.9 257.7 258.3 258.5 260.2 260.8 261.5 261.7 261.9 262.4 262 261.7 261.4 260.7 260 259.2 258.3 257.7 257.2 256.5 255.3 253.8 253.5 250.7 251 252.6 252.9 253.6 253.1 253.7 253.8 254.2 253.8 250.5 239 237.6 250.8 254.8 256.7 257.9 258.9 258.8 259 260.4 263.4 263.9 263.3
265.5 265.7 265.4 264.6 263.8 262.5 260.5 257.6 259 260.9 262.4 263.8 265.1 265.7 267.1 267.8 267.6 266.9 267 265.2 264.3 264.2 262.3 261.4 260.4 259.4 258.1 256.9 255.7 254.5 252.7 253.7 255.4 257.5 258.8 260.2 260.7 261.3 261.7 261.9 262 262.1 261.6 261.3 260.7 260 259 257.9 257.3 256.7 256 254.9 253.2 251.5 249.8 249.6 249.4 249.5 250 250.8 250.6 250.4 250.5 250.6 250.5 243.7 236.4 251 252.4 253.1 254.6 255.6 256.3 256.7 257 260.3 260.2 259.5
265.5 265.2 264.7 264 263.2 262.3 261 258 259.2 262.2 264.1 266.3 266 266.8 267.2 267.2 267 265.8 264.7 263.3 262.4 262.3 260.1 259.1 258 256.9 255.6 254.4 253.3 252.1 250.6 252.4 255 257.2 258.8 260.2 260.8 261.4 262 262.1 262.1 262.4 262.1 261.5 260.8 259.8 258.7 257.6 256.4 255.8 254.8 253.8 252.8 251.6 250.2 247.9 247.1 247.1 246.9 247.3 247.3 246.9 247.3 247.7 247.5 240.4 242.6 248.8 250.4 250.3 251.5 252.2 253.2 253.8 254 255.2 256.6 256.1
264.7 264.4 264 263.9 263.4 262.3 260.9 254.9 260.7 261.9 263.2 264.1 265.9 265.4 265.1 265.3 265.2 264.1 262.8 261.8 260.1 258.9 257.7 256.7 255.6 254.3 253 251.9 250.8 250.3 249.1 253.1 255.1 257.1 258.5 259.8 260.8 261.5 262.2 262.2 262.1 262.1 262.1 261.7 260.8 259.5 258.2 256.3 255.2 254.6 253.7 253.1 252.5 251.6 250.8 249 247.5 246.2 245.8 244.7 244.8 244.5 244.4 241.4 239.9 236 238.7 243.7 247.8 248.3 249.9 251.1 251.8 252.1 252.7 252.8 253.8 253.3
263.5 263.4 263.4 263.4 262.9 261.6 260.8 257.5 258.7 259.9 261.3 262.7 263.6 262.3 261.7 262.1 261.9 261.3 260.2 258.9 257.5 256.3 255.4 254.3 253 251.7 250.4 249.8 249.3 249.3 248.5 252.5 254.8 256.9 258.5 259.7 260.4 261.8 262.1 262.6 262.1 262.1 261.8 261 259.9 259 257.2 255.3 254.4 253.6 253 252.6 252.2 251.3 250.5 250.2 249.1 247.9 246.9 245.6 244.5 243.8 242.3 241.5 240.4 236.5 233.4 234.6 241.2 246.4 248.3 250.7 251.4 251.4 251.7 252 251.7 250.8
261.4 262.4 262.3 261.6 260.5 260 259.5 258 254.2 258.5 260.1 262.2 263.7 263.2 260.8 259.2 258.9 258.2 257.4 257 256.4 254.6 253.4 252 251 250.2 249.1 248.6 247.9 249.1 250.7 253.2 255.5 257.8 259.1 259.9 260.8 262.1 263 262.4 262.1 261.8 261.1 260.1 258.2 257.2 255.6 254.2 253.8 253.4 252.5 252 251.7 251 250.8 250.6 249.8 248.7 247.7 246.7 245.9 245 244.2 244.3 244.6 245.2 236.8 232.2 231.8 236.1 246.5 249.5 250.2 250.7 251.1 251.6 251.4 250.7
260.8 261.3 261.1 260.5 259.5 258.2 256.2 255.9 248.2 253.5 259 261.7 263.3 262.7 258.7 255.7 256.2 255.3 255 255.2 254 252.8 251.6 250.9 250.6 250 248.2 247.3 246.4 251 254.3 256.4 258.2 258.8 260.2 260.9 260.1 260.3 261 260.5 260.5 260.1 259.6 258.2 256 254.5 253.2 252.2 252.3 252.2 251.6 251.1 251 251.2 251 250.8 250.2 249.1 248.2 247.5 246.7 245.9 245.1 246.3 247.1 247.2 246 245 237 230.3 241.4 247.6 248.2 249.1 250.6 251.2 251.2 250.7
261.1 260.2 260.3 259.5 258.3 258.1 257 256.5 256.6 248.8 257.4 260.3 262.5 260.1 255.8 253.9 253.8 253.3 253.1 252.9 251.1 250.3 250.2 250.2 250 249.2 248.5 246.8 245.1 246 248.9 250.6 252.8 253.5 254.7 254.8 254.9 253.9 254.1 253.6 253.9 254.2 254.2 253.9 253.1 252.2 250.6 249.7 249.9 250.1 250.4 250.3 250.1 250.7 251.1 251 250.6 249.6 249.1 248.3 247.4 246.5 245.8 245.4 245.3 243.5 244.1 243.7 235.2 228.7 242.2 244.9 245.7 247.8 249.9 251.2 251.7 251.3
264.5 263.4 263.3 261.4 260.4 260.7 261.5 260.9 259.5 253.9 245.4 255.5 255.1 252.8 252.4 251.3 251.4 250.9 250.7 249.9 248.9 248.5 249.3 249.8 249.3 248.9 248.2 247.2 244.7 244.8 246.4 247.4 248.7 248.9 248.9 249.2 249 248.5 248.2 246.3 247.7 248.4 248.9 250.5 251 250.7 248.9 247.8 247.9 248.3 248.7 249.3 249 249.6 250.5 250.6 250 249.2 249.3 249.2 247.9 246.6 245 244 244.3 243.6 242.6 239.4 227.3 235.6 241.3 243.8 247.5 251.3 254.3 255.8 255.5 256.4
264.7 264 263 261.8 261.2 260.5 259.3 258.1 256 251.6 238.1 246.7 247.1 247.9 248.4 247.1 247.8 247.5 246.7 246.2 246 246.5 247.9 248.7 249.2 248.9 248.6 247.5 245.8 244.5 244.3 245 244.7 244 243.8 243.5 243.8 242.5 243.5 242.9 244.3 245.3 246.2 247.8 249.2 249.1 248.2 246.2 246.2 245.2 245.4 246.7 246.3 246.8 247 247.2 247.5 247.3 246.9 246.8 245.8 245.2 243.4 242.6 242.5 242.7 242 238.8 226.5 239.8 244.5 246.8 250.4 253.9 254.4 256.2 257.3 257.2
259.9 259.2 257.6 257.1 257.5 257.6 255.4 252.6 250.9 246.3 236.5 238.8 240 240.6 242 240.7 240.2 239.9 239.7 241 241.9 242.8 245.5 247.5 248.1 248.1 247.6 247.1 246 245.1 243.9 243.4 242.2 241.4 240.6 240.1 240.7 241.6 242 241.4 241.5 242.1 243.4 245.4 247.8 248.2 246.2 245.5 243.2 240.8 239.1 239.7 240.3 240.5 240.8 241.1 242.1 241.8 242.3 241 241.3 240.4 239.7 239.3 239.7 239.7 240.5 240.8 236.7 231.7 243.7 246.3 247.2 247.6 246.2 247.3 249.5 253.3
253.8 251.9 248.9 247.2 247.6 250 250.1 247 244.2 239.4 232.6 234.1 234.5 235 235.6 235.4 234.5 233.8 235 236.4 237.4 238.1 237.9 240.8 243.3 244.4 246.3 246 245.3 245 244 242.9 241.8 240.5 239.2 238.2 240.1 240.9 240.3 240 239.8 238.9 240.8 242.7 244.9 245.9 245.3 244.4 242.8 238.5 235.3 235.9 235.2 235.9 236.4 236.4 236.4 236.3 237.1 237.2 237.7 238.8 238.2 238.3 237.9 237.7 237.4 236.6 232.6 227.2 236.6 238.3 239.7 240.5 240.4 239.9 240.8 244.4
