ny/ny67_OST50GRID_20230518/NY67.asc
ncols 200
nrows 200
xllcorner 360000
yllcorner 570000
cellsize 50
[rows 70 to 104 of 200, columns 0 to 77 of 200]
382.8 381.5 380.2 378.2 376.1 374.4 372.7 371.1 369.7 368.5 366.7 364.8 363.5 362.4 361.8 361.2 360.4 359.4 358.2 356.9 356.2 354.3 351.7 349.4 346.5 344.5 341.2 337.6 334.4 331.8 330.3 328.9 327.4 325.5 324.4 323.2 321.8 320.6 318.5 316.4 314.7 313.8 312.8 312 310.4 308.9 306 302.6 300.3 296.8 293.3 293.2 289.4 286.1 284.5 284.3 283.7 281.4 279.9 278 276.9 276.4 275.1 274.3 273.3 272.6 272.7 273.6 274.6 274.8 275.3 276.3 276.2 276.2 276.2 275.9 275.5 275.1
380.3 379 377.8 376 374.1 372.2 370.6 368.9 367.2 366.6 365.6 364 362.4 361.3 359.6 358.9 357.8 356.5 355.1 353.7 352 350.6 348.2 346.6 345.5 343 340.1 337.8 334.1 331 329.3 328.2 327 325.9 324.7 323.5 322.2 320.6 318.3 316.7 315.1 313.6 312.6 311.7 310.2 308.8 306.8 303.9 301.3 298.8 297.6 296.5 293.4 290.8 288.1 287.9 286.2 284 281.4 279.6 277.9 277.4 275.9 274.6 273.6 273.3 272.3 275.6 276.2 276.7 276.8 276.8 276.7 276.6 276.4 276.2 275.7 275.3
378.4 376.8 375.5 373.7 371.8 370.2 368.6 367.2 366.2 365.7 365.2 363.8 362.2 360 357.5 356.5 355.2 354 352.1 350.3 348.3 347.3 346.2 344.2 343.8 343.2 340.4 334.7 332.3 329.2 328.1 327 325.6 324.6 323.5 322.1 321.1 319.3 317.4 316.2 315.2 313.8 312.4 311.3 309.9 308.5 307.2 304.9 301.7 300.2 299.4 297.8 295.4 293.3 291 289.3 287.4 285.4 283.4 281.3 279.8 278.2 276.7 275.2 274.6 274 275.1 276.3 277 277.2 277.2 277.2 277.1 276.9 276.7 276.4 275.9 275.5
376.6 375.2 373.5 371.8 370.1 368.5 367.1 365.9 365.1 364.5 363.7 363.2 361.5 358.5 355.9 353.6 352.2 351.9 350.7 350.1 348.3 346.4 341.9 339.8 339.2 337.9 338.2 332.9 330.6 327.9 326.7 325.5 324.1 323.5 322.2 320.8 319.7 318.4 316.3 315.4 314.7 313.4 312.2 311.1 309.7 308.4 306.7 304 302.2 300.5 299.8 299.2 297.6 295.5 293.3 291.3 289.1 286.9 284.5 282.3 280.6 278.9 277.4 275.5 274.5 275 276.1 276.9 277.3 277.6 277.6 277.6 277.4 277.1 276.9 276.5 276 275.5
374.9 373.5 371.7 370 368.4 366.9 365.5 364.4 363.3 362.5 361.7 360.5 358.8 356.4 353.5 351 349.5 349.3 350 351.9 352.1 350.1 347 343.9 341.6 338.2 335.6 332.4 329.7 327.3 325.4 324.1 323.3 322.2 320.9 319.6 318.2 316.7 315.3 314.5 313.8 312.9 312.3 311 309.6 308 305.8 304.2 302.8 301.1 300.8 300.1 299 297.1 295 292.7 289.8 287.3 284.8 282.9 281.3 279.6 277.8 275.8 274.9 275.8 276.7 277.6 277.9 278 277.6 277.7 277.5 277.2 276.9 276.5 276 275.5
373.5 372 370.2 368.6 366.9 365.3 363.8 362.4 361.2 360.5 359.5 358.2 356.2 354 351.7 350 345.2 347.5 350.7 353.1 355.4 355.3 354 350.9 347 340.6 335.1 331.3 328.2 326 324.2 322.8 321.5 320 318.8 318 316.8 315.1 313.8 313 312.8 312.7 312.4 310.9 309 307 305.4 304.2 303.3 302 301.7 300.7 299.6 298 295.9 293.9 291.3 288.6 286.3 284.2 282.3 280.8 278.6 276.1 275.5 276.5 277.4 278.3 278.8 278.5 278 277.4 277.3 277.2 276.9 276.5 276 275.5
372.5 371.4 369.2 367.5 365.9 364.2 362.5 360.7 359.5 358.3 356.7 355.4 354.2 352.7 351.2 349.9 343.2 340.2 347 352.2 355.3 355 353.9 348.6 344.2 339.1 334 330.4 327.1 325.4 322 320.4 319.1 317.6 316.5 315.4 316.1 313.5 312 311.8 311.6 311.4 311.2 310 307.1 304.5 304.2 303.8 302.7 302.8 302.2 301.3 300.2 298.9 296.7 295.1 293.4 290.7 288.3 286 283.7 282.2 279 277.2 276.3 278.1 280.1 281.8 279.8 279.2 278.5 277.8 277.3 277.3 277 276.4 276 275.5
371.7 370.6 368.2 366.5 364.9 363.4 361.6 359.5 357.5 355.9 354.5 352.9 350.8 349.3 346.4 342.9 337.1 334 340.3 343.1 346.8 347.8 347.5 344.3 340 336.3 333.9 330.3 326.4 323.6 320.4 316.7 315.2 314.2 313.3 312.5 314.4 312.1 307.9 308.2 308.2 307.5 306.8 306 303.5 301.5 301.8 301 302 303.1 302.7 302 301 299.8 298.2 297 295.7 293.4 290.7 288.5 286.1 282.4 281.1 280.3 277.7 282.1 284.6 283.6 280.9 280.1 279.3 278.6 278 277.9 277.3 276.7 276.1 275.5
369.9 368.5 367.1 365.3 363.8 362.4 360.5 358 355.7 353.6 352.2 349.6 346.9 344.1 341.2 338.4 333.1 327.3 329.9 331.2 336.6 340.7 342.2 338.6 335.5 331.6 330.9 329.3 326.2 322.2 317.9 314.3 311.7 310.6 309.7 309.7 312.3 311.1 306.9 305.6 304.6 303.3 302.5 301.6 299.1 297.2 296.8 297.6 298.7 299.8 301.1 300.7 303 301.3 300.4 299.3 296.7 293.5 293.2 291 288.7 284.2 282.6 280.4 278.6 286.4 284.2 283.5 281.8 281 280.2 279.5 278.8 278.2 277.7 277.4 277.1 276.8
367.7 365.9 364.9 363 361.9 360.9 359.1 357 354.5 351.9 348.9 346.2 342.9 339.6 335.9 332.7 330.5 328.6 326.2 321.5 324 326.3 328.9 327.8 323.2 322.4 321.5 321.7 322 316.4 313.3 310.8 308.3 306.4 303.6 304.3 306.2 304.4 302.7 302 300.8 299.7 298.3 297.5 296 297.3 294.9 294.8 294.6 293.3 293.8 295.3 296.4 300.4 300.6 299.5 290.6 284.7 286.5 283.3 285 281.3 280.7 278.9 281.3 283.3 283.8 283.5 282.8 282 281.2 280.4 280.1 279.7 279.4 279 278.6 278.3
363.8 363 361.7 360.3 358.8 357 356.1 354.6 352.7 349.6 346.6 343 338.8 335.7 336.9 338.4 340.4 341.9 340.2 333.7 325.3 318.9 316.2 315.2 313.5 312.9 313.2 312.5 313 311.5 308.5 306.7 307.4 308.7 309.3 306.5 303 305.2 300.7 299.2 300.7 300.1 302.7 303.2 304.7 304.5 300.6 295.4 290.9 293.5 292.2 289.2 289.8 289.6 289.8 291.1 284.7 286 286.3 286.1 285.8 286 282.9 284 284.1 285.4 284.4 283.9 283.3 282 283.2 283.2 282.7 282 282.1 280.9 280.2 279.9
358.5 357.9 357.2 355.9 354.4 352.6 351.9 350.9 348.9 346.4 343.1 342.2 344.6 347.3 349.5 350.5 353 354.2 351.3 346.1 338.1 331.9 325.7 323 321.5 320.3 317.5 315.5 308.2 309.4 310.4 313 316.5 317.2 318.1 316.9 315.8 315.3 313.6 312.6 311.5 313 313.3 316.4 315.2 313.8 309.5 306 304.4 304.8 303.3 301 299.1 297.6 294.4 292.4 294.4 289 291.1 291.8 294.5 294.9 292.9 292.2 292 291.6 289.7 288.9 288.3 286.7 286.4 286.5 286.9 285.7 284.7 283.7 283.4 282.7
355.3 356.8 356.7 355.1 354.4 352.1 350.4 349.3 346.8 348.3 351.3 355.2 356.6 358.1 358.9 360.6 359.5 355.5 352 348.1 341.4 336.7 332.5 330.5 329.4 329.5 328.2 326.8 324.4 324.2 325.2 326.3 326.9 327.8 326.8 324.5 323.7 323 323.3 323.3 323.4 323.8 322.9 323.7 323.3 323 321 320.2 317.1 318.6 314.4 311 309.1 307.3 306.5 305.2 299.5 292.4 295.7 298.8 302.4 302.5 301.2 299.5 298.8 298.2 297.5 296.5 295.2 293.4 293.4 292.7 292 290.7 289.7 290.1 290.1 288.7
354.9 356.3 356.6 356 355.4 355 354.8 352.8 351.3 356.4 359 361.8 363.5 364.3 363.5 361.7 358.4 355.3 351.8 347.1 343 339.1 335.3 335.4 335.6 337.2 337.5 336.6 335 335.1 332.9 332.5 333.3 333.3 333 331.3 328.4 327.2 328 328.8 329.1 328.9 329 328.6 327.5 326.7 326.6 326.1 325.5 324.5 322.6 319.5 317.9 315.3 312.4 306.7 294.9 301.4 305.6 308.7 309.6 309.4 308.1 306.4 306.3 305.8 305.1 303.6 301.6 300.6 300.4 300 298.8 297.8 299 299.1 297.7 296
355.2 356.9 357.5 357.1 356.4 355.9 355.6 354.6 354.7 357 359 359.9 360.4 360.4 359.2 356.7 354.6 352 349.3 345.8 342.5 338.8 338.9 341.2 344.1 347.3 346.3 344.4 343.2 341 338.1 336 335.7 335.1 334.1 333 330.6 329.7 330.1 330.8 331.1 331.1 331.1 331.1 330 329.6 329.3 328.6 326.9 325.6 323.5 320.6 319.7 315 302.2 300 303.5 311.2 313 314.8 314.7 314.8 314.1 312.9 313.3 312.9 311.9 309.9 308.1 306.8 306.7 306.9 307.2 307.4 307.3 305.8 304.3 302
355.6 357.4 358.4 358 357.4 356.8 356.3 356.7 357.1 358 359.4 359.8 360.1 360 358.9 356.6 353.9 351.2 348 345.1 342.7 342.2 343.5 345.7 348.9 349.5 348 346.3 344.1 342 339.9 338.3 337.1 336 335 334 333.1 332.3 332.9 334.9 335.7 335 334.4 333.4 332.2 330.8 329.6 327.8 325.2 322.9 319.7 315.1 310.1 303.5 302.4 313.3 315.2 317.6 318.1 318.8 319 319 318.8 318.8 319.3 318.6 317.8 316.1 314.5 313.2 313.8 314.4 315 314.4 312.9 311.5 310.6 308.6
356.3 358.3 358.8 358.3 358 357.4 357.3 357.5 358 358.9 359.6 360.1 360.1 360 358.6 356.9 354.8 352.4 350.2 347.5 346.5 348.2 349.8 350.3 349.8 349.1 347.3 345.3 343.6 341.7 340.5 338.9 337.5 336.6 335.6 334.6 333.8 332.9 333.3 336.1 337.6 337.5 336.9 335.1 332.5 329.4 326.4 324.1 320.6 317 313.1 307.7 312.1 315 318.4 322 322.4 322.9 322.3 323 323.3 323.2 323.6 323.1 323.2 322.5 322 321.5 320.7 319.8 320.7 321.5 320.6 319.5 317.6 316.3 316 315.2
358.2 358.8 358.7 358.3 358.1 357.9 357.7 358.2 358.7 359.4 359.9 360.3 360.2 360.4 359.2 357.5 355.7 353.6 351.5 349.5 350.3 351.8 353.2 352.4 350.9 348.1 345.6 344.3 343 341.8 340.7 339.4 338 337 336 334.8 333.1 331.7 333 336.9 339.3 338.6 336.7 334 330.1 325.6 322.6 319.7 315 309.1 310.8 317.6 322.9 326.3 327.9 328.4 328.1 328.4 328.8 328.7 328.3 328.9 328.5 328 326.6 325.6 325.2 325 325.1 325.6 325.8 325.2 323.8 322.3 320.8 320.2 319.6 318.8
358.7 358.9 358.7 358.4 358.1 357.8 357.7 358.5 359.4 359.8 360.2 360.5 361 360.6 359.8 358.3 356.6 354.8 353.5 352.2 352.5 352.9 352.6 350.7 348 346.1 345.2 344.1 343.1 342 340.9 339.6 338.3 336.9 335.6 334.1 332.5 330.7 329.6 330.7 333.4 334.1 333.2 329.3 325.4 321.9 318.2 313.7 311 314.9 320.5 326 331.1 332.6 332.8 332.7 332.5 332.4 332.3 332.1 332.2 332.1 331.6 330.7 330.3 329.3 328.9 328.6 328.7 328.3 327.6 325.9 324.2 322.7 321.4 320.3 319.7 318.9
358.7 358.4 358.1 357.6 357.5 357.4 357.5 357.9 358.8 359.8 361.3 361.7 361.6 361.3 360.7 360.3 358.6 356.8 355.1 354.3 353.7 352.8 351.9 349.7 346.9 346 345.1 344 342.8 341.8 340.9 339.7 338.1 336.4 335 333.1 331.4 329.9 328.3 326.6 326.4 327.3 326.4 322.8 318.3 316 313.6 312 315.4 322.7 328.2 334.1 338.5 338.5 337.1 336.1 335.5 334.7 333.9 333.7 333.2 332.5 331.5 330.7 330.2 329.3 328.3 327.9 327.1 325.4 323.9 321.9 320.7 319.8 319 318.4 317.6 316.8
358.3 357.6 357 356.5 356.1 355.9 356.5 357.1 357.6 358.9 360.3 360.2 360.3 360.5 360.6 360.6 359.3 357.7 356 354.8 353.6 352.4 350.5 348.4 346.1 345.6 344.7 343.7 342.4 341.4 340.4 339.2 337.6 336 334 331.3 329.1 327.9 326.5 324.2 323.3 321.2 320.7 317.6 320.4 320.1 320.9 321.9 320 328.6 334.5 338.6 340 340.1 339 336.8 335.3 333.7 332.9 332.4 331.6 330.5 328.7 328.2 327.6 326.5 324.7 323.8 321.8 319.8 318.6 318 317.5 316.6 316 315.4 315.3 314.3
356.9 356.2 355.8 355.3 354.8 354.5 355 355.4 356.6 358 358.1 357.8 358 357.9 357.9 357.7 356.4 355.8 354.7 354.4 352.6 350.8 348.9 346.7 344.9 344.8 343.3 341.2 340 339.3 338.4 337.4 335.9 334.2 332.2 328.8 326.6 325.3 325.4 324 323.9 323 322 322.9 324.6 325.1 326.2 326.9 327.4 328.2 332.4 334.9 335.2 335.5 334.7 333.1 331.4 330.1 329 328.1 326.9 326.2 325.1 324.4 323.6 322.7 321.6 321 320.4 319.8 319.1 319 318.2 316.8 316 315.3 314.9 314
355.3 354.8 354.4 354 353.5 353.4 354 354.3 355.2 355.9 355.6 355.2 355.4 355.2 355 354.8 354.1 353.4 353.2 352.2 350.8 349.1 346.9 344.8 343.2 341.7 339.6 337.5 336.1 336.1 335.7 334.9 333.7 332 329.6 327.1 325.9 324.6 324.1 324.3 325 326.3 327.5 327.8 329.2 330.1 330.3 330.8 331.3 331 333.5 335.1 335.8 335.1 333.7 332.4 330.6 329.4 328.6 327.7 326.8 325.9 325 324.7 324.8 324.7 324.8 324.8 324.5 323.6 322.4 321.3 320.5 319 317 316.4 316.1 315.6
354.2 353.6 353.2 352.6 352.4 352.8 353.1 353.3 353.3 353.2 353.1 352.8 352.7 352.3 351.7 351.2 350.9 350.7 350.2 348.8 347.4 346.1 344.3 341.9 339.9 338.1 336.4 334.8 334.1 334.7 335.1 334.2 333.4 331.6 329.1 326 325.6 325.4 327.3 328.6 330.1 331 332.5 333.4 334.6 334.8 334.2 334.6 333.9 333.8 334.9 335.7 336 334.8 333.8 332.5 331.3 330.8 330.6 329.9 328.5 328.3 328 327.7 327.4 327.1 327.2 327 326.8 324.7 323.2 321.5 320.2 319.1 318 317.3 316.7 316.2
353.5 352.2 351.3 350.6 350.4 350.2 350.7 350.8 350.3 350.2 349.8 349.5 349.2 348.5 347.9 347.5 346.9 345.7 343.8 342.6 341.4 340.7 339.2 338 336.4 335 334.4 333.1 332 332.9 333.1 332.9 332.4 331.6 330 326.7 327.1 328.9 331.8 334 334.8 335.9 335.8 335.9 335.2 334.9 334.9 335.4 338.3 340.4 341.8 342.4 340.1 337.6 334.9 333.3 332.1 332.2 331.6 331.1 330.3 329.5 328.8 328.4 327.8 327.6 327.1 326.9 326.4 324.9 323.1 321.4 320.3 319.2 318.2 317.2 316.6 315.7
351.6 350.3 349.6 348.7 347.4 346.3 345.9 346 346.2 346.3 346 346 345.6 345.1 344.3 343.5 342.8 341.3 341.1 339.8 338.4 337.5 336.6 335.7 334.7 333.8 333 331.8 330.7 329.6 328.6 327.8 327.7 327.6 328.7 330.2 331 332.7 335 337.9 337.8 337.1 336.2 335.5 334.8 334.5 334.6 336.3 338.1 340.1 340 341.7 341.1 338.2 336.7 334.7 333.2 332.7 332.1 331.3 330.6 329.3 328.4 327.4 326.5 325.6 325.5 325.6 324.8 323.6 322.1 321.2 320.3 319.4 318.3 317.4 316.4 315.5
349.1 348.5 347.8 346.5 344.8 343.8 343.9 344.5 345 344.9 344.8 344.5 343.7 343.1 343.4 343.4 343.5 343 342.3 341.3 340.2 339.5 338.2 337.2 336.2 335.2 334.8 333.9 333.7 333.4 332.5 332.2 332.1 332.8 334.1 333.7 334.1 335.4 336.7 337.7 337.9 337.1 336 335.2 334.3 334.2 334.2 334.7 336.1 336.3 334.4 333.9 334.3 334.1 334.5 334.7 333.7 333 332.2 331.3 330 329.4 328 326.1 324.5 323.6 323 322.5 322.1 321.6 321.1 320.7 320.3 319.4 318.5 317.5 316.5 315.3
347.6 347.1 346.3 344.9 343.9 342.5 342.6 343.5 344.4 344.8 345 344.4 344.5 344.2 344.6 345.5 345.5 344.8 344.1 342.4 340.8 339.9 339.3 338.3 337.6 337 336.6 336.2 336.2 336.4 336.6 336.6 336.4 337.4 337.1 336.5 336.7 337.9 338.4 338.4 337.9 336.5 335.6 334.6 333.8 333.3 332.8 332.9 333.6 333.8 332.7 332.4 332.4 333 333.4 333.6 333.7 332.9 332 330.8 329.4 328.3 326.8 324.4 322.7 321.6 321.2 321.3 321.4 321.5 321.5 321.1 321 320.6 319.9 318.9 317.8 316.1
346.7 346.3 345.3 344.4 343.4 341.9 340.7 342.5 344.1 344.5 345 345.7 346 347.4 348.1 347.5 346.3 345.4 343.5 342.2 341.1 340.1 339.9 339.3 339 338.4 338 338.3 338.6 339 339.7 340.1 339.5 339.7 339.8 339.4 339.3 339.8 339.6 339.2 337.8 336.1 334.9 334 332.9 332.1 331.5 331 331.5 331.7 330.8 330.7 330.7 331.5 333.1 333.4 333.4 332.8 332 330.4 328.8 326.9 325 322.6 320.3 319.5 319.5 321 321.6 322.6 324.6 326.9 326.5 326.6 324.9 322.9 320.9 319
345.8 344.9 344.5 344.1 342.8 341.1 339.9 342.1 343.7 344.5 345.5 346.6 349.1 350.1 349.9 348.6 346.5 345.2 343.1 341.9 341 340.2 340 339.9 340.1 339.8 340.1 340.4 340.7 341 341.5 342 340.7 341.4 341.4 340.7 341.1 339.9 339.8 339.1 338.1 336.2 334.5 333 331.9 330.8 330.1 329.5 329.2 329.4 329 328.8 328.7 328.6 330.1 332 331.9 330.6 329.7 328.1 325.7 323.2 320.1 318.4 317.1 317.1 318.8 322.3 327.2 331.1 333.5 334.1 333.3 331.2 328.7 326.3 324.1 321.7
344.8 344.3 343.4 342.8 341.7 340.2 339 341.5 343.2 344.5 346.1 348.6 351 352.1 351.4 349.4 347 344.6 342.8 341.9 340.9 340.3 340.2 340.3 340.3 340.1 340.1 340.2 340.7 341.2 341.4 341.3 341 340.3 339.7 339.1 338.5 338 337.6 336.8 335.8 334.6 332.5 331.1 329.1 328.8 328.7 328.1 327.5 327.4 326.6 326.1 326 325.8 326.8 328.5 328 325.4 323.6 322.1 319.5 318.2 317 315.7 314.7 314.8 320.9 327.1 333.6 338.2 339.9 339.2 337.2 334.4 331.6 328.8 326 323.2
343.8 343.6 342.8 341.7 340.1 338.4 339.1 341.7 343.4 345.1 347.8 350.5 351.9 351.6 350.4 348.4 346 343.3 342.5 341.7 340.8 340.4 340.4 340.4 340.4 340 339.7 339.9 340.7 341.2 341.4 341 339.5 338.5 337.1 336.5 335.7 334.9 334.5 334 333.3 331.9 329.3 325.7 325.8 326.6 326.5 326 325.9 325.5 324.2 322.5 323.2 323.5 323.1 324 322.9 320.1 318.8 318.8 318.6 317.5 316.6 314.9 313.7 314.4 321.4 326.1 332.9 338.9 340.5 340 337.9 336.5 333.7 330.5 327.5 324.7
342.8 342.8 342.1 339.6 337.7 337.4 340.2 342.2 343.8 345 347.3 349.1 349.5 349.3 348.1 346 344.4 342.7 342.1 341.5 340.8 340.6 340.5 340.6 340.3 339.7 339.1 339.1 340.4 341 341.3 340.6 338.5 336.6 333.9 332.8 332 331.3 331.6 330.9 330.6 329.5 327.8 326.4 325.5 324.1 324 323.5 323.6 323 320.9 319 319.4 320.7 320.5 319.6 317.9 317 317.2 317.5 318 318 316.9 314.9 312.7 310.3 316.5 320.2 325.8 333.4 335.7 335.1 334.4 332.8 330.3 329.6 327.1 324.8
341.3 341.3 340.9 339.2 337.1 336.8 340.1 341.2 341.6 343 344.6 346 346.6 346.4 344.8 343.5 343.1 342.3 341.7 341.1 341.6 341.7 340.6 340.2 339.5 338.8 337.4 336.2 336.1 335.8 335.5 335.3 334.9 332.2 329.9 328.2 328.3 327.2 328.3 328.7 328.3 328.7 327.8 327.1 326.6 325.3 323.7 321.6 321.4 320.5 319.5 319.1 317.2 313.7 315.7 314.7 314.8 315.7 317 317.6 318.1 317.7 316.8 315.2 312 308.7 311.8 315 319.2 325.9 329.1 328.5 326.5 324.2 322.6 322.1 321.1 319.3
339.2 339.2 338.8 338.2 337.4 334 338.5 339.2 340.2 340.6 342.8 343.6 344.1 344.2 343.2 342.6 341.8 341.3 340.9 341.3 341.6 342.3 341.3 338.1 336.4 335 333.5 332.3 331.1 330.4 329.6 329 328.2 326.6 325.1 324.4 324.9 324.1 326.2 327.7 328.2 328.2 327.6 327.2 326.9 326.5 327.4 327.4 326.1 324 322.2 319.9 317.9 312.3 312.3 314.2 317 318.4 319.3 318.9 318.1 317 314.6 312.9 310.2 307.7 307.3 309.9 314.5 321.1 323.4 322.5 320.6 318.2 316.3 314.1 313.4 311.7
