ny/ny67_OST50GRID_20230518/NY67.asc
ncols 200
nrows 200
xllcorner 360000
yllcorner 570000
cellsize 50
[rows 35 to 69 of 200, columns 78 to 155 of 200]
303.7 310 315.1 319.2 323.2 326.6 327.7 327.5 328.1 329 329.9 330.5 330.4 330.3 330.7 330.3 330 328.2 323.7 318.6 312.4 319.2 322.1 323.7 324.7 325.8 327.2 331.5 336.8 342.5 345.2 346.6 347.4 347.2 346.6 346 345.8 345.3 344.1 341.7 339 336.3 333.6 331.5 330.1 328.7 327.4 325 322.4 318.8 314.1 310.3 307.7 305.5 303.4 303.3 304.2 303.2 301.4 299 296.7 295 292.9 291.8 291.5 291.4 291 291.4 292.1 292 292.6 293.7 293.5 293.5 293.6 292.7 291.4 290
300.6 304.1 308.4 311.9 315.5 318.6 320.3 320.9 321.6 321.6 323.7 323.9 326.3 325.6 327.1 328.2 327.6 327.7 324 319.8 315.6 311.2 317.9 320.2 320.9 321.2 323.6 329.1 334.7 340.5 343.7 345.8 346.6 346.4 345.2 343.9 343.8 344.6 344.7 342.5 339.9 337 334.2 332.3 331.1 329.8 328.4 326.2 323.5 319.4 315.3 312.2 308.7 306.6 305.1 304.6 304.4 302.7 301.2 298.8 297.5 295.8 294.1 293.4 293.1 293 292.8 293.2 293.9 293.9 294 293.9 293.8 293.1 292.1 291.4 290.7 289.5
298.3 300.7 302.2 304.8 307.3 309.5 311.1 312.7 314.4 313.8 314.1 316.2 319.2 320.7 322.4 323.4 324.1 324.5 322.7 321.5 320 311.7 307.2 315.6 317 315.9 320.7 327 332 337.7 341.6 343.7 345 345.1 344.6 342.4 340.4 342.3 343.8 342.1 339.6 336.7 334.2 332.8 331.8 330.8 328.7 326.4 323.6 320.1 316.1 312.9 310 308.5 306.5 305.3 304.2 303.1 301.3 300.2 298.5 296.8 295.3 295.3 295 294.7 294.5 294.5 294.2 293.4 292.9 292.5 292.1 291.5 290.7 290 289.3 288.4
296 298.7 300.5 300.7 301.2 302.4 303.4 305.3 305.7 306.3 307.6 306.3 309.7 314 317.7 318 319.6 321.1 321.1 319.8 318.6 317.5 310.7 304.8 310 309.9 320 323.6 327.6 332.5 336.9 339.6 340.9 341.7 341.3 339.4 336.2 339.9 343.8 341.3 338.5 336.1 333.9 332.5 331.4 330.5 328.8 326.3 323.2 320 317 314.1 312.3 310.8 309.4 307.9 306.6 304.5 302.3 300.7 299.4 297.9 296.4 296.9 296 295.1 294 292.8 292.6 291.8 291.3 290.7 290.3 289.7 289.1 288.8 288.2 286.8
292 296.3 298.9 298.6 296.8 299.1 301.8 304.9 305.3 305.3 302.9 299.2 302.6 307 310 312 313.8 316 317.6 317.6 316.8 315.6 313.5 310.9 301.4 304.7 313.1 319.6 321.7 325.4 329 332.2 334.3 336.1 336.2 333.9 332.3 338.3 341 340.6 338 335.5 333.3 331.1 330.1 329.2 328 326 322.8 319.9 317.1 318 319.7 320 317.7 313.7 309.5 306.2 303.4 301.3 299.5 298.4 297.2 295.9 294.8 293.5 292.8 291.9 290.7 290.2 289.7 289.1 288.5 288.1 287.5 287.3 287 286.9
286.3 292.3 296.5 298.4 296.9 299.1 303.7 307.2 307.7 307.6 304.1 300.4 296.2 299.8 304.3 307.9 310 312.1 314.2 315 315.4 313.9 311.6 308.5 302.6 298.8 305.4 315.2 316.3 318.8 322.3 324.2 326.5 328 330.2 329 330.2 336.2 341.6 339 337 333.8 331.2 328.9 328.4 327.6 326.4 324.6 322.7 321 322.4 324.8 324.4 321.7 317.2 312.7 308.7 305.2 302.5 300.2 297.4 295.9 294.5 293.3 292.1 290.9 290.2 289.5 288.8 288.5 287.8 287.1 287 286.5 286.7 286.7 286.9 287.3
282 288.1 292.9 295.1 298.1 299.5 304.6 308.7 308.8 308.7 305 300.8 296.7 294.7 298.7 302.6 305.4 307.4 310.6 312.4 313.5 313.1 310.6 307.9 304.5 300.1 296.8 304.9 311.5 312.8 315.5 317.4 318.5 321.3 324.6 324.1 325.1 331.8 334 338.2 334.9 330.4 327.7 325.4 324.2 325.1 325.7 324 322.8 323.6 324.9 324.5 322.3 319.4 314.9 310.2 306.1 302.7 299.9 297.5 295.3 293.4 291.7 290.6 289.3 288.2 287.7 287.1 286.8 286.8 286.2 285.7 285.6 285.8 286.1 286.7 287 287.4
278.8 284.3 289.3 291.7 295.6 300.6 305.3 309.1 308.9 309.5 307.7 302.7 297.5 295.6 294.5 296.4 300 302.3 305.5 309.8 312.1 313.2 309.6 307 305.1 300.3 296 296.1 303.2 307.4 308.1 309.9 311.2 314.5 318.4 320.4 317.7 320.3 325.6 328.6 329.5 326.3 323.9 321.1 318.2 320.4 322.7 321.7 321 321.9 323.2 322.6 319.7 315.7 311.6 307.5 303.5 300.4 297 294.5 292.1 290.4 288.8 287.6 286.6 285.5 284.7 284.7 284.8 284.9 285.1 284.9 285 285.4 285.8 286.4 287.1 287.6
277.7 282.5 286.8 290.9 294.2 297.4 300.6 303.8 305.6 309.3 310.7 304.1 298.5 293.3 294.7 292.4 296.1 298.4 301.5 305.2 309.3 309.7 308.1 305.4 303.7 300.9 296 293 300.1 300 302.4 302.7 304.4 306.8 309.6 312.6 312.7 313.1 312.8 315.3 318.6 319.5 318.2 315.7 311.8 312.7 313.6 316.7 317.1 317.3 318.4 317.8 315.5 312.2 308.9 304.9 301.1 297.5 294.6 291.7 289.1 287.4 285.8 284.8 283.9 282.7 281.7 282.7 283.2 283.6 283.9 283.9 284.4 285 285.6 286.2 286.9 287.6
279.2 281.8 285.1 288.5 291.9 293.7 296.5 299.2 301.2 302.3 303.5 303 297.7 294.1 294.1 293.3 291.4 293.6 297.5 301.6 305.1 306.2 304.9 303.2 302.4 300.2 296.1 290 298.4 298.5 298 298.4 299.6 300.6 301.6 304.6 307.8 311.6 310.5 309.5 310 311.2 312 309.6 306.9 305.3 306.7 309.6 311.9 312.1 312.7 312.3 311.6 309.4 306.4 302.7 299 295.3 292.2 289.2 286.2 284 283.2 282.4 281.1 280 279.6 280.6 281.7 282.3 282.7 283.2 283.7 284.3 285.1 285.9 286.7 286.7
278.3 280.1 278 285.2 289.3 290.6 293.2 294.3 295.2 296.4 297.7 298 295.9 293.4 291.8 290.1 290.1 289.9 295.2 299.9 302.7 302.5 301.3 300.7 299.3 297.6 295.7 288.9 294.3 295.9 295.5 296.3 297 296.7 297.6 304.9 310.5 312.4 311.9 309.8 304.9 302.5 308.5 305.2 303.4 301.4 301 304.5 307.1 307.2 307.2 307.2 307.2 306 303.7 300.7 296.9 293 289.5 286.2 283.5 281.9 281.1 279.1 277.9 277.5 277.7 278.3 279.6 280.6 281.5 282.2 282.8 283.3 283.7 284.2 284.1 283.7
276.6 277.3 276.4 279 285.2 287.3 288.9 289.3 289.7 290.4 291.7 293 291.3 288.3 287.8 286.1 287.1 287.4 293.1 298.7 299.8 299.8 299.1 298.4 297 295.8 293.3 289.3 287.7 291.8 292.5 293.1 293.3 293 297.4 304.9 311.7 313.9 312.6 310.3 306.8 302.4 298.8 300 299 298.8 299.8 300.9 302.1 302.2 302.3 302.6 302.6 301.8 299.9 297 293.4 289.5 285.9 283.5 280.8 279.5 278.6 275.9 274.8 274.5 275 276 277.4 278.7 279.8 280.7 281 281 281.1 281.3 280.9 280.3
280.1 276.4 275.7 274.9 275.8 282.1 285.2 285.9 286.2 286.5 286.9 287.2 285.9 282.6 283.5 282.2 286.7 291.6 291.6 297 296.8 297.2 296.8 295.7 294.8 293.5 292 290.2 283.6 284.5 288.9 289.3 289.1 290.1 296.5 303.1 309.6 311.7 310.9 308.6 305.6 302.7 299.6 296.5 296 297.8 299.5 300.4 300.7 300.5 301.2 300.3 298.7 297.2 295.1 292.5 290.6 287.6 285 282.2 280.8 278.3 276.4 274.3 271.6 271.7 272.5 274 275.4 276.6 277.7 278.8 279 278.8 278.3 277.8 277.2 276.7
286 284.2 282.5 276.6 274 276.8 279.5 282.4 282.8 282.8 282.8 282.7 281 277.8 282.3 287.8 290.7 293.3 293 293.6 293.6 293 292.1 291 290 289.1 288.1 286.6 284.6 281.4 284.8 284.7 285.7 290.1 297.7 302.7 303.7 305.2 304.6 303.4 301.5 300.2 298.2 296.3 295.7 297.7 299.1 299.7 299.8 300.2 300.4 300 298.5 296.2 294.4 291.9 289.2 287.7 287.3 285.2 282.2 278.5 276.2 274.1 271.7 269.4 269.8 271.6 273.5 274.8 275.5 276.1 276 275.5 274.9 274.5 273.9 273.5
287.6 285.1 283.4 281.1 278 274.9 273.7 277.3 279.4 279.3 279.1 278.4 276.2 280.3 285.1 293.5 295.6 294.5 293.8 292.1 290.6 288.7 287.2 286.3 285.3 284.8 284.2 282.9 281 279.3 280.4 284 290.3 295.9 301.5 304.3 303.4 301.7 299.1 298.1 297.9 297.3 296.9 296 293.8 295.9 298.1 298.7 298.8 299.1 300.6 302.4 302.9 302.5 300.1 296.3 293 291.1 287.9 285.1 281.7 278.7 276.9 275.1 271.3 269 268.7 269.8 271.2 273 274.1 273.5 273.1 272.4 271.8 271.4 271.2 270.6
288 285.9 283.5 281.4 279.9 276.5 274.1 272.8 275.3 277 277 275.6 274.7 283.4 289.2 297.2 296.2 294.9 294.3 292.9 290.1 287 284.6 283.2 282.2 281 280.5 279.1 279.1 278 282.4 289 296.1 301.6 304 304.4 303.1 300.5 297.8 295.4 297 298.4 297.5 296.7 295.7 292 294.5 296.5 297 297.7 301.2 303.8 305.1 305.1 303.1 300 296.4 292.9 289.4 285.8 282.2 278.8 277 275.3 273.1 270.9 268.2 269.5 271.2 271.3 271.7 271.1 270.4 269.5 269 269.1 268.5 268.6
286.6 285.1 283.7 281.3 279.6 277.5 274.9 272.8 274.2 275.4 274.8 274.2 274.4 284.1 291.6 293.3 293.7 294.1 292.4 291.2 290.4 285.9 282.7 280.9 279.7 278.5 277.4 276.2 275.6 276.4 287.4 293.2 297.9 301 302.2 301.5 300 298.1 296.5 293.6 294.5 297 297.1 296.4 295.9 293.6 291.3 294.6 295.1 297.3 301.2 304.1 305.3 304.3 302.4 299.4 296 292.4 288.6 284.9 281.5 278.7 277.1 275.7 274.3 272.5 270.1 267.1 270 269.2 269 268.6 267.6 266.6 266.8 266.7 266.6 265.3
283.6 282.1 281.2 279.9 278.4 277.6 275.2 273.5 271.2 274 273.8 273.7 273.8 277.2 282 283.6 285.3 288.7 287.8 286 284 281.3 280 278.2 277 275.9 274.7 274.7 274.4 280.5 286 287.7 289.8 292.1 294.6 295.3 295.1 294.1 292.8 291.4 290 292.3 293.7 294.2 294.8 293.8 290 292.8 293.9 294 294.4 296.5 298.4 298.2 295.8 293.9 291 288.1 284.7 281.3 278.7 277.4 276.1 275.3 274.1 272.7 270.9 268 266.3 266.9 267.2 266.3 265.3 264.3 264.1 264.6 264.7 264.1
281.1 279.9 278.8 277.8 276.9 276.4 274.8 273.2 272.6 272.6 271.3 271.4 274.1 274.8 276.5 277.6 279.7 280.8 280.7 280.6 280 279.2 277.1 276.3 275.4 274.7 273.7 273.3 273 275.1 277.4 280 282.4 284.1 286 286.5 286.9 287.4 287.8 287.1 285.4 287.6 289.4 290.7 291.7 291.5 289.6 292.7 293.9 294.2 293.7 290.4 288.1 288.6 287.5 284.7 282.6 282.6 280.4 278.1 275.3 274.6 273.3 271.7 267.8 266.7 265.7 265.2 265.1 265.3 265.6 264.7 263.6 265.1 264.5 262.5 263.8 263.5
280.1 279.6 278.4 277.3 276.4 275.1 273.9 272.7 272.5 272.4 272.3 271.8 271.3 272.3 273.2 274 274.5 275 275.6 276.2 277.2 277.6 276.4 275.4 274.3 273.8 273.2 272.2 271.9 272.5 273 274.3 275.5 277.8 279 280.4 281.4 282.6 283.7 283.2 283.8 284.8 287.1 287.6 288.1 286.2 290.9 293.5 295 295.5 294.6 292.1 286.5 283.4 282.2 281.1 281.1 280 278.4 275 272 270.8 269.7 267.7 266.2 266.8 266.9 265.9 265.6 265.3 262.7 266.3 271.6 271 267 267.8 269.1 273
279.9 279.2 278.1 276.6 275.5 274.2 272.9 272.4 272.2 272.1 272.4 271.4 270.8 269.8 272.9 273.8 274.3 274.8 275.3 275.8 275.9 275.9 275.6 275 273.9 272.8 272.3 271.7 271.5 272 272.4 273.7 274.6 275.6 277 279.1 280.3 281 281.8 282.5 283 283.6 284.5 285.3 285.9 285.3 286.4 288.2 290.1 290.5 290.3 287.7 284.5 282.1 282.3 282.4 281.2 279.7 277.4 274.9 272.2 270 268.2 266.6 266.6 268.5 268.3 267.2 266.5 271.3 273.2 274.4 274.1 273.3 270.4 273.6 275 275.7
279.3 278.4 277.5 275.8 274.5 273.3 272.4 272.2 272 271.8 271.9 272.4 269.4 271.2 272.9 273.6 274 274.5 275 275.5 275.5 275.6 275.1 274.6 273.6 272.7 271.6 271 271.2 271.6 272 273 273.9 275.1 275.8 277.4 279.1 280 281 281.6 282.1 282.7 283.1 283.6 283.7 283.5 283.5 284 283.6 284.5 283.4 281.7 280.3 280 281.6 282.5 280.6 278.8 276.9 274.5 272.2 270.3 268.7 267 267.1 268.9 269.4 268.7 270.9 274 274.9 275 274.7 273.8 271.2 274.2 275.3 276.5
276.5 276.3 275.7 274.9 273.8 272.6 271.5 271.8 271.9 271.8 271.6 271.5 269.4 269.3 272.5 272.9 273.3 274.3 274.8 275.2 275.3 275.4 274.9 274.3 273.9 273.1 271.7 270.7 271 271 270.6 271.9 273.2 274.3 274.9 275.9 277.7 279.4 280.4 281 281.4 281.6 281.8 281.8 281.8 281.7 281.6 281.3 281.2 280.6 279.2 277.4 277 278.1 279.1 279.1 278.2 276.9 275.2 273.7 272 270.2 268.6 266.7 267.7 271.3 272.2 273.3 274 275 275.5 275.5 274.6 273.1 272.5 274.5 276.2 276.7
275 274.8 274.6 273.8 272.8 271.8 271.5 271.6 271.7 271.8 271.7 271.6 271.9 271.4 270.8 271.6 273.1 274.2 274.7 275 275.1 275.2 274.6 274.4 274.1 273.6 272.7 270.8 270.4 270.3 270.3 271.1 272.2 272.9 273.7 274.8 276.6 278.3 279.8 280.3 280.3 280.2 280.2 280.2 280.2 280 279.6 279.5 278.5 277.4 276.3 275.1 274.8 276 276 276.1 275.8 275.2 274.1 272.8 271.5 270.1 269.1 267.3 271.2 273.6 274.2 274.8 275.6 276.1 276.2 276 274.5 272.6 272.8 275.3 276.6 277
273.8 273.7 273.4 272.6 271.7 271.5 271.4 271.5 271.5 271.6 271.7 271.8 271.8 271.8 270.8 271.4 272.1 273.9 274.4 274.8 274.8 274.9 274.7 274.6 274.2 273.7 273.2 271.8 270.9 270.6 270.4 270.3 271.3 272.1 272.8 274.1 275.7 277 278.3 278.9 279 278.7 278.6 278.7 278.5 277.8 277.2 276.8 276 275.4 274.7 273.9 273.3 273.2 273.1 272.8 272.8 272.9 272.7 271.7 270.4 269.6 268.9 267.5 268.5 275.5 275.8 276.3 277 277 277.1 276.7 275.6 274.2 273.4 275.6 276.9 277.3
272.6 272.6 272.4 271.9 271.2 271 271.1 271.3 271.4 271.5 271.5 271.7 271.7 271.5 270.9 270.6 271.2 273.2 273.8 274.3 274.5 274.6 274.4 274.3 274.1 273.6 273.1 272.3 270.3 270.1 269.8 269.5 270.5 271.3 272.3 273.5 274.4 275.5 276.8 277.4 277.7 277.5 277.1 277 276.4 275.8 274.9 273.9 273.5 273.2 272.6 272.2 271.6 270.9 270.8 270.3 270.6 271 271.1 270.5 269.4 269 268.4 267.6 269.2 277.2 277.9 278.2 278.4 278.1 277.8 277.4 277 276.4 275.8 276.2 277.3 277.7
271.6 271.6 271.5 270.9 270.6 270.6 270.8 271 271.2 271.4 271.4 271.5 271.6 271.3 270.9 270.4 268.8 272.3 273.3 273.9 274.1 274.2 274.1 274 273.8 273.4 272.9 272.2 270.4 269.6 269.3 268.9 269.3 270.4 271.5 272.6 273.5 274.5 275.4 276 276.3 276.1 275.5 274.8 274.1 272.9 271.6 271.1 270.7 270.5 270.3 270.2 269.8 268.8 268.5 268.5 268.7 269.1 269.4 268.9 268.6 268.5 267.9 267.2 274.2 278.1 278.7 279 278.8 278.8 278.5 278.2 277.8 277.5 277.1 277.2 277.7 277.9
270.8 270.7 270.8 270.7 270.7 270.4 270.5 270.7 270.9 271.2 271.2 271.3 271.6 271.2 270.9 270.4 268.5 272 273 273.5 273.7 273.9 273.8 273.7 273.5 273.1 272.7 272 270.5 269.4 269.1 268.7 268.7 269.6 270.9 272 272.8 273.2 274 274.5 274.8 274.4 273.9 273 271.9 270.2 265.8 265.8 265.7 266.6 267.9 268.6 267.9 267.7 267.7 267.7 267.7 265.3 268 267.5 267.2 267.7 267.6 266.6 276.5 278.7 279.2 279.4 279.3 279 278.8 278.7 278.5 278.4 278.2 278.1 278 278.2
270.3 270.5 270.6 270.4 270.4 270.2 270.3 270.4 270.6 270.8 271 271.6 271.8 271.4 271 270.6 269.8 271.8 272.5 273.2 273.4 273.6 273.5 273.4 273.1 272.4 272.3 271.8 271.3 269.8 269 269 268.7 269 270.2 271.5 272 272.2 272.7 273.1 273.4 273 272.3 271.1 269.8 268.4 268.7 270 269.3 269.5 268.7 268 265.8 268.3 269.1 269 268.9 268.7 269.5 269.7 268.9 268.5 270.1 275.3 277.4 278.9 279.2 279.4 279.5 279.3 279.1 278.9 278.7 278.5 278.4 278.4 278.3 278.4
270.3 270.5 270.3 270.1 269.9 269.9 269.9 269.7 270.2 270.1 270.1 271.1 271.3 270.9 270.5 270.4 270.3 271 272.4 272.9 273.1 273.2 273.1 272.9 272.2 271.1 270.8 270.8 270.2 270.3 269.3 269.1 268.9 266.2 268.7 269.5 270.7 271.1 271.3 271.9 272.3 272 271.2 270.3 269.1 265.8 269.3 270.3 270.2 269.8 268.9 268.2 266 269.4 270.6 271.1 271.5 271.4 271.4 271.6 272.6 273.7 274.6 276.7 278.2 278.8 279.3 279.4 279.5 279.4 279.2 279 278.8 278.7 278.4 278.2 277.9 277.3
271 270.6 269.9 269.7 269.5 270 269.8 268.8 269.7 270.1 269.3 270.4 270.6 270.2 270.1 270 269.9 270.2 271.6 272.5 272.6 272.7 272.7 272.1 271.5 270.2 268.9 266.2 269.2 269.7 269.1 266.6 269 270 269.7 269.2 268.9 269.6 270.4 270.9 271.3 271 270.2 269.3 268.5 268.5 270.6 270.3 270.6 270.8 270.3 269.1 268.2 270.1 271.6 272 272.8 273 273.3 273.8 274.3 275.1 276.3 277.5 278.3 278.8 279.3 279.5 279.5 279.3 279.1 278.9 278.7 278.3 277.9 277.1 276.2 274.8
272.6 271.4 268.6 270.1 270 270.1 269.9 269.5 270.1 269.8 269.6 269.8 269.9 269.8 269.7 269.7 269.5 268 271 272.1 272.3 272.4 271.5 270.8 270.3 269.8 270 270.4 269.2 269.3 269.6 270 270.6 271.3 271.5 271.1 270.1 266.2 269.4 269.6 269.7 269.7 269.3 268.9 268.1 270.4 271.4 271.7 271.9 272.2 272.2 272.1 270.6 270.4 272 272.8 274.1 274.2 274.1 274.9 275.5 276.2 277.2 278 278.4 278.7 279.2 279.5 279.3 279.1 278.9 278.6 278.2 277.6 276.8 275.7 274.7 273.8
273.9 272.9 271.4 270.4 268.7 269.9 269.8 269.6 269.9 269.8 269.6 269.7 269.6 269.4 269 269.1 269 268.9 270.8 271.8 272.1 272 270.1 269 266.4 269.5 271.3 270.9 269.8 269.6 270.4 271.2 272 272.8 273.3 273.7 272.6 270.7 266.2 266.2 268.7 266.2 268.6 268.5 268.2 270.9 272.2 272.7 272.9 272.8 272.6 272.5 271.5 273.5 274.8 275.7 276.1 276.6 276 276.1 276.5 277.3 277.9 278.6 279.1 279.4 279.7 279.6 279.4 278.8 278.4 278 277.6 277 276.2 275.2 274.4 273.5
274.4 273 271.9 271 270.2 269.9 270.1 270.3 270.1 270.2 269.7 269.4 269.5 268.9 268.9 269.2 268.3 269.6 270.5 271.1 271.2 270.6 269.1 269.4 269.9 270.8 271.9 270.8 270.9 270.9 271.3 272 272.6 273.6 274.5 275.5 275.8 273.5 272.9 273 272.2 271.1 270.2 269.9 269.7 271.5 272.7 273.2 273.5 273.4 273.2 274.2 276.8 279 279.9 280.9 280.9 280.9 279.6 279.4 279.6 279.6 279.6 279.9 280.2 280.1 280.1 279.5 279 278.4 277.8 277.5 277 276.4 275.6 274.6 273 272.3
274.6 273.5 272.4 271.5 271 270.8 270.5 270.6 270.8 270.9 270.3 269.7 269 269.3 269.4 269.4 269.4 267.9 269.8 269.9 269.5 268.9 269.3 266.4 270 271.6 272.1 271.8 271.7 272 272 272.4 272.9 273.6 274.4 275.3 276.3 275.9 275.8 276 275 273.8 272.7 271.9 271.8 272.6 273.2 273.7 274 274.1 278.1 281.1 283.7 284.4 284 283.9 283.9 283.2 281.5 280.5 280.7 280.6 280.5 280.5 280.5 280.3 279.9 279.2 278.6 278 277.4 276.9 276.1 275.6 274.1 272.5 270.7 270.8
