ny/ny01_OST50GRID_20230518/NY01.asc
ncols 200
nrows 200
xllcorner 300000
yllcorner 510000
cellsize 50
[rows 0 to 35 of 200, columns 81 to 161 of 200]
159.9 158.2 157.6 155.3 150.9 147.2 147.7 146.3 142.1 138 135.7 129.9 132.1 133.6 134.5 137.9 143.7 147.6 153.6 156.5 159 161 161.6 165 169.4 173.2 175.6 177.2 179.1 180.1 181.7 182.1 184.1 184 183 181.8 180.4 178.9 176.8 174.7 171.3 172.4 170.3 162.7 155.2 153.1 146.3 140.4 135.3 133.4 133.9 131.7 131.8 131.1 131.5 132.6 131 132.5 138.1 145.4 148.2 149.5 147 146.5 148.6 150.8 154.5 156.5 158.2 161.1 163.9 164.5 167.2 167.8 169.4 169.3 166.8 164 164.2 165.4 167.4
156.3 155 153.9 151.5 147.9 144 144.1 142.1 138.4 128.8 132.8 139.2 136.4 137.5 139.5 141.4 148.5 155.1 158.5 159.9 161.8 163.7 165.4 168.4 172.6 176 177.7 179.2 180.5 181.6 184.6 188.5 190 190.1 189.2 187 183.6 182.1 180.5 179 176.3 175 171 162.1 153.7 147.6 144 135.4 137.6 140.1 136 134.3 133.9 131.6 133.7 133.3 134.3 136.8 136.7 148.1 149.4 150.1 148.4 146.4 150.4 154.2 156.4 157.2 158.2 161.6 165 164.7 167.4 167.9 169.9 169.7 167.4 165.2 167.5 169.7 170.5
153.9 153.5 150.8 147.6 144.2 142 141 136.9 129.1 127.8 136.5 148.9 140.6 142.8 144.8 148.8 154.1 157.6 160.3 163 164.4 166.3 169.3 173.8 178.4 182.4 182.6 184.9 186.8 189.6 192.2 194.4 195.7 196.4 195 191.6 188.3 184.7 183.1 180.8 180.7 176.5 171.4 160.1 152.2 145.7 141 136 142 141.9 136.5 136.6 135.8 134.3 134.8 135.9 141.5 147.5 144.5 144.9 149.1 149.7 149.3 149.1 148.2 155 156.4 158.4 160.1 162.7 165.5 166.8 166.2 167.7 169.9 169.8 167.7 168.6 171.4 173 173.5
152.6 152.4 150 145.7 140.2 138.5 136 128.9 126.8 132.9 138.9 142.5 144.6 146.8 149.4 154.3 156.5 159.8 161.9 164.6 166 171.5 174.9 182.4 186.6 188.3 189.7 191.9 190.7 195.6 197.9 199.5 200.8 200 198.7 195.3 191.3 187.3 184 181.7 182.3 178.8 172.3 159.5 153.8 151.6 145.2 137.3 142.3 143.4 139.3 138.8 140.3 140.1 138.5 141.6 149.2 150.8 147.1 142.1 145.9 147.8 148.6 150.9 153.4 153.1 155.9 159.4 161.4 163.6 164.7 165.3 165.8 167.6 168.2 168.7 169.4 172.8 175.5 176.3 175.8
151.4 151.3 149.8 145.2 137.1 131.9 128.1 126.7 129.3 137.6 143 145.8 148.8 152.4 155.6 158.1 159.9 161.6 163.5 166.9 170.3 180.7 184.7 183.6 189.1 191.9 193.9 195.9 196.9 198 199.5 202.4 203.2 199.4 197.4 195.1 190.5 186 183.6 182.1 182.2 179.7 170.1 159.1 155.8 152.7 144.6 139.3 140.7 141.3 144 141.6 143.4 145.1 144.5 145.2 151.5 152.1 147.9 145 143.4 145.4 147.5 151 155.3 157.4 158.4 157.8 160.5 161.2 162 163.3 165.8 168 168.7 169.3 171.8 175.9 177.2 177.6 177.5
149.7 150.4 149.5 143.6 133.6 128.7 126.7 129.3 137.2 143.1 147.7 151.8 154.7 156.7 160.2 162.9 165.5 166.3 169.7 173.2 178.7 184.7 187.7 188.3 189.3 193.9 195.9 197.4 198.2 198.2 199.9 201.8 199.6 196.9 194.5 191.6 188.6 185.1 184.1 184.6 184.3 181.4 170 158.3 152.9 147.4 144.2 141.2 140.4 143.8 146.9 148.9 149.4 147 146.3 147 151.6 154 149.1 145.5 144 145.8 151 151.3 156.2 159.4 160.6 161.6 159.7 160.5 161.2 161.8 165.2 167.4 168.1 169 173.7 177.5 178.7 178.6 177.1
147.4 148.3 146.4 140.6 127.1 125.8 130.3 136.5 143.9 150.1 152.8 156.8 162.5 165.3 169.6 172.5 173.3 175.5 179.8 180.2 182.6 186.1 189.1 190.7 193.1 195.2 196.2 198.3 199.2 200.2 201.4 200.1 197.5 194.4 191.5 189 187 185.9 185.8 190.1 189.6 182.6 167.2 156.8 151.5 145 145.3 143.6 141.2 143.6 147.7 151.1 151.7 152.1 151.6 151.1 151.7 151.2 147.5 145.9 146.6 150.8 155 157.3 154.6 160 161.8 163 164.3 162.5 166.5 162.3 164.6 166.3 167.6 170.9 175.6 177.9 178.8 178 177.4
145.4 147.2 143.7 133.5 126 133.6 137 143.3 150.1 154.4 157.7 165.1 168.8 173.5 177.3 178.6 180.5 180.2 182.1 182.9 184.6 188.2 191.5 193.4 195.2 195.8 196.6 198.2 199.5 200.7 201.5 199 197 194.3 190.7 188.2 187.3 187.4 188.9 192.4 192.4 184.4 165.9 155.8 151.6 148.7 146 141.7 141.9 144.9 150 153.8 154.9 155.6 154.3 154.6 155 151.2 149.5 148.2 150.4 155 158 160.6 157.6 158.5 162.3 164 165.6 164.5 169.3 164.4 165.5 166.5 168.1 173.3 174.7 176 177.8 177.3 178.5
144.6 145.2 142.1 129.3 129.6 136.8 141.4 148.5 155.2 159.7 165.2 170.6 175.4 179.9 182.8 182.4 183.2 183.4 184 185.4 186.5 189.9 192 193.3 195.4 195.8 196.9 198.5 199.9 201.2 200.4 198.1 195.9 194.5 191.5 189.7 189.1 192.3 192.5 193.5 193.9 183.6 165.6 154.5 149.7 149.8 143.4 141.3 142.6 147.1 153.2 156.9 157.7 158.3 158.3 157.8 155.8 153.6 152.9 152.6 155.9 158.2 164.8 164.4 160.8 157.3 161.5 163.8 165.8 165.4 165.1 166.1 167.4 168.7 170 172.1 174.8 177.6 178.9 178.6 179.3
139 140.4 130.7 126 130.9 139.8 148.8 154.1 159.1 161.4 169.5 174.4 179.7 183.2 183.7 182.8 183.5 184.7 185 186.6 187.9 189.4 191.3 193.2 194.8 195.8 197.3 199.3 202.3 202.7 199.9 198.3 195 193.9 192.1 192 193 194.5 195.1 194.8 197.2 190.7 165.1 152.6 149.5 145.9 142.9 142.9 144.1 150.6 156.1 159 160 160.7 160.7 158 155.3 156.3 157.6 160.6 160.3 165.8 168 162.8 159.6 158.9 161.5 164.1 165.8 165.9 165.5 165.6 167.1 168.8 170.4 172.1 175 175.2 178.5 179.8 180.7
124.9 124.6 124.2 128.3 135.1 146.6 152.9 155.9 161.7 166.5 171.3 176.3 180.5 181.8 182.1 183 183.8 185 186 187.2 188.2 189.8 190.9 192.3 193.9 196.8 199.4 202.3 206.3 207 203.2 197.6 193.5 192.8 193.2 192.4 193.5 194.2 194.1 195.7 198.8 188.4 165 152.4 152.4 143.5 144.7 144.6 145.8 151.2 155.8 158.6 159.8 162.6 162.1 159.5 156.8 159.9 164.2 164.6 166.2 166.9 164.1 160.8 159.2 160.1 162 163.3 164.9 166.1 165.8 166.6 167.6 168.9 170.5 174 177.8 180.2 179.7 181.9 182.7
124.1 125.4 128.7 137.6 142.4 141.9 148.7 159.1 163.3 167 171.8 176.7 180 181.3 181.7 182.1 183 184.4 185.9 187 188.3 190.1 191.6 194.4 196.9 200.2 202.9 205.6 209.7 208.1 202.5 196.5 192.2 191.2 191.3 191.8 192.3 192.9 193.6 196.2 198.9 184 163.4 155.2 150.5 144.8 147 146.3 147.5 149.5 153.1 157.7 161.8 164 163.2 161.6 158.7 160.8 161.5 163.4 167.3 165.1 161.7 160.6 160.6 161.3 161 162.3 163.5 165.4 166.1 167.4 169.2 170 170.5 175.6 179.6 182.6 183.2 181.1 184.7
129.4 137.1 139.7 145.1 149.3 154.7 155.9 160.3 162.5 166.2 170.5 175.8 179.1 180.8 181.3 181.9 183.1 184.4 185.6 186.8 189 190.9 193.3 195.9 198.8 201.6 204.9 207.4 208.8 206.2 198.4 194.4 191.1 189.7 189.6 189.8 190.2 190.8 191.5 193.7 193.9 178.3 162.1 152.9 146.3 147.2 149.8 148.3 149.1 150.9 153.1 159.2 164.2 165.1 164 162.1 161.6 161.7 162.6 166.6 168.6 165.2 161.1 160.8 161.3 162 160.2 162.4 163.8 164.8 166.5 168.2 169.9 171.7 174.4 179.3 183.6 188.5 190 189.1 186.2
138.2 141.9 145.8 150.5 153.4 158.2 159.9 160.8 161.6 165.3 169.4 173.9 176.1 179.5 180.2 181.9 183.8 185.1 186.3 188.5 191 193.5 196 197.8 199.7 202.7 204.8 207.1 207.2 201.6 195.5 192.6 189.7 189.3 189.1 188.6 188.9 190 186.9 189.1 185.4 171.1 159.9 150 146.7 150 152.6 152.2 152.4 154 157.1 160.5 162.8 163 164 165.5 165 163 164.1 166.7 166.4 162 160.7 161.2 161.6 161.2 161 161.6 163.4 165.6 167.4 169.3 171.2 173.4 179.4 183.5 188.8 193.5 197.7 197 193.6
142.5 146.4 151.3 156 159.2 162.3 163.3 161.5 161.8 164.9 168.2 171.6 174.2 178.5 180.8 182 184.3 185.7 187.3 190.2 192.4 195.3 198.1 199.5 201.4 202.8 204.3 205.4 204 199.5 193.1 190.8 189.5 188.9 188.6 189 189.3 190 182.5 180.7 175.6 166.1 158.4 152.6 147.9 150.7 155.9 155.7 156.2 157.3 163.9 165.2 162.9 162.9 164.7 167.6 168.7 165.6 164.1 165.9 163.3 162.4 162.6 162.3 162.6 161.9 161.2 162.2 163.7 165.9 168.7 171 173.2 176.3 181.3 186.7 192.9 198.7 203.4 206.2 203.5
147 151.5 155.7 160.1 162.7 166.9 169.5 166.4 162.7 164 167.8 171.4 175.4 178.8 180.5 182.8 183.6 185.5 188.7 191.4 193.6 195.8 198.1 199.6 200.9 202.2 202.7 203.6 200.8 196.7 192 190.5 189.9 189.1 189.2 189.6 190.2 190.2 188.6 178 161.9 159 155.8 152.3 148.5 149.8 154.2 154.3 158.6 161.9 167.3 166.9 163.1 163.9 165.5 166.4 167.3 167.6 165.2 162.5 162.2 165.4 166 165.1 163.4 162.7 162.1 163.1 164.2 166.1 170.9 173.5 177.2 181 181.4 189.4 195.6 202.5 208.7 213.5 212.3
149 154.3 159 161.8 166.1 171.5 174.4 170.8 165.3 167.5 169.9 173.1 175.6 177.1 178.5 181.7 183.3 186.2 189.1 192.5 195 196.2 198.3 199.1 200 200.8 201.3 200.5 197.8 194.7 191.4 191 191 190 189.2 189.6 190.3 190.4 186.5 179.1 167 159.6 154.9 151.6 149 149.9 152.4 156.7 161.4 164.1 166.6 164.8 164.4 168.1 170.9 170.9 167.7 168.1 164.1 164 164.9 169.8 170 167.7 165 163.6 163.8 164.5 165.4 167.3 172.2 177.4 181.3 185.9 188 188 197.6 205.9 213.1 217.4 219.2
152.5 157.3 160.6 163.4 169 172.4 174.6 172.3 168.8 169.8 172 172.8 173.4 176.1 178.3 181.2 184.3 187.7 191.1 193.7 196.3 196.9 197.8 198.6 199.3 199.4 198.5 196.8 194.3 193.1 190 190.5 191.5 190.8 189.7 189.7 190.2 189.5 185.3 174.7 165.4 158.7 154.3 149.9 149.7 151.3 153.7 158 162.1 164.2 165.1 165 167.6 171.2 173.1 173.3 170.2 165.5 164.7 166.3 170.2 173 173.1 169.8 166.8 164.6 165.5 166.4 167.2 168.8 173.4 179.1 183.5 188.1 191.7 195.8 196.6 208.2 213.3 217.7 219.5
158.2 157.8 162.7 164.8 169 172.2 173.4 170.1 171.1 171.3 172.5 173.6 176.4 178.1 179.7 182.4 185.7 189.7 193.1 194.5 195.8 196.6 196.5 197.4 198.2 197.6 196.2 193.1 191.1 190.2 190.3 190.7 190.9 190.6 190.1 189.9 190.7 189.4 182.7 173.4 164.3 155.7 151.5 150.2 151.2 153.4 155.9 157.6 161.7 164.5 166.4 167.3 169.7 172 174 174.3 172.1 165.9 165.5 170 172.3 174.2 173.9 171.2 167.8 165.6 166.9 168 168.3 171.3 175.6 180.6 186.2 189.7 194.2 198.6 205.7 209.8 214.5 218.3 220.6
161.5 161.1 164.6 166.4 168.2 171.4 172.8 172.7 171.6 172 173 175 176.9 178.8 180.8 184.8 189.5 192.8 193 193.6 195 195 194.8 195.3 196.8 195.3 193.7 191.6 189.2 189.6 190.4 190.2 190.2 190.2 190.1 190.6 191.6 189 180.8 168.7 161.9 155.6 151.6 151.1 151.6 153.6 156.5 158.8 162.7 165.9 167.8 169.9 171 172.8 174.9 175.9 174.3 167.6 167.8 172.2 174.3 175.2 174.6 172.1 168.8 167.1 168.3 170.3 170 172 177.7 183.4 187.9 192.4 196.9 201.5 209 216.2 222.6 222.8 223.4
162.7 162.9 163.4 166.4 168.2 170.6 172.9 172.8 171.3 172.8 173.7 175.5 177.4 179.4 183.5 187.6 191.5 193.2 194.2 194 193.7 193.2 194.4 195.2 194.2 192.4 190.9 189 188.1 189.7 190.7 190.5 189.8 190.4 190.8 191.9 190.5 188.3 178.1 168.2 161.6 156.3 154.4 152.1 152.2 153.4 157.4 160.9 164.6 168.1 169.1 171.2 172.6 174.5 175.4 177 175.5 168.8 169.8 173.7 176 175.7 175.2 172.8 170.4 168.9 169.6 171.8 171.6 174.6 178.4 186 191.2 195.6 199.3 204.7 212.7 222 226.4 227.7 227.8
165.4 166.5 165.5 165.8 167.3 169.6 172.7 172.9 173.1 174 174.9 176.1 178.1 180.2 184.1 189.4 191.9 193 192.6 192.2 192.1 190.5 192.7 192.6 190.9 189.2 188.1 187 187.5 189.2 190.4 188.5 190.2 191.1 191.8 190.8 189.4 184.8 175.7 166.2 160.8 157.5 154.3 154.1 155.8 157.4 161.1 164.6 167.1 170.3 170.8 172.5 175.2 177.3 179 178.6 176 170.7 170.9 174.8 178.2 179.4 179.6 179.3 175.2 170.7 170.7 172.4 173.7 175.5 181.1 187 194.4 198 201.5 207.8 215.8 221.5 229.2 230 233.2
167.6 167.5 167.1 166.6 169 172.6 173.9 174.1 174.7 175.4 176.3 176.8 178.9 181.8 186.1 189.6 191.4 191.9 191 190.4 190.2 186.5 189 189.6 188.4 187.2 186.2 186.3 187.7 189.3 189.8 189.1 188.8 190.3 190.8 190.3 188.6 182 173.8 166.7 163.1 160.2 157 155.7 157.8 159.4 164.2 169.3 170 172 172.8 175.1 178.2 179.9 181.7 182.2 180.2 174.3 170.1 174.9 177.6 178.7 179.3 179 176.2 172.8 173.4 173.6 176.4 179.5 185.5 190.9 195.6 200.1 203.7 211 217.3 225.1 231.4 232.8 238
169.1 169.2 168.4 167.5 170.5 175.3 176.7 176.7 177.1 177.5 175.6 179.4 180 183.1 186.4 188.9 190.2 190.3 189.5 188.7 188.2 181.8 185.4 185 184.8 184.7 182.4 185.9 186.4 188.3 189.1 189.9 186.8 188.6 189.2 188.8 185 178.7 174.2 168.4 165.1 162.1 157.8 157.2 160.2 160.1 166 170.4 171.1 172.2 174.4 178.2 181.1 182.7 184.6 189.4 186 179.2 173.1 173.9 176.1 177 177.4 177.3 175.2 176.1 176.5 175.8 178.8 183.9 189.8 197 197.8 201.8 206.9 213.8 220.4 228.8 234.6 237.5 240.4
169.4 170.6 170.9 169.4 173.4 176.8 178.5 179.1 179.3 179.5 179.6 179.7 181.7 184.1 186.4 188 187.3 187.3 187 186.9 184 179.3 181.4 181.2 181.6 181.5 181.5 184.7 185.3 187.5 188.3 189 184.1 186.6 186.9 184.6 179.9 176.3 172.2 168.2 165.8 162 157.5 160.9 159.8 161.3 168.1 172 172.9 173.8 176.3 181 183.2 186.1 190.3 194.7 192.8 185.1 176.3 174.1 174.9 176.4 176.5 176.7 177.9 179.3 179.1 178.9 183.2 188.5 193.8 200.5 201.8 204.9 209.9 214.6 222.1 229.6 236.3 240.7 244.8
170.5 173.2 175.2 175.2 175.6 179.5 179.8 180.3 181.2 181.4 181 179.7 184.2 186.2 186.1 186.9 185 183.7 184.3 183.5 181 175.3 176.9 177.1 178.3 177.5 178.1 183.3 184.8 186.7 187.8 187.8 183 183.1 183.6 180 176.2 173.8 170.4 167.5 165 163 160.2 162.6 164.5 164.6 170.2 173.7 176 176.6 178.9 183.5 185.9 188.9 193.6 189.2 198.6 191.8 180.2 176.8 176.3 176.8 178.3 178.4 180.2 182.1 181 182.5 187 193.5 199.7 204.3 205.9 208.3 212.7 217.7 221.5 229.3 237 244.3 247.9
173.2 176.4 179.4 180.8 178.8 181 181 181.5 183.3 185 183 184.3 186.2 181.2 185.8 185.8 183.3 181.3 180.6 180.3 177.5 174.3 172.9 173.8 174.9 174.9 175.1 180.1 182.5 185.8 186.7 185.3 181.1 179.6 179.2 174.8 173.4 170.9 168.1 165.6 163.8 162.6 161.9 163.8 166.2 167.7 171.1 176.4 178.3 179.1 181.5 185.7 188.6 191.6 196.6 202 200.8 194.8 185.8 182.4 180.3 181.2 181.3 182.3 185.2 186.4 184.8 186 190.6 198 199.6 201.2 210 212.2 216.1 220.2 225.2 232.4 243.9 249.6 255.2
175.8 179 182.5 183.7 181.5 182.2 182.2 182.9 185.1 184.2 183.3 184.5 186.4 186.5 184.3 178.9 182 178.4 177.8 177.3 174 170.9 169.9 171.3 171.5 171.2 173.9 177.1 180.1 183.2 184.4 183.8 177.5 176.9 174.5 170.8 169.3 167.5 165.1 164.3 163.8 162.6 162.9 164.7 167.5 169.9 173.7 178.3 179.7 181.3 183.8 188 191.5 194.8 199.1 205.2 202.6 197.1 190.9 187.4 185.5 186.6 186.8 186.7 189.5 191.2 188.5 190.1 194 198.6 199.7 202.6 211.6 214 220.8 229 235.1 245.5 251.9 257.2 264.6
177.2 181.5 184.4 184.9 183.6 183.4 184 184.8 186.6 186.3 182.6 184.8 186.2 185.9 183.8 180.8 179.2 175.9 174.2 172.9 170.9 171.8 169.4 168.3 168 168.7 171.2 174.2 177.5 179.3 179.3 178.1 173.2 173.8 170 168.1 167.3 165.3 164.6 164.6 163.2 164.1 164.3 166 168.9 170.3 174.6 180.5 182.2 184.8 187.6 190.5 194.1 196.6 200.9 197.8 205.3 200.1 195.7 192.4 191.3 191.3 191.9 192.2 193.4 194.9 192.6 193.2 196.1 199.8 202.1 209.4 212.1 217.6 226.3 237.6 245.4 258.9 260.9 264.3 270.2
177.9 182.8 185.2 185 184.1 184.3 185 185.7 185.9 185 180.5 184.3 185.8 183.9 182.1 181.5 178.4 172.7 171.6 170.1 168.4 166 165.2 166.5 166 167 169.2 171.7 173.9 174.5 173.4 172.3 169.2 169 168.3 167.4 167.2 166.4 165.6 166.1 166.6 167.9 168.5 168.5 170.1 171.9 176.1 183.1 183.4 185.8 189 192.4 195.8 200.7 203.3 189.3 191 201.5 198 194.1 193.2 194.5 195.7 195.5 196.4 197.7 194.8 195.4 196.9 199.9 204.5 211.6 214.6 222.1 232.9 245.9 256.2 268.3 269.8 270.5 273.7
174.7 181.9 184.4 184.3 183.2 183.9 184.7 184.8 184.9 183.8 178.9 183.2 183.6 182.4 180.9 179 176.5 170.9 167.5 165.8 164 162.9 163.1 163.9 164.3 171.2 169.4 171.6 172.5 169.8 169.6 169 168.9 168.9 167.6 168.7 168.4 167.7 167.2 168.2 170 172.1 171.9 171.6 173.9 175.6 181.4 184.8 184.9 188 190.3 193.1 196.8 204.2 200.3 190.4 190.7 201.6 197.9 195.7 194.9 196.6 198.7 197.9 198.4 199.6 196.5 196.7 198 202.1 208.9 211.8 218.3 228 239.2 251.2 263.7 275.3 279.8 279.3 283
171.4 175.7 182.6 182.6 182.4 183.5 183.4 183.3 183.1 182.1 177.4 181.7 180.9 179.3 177.8 175.7 170.8 167.6 165.6 162.5 161.4 162.5 162.5 162.8 164.4 168.9 170.5 170 170.9 167 167.4 168.1 170.9 170.7 167.4 182.2 179.8 171.5 169.9 171.7 174.8 174.9 174.4 174 175 179 181.6 185.9 186.3 189 191.5 194.9 198.6 203.3 191.7 190.4 196 199.4 198.9 197.5 198.7 198.2 199.4 199.5 199.3 199.7 198.2 197.3 199.1 207 211.2 216.1 223.9 231.7 242.3 253.9 265.7 277.9 286.4 290.4 290.2
171.3 173 180.3 181 181.3 181.4 181.5 181.5 180.9 180.3 175.8 178.8 178.6 176.5 175.1 172.4 168.1 163.5 162.8 160.4 162.2 164.3 163.8 164.7 167 169.1 168.2 166.2 165.4 165 168 171 173.7 173.1 168.5 167.6 170.5 181.9 172.8 174.1 176.6 177.2 176.8 176.4 177.5 180.2 182.4 181.2 185.4 188.4 191.7 195.8 201.1 189.4 189.3 188.8 196.4 197.2 199.8 199.5 199.8 200.6 200.4 201.9 200.8 201.7 201.7 200.7 205.4 212.6 216.6 221.5 228 235.5 246.1 256.1 267 278.1 288.1 294.6 293.1
171.8 173.8 178.8 179.2 179.2 179.3 179.3 179.3 178.8 178.1 174.1 176.1 176.2 174.4 171.9 169.8 165.9 161.1 159.9 161.8 162.2 165.1 167 167.6 168.1 168.4 167.1 164.3 167.8 165.9 170.5 173.4 175.4 176.1 175.4 169.7 168.5 179.6 185.4 175.1 177.1 178.6 178.5 178 178.5 181.3 183 183 184 187.8 184.4 197.8 199.1 191.9 187.8 190.5 206.3 197.8 199.7 200.4 201.7 202 201.5 203.5 203.2 203.7 205.1 204.6 207.8 214.4 220.2 224.5 230.5 239.5 249.9 258.5 267.3 277.4 288.5 292.4 289.3
171.2 174.5 177.1 177 177 177 177 177 176.4 175.6 173.2 174 173.8 172 168.2 166.5 162.6 159.3 160.3 160.2 162.7 165.8 166.8 167.3 167.2 167.5 169.6 168.5 164.2 167.5 171.7 174.5 174.8 174.6 177.7 175.2 169.9 166.2 173.4 179.8 176.5 178.2 178.7 178.3 178.5 180.3 181.6 181.4 183.3 191.4 195.2 201.1 205.1 193.6 189.1 190.7 202.8 201.2 199.9 200.6 202.8 202.8 204.7 207.4 207.3 206.5 208.4 205.8 207 213.5 221 225.2 233.7 242.8 252.6 260.3 268.4 276.5 284.4 285.9 285.8
169.3 172.6 175.1 174.6 174.6 174.7 174.7 174.7 174.1 173.8 171.8 170.9 171 169.1 167.2 163.7 160.4 158.7 159 160.9 164 165.3 166.2 166.6 166.1 166.5 169.3 167.3 162.7 168.3 171.7 172 175.5 174.6 183.6 180.6 180 166.2 166.2 180.4 176.9 177.1 177.2 177.2 178.2 179.4 180.7 181.7 184.3 192.9 196.4 203.8 204.2 192 191.2 193.6 202.8 203.4 202.6 202.4 206.1 209.4 211.1 209.7 210.4 211.3 208.7 205.6 208.9 214.2 220.6 226.8 236.8 244.7 254.5 261.3 269 274.3 279.4 283.9 280.2
