ny/ny01_OST50GRID_20230518/NY01.asc
ncols 200
nrows 200
xllcorner 300000
yllcorner 510000
cellsize 50
[rows 108 to 143 of 200, columns 0 to 80 of 200]
72.2 72.7 72.8 72.7 72.8 73.3 74.5 73.7 72.4 72.6 72.3 72.6 74.8 74.4 73.3 72.9 69.5 62.9 65.2 69.2 71.2 73.2 73.9 74.3 74.2 68.3 66.1 65.1 65.6 66 69.6 72.6 75.2 74.8 75.9 78.9 83.1 86.4 88.1 89.5 87.9 85.5 81.7 78.7 77.7 79.6 81.3 82.4 83.5 87.9 88.4 88.7 87.7 88.1 90.2 93.4 92.9 87.7 84.8 76.9 73.9 74.4 73.1 73.4 73.1 73.7 75.1 77.3 77.4 80.2 91.8 94 88.6 92.2 100.7 107.8 115.7 123.5 135.9 151 165.5
72.6 72.6 73.4 73 73.1 73.4 74 73.9 72.6 74.8 76 76.2 76.7 76.6 75.6 72.4 72 62.8 62.1 65.3 69.4 73.1 74.1 75.4 71.4 69.4 68.2 66.6 66.4 66.2 69.1 72.4 73.8 74.3 73.8 77.2 81.1 85.3 87.3 88.9 86.2 83.5 80.4 77 75.1 75.7 80.5 81.4 82 83.1 86.8 87.3 86 87.2 89.5 90.7 89.9 85.3 82.3 73.6 74.1 72.9 72.9 72.8 73.3 74.6 77.4 79 82.1 91.6 93.3 98.8 93.9 93.2 95.7 108.5 116 125.6 136.4 146.5 159.1
72.9 74.2 75.7 75.1 74.7 74.7 74.7 74.2 73.9 76.7 77.4 77 77 76.4 73.7 72.8 73.7 70.8 61.6 63.8 66.7 70 71.7 70.8 67.2 65.8 66 65.6 64.4 65.9 68.8 71.5 72.7 73.6 73.6 77.8 81.6 83.5 85.1 83.7 82.8 81.3 77.7 75.7 74.4 75.1 76.2 80.6 81.3 82.1 84.6 85.1 86.8 88.5 89.3 89.2 88.5 83.3 75.5 73.6 73 72.6 72.1 72.4 73.5 77 81.6 82.6 90.4 92.4 93.9 98.9 99.8 96.6 99.4 103.9 108.7 118.6 128 134.1 140.2
73.2 74.9 76.8 76.6 76.4 76.2 76 75.3 76.1 78 78.6 78 77.3 76.3 73.3 74.4 76 72.8 68.6 61.7 63.7 65.3 66.6 66.8 64.1 63.3 63.8 63.4 64 65.7 68 70.7 72.5 71.5 72.6 78 80.4 79.9 79 71.1 74 74.9 76.1 74.5 73.9 74.7 75.4 78.4 81 81.8 83.1 84.2 86.5 88.1 89.6 89.1 88.1 82.9 73.8 72.2 71.9 72.3 72.8 72.9 75.8 81.8 85.4 87.7 87.3 88.8 93.2 96.6 99 101.9 103.8 106.4 110.5 114.8 119.2 122.8 129.4
73.8 76.3 77.3 77.5 77.2 77.2 78.1 78.4 78.9 79.1 79.4 78.3 77.4 76.7 75.9 75.7 76.8 76.1 74.5 69.5 62.2 62.5 61.9 61.6 61.3 61.2 62.4 62.8 64 66.4 67.8 70.1 71.4 70.8 71.5 75.1 76.2 78.5 79.6 75.8 74.6 73.8 73.3 72.2 73.5 74.3 75.1 75.7 80.8 80.5 81.8 82.9 85.1 87.4 89 89.8 91.4 80.5 71.6 71 71.3 72.9 76.9 82.2 86.6 89.1 90.6 91.9 93 96.9 99 99.4 102.2 108.4 118.2 115.8 116.6 122.8 125.6 128.9 132.4
75.1 77.4 79.2 78.5 77.9 78.1 79.7 79.4 79.3 80.1 79.7 78.1 78.4 77.8 78.5 78.7 76.2 76.2 76.7 73.6 67.1 65.1 60 60.4 60.4 60.2 61.1 61.6 64.4 67.3 68.7 70 70.3 69.7 70.4 72.9 75.2 76.4 76.7 74.7 73.7 73.4 71.3 70.8 72.4 74 74.8 75.5 80.7 81.6 81.5 82.5 84.6 87.7 91.2 91.2 89.7 74.9 71 70.9 71.5 75.8 83.9 87.2 90.9 93.6 95.1 97.8 101.5 105.2 107.1 107.3 106.8 117.6 125.8 127.8 124.6 126.1 129.2 133.6 136.1
75.7 78 79.2 79.2 78.9 79.8 80.8 80.4 80 80.1 79.8 79.3 78.6 79 80.3 81.1 78.1 76.5 76.2 75.8 72.4 69.3 66.4 60.7 58.8 60 60.3 60.7 64.6 68 69.5 69.4 69.1 68.1 69.2 71.2 74 74.2 72.8 71.9 71.1 70.7 70.6 71 73.8 76.8 79.3 82.5 83.4 82.8 81.9 83.4 87.3 91 96.5 93.7 79 70.5 70.7 70.3 79.6 84.8 89.2 91.7 94.8 96.9 99.5 103.7 107.5 111 113.2 115 116.5 116.7 127.2 132.6 131.2 132.4 135.1 136 139.3
76.3 78.4 79.1 79.4 79.2 80.6 80.8 81.1 80.7 80.5 80.1 80.9 80.6 82 82.9 82 79.5 77.8 75.6 75.6 72.8 69.2 65.5 61.4 59 58.3 59.1 60 63.1 67.6 69.5 69.3 68.1 67 67.4 69.7 72.7 72.9 70.3 68.7 68.4 68.8 69.7 71.2 75 79.6 81.6 83.2 82.9 81.7 82.8 84.9 88.8 94.4 99 84.5 70.8 70.4 71.8 80 84.4 89.2 92.7 96.7 99.1 100.7 104.7 109.2 113.6 116.5 119 121.4 127.7 127.7 127.1 131.8 137.5 141.5 143.5 143.9 148
77.9 79.2 79.8 79.6 79.6 80.8 80.9 80.6 80.7 81.1 81.4 82.7 83 83.2 84.5 83.1 81.6 78.8 75.6 73.8 71.3 67.1 63.9 61.7 58.4 59 59.3 61.2 64.7 65.2 64.7 69 67.6 66.2 66 67.4 70.4 71.2 67.4 67.1 67.7 68.6 69.5 72.7 75.7 78.3 77 78.1 77.8 79.6 81.5 84.7 89.1 93.3 95.7 72.9 69.8 69.5 77.4 84.9 89.1 93.1 96.8 100.7 104.1 110.1 116.6 122.6 125.5 126.6 127.8 130.8 133 133.8 134.3 136.2 139.9 146 148.3 150.6 155.3
79 80.3 80.8 80.5 80.8 81.5 81.1 80.7 81.2 81.5 82.4 84.7 84.9 85.2 85.9 83.4 83.5 81.6 79.1 72.7 69.4 65.5 63.8 61.8 59.3 58 57.7 59.6 65.4 65.6 66.2 68.9 68.4 65.6 64.9 65.7 68.2 69.1 66.5 66.8 67.1 67.4 68.8 71.5 63.9 64.2 65 66.6 71.2 74 76.5 81.9 87.9 91.7 79.4 69.2 69.4 71 81.8 88.2 93.3 98 101.5 107.5 114.8 123.2 131.2 135.9 141.2 141.5 138.2 137.7 140.1 141.3 142.9 144.4 146.3 149.7 153.4 157.1 159.1
80 81.4 81.7 81.7 81.8 82.4 81.3 81.1 81.5 82.2 83.8 86 87.2 86.8 85.4 84.4 84.2 81.4 77.7 77.1 68.5 64.4 63.6 61.9 59.7 59 57.8 57.7 65.7 68.6 68.5 68.5 68.3 65.1 64.1 64.1 66.5 67.1 66 66.3 67 66.3 68.4 64.2 63.6 64.5 64.5 65.4 65.9 67.3 65.7 71.8 78.9 75.1 69.3 68.7 70.1 77.6 87.6 95.2 100.1 103.2 111.8 121.9 129.7 139 148.3 151.2 151.2 150.5 149 148.1 148 151.2 154.3 157.5 156.1 154.5 158.8 160.5 162.4
81.9 82.5 82.7 83 83.3 84.5 83.1 82.6 82.4 83.6 85.1 86.9 87.4 87.1 84.7 83.2 83.8 80.3 74.8 76.2 70.2 63.4 62.8 61.7 59.7 58.3 58.6 58.1 65.9 70.6 69.9 68.8 67.8 65.7 63.5 63.5 65 65.1 65.1 65.1 65.6 65.5 65.4 63.2 64 64.3 64.4 65.1 66.2 66.9 68.4 66.5 65.5 67.8 68.3 68.1 75.1 86 93.7 99.6 106.6 113.9 123.4 132 141.5 151.2 160.7 167.9 167.1 160 155.3 159.1 160.4 161.1 165.8 169.3 166.9 163 163.5 163.5 162.7
82.7 83.3 84.8 85.3 85.8 86.8 88.4 86.4 84.9 85.3 86.2 87.1 86.8 86.3 83.8 82.4 83.1 79.5 74.9 73.7 69.2 63.4 61.5 60.9 59.2 58.8 58.4 58.7 64.3 69 71.7 70.8 66.9 65 63.4 63.4 64.1 63.8 63.5 63.6 64.1 64 62.7 61.2 62.8 64.1 66.7 68 70.8 71.3 71.7 69.3 67.4 67.5 68.9 73.3 82.1 91.2 97.7 103.6 112.4 124.2 134.2 143.2 152.5 161.9 171.5 181.1 178.4 168.7 164.1 165.7 168 169.9 175.7 177.9 179.2 175.3 169.1 163.8 161.6
83.5 84.6 86.3 87.2 87.9 90.4 91.9 90.2 87.8 87.3 88.8 86.7 85 85 83.1 81.3 82.5 79 73.2 71.8 68.6 63.9 60.4 59.5 58.4 58.2 57.6 58.5 62.5 66.6 69.1 68.7 67.6 63.9 63.3 63.4 64.2 63.4 62.7 62.1 62.3 62.6 63.3 62.7 62.5 63.6 70 72.8 75.3 76.2 76.9 77.8 77.4 77.8 81.2 86.4 90.2 97.8 105.2 115.4 125.6 135.5 144 153.2 162.5 171.7 181 185.2 184.8 178.6 173 171.8 170 178.5 182.3 185.6 187.7 186 180.4 171.6 165.3
84.4 85.9 87.5 88.8 91 93.6 94 93.4 91.1 89.5 89.6 89.9 85.7 83.6 81.5 78.7 79.2 76.4 71.6 68.8 67.3 63.1 60 59.2 57.6 57.5 58 59.5 63.2 67.1 69.4 68.2 67.4 64.1 63.4 63.8 62.6 62.2 61.3 61.8 61.7 61.4 61.9 62.7 61.7 63.9 71.9 76.2 79.5 82.2 83.5 84.5 85.1 88.4 91.2 92.7 98.7 107.6 117.9 128 138.1 148.1 156.2 161.6 171.2 180.5 187.8 187.8 187.6 185.8 181.2 179 176.6 182.8 187.8 192.3 195.4 195.9 192.1 183.1 172
85.3 87.2 88.9 90.3 92.4 95.5 96.3 95.7 93.5 91.4 89.7 88.1 86 82.8 80.4 77.7 76.5 73.9 69.9 67.9 66.5 63.8 59.8 59.4 57 57.7 57.7 59.9 63.9 66.3 68.2 67.7 66 64.9 64.4 63.9 63.2 61.1 60.5 60.8 61.3 61.4 61.1 61.5 63.3 67.9 74.3 78.8 81.9 85.6 87.4 88.4 90.1 93.9 99.7 105.1 110.9 120.6 130.6 140.7 150.8 158.2 163.6 175 181.3 188.8 190.9 192.2 194.6 195.7 188.9 185 184.6 186.4 191.8 196.7 201.5 202.7 201.5 194.2 182.5
85.7 89.2 91.7 90 92.8 96.3 98.1 97.9 95.6 93 90.7 88.9 86.4 84 80.3 77.3 74.2 71 68.2 67.4 67.2 65.4 59.4 58.2 57.4 56.8 57.9 60.3 63.3 65.6 66.1 66.2 66.4 66 64.7 63.9 63.3 61.5 60.1 60.6 61 61.3 60.9 60.2 67.9 71.8 75.4 80.7 85.2 87.8 89.1 95.4 98.2 101.8 108.6 115.6 123.5 133.7 143.6 153.5 161.8 165.8 170.9 184.6 191.1 194.3 197.6 200.3 202.7 203.1 200 194 191.2 191.1 194.3 198.6 205.5 208.7 208.2 203.3 192.2
87.4 89.8 94.6 94.8 96.2 95.3 98.4 99.5 96.7 94.7 92.4 90.1 87.4 84.5 80.2 77.4 73.2 70.4 68.3 67.2 67 66.3 60.6 57.1 56.9 56.8 58 60.4 62.7 64.4 64.8 65.6 66 66 65.8 64.2 64.4 60.1 59.3 60.3 60.8 61 59.8 64.5 72.3 75.2 77.7 81.9 86.7 88.9 93.9 101 105.9 111.4 116.3 126.6 135.8 145.7 156.3 165.9 169.5 173.4 178.3 189.8 196.3 199.6 203.2 206.3 207.1 207 206.5 201.1 198 196.9 197.5 202.4 207.7 212.7 214.4 211.6 203.8
89 90.8 94.8 97.4 99 100.2 99.5 98.3 97.3 95.6 93.2 90.2 88.4 85 81.3 78.2 74.1 72.7 68.4 66.2 65.6 65.4 61.9 56.9 56.5 56.3 57.8 59.8 62.2 63.4 64.2 65.2 65.3 65.8 65.3 60.9 59.3 59.1 59.9 60.1 60.2 59.6 62.1 68.3 75.3 76.4 79.1 83.9 87.8 90.8 101.1 109.1 115.4 121.8 125.6 136.5 147.1 157.3 167.2 172.5 177 180.9 185.7 192.9 198.9 205.1 208.4 212.4 215.3 215.5 215.3 212.1 206.5 203 202 205.5 211.5 215.3 218.6 217.3 215
91.5 93.6 96 98.2 100 101.1 100.9 98.9 96.3 95.8 93.4 90.9 88 85 81.2 78.8 78.3 74.6 70.8 66.7 64 62.7 58.2 56.8 56.1 56.5 57.8 59.7 61.7 63.2 63.9 64.7 65.3 65.9 62.7 59.3 58.8 58.8 58.5 59.1 59 61.1 65.3 71.1 75.9 78 81.7 88.2 88.9 96.7 108.7 119.2 125.6 132.1 136.8 144.9 153.2 162.3 168.4 173.9 179 184 188.9 194.6 201.6 207.6 213.8 219.7 224.1 225.6 226.3 223.9 216.3 212.6 212.3 212 216.2 219.8 222.5 225.7 225.1
93.6 95.6 97.3 98.8 100.4 100.8 101.5 99.2 95.4 95.5 94.5 92.4 88.6 85.4 81.9 78.8 78.5 75 72.4 69.6 65 60.1 58.3 57.1 56.1 55.8 56.8 59.6 61.3 62 63.6 64.1 63.5 64.4 59.3 58 58.5 58.1 58.3 59.2 60.7 64.9 67.7 72.5 78.1 80.1 84.9 86.1 93 105.8 117.5 128.7 136.7 141.5 147.7 153.1 158.9 163 169.2 175.2 180.3 185.6 190.1 196.1 203.3 210.6 219.3 227.2 232.4 234.5 235.9 236 227.6 219.2 218.6 218.4 220.7 224.2 226.9 231.3 232
94.5 96.8 98.7 100.4 100.5 101 101.8 100.7 96.8 95.2 93.6 91.9 90 85.1 82.5 80.3 78 76.5 77.5 71.5 66.9 60 57.8 56.4 55.7 55.6 56.4 59.2 60.9 61.9 63.7 63.2 64 58.5 57.6 57.6 57.2 58 58.3 60 63.6 65.6 69.1 74.3 79.7 81.6 86 94.2 103.1 113.2 125.6 137.5 146 150.8 156 159.8 163.7 168 172 176.8 181.2 185.4 190.5 196.3 203.2 214.6 225.3 234.9 240.5 243.9 246.5 248.3 246 235.3 226 224.4 227.9 230 231.6 236.4 236.6
95.4 97.2 98.9 100.5 100.9 100.1 100.6 100.6 97 94.8 93 91.2 89.4 85.1 82.8 80.9 79.2 79.1 79.5 77.6 72.1 64 57.5 55.5 55.4 55.2 55.9 59.8 61.7 62.2 63.4 62.9 59.9 56.9 57.3 57.1 56 57.8 58.1 62.6 65.5 68 70.5 76.4 82.1 85.1 91.2 100.9 111.5 122.1 131 138.4 145.2 151.2 159.1 164.2 168.2 173.4 178.5 183.4 187.6 187.4 191 196.9 213.3 222.2 231.7 242.4 250.6 254.5 259.5 260.5 259.8 256.6 248.7 240 241.8 246.5 244.2 241.8 240.2
96.9 98.5 98.6 99.1 99.6 99.2 99.2 99.6 97.4 93.2 91.2 90.2 88.8 86.2 82.4 81 79.3 78.7 79.4 79.2 75.9 68.3 60.2 55 54.5 54.7 56.7 59.9 61.9 62.6 63 61.7 57.5 57.1 56.8 55.2 57 57.3 58.5 64 67.2 69.8 73.3 79.7 84 86.3 94.2 105.6 114.4 122.1 131 139.2 146 151.1 158.7 165.3 172.4 177.4 183.5 190.2 195.4 196.6 200.4 208.1 222.1 232.4 241.5 251.2 259.4 264.8 271.2 271.4 271.7 268.6 265.1 260.6 261.8 260.2 254.1 250 245.5
97.4 98.5 98.5 98.2 97.7 97.5 97.2 97.5 94.8 91.6 89 88.4 87.9 84.7 82.2 80.2 78.5 78.6 79.4 79.7 76.7 69.2 62.2 54.7 54.1 54 55 56.2 61.5 62.8 62.6 55.6 56.1 56.6 56.7 56.4 56.8 57.8 60.7 65.4 68.3 71.6 75.7 80.3 85.2 88 96.6 106.7 114.7 122.4 130.5 139.4 146.4 151 159.1 167.7 174.6 181.9 189.6 196.4 203.2 206 211.8 220.7 234.1 242.1 251.7 259.4 264.9 269.3 272.2 279.1 281.9 282.7 281.7 277.4 279.4 278.5 268.7 259.6 249.5
97.3 98.3 97.5 96.5 95.6 95.4 95.7 96.1 93.7 90.2 87 87.5 85.6 84.9 81.6 79.7 78.2 77.5 78.3 79.2 77.3 69.8 62.9 55 54.1 57.2 55.9 56.6 61 61.9 55.9 55.6 55.7 55.9 55.7 56.1 57.3 58.5 61.5 64.3 67.8 71.1 75.5 80.6 85.9 89.8 95.6 102.9 112.8 121.6 130.9 139.8 146.7 151.4 159.9 170.2 177.5 184.8 193.8 200.5 206.9 215.6 222.3 230.2 241.8 250.3 260.6 270.8 279.1 284 284.1 287 293.2 293.9 292.1 287.9 288.1 288.9 286.9 279.8 268.3
96.6 97.8 97.3 95.5 95.6 94 93.7 93.3 92.2 88.9 87.4 85.1 85.1 83.2 80.9 79.3 77.7 76.4 76.9 77.7 77.9 71.8 63.5 55.6 54.7 56.4 54.5 57.2 60.7 61.4 53.1 55.2 55.2 55.3 55.6 56.2 57.7 59.5 62.4 65.5 69.1 73.1 78.1 82.4 85.6 89.9 95.5 101.3 110.5 120.6 129.5 138.2 146.7 154 163.6 172.6 180 187.7 197.4 204.2 212.2 220.3 228.3 235.9 243.9 254.3 263.7 273.8 284.6 295.1 301.6 307.3 312.4 314.1 306.1 301.5 302.4 302.7 303.8 296.5 277.3
96.3 97.4 96.1 94.8 93.8 93 92.1 91.7 90.8 88.6 86 84.7 83.9 82.4 79.4 78.7 77.6 76.5 76.3 78 78.6 72.5 64.1 56.3 53.7 54.3 54.4 55.9 57.8 58.4 53.2 54.7 54.8 55.2 55.4 56.4 60.2 62.2 63.1 66.6 72.6 76.5 80.3 83.5 86.5 90.6 96.1 102.6 110.4 120 128.8 137.4 146.3 155.1 163.1 173.3 182.1 188.1 198.1 205.5 213.4 220 230.2 238.7 245.9 254.2 264.5 272.6 286.4 299 308.9 314.9 322.2 326.4 326.9 324.8 323 317.7 316.5 310.3 295.7
96 97.4 96 94.6 94 92.8 91.3 90.2 89.9 87.9 85.6 83.3 82.7 81.4 78.8 77.8 76.9 75.5 76.1 77.3 78.2 73.7 65.3 55.6 53.1 52.6 54.7 55 56.1 56.1 52.8 54.3 54.4 54.8 55.4 59.9 61.9 63 67 70.7 73.9 77.6 81.3 85.1 87.7 90.1 96.8 105.2 114.8 125.4 134.9 143.8 152.6 161.4 170.2 178.8 186.8 195.1 201.6 209 216.4 220 228.6 237.5 244.3 252.2 260.9 270.7 285.1 300 310.5 320.2 328 332.4 335.4 335.7 334.7 332.2 330.3 324.1 319.9
96 97 96.6 95.6 94.3 92.3 89.9 88.3 87.8 87.1 83.9 81.9 81.1 79.9 78.1 76.8 76.1 75.5 74.8 77 77.6 73.4 66 54.4 53.1 53.2 55.3 55.6 55.5 54.8 54 54.5 54.3 54.9 57.7 61 64.8 68.6 74.1 75.4 72 78 81.5 84.9 87 91.2 100.2 109.2 119.1 129.6 140.2 150.1 159 167.8 176.6 185.7 195.2 202 205.5 211.3 217.8 221.5 226.4 233.5 238.5 247.4 257.6 268.5 281.3 297.6 309.8 320.7 327.7 333.8 338.7 341.2 340.2 338 334.3 334.7 333.2
96.3 96.5 96.8 96.2 94.7 93.2 91.2 89.3 87.9 87 83.1 81 80 79.1 77.2 77.5 75.3 74.8 73.2 75.6 75.7 71.7 64.8 54.8 56.5 55.3 54.4 54.3 54.9 52.9 53.6 53.6 54.1 54.6 61.5 66.5 73 76.7 78.4 78.5 77.8 76.6 80 83.3 87.3 94.2 104.2 113.2 123.4 133.9 144.5 154.7 165.3 174.1 183 192.7 199.6 205.3 210.5 214.9 219.5 223.1 224.8 229 232.3 239.8 251.1 262.3 274.5 290.6 304.9 316.4 325.5 333.8 341.2 343.7 341 338.7 339.1 341.1 339.4
95.9 96.3 96.8 96.8 96.2 94.5 92 89.6 88.2 86.5 81.7 80 79.1 78.1 76.5 75.5 74 73.8 73.2 75.9 70.2 68.2 62.4 60.3 55.2 53.3 51.3 51.2 52.7 53.6 53.2 53.5 54 60.4 66.1 71.5 76.2 80 81.9 82.7 78.9 76.2 79.1 83.5 88.2 94.3 108.1 117.2 127.7 138.2 148.8 159.2 169.8 180.3 189.8 199.8 203.3 207.5 212.7 218 222.5 225 225.9 227.3 230.7 234.1 241.5 253.6 266.6 280.2 296.7 311.1 323.3 333.2 342 345 342.2 339.3 340 343 346.2
95.6 96.4 96.3 96.6 96.7 95.1 93.3 90.7 88.4 85.6 80.8 79 77.9 77.1 76 73.8 71.2 72.5 72.7 74.3 71.3 66.8 63.2 57 51.9 51.1 52.7 51.3 52.7 52.7 53 53.6 55.9 63.4 68.2 72.5 76.4 81.4 84.2 82.8 77.3 77.7 80 82.9 88.3 94.7 111.6 121.4 131.9 142.5 153.1 163.7 174.2 184.4 192.9 204 207.9 211.2 216.2 221 224.6 225.8 227 227.8 229.7 232 234.8 243.5 255.9 269.1 285.3 303 317.9 329.3 337.7 343 340.2 338.8 339.3 345.3 348.3
95.6 96.2 95.8 96.5 96.7 94.4 96.8 90.7 88.8 85.3 81 78.9 77.7 76.2 74.8 72.9 72.1 70.6 71.7 72.6 72.4 67.3 62.3 54.5 50.1 51.7 52.6 51.7 52.3 52.4 53.3 55.5 58 64.7 69.2 72.5 77.5 81.7 83.5 80.7 76.4 77.1 79.1 84 87.5 93.2 114 125.4 136.2 146.9 157 167.4 175.8 184 191.6 201.2 208.6 214.2 218.6 221.9 223.9 225.1 226.3 228.2 229.8 231.7 233.5 236.9 246.3 258.9 275.3 290.5 307.8 321.1 331.3 334.4 333.4 334.3 337.7 342.3 346.5
94.6 95.3 95.2 95.9 96.1 96.4 93.7 95.7 88.5 85.2 82 79.9 78.3 76.7 73.9 72.7 71.6 70.1 69.4 71.8 71.1 66.3 60 50.8 52.1 51.8 52.1 51.8 51.9 54.6 56.8 55.8 59.3 65.7 69.3 72.3 76.9 81.1 83.6 79.6 76.1 76.5 77.4 85.1 86 99.9 116.9 129.6 141.7 154.7 165 173.6 182.2 187.7 193.5 197.9 203.6 209.4 215.1 219 223.2 224.2 225.9 227.8 230.1 232.8 234.6 236.4 239.1 248.7 262.4 277.9 293.9 307.1 316.6 321.4 325.1 327.5 333.8 337.8 342.8
94.2 95.6 95.1 95.4 96.2 95.9 93.6 94.2 94.2 89.6 85.9 82.2 79.6 77.6 75.5 74.3 72.7 70 69.9 67.8 68.9 64 58.8 50.5 49.8 49.8 50.7 50.8 52.3 55.9 57.7 56.5 60.8 66.2 69.7 72.8 77.2 80.7 82.2 78.7 76.2 76.3 77.6 87.7 85.3 101.6 118.7 131.7 145.1 158 169.6 178.9 183.4 187.9 192.4 197.6 203 205.6 209.5 216.2 220.8 223.7 225.8 228 230.4 232.6 234 235.2 236.6 239.5 249.7 265.3 278 288.4 298.2 307.7 315.4 319.8 326.1 332.6 337.5
