ny/ny01_OST50GRID_20230518/NY01.asc
ncols 200
nrows 200
xllcorner 300000
yllcorner 510000
cellsize 50
[rows 0 to 35 of 200, columns 0 to 80 of 200]
142.7 144.7 145.9 146.8 147.3 145.3 142.8 140.3 138.6 136.7 137.4 138.4 139.1 139.1 138.5 139.8 140.7 141.6 142.5 143.4 143.5 142.7 141.8 141.2 141.8 143.1 144.5 145 144.8 143.6 133.8 138.9 144 148.4 152.2 155.4 157.9 160.5 162.1 164.3 166.3 168.1 170.9 174.5 179.4 183.1 185.2 187.1 189 191.2 194.1 197.1 199.9 202.5 204.9 207.2 208.1 206.7 203.9 200.9 197.7 193.6 190.5 187.9 186 185.8 185.8 185.2 185.4 186 186.5 184.9 183.2 181.5 183.6 184.5 184.7 181.8 175.7 169.7 164
141.1 142.7 144.2 145.7 146.3 145.3 143.1 139.6 136.7 135.1 136 137 138 137.5 137.2 138.2 139.6 140.5 141.3 142.2 142.2 141.6 140.7 139.7 141.9 143.6 144.9 144.9 144.6 141.6 132.1 140.4 145.7 149.6 153.3 155.4 157.6 159.4 161.3 163.6 165.6 168.7 171.8 175.5 180.8 184.1 185.6 187.2 189.3 191.5 194.1 196.9 199.4 201.9 204.4 206.8 206.2 203.9 200.7 197.5 193 189.1 186.3 184.2 182.7 182.5 182.4 182.3 182.5 182.9 183 182.1 180 178.2 180.7 181 180.4 176 170.6 165.8 160.3
139.7 140.8 142.3 143.8 145.3 144.8 143 140 136.7 134.8 135.5 136.5 136.4 135.9 137.2 138 138.8 139.4 140.3 141.3 140.9 139.9 139.4 140.5 141.3 143.7 144.8 144.5 143.8 135 135.8 142.9 147.3 150.8 152.3 154 155.8 158.1 160.8 163.2 166.4 169.6 172.7 177.6 182.4 185.4 186.7 188.2 189.6 191.9 194.3 196.7 199.2 201.7 204.2 205.9 204.1 201.6 197.8 190.7 188 185.8 183.3 181.4 180.1 179.6 179 178.9 178.5 179.4 179 178.5 177.9 175 176.6 177 175.8 171.8 166.7 162.4 157
139.1 139.3 140.6 142.4 143.7 143.9 142.4 140 137.2 134.4 135.3 135.2 134.4 133.1 135.9 137.7 138.5 139 139.4 140.3 139.7 138.3 137.9 138.9 141 143.5 144.2 144.4 138.2 132.7 138.7 143.5 148.2 151.1 152.1 153.1 154.7 157.2 160.8 163.9 167.1 170.3 173.4 179.5 184.4 186.8 188.9 190.2 191.8 193.5 195.7 197.4 199.8 202.3 204 203.7 201.9 199 194.1 188 184.7 182.6 181.9 179.8 177.5 177.2 176.2 175 174.4 176 176 175.4 174.8 172.9 169.3 172.3 170.1 164.7 161.3 158.2 155
139.6 139.2 139.3 141 142.1 143.1 141.5 138.7 136.1 133.7 135.3 134.4 133 132.7 134.2 135.9 137.6 138.6 139 139.3 138.4 137.1 136.3 139.1 140.7 142.2 143.1 142.8 132.3 132.1 139.6 144.9 149 151.1 148.2 153 155.9 158.1 161.3 164.6 167.8 170.4 173.4 180.1 186.5 185.5 190.9 192.5 194.2 195.6 196.9 198.8 200.6 202.1 201.8 201.5 199.1 195.3 190.3 185.3 182.1 180.2 178.5 176.9 175.9 174.9 173.6 171.8 172.1 172.8 173.2 172.6 171.7 169.4 166.6 167.3 164.5 160.1 156.6 154.7 153.1
139.6 139.4 139.2 139.6 140.7 141.9 140.7 137.4 134.7 131.8 134.7 134.2 132.2 131.4 133.2 134.4 136.2 138 138.4 138.7 137.1 136 136.8 138.6 140.3 140.9 141.7 140.2 132.2 132.8 139.3 142.7 147.6 145.4 148.5 153.8 156.8 159.5 163 166 168.7 171.5 175.2 180.3 188.4 192.4 193.9 195.8 196.4 196.8 197.9 199.4 201.3 200.6 200 198 195.4 190.5 186.4 182.7 179.6 177.9 176.3 175.7 174.2 172.9 172.3 170.7 169.7 170.1 170.1 169.8 169 165.7 163.1 161.5 158.5 156.1 153.6 151.8 150.2
139.1 138.9 139.3 139.3 140.2 141.1 139.9 136.7 134.3 130.8 133.2 133.5 130.9 131.7 132.8 133.8 135.1 137 137.7 137.8 136.1 134.6 136.1 138 139.3 139.9 139.9 135.6 130.9 134.7 139.7 144.3 147.4 149.9 152.4 154.7 159.1 162.6 165.3 167.9 170.5 174 178.3 184.6 190.5 194.4 196.3 197.1 197.5 198.1 199.1 200.4 201.5 199.9 197.5 194.9 190.8 185.9 182.5 180 177.4 175.7 174.7 174.3 173.5 171.5 168.8 167.8 165.3 167 167.1 166.9 165.7 162.4 159.4 156.3 153.8 151.7 150.5 148.9 148.3
138.7 138.9 139.3 139 139.9 140.7 139 136.2 134.2 131.5 130 130.4 128.6 131.7 132.8 133.7 134.5 135.9 137.1 136.7 135.1 133.6 135.5 137.4 138.4 139.1 130.7 128.4 131.7 138.2 142.2 145.8 149.9 151.7 154.8 157.5 160.4 163 165.7 168.9 173.1 177.8 182.9 188 192.7 197.1 199.4 199.8 198.9 199.1 199.6 199.8 199.6 197.6 195 192.3 187.4 183 179.7 177.2 175.2 173.4 172.2 173.1 172.2 169.7 167.3 164.2 162.7 163.6 163.8 163.2 160.9 159.3 156.6 154.6 148.4 148 147.6 146.2 146
138.5 139.2 139.2 139.5 140 140.4 138.2 135.6 133.6 132.1 129.6 128.1 127.7 130.2 132.8 133.6 134.3 135.3 136 134.9 133.8 132.9 135.1 137.3 138.1 138.2 127.7 130.4 134.7 139.9 142.8 146.1 149.8 153.1 155.8 158.3 160.8 163.5 166.5 170.8 174.8 179.4 186.2 190.7 194.9 198.6 200.5 200.9 199.8 199 198.5 198 197.6 194.3 191.9 188.5 184.1 180 177.6 178.9 173 169.5 168.4 170.5 169.2 165.7 163.9 162.2 158.7 160 159.7 159 157 155.1 153.2 151 148.4 145.4 142 144 144.3
138.3 138.5 138.8 140 140.8 140.9 137.7 134.9 133.2 132.3 129.9 127.5 127.6 130.5 131.9 133 134.1 135 135 133.5 132.1 132.9 135 137.2 138 136.2 127.1 130.2 135.4 139.2 141.4 145.6 149 152.4 156.3 158.9 161.7 164.6 167.4 171 175.5 181.1 189.3 193.4 197.1 199.9 201.4 201.8 200.6 198.6 196.2 196.5 195 191 188.6 184.5 181.2 178.5 174.2 172.7 170.1 165.9 165.4 166.4 164.8 161.6 160.2 158.7 155.2 156.1 156.6 155.5 152.8 152.1 150.8 149.5 147.2 144.9 142.4 134.5 136
137.2 137.7 139.2 140.1 140.9 141.1 138 135.2 133.1 132.4 130 127.9 126.3 129.2 130.9 132 133.3 134.2 133.9 132.4 130.6 133 134.7 137 137.5 129.1 126.4 132.2 135.7 138.1 140.2 143.3 147.2 151.5 156.9 160.3 162.9 166.5 169.6 173.4 181.7 188.5 193.2 195.5 198.2 200.6 201.9 202 200.8 198.7 195.8 192.2 191 187.5 184.2 180.8 177.9 174.8 171.4 168.5 164.7 162.1 161.7 162 157.9 156.9 155.8 154 151.5 152.2 152.5 151.1 150.7 149.6 148.1 147.6 146.1 143.9 141.7 136.3 126.4
137.2 138.1 139 139.9 140.7 140.7 138.3 135.4 132.9 132.5 130.7 129.2 124.6 128 130.1 131.4 132.7 133.5 132.7 130.8 131.4 133.1 134.7 136.7 136.5 125.8 125.3 129.4 134.5 137.4 140.1 144 149.8 154 157.6 161 164.1 167.7 171.5 176.9 186 192.6 196.6 196.4 198.5 201.1 202.3 201.8 200.6 198.3 194.4 189.7 185.7 183.7 180.6 177.2 174.4 171.1 168 164 161.4 158.1 157.9 157.2 153 151.8 151 150.3 148.1 148.6 149 149.4 148.7 147.4 145.8 144.5 144.1 141.7 139.2 127.2 122
136.6 137.6 138.6 139.6 140.2 138.9 137.7 135.7 133.3 130.9 130.4 128.8 124.8 127.9 129.4 130.8 132 131.8 131.4 129.9 130.7 133 134.6 136.4 136 129.9 123.3 127.5 134.2 137.4 142.9 147.1 151 154.9 158.4 161.8 165.3 170.2 173.7 180.7 189.1 196.4 200 199.2 199.4 201.3 202.3 201.8 200.4 197.8 191.7 187.6 182.6 180.7 177.2 173.6 170.3 166.9 163.4 160.3 157.5 154.2 154.2 151.8 148.7 147.4 148.1 147.5 145.6 146.3 147 147.7 146.5 145.2 143.9 141.6 140.4 138.5 130.9 120.9 128.2
135.3 136.5 137.7 138.6 139.4 138.6 137.2 135.2 133.4 131.4 129 128 125.1 127.5 128.9 130.4 130.8 130.4 129.9 128.2 130.5 132.2 134 136.1 136 124.7 124 129.4 135.4 138.6 144.6 148.6 152.2 155.8 159.3 162.7 166.7 174.6 180.7 187.1 194.5 200.1 203.7 204.4 201.8 202 200.9 200.1 198.8 196.4 192.3 186.7 181.6 178 173.8 170 166.7 164.4 161.9 158.6 154.5 149.5 149.3 147.2 144.6 143.5 142.6 143.9 141.6 144.5 146 145.9 145.2 143.2 141.7 137.9 129.9 128.8 121 128 137.6
134 135.2 136.4 137.6 138.5 138.2 136.5 134.5 132.5 130.8 129.1 127.1 124.8 127.3 129.4 130 129.9 129.6 128.5 128.4 130.1 132 134 135.9 135.4 123.7 123.3 131.1 135.7 140.4 145.1 149.7 153.3 156.8 159.8 163.1 168.7 179.3 187.7 193.8 199.5 203.3 206.5 208.5 204.6 202.7 200.8 197.9 196.5 193.8 190.8 185.4 181.1 176.3 171.1 168.2 164.9 160.2 158 155.2 150.3 144.7 145.6 143.2 140.7 140.1 139.6 140.4 140.8 143.2 145.2 144.8 142.5 139.3 133.3 126.7 123.7 121.2 122 134.3 140.4
133.2 134.4 135.6 136.8 137.6 137.3 135.7 133.8 131.8 129.9 128.2 126.5 125.8 127.9 130.3 129.7 129.6 129 127.5 127.7 130.1 131.9 133.9 135.8 134.5 124 123 132 137.6 142.2 145.6 150.2 154.4 157.5 160.4 164.3 173.4 186.2 193.5 199.9 203.2 206.1 208.3 208.9 205.8 201.3 197.9 194 192.8 191.3 188.8 184.5 180.5 175.8 171.3 166.9 162.1 157.4 154.1 150.8 146 141.4 139.9 138 137.6 137.2 137.3 136.5 138.4 139.9 142.5 141.3 137.5 130.6 121.1 118.8 119.5 121.9 131.9 141.6 145.6
132.7 133.9 135 136 136.9 135.8 134.2 132.6 131 129.1 127.3 125.1 126.5 130.2 131.3 130.3 129.1 128.4 125.8 127.7 130.2 132.5 134.2 135.5 131.7 121.5 124.9 133.2 137.9 144 147.7 151 155 157.9 160.9 165.4 179.5 189.9 197.1 202.6 205.4 206.9 207.5 207.2 204.7 199.5 194.2 191.3 188.1 187.3 185.5 183.6 179.2 174.5 170 165.5 159.9 155.1 149.5 145.3 141.7 139.1 134 134.1 133.7 133.7 131.9 132.2 134.8 136.4 139 137.5 134.4 121.3 118.2 126 126.5 131.5 135.9 146.4 150.2
131.9 133 134.1 135.3 135.9 134.3 132.7 131.1 129.5 127.9 126.3 123.3 128.2 132.4 132.4 129.9 128.4 127.6 125 128.1 130.5 132.8 134.9 133.8 127.1 122.2 130.4 136.8 141 145.1 149 152.4 155.5 158.4 161.9 169.8 182.6 191.8 198.5 203.1 205.7 206 205.6 204.6 201.7 197.7 191.7 187.1 184.2 182.6 181.2 180.4 177.3 173.1 168.6 164.1 157.6 153.6 148.1 141.6 138 134.7 131.9 130.7 129.1 129 129 129.8 132.2 132.8 134.2 132.4 122.1 119.1 121.6 135.3 138.4 141.2 145.6 148.4 154
130.3 131.5 133 134.4 134.8 133.2 131.6 130 128.4 126.8 125.1 124.6 129.3 132.7 131.4 128.9 127.5 125.7 125.5 128.2 130.5 132.8 134.2 131.4 121.9 122.9 131.8 137 141.1 145.5 149.1 152.4 156.6 160.2 163.5 172.1 185.3 193.5 199.2 202.8 204.5 204 202.5 201.2 198.8 194.7 188.8 183.7 180.9 178.8 177.1 176.7 173.7 170.2 165.7 161.5 156 150.8 145 138.7 133.8 131.3 127.8 127 126.6 125.9 124.7 128.8 129.5 130.5 126 119.6 118.5 115.8 129.8 138.1 142.2 146 151.4 156.2 157.2
129.3 131.1 132.6 133.3 133.7 132.1 130.5 128.9 127.3 125.7 123.4 126.6 129.8 131.3 129.9 127.9 126.1 122.1 123 128.2 130.5 132.5 132.3 128.8 116.8 123.6 133.2 137.4 141.5 145.7 148.9 154.2 157.8 161.9 167.2 178.3 187.9 194.9 198.9 201.1 202.2 201.3 199 197 193.8 190.3 184.1 180.9 178.4 175.6 173.8 173 170.7 167.2 163 158.9 154.4 148.2 141.7 136 131.2 125.4 124.2 122.6 124.1 123.8 124 126.3 126.7 122.9 117.2 117.7 116.1 128.3 138.2 142.2 145 150.2 156.3 160.4 160.1
128.5 130.5 132.2 133.1 132.3 130.7 129.1 127.5 125.9 124.6 123.2 125.7 128 128.4 126.9 126.2 123.1 119.1 124.3 127.9 130.6 132.2 130 126.9 114.1 125.8 133.4 137.1 140.6 145.1 149.5 154.7 159 164.1 171.5 180.9 189.3 195.6 198.8 199.5 199.5 198.6 196 192.1 188.8 184.7 179.1 176.8 174.6 173.1 171.3 169.5 168.1 164.5 160.4 156.2 151.7 145.4 139 133.2 129.3 121.9 120.8 120.1 121.1 119 116 114.8 115.2 115.2 115.3 121.9 132.3 138.2 143.2 146.3 149.5 154.7 160.1 163 162.8
127.8 129.5 130.9 131.7 130.6 128.8 127.2 125.6 124.6 123.6 122.3 123.8 124.5 123.9 123.5 123.6 120.9 117.7 124.1 127.6 128.9 129.6 128.2 123.7 116.6 125 133.5 136.3 140.3 144.7 149.6 154.8 160.6 166.7 177.6 185.1 191.6 196.4 198.7 198.1 197.4 195.6 192.9 189.4 184.7 179 174.9 172.1 169.7 168.4 166 165.9 165 160.1 155.2 151.9 148.6 141.7 136.5 130.8 124.1 119.2 118.3 117.1 117.4 115 114.1 113.9 117.9 121.1 125.4 130.2 135.9 142.8 146.9 149.3 152.7 157.8 161.7 164.3 163.6
125.8 128 129.4 130.3 128.9 127 125.6 124.5 123.5 122.5 121.7 121 120 119.4 122.1 122.1 117.3 118.9 123.1 125.2 125.7 126 125.6 118.4 116.9 126.9 131.9 136.1 140.5 144.9 149.8 155.4 162.6 171.6 181.5 187.6 191.9 196.1 196.7 196.7 194.9 192.6 189.3 184.1 178.8 173.9 170.5 167.6 166 163.1 161.4 160.4 158.4 154.7 150.7 148.2 144.6 138.9 133.4 127.8 121.6 117 115.9 115.2 115.3 113.3 112.3 115.8 120.4 125.2 130 134.8 142.3 145.9 149.4 152.6 156 159.8 163.9 165.3 166
125.6 124.7 127.1 128.5 126.8 125.1 124.5 123.5 122.5 121.5 120.6 117.7 113.8 115 118.7 118.9 112.3 118.1 122.2 121.3 122.3 123.3 122.4 114.8 118.1 127.9 131.6 135.6 140.3 145.1 150.7 157.1 165.3 174.3 183.4 188.1 191.7 194.2 195.4 193.6 191.8 189.1 184.7 179.3 174.1 169.2 166 163.5 161.2 158.8 157.3 155.9 154.3 152 146.8 144 138 134.6 129.6 123.3 118.3 113.9 113.6 113.2 112.3 112 116.5 123.6 126.1 130.9 135.7 139.1 145.2 148.6 152.1 155.7 159.5 162.8 165.4 166.6 167.6
125.7 123.3 124.3 125.4 124.3 123.3 122.8 122.2 121.5 120.4 118.7 116.6 110.9 109.7 112.7 113.1 110 113.6 114.5 115.3 119.3 117.7 116.2 114 117.6 126.7 132.8 137.1 141.9 146.7 152.2 162.1 169.6 176.3 183.3 187.1 190.4 191.5 192.6 191.2 188.5 184.8 180.2 174.6 169.2 164.5 161.9 159.3 158.4 155.2 152.9 152.3 150.6 147.8 142 137.4 132.8 129.4 125 118.1 113.4 112.1 111.5 110.7 112.6 116.5 123.8 128.1 131.9 136.7 140.5 145 148.2 151.7 155.2 158 161.5 164.9 166.4 167.3 168.6
125.7 123.5 120.5 121.1 122.1 121.6 121.1 120 119.1 117.7 116.9 116 112.2 105.8 108.1 109.8 108.3 110.6 109.8 110.4 112.5 110.3 111.1 113.1 120.6 126.2 134 139.4 143.6 148.4 154.7 164.4 171.6 175.9 181.9 185.9 188.5 189.1 188.3 186.8 184.6 181 176 169.9 164.7 161.1 157.6 155.1 154.5 151.7 149 148.7 145.7 141.3 136 131.2 127.1 123.1 117.2 109.5 109.2 109.4 109.2 112.7 119.1 123.1 125.5 131.7 136.2 141.4 143.6 148.4 151.3 154 156.4 159.9 163.4 164.4 165.8 168.2 169
125.4 124.7 122.5 116.5 117.4 119.5 119.1 118 116.7 115.5 115 114.6 111.9 105.4 106.5 105.9 106.5 107.3 109.3 112.7 116.3 120.2 122.2 122.4 129.7 134 136 142.5 145.6 150 157 165.7 172.8 176.2 180.1 184.1 187.5 186.4 184.7 183.6 181.5 177.5 172.6 167.6 162.2 158.6 155 152 150.7 148.9 145.9 142.9 138.7 132.1 129.7 125.3 119.7 110 107 108.7 112.6 113.9 115.1 115.2 118 122.6 127.2 133.4 138.3 142.6 146.3 150.3 152.6 154.9 158.3 161.4 163.1 164.8 164.9 168.9 169.3
125.4 125 123.8 119.8 113.6 114.5 117 116.1 114.8 113.6 113.4 113.3 108.1 103.3 102.7 102.8 107.7 112.6 118.6 123.5 126.1 128.6 131.3 134.4 136.5 138.7 139.2 144.3 147.5 151.2 158.8 166.9 171.7 175.2 180 184 186 184.7 182.7 180.5 178.2 173.9 169.3 163.9 160.5 156.5 151.4 147.3 147.2 143 140.9 135.1 129.2 128.2 119.9 114.4 106.7 106.2 108.1 115.3 117.2 118.8 120 122 123.2 125.1 128.7 134.8 139.5 144.4 148.5 151 153.4 156.4 158.7 160.4 162.1 163.9 166 168.8 172.8
124.1 123 121.9 119.6 115.4 110.6 112.4 113.6 112.6 111.6 108.3 103.3 100.9 100 104.4 108.2 112.6 118.7 123.3 127.1 130.7 133.9 136.4 138.8 141 142.5 143.8 145 149.3 152.9 160.8 166.8 170.9 174 179.1 182.6 183.8 182.4 180.3 178.3 175 170.5 165.8 161.3 157.4 153.9 148 143.6 141.5 138.5 137.1 133.3 126.5 120.8 115.2 105.3 108.7 115 110.9 116.3 120.4 122.9 125 127.2 127.7 127.2 131.6 136.8 141.2 145.8 149.2 151.4 153.7 156.1 157.7 159.4 161.2 163 165.7 167.9 173.7
122.1 121.1 119.8 118.4 115.6 112.5 107.7 110.6 109.7 106.9 101.8 100.4 101.1 104.3 108 112.1 116.2 121.5 125.8 129.4 132.9 135.8 138.5 141 142.8 145.1 147 148.4 151.4 155.2 162.3 167.5 170.5 172.5 176.3 180.8 181.1 180.1 178 176.1 172 167.6 161.6 157.8 154.3 150.1 144.4 141.3 138.8 135.1 133.3 128.5 125 117.6 107.3 106.1 115.6 116.8 115.5 118 122.7 125.8 127.7 128.8 129.7 127.9 132.4 137.3 141.9 146.5 149.5 151.8 154.1 156.1 156.9 158.4 160.2 162.2 164.8 167.7 172.6
122.1 119.8 117 114.2 112.6 111.6 102.1 107.7 107.2 101.4 99.7 100 104.3 108 111.7 115.5 120.2 124.2 127.1 130.7 134.1 137.1 140.2 142.5 144.5 146.8 149.1 151.7 154.2 159.1 163.1 166.6 169 171.1 174.1 178.3 178.1 177.5 175.6 173 168.7 163.6 157.6 153.5 149.5 144 139.4 137.9 135.5 132.3 130.2 125.9 123.7 108.3 103.5 115.6 117.4 118.9 119.6 121.1 124.3 127.4 128.5 129.6 130.5 129.6 132.7 137.5 142.9 147.2 149.8 152.2 154.5 156.5 156.5 157.7 159.4 161.8 165.5 167.8 170.1
121.6 119 114.7 112.8 109.3 106.1 100.7 103.4 100.8 99 97.7 101.7 106.1 110.1 113.9 118 121.8 125.2 128.6 131.3 134.1 137.3 140.7 144.1 146.6 149.3 152 154.8 157.7 160.8 163.7 165.5 167.7 169.8 171.9 175.4 175.4 174.4 172.2 168.9 163.9 158.9 154.3 151.2 145.1 139 134.8 134.2 133 130.5 128 124.5 115.4 105.2 111 117.4 118.6 119.9 120.7 124.2 126.5 128.2 129.2 130.2 131 131.6 133.2 138.1 142.6 147.4 149.4 152.7 155 156.1 155.8 157.4 159.2 162.1 165.7 169.2 170.5
118.7 114.6 111.1 106.3 103.4 100.9 100.1 100.2 99.2 98.4 98.2 103 107.8 111.8 115.7 119.3 122.9 126.3 128.9 131.3 134.3 137.6 140.7 145.9 149.6 152.3 155 157.8 160.8 162.7 163.7 163.7 165.7 168.2 170.5 172.5 172.8 171.3 168.7 165.2 158.7 152.3 149.4 146.7 140.3 134.5 131.6 127.6 129.2 127 125.1 120.3 109.8 102.5 113.5 118.5 119.5 120.8 122.8 125.7 125.8 128.9 129.9 130.7 131.5 132.1 133 137.3 143.8 146.5 149.4 152.6 155.2 155.6 155.3 157.3 159.3 162.9 166.7 169.7 172
113.8 109.5 106.1 102 99.8 98.8 98.7 98.3 96.2 98 100.6 104.9 109.3 113.1 117 120.5 124 126.9 129 131 134 137.2 142.4 147.9 151.7 155.5 158.1 160.9 163.1 163.2 162 162 163.6 165.6 168 169.6 169.3 168.3 165.1 160.6 153.5 147.1 145.1 141.7 135.7 130.9 128.4 125.9 125.2 123.7 121.9 118.8 104.5 103.2 114.1 119.6 120.5 121.5 124.4 126.4 128.5 129.1 130.3 131.2 131.5 131.8 133.9 137.6 143 146.2 149.7 153 153.8 154 155.1 157.4 160.7 164.5 167.4 169.8 171.9
110.3 105.7 102.1 99.5 97.8 97.7 97.2 97.2 97.1 99.8 102.6 106.8 111 114.4 118.2 121.7 124.4 126.5 128.4 130.4 133.5 138.5 144.1 149.6 153.7 157.7 161 163.8 163.5 162.3 160.7 160.3 161.8 163.4 164.3 165.7 165.8 165 161.7 156.8 149.5 143.3 141.4 137.1 132.5 128 125.6 124.5 121.6 122 118.8 110.8 101.5 108.2 117.5 120.1 121.4 123 125.4 127.7 129.3 128.9 130.3 130.8 130.5 132.2 134.5 136.5 142.7 146.8 150.6 152.8 152.5 153.4 155.5 157.6 161.3 165.1 167.9 170 171.5
108.8 104 100.1 97.4 96.3 96.4 96.2 95.4 98.1 101.2 105.9 109.3 112.5 115.9 119.3 121.4 123.4 125.3 127.5 129.7 133.5 138.8 145.2 150.5 155 159.3 162.5 164.3 163.6 161.7 159.6 158.6 160 160.1 159.8 161.3 162.5 160.9 158.3 153.4 144.6 139.3 136.7 134.5 130.5 126.6 124.5 123.1 121.2 119.3 119.3 112.7 100.9 114 119 120.7 122.1 124.4 126.7 128.8 129.5 129.1 129.5 129.7 131 132.3 134.1 137.6 142.2 146.4 150.1 150.8 150.6 153.6 156.4 159.2 162.3 165.4 168.5 171.1 172.7
