ny/ny01_OST50GRID_20230518/NY01.asc
ncols 200
nrows 200
xllcorner 300000
yllcorner 510000
cellsize 50
[rows 36 to 71 of 200, columns 81 to 161 of 200]
168.7 170.6 173 172.3 172.3 172.3 172.3 172.4 172.4 172.2 171.3 169.4 169 166.6 164.1 161.7 159.2 157.6 159.9 162.3 164.5 165.2 165.6 165.5 164.7 165.4 167.3 162.5 162.6 167.6 169.9 171.4 172.3 173.4 188.7 189.1 171.1 166.2 166.2 180.9 177.1 177.3 177.6 177.9 177.9 179.1 181.9 183.1 187.4 193.5 196.8 200.1 204.3 191.9 192.6 208.7 202.7 205.6 207.8 205.3 211.1 216.1 214.3 211.8 211.1 210.2 204.6 204.3 209.7 215.4 221.8 229.4 237.7 245.6 253.1 260.2 265.3 269.3 273.3 275.2 271.1
168.1 170.3 171.4 170.2 170 170.1 170.2 170.4 170.6 170.2 169.7 168.9 166.3 164.8 162.4 160.7 159.1 158.7 161.8 164.2 166.1 165 164.6 164.5 164.3 165.8 164.8 161.4 164 166.4 168.8 169.6 171.1 178.8 173.9 183.8 170.4 166.2 166.2 180.7 177.6 178 178.2 178.5 178.9 184.1 183.8 185 188.1 193.8 197.2 199.9 202.7 193.6 201.1 204.8 203.7 205.1 206.3 210.5 215.4 214.5 210 204.9 206 205.3 199.8 205.4 211.5 217.4 223.9 231.6 237.2 243.3 250.2 255.8 258.5 259.4 261.7 261.3 259.8
169.3 169.8 169.7 168.4 167.8 168 168.1 168.5 168.9 168.5 168 167.3 164.6 163.2 161.1 159.6 157.1 161.9 164.3 166.8 168.3 168.4 165.7 164.2 164.4 165.1 162.3 161.1 163.6 166.4 167.6 168.9 173.1 177.2 180 175.7 181.7 168.2 170.5 185.8 178.4 178.2 178.6 179.3 180.1 183.4 185.2 188 189.3 191.5 196.2 200.1 203.7 206.8 205.3 204.3 204.5 203.7 203.4 206.1 204.1 204.3 203.3 202.9 201 199.8 202.5 208.2 213.7 219.4 224.5 228.3 233.8 239.9 245 248.3 249.3 250.7 250.3 251.5 252.9
168.5 168.8 167.7 166.6 166.1 165.8 166 166.7 167.1 166.7 166.3 165.5 164.2 161.3 159.5 158.9 157 163.3 166.2 169.3 170.7 171.3 168.6 165.5 162.9 162 160 161.3 163.4 165.6 166.4 169.4 173.5 178.8 184.6 186.6 177.6 176.4 166.2 183.1 181.5 179.8 179.8 180.6 182.3 184.1 187.3 190.2 191.2 195.3 197.5 200.5 202.7 205 204.2 204.4 205.1 201.9 199.2 200.8 202 203.4 203.1 201.2 198.3 197.9 204.2 207.8 214.5 217.8 221.8 225.7 230.2 232.9 235.1 237.4 239.9 243.3 244.8 246.7 247.7
166.7 166.3 165.7 164.8 163.9 164.5 164.1 164.8 165.4 165 164.6 164.2 162.9 159.9 157.4 156.7 156.8 162.3 167.7 170.7 173.2 172.7 168.5 164.9 161 159.7 160.2 162.3 163.5 165.5 168.1 171.7 175.9 180.1 184.1 188 174.3 166.2 171.1 182.7 187 185.4 182.8 182.4 184.6 187 189.2 191.7 194.8 197.3 200.5 202.1 204.4 203.7 203.3 203.4 203.3 199.4 197.3 199.9 203.7 204.2 203 201.1 197.5 198 204.7 208.2 212.6 216.6 219.5 223.4 226.7 229.5 231.3 233.3 236 238.8 240.2 241.8 241.2
164.5 163.9 163.2 162.6 161.9 162.8 163.1 163.2 163.4 163.4 163 161.9 160.7 158.7 160.3 157.2 160.4 160.8 163.6 168.2 171.7 171.7 165.9 162.1 160 158.6 161.4 164.6 166.4 168.2 171 173.4 177.5 180.8 184.3 189.7 181.3 170 173.7 189.9 194.6 192.9 188.5 184.1 185.4 188.1 191 194.2 197.7 198.4 201.6 202.7 203 201.9 202.2 203 202.8 202.5 195.8 199.9 204.7 205.1 203.7 201.1 196.5 196.6 203.6 206.4 209.6 213.3 216.8 220.6 223.2 223 227.5 229.9 232.2 234.4 235.6 235.8 234.9
162.4 161.7 161.5 161.3 160.5 161 161.1 161.3 161.6 161.6 160.7 159.7 158.7 156.6 153.9 160.1 163 163.1 165.7 168 172.1 170.5 164.2 159.2 157.3 160 162.8 165.6 168.3 171.2 173.7 175.2 176.9 181.8 185.7 189.6 195.1 170 183.3 196 197.9 196.1 194.7 186.7 186.1 189.2 191.6 194.6 198.9 201.9 202.9 202.7 201.6 200.6 201.5 202.5 202.5 202.1 196.2 202.5 203.4 203.7 202.2 202 194.6 201.7 197 204.2 207.6 211.1 214.5 217.6 220.3 222 224 226.7 228.6 228.9 228.8 229.2 228.5
160.5 159.7 159.6 159.7 158.7 159.2 159.4 159.3 159.4 159.4 159.1 158.6 158 154.9 156.1 161.6 165 163.8 167 169.2 171.1 168.9 169.4 156.4 158.2 160.8 163 166 169.1 172.3 175.4 177.6 181.2 185.5 188.4 192.2 194.8 178.3 179.9 200.1 200.1 199.7 198.8 190.4 186.7 190.9 192.8 192.7 200.4 203.2 205.3 203.3 202 199.6 199.5 201.8 201.9 201 199.1 201.9 202.2 201.6 202 201.7 197.9 200.9 190 201.9 207 209.6 211.9 214 217.3 219.4 221.5 221.9 220.9 220 220 221 222.1
159.1 157.8 157.9 157.7 157.4 157.7 157.6 157.3 157.1 157.1 156.9 156.7 156.2 151.4 155.8 162.1 164.8 165.2 166.4 169.2 169.5 168.8 162.4 156.1 158.8 161.4 163.3 166.5 170.1 174.2 176.9 179.4 183.2 188.5 191.6 193.7 195.8 173.1 170.7 201.8 203.2 203.3 202.9 197.4 189.6 189 190.4 195.6 203.8 205.1 204.4 202.3 200.6 200.5 200.2 200 200 193.7 199.8 201.1 198.7 200.1 200.7 195.3 186.5 198.7 187.8 197.9 203.6 206.8 209.2 211.2 213.5 213.9 214.2 213.9 213.6 213.5 213.4 212.6 214
157.4 155.8 156.3 156.2 156.2 156.1 155.8 155.6 155.2 154.8 154.7 154.2 153.3 148.9 157.1 162.5 165.9 166 165.7 166.2 166 164.9 159.3 155.1 158.9 161.4 164 167.6 171.9 176.1 178.7 181.3 185 189.3 192.1 195.2 197.5 170.5 170.5 170.5 204.9 204.8 204 201.3 195.4 189.2 190.2 193.9 200.3 203.7 203 200.6 187.8 199 201.6 199.4 196.5 188.8 196.7 198.9 197.7 199.4 199.6 199.2 187 187 183.6 197.2 199.9 202.8 205.9 206.7 208 208.2 208.2 206.7 207.5 209.2 208.6 207.7 206.5
156.8 154.7 154.9 154.8 154.7 154.5 154.1 153.8 153.5 152.9 151.2 150.5 148.8 152.8 157.7 161 164.9 166.7 162.8 162.6 161.4 159.6 155.8 156.7 158.9 161.6 165.2 169.2 173.6 177.8 180.8 183.7 185.9 190.5 193.1 195.6 199.5 170.5 170.5 170.5 201.3 204.6 203.2 201.4 198.8 191.4 189.6 190.7 195.8 198.9 199.2 188.3 191.9 190.4 196.9 193.8 190.3 188.2 194.7 197.3 197.3 197.5 196.3 193.7 188.6 180.2 190.9 197.1 196.8 200 200.3 200.4 202.1 202.1 201.1 201 201.7 203.3 203.8 202.9 201.5
155.6 154.1 153.6 153.4 153.3 152.9 152 151.9 151.2 150.5 148.1 146.7 149.7 154.5 156.9 160.2 163.3 163.8 161.8 158.1 155.8 152.8 154.5 158 160.1 162.8 166.6 170.5 175.2 179.6 182.6 185.5 189.7 195.9 198.2 198.7 200.4 170.5 170.5 171.1 192.8 204.1 200.3 198 197 196 189.9 183.7 188.9 192 194.4 192.6 186.1 187.5 191.2 190.1 184.5 188.9 193.2 195.2 193.9 193.9 192.3 189 191 183.9 185.9 191.8 190 194.2 194.4 195.8 196.6 196.3 195.3 195.9 195.5 197.1 198.1 197.7 196
154.8 153.5 152.8 152.6 152.4 151.3 150.7 150.7 148.8 147.1 145.3 148.1 152.5 154.3 156.3 159.4 160.8 159.7 159.1 154.1 150.8 152.2 155.2 158 161.1 163.8 167.7 171.8 176.5 180.9 183.9 188.9 195.6 202.1 202.4 200.8 202.3 170.5 170.5 171.7 191.9 209.1 196.6 194.2 192.3 191.1 187.5 178.6 183.7 189.7 188.7 182.8 184.7 188.9 187.9 186.5 185.2 189.5 192.5 194.4 192.9 190.9 190 183 188.1 176.3 188.7 188.2 185.4 188.1 189.6 191.2 190.3 191.5 189.9 189.2 188.2 189.4 191.5 192.4 189
154.3 153 152.5 153.1 152.4 150.5 148.1 148.1 146.3 144.2 146.3 150.4 152.5 154.1 155.3 157 156.1 155.1 155.2 153.1 149.9 154 157.1 159.9 163.3 165.8 167.9 172.7 176.9 181 186.7 194.5 201.4 205.6 205.6 202 203 174.1 170.5 172.4 188.2 204.8 192.9 189.4 187.7 188 185.2 177.2 181.8 186.6 185.2 182.9 183.2 186 185.3 183.3 186.9 190.1 193.1 194 193 189.7 188.2 187 179.4 173.2 189.3 183.1 181.8 183.4 183.2 185 184.9 185.2 184.3 181.6 180.4 181.9 184 186.5 183.2
153.3 152.1 152 152.4 151.8 149.8 147.2 144.5 146.1 142.5 147.8 150.2 152.4 153.2 153.5 152.3 151.8 150.8 150 149 151.2 156.2 159.6 162.4 165.5 168.7 171.5 173.4 177.3 182.5 190.8 198.1 203.7 206.7 206.3 200.9 199.1 179.4 170.5 173.5 189.3 191.7 191.5 187.6 185.3 185.4 184.8 176.9 177.8 182.3 180.4 185.2 184 181.8 183.8 180.6 186.9 190.4 193.5 193.2 191.6 188.1 186.9 184.7 173.4 168.7 183.2 177 176.7 178.5 178.5 179.3 181.4 180.3 179.1 177.2 174.4 175.2 178.1 180.6 176.6
151.8 150.9 150.9 151.1 150.4 148.3 144.7 141.5 143.9 147.2 148.5 150.6 151.8 152.3 151 149.6 148.6 148.3 146.5 147.4 150.7 157.3 162 165.5 169.6 169.7 172.6 174.5 178.7 184.6 193.8 200.5 204.3 206.4 204 198 195.1 178.6 170.5 172.4 199.3 207.5 192.4 186.9 184.3 183.3 183.1 177.2 175.6 178.4 179.7 181 178.6 178 181.8 180.8 186.3 189.4 191.1 192.4 190.3 185.9 181.4 179.5 176.9 164.6 172.7 171.4 175.4 175.1 176 177.1 177.5 175.8 174.2 171.9 169.3 168.7 169.5 172.3 171.5
151.4 149.3 149.8 149.9 148.9 146.1 141.8 139.7 146.2 147.7 148.7 149.9 151.1 151.5 149.5 147.2 146.1 144.2 143.9 149.6 154 159.1 164.7 167.4 169.3 168.8 171.6 175.6 180.7 187.3 194.9 200.9 204.1 203.4 200.4 195.2 191.7 185.1 170.5 170.6 187.9 193.1 190 186.7 183.2 182.3 181.1 176.8 170.3 174.7 176.4 175.7 172.3 175.3 176.8 180.5 185 187.9 189.4 190.6 189.5 183.4 178.7 175.9 174.2 164.6 164.6 168.9 171.9 174.2 173.9 174.8 172.9 170.4 168.7 166.6 164.7 162.3 163.1 166.1 168.3
149.4 147.8 147.2 148.2 146.5 143 135.7 143 145.7 147.1 148.2 149.3 150.4 150.1 147.8 144.3 141.2 139.5 139.4 150.3 155 159.3 165.9 169 170.9 171.2 171.3 177.1 183.7 186.7 192.4 197.4 200.3 200.1 196.6 192.2 188 182.4 170.5 171.5 188.4 190.9 189.2 186 182.7 180.3 178.8 175.6 167.1 169.1 172.7 170.7 170 172.3 174.4 178.7 182.5 186.3 188.9 191.3 186.8 178.6 175.3 172.3 172.1 165.3 159.4 170.7 171.1 170.9 171.2 170.9 167 165.2 161.4 160.7 161.3 157.2 158.9 163.5 163.8
147.6 146.1 145.5 145.7 144.2 139.1 132.4 142.6 144.9 146.2 147.5 148.7 149.2 149.3 145.9 141.6 137.4 137 143.9 150 156 161.2 165.7 170.2 172.3 171.3 169.3 175.4 179 182.2 188.1 192 195.1 194.6 193.8 188.6 183.4 184.9 177.5 179.4 188.8 187.4 185.8 183.6 180.3 178.2 177.3 172.8 165.1 168.5 174.3 174.7 170.5 170 172.3 176.4 178.1 178.6 182.5 182.6 176.8 174.8 172 169.6 171.4 166.2 154.3 168.5 171.9 167.8 168.3 164.8 160.4 157.7 156.2 155.4 155.8 154.6 153.5 156.4 158.4
145.3 144.3 142.1 142.8 140.6 134.1 134.7 141.6 144 145.3 146.3 147.1 147.7 147.6 143.8 139 134.2 136.8 145 150.3 156 160.4 164 168.5 171.4 169.9 168.2 175 180.7 180 182.9 185.8 188 188.6 186.9 183.7 179.3 180.3 181.9 183.7 184 183.6 179.9 178.5 177.1 176.5 174.8 170.3 162.9 163.8 173.8 175.9 173.5 168.2 169.2 172.5 174.4 174.1 172.9 172 170.7 168.8 169.1 168.5 170.7 162.8 157 156.3 165.2 163.2 160.8 159.2 156.5 154.6 152.9 150.6 150.1 151.1 150.6 149.4 150
142.1 141.7 139.7 138.2 134.9 130.6 138 141.9 142.9 143.7 144.4 144.8 145.3 146 140.6 132.6 129.8 141.4 145.3 150.7 155.1 159.6 163.3 167.6 170.3 168.2 167.6 170.7 180.6 181.2 177.6 179.9 182.1 181.6 179.6 176.6 176 177.2 178.8 179.7 179.6 178.6 175.8 175.1 174.3 173.1 170.7 166.4 157.6 164.3 172.8 174.2 172.2 165.8 165.1 168.5 169.8 168.3 166.8 165.3 164.7 164.1 164.4 169.9 166 159.7 158.7 150.5 150.7 151.7 152.8 156.9 155.8 151.7 151.4 147.1 145.7 146.5 147.6 146.5 145.7
140.1 137 135.8 128.1 132.1 137 139.4 141.2 142.4 143.2 143.6 143.1 143.7 144.1 140.3 127.7 132.6 141.3 145.9 151 153.3 157.7 162.1 167.7 169.9 167.8 167 163.6 168.7 177.9 173.5 175.6 175.8 174.2 171.3 171.6 172.8 174.3 175.4 175 174.7 173.3 171.2 171.5 170 168.6 165.8 162.7 152.8 162.7 172.6 172.4 169.5 161.3 158.2 160.6 165.4 164.5 162.6 160.9 160 160.4 160.8 167.2 164.6 160 156.9 152.9 147.8 145.6 144.9 142.5 142.4 147 150.2 145.8 142.6 143 142.9 142.7 142.9
135.7 133 129.3 125.1 134.1 138.8 141 140.9 141.7 142.7 142.6 141.5 142 142.2 141.3 127.8 135 141.6 146.3 150 152.7 156.5 160.4 167.4 172.2 170.4 168.6 162.9 161.7 166.1 167.3 171 169.5 168.9 164.4 165.9 168.8 170.3 170.3 169.2 169.1 168.1 168.7 166.7 165.8 164.3 162 155.2 150.7 163.1 169.5 167.5 166.5 159.6 151 156.1 160.2 162.4 161.1 157.7 156.7 155.5 155.9 158.2 161.9 157.6 155.2 153.8 158.9 156.2 150.8 146.2 142.8 140 142.5 143.5 141.8 140.2 139.9 139.6 139.3
131 137.3 128.1 124.2 132.8 138.1 139.9 140.7 141.5 142.1 141.6 140.5 140.3 140.2 137.5 123.2 132.1 137.5 143.5 148.4 151.4 155 158.6 164.3 162.6 162.8 166.5 165 160.8 158.3 158.7 166.8 164.6 165.6 162.9 165.4 168 169 166.9 164 163.2 162.2 161.6 161.9 160.8 159.5 159.2 149.7 148 159 167.1 163.3 162.4 163.1 148 149.2 153.5 160.2 164.4 155.9 155.6 154 154.7 157.4 158.8 154.7 153.5 160.1 165.9 158 154.2 160.5 155.9 139.2 138.8 140 138.7 138.4 137.4 137.1 137.4
133.4 138.3 132.6 125.9 131.3 136 138 139.5 140.3 140.9 140.6 139.5 138.1 134.3 126.7 124.5 134.4 138.4 142.2 144.8 147.4 152.1 155.6 155.1 147.8 147.7 150.6 157.1 156.4 156.1 157.2 157.1 164.8 158.1 159.9 162.4 164.6 164.5 163.7 159.9 158.6 157.3 157.8 155.9 155.4 155.1 155.9 146.1 147.3 151.3 156.2 161.1 155.6 163.3 152.5 144.7 149.7 157.1 162.2 150.6 150.6 158.3 162 165 164 157.3 160.2 166.3 166.8 160.5 156 162 156.6 137 137.1 137.1 136.6 136.7 136.4 136.5 135.7
141.3 141.9 140.1 132.2 122.3 131 135.2 137.6 139.2 139.6 139.6 138.7 137 130.3 119.8 131.2 136.3 137.9 140 142.7 146.5 143.4 136.3 136.1 127 125.5 126.7 137 146.6 153.2 157.3 156.3 159.6 158.7 159.1 160 162.2 161.6 158.4 155.6 155.1 154.5 154.3 153.1 150.8 149.9 151.5 142.9 143.7 148.8 151.6 156.5 151.8 154.3 150.9 142 146.6 158 148.5 146.3 152.4 166.2 169.6 168.9 166 161.8 162.6 163.9 164.7 162.2 161.2 159.9 147.7 134.7 134 134 134.1 134.8 135 134.7 134.5
142.8 142.4 141 137.5 132.2 128.3 128.6 134.6 137.7 138.6 138.2 137.8 135.9 124.8 116.5 131.6 134.5 135.6 138.9 141.1 144.9 132.3 87.7 88.1 87.7 103.1 122.7 132.6 139.6 145.5 156.8 157.1 154.7 159.1 158.5 157.5 159.6 159.2 156.2 153.4 151.4 152.2 153.3 152 149.9 145.7 143.8 139.8 143.6 153.1 156.7 157.6 153.8 151.6 147 141.4 140.3 143.2 143.1 142 149.5 160.7 166.8 166.5 163.8 160 159.2 157.8 159.3 158 150.6 143.8 136.2 133.2 133.1 132.9 133 132.6 132.9 133.7 133.2
141.7 142.4 142 139.4 137.2 132.9 121.4 129.5 135.9 137.2 137.1 136.9 135.1 128 116.4 125.6 129.7 134.1 140.6 139.7 140.5 131.1 88.5 77.4 80.2 91 112.8 124.7 135.2 148 155.2 155 154.4 156 155.8 155.2 157.3 156.6 155.6 153.7 150.3 151.6 156.5 156.7 151.3 143.2 139.8 139.1 146 162.8 165.1 161.7 154.7 146.5 141.7 138.8 135.8 137.1 137.4 137.4 139.7 146.7 154.1 158.4 161.1 158.6 150.4 143.3 144.8 141.1 137.1 131 131.2 132.8 132.7 132.6 132.6 132.4 132 131 132.2
140 140.6 141.5 139.6 138.4 136.3 125.9 123.6 133.5 135.4 135.7 135.6 135.2 130.3 116.5 121.1 126.6 136.7 143.8 142.3 137.2 137.5 91.4 73.4 80.1 87 104.6 119 131 147.4 145.2 149.6 150.9 156.1 153.7 153.1 154 156.3 157.1 152.7 147 149.8 157.8 159.3 151.9 141.8 137.2 138.9 145.5 150.6 147.2 146.2 143.9 140.1 136.6 136.2 134.7 132.9 134.2 134 134.5 137.2 141.1 144.3 148 144.6 137.6 134.9 134.3 133 131 130.1 130 131.1 131.5 131.4 131.3 131.1 129.9 129.9 130.5
138.2 139.3 140.9 140 138.2 135.9 132.3 115.8 125.2 132.3 133.2 134.4 134.4 130.2 118.6 118.3 127.6 139.2 145.8 144 134.9 121.6 96 74.1 79.9 88.9 110.5 122.7 139.2 146.2 145.7 155.1 155.5 155.9 153.1 149.8 150.9 153.6 154.6 152.2 151.1 143 147.7 146 142.5 138.6 134.3 137.4 143.7 143.5 140 137.4 137.6 135.2 132.1 132.6 131.4 128 130.7 131.2 131.2 131.5 132.2 132.6 133.8 133.3 131.8 130.7 129.6 128.6 129 128.7 129.4 129.6 130.2 130.1 129.9 129.7 129.4 129 129.3
136.8 138.2 139.8 140.7 140.5 138.4 135.1 124.8 113.7 121.9 125.6 130.1 132.9 129.3 116.2 113.6 124.5 135.7 143.3 143.4 135.1 126.9 87.3 73.9 73.7 87 105.2 133.7 139.2 144.5 149.9 153.8 152.7 151.3 148.6 146.8 148.6 149.9 151 149.2 148 144.4 138.8 140.8 138.2 134.4 130.8 136.8 145.7 142.1 138.7 134.7 132.3 131.3 128.7 126.4 125.3 125.3 126.8 129.7 129.4 128 127.2 126.1 127.4 126.9 126 126.4 126.2 125.3 127 127.2 127.9 128.6 128.7 128.3 128.2 127.3 128 126.4 122.7
136.7 137.6 139 140.2 140.9 140.8 138.1 135.2 121.1 111.2 110.8 118.5 129 128.5 114.8 111 117.4 127.5 135.5 139.9 135.5 130.5 96.6 74.7 75.5 86.7 104.5 134.7 136.5 139.4 147.8 149 147.4 145.1 143.6 143.9 145.7 146.6 147 146.3 144.3 140.6 134.9 138.1 134.2 131.7 129.9 136.2 142.1 139.3 137.4 133.9 130.4 127.5 125.5 124.2 122.8 123.5 125.1 127.2 127.7 126.8 125.1 123.8 123.6 123.7 123.4 122.8 124.6 126.2 126.8 127.4 127.5 127.6 126.7 127.8 126.8 125.8 126 122.4 123.8
136.4 137.3 138.2 139.7 140.4 141.8 140.9 137.2 133.7 119.4 110.7 107 113 118.4 111.2 109.2 112.7 117 123.6 132.1 134.2 128.9 109.8 74 75.3 87.4 109.7 134.9 134.1 137.4 140.6 142.4 142.4 139.5 139.5 141.1 142.3 142.7 143.1 143 143.1 139.7 131.3 130.6 129.7 127.1 130 133.8 135.6 135 134.9 131.5 128.3 125.4 123.2 121.1 122.1 123 125.5 126.5 125.4 124.3 123 122.6 122.5 122.7 121 123.8 125.5 124.8 125.7 126.5 126.4 124.8 126.6 125.5 124.2 121.4 120 122.5 126.7
136.1 137.1 138 138.9 140.1 141.4 141.7 140.3 135.9 130 123.5 113.2 107.7 114 107 105.5 109.4 108.5 112.9 123.3 131 128.9 121.4 79.2 78.6 84.7 101.8 128 139.4 133.2 138.1 139.8 139.9 136.8 137.1 139.9 140.5 140.7 140.2 140.9 141.9 139.1 131.4 128.4 125.6 126.2 127.6 130.2 131.8 131.2 129.8 128.1 126.1 124.3 122.6 119.9 121.1 122.6 125.8 125.8 124.4 122.9 121.9 121.1 120.2 119.7 123.3 124.7 124.8 123.5 124.3 125.4 124.8 124.2 123 122.2 121.5 119.7 120.5 123.6 125.9
135.4 136.3 137.3 137.6 139.1 140 140.9 140.4 138.3 132.8 128.9 125.3 117.7 110.8 104.4 102.8 107.3 107.2 107.8 117.6 125.3 128 128.3 96.8 75.3 99.4 125 130.3 139.9 127.3 133.5 136.6 136.7 135.4 135.6 138.4 138.8 138.1 137.5 138.1 140.1 140.3 132.5 128.6 124.6 125.3 125.1 123.7 125.8 127.4 128 125.7 123.7 121.2 119.8 117.9 120 123.7 124.8 124.5 123 121.9 121.8 119.8 120.2 121.7 122.5 123.5 123.9 122.5 124.2 123.8 123.2 122.2 119.8 118.2 116.7 118.1 121.8 124 127.3
133.6 133.9 134.2 135.6 137.1 138.4 139 139.1 137.7 133.7 130.5 128.7 125.5 116.4 109.3 101.7 107.7 103.8 105 111.5 120.1 124.1 127.4 121.7 117 131.1 132.1 138.1 136 123.3 130.7 136 136 132.9 133.3 136.6 136.2 135.1 134.9 135.4 138 138.8 136.5 130.6 126.7 124.3 121.9 121.3 123.4 125.9 127.1 123.2 120.3 117.9 116.4 117.4 118.5 121.6 122.3 122.1 122 121.9 121.8 117.9 119.2 121.2 121.8 122.2 122.6 121.9 120.4 121 119.6 116.6 115.1 117.2 119.3 122.9 124.9 126 127.4
