ny/ny59_OST50GRID_20230518/NY59.asc
ncols 200
nrows 200
xllcorner 350000
yllcorner 590000
cellsize 50
[rows 105 to 139 of 200, columns 0 to 77 of 200]
187.5 182.8 177.9 172.9 168.6 164.5 159.8 154.8 150.8 148.6 146 142.9 144 143.5 142.6 140.6 139.1 137.9 138.6 140.4 142.8 146.8 149.1 150.8 153.7 159 165.6 172.9 180.8 189.2 201.3 216.6 232.5 250.9 268.8 282.6 293.7 302 315.4 332.3 347.2 359.6 368.4 372.5 372.9 370 366.1 361.4 353.4 346.1 339.6 332.8 324.8 317.6 311.5 305.6 298.4 290.1 282.6 275.5 269.3 263 258.3 253.9 249.9 245.8 241.4 236.9 233.2 230.9 230.1 227.4 224.7 221.9 218.2 213.8 208.3 201.6
190.4 185.8 181.1 176.5 171.7 167.5 162.5 157.5 152.3 149.2 146.2 142.9 141.8 141.3 140.6 138.4 137 139.4 140.3 140.5 142.9 146 149 151.5 155.2 161.5 168.2 175.7 183.3 191.6 204.4 219 234.7 252.4 268 280 289.1 297.4 309.9 325 338.1 348.9 357.4 361.3 362 360.3 356.8 353 347.8 342.6 336.8 330 322.3 315 307.9 300.7 293 284 276.5 269.9 263.5 257.6 252.8 248 244.5 240.2 235.9 231.5 228.4 224.8 224.4 221.9 218.5 216.2 213.9 209.9 203.9 197.3
193.4 188.6 183.7 178.9 174.5 170.4 165.2 160.2 154.6 149.8 146.3 142.3 140.9 140.3 138.8 136.7 137.6 139.8 140.4 140.7 143.6 146.6 149.8 153.1 157.3 164.1 170.8 178.4 186.2 194.2 207 220.7 235.7 252.2 265.3 274.8 282.7 290.2 300.6 313.8 326.1 337.8 346.2 351.3 352.7 351.6 350.7 347.6 343.1 338 331.9 325.3 317.2 309.4 300.6 292 284.1 277.9 270.2 263.9 257.6 252.1 247.5 243 238.8 234.6 230.3 226.3 222.7 218.2 218.7 217.1 212.1 210 208 204.5 199 193
195.9 191 186 181.2 177.2 173.4 168.4 163.3 158.6 152.9 147.5 142.7 139.8 138.8 137.3 136.5 138.7 139.3 140 140.4 144.5 147.4 151 154.7 159.4 166.5 173.6 181.1 188.7 196.8 208.6 221.7 235.1 248.7 259 268.1 275.6 282.9 291.1 302.4 314.9 326.9 336.7 340.9 342 343 344.4 342 336.5 330.1 323.7 316.9 309.3 300.9 291.2 283.7 277 270.4 264.2 258 251.7 247.3 242.8 239.2 234.7 229.7 226.2 219.8 216.4 212.8 212.9 210.9 205.6 203.6 202.2 198.2 192.9 187.4
198 193.3 188.6 184.1 180.2 176.3 172.1 167.4 163.2 157.6 151 145.6 139.6 139 137.1 136.9 137.9 138.8 139.4 140.1 144.3 148.4 151.7 155 160.5 167.2 175.1 183.1 191.2 199.6 210.9 222.9 233.8 244.6 253.8 262.4 269.3 276.1 285.1 296.3 306.9 317.4 324.4 328.6 332.3 334.4 334.9 332.1 327 319.4 311.1 304.4 296.9 289.5 281.7 276.1 270.7 264.1 257.9 251.8 246.8 242.6 238.3 235.8 232.2 225.6 221.9 214.9 209.9 212.5 204.1 203.6 198.5 198.6 195.7 191.7 186.8 182.1
201.5 196.7 191.6 187.3 183.4 179.5 174.9 171.1 166.7 161.8 154.5 147.7 141.4 138.3 138.1 136.2 137 137.8 138.7 139.6 148 149.1 152.2 155.7 161.6 168.1 175.6 183.5 191.7 201.2 211.9 222.8 232.3 242.1 250.3 257.3 263.5 270.9 281.1 291.8 299.8 307.1 313.9 319.3 324 325.8 323.6 318.9 312.9 304.3 296.7 291.3 285.5 280.2 274.1 268.7 263.6 257.8 251.6 246.1 241.8 237.8 234.1 230.4 228.1 223.9 218.5 211.2 210.1 199.9 200.3 194.6 190.9 192.8 190.2 186.6 182.1 177.6
204 199.4 194.5 190.5 186.5 181.5 176 172.7 169.7 164.4 157.4 150 143.6 139.1 138 136 137.1 138.2 138.5 138.8 149.1 150 152.9 156.5 162.5 169.1 176.2 183.8 192.2 202 211.7 221.5 230.9 240 246.9 252.2 257.6 266.6 277.1 284.8 291.1 297.9 304.9 312 316.3 314.9 310.3 304.1 297.5 290.8 285 280.8 276.5 272.9 267.4 261.8 256.4 251.1 245.8 240.5 236.4 232.1 228.6 225.4 222.9 220.4 216.5 210.1 199.6 193.6 194.3 194.6 191.5 185.7 185.5 182 177.6 173.1
205.7 201.3 196.6 193.1 189.5 185 178.4 174.1 171 166.1 159.6 152 145.1 139.2 137.6 135.3 138.1 138.1 138.1 140.6 149 150.4 153.4 157.2 163.4 170.2 177.3 184.4 192 202.5 210.8 219 228.5 236.4 241.7 246.3 251.7 260.6 270.4 276.6 283.1 290.4 298.6 305.3 306.2 302.7 298.1 292 285.4 279.8 275.8 272.4 269.3 265.6 260.3 254.8 249.4 244.5 239.3 234.7 230.9 226.7 222.7 220.4 216.6 213.2 210.1 203.5 195.7 189 186.8 189.6 187.8 181.9 177.1 177.5 173.3 168.4
206.8 201.9 197.7 194.1 190.6 186.9 181.1 177.3 172.6 167.5 161.3 153.2 146.4 140.8 136.3 136.2 135.8 136.8 137.8 142.5 148.5 150.1 153.2 157.8 164.3 171.3 178.3 185.2 192.2 201.1 209.9 218.3 226.1 232 237 241.3 246.8 255.1 262.3 268.8 276.3 285.3 293.3 297.3 295.5 292.7 288.1 282.3 276.5 271.9 268.4 265.2 262.1 258.3 252.6 247.1 242.8 238.1 233.2 229 225.1 221.4 218.1 215.5 212.6 209.5 207.8 201.2 193.1 186.2 181.9 182.3 182.8 179.4 171.6 172.7 169.3 165.1
206.6 202.6 198.8 195.5 191.3 186.6 181.7 178.4 173.7 168.7 161.9 154.2 147.5 143.2 136.9 134.7 136.8 137.3 137.6 142 147.5 148.7 152 157.9 164.3 171.2 178.2 185.2 192.4 201 208.8 216.7 223.1 228.9 233.6 238 242.5 249.5 255.3 262.1 271.1 280.5 288 289.6 286.7 282.9 278.7 273.5 269.6 265 261.8 258.4 255.1 250.6 244.9 239.9 235.7 231.5 227.4 223.2 219.3 215.7 213 210.2 207.8 206.2 203.7 199.4 190.9 184.2 179.4 175.8 175.9 174.5 167.2 167.7 165.1 161.9
206.9 203.1 200.3 197.6 192.9 187.3 180.9 176.3 173.8 170 162.9 155.1 148.8 145.4 138.9 135.6 137.3 137.3 137.5 141.4 145.6 147.6 152 158.3 164.6 171.6 178.3 185.2 192.6 200.5 208.3 214.8 221 227.1 230.7 234.7 239.2 244.4 250.5 259.6 268.6 277.4 282.8 281.4 278.2 274 269.9 265.9 262.6 258.5 255.7 252.4 248.7 243.4 237.9 233 229.1 225.7 222.1 217.7 213.7 209.8 207.5 205.1 203.2 201.8 199.5 194.7 187.9 181.2 175.2 171.2 169.7 169 166.1 160.9 161 157.8
207.4 204.1 196.9 195.5 193 188.8 182.3 176.8 172.7 170.2 164.7 156.6 149.6 146.8 142.9 134.7 135.4 136.7 137.1 139.6 143 147.6 152.2 158.5 165.2 172.2 179.1 185.6 192.5 200 206.7 213 219.2 225 228.8 232 235.8 240.5 248.4 257.4 266.5 274.6 276 274.3 270.5 266.6 262.2 259 255.5 252 249.2 246.2 241.3 236.3 230.9 226.3 224.1 220 216.5 212.4 208.3 204.2 201.6 200.2 198.8 197.4 195.1 190.1 183.5 177.5 171.5 167.9 166 164.1 162.7 158.3 155.5 153.4
207.3 204.6 199.9 192 189.7 188.1 184 177.4 173 169.7 165.2 157.8 150.2 147 144.7 139.7 134.7 135.6 137.2 139.7 144.5 149.1 153.4 158.8 165.8 172.9 179.5 185.7 192.7 199.3 205 211.3 217.5 222.5 226.3 229.4 232.9 238.1 247.6 257.4 265.9 271.3 269.9 268.2 263.9 259.5 255.6 252.6 249.6 246.3 242.9 238.4 233.8 229 223.8 220.6 218.4 215.4 211.2 207.1 203.3 199.5 195.9 194.8 194.4 193 190.2 185.2 179 173.9 169.6 165.2 160.8 159.2 158 155.5 153.6 149.7
206.9 202.8 202.2 197.4 191.7 183.5 183.3 177.8 172.6 168.9 164.9 158 150.6 146.7 144.1 140.4 136.5 133.1 137 140.4 145.7 150.5 154.9 159.7 166.7 173.6 179.9 186.2 193 198.4 203.9 209.5 215.4 220.9 223.9 226.7 230.8 237.7 248.6 258.1 264.9 266.8 264.5 261.8 257.3 252.9 249.1 246.1 243.2 239.4 235.1 230.6 226 221.4 217.5 215 212.8 210.6 207.1 203.6 199.9 196.5 193.2 190.1 189.6 188.6 185.1 180.6 175.6 171.8 167.7 163.8 157.2 154.2 153 152.2 150.1 148
211.1 205.9 198.8 198.4 193.1 186.9 179 175.8 172.1 168.6 163.8 157.1 150.4 146.4 143.1 139.5 135.9 133.9 135.2 139.7 145.4 152.4 157.3 161.7 168.1 174.3 180.3 186.6 192.3 197.9 203.2 209 214.1 219.2 221.7 224.1 229.3 238.5 249.7 258.5 263.4 262.7 260 256.1 251.5 246.7 242.8 239.5 235.9 231.7 227.4 223.9 219.7 215.6 212.1 210 208 206.7 203.8 200.2 196.9 194.3 191.1 187.3 185.3 184.2 180.7 177.4 174.6 171.1 166 160.7 154.8 150.3 149.7 149.1 146.6 144.2
210.6 207.2 202.3 190.5 192.2 186.7 179.8 174.7 171.6 167.8 163.3 156.3 150 144.5 141.2 137.2 134.9 133.5 134.3 138.2 145.4 153.4 160.1 166.4 171.5 176.8 181.9 186.5 192.1 197.6 203.2 208.9 214.2 216.8 218.2 221.7 228.5 238.7 250.2 258.1 260 258.2 254.2 250.6 245.6 241.3 237.1 232.2 228 224.2 221.2 218 214.3 210.3 207.6 205.6 204 202.9 200.2 197.1 194.3 191.6 187.9 184.9 181 179.5 177.8 175.4 173.3 171.3 166.2 159 153 149.5 147.1 145.9 143.4 141.4
210.1 206.7 202.3 194.5 188.5 186.4 179.8 172.6 168.9 167.2 162.3 155.5 149.5 143.6 139 136 134.3 133.1 134.5 137.9 146.9 155.9 163.3 169 174.2 179.1 183.3 187.4 192.7 198.2 203.7 209.2 213 213.9 214.8 220.8 227.9 238.8 250.4 257.2 256.9 253.5 249.1 244.7 240.1 235 229.9 225 221 218.5 215.7 213 209.5 205.5 203.1 201.4 200.4 199.1 196.4 194.3 191.6 188.3 184.3 182.5 179.2 174.9 172.7 172.7 172.2 169.9 162.8 157.3 150.1 148 145.5 144.2 142.4 140.5
209.6 205.7 201.4 196.5 185.1 183.7 178.9 171.4 165.9 163.4 160.7 153.9 147.9 142.4 137.2 135.4 133.9 132.7 134.8 138.9 149.4 158.6 165.1 170.8 175.9 180.8 184.6 188.2 193.2 198.1 203.8 207.9 209.6 209.9 211.9 218.7 227.5 239.2 249.3 253.8 252.7 247.8 243.3 238.4 233 227.7 222.5 218 215.5 213.1 210.7 208.1 205.1 202.2 199.2 197.4 196.6 195.7 194.1 191.8 189 185 182.1 180.3 177.3 172.6 170.8 167.1 163.8 162.4 155.6 155.1 153.4 145.8 143.8 142.8 141.1 139.7
208.2 204.2 200.1 195.4 188.5 178 178.2 171.7 163.3 163 156.4 151.8 145.6 139.9 136 134.1 133 133.6 135.3 142.1 152.5 160.7 166.7 172.5 177.5 182.3 185.1 187.8 192.4 197.8 202.7 205.7 205.8 205.6 209.7 217 228 239.6 247.6 249.1 247.2 242.2 237.1 231.9 226.3 220.8 215.4 212.1 209.5 207.7 206.6 203.9 201.5 198.3 195.2 193.1 192.8 193.3 191.9 189.2 186 182.8 181 179.9 178.7 176.9 175 173.3 171.6 167.5 166.5 162.4 156.7 150.5 144.6 141.3 140.5 139.5
206.7 202.7 198.5 193.5 187.6 178.4 176.1 170.2 162.7 160.6 154.9 149.6 143.7 138 134.4 132.8 131.9 134 138.3 146.8 154.9 161.7 168 173.8 178.2 182.7 184.6 187.5 191.6 195.5 199.3 201.4 201.6 202.3 207.7 217.7 228.9 238.9 244.4 244 240.7 235.7 230.5 225.2 219.7 214.1 209.3 206 203.3 202.7 202.1 199.8 197.4 194.8 191.7 189.5 189.6 190.3 189.3 186.9 184 181.4 180.6 179.8 178.7 176.9 174.5 173.7 172.3 170.9 168 163.7 158.1 152.8 148.3 143.8 140 139.3
205.1 201 196.7 191.9 186.9 180.3 171.2 167.4 161.7 158.8 155.1 148.5 141.8 135.9 133.6 131.8 132.6 137 142.4 149.5 156.3 163 169.5 175 179.1 182.7 184 186.2 189 192.4 195.1 196.7 197.5 200.7 209.4 220.3 230 237 239.9 238.9 234.9 229.1 224 219.1 213.5 207.7 203.6 200.3 199 198.6 197.5 195.7 193.4 191 188.6 186.2 186.8 187.4 186.3 184.1 182.3 180.3 179.6 179 178.2 176 174.7 174 172.6 171.2 168.4 164.4 159.1 154.2 148.7 142.8 139.2 138.8
203.3 199 194.6 190.1 184.7 179.2 170.2 166.6 160.3 156.1 154.8 148.6 140.8 134.1 132.8 131.4 133.1 136.7 144.4 151.2 157.7 164.3 170.8 176.1 180 182.3 182.6 184.6 186.9 189 191.3 194.1 196.7 203.3 212.8 221.7 228.8 234 235.7 233.2 228.7 223.1 218.2 213.1 207.8 202.8 198.9 196 195.4 194.5 193.2 191.8 189.6 187.4 185.1 183.4 183.5 184.7 183.2 181.5 180.7 179.2 178.4 178 176.9 175.2 174.4 173.8 172.9 171.4 168.6 164.2 158.9 153.5 147.3 140.5 138.8 138.3
200.9 196.6 192.1 187.8 182.6 176.7 169 164.5 158.9 154.2 152.3 148.6 138.8 133.9 132.7 131.4 133.5 138 145.9 153 159.5 165.9 171.4 177.1 180.4 181.2 181.4 183.3 185.3 187.6 191.5 196 200.6 207 215.1 222.4 228 231.4 231.4 227.9 223.3 218.2 213.5 208.7 203.9 199 195.2 192.6 191.4 190.3 188.9 187.5 185.8 183.7 181.9 180.6 181 181.6 180.5 179.6 178.9 178.1 177.2 177 176.3 174.7 174.1 173.4 172.6 171.2 168.6 163.7 158.2 152.2 144.2 138.3 137.7 137
198.4 194.1 189.8 185.5 180.5 173.4 165.7 161.8 158 152.3 149.8 146.4 135.9 132.8 131.8 131.4 132.5 139 147.4 155 161.4 167.3 172.9 177.7 179 177.5 180.4 182.6 184.9 187.4 192.3 198.1 203.9 210.2 216.9 223.7 227.7 228.7 227.3 223.8 219 213.9 209.2 205.3 200.3 195.2 191.3 188.3 187.1 186 185 183.6 182 179.9 178.7 177.7 178.5 179.2 178.6 177.8 177.1 176.3 176.4 176.3 175.6 174.4 173.5 172.3 171.2 169.9 167.5 162.6 156.1 150.9 139.8 137.3 136.7 136.1
196.1 192.6 188.1 183.3 178 171.3 164.2 159.9 155.8 151.4 148 145.1 135.5 131.8 131.6 131.3 133.5 139.3 148.8 156.7 163.1 168.7 173.8 176.7 178 176.5 180.8 182.9 185 188.2 192.5 199.7 206.1 212.1 219.8 225.9 228.2 226.2 223.3 219.9 215 210 206 202.3 197.4 192.3 187.3 184.2 182.7 181.7 180.6 179.6 178.3 177.1 175.9 175.9 176.1 176.7 176.4 176.1 175.4 175.1 175.5 176.1 175.3 173.7 172.4 171.1 169.8 168.6 166.5 161.4 153.4 146.4 137.4 136.7 136.2 135.5
194.1 190.5 187.4 182.8 177.1 169.9 163 156.5 154.3 150.8 147.5 142.7 134.6 131.5 131.6 131.3 135.6 142.6 145.9 156.4 163.5 169.4 174.3 176.1 174 180.2 182.9 183.4 185.3 190 195.2 201.9 208 214.2 222.5 227.4 227.1 223.6 219.6 215.8 211 206.4 202.8 199.2 194.5 189.2 183.9 180.3 178.9 177.9 176.9 176.2 175.5 174.6 173.8 173.8 174.1 174.6 174.4 174.1 173.8 174.8 176.1 176.5 175.1 173.2 171.9 170.4 168.5 167.6 165.6 160.9 149.7 139.2 136.3 136 135.6 135.1
191.7 188.4 185.5 183 177.1 169 162 154.9 148.8 148.7 146.7 141.9 134.5 131.4 131.2 130.4 138.9 147.2 154 159.2 163.1 164.4 168 168.9 177.4 184.6 185.9 184.2 184.8 190.5 196.6 202.5 208.7 215.9 221.7 224.6 223.3 219.4 215.1 211.1 206.5 203.1 200.1 196.3 191.3 185.4 180.6 177 175.1 174.8 174.6 174.2 173.6 172.6 171.8 171.7 172.2 172.7 172.7 173 173.8 175.2 176.5 176.5 174.7 172.8 171.6 169.4 167.4 166.4 164.4 156.5 137 134.7 135.7 135.3 135 139.4
187.9 185.5 183.7 182.4 176.6 168.1 160.6 154.8 149.1 144 144.9 139.6 131.9 130.6 129.9 130.7 140.6 148.8 156.4 164.2 170.1 173.5 175.6 176.9 181.6 186.8 186.3 183.5 185.8 191 197.1 202.5 209.1 215.5 219.9 220.1 217.5 213.7 210.1 206.7 202.7 199.6 197.5 193.3 188.9 182.8 177.9 174.1 173.1 172.9 172.8 172.5 171.4 170.4 170 170.2 170.7 171.1 172.3 173.9 174.4 174.8 175.9 175.2 174.2 172.9 171.8 169.3 166.4 165.1 161.3 149.9 134.2 137.7 134.9 134.9 137.9 140.4
184.4 181.9 181.2 179.8 174.3 165.3 157.2 151.9 147.5 143.8 139.3 136.9 131.2 131.3 129.6 132.7 142.6 150.4 158.3 166.8 171.7 175.9 178.5 179.7 184 187.1 184.8 183.2 186.7 192.2 197.4 203.6 210.1 213.7 215.6 214 211 207.8 204.9 201.8 198.7 196.4 194.5 191.4 187.2 180.7 175.9 173.3 171.6 171 170.9 170.1 169 167.8 167.8 168.5 169.2 172.1 174.1 174.6 175.1 175 174.1 174 173.7 173 172 170.6 164.8 163.8 159.2 143.9 134.6 136.2 136.9 135.9 136.5 138.1
180.7 178.2 177.7 176 170.2 160.8 152.8 150.3 145.9 144 140.1 134.2 130.4 131.1 130.3 134 144.1 152 160.8 169 173.3 177.5 179.9 182.2 185.3 185.2 183.4 183.6 188.3 193.6 200.2 206.3 209.5 210.8 209.8 207.3 204.5 202.3 200.1 197.6 194.7 193.8 191.6 188.8 184.6 178.6 174.8 172.7 170.9 168.5 168.4 167.7 166.6 165.3 165.5 166.6 171.3 174 174.6 174.9 175.3 174.6 173.1 173.2 173.1 172.7 173 169.3 163.6 161.3 154.8 139.7 135.3 136.5 138.2 139.7 139.6 139.6
176.9 174.5 174.1 171.2 166.8 161.3 156.5 156.7 146.8 142.5 140.5 134.2 130.1 130 129.8 136 145.8 153.8 163.4 170.5 175 178.4 180.9 183.6 184.4 181.7 182.5 186.1 190.6 196.3 202.8 206.5 207.1 205.9 203.3 200.7 198.6 196.6 195.1 194 192.4 191.4 190 187.7 182.1 177.9 174.7 172.9 170.4 167.4 164.5 165.4 163.9 163.1 165.9 170.4 173.3 173.8 173.5 173.9 174.3 173.6 171.7 172.5 172.4 172.7 172.6 167.1 163 159 150.4 132.4 135.2 136.4 138.9 141.5 144.5 146.1
172 170.7 170.6 168.3 165.2 162.8 160.9 159.5 147.5 140.7 138.7 133.4 129.8 129.1 128.4 137.4 147.8 157 164.4 171.2 175.4 179.1 181.6 183.4 181.8 183.6 187.2 189.6 193.3 197.4 201.8 202.5 202 199.8 197.1 195.1 193.3 193.3 193.1 191.7 191 189.9 189.2 185.8 180.8 178 175.4 173.3 170.5 167.5 165.3 161.9 161.1 165.3 169.2 172.2 173.1 172.9 172.4 172.2 172.2 171.3 170.3 171.1 172 172.7 170.2 165.9 161.3 156 147.3 131.9 134.4 136.6 140.1 143.7 148.2 152.5
167.1 166.3 167.1 165 163.9 162.5 162 159.6 147.5 139.8 137.8 132.6 129.5 128.8 128.1 139.3 150.3 158.5 165.6 171.7 175.6 179.5 181.2 181.6 179.9 185.4 188.8 190.3 193.1 196 198.3 198 196.5 194.4 192.7 191.2 189.9 190.5 191 191.3 191.1 189.4 187.6 185.9 182.4 179 176.2 173.3 170.6 167.5 162.5 158.5 163.8 167.3 170.8 172 171.9 171.2 170.8 170.7 170.3 168.9 168.6 168.8 170.1 170.1 166.2 161.7 157.9 151.6 144.5 131.8 134.9 136.5 141.1 147 152.5 159.1
162 162.1 163.5 162 161.6 161.3 161.5 158.9 147.1 139.5 137.1 132.2 129.2 129 128 141 152.1 159.6 166.8 171.8 175.8 178.5 179.9 179.3 178.8 186.7 187.7 189.2 190.9 192.6 194.2 192.8 191.1 189.5 188.4 188.4 189.1 190.6 191.2 191.7 190.9 189.1 187.8 186.7 184.1 180.2 177.3 174.3 171.1 165.7 160.4 162 166.4 169.2 170.4 170.4 169.8 169.3 169 168.2 167.5 166.1 165.2 166.9 168.5 166.2 162.5 158.8 153.3 147 141.3 131.8 134.1 136.7 143.6 150.3 156.5 162.8
156.6 157.6 158.8 159.2 159.6 160 160.5 157.1 146.2 139.5 136.4 131.7 129.2 129.1 127.9 144.9 153.2 160.7 166.8 171.4 175 177.2 177.9 176.2 179.6 186.7 185.7 186.6 188.1 189.5 188.6 187 186.6 186.4 186.9 187.7 188.7 190.8 191.4 192 191.2 190.2 189 187.7 185.2 181.9 178.5 175.1 171.8 167.1 158.1 161.6 167.5 168.8 168.8 168 167.3 166.8 166 165.3 164.3 162.9 163 164.7 164.8 162.4 157.7 153.8 148.5 143.2 138 131.9 133.5 136.1 145.2 153.5 159.6 165.1
