ny/ny59_OST50GRID_20230518/NY59.asc
ncols 200
nrows 200
xllcorner 350000
yllcorner 590000
cellsize 50
[rows 35 to 69 of 200, columns 0 to 77 of 200]
310.5 306 301.3 297.5 293.5 289.2 283.8 278.4 272.9 267.4 262.7 258.2 253.2 248.2 243.2 236.6 221 226.5 228 227.8 226.8 224.2 206.4 209.8 220.6 221.8 222.7 219.2 213.3 225.9 233.5 240.2 247.4 255.4 263 270.6 276.8 281.7 285 287.9 291.6 294.6 295.5 294.8 292.8 291.7 290.3 288.8 285.8 281.7 277 270.8 264.2 257.9 250.4 236.2 231 251.3 270.1 282.9 291.2 298.3 304.8 311.4 317.2 319.1 318 315.6 312.6 308.4 301.8 292.9 282.6 273.1 263.3 272.4 283.7 291.4
306.8 302.4 297.9 294 290.4 285.1 279.6 274.1 268.5 263.4 259.5 255.6 250.8 245.7 240.4 234.8 228.8 219.8 219.8 220.2 219 217.5 212.2 206.2 217.6 216.4 217.2 206.9 220.4 231.9 237.8 244.5 251.9 260.2 267.8 274.7 279 281.7 284.4 287.5 290.9 294.2 294.6 294.1 291.9 291.3 290.3 288.2 285.7 281.7 276.9 270.8 262.8 254.1 245.8 233.3 241.8 260.6 275.9 284.9 292.7 298.5 304.3 310.7 316 317.5 315.7 313 310 306.8 301.2 292.6 282 272.2 261.3 269.2 283 291.1
300.8 297.9 294 290 285.6 280.2 274.8 269.2 263.7 259.8 256 252.1 247.8 242.6 237.1 231.5 226.5 221.5 210.5 211.5 212.1 211.1 206.9 200.7 211.5 208.2 206.4 216.3 227.1 236.2 241.9 249 255.7 263.9 269.5 275.5 279.6 282.1 284.8 287.4 290.1 293.1 293.6 292.9 291.8 291.1 289.9 287.5 285.1 281.3 276.6 270.3 261.8 249.6 235 227.3 256.2 268.5 280.4 283.8 291.5 297.1 302.6 309.1 313.9 315.5 313.2 310.5 308.1 305.5 301 292.8 282 271.1 260.6 268 281.8 290.4
292 291.9 288.6 284.4 280.7 275.3 269.9 264.4 260.1 256.2 252.4 248.5 244.4 239.4 233.9 228.3 223.3 218.7 213.7 203.8 205.6 206.5 198.8 200.9 204.2 208.6 214 222.1 231 239.6 245.8 252.9 260 266.3 271.3 276.5 280.9 283 285 287.4 289.9 291.8 292.7 292 291.5 290.7 289.9 287.7 284.8 280.9 275.7 268.6 258.9 245.2 225.5 240.6 258.5 272.5 278.8 276.8 288.2 294.6 300.3 305.9 310.7 312.3 310.1 308.1 306.3 303.7 299.4 292.3 281.6 270.8 258.2 265.3 280 287.6
292.9 285.3 281.6 278.1 275.3 270.4 265 260.2 256 252.1 248.2 244.4 240.4 235.3 230.1 224.8 220.4 215.8 211.2 204.9 197.4 196.2 202.1 205.4 210.2 216.5 221.5 227.4 234.7 243 249.8 256.9 263.7 269.1 274.1 277.8 282.1 284.3 286.3 288.6 289.6 291.1 291.9 291.4 291 290.2 289.5 287.7 285.2 281 276.1 269.5 258.5 238.2 222.6 243.4 254.8 266.8 274.6 278.8 281.9 289.2 295.7 300.7 305.3 307 304.9 302.7 301.7 299.6 295.8 290.1 281 269.6 258.2 263.7 278 286.9
287.1 278.1 275.2 272.7 269.9 265.2 260.8 256.5 251.9 247.4 243.6 239.7 235.6 230.7 225.8 221.1 217.9 213.6 209 201.1 194 203.4 209.6 210.9 215.6 221.7 226.9 233.2 239.5 246.6 253.6 260.5 266.5 271.8 277 280.7 283.5 286.1 288.3 289.7 290.5 290.3 291 290.8 290.3 289.5 288.6 287.1 284.6 281.2 276.4 270.3 257.6 238.6 221.3 241.1 249.5 260.3 268.8 273.3 273.2 281.6 287.7 293 296.4 297.9 296.8 295.7 294.9 294.1 291 285.9 278 268.5 254.8 262.1 276.8 284.5
280.5 275.5 267.8 266.8 264.6 261.1 257.1 252.5 248 243.6 239 234.9 230.8 226.1 221.4 217.9 214.6 211.4 206.3 196.2 197.2 208.4 211.5 214.5 220.3 226.4 231.9 237.9 244.4 250.2 257.1 263.9 269.2 274.5 279.8 283.7 285.9 288 289.8 290 290.1 289.4 289.9 289.9 289 288.1 287.3 285.7 283.6 280.7 275.9 270.6 258.6 238.3 220.8 236.1 244.8 251.2 253.2 259.3 265.8 272.5 278.1 284 286.4 287.3 288 287.8 287.6 287.1 284.1 281 275.3 267.7 256.7 262 273.9 280.5
277 270.5 265.8 259 259.1 256.5 252.8 248 243.4 239 234.6 229.7 225.8 221.9 217.5 214.5 211.6 209.1 205.2 193.4 198.2 207.6 212.4 217.4 222.8 229.1 235 241.3 247.5 253.8 260.2 266.3 271.9 277.5 282.3 286.3 288 289.6 289.6 289.6 289.6 288.4 288.6 287.5 287 286.4 285.8 283.8 281.9 279.7 275.4 270.1 258.8 239.5 217.5 224.5 230.9 232.7 234.9 239.2 249.4 259.8 269 273.2 276.7 277.7 278.3 278.4 278.9 278.7 276.8 274.3 271.4 265.8 255.6 259.8 269 274.8
274.3 268.6 262 256.9 251.6 251.1 248.5 243.7 238.8 234.5 230.3 225.2 220.3 217.3 214 211.3 208.5 206.3 202.9 192.6 195.7 206.2 213.4 219.5 225.1 231.5 238.1 244.3 250.5 256.7 262.7 268.6 274.4 279.4 283.5 286.7 288.2 289.8 289.7 289.5 288.5 286.9 286.4 285 284.2 283.5 282.3 281.6 279.7 278.1 273.9 267.5 255.1 241.5 226.3 218.8 225.5 226.9 225.1 227.9 235.8 247.2 255.6 261.8 265 266.6 267.9 268.2 267.4 266.7 265.2 264.3 263.4 263.1 263.3 259.9 264.3 268.4
271.8 266.5 261.4 252.8 246.9 238.3 242.8 238.9 234.4 230.2 225.5 220.8 216.1 213 210.5 208 205.2 203 198.5 192.6 194.2 206.1 214.7 222.2 228.8 235 240.9 247 253 258.8 264.8 270.8 276.4 281.1 284.6 287.1 288.9 289.7 289.6 288.7 286.6 284.7 283.5 282.4 281.3 280.4 278.8 277.9 277.6 275.6 270.6 259.2 241.7 224.3 215.4 223.5 232.8 236.2 237.3 226.7 229.4 237.2 244.4 250.3 252.5 254.2 255 255.5 253.9 255.1 257.2 256.2 256.5 255 249.7 258.7 260.9 262.9
269.2 262.5 258 252.5 246.1 230.8 228.1 232.9 229.9 226.1 222 217.3 212.7 209.4 206.7 204.6 202 199.7 190.4 190.8 195.3 208.5 217.9 225.8 232.4 238 243.5 249 255 260.8 266.6 272.5 277.9 281.9 285.2 287.5 289 289.1 288.4 287.3 285.8 283.4 280.4 279 277.3 276 274 272.3 272 268.9 258.2 245.1 229.5 215.5 225 235.4 240.2 244.2 247.8 241.9 232.3 226.8 233.9 238.7 240.5 240.9 240.4 240.5 238 242.5 244.9 245.8 247.7 248.2 249 255.3 257.6 260.4
267 258.6 252.4 248.2 242.3 238 228.9 222.8 225.2 222.2 218.6 213.9 209.5 206.2 203 200.6 198.5 193.3 190.2 190.2 198.9 212.6 221.8 228.9 234.9 240.5 246 251.5 257 262.7 268.5 274 279.1 282.4 285.8 287.9 289 288.5 287.4 286 284.7 282.4 279 275.5 273.8 271.2 268.1 265.6 262.3 255.9 245.2 230 217.2 225.9 241.8 250.5 251.6 252.2 255.2 254.3 247.9 241.6 235.7 234.5 233.3 239 244.8 247.4 250.4 249.3 246.8 245.8 244.4 245.8 249.5 253.3 255.3 258
262.1 252.8 249.3 239.2 233 228.2 222.5 222.4 220.5 218.3 215.4 210.5 206.4 203.1 199.9 196.6 194.3 190.5 188.8 187.6 203.8 216.4 224.5 231.3 237.4 242.7 248.1 253.3 258.7 264.5 269.8 275 279.3 282.9 285.9 288.2 288.3 287.6 286.7 285.4 283.8 281.2 277.9 274.2 270 264.9 261.2 258 252.2 246 236.2 219.5 220.8 249.4 262.3 261.4 259.3 259.4 261.9 262.4 259.1 256.6 255.1 253.1 251.9 244.3 257.7 262.5 264.6 264.9 262.5 256.4 252.4 252.8 253.1 254 254.7 256.2
260.3 253 245.2 237.4 231.3 224.5 217.2 218.4 209.4 206.5 207.7 207.7 203.2 200 196.5 192.9 190 187.2 186.4 194.6 211.2 219.5 227.3 233.6 239.3 244.6 249.9 255.1 260.5 266 270.7 275.5 279.5 283.3 285.9 287.2 287.1 286.4 285.5 284 282.3 279.7 276.8 273.4 267.2 261.6 256.5 249.5 241.4 235.7 226.2 211.9 234.3 266.9 272.8 269.1 267.1 267.3 269.9 270.8 269.8 268.2 269.1 267.8 263.9 259.7 268.4 271.4 272.8 272.4 270.1 266.2 263.9 263.1 259.7 258 256.8 255.9
258 251.5 245.9 240.9 235.1 231.4 227.9 224.4 219.7 214.1 209.7 201.8 196.3 194.1 192.8 189.2 186.3 186.2 193 205.6 214.2 222.6 229.6 236 241.3 246.4 251.6 256.8 262.1 266.9 271.6 275.6 279.6 283.2 285.5 285.5 285.3 285.1 284.1 282.2 280.3 277.9 275 270.7 264.5 258.2 252.2 244.8 237.4 227.6 210.6 215.7 249.3 275.3 278.6 278 278 279.6 280.2 280.2 280 280.2 280.9 279.8 273.4 271.4 277.9 279.1 279.2 277.9 276.2 273.1 272 270.1 266.2 262.1 259.8 258.7
256.6 251.5 246.3 240.4 235.2 231 227.2 223.5 219.2 214.5 209.8 204.5 199.2 194.5 187.4 186 185 189.9 199.3 207.9 216.5 224.2 231.4 237.6 242.6 247.8 253.1 258.3 262.6 267.2 271.3 275.4 279.5 283 284.2 283.5 283.2 283.2 282 280.2 278.3 276.1 273.2 267.1 261.1 254.6 247.9 240.7 233.5 220.2 207.7 227 260.7 280.5 283.6 285.5 286.4 290.5 291.4 291.2 290.5 289.8 289.7 288.3 283.8 280.1 283.7 286 285.2 283.6 281.8 279.6 278 274.7 270.4 266.4 263.4 261.8
256.5 252.3 247.2 240.4 234.2 229.7 225.8 222.2 218.2 213.5 208.8 203.4 198.1 192.9 187.3 182.4 183.2 193 201.5 209.6 217.9 225.5 233.2 238.8 243.9 249.2 254.4 258.7 262.7 266.5 270.6 274.8 279 282.5 283 281.7 281.4 281.5 280 278.1 276.3 274.3 269.7 263.3 256.2 249.7 243.8 237.2 229.8 215.2 210 235.2 268 283.6 287.3 289.8 292.2 295.6 296.6 296.5 296.3 297 297.5 294.5 289.6 288.7 290.1 292.7 292 290.4 287.9 285.6 282.3 277.5 273.3 269 265.7 264
257 253.1 247.6 240.4 233.1 228.4 224.4 220.9 217.1 212.6 207.7 202.3 196.9 190.8 185.2 182.3 186.8 195.4 202.4 210.4 218.6 226.4 233.7 239.5 244.5 249.5 254 258 262 265.4 269.3 273.4 277.9 281.5 282 280.4 279.7 278.9 277.7 275.9 274.1 271.9 265 257.9 250.9 244.9 239 233.1 226.3 212.4 211 241.2 271.1 285.9 290.4 293.2 296.9 300 301.8 301.8 302.7 303 303.1 299.4 294.4 296.3 298.2 300.2 299.4 297.9 294.2 291 286.6 281.1 276.1 271.8 267.1 265.3
257 253.1 247.8 240.4 232.3 227.1 223.2 219.6 215.8 211.6 206.6 201.2 195.9 189.6 183.5 181.1 188.5 195.3 202.5 210.7 218.9 227 233.9 239.1 244 248.8 253.2 257.2 261.1 264.5 267.9 272.3 276.9 280.2 280 279.2 278.2 276.8 275.1 273.3 271.4 265.8 259.2 252.6 246 240.1 234.2 228.3 222.3 208.5 214.6 248.9 280.1 288.2 294.1 297.7 301.4 303.8 305.9 306.6 307.3 308 306.8 302.9 302.2 304.1 307.1 307.7 307.6 306.6 302.2 297.7 292.3 286.2 280.9 274.6 268.4 265.8
256.4 252.8 247 239.5 232 226 222 218.3 214.5 210.6 205.4 199.7 195.1 189.4 180 182 187.8 194.6 202.8 211 219.2 227.2 233.3 238.5 243.3 247.4 251.7 255.6 259.3 262.8 266.4 271.1 275.4 278 278.5 277.4 275.9 274 272.4 270.7 266.2 259.6 253.2 247.1 241.5 235.6 229.7 223.8 218.5 204.4 222.1 254.9 283.3 291.2 297.6 302 305.3 306.6 308.6 309.3 310.3 311.5 309.5 306.5 309.2 311.4 312.7 315.3 316.8 315.1 311.5 306.2 302.3 292.5 284.1 276 268.7 263.4
255.1 251.5 245.9 239 231.6 225.2 220.8 217.1 213.5 209.6 204.1 198.5 193.7 188.5 179.7 181.5 186.6 194.7 202.6 210.5 218.6 226.3 231.9 237.5 241.6 245.7 249.8 253.9 257.3 260.7 265 269.7 273.1 275.4 276.2 275.5 273.4 270.5 267.9 265.5 260.3 254.2 248.1 242 236.2 231.2 225.3 221.4 212.6 202.4 225.3 261.3 284.5 294.2 301 305.7 307.7 309.5 311.7 313 314.1 314.5 312.3 310.7 314.2 318.1 321 322.5 324.3 324.3 320.7 315.5 305.4 294.8 282.9 272.9 265.7 258.4
253.6 250.1 244.1 237.8 230.6 224.9 219.7 216.4 212.7 208.6 202.6 196.9 192.4 187.3 178.4 180.7 185.5 194.3 201.8 209.7 217.7 225.3 230.8 235.7 240 244.1 248.1 252 255.1 258.8 263.6 268.2 270.9 272.7 274.1 273.7 271.1 267.1 264.5 261.1 255 249.1 243 236.9 230.9 226.1 222.2 217.2 202.9 203.5 223.4 254 275.1 294.2 302.2 307.2 310.3 312.9 315.3 316.7 317.7 317.4 314.8 314.7 319.3 323.9 328.7 331.8 333 333.2 326.7 314.9 303.1 289.4 279.8 272.8 259.9 254.2
251.9 247.7 242 235.8 229.7 224.5 219.2 215.3 211.6 207 201 195.3 191.1 187 181.3 178.9 183.7 193.8 201.2 208.5 216.3 223.8 229.3 233.9 238.3 242.3 246.2 250 253.2 257.1 261.8 265.7 267.7 269.5 271 271 268.1 264.5 261.2 255.7 249.3 243.6 237.8 231.6 224.4 218.6 212 203.5 199.7 224.3 244.7 267.5 275.4 285.5 299.7 309.6 313.8 316.3 318.1 319.9 321 321.5 320 320.2 325.2 330.1 336.8 344 343.8 334.1 325.3 312.7 299.4 285.8 277.4 266.2 257.3 249.1
248.8 244.9 239.7 233.7 228.4 223.5 218.7 214 210.3 205.6 199.6 194 189.9 185.8 179.9 177.7 184.4 192.7 199.7 207 215.6 222.1 227.7 232.5 236.4 240.5 244.5 247.9 250.9 255.2 259.9 262.7 264.5 266.3 267.5 267.6 264.6 261.2 257.2 250.3 243.7 237.9 231.7 224.4 217.9 212 204.4 199.7 209.7 237.8 260.1 282.9 297.7 302 307.7 314.7 318.8 321.2 321.7 322.8 324.6 325.8 325.9 327.1 331 335.8 344.4 343.1 338 332.2 318.1 307.4 294.4 281.2 273.3 263 254.1 246.3
245.3 241.4 237 232.3 227.3 222.7 217.9 213 208.9 204.8 198.8 193 188.2 184.1 178.4 176.7 180.1 190.7 198 206.5 214.7 220.5 226.1 231 235.3 239 242.2 245.5 249.2 253.5 257.7 259.5 261.3 263 264 263.6 260.9 257.5 252.8 245.4 238.2 231.7 224.1 216.1 207.1 199.7 196 212.2 228 250.1 273.4 296.6 309.5 314.4 317.4 321.4 325 326.3 327.1 328 329.6 331.3 332.7 332.7 335.3 338.8 343.6 339 333.3 321.7 309.6 297.4 288 276.6 269.8 252.9 250.9 244.9
243.1 238.9 234.7 231 226.8 222.4 217.5 212.5 207.6 203.7 198.3 192.6 187 181.1 176.2 175.5 182.4 189.8 197.3 206.3 214.4 219.9 224.8 230.2 234.1 237.4 240.4 243.5 247.4 251.5 254.9 256.8 258.3 259.7 260.5 259.6 256.3 253 248.3 240.8 232.9 221.9 213.5 205.5 199.2 192.8 204.8 221.6 239.2 260.9 285.4 306.5 316.7 321.4 324.9 328 331.2 333 335.1 337.2 339.2 340 339.7 338.6 338.9 341.3 334 328.7 321.9 310.2 298.5 287.8 279 271.3 262.2 251.1 245.1 241.7
241.2 236.9 233.2 230.5 226.6 222 217.1 212 206.8 202.4 197.6 192.1 186.5 178.9 174 176.9 182.5 190.7 199.5 208.2 215 220.6 225.5 229.6 232.8 235.6 238.5 241.5 244.9 248.9 251.9 253.4 254.8 255.9 256.4 255.2 251.9 248.4 243.2 235.2 226.1 215.4 203.8 194 193.4 200.9 220.5 232.7 248.6 272 295.4 312.8 322.3 327 330 333.3 336.9 340.5 345.2 349.4 351.7 351.7 348.7 345.9 343.6 331 322.4 315.8 308.8 298.9 288.4 280.3 273.2 264.6 254.2 247.5 241.7 236.8
237.9 234.9 232.3 230 226.5 221.7 216.6 211.6 206.6 201.9 197 191.2 185.9 178.3 173 174.4 182.5 191.5 202 210.2 216.4 220.8 225 229.1 231.8 233.7 236.5 239.5 242.9 246.3 249.1 250.9 251.3 252.5 252.5 250.8 247.3 242.7 237.6 229.4 220.4 211.1 197.5 190.4 194.4 209.2 224.4 240.4 258.4 282 302.9 317.5 326 331.5 334.7 339.2 344.4 351.2 357.3 362.7 365.4 362.7 356.5 351.5 338.1 324.7 312.2 303.9 296.3 288.7 280.7 272.6 264.6 257.5 248.1 242.6 237.5 232
234.6 233 231.2 229.1 226.7 221.9 217.3 212.1 206.4 202 197.6 191.7 186.4 179.5 173.4 172.5 180.8 191.2 201.7 210.5 216.6 220.7 224.4 228.3 230.6 232.7 234.7 237.6 241 244.4 247.4 249 248.6 249.2 248.1 246.6 242.2 237.8 232 223.6 214.1 203.1 192.9 190.6 198.2 213.8 228.8 246.2 265.6 287.9 307.7 320.9 329 334.5 338.9 345.9 353.5 362 370.5 375.4 377 370.2 359.6 346.7 332.1 319.2 306.9 296 286.9 276.1 269.1 262.7 255.4 249.6 245.1 239.1 233 227.7
231.3 230 229.1 228.2 225.8 222.1 217.6 212.9 207.6 202.2 197.8 192.5 187.3 182.8 175.6 170.6 173.3 191.2 201.9 209.3 215.5 219.4 223.3 227.2 229.6 230.4 232.8 235.6 239.1 242.5 245.8 247.2 246.5 246.2 245.1 242.5 238 233.6 226.7 217.9 208.5 199 190.6 187.3 202.1 218.1 233.5 248.2 270.4 292 310 322.5 330.4 337.1 343.8 350.9 362 372.4 381.3 384.9 383.3 371.1 359.7 344.1 326.4 312.7 298.2 291.8 285.9 280.4 273.3 263.9 258.8 251.9 245 241.6 230.9 226.8
228.1 227.1 226.1 225.2 224.1 221 216.9 213.2 208.1 202.7 198.4 194.2 188.6 183.7 179.9 169.9 172.1 187.8 200.2 209.1 214.6 218.3 222 225.5 227.8 228.4 230.5 233.6 237 240.6 244 245.3 244.8 243.9 241.5 239.3 234.8 228.5 221.3 212.4 204 195.5 185.9 193.1 205.9 220.9 235.1 250.3 272.9 293.5 310.4 321.9 330.7 339.6 348.5 357.7 369.7 380.3 387.8 390.2 382.9 371.5 358 342.2 324.9 309.4 307.9 304.2 298.9 293.2 287.2 278.9 270.3 261.5 255 244.8 235.6 230
224.6 223.6 223.1 222.1 221.3 218.8 215.6 211.9 207.6 202.5 198.8 195.4 190.1 184.3 179.1 173 170.2 191.9 201.2 208.4 213.2 216.9 220.6 223.6 225.8 226.5 228.2 231.6 234.9 238.4 242 243.7 242.8 240.7 238.4 235.9 231.6 224.3 216.5 208.8 200.5 189.7 186.2 195.4 208.6 221.9 235.6 251.8 274 291.9 306.4 319.1 330.1 340.5 351.5 363.6 376.8 387.7 394.3 394 381.7 372 356.8 338.7 327.5 328.6 323.4 316.7 311.8 306.2 301.4 294.2 284.6 275.9 263.8 251.1 241.7 235.8
221.4 219.7 219.2 218.7 218.3 216.5 213.4 210.2 206.3 202.3 199.1 195.8 190.7 184.3 178.2 170.8 167.6 192.4 200.1 206.6 211.5 215.4 219 221.7 223.4 224.5 225.9 229.4 233 236.6 240.8 242 240.1 237.5 234.8 232.9 229 221.5 213.6 205.6 197.6 189.8 186.7 198.5 211.6 222.1 233.2 251.1 270.4 285.6 300.6 316.2 330.4 343.1 356.5 370.4 383.5 394 399.3 396.3 386.2 374.6 360.3 352 346.4 346.7 342.2 333.8 325.6 321.5 315.7 308.9 302.1 290.5 274 259.4 248.3 241
218.1 215.8 215.4 215.4 215.2 213.9 211 208.1 204.5 201.1 198.2 195.1 191.2 183.9 176.2 168.7 173.9 189.7 199.1 205.3 209.7 214 217.2 219.2 220.9 222.5 223.7 226.6 230.7 235.3 238.5 239.4 237.3 234.3 231.9 229.9 226.8 219.4 211.5 204.3 195.2 183 187.7 200.6 212.3 221.7 232.7 248.9 265.6 282.6 299.3 316.9 333.2 349.1 363.5 377.6 389.9 398.6 400.8 398.1 391.3 381.3 370.3 368.6 367.3 365.1 360.9 351.4 341.7 336.4 329.6 323.1 315.5 301.7 285.7 270.5 259.8 252
214.6 212 211.7 211.6 212 211.1 208.3 205.5 202.5 199.4 196.4 193.8 190.5 185.4 175.5 166.7 174.6 189.3 198 203.4 208 212.5 215.6 217.3 218.5 219.5 219.5 224 228.8 233.2 236.1 236.5 234.6 232.3 230 227.6 223.9 217.1 209.8 202.2 191.8 183.4 190.5 202.2 211.8 221.4 231.9 247.1 264.1 280.7 299.3 318.5 338.1 355.1 370.2 383.8 394.7 401.9 402.2 399.7 396.1 395.8 389.8 389.4 388.4 383 377.6 368.5 358.1 349.7 342.7 336.8 323.9 310.1 296.2 282.8 271.2 259.7
