ny/ny59_OST50GRID_20230518/NY59.asc
ncols 200
nrows 200
xllcorner 350000
yllcorner 590000
cellsize 50
[rows 0 to 34 of 200, columns 0 to 77 of 200]
348.8 342.5 337.1 335.7 322 342.3 355.3 360.2 362.6 365 370.6 373.6 374.7 373 370.3 366.7 359.9 350.9 343.6 336.8 328.6 317.1 306.8 301.1 307.8 318.5 325.9 334.8 348.1 360.2 364.3 365.3 363.3 358.8 354.2 351.1 348.2 345.2 343.4 338.9 336.5 331.6 327.2 321.1 316.6 312.8 307.9 304.7 300 299.1 298.1 306 312.5 317.8 322.6 327 333 338.9 344.7 349.9 353 353.6 354.3 353.1 351.5 351.1 353 355 355.3 353 348.4 338.1 324 317.5 330.4 345.5 353.3 357.5
349 345.4 338.7 322.2 325.2 345.8 355.2 358.8 360.9 363.8 367.7 370.8 370.6 368 365.1 360.2 352.4 343.6 336.7 329.9 318.8 306.6 300.6 299.8 313.4 322.4 330.4 343.2 357.4 362.9 364.9 363 359.1 356 351.8 348 345.1 341.9 338.8 335.8 331.9 327.1 322.3 317.1 312.6 307.5 302.4 298.8 293.5 300.1 304 309.7 315.4 319.8 324.7 329.5 334.8 340.7 346.6 351.5 353.3 353.5 352.7 351.3 349.3 348.6 350.7 351.9 350.4 346.1 338.7 329.9 316 318.7 331.7 342.7 350.2 355.3
350.2 346.1 338.6 316.9 325.9 344.3 353.6 357.6 359 360.9 364.6 367.5 366.3 362.2 358.1 352.1 344.3 336.8 329.8 321.8 309.4 299.9 295.2 303.5 317 326 338.7 354 363.4 366 363.3 358.9 355 351.8 348.7 344.9 341.9 338.7 335.2 330.4 326.2 321.5 316.7 312.1 306.6 302.2 297.1 292 289.7 302.2 307.6 313 317.8 322 326 330.7 335.8 341.5 347.6 350.9 352.2 351.9 350.9 348.7 345.9 345 346.6 346.5 343.8 338.9 331.9 320.8 309.5 319.8 332.6 342.6 348.6 353.6
350.1 346.2 338.1 321.3 317.6 341 352.6 355.7 356.8 358.2 362 363.2 360.6 355.7 350 343.1 336.2 329.7 322.8 314.2 303 295.4 294.4 309.3 319.6 331 347.2 361.4 366 365.2 359.8 355 350.8 347.7 344.5 341.5 338.4 334.7 330.8 325.3 320.3 315.7 311 306.5 301.6 295.4 290.6 281.1 302 303.4 310.4 315.7 319.9 323.3 327 331.1 335.7 340.5 345.2 347.8 348.5 348.4 347.6 345.3 342 339.4 340.2 339.9 336.1 331.9 325.5 313.7 312.5 326.1 335.8 340.9 346.5 351.3
349.6 346.4 339.2 322.6 313.6 335.6 349.9 353 354.3 356 358.3 357.7 353.6 348.5 341.6 334.3 328.6 322.9 317.3 307.9 298 291 297.1 309.8 321.6 336.4 353.4 366.6 365.3 362 357.1 351.9 346.7 343.4 340.2 337 333.8 330.1 325.8 320.2 314.7 310 305.4 300.8 296.5 290.6 282.3 290.2 307.8 300.1 313.5 317.8 320.3 323.6 326.8 329.9 334.5 338.3 340.8 343.4 344.2 344.4 343.4 340.5 336.6 332.8 334.3 333.6 331 326.7 320.1 306.5 317.2 329.8 336.1 340.8 345.6 348.7
347.7 344.5 337.3 323.2 306.4 326.7 344.5 349.2 350.7 351 352.8 351.7 348.2 340.1 332.7 326.1 321.7 318.2 312 302 293.4 290 299 311.6 326 341.3 355.5 366.4 365.5 360.5 355 349.6 342.7 338 335.1 332.2 329 325 320.3 315.2 309.7 304.5 299.7 295.2 290.9 282.8 282.9 303.3 305.6 299.8 314.1 317.9 320.4 322.8 325.3 328 331.4 335.2 337.1 338.9 339.7 340 338.8 335.1 331.2 327.8 327.4 327.8 326.3 321.6 308.2 313.1 324.8 332.5 335.4 340.5 344.3 345.1
340.5 339.7 332.4 319.3 303.7 327.7 343.4 345.8 346 346.2 346.9 345 338.6 330.5 323.5 319 316.6 313.8 305.9 296.5 288.4 288.6 301.8 315.1 331.3 346.5 356.1 360.9 363.9 358.8 352.3 345.4 338.5 333.2 329.3 326.4 323.5 319.9 314.8 309.9 305 300.1 295.2 289.8 284.6 274.6 296.4 302.4 306.9 308.6 314.7 316.8 319.4 321.1 323 325.5 328.7 331.8 333.3 334.5 335.3 334.5 333 330.1 327 323 321.2 322.5 321.4 316.3 299.7 317.7 326.2 332.4 335 339 341.5 341.3
328.4 330.1 324.6 310.1 307.6 332.1 340.3 340.9 341.2 341.4 340.4 335.7 328 322.2 317.4 314 312.1 308.2 299.3 291.6 282.9 291.4 303.8 319.6 336.2 347.9 354.5 357.1 358.3 354.2 347.8 341.2 334.4 328.5 324.4 320.6 317.5 313.3 309.1 304.5 300.1 295.3 289.9 280.8 274.2 282.9 299.9 303.6 307.4 310.5 298.5 316 318.2 319.3 320.2 322.5 324.9 327.8 328.9 330 330.8 330.4 328.8 326 323.3 319 314.7 317.2 315.7 305 302.6 318.2 325.4 330.4 334.1 336.5 337.4 336.4
334.1 315.6 307.5 299 313.3 331.1 335.4 335.6 334.8 333.8 331.6 325.6 319.8 315.5 312 309.1 306.9 301.5 293.6 286.8 283.7 294.7 306.4 323.4 340.3 349.3 350.3 349.3 348.3 345.1 341 336.6 330.3 323.7 319.7 315.5 311.9 308.1 304 299.4 295 290.2 283.6 270.4 280.3 293.2 300.4 304.6 308.2 310.3 307.5 312.4 316.5 317.3 318.1 319.5 321.5 323.5 324.8 326.2 327.1 326.5 325 322.9 319.7 315.9 309.6 311.9 306.9 295.1 313.1 320.9 325.5 330.3 333.1 334.7 334.8 333.6
331.8 326.4 313.9 299 310.9 325.4 329.3 329.7 328.2 325.7 322.3 317.9 313.5 309.9 306.8 303.4 300.9 294.8 288.6 282.3 283 296.8 308.9 325.8 341.9 347 345.6 342.8 339.6 336.5 332.1 327.8 322.5 318.2 313.9 309.9 306.6 303.4 298.6 294.1 289.8 283.3 275.2 272.5 285.7 295.4 302.3 306.5 309.2 311 312.3 297.5 315.1 315.7 316.2 316.3 318.3 320 321.5 322.9 323.8 323.5 322.3 319.9 316.5 312.2 305.5 304.2 290.8 299.7 318.6 323.1 327.4 330.9 332.4 333.7 329.8 330.4
334 328.5 319.5 295 306.7 320.9 322.9 323.5 321.2 317.9 314.7 311.2 307.9 304.9 301.8 297.7 295 290.1 283.7 277.4 286.7 298 311 327.9 339.7 342.5 341.6 338.4 335.4 331.3 326.6 321.5 316.5 312.4 308.4 304.8 301.1 297.3 293.2 288.5 282.2 276 267.7 277.6 290.3 297.4 303.9 308.3 310.1 311.9 312.5 312.3 298.9 314.5 314.3 313.3 314.8 316.4 318.1 319.9 321.8 321.6 320.4 317.1 313.5 306.8 300.3 284.8 299.7 312.1 321.3 327.3 330 331.2 332.3 331.8 327.7 329.5
331.7 328.9 326.5 302.7 295.5 310 314.9 316 314.1 310.8 307.8 305.3 302.1 299.3 296.7 293 289 285.1 276 278.3 288.4 298.6 313.9 328 336.9 337 336.7 334.2 330.8 326.1 321.7 316.6 312.1 308 303.9 299.8 296.1 292.1 287.2 281.3 274.7 269.1 267.3 282.2 292.1 299 305.8 309.1 310.9 312.1 312.5 312.7 307.1 307.6 311.7 311.1 311.7 313.2 315.1 318.4 320.1 319.3 317.6 314.5 309.3 300.9 289.1 294.2 311 317.6 327.3 331.1 331.6 331.4 331.5 331.8 323.5 328.3
324.9 323.3 322 310.5 291.2 297.4 303.7 306.2 306.3 303.7 301.3 299.3 296.6 294 291.3 288.8 284.1 279.8 275.8 280.6 289 301.1 315.9 326.7 331.4 330.8 330.4 329.6 325.6 321 316.7 311.9 307.7 303.6 299.9 296.4 293 288.5 283.2 277.5 272.1 264.5 272.3 284.9 293.8 301 307 309.8 311.6 312.1 312.5 311.8 310.8 298.1 309.3 308.1 308.9 310.5 312.9 315.8 317.3 316.5 314.3 310.6 305 294 285.4 301.6 313.1 321.2 328.9 332.2 331.6 330.2 329.7 326.7 321.1 328
328.7 323.3 306.3 305.9 294.2 287.1 293.4 296.3 298.1 296.8 294.9 292.8 290.4 287.7 285.2 282.8 278.4 272.9 272.2 282 290.6 304.3 317.5 324.3 326.5 325.6 325.1 323.9 320.5 315.9 311.8 307.9 303.8 300.2 296.5 293 289.8 285.6 280.3 275.1 268.5 264.6 276.6 286.6 295.4 303 308.2 310.5 311.8 312.3 311.9 310.9 309.1 306.9 292.4 304.4 305.5 307 310.3 313.2 314.2 313.2 310.6 305.8 299.4 278.9 293.8 308.1 315.7 323.1 328 330 329.8 328.6 326.8 323.9 320.9 328.1
332.1 325.5 318.6 308.9 301.8 289.9 285.9 287.1 288.8 288.6 287.5 286.2 284.1 281.5 279.1 277.2 272.4 268.9 276 284.2 293.7 306.8 316.4 320.7 321.4 320.8 320.3 318 315.8 312 308.1 304.2 300.8 297.2 293.3 289.5 286.1 282.7 277.8 273.1 264.6 266.1 278.7 287.8 296.5 303.8 309 310.7 312 311.9 311.1 310.2 308 305.7 301.9 297 301.3 303.3 307 309.9 310.8 308.9 305.5 300.4 287 286.8 302.3 312.3 318.5 324.1 328 327.4 327.2 326.2 324.5 318.1 322.4 327.2
330.9 325.7 319.9 313.8 307.6 300.9 293.2 280.7 279.6 279.4 278.9 278.3 277.5 275.4 273.3 272.3 268 267.8 278.3 286.3 296.8 308.2 314.2 316 317.2 316.9 316.4 314.2 311.4 308.6 304.8 300.9 297.5 293.1 288.6 284.8 281.7 278.7 274.9 270.2 260.3 267.5 280.6 289.7 297.6 305.9 309.3 310.7 311.3 310.8 310.2 309.1 306.9 304.6 303 296.2 299.7 300.3 302.3 305.4 306.4 304.8 299.9 290.6 275 295.4 308.3 315.5 320.2 324.3 327.7 326.6 325.3 323.5 321.5 315.3 321.4 326.3
329.7 324.6 319.4 313.7 308.1 302.6 295.4 287.5 276.9 272.3 269.9 270.2 269.6 268.1 267.5 266.3 264.2 269.5 280.5 289.3 299.5 306.9 310.6 311.8 312.2 312.9 312.3 310.5 307.8 305.1 301.3 297.5 293.5 289.1 284.5 280.1 276.9 273.9 270.7 265.1 253.2 271.4 283.7 291.8 299.5 307.6 309.4 310.5 310.6 310 309.4 308.5 306.4 304 302.2 298.2 290.6 301.1 298.8 301.7 302.7 299.8 293.3 279.6 285.7 302.6 311.5 318.2 321.1 323.7 326.2 325.6 323.6 321.5 317.1 315.5 319.8 324.7
327.5 322.9 318.2 313.2 308.4 301.9 293.9 282.2 274 277.7 268.8 265 262.1 260 261.3 262 261.2 271.1 283 292.7 300.2 304 306.2 307.7 308 308.3 308.3 306.7 304.3 300.8 296.7 292.9 289.2 285 280.4 275.9 271.9 269 265.5 259.3 257.3 274.4 286 293.4 300.8 306.9 309 309.6 309.5 309.3 308.5 307.6 306.1 304 301.9 298.8 295.2 290.4 297.7 297.4 297.8 294.5 286.6 272.2 293.9 308 314.4 320.5 323.7 325.8 326.7 325.6 322.8 319.6 314.9 310.4 316.9 322.4
325.1 320.7 316.4 311.6 306.7 299.4 283.7 275.9 287.1 286.2 279.9 269.7 261.9 264.6 258.5 257.4 260.3 273 284.9 292.3 297.3 299.7 301.7 303.3 303.6 303.9 303.8 302.5 300.8 296.9 292.7 288.8 285.1 281.3 276.8 271.6 266.6 262.6 259.8 252 261.2 277 287.5 295.1 302.6 306.2 308.9 309 309.2 308.6 307.8 306.7 305.1 303.4 301.2 298.3 294.7 290.6 290.1 292.7 293.8 289 275.3 280.2 298.1 308.5 316.1 321.3 324.6 327 327.7 325.8 322.8 318.7 314.1 310.2 313.1 319
322.8 318.5 314.2 309.1 302.6 292.4 286.7 299 296.9 293.8 288.3 284.8 279.5 273.1 267.7 261.9 257 271.7 284.1 289.6 293.2 295 297 298.7 299 299.4 299.2 298.7 296.8 293.1 289 284.7 280.9 277.1 272.8 267.2 261 255.9 250.4 254.2 268.1 280.4 289.5 296.8 303.5 306.6 308.6 309 308.9 308 307 305.8 304 302.4 300.3 297.8 293.4 288.7 287.4 289.7 289.9 280.8 266.8 288.5 302.5 310.8 317.7 322.2 325.5 328.4 328.4 326.1 322.8 318.3 313.5 305.5 310.4 315.8
320.2 315.3 310.4 300.8 293.6 285.7 302.7 303.4 301.6 298.5 295.2 293 289.2 283.9 277.2 269.4 256.8 270.2 281.8 285.5 288.2 290.3 292.4 294 294.4 295 295.3 294.8 292.3 289.1 285.2 280.8 276.6 272.6 267.8 261.5 255.1 248.4 243.8 261 271.8 281.8 290.8 297.9 304.3 307.2 308.7 309.2 308.2 307.1 306.1 304.9 303.1 301.3 299.1 296.3 291.7 286.6 283.3 287.6 285.5 274.2 276.7 292 304.2 313.5 318.4 322.4 325.4 327.6 328.1 326.4 322.4 318 309.9 301.8 308 314.6
312.4 309.4 299.5 295.5 300.8 305.5 307.5 306.7 304.6 301.6 298.6 296.9 293.7 290 285 276.6 255.7 263.8 276.2 280.3 283.2 286.3 288.4 289.7 290.4 291.1 291.5 290.7 288.6 285 280.8 276.5 272.3 267.3 261.9 255.6 248.2 241.8 252.9 263.5 273.6 283.7 292.2 299.5 305 307.7 308.8 308.5 307.3 306.3 305.3 304 302.2 300.2 297.4 294.4 289.8 284.9 279.2 284.5 281.7 264.2 280.1 293.2 306 313.8 318.4 321.8 324.9 326.4 327.3 325.6 321.4 317 312.3 305.8 304.3 314
315.4 309.4 308.4 308.7 309.9 310.4 310.3 309.4 306.7 303.7 300.6 297.6 294.6 291 286.2 280.6 266.5 252.6 266.1 274.1 278.3 281.9 284.6 285.5 286.3 287.1 287.3 286.4 284.3 280.4 276.2 272.1 267 261.6 257 251.7 244.4 243.2 253.8 264.2 274.6 284.6 292.9 300.8 305.5 307.9 308.8 308.1 306.8 305.5 304.4 303.2 301.2 299 296.2 292.6 287.9 282.9 277 283.2 285.1 264.4 282.2 295.5 306.1 314 317.8 321.3 323.7 325 326 323.5 319.7 315.2 310.8 301 303.1 313.5
321.6 317.5 315.2 313.5 312.4 312.1 311.6 310.1 306.2 302.7 299.6 296.5 293.3 290.1 285.9 280.9 273.9 254.3 255.6 266.6 273 277.5 279.9 281.1 282.1 282.9 282.7 281.9 279.7 275.7 271.6 267.4 262.2 256.6 253.6 246.6 237.4 245.2 255.3 265.1 275.1 285.1 293.4 301.4 305.7 307.4 307.8 307.1 306 304.8 303.6 302.2 300.4 298.4 295 290.6 285.6 280.7 273.9 264.9 279.2 274.7 285.4 298.8 306 312.5 317.7 321.1 324 325.7 324.6 321.5 317.6 313.4 309.4 298.3 304.1 309.7
321.8 318.2 316 314.4 312.9 311.3 311 308.5 305.7 302 298.5 295.2 292.1 288.6 284.4 280.2 275.7 265.6 247.1 258.3 266.7 272.4 275 276.2 277.5 278.2 278 277 274.6 270.9 267 262.6 257.7 253.2 249.9 242.2 238 250.3 257.9 266.1 275.8 285.9 294.3 301.5 305.3 306.8 306.8 306 305 303.9 302.7 301.9 300.3 297.8 294 288.7 283.3 278 272.3 262.6 269.6 278.7 288.1 298.1 305.5 312 317.9 321.7 324.5 325.4 323.5 319.5 315.8 312.2 307.9 300 300.7 308.4
322.1 318.9 316.4 314.9 313.3 311.7 309.1 306.3 303.4 300.2 296.6 293 289.9 286.5 283.3 279.1 275 270.3 249.6 250.2 261.1 266.9 270.2 271.9 273.2 273.5 273.2 272.2 269.4 265.7 261.9 258.4 253.9 250.5 246.2 235.4 246.4 252 260 268 277.3 287.4 296 301.4 304.7 306 305.6 303.9 303 302.4 302 301.2 299.8 296.8 292.3 285.4 279.2 272.1 267.2 256.7 263.8 281.7 290.2 299.5 306.1 312.6 318.2 322.6 324.7 324.5 322.2 318.3 314.5 310.8 305.3 294.3 301.6 307.1
322.3 319.3 316.3 314 311.7 309.4 306.3 303.5 300.6 297.3 293.9 290.5 287.3 283.9 280.5 277.3 273.9 269.9 257.6 247.2 255.8 261.9 265 267.4 267.8 267.9 268.1 266.8 264.2 260.3 256.5 253.9 250.8 247.1 243.2 233.3 248.7 254.5 261.7 269.7 278.9 288.8 297.3 301.8 303.8 304.6 303.8 302.6 301 300.5 300.3 300.1 298.3 294.8 288.5 280.8 273.2 266 261.9 249.1 263 282.7 292 301.1 308.2 314.8 319.7 323.2 324.5 323.7 321 317.1 313 307.8 300.7 284.8 300.7 304.5
321.4 318.2 315 311.9 309.5 306.4 303.5 300.8 297.7 294.2 290.7 287.1 283.9 281.2 277.8 274.5 271.7 268.1 262.3 244.8 243.7 256.1 260.3 262.9 263.2 263.1 263.3 261.8 258.6 254.7 251.6 249.4 247 243.3 237 233.7 248.4 257.5 263.5 271.4 280.4 290.4 298.5 301.5 302.7 302.7 301.7 300.5 299.2 298.5 298.2 297.7 295.6 291.3 283.6 275.9 268 259.8 249.3 248.5 265.9 284.6 294.9 303.2 310.3 316.5 321.1 323.9 324.8 322.8 320.2 315.7 310.7 303.7 293.6 289.5 298.9 302.6
318.9 316.5 313.7 310.7 307.5 303.6 299.3 296.9 294.3 290.9 287.4 283.8 280.2 277.5 275.1 271.8 268.4 264.5 259.5 254.3 251.7 252 256.4 258.7 259.2 259 258.8 256.8 253 249.3 247.5 245.6 242.9 238.7 230.3 244 249.7 257.6 265.7 273.2 282.1 291.5 298.9 300.8 301.1 300.7 299.3 298 296.8 296.2 295.8 294.6 291.1 286 278.5 270.7 262.7 252.5 247.3 264.2 274.5 285.9 297 305.2 312 317.3 321.6 324.2 325 322.9 319.1 313.9 306.9 299.1 288.5 290.1 296.5 302.8
315.5 313.8 311.9 308.8 303.8 299.4 295.3 290.7 288.6 286.5 282.8 280.3 276.9 273.4 270.9 268.1 264.2 260.3 256.6 251.6 242.8 241.1 249.6 254 255.1 254.6 253.1 250.9 247.1 244.6 243.1 241.5 237.1 232.5 231.2 243.7 252.3 259.6 267.7 276.6 284.6 292.5 297.8 300 300.5 299.3 297.1 295.7 294.8 294.2 293.3 291.1 286.3 280.4 273.3 265.9 258.2 247.5 251.8 267.9 278.3 288.2 298.7 306.6 312.9 317.7 321.5 324.1 324.1 320.9 317.2 311.3 302.8 293.7 278.4 288.3 294.1 300.7
319.9 315.6 310.6 308.6 305.3 301 296.7 291.4 284.9 278.7 276.9 275.7 272.5 269.2 266 263.2 259.9 256 252.7 248.2 235.2 234.1 244 248.6 249.5 248.6 247 245.6 242.8 240.4 238.9 236.7 230.6 224.6 238 247.3 256.5 264 272.2 280.3 288 293 297 299 299.3 298.1 295.8 293.4 292.4 291 289.4 286.4 281.5 274.9 268 260.1 252.1 241.1 256.3 270.3 280.7 290.5 299.7 307.2 313.1 317.5 320.9 322.7 322.5 319.3 315.2 308.3 297.2 287.6 276.6 284.4 290 294.5
319 314.6 310.7 307.5 303.9 299.6 295.3 290.6 284.8 277.6 270.3 269.2 268.1 264.8 261.3 258.1 254.6 250.7 249.3 245 221.3 225.1 236.2 241.1 242.5 242 241.4 239.9 238.7 236.3 234.4 228.6 221.7 232.9 242.8 252 260.2 268.4 276.6 284.8 290.6 294.6 297.3 297.7 298.1 296.9 294.5 292 289.3 287.3 283.9 280.8 276.2 269.3 262.4 255.2 239.5 250 260.5 272.8 282.8 291.7 300.3 307.6 312.7 317 319.2 320.8 321.2 318.3 312.7 303.5 292.7 282.1 275.3 281.2 286.7 290.8
317.5 313.2 309.2 305.7 302.1 298.1 293.7 288.3 282.6 276.9 269.3 260.8 259.6 259.7 256.8 252.8 248.9 246.1 245.4 243.3 227.9 213.6 229.7 234.8 235.1 235.2 235.4 235.1 233.7 231.7 227.9 220.3 226.2 238.4 248.2 257.4 265 272.8 280 286.7 290.8 294.9 297.1 297.4 296.8 295.4 293.3 290.6 286.9 282.9 276.5 273.5 272 265.6 257.9 251.5 236.2 249.5 261.8 276.2 283.9 292.4 300.8 307.7 312.5 316.4 317.6 318.9 320 316.1 309.3 299.3 289.3 278.8 271.3 277.4 284 292.2
315.5 310.8 306.5 303 299.3 295.2 290.7 285.3 279.7 274.1 269 264 258 248.8 250 246.8 242.6 241.3 241.2 240.4 235.1 217.9 209.5 228.5 228.9 229.9 230.5 231 228.9 223.2 216.4 225.5 234.5 243.3 253.3 262.4 269 276.2 282.3 287.9 291.6 294.9 296.9 297 295.3 293.8 291.8 289.7 285.5 278.7 272.8 268.6 262.3 261.5 254.4 242.5 233.7 248.8 263.2 279.1 286.1 294 302 308.8 315 318.2 319 318.8 317.7 313.5 306.5 296.9 286.4 274 268.6 275.9 284.6 291.2
313 308.5 303.9 300.4 296.4 292.3 287.3 281.8 276.3 270.8 265.9 261 255.9 249.8 238.2 240.5 235.8 234.8 235.2 235 233.2 224.3 207.5 217.5 222.9 225.7 226.6 226.7 218.1 215.9 226.9 235.4 242.5 250.1 258.5 266.1 272.9 279.8 284.9 288.4 291.7 294.9 296.3 295.9 293.9 292.1 290.1 288.5 285.6 280 274.8 270.7 265.8 261 245.2 235.1 235.2 248.6 266.7 279.3 288.6 296.5 303.5 310 316.7 319.2 319 317.4 315.3 310.7 303.7 294.9 284.3 272.5 263.7 274.9 284.1 291.5
