ny/ny59_OST50GRID_20230518/NY59.asc
ncols 200
nrows 200
xllcorner 350000
yllcorner 590000
cellsize 50
[rows 70 to 104 of 200, columns 78 to 155 of 200]
252.1 242.5 233.5 226.3 215.2 209.5 209.8 216.6 222.7 224.4 222.6 218.2 217.7 229.5 239.7 247 251.2 255.9 255.7 254.1 255.2 256.9 253.1 249.3 245 239 231.6 223.8 217 209.8 204.4 197.9 191.1 180.8 176.6 171.1 172.4 178.2 178.7 177 173.8 168.5 165.9 163.7 163.4 162.4 161.2 160.4 165.1 173.9 184.3 194.3 201.6 206.6 209.4 208.9 207.8 206.9 209.5 209.2 204.9 201.8 198.5 195.9 207.1 209.2 214.9 223.1 228.8 231.7 234.3 236.1 240.4 243.9 248.6 252.5 256.8 262.7
256.2 249 242.3 230.7 219.1 212.1 202.2 206.5 213.4 213.9 211.4 205.9 219.6 231.2 241.2 248 252.6 257.3 260.5 260.7 259.7 256.5 252.3 248 242.5 236.4 228.1 219.9 212.9 205.9 198.3 193.3 188.9 181.4 171.5 169.6 170.9 176 175.3 171.7 163.9 161.5 160.6 160.3 161 160.3 160 166.1 172.3 182 193.3 201.8 208 212 213.8 212.9 211.7 212.1 214.7 214.8 214.1 208.9 208.3 205.1 199.1 206.1 204.8 211.7 222.2 222.4 226.2 229.8 234.5 238.7 242.9 245.6 250.1 256.1
264.3 254.1 244.5 233.9 226.7 220 211.5 198.2 202.1 205 204.7 212.6 222.2 231.9 237.6 247.2 254.2 258.9 262 261.6 258.4 255 250.7 246.4 240.9 234.2 225.5 217.2 209.6 202.1 194.2 185.5 183.6 177.2 172.7 164.3 169.3 171.7 169 161.3 160 159.5 158.9 158.5 159.4 164.3 170.9 172.7 177.9 188.4 198.4 206.9 213.2 216.8 217.7 216.8 216.4 218.3 220.6 221 220.4 215.6 216.3 214.5 213 206.3 215.4 219.9 217.6 222.1 224.5 222.4 222.8 228 233.7 236.9 242 248.4
267.1 256.7 247.8 240.9 231.3 223.3 214.8 204.6 196.5 199.8 199.1 213.4 223.1 231.9 240.3 251.5 258.6 261.8 263.2 260.7 257.4 253.2 249 244.9 238.4 229.7 221.5 213.3 206.1 199.1 190.4 183.6 179.3 171.3 171.2 164.2 165.4 164.1 160.1 159.1 158.6 158.2 157.6 160.5 167 170.3 173.6 176.2 182.5 192 201.4 209.7 216.2 219.7 221.7 221.9 222.6 225 226.9 227.3 225.5 221.3 220 219.7 218.7 210.4 219.2 224.8 229.4 232.2 232.4 231.3 228.4 229.6 229.2 231.8 233.2 237.4
270.4 261.2 252.1 243 232.5 222.7 214.9 207.3 195.2 195.2 200.7 213.9 223.6 233.2 244.9 255.6 262.3 264.1 263 259.8 256.1 251.2 246.5 240.3 231.1 223.3 215.4 207.2 201.1 194.5 187.1 183.9 179.1 175.1 166 161.8 161 158.9 158.6 157.8 157.5 157 160.5 164.6 167.5 171.6 176.5 179.9 186.3 194.5 203.4 211.6 219.1 223.8 226.5 228.2 229.8 231.3 233.2 233.1 232.3 225.1 221.5 222.9 218.2 218.3 219 228.4 233.8 237.7 238.2 237.1 234.3 237.4 237.8 236.3 238.7 241.2
271.8 262.2 252.8 243.7 234.5 222.6 215.3 209.1 195.8 192.2 201 211.1 222 235.6 245.2 256.1 263.8 263.5 262 257.5 253.4 248.1 242.6 235.3 226 217.9 210.3 203.5 198.1 191.6 186.5 180.7 176.4 172.2 165.7 162.6 158.3 157.4 156.7 156.6 157.4 160.3 163.3 166.3 170.8 175.6 181.2 185.9 190.7 199 206.7 214.6 222.1 228.2 232.3 234.6 236.1 237.3 238.3 237.5 235.8 228.7 228.6 227.8 223 225.1 220.6 229.7 236.3 240 242.9 241.4 239.8 244.3 245 242.4 245.4 247.5
274.2 264 254.4 245.1 236.4 225.8 215.6 208.7 199.2 190.3 199 210 222.7 235.8 246.1 255.6 261.8 261.4 257 252.8 249.5 245.1 237.8 229.9 221 212.7 204.7 198.5 193.3 187.7 183 178.4 173.9 169.2 165.5 159.5 156.3 155.7 157 158.3 160.5 162.3 164.9 169.7 176.5 182.4 187.1 191.8 196.6 203.8 211.9 219.8 227 233.1 237.4 240.8 242.3 243.7 244.4 242.3 236.7 235.2 234.4 231.2 230.7 230.5 228.5 234.1 241.5 245.5 248.5 248.1 245.6 250.3 251.7 249.7 251.2 254.4
276 265.7 255.8 246.3 236.6 225.8 216.9 209.5 199.9 189.3 198.6 211.1 223.7 236.3 246.6 255.6 257.9 255.9 250.1 248.2 245.7 240.2 232.8 224.9 215.7 207.3 198.7 192.9 187.8 183.8 179.3 174.3 169.5 166.1 163.8 160.1 154.9 156.2 157.8 158.9 160.8 164.1 169.7 177.3 183.6 188.3 193 197.7 201.9 209.3 217.1 225 232.7 238.1 242.4 246 248.6 250.4 250.3 247.9 243 242.6 239.9 237.1 236.6 237.6 237.1 239.5 248 251.7 253 251.8 251.7 255.5 257.5 257.6 255.5 258.5
275.5 265.7 255.4 245 236.5 226.8 218.3 210.5 202.2 189.7 195.7 210.2 225.1 237.4 246.4 251.3 251.2 247.4 244.1 242 239.8 234.6 227.6 219.5 210.4 201.5 192.5 186.8 182.9 179.3 175.2 170 166.8 164.7 162.6 159.1 155.5 156.8 157.9 159.5 162.4 168.8 177.2 184.7 189.5 194.3 198.9 203 207.8 214.6 222.5 230.8 238.8 243.8 246.7 249.4 251.4 252.1 250.9 248.8 249.2 247.9 244.6 242.3 243.6 245.8 246.5 245.3 249.9 253.7 255 254.2 256.5 260.8 263.7 265 262.8 262
274.1 264.3 254 244.6 235.8 227.3 219.4 211.5 202.3 188.5 190.9 206.6 226.4 239.4 244.4 246.8 244.8 241.1 237.8 236.1 234 229.5 221.9 213.9 205.8 196.5 186.9 181.3 177.9 174.4 170.8 165.7 162.6 161.7 160.8 154 155.2 156.7 158.4 160.9 167.2 176.2 184.8 190 194.6 199.7 205 209 212.3 218.2 225.8 235.6 243.3 247.8 250 251.2 252.1 252 250.8 252.4 254.2 253.4 250.4 249.5 252 254 254.7 252.8 252.3 256.1 258.2 259.2 262.2 267 270.2 271.2 269.5 266.4
271.9 262.2 253.4 245 234.2 226.6 219.4 211.4 202 188.6 188.6 205.7 226.1 236.8 240.7 239.5 238.2 234.8 231.6 230.1 227.7 223.1 216.2 208.1 199.8 191.8 182.1 176.5 172.9 169.7 166.3 161.3 160.3 159.1 157.5 154.7 156.5 157.2 159.4 165.1 174.3 183.1 189.8 194.7 199.7 205.2 210.8 214 216.6 220.7 228 237.5 245.8 250.5 251.6 251.4 251.2 251.5 251.2 255.5 257.7 258.6 257.7 257.8 259.7 261.1 260.3 257.7 256.5 260.7 263.8 265.1 269 272.8 276.4 276.6 275.5 272.6
270.3 261.7 252.8 243.6 232.4 225.7 218.5 209.9 200.1 186.3 189 206.9 225.6 234.2 234.1 233.3 231.9 228.8 226.7 224.1 219.8 215.7 210.1 201.9 193.8 186.1 178.8 172.2 167.9 165 161.7 158.2 157.7 157.9 154.4 154.2 156.2 157.5 164.4 173.4 180.6 188.4 194.1 199.6 205.1 210.5 215.4 218.1 219.4 222.7 230.2 239.3 247.9 252.5 252.3 251.6 251 251.4 253.4 256.9 260.5 262.3 261.5 262.7 264.2 264.8 263.5 261 263.7 267.6 270.5 272.1 275.7 279.3 282.3 283.1 282.5 278.5
267.5 260.4 251.1 241.7 230.9 223.8 215.4 207.1 196.8 179.8 189.9 206.9 221 228.8 229.2 229.2 227.1 224.8 223.1 220.5 215.4 209.1 202.8 195.2 187.6 181.3 174.4 168.5 162.9 160 157.5 156.8 155.9 155.2 153.8 154 156 162.7 172.3 179.4 186.6 193 198.5 203.9 209.5 214.9 219.3 222 223.5 227.2 235.6 243.4 250.6 254.1 254.6 252.7 251.9 252.8 255.3 259.3 264 266.9 265.7 266.3 267.7 268.6 267.1 267.7 271.1 273.6 276.2 278.1 280.3 282.5 286 287.1 286.2 282.6
264.7 256.6 248.4 240.1 229.3 220.6 212.5 204.5 192.7 177.1 190.1 206.2 216.6 223.2 224.6 223.3 220.7 219 218.8 215.3 209 202.7 196.6 189 181.6 175.2 169 164.6 159.3 156.1 155.5 154.8 154.4 153.9 153 154 160.5 171.1 179.8 183.1 189.9 197.2 202.8 208.2 213.8 219.3 223.2 225.7 228 233.6 241.8 249.2 254.6 257.1 256.9 253.9 253.1 254.7 259 264.2 268.7 271.7 270.2 271.1 271.4 272.6 273 273.9 276.9 278.2 279.5 281.1 282.6 285 287.4 288.1 286.2 286.3
260.4 252.2 244.2 238.8 227.7 219 210.8 202.3 190.2 173.7 187.1 204.9 213.4 218.1 219.3 217.4 214.9 213.1 212.4 211.1 206 198 189.2 183.3 176.3 170.8 164.1 159.1 155 154.1 153.8 153.6 153.3 153 152.6 157.7 168.1 177.4 185 190.8 192.9 198 204.4 211.1 217.9 223.1 226.8 229.4 232.2 238.2 247.4 255.1 259.1 261 260.5 256.8 254.6 257.8 263.5 269.1 272.8 275 275.1 275.7 275.6 276.7 278.4 278.9 280.5 282.1 283.5 284.2 284.8 287.1 288.5 289.4 288.4 289.2
251.8 248.8 238.5 232.3 225.4 215.8 206.9 197.6 189.5 177.7 183.6 199.5 207.2 211.5 213 210.9 209.6 208.8 206.8 204.5 197.5 190.8 184.1 178.5 171.6 166 157.5 153.3 152.9 152.8 152.9 152.6 152.3 152 155.9 166.4 175.3 183.3 190.6 196.5 199 198.9 205.3 212.9 220.7 226.6 230.4 233.5 236.3 241.1 249.8 257.8 262.5 264.4 264.5 259.7 257.2 262.1 268 273.8 277.4 278.8 279.2 279.5 279.6 280.1 282 283.1 284.5 286.2 287.6 288.2 289.2 289.9 291.5 292.1 292.6 293.1
254.5 245.3 240.3 231.4 224 207.1 203.7 201.8 195.9 179.1 181.7 194.9 201.2 206.3 205.7 203.8 204.8 205.3 203.1 199 193.2 187 181.1 175.6 168.5 159.3 152.6 152.2 152.5 152 151.8 151.6 151.8 155.3 164 172.8 180.8 187.7 194.2 199.4 201.1 200.1 205.2 213.7 221.8 227.4 233.4 237.8 241 244.2 251.9 258.6 263.7 265.9 266.6 263.4 261.8 266.8 272.6 277.5 280.9 282.9 283 283.3 283.6 283.8 285.5 287.2 288.9 290.7 292.5 293.9 295.4 295.8 296.2 297.2 298.7 299.5
252.7 244.9 233.9 236.4 230 218.5 211.6 207.9 198.1 179.2 179.3 189.3 194.6 198.3 198.6 199 201.7 202 200.4 195.2 188.1 181.9 176.7 170.6 165.2 152.3 151.5 151.5 151.9 151.4 151.2 151.6 153.6 159.1 168.6 177 183.9 190.5 196.6 200.9 203 203.1 205.1 212.6 221.5 228.7 235 239.6 243.5 247.8 253.5 259.2 264.1 267.8 269.7 268.4 267 270.9 276.1 280 283.5 287.1 287.8 287.7 287.5 288.1 289.8 291.7 294 296.3 298.5 300.1 301.4 301.9 302.6 304.4 306.4 307.7
253.3 250.5 247.2 240.9 233.2 226.9 218.3 212.1 201.3 184.8 171 178.8 185 189 190.8 192.7 195.3 196.4 194.4 189.6 183.6 176.5 169.4 163.1 153.2 150.6 150.7 151.1 151.3 151.5 152.2 153.4 154.9 161.3 171 180.1 186.6 192.2 197.3 201 204.5 205.8 207.3 213.3 221.9 230.2 236.4 241.7 244.8 249.8 255 260.4 265.6 270.9 273.9 274.2 273 276.1 279.3 282.6 286.2 289.8 292.7 292.6 292.8 293.9 296.1 298.2 300.6 303 305 306.6 307.6 308.3 309.7 311.8 314.3 316.9
257.7 254 250.2 244.3 237.7 230.8 223.7 215.7 204.6 195 179.7 168.2 173.8 179.1 181.5 184.6 188.8 190.2 187.7 181.8 175.8 169.7 163.6 156 148.5 150.2 150.9 151.2 151.4 151.9 152.7 155 160.8 163.6 162.9 175.8 184.8 191.3 196.5 201.3 205.3 208.5 208.5 213.8 221.6 229.9 237.6 244 248.6 252 257 261.6 267.4 273.1 277.4 279.2 278.9 279.9 282.7 285.9 289.2 292.6 296.1 297.5 299.3 301.3 303.4 305.2 307.9 310.1 311.7 313.3 314.2 315.6 317.4 319.6 322.5 325.3
260 256.4 252.5 246.3 239.8 234.3 227.5 219.7 210.4 202 192.4 181.7 165.5 169.5 172.4 176.9 182.7 184.8 180.7 175 168.8 163 158.3 148.6 148.9 149.6 150.4 151.2 152 152.6 154.2 160.7 168.4 174 176.9 173.1 169.7 184.2 193.1 200.8 206.2 209.6 209.7 214 221.4 230 238.9 247 252.5 254.5 258.5 262.3 268.8 275.1 280 282.6 284.1 285 286.4 289.4 292.5 295.8 299 302.4 305.3 308 310.4 312.3 314.8 316.8 318.4 319.9 321.7 322.9 324.3 326.4 329 330.9
261.3 258.4 252.6 246.5 240.4 235.2 228.5 222.1 214.8 206.7 198.1 190.3 179.2 166.5 164.8 168.8 176.5 178.3 173.7 168.1 163.3 158.8 152.1 148.7 149.4 150.1 150.9 151.6 153 154.1 159.3 166.8 174.8 182.5 188.1 190.4 187.1 175.8 184.8 199.7 206.4 208.9 210.2 214 221.3 229.8 239.8 248.6 254.4 256.4 258.4 261.6 267.7 274.4 281 285 287.3 289 290.7 292.2 294.8 298.1 301.5 304.9 308.6 312.4 315 317.5 320.3 322.5 324.4 326.2 328 329.6 331.1 332.6 334.1 336.3
260.3 256.1 251.1 244.8 238.5 233 227 221.6 215.1 207.9 200.1 192.6 186.1 178.4 165 161.1 169.1 172.7 168.9 165 162 156.4 149.8 150.4 150.5 150.6 152.2 154.9 156.6 157.1 164.2 171.6 178.6 187.4 193.9 197.7 198.4 191.1 184.4 199.2 204.5 206.7 208.8 214.1 221 230.5 240.9 249.1 254.5 257.6 259.9 261.9 266.6 273.8 280.2 284.7 288.6 291.7 293.5 294.9 296.3 299.3 302.6 306 309.8 313.1 316.5 319.7 322.8 325.2 327.7 329.9 331.7 333.3 334.9 337.3 338.9 340
255.3 251.1 246.3 240.5 234.2 228.8 223.5 217.8 212.3 207 199.8 193 187.1 181 172.2 160.3 163 168 165.1 162.7 160.2 150.9 148.7 150 150.5 151 154.8 160.5 162.2 158.4 168.2 175.5 183.5 192.1 198.4 202.7 203.4 200.2 191.5 189.1 201.7 205.8 209.8 214.5 222.1 232.1 242.1 249.6 255 259.2 262.3 264.6 267.4 273.5 279.8 284.1 288.3 291.7 294.1 294.9 296 297.9 301.1 304.5 308.9 312.7 316.4 320.2 322.6 325.1 327.7 329.7 330.5 332.1 335.5 339.1 342.4 344.1
250.1 245.8 241.4 236.1 229.8 224.1 219.4 214.2 208.8 203.6 197.8 191.4 184.9 179.3 170.8 160.7 154 163.9 162.2 160.1 157.5 148.2 148.8 149.4 151.3 154.8 161.8 166 166.7 162.5 171.7 179 187.7 196.4 201.8 204.3 204.8 203.2 199.4 188 203.6 209.7 214.4 218.1 225.6 234.6 243.5 250.5 255.5 259.7 263.6 266.3 268.6 272.8 278 283 287.1 290.1 292.7 294 294 294.7 296.6 299.5 304.7 310.6 314.7 317.4 319.4 320.3 322.8 324.1 325.1 329.4 336 341.3 345.6 348.1
244.9 240.5 236.1 231.1 226.4 220.5 215.6 210.8 205.4 200.1 194.7 188.5 182.2 176.4 167.3 157.4 153.6 158.4 159.2 157.5 151.5 148.1 148.6 149.2 152.8 159.9 166.4 169.9 171.3 166.3 175.1 182.7 191 198.5 202.9 205 205.7 205.2 200.1 198.7 207.2 213.2 218.6 222.8 229.6 238 245.9 250.8 255.8 259.9 263.3 265.5 267.6 271.1 275.6 280 283.9 287.7 289.9 291.1 290.8 290.5 290.9 293.4 298.4 303.8 308.2 310 312.9 314.1 317.1 316.3 322.7 330.3 337.9 343.3 347.9 352.4
240.5 235.8 231.2 226.6 221.8 215.8 211.7 207 201.7 196.2 190.7 185.1 178.9 172.4 163.3 155.7 154.6 153 154.1 153.6 148.6 148.3 148.6 149.5 155.4 162.9 168.8 172.1 173.1 172.8 175.4 181.2 189.2 198.6 202.6 204.8 206.6 206.7 206.2 201.4 210.3 216.1 221.6 227.1 233.9 241.3 246.7 251.1 255.6 258.8 260.7 262.3 264.1 267.2 271.1 275.2 279.6 283 285.5 286.4 286 283.8 284.3 288.6 292.7 297.3 299.3 301.9 304.9 308.3 311.9 316.2 323.7 329.8 338.2 345 349.2 353.3
236.3 231.4 226.8 223 216.5 211.3 207.7 203.2 197.4 191.7 186.2 180.9 174.9 168.2 160.2 155.6 154.2 152.6 150.1 150.1 147.3 147.7 148.2 149.4 157.7 163.9 169.7 172.6 173.1 176.1 182.7 190.8 192.7 193.5 200.3 204.8 207.4 209.7 210.5 206.2 212.3 218.7 224.3 230.5 236.8 243.1 248 250.9 252.8 255 256.2 257.1 258.7 261.5 265.2 269.8 273.5 276.2 277.7 277.6 276.9 285.5 289.6 292.4 293.9 300.5 305.2 310.3 313.7 314.3 312.7 317.4 325.1 332.3 338.1 345.4 349.9 354.1
231.9 227.2 223.5 218.9 212.8 207.6 203.8 199.1 193.3 187.4 181.7 176.5 170.8 164.3 158.2 154.9 153.1 152.1 149.7 148.1 147.5 147.8 147.8 150.5 157.6 163 168.8 171.6 175.3 181.1 188.9 196.3 200 202.4 201.1 204.6 208.2 211.1 213.5 210.5 213 219.7 224.7 230.1 236.8 242.3 245.3 246.4 247.5 248.6 249.8 251.8 254.4 255.5 259.5 263.1 265.6 266.8 267.6 276.1 284.6 289.8 294.7 298.5 301.1 306.5 311.6 315.4 318.4 318.7 317.9 322 329.9 336.3 340.9 346.8 350.4 354.8
227.5 223.7 219.9 215.1 209.5 204.1 199.8 195 189.6 183.8 178.1 172.8 167.9 162 156.9 153.7 152.5 152 150.2 148.4 146.5 147 147.4 151.9 157.5 162 168.9 173.9 178.9 184.5 190.4 197.8 204.2 206.7 206.4 206.1 208.4 211.9 215.4 217 209.5 216.8 223.1 227.8 232.5 236.5 238.7 239.9 240.5 241.9 245 248 249.6 250.1 252.5 255.3 257.8 263.5 272.2 282.3 288.8 294 297.7 303.5 306.9 311.2 316.2 320.9 322.1 322.7 325.5 325.6 332.1 338.1 345 347.9 352.2 356
223.9 219.6 216 211.3 205.7 200.7 196.2 191.2 186.7 181.5 175.8 170.1 164.7 159.3 155.2 152.5 151.9 151.6 150.2 148.1 147 146.5 146.3 157.3 161.6 166.9 172.9 176.7 180.2 184.6 190.2 197.6 204.8 208.8 210.5 210.4 210.7 212.6 216.3 219 219.1 218.2 216.8 219.8 225 228.5 231.3 232.9 234.5 235.4 239.3 242.4 241.9 246.8 251.7 257.4 262.8 268.9 274.7 283 289.2 294.7 299.9 306.2 311.1 315.1 320.7 324.1 326.6 328.7 330 330 332.6 336.7 341.3 346.1 351 353.7
217.8 213.1 210.6 207.4 202.1 197.3 192.5 188.1 183.6 179.3 173.2 167.7 162.2 156.9 153.6 150.7 149.5 148.8 147.6 147.3 147.6 147.3 149.5 160.6 165.8 171.1 176 176.6 180.1 184.6 189.9 197.2 204.3 210.7 213 214.2 214.6 215.1 217.1 220 223.3 224.6 225.7 224.7 221.2 223.5 226.7 231.9 237.2 241.7 243 244.1 247.5 251.3 255.9 261 266 270.7 277 283 289.2 295.2 301.4 307.8 313.3 318 321.3 324.3 326.9 328.5 330.1 331.2 331.7 333.3 337.9 342.3 346.1 348.9
213.6 208.5 205 202.5 198.6 193.5 188.1 183 179.5 175 169.8 164.7 159 154.3 149.9 146.3 146.7 146.1 146.4 146.1 146.1 146.1 159 162.9 167.2 172.3 173.5 175.9 181.1 185.7 191 197.9 205.4 211.7 215.4 216.8 216.9 216.9 217.9 221.3 224.8 227.9 231.3 231.6 232.2 232.1 232.8 237.8 244.1 248.4 249.5 250.2 252.5 255.3 259.4 263.7 268.2 272.3 277.4 282.8 288.3 295.2 300.9 306.3 311 315.5 319.6 322.5 325.3 327.3 328.8 330 329.9 330.3 333.9 337.1 339 341.4
209 203.7 198 196.3 192.8 188.8 183.5 177.9 174.5 169.9 165.7 161.2 156 151.1 145.4 143.9 144.7 146.1 145.5 145.9 145.1 155.5 153.6 160.9 164.7 164.2 168.8 176.8 184.3 189 193.6 200 207.5 213.9 217.7 219.3 219.5 219.1 221 223 226 229.3 232.2 235.1 236.4 236.8 238.5 243.6 248.2 251 252.9 253.4 254.7 256.8 260.8 264.9 269 272.8 276.5 281.3 286.7 292.9 298.5 303.7 307.9 312 315.5 318.9 321.4 323.5 324.4 325 325.1 326.9 329.7 331.4 332.3 334.6
201.7 196.4 191.6 187.8 185.9 182.3 178.3 173.2 168.6 164.9 160.5 156.1 151.3 146.8 143 144.9 145.7 145.3 146.4 149.6 154.2 158.6 161.4 160.7 168.1 174.6 178.8 173.8 185.1 191.2 196.1 202.8 209.4 215.2 218 219.4 221.2 222.8 224.4 224.7 226.3 229.1 232.5 235.4 238.2 239.8 240.7 245.3 250.1 253.3 254.8 255.1 255.2 257.2 260.7 265.5 269.7 272.1 274.5 279.3 284.8 290.4 296 300.3 304.1 307.3 310.4 313.8 315.9 317.6 318.4 318.2 318.1 319.6 320.9 322.4 325.9 330
