ny/ny33_OST50GRID_20230518/NY33.asc
ncols 200
nrows 200
xllcorner 330000
yllcorner 530000
cellsize 50
[rows 0 to 34 of 200, columns 78 to 155 of 200]
185.7 184.9 179.5 172 166.4 161.2 158.3 154.7 148.1 143.4 140.2 125 134.8 133.3 133.5 141.3 149.5 150.8 152.5 153.8 153.9 153.3 153 152.5 151.8 153.6 153.5 153.8 154.1 154.7 155.2 155 155.1 153.9 152.3 150.2 148.7 147.6 146.6 146.9 146.8 145.8 145.3 146 147.2 148.5 149.8 152.3 155.1 157.4 159.9 163.5 167.4 172.1 177.9 183.4 187.1 190.8 194.5 196.3 196.5 199.5 202.1 204.1 202.2 199.4 196.1 193.6 192.8 191.4 190.3 190.9 190.3 189.6 190.8 193 194.1 195.4
167.1 168.1 164.2 158.8 154.3 146.9 139.9 140.5 137.2 131.6 125.3 134.1 148.2 149.5 150.7 152.6 153.1 153.2 153.9 155.1 156 155.5 155.2 154.9 154.6 155.9 155.7 155.9 155.7 155.1 155.7 155.7 155.8 155.3 154.1 152.5 150.8 149.3 148.1 147.2 147.5 146.5 146.1 146.7 148 149 150.5 153.3 155.9 158.9 161.5 165.6 170 174.4 180 185.8 189.8 193.6 198.1 200.3 200.9 203.7 206.4 208.6 206.9 204.2 201.2 199.5 198.1 195.9 194.5 193.4 192.4 193.5 195.7 196.7 197.5 198.2
141.4 144.6 148.3 149.8 142.3 133.7 128.3 126.8 126 134.1 142.9 150.7 153.6 154.6 155.9 156.8 157 157.3 157.1 156.9 157.6 157.7 157.5 157.8 157.4 159.1 158.9 158.4 157.4 156.5 156.6 156.8 156.9 156.4 155.2 154.3 152.9 151.7 150.1 148.6 147.9 147.3 146.7 146.9 148 148.8 151.2 154 156.7 160.2 163.2 167.6 172.1 177 182.5 188.1 192.6 196.3 201.5 204.9 206.1 208.9 211.9 213.9 212.7 209.5 206.5 205 203 200.9 198.4 196.1 195.3 197.8 200.1 201.2 201.8 201.7
134.6 135 132.2 137.2 132.8 134.3 133.2 130 126.3 145.6 149.3 153 154.9 156.7 158.5 160.3 160.9 161.3 161.3 161.6 161.5 161.6 162 162.1 161.2 163.1 163.4 162.1 159.8 157.7 158.4 158.4 157.5 157.1 156 155.9 155.2 154 152.5 150.9 149.3 148.1 147.5 147.6 148 149.2 151.8 154.7 157.9 161.5 165.3 169.8 174.2 179.6 185.1 190.6 195.3 199.8 205.6 209.4 211.1 214.1 217.2 219 218.4 215.4 213 210.9 209.3 207.3 203.8 201.9 199.4 202.7 204.3 205.5 206.2 206.1
140.6 138.3 134.1 131.1 137.3 137.8 133.4 130.8 127.3 132.9 150.6 153 155.9 157.8 159.7 161.3 162.5 164.2 165.2 166.2 166 165.8 165.5 165.6 163.8 166.4 166.8 165.5 163 160.4 161 159.8 158.8 157.8 157.8 157.8 157.4 156.3 154.9 153 151 149.7 148.5 148.5 148.6 149.6 151.8 154.8 157.9 162.1 167.2 171.9 176.6 182.1 187.7 193.4 198.3 203.4 209.5 214.4 216.7 219.5 222.7 224.4 224.2 222.1 220 217.9 215.7 212.8 209.9 207.7 204.8 207.7 209.2 209.9 210.4 210.5
143.8 142.3 141.7 131.2 129.4 134.3 133.6 133.1 132.7 136.4 149.9 153.1 156.7 158.7 161.3 163.7 165 166.6 168.4 169.7 170.6 170.5 169.4 166.7 166.1 168.1 169.4 168.4 166.9 164.5 163.5 161.2 160 158.9 158.9 159 159.4 158.3 156.7 155 152.9 150.4 149.9 149.8 149.8 150.1 151.6 154.7 157.8 162.2 167.7 173.8 179.3 184.9 190.5 196.1 201.3 206.6 213.3 219.2 222.2 224.8 227.9 230.1 230.5 229.7 227 224.4 222 219.1 215.1 211.4 210.5 212.6 214.1 214.7 215.3 215.2
147.3 148.3 136.8 133 133.7 134.4 134.5 134.2 136.9 147.4 150.4 154 157.4 160.6 163.7 166.3 168.5 171.1 172.8 174.6 175.3 174.7 171.6 168.5 167.1 167.7 171 172.1 171.6 170 168.1 163.1 160.7 159.8 159.7 159.8 160.4 160.1 158.5 156.9 155.5 152.8 151.8 151.1 151.1 151.2 152.1 154.4 157.6 162.4 167.8 174.1 180.8 186.5 192 198.7 204.2 210.1 217.1 223 227.2 230.2 233.4 235.5 236.1 236 234.5 232.7 229.9 225.8 220.9 214.6 216.2 217.4 219 219.5 220 219.9
150.5 151.7 139.5 132.9 134.1 134.4 134.8 138 147.2 152.5 153.5 156 159.6 164.2 167.5 169.3 171.4 173.8 177.7 180 180.2 181.7 176.2 171.6 168.2 169.4 171.9 174.1 175.7 176.5 173 167.4 163.6 161.8 160.5 160.7 160 160.6 160.5 158.9 157.6 156.2 155.3 153.3 152.5 152.8 153.3 155 158.4 162.7 168 174.5 181.3 188.2 193.9 201.4 207.4 213.3 219.9 226.1 231.1 235.4 237.7 239.4 240.6 241.4 240.2 238.3 236.1 232.8 225.6 219.6 221.8 222.9 223.8 224.4 224.5 223.7
152.9 155.1 153.9 134.9 133.4 134.7 136.3 144.3 152.9 155.2 157.1 158.6 162.1 166.9 171.9 174.7 174.3 177.4 180.9 183.6 185.7 185.4 180.6 177 173 174.9 177 176.5 179.1 180 176 171.2 167.2 164.6 162.4 160.6 160 160.5 161.1 160.9 160.2 160.2 159.3 157.1 154.6 155 155.5 155.9 159.1 163.1 168.8 174.9 181.3 188.2 195.8 203.1 209.2 215.8 222.7 229.1 234.8 238.7 241 242.6 244 244.5 244.6 243.2 241 236.7 230.2 223.9 226.5 227.4 228.6 229.2 228.6 226.6
154.3 156.3 156.5 154.5 138.6 132.2 132.5 133.8 138.8 156 159.3 161.4 164.8 170.3 175.8 184.1 182.9 182 184.5 185.8 186.6 187.3 187.1 184.1 181.3 179.6 180.9 179.4 180 180.6 178.9 175.8 173.1 169 165 161.4 160.6 161 161.4 162.2 163.2 163.2 163.5 161.3 158.7 157.3 156.8 157.6 159.7 163.9 169.2 175.1 181.1 187.3 196.3 204 211 217.9 224.2 232 237.8 241.7 243.4 245.4 246.9 247.5 247.6 246.4 244.3 240.8 235.4 228.9 230.7 231.8 233.1 233.6 232 229.9
155.9 156.9 157.1 155.1 147.2 140.2 137.3 136.6 134.2 146.5 160.1 164.3 168.3 173.7 179.5 184.4 186.7 187 187.9 189 189.8 190.3 192.6 190.1 183.4 182.9 184 183 182.4 181.7 181.5 181.2 179.4 174.8 168.6 163.4 161.3 161.3 161.8 162.9 164.4 166 166.8 165.8 163.2 160.3 158.6 159.1 160.8 164.1 169.5 175.1 181.1 187.6 196.5 205 212.5 219.7 225.7 233.5 239.4 242.6 245.9 248.1 249.4 249.5 249.6 248.4 246.8 244.4 238.8 233.8 235.4 236 236.6 236.5 235.4 233.1
158 157.7 157.8 156.7 152 142.2 140 137.8 134.4 148 163.6 169.3 172.6 179 183 186.9 190.8 193.7 192.8 192.8 194.1 195.8 197 195.5 187.8 188.5 190.6 188.5 186.7 183.6 183.4 184 183.4 179.6 174.1 167.6 163.5 161.8 162.3 163.3 165.5 168 170.1 170.2 168 164.7 163.3 163 163.8 164.9 170.1 175.6 181.8 188.1 195.6 204 212.8 220.8 228.3 234.7 239.1 243.7 247.3 250.6 251.4 251.5 251.4 250.6 248.9 247 242.4 237.8 239.2 239.5 239.7 239.2 238.6 236.2
161.6 159.7 159.9 159.1 157.2 146.6 140.2 138 138.3 156.1 168.1 173.2 178 184.5 188.9 192.3 194.1 197.9 200.6 200.9 199.1 200 201 196.8 195.7 199.2 198.9 195.4 192.9 188.8 186.4 185.6 185.8 183.2 178.9 172.7 166.9 163.6 162.9 163.5 165.2 168.2 171.7 173.4 172.4 170.6 169 167.3 167.9 168.3 170.2 175.5 181.6 188.4 195.1 202.8 210.2 219.3 227.1 235.1 239.3 243.5 248.3 251.9 253.8 253.6 253.1 252.5 250.8 249.1 245.2 242.8 242.4 242.3 242.2 242.1 241.2 239.1
166.7 163 162 161.4 160.3 151.1 142.4 135.6 151.1 165.8 172.3 176.3 182.3 188.4 193.7 197 199.4 201.7 204.9 206.6 206.3 202.6 202.3 199.9 201.5 206.7 205.7 202.3 197.4 193.8 190.4 187.6 187.3 185.6 182.1 177.7 171 166.1 164.6 163.9 164.8 167.2 171.7 175.4 177.2 176 174.1 172 171.3 171.7 170.7 176 180.8 186.5 194.1 202.6 209.1 217.8 226.7 234.7 239 243.1 248 252.8 254.7 254.8 248.2 254.2 252.5 250.6 247.1 244.4 245 244.9 244.8 244.5 243.5 241.7
168.2 165 165.8 164.9 162.2 156.4 140.2 145.4 166.1 170.2 174 177.9 182.7 189.6 195.3 200.8 204.6 206.7 208.9 210.4 211.2 210 208.3 204.6 207.5 210.8 210.5 206.8 202.6 199.1 195 189.6 188.7 188.6 185.7 181.6 175.3 170.1 166.7 165.3 165.3 166.4 170.8 176.3 179.8 179.8 179 177 175.5 175 173.2 176.2 181.7 189.1 196.1 203.6 209.3 217.1 226.5 236.7 240 242.8 248 252.8 254.6 253.2 243.8 254.5 254.2 252 248.9 246.5 246.9 247.3 247.4 246.6 245.5 244.3
167.5 168.1 170.9 169.8 166 159.9 140.5 149.3 164.2 168.6 172.9 175.8 180.2 189.7 195.7 200.7 208.9 212.4 214.2 214.9 215.7 215.5 217.3 213.5 214.2 215.3 214.7 210.2 207.5 205.3 199.3 192 190.1 190.6 188.5 184.6 180.1 174.3 170 167.5 165.8 166.5 169.7 175.1 180.1 183.1 183.7 182.1 180.4 178 176.2 177.1 183.6 190.1 196.9 203.5 209.6 217.3 228 238.3 241 243 247.3 251.9 254.4 254.2 247.5 241.4 255.2 253.9 250.8 248.7 249.1 249.6 249.7 248.5 247.4 245.7
167.5 166.7 168.4 169.6 166.6 157.2 139.2 146.9 161.4 165.9 170.8 172.7 178.4 187.1 194.3 200.2 207.2 215.7 219.4 219.8 219.6 217.5 217.5 222.5 222.6 221.3 219.4 213.7 212.4 210.1 205 195.5 192.2 192.5 190.4 187.4 183.5 179.1 174.4 169.8 168.5 168.2 169.8 174.2 179.3 183.9 186.7 186.5 184.7 181.8 179.3 180 185.6 191.7 197.7 204 209.6 217.3 226.2 239.5 242.1 243.1 247.2 250.9 253.6 253.7 250.7 251.9 256.1 255.6 253.4 251.8 251.8 252.2 251.9 250.4 249 247.2
170.1 168.2 167.9 168.3 164.6 153.8 138.9 149 158 162 166.4 169.4 172.2 182.7 192.1 200 207.9 215.5 221.2 223.6 223.4 222.4 222.9 227.7 228.9 226.7 222.8 218.4 219.1 217.3 213.7 201.6 196.4 195.8 192.7 188.6 185.7 182.4 178.4 173.8 171.6 170.5 171 173.9 178.3 183 187.9 189.2 188.5 186.2 183.5 182.8 187.6 192.1 198.8 204.1 210.5 217.4 227.2 240.1 243.6 243.4 246.6 249.7 252.6 253.4 253.4 251.4 256.5 257.3 256.3 255.3 254.8 254.9 254.1 252 250.2 248.4
174 170.1 168.3 168.5 164.1 153.6 139.3 150.9 156 158.7 162.5 164.8 170.1 180.1 192.3 196.5 204.4 215 222.2 224.8 228 228.1 229.4 232.3 233 230.9 227.6 224 224.1 222.1 219 209.3 200.6 199.5 194.9 190.2 186.4 183.6 180.9 178.3 175.2 173.5 173.4 174 177.2 181.9 187.4 191.1 191.4 189.6 186.9 184.9 187.8 193.1 199.4 204.6 210.8 219.1 228.1 238.8 244.3 245.8 248.4 251.6 253.1 253.8 253.8 254 256.4 258.7 258.7 258.2 257.6 257.3 256.2 253.8 251.6 249.5
177.6 171.3 169.8 167.4 162.8 150.7 139.4 138.2 154.3 157 158.9 160.7 167.1 177.8 186.1 195.3 201.2 210.9 220.8 225.8 229.4 232.4 234.3 235.8 236 234.2 231.4 228.3 226 225 221.7 214.5 205.5 202.6 198 191.9 188.4 185.4 183.2 181.3 179.1 176.7 176.4 176.6 178 180.9 186 190.7 193.3 192.8 191.3 188.5 188 194.3 200.4 205.4 211.3 219.2 228.3 238.9 244.9 247.3 250.3 253.6 254.3 254.7 254.8 255 256 259 260.1 260 260 259.6 258.1 255.1 252.2 249.5
178.6 173.9 172.4 168.4 157.2 148.8 141.9 141.1 139.9 147.3 157 158.1 162.8 171.3 183.1 189.4 197.9 204.6 212.7 221.7 229.8 235.4 239.9 239.3 238.5 236.8 234.8 231.9 229.1 226.8 224.8 218.9 211.4 206.8 201.7 195.5 190.6 187.5 185 184.4 182 180.4 179.6 179.5 179.8 181 184.8 189.9 193.9 195.3 195 192.7 192 194.8 201.8 206.9 212.8 220.5 228.5 238.4 245.2 248.7 252.2 254.5 255.4 255.2 255.1 254.9 255.7 258.1 260.2 261 261.5 260.8 258.5 255 251.7 249.4
178 178.1 175.1 170 159 151.7 143.4 141.3 140 143.2 147 156 159.2 164.2 173.7 186.3 193 200.6 204.8 211.5 224.9 235.9 243.1 243.2 241.9 240.2 238.3 235.5 232.6 229 226.3 223.8 217.6 210.6 204.8 201.7 196.2 190.3 188 186.4 184.4 183.3 182.5 181.9 181.8 182.7 185.6 189.1 193.1 197.4 198.1 196.6 196.3 196.7 202.5 208.4 214.9 222 230.2 238.1 245 249.3 253.1 254.9 255.4 255.6 255.4 255.1 255.4 257.2 258.8 260.7 261.6 261.9 259.4 255.6 251.8 249.2
176.8 175.9 172.1 168 162.4 156.3 146.9 143.1 141.3 143.5 144.1 149.5 155.1 159.2 165.4 178.1 188.6 197.4 200 203.6 214.9 229 239.3 245.6 244.4 241.6 239.8 238.6 236.1 232 227.8 224.4 219.2 213.7 207.9 206.2 202.4 196.5 191 187.5 185.4 184 184.4 184.9 183.9 184.9 186.8 189.3 192.9 197.1 200.5 200.5 200.2 200.7 202.6 209 216.1 223.2 231.9 239.7 245.2 249.2 252.7 254.3 254.7 255.5 255.7 255.2 255.1 256 256.8 258.5 260.4 260.6 258.9 255.2 251.4 249
176 174.5 170.9 169.3 165.8 157 157.7 156.4 140.6 143 143.6 145.8 150.1 154.4 157.3 165.2 178.8 190.5 195.7 198.9 207 221.8 232.5 242.2 243.8 242.6 240.8 240.5 239.4 235.4 231 227 220.2 214.7 210.7 208.2 207.1 203 197 190.5 185.4 184 186.9 187.9 186.3 187.4 188.7 191.1 194 197.4 201.6 204.1 204.6 205.3 207.1 212.8 218.8 225.6 232.3 241.2 246.3 249.7 252.2 253.6 252.8 253.6 254.8 254.5 254.3 254.9 255.5 256.3 258 258.3 257.6 254.4 251.5 249.5
174.4 175.1 172.6 172.3 165.1 157.9 160.6 159.1 155.5 143.1 140.8 142.6 141.8 145.2 153.7 158.6 165.8 181.4 190.8 195.5 202.4 213.1 224.6 234.9 239 239.6 241.1 241 240.1 236.5 233.6 230.7 222.5 216.5 213.9 209.9 209.2 207.7 203.1 196 187.7 184.1 186.8 190.3 189.4 190 191.2 192.9 195.7 198.5 201.9 206.6 208.9 209.6 211.7 216 221.1 227.9 233.4 239.3 247.7 250.3 251.6 252.1 251.4 252.7 254.3 254.1 253.9 253.7 253.3 254.5 255.9 256.3 256 253.9 251.8 249.9
174.7 173 170.6 165.5 161.5 162.2 163.7 161.6 159 157.5 154.8 151 150 146.6 144.5 149.7 159.9 166.4 180.1 191.9 196.7 204.7 215 228.6 235 236 238.7 240.9 240.3 237.3 234.1 231.7 224.1 217.2 215.5 211.9 210.8 210.9 209.4 204.1 193.4 184.9 185.1 188.9 191.6 191.6 193.8 195.5 197.2 200 202.7 207.9 212.2 213.7 215.9 216.7 223.2 229.2 233.8 238 245.3 249.9 250.9 250.8 250.3 251.8 253.4 253.5 253.5 252.8 251.8 252.6 254 254.6 254.7 253.3 251.7 250.4
176.7 174.6 171.1 167.2 165 166.8 166.2 163 160.9 160.2 158.2 155 152.8 152.2 148.5 146 149.6 160.2 166.1 179.7 190.5 198.3 205.5 216.1 227.5 232.4 234.8 237.7 240.3 238.4 235.3 231.8 225.6 218.1 215 213.1 212.4 212.7 213.6 211.1 202.3 189.5 186.3 188.4 192.7 193.2 196.4 198.8 199 201.8 204 209.1 213.8 216.4 218.9 221.4 224.4 229.5 233.8 237.9 242.8 248.3 250.6 250 249.9 250.4 251.9 252.1 252.1 251.3 250.6 251 252.7 253.8 253.9 253 252.1 250.5
180.5 176.3 173.2 169.9 169.6 170.2 168 166 165.2 162.9 160.3 158.4 156.2 149.6 147.5 147.4 147.3 158.7 162.1 169.8 181.1 190.2 196.8 208.4 218.9 228.7 230.9 234.2 237.6 237.3 236.7 233.7 228.6 220.9 216.1 216.1 214.1 213.7 214.9 215.5 208.7 198.6 191 189.6 192.9 195.6 197.8 200.1 201.2 204.7 206.9 210.6 215.2 218.8 221.7 224.1 225.8 229.7 232.6 236.7 241 246.6 249.8 249.2 249 248.8 250 250.4 250.5 250 249.4 250.2 251.9 252.9 253.3 252.4 251.7 250.9
180.7 179.2 176.7 175 174.1 173 171.3 171.1 168.5 166.5 163 158.9 157 151.8 147.5 145.4 146.6 150.8 160.6 163.1 170.2 181.2 190.1 199.3 211.5 222.3 227.2 229.3 231.5 236.4 237.2 236.3 233.3 225.2 220 220.6 216.2 213.9 215.6 217.4 214.3 208.4 198.4 194.8 192.6 195.1 197.5 201.4 203.4 206.5 209.1 211.7 215.7 219.8 222.9 225.8 227.3 229.5 231.5 235 239.1 244.1 248.1 247.5 246.6 247.1 248.5 248.1 248.7 247.7 247.6 249.6 251.2 251.9 252.3 251.1 250.5 250.1
184.5 183.1 181.2 179.5 178.1 175.4 175.5 174.2 171.7 169.8 166.9 156.5 155.7 160.6 150.4 149.1 146.5 148 151.5 156.9 164.1 170.1 180 187.9 199.5 213.4 222.7 229 229.3 228.1 232.9 235.8 236.9 228.9 223.6 219.9 216.8 213.9 214.9 216.6 219.7 215 205.2 200.6 194.1 191.8 195.4 200.3 203.7 207.4 211.1 213.1 217 219.5 222.7 225.7 227 228.8 229.6 231 234.7 240.2 244.5 244.6 243.7 244.8 246.7 245.5 245.3 244.7 246 248.3 250.2 250.9 250.3 249.4 249.3 249.5
187 185.1 184.2 184 181.3 178.1 177.9 176.5 174.6 172.1 168.8 158.1 161.4 163 159.6 149.5 148.9 149.4 149.6 149.2 159.9 163.4 169.4 178 187.5 201.2 215 225.2 229.2 227.2 227.3 232.5 235 233.2 226.6 220.4 215.5 213 213.6 217 219 216 209.3 204.4 196.1 191.3 192.1 195.8 202.3 207.7 210.3 210.1 215.6 217.9 221.5 224.8 226.6 227.1 227.6 228.3 230.8 235 240.2 240.5 240 240.5 242.4 241.6 241.2 241.5 244.1 246.8 248.8 249 248.1 247.8 247.6 247.6
190.7 187.9 186.8 185.1 183.5 181.4 180.2 178.9 176.4 172.9 161.1 163.7 165.9 164.7 162.6 151.5 151.3 151.3 151.4 150.5 150.1 156 161.6 168.4 177 188.4 202.9 215.6 225.4 227.6 226.1 226.9 231.3 232.6 225.9 219.5 216.2 213 211.8 213.8 216.7 215.3 217.2 204.3 197.9 192.1 190.9 191.4 197.7 205.8 208.2 206.7 211.3 215 218.7 222.4 224.6 224.9 225.3 226.3 228.6 231.3 234.2 235.3 236 236.4 237.9 237.9 237.5 238.6 241.7 244.9 246.4 246 245.5 245.3 245.3 245.8
193.9 192.7 191.5 188.2 184.8 183.9 182.8 180.9 178.3 174.6 166.3 167.4 168.5 167.5 163.3 161.2 153.1 152.9 153.6 152.2 151.5 149.2 152.3 154 168.5 177.6 188.7 201.5 214 223 223.9 222.2 223.2 226.5 221.7 215.7 221.9 212.1 209.8 209.3 208.8 211 219.7 204.7 196.4 191.9 190.4 186.2 189.4 197.3 202 201.6 203.4 209.7 213.6 218.4 223 223.2 223 224.1 226.4 228.7 231.4 231.6 231.6 232.3 233 233.2 233.5 235.1 238 241.6 242.6 241.9 242.2 242.4 243.3 243.9
198 197.7 194.9 190.2 188.2 186.6 184.9 182.9 180 177.1 167.6 170.9 173.7 171.9 168.2 166.4 165.7 163.1 159.9 154.6 152.6 152.2 152.9 153.3 162.4 169.5 179.1 188.9 200 209.4 215.9 217.2 214.2 216 216.1 209.9 208.8 210.2 209.8 205 200.8 198.2 200.9 203 191.5 185.5 184 182.2 185.1 188.1 191.6 194.8 198.2 201.9 206.5 212.6 219.6 221 220.4 221.9 224 226.3 228.2 228.3 228.5 228.8 229.3 230.5 231 232 234.9 236.9 237.9 238 238.7 238.5 240.1 242.5
200.1 199.6 195.3 192.9 190.8 189 187.5 185.2 182.7 180.4 168.7 177.5 178.6 176.4 173.8 171.5 169.6 166.7 161.3 161.9 151.5 152.4 153.2 153.6 157.9 163.9 171.1 180.2 191.9 198.2 202.7 206.5 205.4 205.8 207.6 206.9 201.4 202.7 211.3 204.4 195.4 188.7 184.5 180.8 177.6 177.2 178.5 180 184 186.7 189.1 191.9 195.9 199.7 203.2 207.5 212.4 215.8 216.2 218.7 220.8 223.1 224.7 224.9 225.2 226.7 227.5 228.5 228.9 229.1 230.6 232.8 233 234.3 235 238 240.9 243.2
