ny/ny33_OST50GRID_20230518/NY33.asc
ncols 200
nrows 200
xllcorner 330000
yllcorner 530000
cellsize 50
[rows 35 to 69 of 200, columns 0 to 77 of 200]
249.7 250.5 251.3 252 252.7 254.6 256.5 258.9 260.8 262.8 263.2 264 265.2 266.3 266.9 268.1 269.6 271.1 272.9 275.1 277.3 278.4 278.2 276.5 275.5 271.5 266.9 260.9 254.1 246.4 241.3 236.2 231.7 227.7 224.7 221.2 212.8 217.7 222.5 223.3 224.4 228.6 232.5 235.5 238.3 241.6 246.2 244.4 246.1 250.3 254.4 257 258.8 259.9 261.6 267 271.7 274 273 269.5 268.2 270.6 266.3 262.2 259.7 257.5 255.2 250.2 245.3 240.9 235.8 229.5 221.6 215.8 211 206.9 204.1 203
251.1 253.4 255.1 255.9 256.6 258.2 259.5 261.4 262.8 264.1 264.5 265.6 267.1 268.8 269.7 270.3 271.1 272.7 275 277.8 279 279.4 278.9 277.3 274 269.1 263.5 256.7 250 244 239.8 236 232.3 228.2 225.4 222.7 220 217.3 222.5 224.9 227.1 231.5 235.8 239.3 241.9 245.1 247.4 247.7 248.8 252.9 256.2 259.9 264.6 265.8 268.5 272.8 272.4 272.3 274 275.2 274.1 274.9 272.1 268.3 264.7 264.1 259.3 254.7 249.2 243.4 239.1 234 225.2 221.9 216.1 210.9 207.9 205
250.2 253.4 256.8 259.2 260.4 261.4 262.4 262.7 263 263.8 265.2 266.3 268 269.6 272.5 274.1 275.6 277 278.4 279.1 279.1 279.5 278.8 275.8 271.4 266.2 260.2 253.7 247.5 242.8 238.7 235.1 231.7 229.1 226.4 224.3 219.5 215.1 221.1 226.8 229.3 233.9 238.6 242.1 245.1 248.6 251.6 251.4 252.7 254.7 256.7 264.6 270 272.4 273.5 277.1 280.5 281.1 282.3 280.5 278 277 274.6 274.5 271.1 264.5 259.1 255.7 252.2 245.8 241.8 238 233 227.6 222.4 217.1 212.8 209
251.7 256 257.3 259.9 262.6 264.2 265.1 264.4 264.5 265.2 266.5 267.8 269.4 270.9 273 275.6 278.3 280 280.8 279.9 279.6 280.2 277.8 273.7 269.2 264.1 257.7 251.6 246.5 241.9 238.1 234.6 231.4 229.9 227.5 224.8 223.5 225.4 221.6 227.2 231.6 235.3 240.5 244.4 247.4 250.5 253 254.6 255.9 258 257.3 264 272.4 276.3 279.4 281.8 286.1 287.6 287.5 286.1 280.4 281.2 278.4 277 272.9 266.7 262.9 258 253.1 247.7 243.4 240.4 235.7 230.7 226.3 224 218.3 212
252.4 256.5 257.7 260 261.9 263.7 265.1 265.4 266.1 267.1 268.5 269.8 271.1 271.9 273.5 275.7 278.9 281.1 282.1 281.1 281.2 280.3 278.2 273.4 268.4 262.3 256.3 251.2 246 241.5 237.9 234.3 232.1 230.8 228.9 221.7 226.7 227.4 228.5 228.5 232.9 236.7 241.8 245.6 249.5 252.3 254.4 256.7 259 261.3 262.5 265.5 269.9 276.6 281.5 285.9 290.4 293.6 294.7 294.3 288.8 285.2 281.6 278.9 274.8 269.8 265.5 261.1 254.7 247.6 244 241.1 236.4 231.9 226.9 223.8 220.2 216.3
252.2 256.4 259.2 261.3 263 264.5 266.9 268 268.6 270 272 273.7 274.4 274.6 275.4 277.4 280.6 281.1 281.7 281.4 281.1 280.3 278 274 268.9 262.9 257 251.4 245.8 241.5 237.8 234.2 232.8 231.4 229.8 223.7 229 229.6 231.2 229.3 234.7 239.5 242.8 246.4 250.2 253.6 255.7 257.9 261.4 265.1 267.3 270.4 272.8 277.8 282.1 287.9 292.7 296.9 299.1 298.8 295.1 288.9 285.3 280.6 276 270.7 267.2 263 257.9 248.4 245.1 242.8 238.7 234.6 229.8 226 222.5 218.5
252.9 257 260.1 263 264.9 266.4 269.2 270.2 269.9 272.5 275.7 277.9 278.1 278.7 278.7 279.6 280.6 281.2 281.1 281 281 279.9 277.4 273.5 269.4 263.5 257 250.7 245.4 241.4 237.6 233.9 231.1 229.7 229.7 229.8 231.3 232.1 234.3 232.5 237.6 252.6 246 248.1 251.1 254.6 256.9 259.2 262.8 266.5 270 273 275.8 280 284.3 290 294.7 299.5 301.5 300.7 298.3 292.9 287.9 282.6 277.3 272.6 267.9 264 257.3 250.6 247.6 243.9 240.3 237 231.4 226.7 221.8 218.7
252.3 255.9 260 263.7 266.6 268.3 270.4 270.6 270 271.1 274.8 275.4 275 277.4 278.7 279.6 280.6 281.7 281.2 280.9 280.9 279.5 275.8 272.1 267.8 262.3 255.9 249.8 244.9 241 237.2 233.4 230.9 230.7 231.4 232.6 233.5 235 242.9 238.3 239.8 249 249.1 251.1 253.6 255.1 257.8 260.2 263.4 266.7 269.8 273.3 276.7 281.1 286.2 291.7 298 302.4 304.1 303.5 301.3 295.9 289.7 285.1 279.8 275.9 270.9 265.6 259.3 256 250.1 245.3 242.3 238.5 233.3 229.2 225.5 222.1
251.8 255.2 260.1 265.1 270.2 273 276.5 277.6 275.4 272.7 273.9 276.1 277.1 276.5 278.3 280.8 282.4 283.2 282 281.2 280.2 276.3 273.2 269.9 266.1 259.8 253.9 248.7 243.7 238.9 236.6 234 232.9 232.8 233.3 234.6 236.2 238.7 249.4 249.4 242.2 245.6 251.4 254.6 256.8 257.5 258.3 260.5 262.8 267 270.8 274 277.5 282.1 286.7 292.1 299.2 303.9 305.8 305.5 302.6 296.6 291.4 286.6 282.8 278.2 273.8 269 264.2 259.8 255.2 249.3 245.1 240.9 235.8 231 227.3 223.9
251.1 255.2 260.1 265.7 270.7 275.1 278.8 280.7 280.6 279.5 281.3 281.5 280.3 279.3 277.6 279.1 281.9 282 280.1 278.5 274.5 270.4 268.4 266.4 263.1 255.8 249.5 245.2 241.6 239.4 236.9 235.2 234.8 235.9 235.3 237 248.1 250.2 254.4 255.5 250.6 245.6 251 252.5 255.5 256.5 258.9 261.9 264.1 267.2 270.5 274.4 278.4 282.2 286.5 293.1 298.6 303.1 306.3 306.8 303.6 296.8 290.3 287.5 283.6 279.4 276.5 272.3 268.1 264.5 260.1 255.9 251.8 245.5 238.7 233.8 229.9 226.5
250.9 255.3 260.4 266 270.6 275.4 278 279.4 280.4 279.6 279.5 278.6 279 279.3 277.3 278 282.1 279.3 276.2 273.1 266.1 264.1 262.6 261.3 257.6 251 246 242.9 241.3 239.8 238.3 237.8 236.5 237.5 237.6 239.6 252.3 254 255 251.5 253.5 250.9 249.3 254.4 256.9 258.4 260.5 262.1 267.4 268 269.9 274.8 278.5 282 286.4 291.2 296.8 301.7 304.6 306.4 303.4 295.7 290.2 287.4 284.5 281.5 278.9 276.2 272.6 268.8 264.6 261.7 257 251.2 245 238.6 232.4 227.7
250.5 255.2 260.9 266.1 270 274.3 276.5 278 278.3 278.9 280.1 279.1 277.8 277.2 275.4 276.4 280.3 277.1 272.3 265.6 260.1 257.3 255.5 253.4 250.8 248.2 245.6 243.7 242.5 241.5 240.5 238.9 239 240.6 240.3 241.2 245 253.1 255.4 255.9 256.6 257.3 252.1 254.9 257.6 258.7 260.3 264 269.1 268 270.4 274.7 278.3 282 286.5 290.9 295.4 298.8 301.2 301.9 301 296.2 290.8 287.9 286.4 283.4 281.3 280.3 276.4 271.9 269.4 265.9 261.3 257.7 249.3 241.7 235.9 229.7
250.1 255.9 261.5 265.3 269.6 272.9 276.2 279 281.6 282.8 282.3 281.3 277.7 274.9 273 272.2 278 274.8 268.8 262.5 258.1 255.7 254.2 253.4 254.9 250.6 248.9 249.1 246.3 245.2 243.1 241.5 241 242.5 243.3 243.8 252.8 254 254.8 256.7 257 258.4 261.7 254.3 257.1 259.3 261.2 264.4 270.4 269.9 271 274.2 278.1 282 286.8 291.3 295.3 298.3 300.5 301.4 301.1 297.6 294.9 289.3 288 286.2 284.2 282.8 280 273.8 275 272.3 267.8 261.5 254.9 246.2 240.1 231.8
250.7 258.9 264.7 268.4 270.9 273.6 277 280.6 284.9 284.6 281.9 279.9 277.5 277 277 275.8 270.3 268.9 264.5 262.6 258.8 257.1 259.2 256.3 256.7 255.1 256.1 254.3 251.8 249.9 248.9 247.7 244.6 244.5 246.8 247.1 250.6 256.3 255.5 257.3 258.9 258.7 259.1 258.8 259 260.3 262.2 264.8 270.1 272.2 272.3 274.8 278.3 281.9 287.9 292.7 296.4 299.2 300.4 301.4 300.9 299.7 296.1 291.9 290.6 289.6 287.8 284.4 283.3 280.2 277.6 276.8 273.6 267.1 261.7 253.3 249.2 240.9
251.4 258.2 266.2 271.3 274.8 276.3 278 280.4 283.6 284 282.8 281.6 279.7 279.8 281.2 277.7 273.1 272.3 269.5 268.4 263.8 261 267.6 261.2 261.6 260.2 260.6 259.3 256.5 255.2 254.5 253 253 248 248.7 250.6 251.7 257.5 259.2 259.4 262.1 266.7 265.8 262 262.8 262.8 262.3 264.9 267.6 272.3 273.8 276 278.2 282.5 287.6 293 296.9 299.6 300.7 301.8 302 300.6 297.2 295.1 293.4 292.9 290.8 287.2 285.9 284.6 282.5 277.7 272.7 272.6 267.9 260.4 254.4 245.8
252.8 259.6 266.8 272.1 277.6 279.2 279.3 281.1 283.7 285.1 287.4 284.9 285.1 284.3 283.5 280.7 279.9 279.9 278.8 276.8 272 267.9 272.9 268.3 270.1 268.4 265.1 263 261.4 260.6 259.1 257.5 255.2 252.3 252 253.3 254.6 257.4 259.2 260.6 261.8 263.1 265 265.7 266.1 267.4 267.4 268.1 267.3 270.7 272.8 273.4 276.8 281.2 285.8 290.8 297.2 299.7 301.4 302.4 302.7 301.9 299 298.7 295.4 294.6 293.3 290.4 289.3 288.2 286.2 281.9 278.2 275.1 271.8 266.6 259.8 251
255.3 261.6 266.9 272.5 278.2 284.5 283.7 284.2 286.4 289.1 292.6 292.2 293.2 292.2 293.1 293 292 290.1 289.4 287.2 283.7 280.4 278.9 274.8 276 274.6 270.9 268.7 267 266.5 264.4 261.7 259.5 257.8 256.6 256.6 257.4 260.4 261.8 263.2 264.5 266.3 268.2 268.9 269.3 270.1 271.5 272.6 271.8 269 269.9 271.9 274.2 280.3 285.6 290.6 296.8 299.8 301.9 302.8 303.4 303 301.6 299.8 297.8 296.9 295.4 293.5 293.4 291.7 289.6 287.2 284.4 280.5 276.6 271.3 265.2 256.7
257.8 263 271.1 275.8 279.9 285.2 291 288.9 291.7 294.2 295.3 298.8 299.6 303.2 304.9 303.9 302.9 303 300.7 300.4 298.8 294.7 288.1 282.5 281.6 281.3 276.7 275.1 273.9 272.4 270.7 267.5 265.6 263.5 262.7 260.6 259.9 266.7 267.2 269 270.7 272.2 273.6 273.8 273.9 274.3 274.2 275.5 276.1 276.4 276.1 277.6 278.8 279.2 285.6 292 296.1 299.1 301.9 303.1 304.2 304 303.5 302.1 300.7 299.5 297.6 296 296.3 294.6 291.8 291.1 288.5 284.4 279.6 274.6 267.7 261.7
261.8 266.3 273.9 278.4 281.9 286.3 290.8 298.4 299 300.1 301.4 304.7 309.8 312.6 314.2 316.1 316.2 316.1 314.7 314.4 311.7 307.1 301.2 296.6 292.3 288.2 285.2 282.3 280.9 279.6 277.3 276.1 272.5 269.9 268.1 265.1 264 268.2 271.5 275 276.5 278.9 279.4 279.6 279.7 279.6 279.2 278.9 279.1 279.6 280.6 281.6 280.5 279.2 285.3 290.3 294.9 298.3 301.1 303.1 304.3 304.9 304.7 304.4 302.9 301.4 299.7 298.6 298.7 297.3 294.5 295 291.3 286.6 281.4 274.2 268.8 264.1
267.8 271.9 277.4 281 284.4 289.6 293 301.8 308.7 310.8 313.6 313.4 318.7 320.7 324.8 326.9 329.8 328.4 328.8 327.3 324.8 322.5 315.1 308.7 301.1 297.2 293.6 291.6 290 286.4 284.3 282.9 280.2 278.6 275.5 271.5 268.4 272.7 276 278.9 282.5 284.7 285.3 285.4 285.5 285.3 284.3 283.4 282.9 282.5 283.4 283.9 284.2 278.9 282.2 287 291.5 296 300 302.9 304.3 305.7 305.6 305.5 305 303.5 302.7 301.7 300.4 299.7 297.9 297.6 294 288.5 282.2 277.4 270 264.9
277.3 280.7 282.6 285.2 287.6 292.6 296.6 304.3 313.6 317.7 322 320.8 324.2 328.9 332.7 337.7 338.2 340.5 341.1 339.8 337.2 334.4 330.2 321.6 311.7 306.7 301.4 299.7 297.6 294.8 293 290.8 287.6 285.3 283.6 279.4 275.4 275.6 281.8 285.9 290.1 292.4 292 291.7 292.1 291 290.3 289.7 288 287.2 286.9 287.5 288.2 289 285.4 284.6 287.4 291.3 295.6 300.3 304.1 305.7 306.6 306.5 306.2 306 305 304.2 303.7 302.5 300.6 299.5 297.2 291.4 285.2 280.5 272.5 267.7
286.1 288.4 291.2 293.5 295.5 298 300.4 306.1 314.8 318.6 328.2 330.7 331.2 336.3 339.1 345.2 349.2 351 351 350.4 348.5 348 343.9 336.8 327.3 320.2 313.7 310.3 307.1 305 304 300.6 297 293.4 291.3 288.3 282.5 284.4 291.2 296.3 303.2 305.9 304.2 300.2 298.3 297.3 296.5 296 294.8 292.8 292 291.9 291.8 292.5 293.6 292.4 290.3 289.6 292.3 297.5 302.4 305.2 306.6 307.3 307.2 307.1 307.3 306.9 306.7 305.6 303.8 302.2 300 295.4 289.4 283.6 276.1 270.8
288.2 291.8 294.6 297.7 301.8 305.6 306.8 311.2 316.8 324.5 336.2 341.5 341 341.5 346.7 352.4 356.5 359.2 360.4 361.4 361 359.3 355.7 349.1 341.9 336.7 331.5 326.2 321.9 318.2 314.3 311 307.5 301.6 298.6 295.6 289 295.4 302.5 310 317 319.8 317.8 313.7 308.7 305.2 304.6 302.1 300.2 298.9 297.6 296.6 295.9 296.1 297.6 298.8 298.2 297.3 294.3 294.4 299.6 304.3 306 305.5 303.1 304.4 306.2 306.7 309.1 308.6 307.5 304.6 302.3 297.8 291.1 285.8 278.5 273
273.4 288.6 291.7 295.1 298.7 303.1 308.9 315 321.6 329.8 339.1 344.3 347.5 346.6 351.7 357 361.4 366 369.1 369.5 370.1 367.6 363.7 359.8 354.9 349.9 344.3 338.8 336.1 334.9 329.8 322.5 317.5 311 306.8 302.7 294.6 305.2 312.4 321.5 328.8 331.9 331.7 328.3 323.6 316.4 312 308.8 306.3 304.2 302.7 302.3 301.8 300.2 300.9 302.3 302.8 302.5 300.4 295.3 295.5 300.1 302.8 302.5 301.6 302.5 303.6 306.9 311.5 311.2 310 307.3 304.4 300.4 295.2 289.2 283 275.5
261.3 285.7 288.2 290.9 294.5 299.6 305.2 312.4 321.8 332.6 343.4 352.8 354.4 358.2 360.1 362.4 366.8 370.9 375.4 376.8 376.3 374.4 372.9 370.7 366.3 361.6 357.8 352.7 349.9 347.5 343.3 336.8 328.6 320.6 315.1 308.4 299.2 314.2 323.1 331.2 337.6 342.4 343.3 341.3 336.7 329.5 324 316.9 313.7 311.7 308.9 308.4 308.1 306.4 304.9 305.3 306.2 307.2 305.5 301.6 300.1 299.3 299.8 301.8 302.2 304 310.3 308.9 313.8 313.9 312.7 310.9 307.4 303.4 298.5 292.4 286 278.2
260 274 283.6 288.9 292.5 297 302.8 309.8 319.7 338.8 346.3 354.9 361.6 364.3 368.3 369.4 371.2 375.1 376.2 377.1 380.5 382.5 381.9 379.6 374.8 372.5 369.7 367.1 363.6 360.2 355.6 350 341.7 333.5 324.3 315.9 311.7 319.6 332.8 343 349.7 353.3 352 352.6 348.4 342.5 336.3 329.3 321.3 319.5 316.3 315 313.3 312.2 310.5 310.8 310.9 310.8 310 308.7 308.4 307 306.3 307.1 310.5 308.6 307.5 309.5 315 315.9 315.4 313.7 310.2 306.5 301.7 295.2 288.1 280
261.2 265.7 283.3 289.3 292.5 296.6 301.8 309.7 320.2 339.6 345 353.7 364.1 369.4 372.5 375.6 379.1 381.4 381.5 381.4 385.2 382.9 384.5 385.8 385.1 381.6 378.8 377.1 375.9 371.3 365.7 360 352.9 346.7 340.9 331.1 323.4 320.4 340 349.2 357.9 361.3 362.6 362.3 358.8 354.5 348.9 343.7 336 329.2 325.2 322.9 320.1 319.2 316.7 315.9 315.7 315 313.8 313.3 313.2 312.9 312.6 313.7 315.3 317 317.6 316.7 313.1 315.5 317.4 316.2 312.8 309.1 304.2 296.7 291.1 283.3
259.9 264.8 278 289.6 292.4 296.2 301.8 310 319 331.5 343 355.6 364.9 369.7 374.4 379.2 382.2 382.4 384.3 385.2 385.2 386.8 389.8 391.7 391.9 390.2 389 388.9 387.7 383.4 378.3 371.5 365 358.9 353.6 348.2 344.4 336.8 348.3 358.3 367.3 372.1 373.8 373.5 371.4 368.8 364.6 358.8 351.7 344.8 337.4 332.6 329.3 326.8 324 321.6 319.5 319 317.4 317.1 316.7 316.4 316.6 317.3 318.9 320.6 321.8 322.3 322.7 320.2 318.1 318.3 315 311.4 306.3 300.8 294.1 285.7
263.8 266.5 267.8 286.3 290.6 294.8 301.2 307.5 314.3 326.9 338.4 348.8 360.5 371 375 378.4 380.3 381.9 383.4 383.4 387.3 392.7 395.8 397.3 397.3 398.4 397.5 398.1 396.1 394.1 389.2 384.2 378.7 372.8 371.2 368.3 365 360 349.4 369.3 376.2 382.8 383.8 384.9 383.3 379.9 376.5 372.3 366 360 353.4 346 339.1 334.8 331.4 328 324.6 321.6 320.7 320.6 320.3 320 320.3 320.7 322.5 324.3 326.1 327.4 327.3 327.2 326.1 324.3 318.6 316.3 311 303.3 297.5 290.3
265.8 265.7 269.1 280.8 286.8 291.5 298.3 306.6 315.6 324.3 333.7 342.9 352.2 361.8 369.2 373.9 378.1 378.5 380.1 382.4 388 393.8 397.1 399.5 403.6 405.3 406.1 406.8 405.7 404 398.3 394 391.2 388.2 384.2 381.3 377.6 373 373.2 379.4 383.4 389.4 390.4 393 394.8 391.3 387.5 383.9 380.3 375 369.7 361.3 350.6 342.3 336.8 333.8 330.2 325.6 323.3 323.9 323.8 323.6 323.8 324.4 326.5 328.5 330.2 331.6 332 331.9 329.7 327.8 324.6 320.3 315.9 308.8 299.9 294.2
278 266.4 269.7 276.8 281.3 287 297 304.2 303.8 320.7 332.1 342.1 342.3 345.5 351.6 358.2 363.7 379.1 382.1 384.4 386.9 392.8 398.6 404.9 407.8 410.5 412.7 414.8 415.9 413.3 408 403.7 401.1 399.3 397.4 393.8 388.3 381 382.7 391.4 391.5 396.8 400.7 403.1 404.8 400.8 398.6 396.1 393.6 389.1 383.5 375.7 363.7 351.6 342.9 338.6 334.4 328.6 326 326.6 326.8 327.5 328.7 330.3 331.5 332.9 334.2 335.6 336.3 336.2 334.1 331.2 327.9 324.5 319.1 313 304.5 296.4
283.7 276.9 268.4 275.3 281.5 294.1 305.5 315.3 321.2 322.4 323.9 331.9 343.2 361.4 367 371.8 378.7 383.3 386.4 388.9 392 395.9 401.8 406.1 410.8 415.1 418.6 420.2 421.5 420.1 414.7 412 409 407.8 406.5 403.5 397.4 386.9 390.2 396.1 399.5 405.6 408.5 411.9 413.5 411.3 410.2 409.5 406.2 401.9 397.1 390 379.4 363.4 352.2 344.1 341.1 335.9 329.6 330.2 331.1 331.7 334.1 336 337.5 338.1 337.6 339.1 340 340.4 338.8 335.6 331.4 327.6 323.4 318.2 311 302.7
293.3 283.2 270.1 279.5 289.4 304.6 315.5 323.8 329.9 336.4 343.3 348.6 358.3 367.6 373.2 377.9 383.1 387.9 391.8 395.4 399.4 403 406.6 411.5 415.7 419.4 423.4 427.6 427.9 424.2 420.4 417.2 415.8 414.1 411.9 408.5 403.8 395.4 393.7 403.1 407.3 413.3 418.2 420.6 421.8 421.1 421.4 420.4 417.9 414.6 408.6 403 394.4 379.9 364.4 357.8 350.9 343.3 333.9 333.7 334.7 335.8 338.5 341.2 341.9 343 344.7 344.2 343.7 344.1 342.8 340.9 335.8 330 326 322 315.3 305.4
297.2 284.7 272 285 297.5 313.6 325.2 333.8 340.6 345.9 354.2 360 365.5 372 378.5 385 390.4 394.9 399.7 403.9 408.3 410.7 413.4 416.7 420.6 424.7 426.3 427.5 431.1 430.5 426.9 424.8 423.5 424 421.9 417.1 414 404.9 392.7 408.5 415.9 423.1 428.3 430.9 433 432.7 430.6 429.6 429.1 427.5 421.5 416.1 405.3 393.5 377.2 367.3 363.5 353.3 347.7 340.2 344 343.6 345.2 346.1 346.6 351 352.6 352 349.8 349.4 346.4 343.8 339.7 333.8 328.2 324.3 312.6 312.4
297 283.9 275.2 289.7 305.6 322.3 333 341.6 349.5 356.2 364.9 370.4 375.8 381.6 387.3 393.2 398.6 404.1 408.6 410.2 416.1 417.2 421 422.4 424.3 428.7 431.6 435.6 436.9 437.1 435.9 434.7 432.9 431.9 428.7 423.9 421.6 416.6 408.5 418.4 424.8 431.2 437.9 440.5 442.1 443.6 441.2 442.5 441.7 441 436.6 429.5 418.4 404.8 399.2 387.6 377.8 369.3 363.1 357.2 358.4 359.1 356.7 356.5 357.4 356.7 359 357.6 354.8 354.3 351.4 346.8 341.7 336 329.7 323.2 321.6 315.9
