ny/ny33_OST50GRID_20230518/NY33.asc
ncols 200
nrows 200
xllcorner 330000
yllcorner 530000
cellsize 50
[rows 70 to 104 of 200, columns 78 to 155 of 200]
314.2 308.9 303.2 294 287.7 281 276.5 273.8 271.3 271.2 272.4 271.8 270.5 269.8 267.8 268.7 271.7 275.6 276.4 274 268.1 259.9 258.1 259 260.2 259.3 258.9 257.5 256 254.3 249 243.7 241.6 239.3 235.7 232.2 229.8 226.9 223 219.3 216.7 213.6 210.2 206 201.8 198.3 195.4 192.3 189.9 187.6 186.2 185.5 184.5 183.3 182.7 183.2 183.9 182.8 188.9 193.8 198.9 205.5 210.7 211.8 212.2 212.3 212.5 213.3 213.9 214.4 214.8 216.4 218.4 219.3 216.7 208.6 213.6 220.4
318.4 313.1 307.4 300.8 293.3 286.9 280.1 276.4 273.2 274.3 276.2 275.4 274.3 273.2 271.5 272.8 273.3 273.8 276.5 276.2 271.8 266 260.4 261.7 262.7 261.6 259.4 257 255.7 254.3 249.9 244.6 241.8 239.5 236.5 233 230 227.2 224 220.3 216.7 213.7 210.5 207.8 204.5 200 196.6 193 190.4 187.6 186.8 186.1 185.1 184.9 185.2 184.1 184.6 183.9 185.7 193.1 198.4 203.7 209.2 211.7 212.4 212.8 213.2 214 214.7 215.2 215.7 217.3 219.3 220.7 219 209.1 213.2 220.5
319.9 315.6 310.8 304.8 297.7 291.6 285.4 279.5 274.2 278.1 280.1 279.3 277.7 276.4 276.3 276.4 276.7 277.7 276.7 277.4 275.3 270.6 263.6 262.9 265.3 263.5 261.3 258.4 255.3 253.6 249.2 244.7 241.5 239.1 236.3 233.8 231.4 228.8 225.8 221.6 217.3 214.3 211.5 209.2 205.8 202.2 198.5 193.5 188.8 188.1 187.7 186.8 186.5 186.2 186 185.4 184.9 183.8 187 192.8 197 201.6 207 210.5 212.2 213 214 214.8 215.6 216 216.1 218 220.9 221.9 221.4 211.6 210 217.4
320.7 315.9 311 306 300.7 295 289.2 281.6 278.1 282 284.5 283.7 282.1 281.6 281.4 281.4 281.9 281.9 281.5 280.1 278.3 274.9 267.2 265.5 267.4 265.6 262.5 258.9 255.9 252.7 248.5 244 241.6 239.6 237.6 235.3 233 230.2 226.7 222.6 218 214.5 212 210 207.7 203.4 198.4 193.5 189.1 189 188.8 187.8 187.2 187.1 186.7 186.4 185.1 187.2 188.7 192.4 196.8 200.8 204.7 209.1 212.7 214.2 215.3 215.8 216.8 217.7 217.2 218.5 220.9 222.7 222.3 221.7 209.7 216
321.6 316.1 311.4 305.3 300.2 295.4 290.4 283.8 282.4 286 289.1 288.7 287.3 286.9 286.6 286.6 287 287 286.9 286.3 283.1 278.2 271.3 267.7 268.9 266.8 263.2 259.4 256.4 252.4 248.1 243.7 241.4 239.5 238.2 236.3 234.1 230.2 226 223.9 218.3 213.9 212.9 210.5 207.1 203.3 198.5 191.3 190.1 192.4 190.9 191.3 188.5 187.3 187.3 186.8 185.5 188.9 190 192.1 196 199.9 203.7 208.4 212.9 214.9 216.5 217.1 217.8 218.5 217.9 218.6 220.8 222.9 223.6 223.4 217.6 210.4
323.9 317.7 311.8 304.4 299.5 295.2 289.6 286 284.4 288.5 292 293.4 292.6 292 291.8 291.7 291.5 291.5 291.6 291.4 288.4 283 275.6 271.3 269 266.9 263.3 259 255.3 252.2 247.2 243.6 241.3 239 238.1 236.9 234.7 229.6 226.6 224.2 217.5 212.7 211.9 209.9 206.2 201.3 192.4 191.8 193.9 193 191.8 192.8 187.9 187.7 187.2 183.8 187.9 189 190.7 192.8 196.1 199.7 204 208.5 212.9 215.7 217.5 218.2 218.9 219.7 219.1 219.1 221.1 223.2 224.1 224.3 220.1 214.1
327.7 320.3 313.8 305.9 300.6 296.6 293.2 288.1 284.4 290 294.6 297.4 297.4 298.2 298.5 298.3 297.9 296.8 296.5 295.3 294 288.3 280.2 270.9 270.9 268 263.2 258.5 255 251.1 246.1 242.8 240 237.4 236.3 235.4 234.1 227.9 225.5 222.7 217.6 213.4 210.3 208.9 204.7 194 192.5 194.5 196.7 193.6 194.2 191.2 188.6 188.3 187.7 184.5 189 189.8 191.1 192.8 196.2 200.1 204.3 208.7 212.5 216.2 218.1 219.2 219.9 220.9 220.3 219.6 221.4 222.6 223.8 225.3 225.9 225.6
331.9 324.5 316.3 308.1 303 298.5 293.4 289.4 287.4 291.1 297.3 300.5 303.2 304.8 304.7 304.6 303.8 302.4 301.8 299.5 296.6 291.2 280.4 276.1 271 268.6 262.5 258.6 255.1 249.9 245.1 241.6 238.7 235.5 234.5 233.7 230.5 225.6 223.8 221.4 216.5 213.6 210.3 206.3 201.5 195 196.7 200.5 197.6 195.4 193.5 193.6 189.4 187.9 187.7 187.2 189.9 190.6 192.1 193.1 195.2 199 201.4 205.9 210.2 214 217.8 219.7 220.2 220.8 221.2 220.5 221 222.4 224.3 226.1 226.7 226.6
335 327.6 320.3 310.8 305.4 301.3 296 291.9 289.4 290.1 297.2 302.6 306.2 308.8 310.4 309.6 308.3 306.8 303.9 301.4 297.1 289.8 281.1 276.3 271 266.9 263 258.2 253.9 248.2 244.3 240.4 237.4 234.1 231.6 229.3 226.3 224.2 221.8 219.4 217.6 214.8 211.8 208.2 201.2 196.2 201 202 198.5 195.7 195.2 194.9 189.4 188 188.4 190.2 190.9 191.6 192.7 193.9 195.2 197.9 201.3 201.8 203.5 207 211.5 217 216.1 217.8 220.3 220.7 221.2 222.8 224.7 226.5 227.4 227.3
335.8 329 322.9 317.4 309.3 303 298.7 294.1 292.7 292.1 293.3 299 308.3 310.6 312.6 312.6 310.3 308 304 299.8 294.2 287.3 280.2 274.6 269 265 261.1 256.7 251.4 247.6 243.8 239.3 236.5 233.2 229.4 226.2 223.9 223.5 221.4 219.4 218.6 216 212.7 209.2 197 197.7 203.7 203 199.8 197.9 189.9 194.7 189.4 188.9 189.9 191.2 191.9 192.9 193.5 194.9 198.1 201.5 203.7 207.9 209.4 212.6 210.5 216.5 222.7 223.2 220.7 221.9 222.9 223.7 225.1 226.7 227.7 227.4
341.2 333.8 326.7 321.6 314.4 305.9 302.5 299.2 296 299.4 299.4 298.4 307.1 311.4 313.5 313.7 310.3 306.8 302.5 296.2 289.7 283.4 276.8 271.3 266.8 263.1 259.2 254.3 249.4 245.9 243 238.5 234.2 232.2 229 224.5 222.2 221.7 219.8 217.9 216.8 213.8 210.1 205.7 197.6 200.6 204 202.8 202.9 189.8 190.5 189.3 189.1 190.6 192 193 192.9 193.4 194.1 196.1 199.4 202 205.7 209.2 214.3 218.9 220 222.3 224.9 225.5 224.6 223.2 223.6 223.9 225.2 227.3 228.3 229.6
349.3 341.2 332.5 326.9 319.5 310.2 305.5 303.3 297 299.2 301.5 298.8 304 309.1 311.4 311.5 308.1 303.9 299.1 292.2 285.3 278.5 271.9 267.4 264.1 260.9 257.1 252.9 248.3 244.5 241.2 238.2 233.3 230.9 227.6 223.2 219.2 218.5 215.8 213.3 211.4 208.6 203.4 200.2 201.4 206.2 204.5 203 193 191.2 191.7 192.3 192.6 194.4 194.6 193.9 193.9 194.2 195.3 196.9 199.9 202.8 206.2 209.7 214.6 219.9 222 224.3 226.6 227 225.9 224.7 224.3 224.4 225.8 228.1 229.8 230.1
357.1 350 340.1 331.2 324.5 317.2 311.5 308.7 301 299.6 303.2 301.8 300.1 303.6 305.9 305.8 302.1 298.3 294.6 288.3 279.4 273 266.8 263.2 261.4 257.7 254.2 250.4 246.7 242.4 239.8 236.2 231.6 228.5 225.4 222.7 219.5 211.9 208.9 206.5 204.6 203 202.7 208 213.3 207.7 204.2 196.2 191.2 193.9 196.8 197.4 198.1 197.4 196.3 194.9 195 195.5 197.1 198.7 200.5 202.5 205.2 208.7 215.1 220.3 223.1 225.6 228.2 228.7 227.7 226.4 225.5 225.1 226.2 228.9 229.9 230.2
366.3 359.6 349.4 337.3 329.7 317.4 316.3 313.4 308 301.7 305.1 305.2 301.4 301.4 300.9 298.1 295.7 292 286.9 280 273 268.3 263.5 259.2 256.6 252.7 250.8 246.8 243.3 240.1 236.8 232.9 229.3 226.5 224.7 224 221.2 214.3 206.8 208.9 207.6 212.5 214.6 217.5 211.7 206.9 201.9 192.7 193.6 199.4 201.7 201.7 200.6 198.6 197.2 196.1 196.5 197 198.5 200 202.2 205.4 207.3 208.6 215 221.1 224.3 227.4 230.3 230.7 229.5 227.9 227 227 227.2 229.3 230.2 230.5
378.8 368.1 357.4 344.6 335.3 325 316.4 316.9 313.9 310.6 306.9 307 304.5 303.1 301.9 298.2 294.8 291.2 286.1 280.6 274.6 268.9 262 257.8 256.2 251.1 247 243.3 240.4 237.9 233.9 229.4 226.5 224.7 225.5 225.6 222.6 217.9 208.5 215.6 218.5 218.9 219.8 220.7 209.2 203.8 196.6 194.1 199.5 203.8 205.6 203.8 201.6 199.8 198.4 197.8 198.6 198.1 199.6 201.1 203.9 207.1 209.7 210.5 214.2 221.2 224.7 228.2 232.3 232.9 231.2 229.5 228.4 228.3 228.1 229.4 230.9 231.3
390.8 377.9 365 351.5 343.7 333.7 324.7 320.8 317.9 315.1 308.3 307.7 307 304.1 302.8 298.8 295 290.9 286.4 281.4 276.4 270.8 264.3 258.2 253 249.4 245.6 240.8 236.7 234.1 230.7 225.2 222.8 222.5 224.3 224.8 221.8 215.7 210 216.3 217.9 220 219.2 212.6 204.2 199.2 195.6 196.6 205.4 207.7 206.4 205.3 203.1 201.2 200.1 200.2 200.5 198.7 200.6 202.4 205.1 207.9 210.6 213 215.6 220.1 225.1 229.4 234 234.5 232.7 230.9 229.6 228.8 228.9 229.6 231.7 232.1
401.5 388.5 370.5 361.5 348.7 339.7 332.8 328.5 322.6 318.6 312.3 309.7 309.1 306.2 303.4 299.8 296.2 292.4 287.2 281.9 276.8 270.3 263.7 258.1 252 248 243.3 239.8 234.8 229 225.4 220 218.7 219.7 221.6 221.8 217.5 212.3 213.7 218 219.7 220.1 216.9 211.5 202 199.2 196.5 195.3 201.4 207.3 207.1 205.8 205 203 202.4 201.9 201.5 200.6 200.8 203.2 206 208.7 211.4 214.1 217 220.4 225.3 229.9 234.9 236 234.1 232.3 231.2 230.1 229 230.3 232.1 233
408.6 394.9 376.4 366.2 354.8 345.3 338 332.3 326 322 314.1 314.1 312.1 308.7 304.8 301.2 297.5 293.7 288.5 283.4 277.8 271.4 264.7 258 252.5 246.8 242.2 238.2 233.3 228 223.4 219.6 217.5 217.2 218.5 217.8 213.8 216.7 220.1 219.7 220.4 217.9 215.4 214 209.4 204.3 200.4 194.6 201.9 200.4 203 206.3 206.8 205 204.3 203.7 203.3 201.7 202.4 204.1 206.7 209.4 212.1 214.8 218.4 222.1 224.9 229.9 235.2 237.7 235.8 234 233 232 230.7 230.8 232.3 233.5
412.3 398.2 382.5 369.7 357.8 348.2 341.5 335.7 328.3 326.3 318.9 315.3 314.6 310.5 306.5 303.3 300.2 296.4 290.9 284.8 279.7 271.6 264.2 258.4 252.9 247.2 242.8 238.8 234.6 229.6 224.9 220 217.2 216.7 216.3 215.6 217.5 223 222.4 220.5 221 218.3 216.2 216.2 214.6 211 207.6 197.3 195.9 198.8 202.1 207.3 208.7 207.4 206.7 205.8 205.8 202.9 203.1 205.9 208.7 211.1 213.5 215.7 219 223.5 227.7 232.1 237.8 239.9 239 236.7 235 233.9 233 231.7 232.8 234.2
413.6 398.7 384.6 371.6 359.9 350.4 344.1 338.4 332.9 328.1 325.8 317.9 316.9 313.9 308.8 306.3 303.1 299.7 293.7 287.2 280.5 272.5 264.1 258.2 252.4 247.5 243.4 238.4 234.7 230.4 226.6 222.8 218.9 217.8 217.3 216.1 221.5 224.7 224 220.5 220.6 219 217 217.8 218.5 216.3 213.5 205.8 198.8 197.7 201.7 208.6 210.9 210 208.7 207.7 207.4 204.5 204.9 207.5 210.4 213.2 215.7 217.9 220 224.7 228.2 232.4 238.4 241.7 241 239.1 237.3 236.4 235.8 233.8 233.2 235
416.2 400.4 386 373.7 361.6 353 346.5 340.8 335.4 330.5 327.8 324 320.4 317 313.1 308.6 305.2 302 297.4 289.7 281.8 273.5 266 257.4 251.1 247.1 243.2 238.4 234.6 231.7 226.8 223.9 219.8 218.9 218.4 216.5 220.6 223.5 223 221.1 220.3 218.8 218 219.5 220.3 218.7 215.3 210.4 202.6 198.7 203.3 210.2 212.3 212 210.9 209.9 208.6 206 205.6 209.8 212.6 215.3 217.7 219.7 221.5 224.8 228.4 232 239.6 243.4 243 241.6 240 239.1 238.1 236 235.1 235.4
415.9 401.2 387.4 374.3 364.4 355.5 349 343.3 338.2 334.4 330.7 326.6 323.8 320.2 314.7 310.3 306.4 302.8 297.4 289.7 279.8 273.3 265.3 255.8 250.3 246 241.7 237.6 234.8 231.3 227.7 223.8 220.6 219.6 218.7 218.1 219.4 222.6 222.1 222.6 222 221 220 220.3 220.8 219.5 216.5 213.2 202 200.9 207.6 212.3 215.2 215.1 214 212.4 210 207.6 206.2 211 214.6 216.8 219.1 221.8 223.4 225.4 228.5 232.2 242.9 245.5 245.2 244.3 243 242 241 238.5 237.3 236.2
413.1 400.5 388 375.5 366.2 358.1 352.6 347.5 340.4 337.8 332.4 328.3 323.8 321.6 315.5 310.2 306.2 302.2 297 289.9 281.2 273.1 265.9 259.1 251.2 244.5 239.5 237.7 234.9 231.7 227.8 223.5 221.2 220 220.1 219.8 219.4 221.3 223.4 224.8 224.3 222.8 221.8 221.6 220.5 219.2 216.7 212.2 197.7 205.4 210.9 214.1 216.8 218 216.5 214.5 212.4 209.9 208.5 212.7 216.3 218.5 221.3 224.8 226.3 227.4 230.1 234.4 245.2 247.7 247.7 246.6 245.4 244.3 243.4 241.9 239 238.1
409.8 398.3 387.2 377.5 367.2 361.9 358.8 354.2 347.6 340.1 333.8 327.9 322.8 322.5 314.5 309.2 306.6 304 300.2 294.2 283.5 273.8 267.7 261 249.7 242.5 240.2 238 234.7 231.6 227.7 223.8 221.2 220.5 221.2 221 220.8 221 224.9 227.1 226.6 225.2 223.7 221.6 219.7 218.1 212.4 205 202.8 212.1 212.7 216.8 220.1 221.4 219.5 217.6 215.3 212.5 209.8 214.5 218.1 220.9 223.9 227.7 229.4 230.3 232.4 236.1 246.7 249.8 250.1 249.1 248.4 247 245.8 244.7 242.1 239.8
407 394.8 385.3 376.9 368.7 364.6 361.4 355.9 351.2 342.8 334.8 326.3 320.3 317.6 312.6 308.5 308.4 305.7 301.3 294.6 284.3 275.6 268 261.1 252.1 245 241.7 237.1 233.8 230.5 226 223.3 221.9 221.7 221.9 221.6 221.3 221.7 226 228.7 228.6 226.8 225.1 222.8 220.1 216.9 207.2 202.4 204 213.3 216.8 220.4 224.6 224.5 222.6 220.8 218.3 215 213 216.7 220.4 223.3 226.9 230.7 232.5 234 235.1 237.9 241 252.2 253.5 252.9 252.2 250.6 248.6 247.8 246 242.2
402 386.8 378.9 371.1 367.4 363.8 360.1 353.8 347.1 339.8 331.7 323.7 316.2 312 309.2 308.2 306.2 303.6 299.4 292.3 283.7 273.8 267.2 261.7 254.2 246.4 242 237 233.9 230.8 226.9 225 223.8 223.1 222.3 222.3 222 222.2 226.1 228.9 229.9 228.2 226.5 223.8 220.7 217.3 207.8 205.1 202.4 216.5 219.2 223.4 227.2 228.3 226 224 221.2 217.4 216.4 219.6 222.7 226.4 230.2 234.2 236.6 238 238.4 241 242.4 254.7 256.8 256.7 255.8 253.9 251.8 250.4 248.4 245.4
392.3 377.2 369 362.8 359.4 356.5 351.1 346.3 339.7 331.9 322.5 315 308.2 303.8 304.7 303.7 302 298.8 293 288.4 281 272.1 265.7 258.4 251.5 246.2 242.3 238.1 234.2 230.6 227.7 225.4 226 224.8 223.6 223.1 222.6 222.2 225.1 228.7 231.5 230.8 229.3 224.9 222 218.3 210.5 206.1 201.1 216.4 220 224.4 228.4 230.7 229.3 227.2 223.4 219 220.2 223.7 227.1 230.1 233.7 237.7 240.1 240.9 241.4 243.4 244.9 257.5 259.9 260.3 259.2 257.2 255.2 252.8 249.8 246.8
375.7 365 357.8 353.4 349.5 344.5 339.6 335.7 329.6 322.8 314.6 309.7 305.1 301 296.6 296.6 296.3 293.2 286.4 282.7 276.9 268.6 260.3 249.1 247.2 246.2 243.3 238.9 234.7 231.3 228.9 228.9 227.1 226 224.9 223.9 223.1 223.6 226.1 229.7 233.4 232.5 230.4 226.7 223.1 219.1 212.5 205.9 201 217.4 222 224 228.8 232.1 232.4 230.1 225.7 221.5 224 227.5 231.1 234.2 237.2 240.3 243.3 245 244.4 245 246.9 259.2 262.6 264 262.8 260.8 257.7 255.3 252.2 249
360.3 353.1 348.9 345.3 340.5 336 331.2 327.9 324.7 319.6 314.7 306.9 303.3 300.1 294.1 291.2 283.3 286.3 282.6 279.4 272.5 261.7 251.2 249.8 245 241.1 239.9 236.6 233.5 232 231.2 229.6 227.7 226.7 225.5 225.4 223.6 224.8 228.3 230.5 234.8 233.3 230.4 227.9 224.1 219.4 213.2 204.3 206.9 218.6 223 223.9 229.6 233.2 234.7 233.3 229.2 225.3 225.8 230.5 234.1 236.9 239.6 242.5 245.8 248.9 248.4 246.5 250.1 264.7 265.1 267 266.5 263.1 260.7 258.9 254.7 251.2
352.7 347.9 343.7 339.5 333.8 329.9 325.5 322.5 321.9 318.3 311.7 310.8 307.9 309.6 302.4 293.6 288.2 278.2 273.1 272.4 262.7 257.7 254.3 249.8 245.8 241.9 239 236.8 236 232.6 230.9 229.5 228.2 227.1 226.4 227.8 226.6 227.6 229.6 231.4 235.7 233.3 231.3 228.6 222.3 216.7 207 204.7 214.3 219.5 223.9 225.8 231 234.4 236.5 236.7 233.1 229.6 230.2 234 236.8 239.6 242 244.6 248.3 252 253.5 252.1 255.4 254.9 268.7 269.6 268.9 267.5 265.3 262.6 257.6 253.9
346.2 343.5 339.4 337.9 337.4 334.6 331.6 325.2 317.9 319.3 322.3 317.3 312.5 310.3 302.4 294.5 288.6 283.5 280.8 277.5 273.7 265.1 259 254.2 246.5 243.7 240.9 239.6 236.1 232.8 230.7 229.4 228.2 227.3 227.2 230.8 230.6 229.8 230.8 232.2 233.8 233.3 231.8 227.9 219.6 209.9 205.8 211.1 216.5 221.3 225.6 227.9 231.3 235.3 239.1 240.1 236.2 232.7 233.2 236.7 239.2 241.6 244 246.6 250.2 254.6 257.6 257.8 255.2 259.3 268.5 271.8 272.3 271.3 268.8 265.6 260.5 256.4
351.2 348.6 345.8 344.5 341.8 338.8 335.6 330 325.1 323.2 324.8 319.2 314.3 308.2 303.9 297.1 289.6 284.8 281.3 276.5 269.7 260.9 257.7 254.6 247.9 245.9 241.5 238.9 235.6 232.3 230.6 229.5 228.3 227.1 227.1 232.1 234.2 233.5 233.3 233.4 233.5 232.9 230.4 222.5 215.3 203.2 210.8 214.6 218.8 224.3 229 231.4 230.5 235.9 241.1 242.8 239.7 236.3 235.2 238.7 241 243.5 246 248.4 251.5 257.8 260.7 261.6 260.5 262.9 268.2 272.6 273.8 273.9 272.1 268.1 263.3 258.8
356.7 353.8 351.8 349.9 346.2 343.1 340.6 336.2 331.5 325.9 323.9 320.8 316.9 311.4 305.5 300.7 292 286.2 281.6 275.6 268.5 262.6 256.8 252.4 249.7 245.8 241.1 237.7 234.7 231.4 230 229.4 228.3 227.5 229.8 233.9 238.1 236.4 235.7 234.6 233.7 231.6 225 218.5 209.3 207 215.2 219.2 222.6 228.2 232 233.6 232.3 236.4 242.7 245.6 243.2 239.7 237.6 241.1 243.3 245.5 248 250.3 253.5 261.5 263.6 266 266.4 267.1 268.9 272.9 274.7 275.8 273.3 270.5 265.8 261.1
361 359.4 357.5 355.5 353.1 349 345.8 342 337.3 331.9 327.5 323.5 319.8 314.4 307.1 302.4 294.5 287.1 282 274.7 268.2 263.5 256.6 254 252.9 248.3 239.5 235.9 233.6 230.4 229.3 228.8 228.2 228.7 232.1 234.7 238.5 239.2 238.4 235.9 232.6 228.5 222.3 216.3 204 209.6 218.8 222.6 226.6 231.3 233.6 235.4 235.9 236.6 243.4 247.4 246 242.5 239.9 243.5 245.9 247.9 250 252.1 255.8 264 268.6 270.8 270.8 270.7 272.7 273.4 275.9 275.2 275.2 271.7 268 263.6
366.2 364.4 362.8 361.6 359 355.2 351.9 348.3 344.3 340.5 333.2 328 322.4 316.7 310.9 304.5 297 288.2 280.9 273.6 266.9 261.9 255.3 253.2 251.4 243.9 237.5 233.7 231.8 230.1 229.2 228.2 227.5 229.7 233.3 236.4 239.4 240.9 240.6 236.6 231.4 226.3 221.4 217.2 206 213.6 222.3 225.1 229.6 234.6 236.2 236.3 236.8 240.9 245.3 249 248.4 245.4 242.6 245.8 248.5 250.6 252.7 254.6 258.6 266.1 272.5 274.1 274.7 274.1 274.9 273.8 276.6 277.1 270.7 273.7 269.3 265.9
