ny/ny33_OST50GRID_20230518/NY33.asc
ncols 200
nrows 200
xllcorner 330000
yllcorner 530000
cellsize 50
[rows 140 to 174 of 200, columns 0 to 77 of 200]
659.5 656.5 654 653 651.9 650.3 649 647.4 645.3 641.3 637.9 634.5 631.4 628.6 624.2 619.6 611.3 592 592.1 595.7 596.2 594 588 578.1 551.3 527.3 506.9 485.8 469.6 459.7 457.5 455 450.5 445.6 440.5 437.3 432 423.1 411.1 396.8 378.8 364.3 354.8 352.1 350.9 348.6 347.2 346.3 350.1 362.5 372.1 379.2 383.1 383.5 374 380.2 385 403.8 417.4 426.8 434.6 440 442 443.2 442.8 444.2 447 449.8 452.1 455.1 452.7 457.5 463.2 469.2 474.1 478.7 489.9 499.3
663.4 660.1 657.6 656.9 655.6 654.7 653 651.3 648.7 644.7 641.5 638.1 634.1 630.8 626.8 622 614.4 600.3 600.8 603.1 602.7 601.6 597.2 591.5 566.4 540.5 520.4 504.3 493 486.6 481.9 478 472.9 465.7 460.6 459.2 455.2 446.9 434.9 420 404.4 388.6 374.4 362 348.4 337.4 337.7 333.3 331.4 335.1 342.8 350.6 354.1 357 363.4 359.8 369.6 385.3 398.8 407.1 417.3 421.3 422.1 422.9 423.6 425.7 424.8 426.8 429.7 433.3 433 439.4 450.2 454.7 461.1 463.3 464.4 475.6
665.1 661 660.6 660.1 659.3 658.7 656.5 653.3 650.2 646.4 642.1 638.3 634.5 631.7 628.7 624.8 617.6 609.2 608.9 609.7 610.2 609.8 607.5 603.4 583.9 557.5 539.7 524.2 515.6 513.4 508.1 503.2 494.5 485.5 482.5 483.7 480 473.7 461.2 446.3 431.3 418.3 403.5 388.5 375.5 360 347.7 336.9 326.8 319.7 324.8 328.1 329.4 329.8 341.8 341.6 349.4 361.5 375 382.8 390.1 391.1 390.5 390.4 390.3 391.5 394.1 397.5 402.2 402.9 397.7 415.5 426.1 436.3 447.2 450.9 449.4 453.3
663.3 660.9 660.1 660.8 660.5 659.9 657.1 653.8 650.3 646.1 642.2 638.7 634.9 632 629.3 625.2 619.4 615.5 614.2 615.6 616.4 616.5 615.6 612.1 603.4 587.1 564.3 548.3 543.5 546.9 542.2 532.8 520.3 503.4 505.7 508.5 505.8 502.2 491.9 477.7 463.4 448.7 429.7 414.6 399.2 383.2 368.7 355.8 341.3 327 313.9 314.9 316.9 317.2 324.2 328.2 329.3 338.7 349.2 355.8 361.6 360.7 358.7 357.8 355.4 357.6 359.5 361.8 365.5 366.3 361.2 381 391.2 408.7 418.8 424.7 429.5 431.5
658.7 658.9 659.1 660.4 660.5 659.2 657.3 653.8 650.3 645.7 641.3 637.2 633.4 630.5 627.8 624.1 621.1 620.6 620.1 621.2 622.6 623.3 621.8 619.6 613.3 604.1 592.7 578.4 573.3 571.7 564.8 554.3 542.8 522.7 518.9 516.3 513.7 511.3 506.4 496 488.4 479.5 465.5 443.3 422.2 405.8 392.2 377.2 362 344.1 323 305.9 307.3 309 314.3 316 315.4 322.5 328 332.9 333.3 330.8 327.4 324.7 325.5 324.9 327.2 327.9 329.6 329.2 335.5 346.9 358.3 374.1 381.8 390.1 398.3 404.9
653.6 654.8 656.9 657.9 658.8 657.8 656.1 652.3 649.6 644.3 640 634.6 631 628.1 626 624.2 623.4 625.2 625.7 625.7 626.9 627.4 624.1 620.1 612.8 604.7 596.4 586.3 578.2 572.7 565.8 555.9 544.5 529.8 518.9 514.4 510.3 504.9 501 494 487.6 482.5 474.8 461.7 448.6 433.1 418.3 400 375.7 353.2 330.9 314.6 302.6 300.2 304.9 304.8 300.7 310.6 313.6 312.8 309.5 303.8 300.2 297.5 297.2 295.5 297.4 299.2 296.2 302.1 303.7 313.7 325.9 335.3 344.2 354.3 363.6 372.2
645.8 649.6 652.6 653.8 655 654.1 652.9 650.4 647.9 640.6 636.3 630.9 627.8 626.1 624.3 622.7 623.6 626.2 626.9 626.1 626.5 625 620.4 615.4 607.3 599.5 591.6 582.5 574.5 567.6 560.8 551.6 540.3 525.2 513.4 507.3 501.7 497.2 492.8 486.4 479.5 474.3 467 455.1 444.6 428.8 403.9 383.3 362.9 346 327 312.8 303.9 295.6 294.2 293.7 288 294.1 293.5 290 284.5 278.2 275.6 274.1 274 272.1 274.2 275.9 273.3 281.2 281.8 286.9 291.9 300.5 310.7 321.4 330.3 340.2
636.7 640.7 646.6 648.1 649.2 649.4 648.5 646.9 642.2 636.5 632.1 627.1 623.9 622 620.1 619.1 621.1 624 624.4 622.7 621.8 618.6 612 606.1 597.9 590 583.4 575.7 568.4 560.6 553.5 544.3 531.9 515.1 503.3 497.5 491.8 486.5 479.3 474.2 469 460.7 452.3 442.1 430.7 408.2 380.5 361.6 341.6 330.2 315.3 303.6 297.5 294.3 285.8 279.3 277.2 275.8 274 272.6 271.2 269.7 267.7 265.3 263 262.2 260.5 260.5 262.1 264.3 267 271.7 273.6 273.4 279.6 289 299.8 308.5
626.5 631.7 639 643.3 645.1 645.1 644.5 641.2 636.1 631.6 627.9 621.9 616.1 615.3 614.2 606.5 616.4 619 620.3 617.7 613.2 610.1 601.7 595.3 586.9 580.3 573.3 566.6 559.7 551.8 542.3 534.1 521.6 505.4 491.8 486.2 480 472.1 466.4 462 454.6 445.2 435.5 424.8 410 383.1 360.1 338.6 324.3 314 304.1 295.2 288.9 284.3 285.1 287.5 288.6 284.3 281.6 278.4 275.6 273.5 271.6 267.5 265 263.7 262.2 260.1 256.8 258 258.2 257.9 261.9 260.8 263.6 268.2 274.2 280.4
617.2 624.1 630.8 637.4 640.5 641.6 639.6 636.2 631.3 626.6 622 615.7 607.5 605.1 602.6 597.4 608.3 612.1 612.1 609.3 602.6 596.7 588.8 581.7 573.4 566.7 559.9 554.9 549 541.6 532.9 521.3 507.2 494 481.9 472.8 465.7 458.1 451.5 443.2 436.6 428.2 416.4 400.8 381.4 360.2 336.1 324 312.7 300.6 292.9 287.8 289.8 293.9 292.2 294.6 294.6 289.4 289 288.9 290.5 289 283.8 278.3 271.7 264.9 261.8 261.7 259.3 255.8 255.1 255 254.4 254.9 254.5 257.7 262.3 265
607.3 615.8 624 630.5 635.1 635.6 634.7 630.6 625.4 619.7 614.5 607.5 600.7 581.3 582.8 583.7 597.2 603.2 603.3 599.6 592.7 581.7 573.8 565.9 557.3 551 544.9 540.7 535.7 529.4 521.5 510.6 495.6 484.6 473.1 461 451.4 443.5 434.7 427.6 420.2 409.1 395 376.3 357.6 337.8 323.4 314.3 301.4 293.3 287.6 294.8 301.9 303.5 302.9 304.9 304.5 304.2 303.9 309.1 309.5 307.3 304.1 297 288 281.6 274.7 260.7 256.6 256.4 253.7 253.1 253.3 252.7 251.5 251.4 252.2 253.7
598.3 607.9 617 623.6 628.1 628.8 627.9 624.9 619.4 613 604.9 596.9 591.8 581.9 555.9 570.6 586.3 593.6 593.7 588.8 581.7 569.8 558.4 551 541.8 534.6 528.7 524.4 520.8 515.5 507.9 497.9 487.5 475.6 462.7 451.2 438.9 429.5 420.2 412 400.5 386.1 369.2 351.2 335.1 324.5 313.5 302.2 294.1 291.7 301.4 309.1 315.9 315 318.5 320.5 323.3 326.4 325.6 329.5 331 330.9 327.3 320.4 313.4 304.4 287 268.3 257.2 257.1 255.1 253.5 251.6 249.9 249.5 249.2 246.9 246.1
589.4 599.8 609 616.3 620.8 622.3 621.1 618.8 613.7 604.5 590.6 572.4 576.8 566.3 543.9 558.8 577 584 583.5 579.2 570.9 560.2 543.2 536.4 527.6 518.5 511.5 508 505.4 501.3 495.2 487.1 477.2 466.5 454.8 440.7 427.9 415 405.3 392.7 377.3 361.7 347.1 329.1 318.1 308.4 298.2 293 295.7 306.1 317.7 324.6 332 339.4 343.4 343.5 347.8 351.7 351.6 351.8 356.9 358.9 356.9 347.9 334.4 317.4 299.1 282.4 268.4 262.5 260 255.5 251.6 249.9 248.1 247.8 245.5 244.4
581.5 591.8 601.2 609.1 614.1 615.5 615.4 614.3 608.2 593.4 572.9 557 553.8 548.7 529.7 552.3 568.3 573.8 573.8 570.2 562.9 552.4 537.2 523.3 510.6 498.8 490.5 489.9 488 484.7 479.3 473.3 465.9 456.1 443.6 431.8 417.9 401.5 386.9 371 356.4 341 328.8 315.7 304.2 295.9 294.3 297.4 308.9 320.5 331.1 345.3 355.5 363.9 369.9 372 374.7 375.2 380.2 381.3 391 391.5 386.2 369.8 342.3 323.2 308.5 293.3 279.1 270.7 264.7 262.1 255.8 252.3 249 247.2 244.1 242.7
574 583.7 592.5 600.9 606.4 609.2 609.5 609.8 604.6 591.8 568.4 541.5 525.5 528.6 527.4 547.4 560.8 565.8 565.8 561.6 555.4 545.6 531.8 519.9 506.3 478.3 466.9 469.1 470.5 467.5 463.5 458.4 452.4 443.5 431.7 421.1 407.8 388.2 367 351.3 337 327.8 317 302.6 295.2 296 294.1 311.2 324.5 339.2 352 365.4 376.2 384.9 390.6 390.4 391 395.4 403.3 407.7 414.4 418 409.4 390.6 355.7 334.4 320.2 304.9 290.1 282.7 277.2 276.1 267.2 259.2 253.4 248.7 247.1 247.9
565.8 575.3 585 592.6 599.1 602.6 603.8 603.7 599.3 589.7 567.6 543.6 518.4 508 522.8 540 552.4 557.9 557.8 553.8 548 539.1 526.5 514.5 503 481.6 459.2 445 450.2 451.1 447.5 443.1 438.8 430 420.1 409.3 395.4 373.8 350.5 336.2 325.2 316.6 299.2 298.2 297.9 302 312.1 327.2 342.1 357 367.6 382.3 393.3 399 401.4 401.6 403.2 408.1 415.1 422 429.7 437 436.7 407.1 369 346.1 330.8 315.8 309.7 301.2 293.6 289.8 280.7 273 266.9 260.1 256 251.9
556.8 566.1 575.8 584.5 591.7 596.5 598.3 598.5 594 585 563.9 541.1 518.2 501.2 513.5 528.5 543.4 550 549.9 546.9 542.3 534 521.6 509.9 499.1 484.7 462.5 443.7 424.4 430.5 429.9 428.4 423.9 417.8 407.4 395.6 380.9 360.1 336.7 323.1 310.1 300.8 299.2 301.4 303.9 315.4 327.9 342.2 356.6 369 381.3 393.6 403.1 408.8 411 412.2 413.5 418.3 426.3 432.9 440 447.7 449.3 418.6 384.2 360.2 341.9 331.6 329.1 323.7 315.4 306.5 297.3 288.9 280.3 273.4 266.2 257.7
547.4 556.7 566.4 576.7 584.6 591.3 594.2 595.4 590.7 580.9 554.9 534.5 515.9 493.4 502.5 516.7 533.2 541.7 542.6 540.7 537.2 528.6 517.3 505.5 494.3 482.6 466 446.3 429 408.5 410.3 410.6 409.3 403.8 394.4 381 365.6 345.6 328.6 309.8 302.7 300.3 301 308 317.3 331.2 341.4 354.3 366.4 379.5 393.3 404.7 411.6 415.7 419.5 421.2 423.2 427.9 434.8 442 448.5 454.6 452.8 423.9 391.4 371.4 359.6 353.9 351.1 351.1 338.8 329.2 319 312.4 302 291.5 280.6 270.8
536.3 546.6 557.2 569.5 579.8 587.8 592.9 594.4 590.3 582.3 558.5 538 517.5 496.8 494.3 505.4 523 533.5 535.2 533.9 530.4 522 511.1 499.7 488.9 477.9 464.8 450.2 435.8 423.5 410.1 395.8 388.4 383.8 372.9 359.8 346.7 332.6 318.6 304 301.8 306.3 310.6 316.6 331.5 343.1 354.1 365.2 376.5 391 402.7 411.9 417.9 422 425.6 428 431 435.9 442.2 449.6 456.2 460.7 461.4 437.2 404.8 391.8 384.6 381.2 381.3 376.4 363.9 354.3 343.4 332.5 322.3 311 300.7 288.8
523.8 536.4 552 565.3 576.6 585.6 592.1 595.8 591.8 584.7 570.5 549.5 526.3 500.4 486.2 497.8 513.4 524.5 526.4 526 522.3 514.6 504.4 494.3 483.4 472.5 461.1 449.8 439.3 429.8 419.8 409.2 396 380.9 359.4 337.3 331.8 322.9 312.7 303.3 309.6 314.3 319.4 322.3 340.8 353.8 364.3 373.4 386.4 401.2 411.2 417 421.7 427.3 430.3 433.9 437.6 442 448 455.1 461.4 466.8 468.6 463.3 435.7 424.8 416.9 415.2 416.4 407 386.8 371.6 357.8 345.1 333 325.4 313.6 293.6
522.6 535.7 549.7 563 574.2 584.5 592.8 597.7 594.8 587.7 577.9 561.1 533.3 504.4 476.4 490.3 502.4 512.3 513 514.1 511.7 505.2 496.9 487.3 476.3 464.7 455 445.8 438.1 430.9 423.2 414.2 401.8 384.6 364.8 345.8 326.6 315.1 305.4 311 320.2 327.9 332.6 321.3 347.3 361.3 370.7 380.7 395.3 407.1 415.6 420.7 426.8 431.8 436.4 439.3 443.1 448 454.4 461 466.5 471.3 473 473.7 467.1 462.7 455.6 453.6 443.3 420.1 397.9 380.9 368 354.5 343.9 334.1 318 313.3
520.2 532.7 546.4 559.5 571.5 582.6 589.9 595.7 592.8 587.1 576.6 566.1 542.5 513.2 484.7 477.4 491.6 497.8 500.1 501.3 499.6 494.7 487.2 477.6 466.7 455.4 448.1 439.7 432.9 426.9 419.7 410.1 396.9 378.8 360 340.4 322 307.4 310.4 322.8 334.3 338.6 338.9 333.5 348.4 366.5 375.2 386.3 400.7 411 418.4 424.3 430.8 436.4 440.6 444.6 448.8 453.9 460.4 466.6 472.2 476.1 478.8 479.6 477.7 474.7 470.3 463.3 444.2 420.7 403.4 387.6 373.3 362.9 351.7 339.5 329.8 329.4
516 527.9 542 555.1 567.1 578.9 586.6 591.1 589.3 583.5 573.3 564.2 550.8 520.3 489.1 463.1 480.4 481.9 485.9 488 486.2 480.7 474.7 466.1 455 446.4 439.2 432.1 426.4 420.1 412.9 403.1 388.7 371.4 352.5 332.7 315.3 310.3 321.2 333.2 345.5 351.7 351.3 347.8 348.9 369.3 378.3 391.1 402.5 412.4 419.6 426.4 433.1 439.7 445.1 450.5 454.9 459.9 467.5 474.7 480 484 486.7 488.5 486.8 483.4 478.5 465.2 439.9 422 408.3 393.5 380.8 370.4 360.1 344.9 344.5 343.3
512.4 522.7 537 550.8 563.7 574.5 582.7 585 584.1 578.7 569.7 561.9 551.4 527.8 497.3 468.5 462.9 466 468.6 471.7 470.7 466.6 460.4 452.3 444.4 437.1 431 424.4 418.7 412.2 404.2 395.8 382.9 363.8 340.8 321.6 309.3 316.6 332.9 347.5 355.2 359.9 362.3 360.1 344.4 365.8 381.2 392.1 404 413.5 421 428.6 436.5 443.4 449.9 455.5 460.9 466.2 474.3 481.8 488.4 493.2 497.4 498.7 497.2 493.9 488.6 462.2 438.2 424.2 413.5 401.6 390.8 379.5 362.5 360.8 357.9 356.4
509 520.4 531.8 545.2 560.1 570.7 576.5 579.4 578.6 574 567.4 557.4 547.1 533.1 503.2 474.2 443.6 449.4 453.4 453.6 453.7 451.4 445.6 439.8 433.3 427.4 422.5 416.8 410.6 404.6 397.7 390 377.4 356 334.3 318.2 312.3 322.9 342.4 354.9 363.3 369 374.3 375.5 362.1 356.6 375.4 389.1 403.1 413.2 421.8 430.9 439.4 447.7 454.3 460.1 466.5 472.4 481.2 489.2 497.5 504.2 508.6 510.7 511.1 508.9 501.8 463.5 442.7 430.9 420.9 411.3 403.2 383.2 378.7 375.4 372.4 368.3
506.6 518 529.1 541.5 555.2 567.2 574.5 575.8 573.9 569.1 562.2 552.6 541.5 531.1 516.3 489.7 460.4 431 434.5 438.8 436.6 435.9 431.4 427.2 422.3 417.5 412.4 407.3 401.5 396.3 391.7 384.5 370.7 350.1 327 314.1 316.2 331.8 348.4 359.5 370.7 379.6 384.9 385.3 376.4 364.9 375.3 376.8 398.1 411.5 422.4 431.8 441.6 450.2 458.8 464.8 471.2 478.6 487.1 496.4 505.1 513.3 519.2 522.7 525.8 523.8 502.4 470.5 447.9 435.4 425.7 417.7 406 396.4 393 390.3 390 384.3
504.8 517 528.2 537.9 550.2 562.9 570.1 571.7 568.2 563.5 556.2 545.7 535.2 525.5 514.5 501.7 482.7 453 428.5 414.1 415.2 418.1 417.7 414.4 410 406 402 397.2 392.3 388.7 384.7 376.7 360.9 343.3 323 311.2 324.4 340.9 355 368 380.5 389.2 394.1 394.7 385.3 370.8 386.8 395.3 388.5 404.7 420.4 431.7 443.2 453.4 462 470.8 477.8 485.2 493.2 504.3 514 523.4 531 535.6 540.4 541.6 518.2 485.5 457 442.5 432.6 428.2 413.5 414.6 412.5 409.4 404.8 401.6
501.3 514.3 525.6 535.4 545.7 556.1 564.1 566.6 563.3 558 548.8 537.5 525.9 515.8 506.2 495.6 481.9 465.8 450.2 435.8 414.3 393.5 395.3 391.6 390 394.4 392.2 387.8 383 378.4 373.1 361.6 345.5 327.1 315.7 319.9 332.3 348.8 363.7 375 389.5 398.9 402.2 402.1 396.6 375.8 391.1 401.5 409.7 412.3 408.4 429.3 441.6 452.9 463 473.2 481.3 489.2 496.8 508.9 520.7 531.7 541.6 549.6 556.1 558.7 536.6 500 468 452.2 443.6 437.5 432.9 433.3 430.2 424.1 418.9 414.4
496.9 509.8 520.7 530.7 540.5 549.2 557.8 560.3 558.5 551.4 540.9 529.2 516.3 506.5 496.5 486.6 474.2 459.6 445.7 435.3 424.3 413.9 404.8 391.1 371.4 373.4 379.4 375.8 371 366.1 358 343.7 326.2 317 324 329.5 342.8 355.1 369 380.7 394.6 403.9 407.4 408.1 406.9 396.2 389.7 405.2 415.5 421.8 428.3 429.1 430.1 450.2 462.2 473.7 483.2 491.9 500.4 512.7 524.6 535.9 547.6 557.9 566.7 572.6 558.7 519.4 485.8 466.2 460.7 456 451.6 449.5 446.9 440.1 434.2 429.8
489.4 503.7 514.5 525 534.8 544.1 552.4 555.8 553.1 544.6 532.2 519.1 507.1 496.9 486.1 474.7 464 451 437.7 428.4 418.7 409.3 399.9 388.9 378.7 355.5 366.4 363.4 358.5 351.7 338.8 325.6 316.7 327.8 335 342.3 352.4 363.2 375 385.3 396.9 406.9 412.1 413.7 414.1 410.3 395.1 407.5 421.7 428.7 435.8 442.4 448.2 441.8 460.9 474.5 484.9 495.4 504.6 514.9 526.8 538.6 549.6 560.5 571.9 581.2 581.6 543.9 505.7 482.3 473 463.8 472.6 470.7 467.8 461.6 453.4 445.1
481.1 496.4 508.1 518.8 527.6 536.9 546.4 551.5 547.5 537.9 525.3 510.6 497.9 486.6 474.4 462.5 451.8 440.7 430.3 419.5 410 400.5 390.2 382.1 373.2 363.9 341.2 349.9 344 334.7 325.2 318.3 329 337.9 343.9 352.2 360 369.2 379.1 389.4 401.2 410.8 416.7 419.7 420.8 420.7 409.9 411.3 428.4 436.2 442.8 449.6 456.5 462.7 455.3 473.9 487.5 498.1 508 517.1 528.3 539.9 550.6 562 573.1 582.1 586 556.7 522.2 495.5 480.6 471.2 481.1 490.6 491.6 484.1 470.4 460.4
471 487.5 500.2 511.7 521.4 532.1 540.2 545.5 541 529 516.7 503.2 487.9 474.7 463.9 451.3 440.3 430.4 418.9 409 399 387.7 378.4 370.2 360.1 349.4 340.3 333.5 329.9 324.3 321.2 331.4 341.8 346.9 352.8 359.7 366.8 375.9 385.1 394.3 406 414.6 421.1 425.1 427.1 428 422.9 430.7 432.6 444 450.5 457.7 464.7 472.1 478 476.1 485.3 500.6 511 520.3 529.3 539.9 550.1 562.3 572.9 582.5 589.3 571.3 537.5 507.4 483.5 472.6 472.6 476.9 486.5 490.8 487.4 480.6
460 477.1 490.8 501.1 512.7 524.6 533 537.9 533.6 520.8 508.4 494.6 478.6 466.5 451.8 439.7 429.4 418 405.7 394.3 385 373 361.1 349 339.5 334.2 327.7 324.4 323.9 324.5 331.8 341.2 346.6 352.9 359.3 366.4 373.8 381.9 391.3 399.8 410.6 418.8 425.8 430.1 433.2 435.6 437 439.9 445.6 451.4 458.5 465.5 472.3 480.6 487.6 493.9 496 492.8 511.2 522.6 531.5 540.5 550.2 563.4 573.9 584.2 593.5 596.8 563.7 519.1 489 473.1 472.6 472.6 473.6 476.1 484.2 493.8
448.2 467.2 480.4 490.6 502.3 514.6 524.5 529.4 526.6 513.7 501 487 472.1 456.8 440.2 427 414.9 404.8 392.7 383.3 373.2 360.1 345.6 334.5 331.2 329.1 327.4 327.7 327.9 330.3 338.2 344.7 350.6 357.7 365.7 373.2 381.1 389.3 397.4 405.6 416 424.1 430.8 436 439.9 443.5 445.6 448.8 453.5 458.8 465.3 472.5 480.3 488.6 496.2 502.7 507.5 511.2 509.9 522.2 532.9 542.4 553.1 564.6 574.2 585 595.3 603.3 579.8 531.8 493.6 472.6 472.6 472.6 472.6 473.3 488.5 503.9
436.3 456.2 470.4 481.7 494.6 504.9 515 521.7 519.8 507.9 494.5 477.5 463.1 446.3 429.4 415.1 402.9 393.5 382.2 370.8 359.4 345.1 336 333 330.2 328.3 328.3 330.2 333.5 337 342 349.9 358.5 367.3 374.8 381.3 389.5 396.9 404.6 413.3 422 430.8 437.6 442.9 447.6 451.1 454.1 456.6 460.9 466.9 472.8 479.8 487.4 495.2 503 509.5 515 519.3 523 520.6 532.5 544 555.7 566.3 576.4 586.8 597 605.2 587.9 541.1 508.6 481.2 472.6 472.6 472.6 478 498.6 518.6
