ny/ny74_OST50GRID_20230518/NY74.asc
ncols 200
nrows 200
xllcorner 370000
yllcorner 540000
cellsize 50
[rows 140 to 174 of 200, columns 0 to 77 of 200]
344.4 334.2 318.9 310.1 310.2 309.8 325.5 331.4 332.9 335.8 338 340.4 342.6 342.4 341.2 340.4 340 339.1 336.8 334.1 323.3 330.4 333.2 329 321.7 324.6 322.7 315.8 320.3 319.2 317.5 314.4 312.3 311.5 311.6 310.9 311.2 314.1 316.7 318.5 320.1 320.1 319.8 316 308.9 306.3 303.3 307.1 310.2 331.3 344.8 354.3 358.3 360.2 361.5 363.2 367.5 373 379.5 384.1 390.9 395.4 399.4 403.3 405.4 409.4 414.1 419.5 426.6 430.6 431.8 427.8 433.9 437.7 440.5 444.8 448.7 451.9
335.2 321.9 309 311.2 311.1 327.1 334.8 334.9 336.9 339.7 342 342.8 343.5 343.9 344.9 344.7 344.4 343.7 339.8 335.8 323.4 336.5 336.1 331.6 325.3 328.7 325.8 320.7 322.4 321.6 320.5 317.7 313 314.8 314.5 313.8 314.1 316.7 318.8 320.7 322 322.8 322.3 320.4 311.3 309.1 306.4 305.6 307.4 312.6 330.1 340.3 348.7 352.8 355.7 358.6 360.7 363.7 367.7 371.1 377.6 382.1 386.4 401.8 396.7 400.7 404.2 408.9 416 420 422.9 421.2 428.4 432.1 435.5 440.4 444.1 446.3
323.3 310.1 312.6 312.6 330 337.6 339.7 339.5 340.3 342.1 344.2 344.1 344.7 346 348.6 348.7 348.3 346.4 342.3 335.7 331.9 340.4 338.6 333.7 328.1 332.3 328.2 322.4 326.7 325.3 323.3 319.8 318.5 314.7 317.3 316.4 317.5 319.8 321.5 322.4 323.8 325.6 325.7 323.2 319.9 310.3 315 307 307 307.3 317.1 328.6 334 340.2 345.8 351.4 355.8 358.1 359.5 362.2 366 371 372.5 380.2 387.2 392.2 395.1 400.3 403.7 408.3 412.2 414.2 419.8 423.6 427.7 434.3 437.8 439.6
313.7 313.1 313 328 337.7 343 343.3 343.6 344.7 345.7 346.2 342.1 345.2 348.9 350.6 351.6 351.1 348.7 343.8 338.1 336.8 344.1 340.5 336 332.5 334.4 330.3 327.4 329.1 328.4 326.1 323.7 323.2 317.3 320.6 319.3 320.7 322.7 323.8 324.5 325.9 327.8 328.8 324.7 322 312.3 321.3 316 309.8 308.3 306.9 312.6 325.6 329.9 333.7 341.6 347.7 351.1 353 356.3 359.1 363.1 364.2 369.5 377.1 381.9 387.7 392.9 396.8 400.6 403.6 404.3 409 412.4 418.6 423.7 428.2 431.5
314.7 314.7 326.2 337.3 343.4 346.6 347 347.5 348.3 349.5 347.7 347.1 348.5 350.8 351.8 352.3 352 349.6 346.7 338.7 333.4 346.1 341.6 335.3 335.2 335.8 332.4 328.4 331.2 331.2 329.7 327.7 326.1 322.4 323.4 322.4 324 325.5 326.1 327.1 328.6 330.6 331.1 322.2 323 317.2 323 321 314.4 311.4 308.7 306.4 308.9 317.6 328.2 332 337.4 340.8 345.3 349.5 353.9 358.7 359.9 362.2 366.7 372.6 378.4 383.9 388.8 393.3 396.4 396.9 399.9 402.1 405.6 410.8 416.9 421.2
319 322.7 336 341.6 347.6 350.1 350.1 351.3 352.6 353.2 351.6 350.5 349.9 351.7 352.7 353.3 352.6 351.1 349.4 335 344.1 346.8 341.4 336 337.2 336.3 334.8 332.9 334.6 334.9 332.7 330.1 327.8 325.9 327.6 326.5 327.3 328.2 328.6 329.4 330.4 333.2 332.2 330.8 325.1 320.5 326 322.4 319.1 316.8 311.3 308.7 308.9 309.8 311.5 318.1 326.4 332.2 336.8 341.5 347 350.2 352.9 356.1 360.9 366.6 371.2 375.9 379.6 383 386.7 390.1 392.1 393.5 395.6 399.4 405.8 410.5
330.6 330.5 337.9 345.2 350.3 352.7 353.4 355 356.5 356.6 354.8 352.9 351.7 352.5 353.7 354.6 355 354.5 351.2 339.5 344.5 344 340.3 338.9 337.9 338.3 337.8 336.2 337.8 338.4 335.3 332.3 330.5 329.8 331.1 329.6 330.3 330.9 331.3 331.2 334 335.9 334.1 333.3 328.3 323.8 328.1 324.1 322.9 321.2 319.7 313.6 310.9 309.9 308.4 311.4 312.8 313.4 322.4 333.1 337.6 341.6 345.8 349.5 356.3 361.8 365.4 368.9 372.8 376.5 380.4 383.6 385.5 385.8 387.3 390.2 395.1 400.3
335.4 338.7 338.1 347.3 353.1 355.9 356.7 358.6 359.8 359.4 357.4 355.5 354.2 355.4 356.3 356.9 357.7 356.8 351.7 338 343.3 343.5 344.1 341.3 339.8 341.2 340.4 339.3 341.3 341.8 338.2 334.2 334.7 334.6 335.4 333.8 333.7 332.5 333.5 334.8 337 338.4 336.3 336.7 332.6 326.2 329.3 328.1 326.4 324.6 323.5 319.8 317.5 314.4 311.4 311.1 309.3 312.6 313.5 314.8 327.9 335.2 339.5 342.8 348 354.7 359.4 361.4 366.2 370.8 374.3 377.5 379 379.3 380.6 383.7 386 389.7
343.4 345.3 338.8 350.5 355.6 358.3 360 362.1 362 361.4 360.2 358.3 357.9 359.1 359.9 359.8 360.7 359 353.7 340.6 348 349.8 347.9 343.7 343.9 345.3 343.4 343.4 345.6 344.8 341.5 335.2 339 338.6 339.2 338.8 338.7 335.5 336.2 337.3 340.3 340.6 339.6 339.7 333 331.9 333.1 332.8 329.9 329.8 327.8 325.5 324.6 319.5 314.5 312.5 312.4 313.3 314.4 311.3 313.1 321.9 332.8 337.5 340.5 346.8 350.9 354.8 358.2 363.6 368.8 370.7 372.2 373.8 375.1 377.5 380.8 383
351.2 350 346.2 353 358.4 361 363.1 364.3 363.5 362.9 362 360.5 360.9 362 362 363.1 363.9 360.3 349.6 346.9 353.9 353 350.5 347.4 348.4 349 346.6 346.9 349.2 347.3 344.2 343.3 343.2 342.6 343.3 342.4 341.7 338.7 338.6 342.3 343.4 342.5 341.5 341.6 335.8 335.2 337.9 334.4 332.2 333.7 333.4 331 329.1 325.7 321.1 316.6 315 315.9 314.5 315.1 315.2 315 319.1 329.8 335.1 339.7 343.3 346.9 351.4 357.4 362.3 364.7 366 368 370.6 373 376.6 381.9
357.4 354.9 350.3 355.2 360.8 363.7 366.1 366.5 365.1 364.5 363.5 363.2 363.7 363.9 364.4 366.3 365.7 361.2 346.8 354.9 357.8 356.1 353.1 351.9 352.5 352.1 348.4 351.4 352.7 350.2 343 347.1 346.8 347.2 348.4 347 345.8 344.7 345 346.1 346.6 345 344.2 344.3 339.1 338.3 340.8 338.7 335.1 338.7 339.5 335.6 334.5 332.5 329.3 325.6 323 322.4 322.1 320.5 318.3 318.4 315.3 316.3 318.2 328.1 336.3 340.7 346.6 351.8 355.5 358.3 360 362.1 365 368.7 372.9 377.4
362 360 356 355.8 362.4 366.3 368.8 369.1 366.8 365.6 365.1 365.5 365.5 365.6 367.9 369.7 367.1 361.1 351.9 361.1 361.2 359.4 356.7 356 356.2 354.2 349 354.2 355 352.4 344 350.6 350.9 351.5 353.1 353.4 350.7 350.4 349.9 349.2 349.3 346.9 346.8 347.2 341.6 341.2 344 341.6 337.6 343.6 345.3 340.8 341.2 339.7 337.3 333 330.7 328.3 325.6 322.9 320.5 319.3 316.2 315.4 316 318.4 320.6 329.7 339 345.1 348.2 351.4 353.1 356.1 358.4 362.2 367.6 371.7
366.6 365.1 360.1 355.4 364.2 368.5 371.3 371.1 368.2 367.1 366.7 367.1 367 368.7 370.7 371.8 368.1 359.3 356.3 364.4 364.4 362.9 360.8 360.1 359.3 356.1 352 356.5 357 354.1 352.2 354.1 354.9 356.5 358 358.1 356.1 354.6 354 353.4 352 348.1 350.1 349.8 339.4 345.5 347.3 345.1 341.6 347.6 350.7 347.9 349 347.4 345.3 341.9 337.8 332.5 330 326 323 320.8 319.7 318.3 317.8 317.6 315.8 317.4 321.7 328.9 336.9 339.8 344.5 347.9 351.9 356.4 360.5 364.7
372.2 370.3 366.2 360.3 364.1 370.8 373.2 371.9 369.8 369.1 368.5 369.3 370.9 373.3 374.7 373 368.8 354.9 364.6 367.7 368.4 366.5 364.9 364 362.5 359 355 357.4 357.1 353.8 355.2 356.7 358.3 360.8 362.6 362.2 359.9 358.4 358.9 356.6 354.2 352.3 353.3 351.8 339.5 349.1 350.9 348.2 344.7 350.5 355.5 356 355.2 354.1 352.8 350.3 345.4 336.6 333.6 330.3 326.8 325.6 323.5 322.7 320.8 319.3 319.3 319.4 319.2 318 321.3 324.3 329.2 337.3 345.1 349.1 353.4 358.1
376.8 374.2 369.9 364 367.7 372.8 374.6 373.7 373.1 372.5 372.2 373.6 375.3 377 376.5 373.7 367.9 358.3 369.6 371.5 371.8 370.7 368.9 367.9 364.6 361.5 356.7 359 357.4 357.1 358.1 359.5 361.4 363.8 366.1 365.7 364.5 363.1 362.4 359.3 356.9 352.8 356.2 354 342.1 352.6 354.3 351.7 347.7 352.5 358.2 360 359.5 358.7 358.3 356.6 351.8 348.5 341.7 337.7 333.3 330.1 326.1 326.2 325.9 322.3 322.4 320.7 321 321.2 319 321.9 328.2 326 334.3 341.5 345.9 350.7
380.8 377.2 372.2 368.8 372.9 376.6 377.3 378.1 379 377.9 376.6 377.3 378.7 379.2 378 374.5 361.5 369.1 373.5 375.7 376.1 374.4 372.4 370 367.2 364.1 361 362.5 361.5 361.1 361.5 362.9 364.9 366.7 368.9 369 368.3 367.8 366.2 363.1 359.9 358 358.9 356.4 342.6 355.7 357.2 354.8 352.3 354.7 359.4 362.6 362.4 362.4 362.8 360.4 357.4 356.8 353.4 346.4 339.2 333.8 331.3 331 328.7 326.6 324.8 323.7 323.6 324.8 322.4 321.3 323 324 324.9 327.6 336.3 342.7
382.7 378.3 372.3 374.7 378.6 380.8 382.7 384 383.7 382.3 379.8 380.6 381.6 381 379.1 372.4 368 374.1 377.2 379.2 379 377 374.1 371.8 370 367.4 366.3 366.4 366.6 366.4 364.9 367 369 370.6 372 372.3 372.2 371.7 369.8 366.3 363.3 361.3 361.6 357.7 350.4 359.2 360.5 358.9 356.7 354.1 359.3 363.7 365.1 365.1 366.1 364.1 362.5 362.2 358.8 353 347.1 342.8 337.4 335.6 332.7 331 329.7 328.4 327.9 328.4 328.7 322.8 322.9 323.5 324.6 325.6 326.8 330.2
383.4 377 381.7 382.6 383.3 385.5 387 388.2 388.3 386.1 383.2 383.6 383.2 382 378.5 369.8 374.1 377.2 380.2 382.3 381.1 378 376.1 374.5 372.8 371.3 370.9 371.2 371.7 371.8 369.3 373.5 374 373.5 373.8 374.2 375.2 374.5 372.6 368.9 365.5 364.9 363.9 360.5 347.4 361.5 363.2 362.8 362.9 362.7 361.2 363.1 366.2 367.5 368.1 366.5 367 367.3 364.9 359.2 354 350.1 344.4 342.5 340.5 335.6 333.9 333.1 331.5 331.7 333.6 329.7 321.4 323.9 324.9 325.9 326.5 328.2
382.3 382.8 385.4 387.8 389.8 391.2 392.1 392.8 391.7 389 385.6 385.6 384.2 382.1 376.9 371.3 378.2 380.5 383.4 384.4 382.1 379.1 379.4 378.6 377.2 376.2 375.8 376.1 376.6 377 375 378 378 376.5 376.3 377.2 378.2 377.8 375.3 372.4 367.3 368.5 366.5 363.1 354.5 362.4 366 366.8 367.6 368 368.5 369.8 367.6 368.6 369.5 370.3 371.6 372.5 370.6 365.8 361.2 358.8 355.3 352 348.5 341.7 337.9 336.5 335 334.7 335.1 336.2 331.3 324.4 322.4 326.3 326.6 327.3
384.4 386.8 388.7 391 393.4 395.4 396.1 396.1 394.5 391.1 387.5 386.9 385 381.1 377.8 372.8 381.3 383.6 385.9 385.2 382.5 381.4 382.8 382.4 382.4 382.2 380.9 381.4 381.8 381.8 380.4 382.2 382 379.8 379.8 380.7 381.4 381.3 378.8 375.3 373 372.5 369.8 365.8 356.1 364.4 368.6 370.1 370.7 371.3 372.8 373.5 373 370.5 372.2 375 376.3 377.7 376.2 371.9 368.1 366.2 365.2 359.8 355.2 348.2 343.2 340.8 339.4 339.6 338.8 338.1 338.3 332.1 327.5 326.1 325.1 326.9
387.1 390 392.6 394 396.3 398.5 398.5 398.4 396.2 391.8 387.5 386.5 384.1 382 380.9 376.6 384.2 385.6 387 385.9 384.4 385.3 386.5 387.3 388 387.1 385.8 385.7 386.3 386 385.4 385.8 385.5 383.9 384.2 385 385 383.9 381.4 376.5 377.3 376.3 372.8 362.6 365.3 368.1 372.8 374.1 374.3 374.8 376.8 377.3 377.6 375.4 376.6 379.2 380.8 382.3 381.4 377.7 374.6 373.1 371.3 366.7 361.3 356.6 351.4 347.4 346.3 344.6 342.7 341.6 340.9 338.4 330.9 330.4 325.9 326.7
389 393.8 396.7 398.1 399.3 400.9 400.9 400 397.1 391.9 387 385.7 384.4 383.2 384.1 377.5 386.8 387.5 387.4 388.1 389.9 390.6 391.4 392.3 392.9 392 391.4 391.3 390.7 389.8 389.1 389.2 388.8 388.7 389.1 388.8 388.4 386.5 384.1 381.1 381.9 379.8 375.2 361.3 369.7 375.7 378.9 379.7 381.3 383.7 384.3 382 382.1 381.1 381.6 383.7 385.4 386.4 385.4 382.8 380.6 378.6 375.7 370.7 367.2 363.1 359.1 354.9 353 350.4 347.7 346 344.9 341.9 332.6 329.4 328.2 327.2
390.4 396 399.7 401 402.2 402.8 402.5 401.1 397.5 392.6 388.8 387.3 385.8 388.1 388.2 379.8 389.2 390.4 389.9 390.2 393.2 394.8 395.1 396.6 397.1 396.5 395.5 395.2 394.4 393.4 392.4 393.7 393.7 393.3 392.6 392.5 391.3 389.3 385.7 385.8 385.5 382.9 378.3 361.2 375.9 380.2 383 385.7 387.7 390 390.4 389.8 390.4 387.2 387.2 388.6 389.8 390.1 389.1 387 385.8 383.1 379.6 373.5 373.2 370.4 366.7 363.3 360.2 354.4 352.4 350.8 348.1 345.8 341.1 335.4 330 327.5
391.8 398.2 402.1 403.3 403.9 404.4 403.8 401.8 398.9 394.5 393.9 391.4 391.7 394.1 391.8 385.8 393.1 394.6 394.7 395.9 397.3 398.1 399.9 400.3 400.2 399.7 398.6 397.9 397.5 396.6 396.1 397.4 398.1 397.1 396.5 396.1 395.1 392.2 390.8 390.1 388.8 385.9 382 369.8 379.6 383.2 385.8 388.2 391.7 395.3 395.4 394.9 394.9 392.8 392.1 393.5 393.6 393.3 392.8 391.4 390.1 387.6 383.8 378.9 379.6 376.5 373.4 370.8 366.7 360.9 356.7 354.8 353.1 350.3 346.6 341.7 337.8 335.2
398.4 399.6 402.5 405.1 405.6 405.9 405.3 403.6 400.7 400.2 399.5 397.4 398.3 398.5 393.4 389.5 396.4 398.1 398.8 399.6 400.6 401.1 403.1 403.5 403 402.5 401.2 400.6 400.4 400.2 400 400.7 401.7 401.9 401.3 400.5 398.1 393.7 395.2 394.2 392 389.2 383.5 371.2 382.7 386.6 389.5 391.7 396.6 399.3 399.8 399.2 400 397.2 396.6 397 397.1 396.6 395.9 395.1 394.5 392.4 387 387.7 386.5 384.1 380.8 377.9 375.4 366.9 364 361.9 359.3 356.4 352.4 347.1 342.8 339.6
400.8 402.4 404.4 405.8 407.3 407.5 407.6 407.7 407 406.4 404.3 403.5 404.1 400.8 392.4 391.8 399.1 401.1 402 402.5 403 404.4 406.1 406.4 405.4 404.5 403.9 403.6 403.7 404.1 404.1 404.4 405.4 406.4 406.2 405 399.4 399.9 399.5 398.1 396.3 392.8 385.7 374.5 386.9 391 394 396.3 401.6 403.3 404.2 403.6 404.5 402.5 400.7 401.5 401.3 400 399.3 400.4 399.8 398.2 396.1 394.5 392.9 390.8 387.8 385.6 382.8 377.8 373.5 369.2 365.9 363.2 358.3 352.1 348.1 345.8
400 403.2 407.3 407.6 409.3 411.1 412.5 413.2 412.4 410.5 408.9 408.2 408 403 395.1 389.4 400.6 403.1 404.5 405.4 406.1 407.2 408.7 408.5 408.3 407.9 407.3 407.7 408.1 408.3 408.2 408.3 409.7 410.2 410.6 409.5 402.9 404.5 403.6 402.3 400.4 396.6 391.4 379.8 389.4 394 397 400.7 406.7 409.3 409.8 408.6 409.6 407.2 404.8 405.1 404.5 403.7 403.3 405 405.4 404.2 402.7 401 399.4 397.4 394.7 392.1 387.9 385.2 381.2 376.2 371.9 369.8 366.4 363.1 359.2 353.5
403.3 406.1 409.7 411 413.1 416.3 418 417.8 417.2 415.1 413 412.9 410.1 403.8 396.3 393 394.7 403.6 405.3 407 408.6 409.2 409.9 410.7 410.9 410.9 411.4 411.8 412.5 412.9 412.8 412.9 414.1 414 414.3 412.3 410.9 408.6 407.3 405.9 403.8 399.9 395.9 390 391.7 396.7 401 406.2 411.6 414.6 414.8 414.4 414.6 413 410.6 410.7 409.7 409.3 410.7 411.4 410.5 409.2 407.9 407 405.5 403.1 400.5 397.7 394.3 391.5 387.4 384.1 381.4 379.4 376.1 372.1 368.2 362.3
409.5 411.8 414.2 417.6 417.2 420.9 422.1 421.9 420.8 418.9 417.6 416.2 410.9 405.7 399.7 396.1 402.1 399.8 404.7 407.7 411.4 411.4 412.4 413.6 414 414.3 415.7 416.8 417.5 418.2 418 418.2 418.4 418.1 418.5 415.4 415.4 412.8 411.6 410 407.5 403.5 399.5 392.9 396 401 404.5 410.7 416.6 418.9 419.2 419.1 418.9 417.4 415.3 415.5 415.9 416.3 417.3 417.5 416.7 415.2 414.2 412.9 411.2 408.8 406.1 401.7 399.1 396.4 392.8 391.8 390.4 388.1 384.6 380.6 376.3 370.8
415.7 417.7 420.7 422.3 421.8 424.5 425.6 425.5 424 422.3 420.5 418 412 406.8 404.5 400.4 398.9 407.8 403.4 409.4 412.7 413.4 415.7 416.5 417.3 418.6 420.7 422.1 422.8 423.2 423 422.4 422.5 422.8 422 418.4 418.9 417.1 416 413.8 411.4 406.7 402.6 391.8 398.4 404.1 409.5 416.9 421.6 423 422.9 422.5 423 421.7 421.2 421.5 421.7 422.2 423.1 423.4 422.6 421.5 420.2 418.5 415.8 414.2 410 406.3 405.5 401.2 397.2 398 397.9 395.8 392.1 387.9 383.4 378.3
421.2 423.8 425.9 426.8 425.7 427.3 428.4 427.9 426.3 424.5 422.7 419.1 413.9 412.9 409.3 402.8 409.5 411.2 406.8 410.3 412.7 416.1 419 420.3 421.5 423.4 425.8 427.2 428.2 427.9 427.4 426.9 427.7 427.2 424.4 424.6 422.8 421.7 420.4 418.2 415.5 411.1 406.1 397.6 402.9 407.9 415.1 421.8 425.7 426.3 426.4 425.7 426.4 426.3 426.6 427.3 427.4 428 428.8 428.9 428.1 427.2 425.9 423.1 420.7 418.4 413.3 412.4 410.1 405.3 399.6 403.7 404 402.6 399.3 394.7 390.2 384.7
426.4 428.7 429.4 430 429.7 430.1 430.8 429.6 427.8 426.6 424.8 420.4 419.3 416.8 409.7 404.3 414.2 415.1 412.2 412.3 418.2 421.1 422.4 425.4 426.1 428.6 431.1 431.9 432.6 432 430.8 430.8 431.3 428.5 429.1 428.1 426.8 426.1 424.4 421.8 418.9 415.5 411.4 399.7 405.7 412.3 419.8 425.5 428.4 429.8 429.9 429.8 430.3 430.6 431 432.2 433 433.7 434.3 434.3 433.4 432.3 430.4 427.7 424.7 422 419.4 417.4 415.4 411.1 406.5 408.6 408.4 408 405.1 400.9 396 390.4
430.7 432.6 433.9 433.2 432 432.9 432.8 430.9 429.2 427.1 426.3 423.6 423.4 419.5 407.8 415.3 419.1 419.2 418.2 417.6 422.2 424.5 426.6 430.2 432.1 434.5 435.8 436.5 436.9 436.1 434.3 434.5 434.1 431.1 432.9 431.8 431.1 429.5 427.9 424.9 421.8 417.8 413.1 400.4 409.5 417 423.8 428.6 431.5 432 432.9 433 433.5 434.4 435.5 436.7 437.6 438.9 439.7 439.4 438.3 436.6 434.9 432.1 429 424.6 425.2 423.4 420.8 416.9 413.4 412.5 413.5 412.5 410.5 406.3 401.5 396
434.8 437 437.1 435.6 434.5 434.4 434.1 432.2 430.2 429.4 428.1 428 427.7 422.8 417 422.5 423.8 423.8 422.8 421.6 425.3 427.6 431 433.8 436.3 438.2 439.8 440.9 440.7 439.6 437.8 437.8 436.6 433.9 436 436.1 434.3 433 431.3 428.4 424.7 420.6 414.5 404.1 413.7 420.6 427.8 431.6 433.9 434.9 434.9 435.9 437.7 439 440 441 442.2 443.6 445 444.9 443.7 442.2 439.9 436.3 432.5 429.6 429.7 428.3 426.4 423.4 419.3 417.6 417.3 416.2 414.6 411.5 405.3 401.2
439.1 440.4 438.8 436.6 435.8 436.5 435.2 433.3 431.8 431.4 431.4 431.7 430.6 423.2 420.8 427.8 427.9 427.8 427.4 428.1 430.3 432.8 435.5 437.9 439.3 442.3 443.2 444.4 444.7 442.8 441.2 439.9 438.7 436.8 438.7 438.7 438.1 436.7 435.2 432.5 430.7 426.4 415.8 405.7 416.1 424.2 431.3 434.2 435.8 437 437.8 439.3 440.8 443 444.4 445.3 447 448.8 450 450 448.9 447.5 444.9 441.8 437.8 435.5 434.4 433.6 432.4 429.6 425.9 422.4 420.8 420.1 418.6 416 411.2 406.5
