ny/ny74_OST50GRID_20230518/NY74.asc
ncols 200
nrows 200
xllcorner 370000
yllcorner 540000
cellsize 50
[rows 35 to 69 of 200, columns 78 to 155 of 200]
483.4 478 473.4 468.7 465.5 463.9 463.3 462.6 458.6 453.6 452.4 459.1 467.3 476 481.1 487.1 491.1 493.4 495.2 497.7 502.2 509 519.6 523.8 522.8 519.3 513.9 510 507.3 505.2 501.9 501.4 502.9 504.9 506.1 509.2 509.6 508 506.4 506.3 506.1 506.1 505.5 504.7 503.4 504.8 504.6 498.4 489.5 499.7 499.8 501.2 501.5 496.4 492.4 491 488.9 485.1 479.7 474.6 469.3 461.7 453.4 445.8 440 433 420.9 403.9 404.5 412.7 418.1 415.5 409.3 416.1 414.4 415.9 408.9 392.7
479.2 474 468.7 463.8 461.8 460.6 458.5 449.1 448.8 443.8 439.8 453.4 463.9 470.6 476.9 485 490 491.6 493.7 496.2 500.5 506 516 523.2 523.3 517.3 509.1 505.9 504.7 503.2 500.6 498.9 499.7 501.8 505.5 506.9 506.2 505.7 505.1 505.5 505.5 505.5 505 504 504 504 504.5 500.4 491.4 500.1 503.9 504.7 501.9 495.9 493.9 492.4 490.6 486.4 481.6 477.3 471.1 462.7 453.9 448.3 441.1 429.7 415.4 403.2 417.1 424.2 420.6 413.8 418.8 420.9 418 419.5 414.6 399.9
475.6 469.8 462.7 460 459.4 456.8 441.9 434.7 439 434.3 440 452 459.7 466.7 473.1 481.6 486.8 488.8 491.9 495.3 498.5 504.2 512.5 520.3 519.5 509.5 505.8 503.1 499.6 499 496.7 494.9 496.1 500.1 503.8 504.4 504.4 503.7 503.7 504.2 504.4 504.3 504.4 504.3 504.6 504.7 503.9 499.2 493 501 505.3 504.9 500.9 496.6 495.1 493.5 490.9 487.4 484.3 478.7 472 462.9 455.1 449.5 440.3 425.5 410.6 419.7 428 428.5 421.8 422.3 425.3 425.4 421.3 422.4 419.6 407.8
470.8 462.4 459.7 458.3 456.7 447.7 439.2 426.6 428.3 427.6 441.2 449.2 454.8 462 469.1 476.2 484.2 487.6 491 494.1 496.4 502.7 509.8 513.2 510 504.7 501.8 497.7 494.5 493.9 492.4 488 492.6 498.4 501.5 502.8 502.8 501.8 502.1 502.7 502.9 504 504.1 504 503.9 503.9 503.2 495.9 499.3 501.6 506.5 504.2 499.6 497.3 495.9 494.4 492.4 489.8 486.7 480.1 471 462.3 456 448.2 435.6 416.9 426.9 433.4 436.2 430.9 428.7 429.2 430.4 429.7 425.7 425.4 421.1 406.9
463.9 459.1 457.7 456.6 450 436 430 419.4 418.7 425 435.3 444.9 454.3 462 468.7 474 479.3 485.7 489.9 492.9 497 502.9 506.6 507.7 503.5 500.7 495.9 491.1 488.5 487.7 486.1 485.4 489.7 494.9 499.6 501.7 500.3 498.7 499.9 501.3 502.2 503.5 503.8 503.4 503.1 502.1 499.1 499.2 502.3 502.6 503.6 502.1 499.2 498 497.2 495.3 493.8 492 488.4 479 470 462.3 453 442 427.8 423.9 437 443.7 439.6 435 436.4 435.1 434.5 432.9 429.1 427.9 420.1 406.7
459.6 457.8 456.1 448.7 436.5 428.7 422.3 415.8 418.6 431.7 438.1 447.7 455.6 463.7 469.3 472.8 478.3 485.4 489.6 491.7 497 500.3 502.2 502.6 498.7 493.6 490.4 487.6 483.5 481.4 479.7 483.9 487.1 489.8 495.5 497.6 496 495.6 497.2 499.7 501.3 502 502.1 502.6 502.9 501.3 500.1 502.7 503.5 503.4 502.2 500.9 499.6 498.5 496.1 494.1 491.3 488.7 486.6 477.6 467.8 457.5 447.4 433.3 432 439.8 446.9 447.4 441.2 442.9 440.6 439.7 438.8 435.9 432 429.3 416.9 405.9
457.6 454.1 448.5 435.6 427.5 419.9 414.3 405.1 420.1 432.5 440.6 447.9 456.9 465 470.2 473.5 477.5 485.9 489.1 491.4 495.8 496.4 498.2 498.4 493.5 488.6 484.5 481.9 477.7 475.9 476.3 481 482.9 483.4 488.7 490.3 492.3 493.3 494.9 497.4 499.5 499.1 499.5 502.2 501.9 500.9 503.1 504.5 504.2 503.5 502.7 501.3 499.7 497.5 495.4 495.3 494.8 489.5 479.7 471.3 456.3 443.2 434.5 436.3 445.6 453 454.9 448.1 447.2 447.9 443.9 444.2 443.5 437.4 434.3 429.6 415.9 415.1
455 446.7 433.2 425.2 419.5 411.2 406.1 408.2 421.8 431.6 440.1 446.8 454.8 464.6 470.7 473.6 477.3 483.3 489.1 491.5 493.2 494.7 496.5 495.6 491.1 484.5 477.1 474.2 473.1 471.9 471 475.4 476.3 477.5 481.1 484.8 488.6 489.5 490.1 492.7 495.2 495.6 498.4 500.9 500.7 501.8 503.7 505.1 504.8 503.4 502.7 501.1 499.7 498.5 499.8 499.3 498.2 495.3 486.7 476 456 448.6 452.8 454.1 457.4 460.2 456 451.9 455.2 451.4 448.6 449.7 448 438.7 437.2 430.7 418.4 420.3
443.4 430.1 422.8 416.7 411 402.9 395.2 409.9 422.3 428.9 437.7 443.7 453 464.8 470.5 474.1 477.8 482.7 486.6 489.3 492.4 494.5 495.2 491.4 487.3 480.7 471.7 469.1 469.2 467.9 460.4 466.3 469.2 471 473.8 478.9 483.4 484.9 484.3 487 492.5 494.9 497.2 499.2 500.5 503.9 505 505.6 505.4 504.2 502.7 501.6 501.2 501.2 500.8 500.4 498.1 492.7 484.1 464.9 458.2 466.4 466.8 466.8 466.3 463.2 460.2 461.5 461 456.8 457.1 457.2 452.8 443.2 439.4 432.5 418.9 421.6
428.6 419.9 415.7 409.3 400.9 395.9 395.8 410.9 421 426.8 435.8 441.7 452.3 463.3 470.8 474.7 478.9 482.9 486.2 489.9 493.8 491.7 487.6 485.7 481.7 473.4 466.8 462.4 463.4 459.9 456.7 457.9 462.6 464.5 467.1 473.1 473.6 473.5 481.3 488 492.4 495.7 497.8 499.7 502 504.5 505.2 505.7 505.3 504.3 503.8 503.3 503 502.4 501.5 500.8 493.4 483.6 473 477.8 478.8 478.2 474.9 473.7 471.9 466.8 467.2 468.4 466.5 464.4 465.4 463.5 455.9 447.1 443.3 432.9 419.4 422.2
419.2 414.8 407.5 398.8 393.2 383.4 399.6 409.6 417.8 424.5 433.1 440.3 450.2 463.1 470.4 475 479.8 484.6 487.7 491.4 490.2 486.5 484.3 480.6 475.2 468.7 461.1 454.5 453.1 452.2 449.7 452.9 457.4 458.7 459.5 462.5 463.2 470.9 480.9 487.3 490.8 494.3 497.5 499.9 502.1 503.7 505.1 506 506.2 505.7 504.9 504.3 503.8 503.4 502.5 499.8 492.5 488.1 488.3 487.9 486.8 483.8 481.9 480.8 475.2 470.8 472.4 473.6 471.3 470.4 473.8 470.9 460.2 454.4 445.8 434.1 422.2 421
413.4 407 396.4 389.9 384.3 386.5 395.9 404.5 415.7 423.3 430.1 438.4 445.8 459.5 469.1 473.9 479.6 485.9 489.9 489.6 486.1 483.5 478.5 473.2 469.2 461.5 450.7 444.8 444.8 445.5 444.4 448.7 452.6 452.6 453.3 454.9 460.3 467.7 476.8 484.2 488.4 493 496.4 499.3 501.6 502.6 504 505.7 506.8 506.2 505.4 504.6 504.4 504.1 502.7 499.2 492.9 491.8 492.5 492.2 490.8 489.7 488.8 486.3 477.9 477.6 479.3 478.3 473.9 477.7 481.5 475.4 467.8 459.6 448 431.6 425.7 433.7
404 394.7 387.3 382.2 372.1 376.9 389.5 397.6 411.5 421.4 427.5 433.6 442.5 454 463.6 471.5 479.9 485.3 487.9 485.9 482.9 476.8 471.9 468.6 461.7 448.5 440.6 438 439.1 439.7 441.7 446.5 448.2 447.6 446.7 452.4 458.3 464.4 470.8 480.2 487 492.2 495.7 498 500.3 502.2 503.7 505.6 506.7 506.6 506.3 505.6 504.8 504.2 501.9 496.7 491.1 495.1 496.1 495.5 495 494.5 492.9 487.2 483.4 485.1 485.3 483.3 480.7 484.4 484.4 477.7 473.3 464.1 446.7 436.5 440.8 442.7
393.1 386.1 380.5 371.8 372.9 382.2 391.5 402.4 406.1 419 425.1 430.1 435.7 441.7 456.7 470.3 478.1 480.8 481.2 479.5 474.8 469.9 466.7 459.6 448.7 439.5 434.6 431.2 433.8 425.6 437.6 442.8 443.9 443.8 444 449.6 454.4 462.7 469.5 478.7 488.5 492.3 494.8 497.1 499.9 502.1 504.2 506.1 506.5 506.5 506.3 506 505.5 503.3 501 494.7 496.2 498 499.6 498.4 497.7 497.2 494.2 492.3 490.6 492 491.1 486.6 488.1 488.4 485.1 484.3 477.5 466.5 445.8 452.8 451.5 446.4
386 380.3 372.1 364.6 376.2 388.2 398 403.3 407.7 417.4 424.9 429.5 434.1 447.6 455.1 462.5 469.1 473 473.1 469.2 464 462.5 455.4 445.8 437.7 432.5 429.8 423.3 425.9 418 431.9 435.8 437.3 435.2 442.7 447.4 453.7 461 467.5 476.1 490.2 492.6 494.1 496.9 499.7 502.5 504.5 505.9 506.3 506.6 506.4 506 505.2 502.6 500.3 495.8 497 500.5 502.2 502.1 501.2 499.4 497.5 497.9 498.2 498.5 495.5 491.3 493.5 490.9 488.4 484.6 476.8 460.8 464.9 464 455.7 450
377.1 370.4 362.6 369.5 379.4 392.7 399.3 402.1 407.1 418.7 424.5 426.9 430.4 442.6 451.2 456.6 461 461.9 460.1 457.2 453 447.7 441 436.7 432.1 425.8 420.9 414.6 415.1 417.5 422 425.7 427 437.1 442.5 445.5 451.8 459.1 465.9 474.2 486 491.9 493.8 497.3 500.7 503.2 504.2 505.8 506.2 506.5 506.3 505.4 503.8 502.1 500.1 497.7 497.4 502 504 504.3 503.8 499.8 501.2 502.4 502.2 502.7 498.1 499.5 496.3 493.6 491 476 471.6 476.9 476.8 469.7 460.9 454.4
371.9 362.4 360.4 370.5 381.3 394.7 399.7 401.6 405.6 413.2 423.7 425.4 428.6 434.9 446.1 451.3 451.8 451.7 451.4 446.7 440.6 436.1 433.8 431.2 423.2 415.5 410.3 408.9 409 413.5 416.7 418.6 426.7 436.5 440 443.5 449.1 457 465.6 474.5 485.5 491.9 495.2 498.6 502 503.7 504.8 505.7 506.1 506.3 505.3 504.5 503.7 502.2 499.8 498.4 499.1 502.3 505.5 505.8 504.3 503.8 505.1 506.4 506.8 503.8 504.2 504.1 500.3 496.1 487.4 486.9 484.6 486.4 482.8 475.6 467.4 460.5
367.4 363.1 358.8 370.5 380.8 395.1 399.3 401.4 404.9 410.6 419.8 424.9 427.4 430.6 435.3 441.6 441.9 440.2 437.7 434.3 432.6 431.8 429.6 419.7 412.4 408.5 406.2 402.3 408.9 412.6 411.4 417.7 424.1 434.3 437.8 442.9 448 455.1 465.2 473.2 483.3 490.9 495.2 498.4 501.5 503.1 504.4 505.1 505.3 505.6 505.3 504.5 503.5 502.2 501.7 502.1 502.2 503.2 505.6 506.5 505.5 506.7 508.4 509.6 510 507.1 508 507.3 503 496.2 494.2 492.4 491.9 490.2 486.5 482.1 475.3 466.9
362.4 359.3 358.7 369.6 377.6 386.1 395.4 401.6 404.5 408.2 416.4 423.8 427.6 428.8 430.6 431.3 429 429.1 428.9 429 429.1 425.1 419.1 411.4 407.7 404.9 401.3 396.7 401.9 406.5 412.5 417.6 424.6 434 439.6 445.6 448.2 453.6 462.3 471.3 481.8 488.5 493.3 496.5 500 502.3 503.2 504 504.5 504.7 504.4 504.1 503.7 503.1 503.6 504.2 504.6 503.8 505.8 506.7 507.3 508.4 509.8 511.1 511.5 512.3 511.5 509.6 502.1 499.5 498.4 497.1 497.4 493.8 489.1 487 482.4 474.8
359.4 351.1 358.2 367.6 372.4 378.4 391.4 401.3 403.5 406.2 412 421.2 427.2 428.1 428 426.7 423.5 422.9 421.6 421.6 419.7 416.1 413 410.8 408 398.5 390.7 400.7 408.2 410.2 415.2 423.1 428.8 434.6 440.7 445.5 447.7 452.5 460.1 468.8 479 487.1 490.9 494.2 497.6 499.8 502.1 502.8 503.1 503.4 503.5 503.3 503.6 504.5 504.7 505.2 505.7 506.2 507.4 508 508 509.4 510.5 511.5 512.5 513.8 514.3 511.7 504.4 505.4 502.6 501.3 500.4 496.5 492.2 491.9 489.7 480.9
355.4 339.2 352.8 364.1 369.2 372.8 385.1 399.5 403.3 405.1 407.3 416.2 426.1 426.8 426.2 420 413.2 411.9 411.7 412.1 411.4 411.1 411 408.9 398.1 386.3 387.1 400.7 407.9 412.2 418.3 423.8 432 439.6 444 445.3 449.2 452.7 457.9 466.3 475.8 483.3 488.2 491.6 494.5 496.8 500 501.7 501.8 501.9 502.2 503.1 504 504.8 505.6 506.1 506.7 507.6 508.8 509.2 509.2 510 511.4 512.4 513.2 515.6 515.9 509.1 510.5 509.8 506.6 504.7 502.3 497.4 497.3 499 498 491.6
341.4 336.7 347.1 360.1 366.6 368.4 378.3 394.1 401.7 404.4 406 408.7 412.5 415.5 414.9 408.6 406.4 406.8 407 407.4 408.4 409.8 409.9 399.2 385 378.7 387.1 402.4 407.2 412.3 418.1 424.2 434.8 445.2 446.4 446.4 452.7 456.6 458.7 464.8 472.7 480 485.4 489 491.4 493.7 497.3 497.9 498.5 499.5 500.8 502.2 503.4 504.5 506.1 507.2 507.8 509 509.9 510.5 510.5 510.7 512.3 513.2 514.4 516.6 513.7 512.4 513.7 512.7 509.3 506.7 503.7 502 503.7 504.8 503.4 496.6
332.7 332.8 339.1 355.9 364.7 366.6 373 382.3 398.5 402.4 404.1 404.9 405.3 405.2 404.8 404.5 404.9 405.2 405.9 405.7 406.2 408.4 403.6 385.8 379.3 376.2 391.7 403.8 406.2 410.4 416.7 423.6 434.9 445.1 447.1 449.6 455.5 457 458.6 463.4 470.3 476.1 480.2 484.5 488.5 491.5 493.7 494.1 495.4 497.2 499.3 500.9 502.4 503.9 505.8 507.3 508.8 510 510.6 511.1 511.4 512.2 513 514.3 516.3 517 516.2 515.6 516 516.4 516.1 514.8 510.9 508.4 510.2 509.2 506.5 502.1
327.4 328 331.8 346.9 363 365.1 367.8 373.3 384.3 396 400.9 402.9 403.8 403.6 402.7 402.8 403.6 404.6 405.2 403.9 400.5 398 385.5 379.1 373 379.6 397.3 404.7 406.8 410.5 413.6 420.8 432.3 441.8 448.7 452.8 455.4 456.7 456.8 462 468.4 471.9 476 480.7 483.4 485.7 488.6 490.5 493.2 496.4 497.6 498.6 501.1 503.4 505.1 507 509 510.4 511.1 511.6 512.2 513.5 514 515.4 516.6 518 518.2 517.7 517.9 519.3 519.8 518.8 516.3 515 513.8 512.1 509.4 504.7
323.9 324.6 326.5 339.3 352.8 362.1 365.6 368.5 373.3 379.9 387.4 395.4 399.2 401.1 401.6 401.3 400.8 401.2 400.3 396.4 388.1 383.4 378.4 374.9 368.9 379.6 391.4 403.4 407.3 409.8 412.9 417.8 426.1 437.4 447 452.7 454.5 454.1 455.5 459.7 463.9 468.1 473.5 477.3 476.1 478.2 482.4 487.6 492.5 493.9 495.5 496.8 499.5 502.1 504.6 506.9 509.2 511.3 511.6 512.1 513 514.3 515.2 516 518 518.6 518.8 519 519.8 521 521.5 520.8 520.6 519 517.1 515.1 511.3 507.3
320.6 322.1 322.7 326.6 335.8 346.9 353.1 361.1 367.8 369.9 374.4 378.2 382 383.8 384.5 384.2 383.6 384.3 383.6 381.7 379 377.2 373.9 367.3 366.7 377.8 388.9 400.1 406.5 409.7 413.1 417.1 422.9 433.3 441.1 450 452.4 451.6 453.6 457.2 461 465.3 469.7 471.6 473.9 475.6 477.5 480.9 484.4 488.3 492.3 494.8 497.9 500.3 503.2 506.6 509.6 511.3 512.1 512.6 513.9 515.2 516.5 516.9 518.8 519.1 519.8 520.5 521.9 522.4 522.5 522.9 523.2 522.7 520.9 519.1 516 510.2
327.8 328.1 324.2 323.5 323.3 325.2 333.7 342.5 350.8 356.8 365.5 368.7 370.4 370.3 371.4 373.4 375.4 375.3 375.5 374.9 373.8 369.7 360.9 353.7 364.2 376.1 386.1 394.9 403.9 409.6 412.9 416.6 421.5 426.9 434.4 443.1 449.2 449.2 451.4 454.9 459.9 463.2 463.8 467.5 473.2 475.2 476.7 478 479.1 481.4 487 492.1 495.7 498.8 501.2 504.1 507.4 509.4 511.3 512.2 514.3 516 517.5 517.9 519.8 520.4 520.8 522 523.3 524 524.3 524.8 525.1 525.1 524.4 523.8 519.6 513.8
333.2 332.9 329.1 324.9 324.7 324.5 325.1 325.8 332.6 336.8 342.5 347.7 350.8 357.5 362.9 367.7 369.1 369.8 370.8 369.6 362.5 353.6 347.1 347.6 367.1 374.4 382.2 391 404.5 409.9 413.4 416.2 420.3 424.4 428.5 434.2 440.9 443.8 446.5 451.3 456.3 455 456.6 462.1 468 474.2 476.2 477.6 478.2 478.6 480.9 483.3 488.9 494.8 499.9 502.3 504.9 507.7 510 512.4 514.6 516.1 517.7 519 520.1 520.8 522.3 523.7 525 526.8 527.1 526.3 526.6 526.9 527.5 526.9 522.7 519
336.1 336.8 333.7 329.6 326.6 325.7 325.8 326.2 327 328.1 328.7 329.5 331.6 338.5 341.7 345.2 346.1 348.4 345.7 346.6 344.3 340.4 338.3 346.2 366.4 372.5 379.9 386.9 397.5 408.4 412.8 415.9 419.4 422.8 425.6 429.2 432.5 434.5 439.3 442.8 444.4 445.7 448.3 453.9 457.4 463 470.1 474.3 475 477 479.2 481.1 483.2 489.2 497.2 500.6 502.6 505.1 508 511.3 514.7 516.5 518.1 519.2 520.2 521.9 524 525.5 527.2 529.8 529.4 528.3 528.2 529 530.3 529.1 526.4 522.5
340.2 339.5 338.6 334.3 331.9 331.4 327.1 326.7 327.4 328.3 329.3 328.1 329.1 329.8 331.1 331.6 331.7 331.1 333.4 337 335.7 336.6 337.7 346.9 363.1 372 376.1 381.2 389.1 401.7 410.9 415 418.2 420.6 423.4 426.7 429.3 431.4 433.5 436.7 437.7 438.5 442.6 446.9 451.2 455.5 461.5 464.5 469.1 475.9 478.3 480.1 481.6 484.2 489.9 495.9 500.6 503.2 506.7 510.9 514.4 516.9 518.5 519.6 521.6 523.5 525.5 527.1 529.8 532.5 531.6 530.9 530.6 531.7 533 532.6 529.9 525.3
344.9 344 340.9 339.1 337.8 337.2 331.3 327.4 327.8 327.9 328.2 328.7 330.3 331 331.4 332 332 332.9 334 334.1 334.7 334.3 337 339.2 355.4 369.8 374.4 376.9 381.4 390.2 403.8 412.4 416.4 418.9 421.2 424.2 427.1 429.7 430.8 433.6 432.6 433.2 437.5 441.9 446.4 449.4 454.7 453.8 460.2 468.8 475.6 478.6 480.4 482.8 485.8 489.5 495.6 500.3 505.1 510.8 514.4 517 519.5 521.1 523.7 526.1 528.1 529.2 532.6 535 534.8 534.2 534.2 535.4 536.1 535.8 533.3 527.8
349.9 347.7 344 343.9 342.2 341.6 336 336.3 335.6 333.7 333.1 331.4 334.8 335.3 332.6 332.4 333.2 333.1 333.5 334 335.1 335.8 335.9 338.2 340.2 358.1 371.8 373.6 377.1 381.6 390.5 401 412.8 417.9 419.6 421.8 424.3 427 430 429.4 423.5 422.3 427 433 438.3 442.3 447.7 440.4 456 461.8 467.9 473.9 477.1 480.3 483.1 486.8 490.6 498.6 504.1 510 514.5 517.6 520.6 523.9 527.7 529.7 531.4 532.6 535 536.9 538.5 538.1 539.4 540.1 539.4 538.6 536.1 530.7
353.8 349.8 350 348.9 347.2 346 345.2 343.4 343.4 342.9 342.2 337.8 342 342.1 338.9 338.9 339.4 339.4 339.6 341.2 339.6 336.5 336.4 336.5 337.6 339.9 350.3 369.7 374.3 377.5 381.6 388.3 397.5 407 416.2 420.2 422.2 423.7 423.4 417.5 413.6 412.1 415.7 420.2 426.3 433.2 436.9 435.9 450.3 454.3 458 460 473.5 479.2 481.5 483.2 488.4 496.8 503.8 509.3 513.7 517.7 521.8 530.6 532.4 536 535.2 535.6 537.1 539.7 542.3 542.4 545 543.6 541.9 540.4 538.2 533.4
355.7 354.7 353.7 352.3 351.4 349.4 349.3 348.9 347.5 347.5 344.7 344.9 345.7 346.5 347 345.3 345 346.8 347.9 347.2 345.2 337.7 337 337.1 338.1 338.8 339.2 343.8 367 376.3 379 381.5 387.8 394 400.6 405.8 408.3 411.9 409.7 408.6 407.5 406.6 408.2 409.8 414.4 420.9 422.3 437.4 443.6 437.8 445.7 459.8 469.5 473 475.5 482.2 488.1 494.1 502.9 508.3 513.4 518.2 526.1 536.5 536.3 537.9 538.4 539.2 540.5 542 544 546 547.9 546.7 545 542.8 540 535.4
358.5 358 356.8 356.5 355.4 352.7 353 352.7 352.2 352 343.3 349.1 349.5 350.9 351.7 351.2 350.6 351.1 350.2 348.7 346.8 344.1 337.5 337.7 338.7 339.4 339.7 338.8 347.7 364.2 377.2 379.7 383.3 386.8 390.7 394.8 397.7 400.1 400.2 402.2 401.9 402.8 403.2 403.3 405.7 409.1 419 429.2 425.9 433.1 447.6 457.9 461.8 460.8 473.6 482.8 486.5 490.3 500.6 506.8 512.2 517.7 527.2 533.4 535.5 537.1 540.4 542.5 544.4 546.1 547.6 549.2 549.4 549 547.7 544.8 541.3 537.9
