ny/ny74_OST50GRID_20230518/NY74.asc
ncols 200
nrows 200
xllcorner 370000
yllcorner 540000
cellsize 50
[rows 35 to 69 of 200, columns 0 to 77 of 200]
273.1 262 258.4 276.4 280.3 282.2 277 274 280.7 279.9 278 274.8 269.7 266.8 264.9 261.6 261.6 253.3 246.4 247.3 247.3 247.9 248.3 249.6 250.9 248.9 259.9 279.3 299.7 308.5 313.9 321.2 326.5 332 338.5 344.6 349.4 352.5 363.1 376.1 379.9 384.8 395.1 401.8 409.5 417.4 427.5 428.5 431.8 443.8 451.5 455.8 460.8 473.2 476.7 478.2 481.2 485.4 491.8 494.8 497.2 499.9 501.8 502.7 503.6 504.5 504.9 504.9 504.4 503.3 501.2 499.5 497.2 495.2 493.2 493.5 494.2 489.6
264.9 260.7 271 282.3 283.8 284.9 283.3 275.7 281.3 283.6 281.8 279.3 275.7 269.7 266.6 264.5 263.4 261.7 262.2 258.2 254.2 253.8 253.3 254.1 253.9 253.5 250.4 264.4 290.9 304.9 313.2 319.4 326.3 331.9 339.1 345 350.4 356.2 371 372.7 374.5 390.7 400.2 410.2 417.5 425.3 429.7 430.7 433.3 446.8 456.3 459.6 468.9 476.8 478.9 480.2 484.1 488.9 493.9 496.5 499.2 501 502.7 503.5 504 504.7 504.6 504.2 503 501 498.8 497.4 495.6 493.7 491.4 494.3 490.5 484.6
263.1 274.6 283.7 286.2 287.2 288.6 289.9 284.2 281.5 287.2 285.3 282.8 278.8 272.5 269.9 268.5 267.4 264.5 265 262.9 262.5 258.6 258.1 260 256 255 254.4 253.4 278.9 299.3 311.5 318.6 326.2 331.4 337.7 344.7 351.9 359.3 370.8 372 384.3 398.3 405.8 418.1 424.5 430.9 434.6 438.4 445.9 450.1 457.3 465.6 474.4 479 480.9 482.9 486 492.1 495.9 497.9 499.6 501.5 503.3 503.5 503.7 504.1 504 503 499.9 498.3 496.9 495.8 494.1 490.7 488 487.2 483.8 479.2
267.8 283.6 287.9 289.2 291.7 293.2 294.7 291.2 279.5 288.3 288.8 285.5 281.1 276.5 273.4 272.9 270.7 266.2 267.4 263.7 261.4 261.7 260.7 263.2 263.2 257.7 256.2 252.3 268.1 293 307.6 317.6 326.1 331.1 337.3 344.8 350.9 358.7 370.2 371.9 389.1 403 413.7 423.1 430.4 433.2 437.7 445.6 452.8 456.3 460.5 471.3 478.3 481.9 483.3 485.1 488.2 493.2 497.4 499 500.8 502.5 503.5 503.6 503.4 503.2 502.6 500.4 496.4 495.1 494.9 494.5 492.1 488.3 482.3 480.2 478.2 475.1
280.5 290.6 290.5 291.5 294.9 297.6 298.6 295.8 287.2 284.3 291 287.5 283.6 278.6 275.8 276.7 273.2 268.8 268.3 264.7 263.5 263 265.4 263 263.8 261.4 257.9 252.3 261.9 284 304.2 315.5 325.9 332.3 338.5 344.4 351.2 358.3 368.2 372 390 404.8 416.9 426.3 432.9 435.5 444.5 450.8 456.3 457.3 464.9 475.4 480.4 483.6 484.8 487 489.9 494.1 498.6 500.3 502.3 503.7 503.7 503.6 503.1 501.5 499.4 496.2 494 493.7 493.6 492.7 490.1 481.7 476.1 474.2 472.7 469.6
289.5 292.8 294 294.8 299 300.3 300.2 296.9 294.8 285.9 291.9 289 285.7 282.8 279.5 278 275.4 271.2 268.5 265.6 266 264.4 267 266.8 263.4 263 260.7 253.1 258.1 275.6 298.8 314.3 327.6 333.8 339.1 344.9 353.2 362.9 368.7 377.3 389.4 402.7 415.9 428 434.9 441 449.9 454.1 458.2 460.4 465.8 475.9 480.4 483.5 486.1 488.7 492.3 496.5 499.1 500.8 502.3 503.2 503.7 503.3 501.4 500 496.5 493.5 492.8 492.4 491.9 489.8 483.9 474.8 470.3 469.1 467.7 462.1
293.9 297.6 299.1 298.7 300.6 301.6 300.7 300.2 299 292.3 291.3 290.3 288.1 286.5 284.3 279.5 277.4 273.2 269.1 267.7 267.3 265.6 267.4 267.7 265.1 265.7 261.6 254.9 257.9 269.5 291.6 311.2 320.9 331.4 339.6 346.9 355.1 366.5 371.1 376.7 384.6 398.9 413 426.6 436.7 444.8 453.1 454.7 459 462.3 463.6 474.3 479.9 482.6 484.8 490.1 495.1 499.4 501.7 502.5 502.6 503.4 502.6 502.6 501.6 498.6 495.1 493.3 491.1 490.3 488.7 485.3 476.5 468.9 466 464.6 460.8 459.5
299.8 301.8 301.5 300.2 301.4 302.5 303.3 303.2 302.9 297.6 289.8 292.3 291.1 290 286.5 280.5 278.4 274.1 269.9 269.3 267.8 267.6 269.3 270.2 270.6 268.3 254.6 255.9 258.9 266.7 285.6 304.5 317.4 325.1 339.6 345.6 355.7 366.7 371.6 374.9 378.8 392.2 407.7 422.6 435.3 442.9 451.1 454.3 457.1 461.4 464.5 470 479.3 482.1 484.3 487 490.5 496.4 500.5 503.4 504.5 504.7 502.4 501.6 502.1 498.9 494.5 492.4 490.6 487.6 486.5 478.2 470.1 464.2 462.1 459.5 458.2 457.3
304.5 305.1 303.5 302.8 304.9 307.1 307.9 307.3 306.7 301.7 293 293.4 294.9 293 288.7 283.5 279.4 274.9 270.1 270.9 269.1 268.7 270.4 272 272.3 266.8 253.9 256.1 258.7 267.1 280.5 297.2 314.8 324.8 339.2 344.9 352.1 361.7 369.7 374.9 379.1 389.2 399.6 416.8 430.4 437.7 444.1 448.7 452.6 459.2 464.5 465.6 477.9 481.3 481.8 481.9 484.2 489.1 492.7 496.1 500.4 503.4 501.3 500.4 502.2 498.7 494 491.8 490.6 486.2 478.8 472.6 463 457.8 457.2 456.5 455.8 453.6
307.4 307.1 305.3 307.2 310.6 311.6 312.7 312.4 309.9 304.8 295.8 291.1 296.7 295.2 291 285.9 279.7 275.6 271.5 271.7 269.6 269.6 271.6 272.7 272.5 269 258.2 255.9 258.6 267.5 277.5 291.8 309.9 327.3 338.2 344.4 350.1 356.7 368 374.2 380.3 388.3 392.7 407.8 421.8 431.3 438.2 440.4 446.7 456.2 459.8 464.2 471.7 475.4 476.5 478.1 479.8 483.6 485.7 487.3 490.6 493.9 493.5 496.2 498.3 496 493 491.2 485.9 480.3 474 464.6 457.9 454.8 454 454.1 452.5 440.4
310.2 309.8 309.9 313.4 315 315.6 316.8 315.7 312.4 309.4 305.2 295.1 297.3 297.4 292.8 287.2 279.7 275.8 273.3 272.4 270.8 270.6 272.2 272.4 271.9 268.6 264.3 254.8 258.2 265.4 276.5 288 303.4 323.4 336.8 343.5 348.5 354.4 363.6 372.2 378.6 384.5 389.5 396.5 409.8 422 429.4 433.8 439.2 448.9 454.9 460.3 465.4 470.3 473.9 475.4 477.5 478.5 479.2 480.3 481.4 481.9 484.2 487.4 490.1 487.3 485.2 483.8 480.3 474.1 466 459.5 456.8 453.2 448.6 449.5 438.7 426.5
313 312.7 315 316.6 317.9 319.2 320.1 318.5 315.8 313.7 309.7 299.6 296.8 298.6 294.3 287.3 280.4 275.7 274.9 273.4 272.2 271.8 272.3 272.7 272.1 269 263.5 256.6 257.7 263.4 275 285.7 298.6 315.3 331.8 341.6 346.1 351.7 358.9 367.4 374.7 379.5 383 389.4 398.3 410.6 420 429.4 438.2 442.3 446.9 452.2 458.7 465.6 469.6 471.1 472.7 477 477.8 477.4 477.1 477.5 479 481 480.6 477.9 475.9 475.6 474.1 466.7 460.3 457.3 453.3 444.9 436.2 431.1 424.1 417.7
316.5 317.4 318.4 320.3 321.6 322.8 323.2 321.2 319.8 317.6 314.9 306.7 296.4 299.4 295.4 288.5 281.4 276.6 276.3 274.3 273.6 272.8 272.9 273.2 271.6 269 264.5 263.7 255.6 262.4 273.1 283.3 296 309.3 326.8 339.9 344.7 348.7 356.4 362.9 369.1 375 378.2 383.8 390 397.2 408.2 418.7 427.3 435.7 439.9 445.7 449.8 456.3 462.9 465.1 467.3 471.3 473.2 473.4 473.7 475.8 477.2 477.3 475.6 472.3 470.7 469.4 466.3 462.2 458.8 454.1 444 434.3 421.9 411.6 414 411.4
321.1 322.1 323.1 324.8 326.5 327.4 325.9 324.9 323.9 321.8 318.3 312.8 302.9 297.2 295.4 289.1 282.5 279.9 277.6 275.5 274.2 274.1 273.9 273.5 271.6 269.1 265.3 261.5 259.4 259.3 269 280.2 294 308.4 322.5 333.1 343.9 347.8 353.1 361.1 366.6 369.5 374 379.5 386.4 390.5 394.9 405.2 414.2 423.9 431.3 437.8 442.9 444.9 448.9 455.4 459 462.2 466.6 468.4 470 471.7 474.9 474.2 470.7 467.9 466.4 464.7 462.4 458.3 452.3 443.5 435.7 425.6 418.2 412.3 399.2 395.3
326.1 326.9 328.1 330.1 331.1 330.5 329.8 328.9 327.4 324.9 320.2 314.9 308.9 300.3 294.2 289.1 285.5 282.4 279.4 277.2 275.9 275.4 275 274.5 273.2 270.1 267.2 262.8 260.8 257.4 268.5 278.7 291.2 304.7 317.3 327 337.4 345.9 349.5 356.1 360.2 365.6 371.6 376.8 382.3 385.7 389.4 394 400.9 410.9 418 424.3 428.9 432.5 438.5 445 446.6 450.3 456.2 457.5 461 465.5 467.7 467.9 466 464.4 462.3 457.9 453.1 447 440.9 434.3 424.2 418.6 413.9 404.3 393.2 384
330.9 331.8 333.5 334.7 335.1 334.1 333.2 332.5 330.6 327.5 321.5 316.6 310.6 303.1 295.6 292.1 288.3 285.2 282.1 278.7 277.5 276.8 276.4 275.6 274.3 271.2 268.9 264.8 255.8 259.9 267.3 277.2 288.1 301.5 311.3 319.5 327.6 338.2 345.3 352.1 357.4 363 368.7 374.7 379.9 383.5 385.2 388.3 393.5 397.3 403.9 410.6 415.6 421.5 425.9 429.1 432.4 436.9 439.9 440 441.9 446.8 451.9 454.5 453.8 451.4 448.9 445.7 441.9 436.6 430 422.4 417.8 413.1 405.1 398.8 391.8 385.1
335.2 336.7 338 338.7 337.9 337.1 336.7 336 333.9 329.3 323.4 317.5 311.9 305.1 298.1 294.6 291.4 288 284.2 280.7 280.4 279.8 278.1 278.5 274.2 271.3 268.8 256.6 259.8 261 266.2 272.4 284.7 296.2 306.2 315.6 323.5 332 342.4 349.2 354.6 360.2 365.9 372.7 378.1 380.4 381.7 384.2 389.9 392.7 394.7 398.2 403.2 407 411.7 416.2 420.1 422.3 424.3 426.1 427.3 428.3 431.5 434.7 434.7 434.1 433.1 431.4 429 424.1 420.7 416.8 410.8 403.4 397.2 392.7 388.3 382.5
339.7 340.9 342.2 342 341 341 340.4 338.6 334.3 329.7 324.7 320.8 314.7 308.2 301.8 296.5 294.2 291.1 286.4 282.9 283.6 282.4 279.4 277.6 273.6 270.7 263.9 259.4 260.9 265.3 266.1 272.5 282.4 293.8 303.4 313 321.3 329.9 339.4 346.3 351.4 357.5 362.9 369.3 373.9 375.5 377.1 380.2 384.3 388.9 392.1 393.8 396.7 398.7 400.4 402.5 404.9 407.7 411.1 413 414.5 416.5 418.9 420.9 421.7 421.3 421.9 419.6 419.1 415 410.8 405 400.1 396.1 392.2 388.8 384.6 373.8
344.1 345.2 345.7 345.7 345.3 344.6 343.7 341.2 336.4 332.7 329.3 323.5 317.7 311.8 307.7 302.8 297.2 293.5 290.1 285.7 286.5 283.6 280.9 277.7 273.4 270.8 261.2 260.8 261.9 262.2 265.1 270 278.3 291.6 301.7 310.6 318.6 330.2 338.3 343.8 349.1 354.6 359.8 364.7 367.9 369.8 372.4 375.2 378.8 386.3 389.7 389.1 392.4 394.4 395.1 396.9 397.9 399.9 402.1 404.1 404.2 405.7 405.4 407.3 407.2 407.1 406.4 405.3 403.3 400.3 399.8 397.5 395 392.5 389.8 384.7 374.9 366.6
348 349.4 349.3 349.2 348.9 347.8 346.2 342.6 339 337.2 332.3 326.5 320.3 316.3 312.1 307.6 303.7 298 293.4 288.6 286.5 284.4 281.9 277.5 273.2 270.5 260.2 260.6 262.3 263 264.8 270 276.3 290.8 299.4 308 316.6 327.6 336 341 346.5 350.7 355.6 358.9 362 365 367.9 371.1 374.3 378.7 381.6 380.6 380.3 382.6 387.8 392.4 393.6 394.6 396.8 398.2 398.4 398.7 399 399.2 399.5 398.5 397.4 396.5 394 394.6 393.3 391.6 390.5 390 387.1 375.2 365.5 363.1
352.6 353 352.6 352.8 352.4 351.3 348.1 345.6 344 341.7 335.9 329.6 324.4 321.2 317.5 312.8 306 302.3 296.6 293.6 288.6 286 282.3 277.5 273.3 267.7 263.5 259.9 262.4 263.3 265.6 270.2 278.2 289.5 296.9 305.3 313.8 322.3 329.4 337.5 342.8 346.3 350.9 354.6 358.6 360.9 363.7 365.2 367.2 369.8 371.5 371.5 371.1 372.9 375.9 380 383.7 385.8 387.4 388.3 391.3 393.5 394.7 394.9 394.3 392.6 391.6 390.3 388.8 390.7 388.3 387 383.5 380.6 373 364.8 361.1 359.8
356.8 356.7 356.4 356.8 356 354.3 352.1 351 350 346.3 340.2 333.5 329.7 325.8 321.9 316.7 311.6 304.6 299.3 295 290.3 286.8 281.8 277.8 272.1 271.9 265 258.9 262.4 263.8 265.9 270.5 277.1 287.1 294.7 302.3 311 317.2 323.4 331.1 338.5 342.9 346.1 349.4 355.5 357.6 358.1 359.6 362 364.1 364.5 364 365.1 365.7 367.4 369.3 371.6 374 374.9 377.5 379.8 381.9 385.4 387.3 387 382.8 380.6 378.3 378.4 377.6 375.1 371.9 369.7 366.4 363.1 359.4 358.2 354.1
360.2 360.1 361.3 361.1 360.3 358.2 358.1 357.9 356.1 350.4 343.8 338.9 333.9 331.2 325.9 320.6 315.1 308 298.2 295.3 291.1 285.9 281.6 277.4 275.7 273.6 268.1 261.5 260.7 264.4 265.8 270.8 277.3 284.2 292.2 300.3 308.3 314.4 318.7 323.9 331.2 338.4 343.1 344.9 348.2 351.6 353.2 353 356 358.4 358.3 358.1 359.6 359.9 360.4 361.3 362 362.8 364.5 366.4 368.2 369.7 371.2 372.1 371.1 369.4 365.9 365.7 365.2 364.2 362.7 361.9 361.4 361.4 359.3 357 352.9 341.1
364.2 364.5 365.9 366 365.2 364.3 365.6 365.8 362.5 353.7 347.4 342.6 338.8 334.6 329.2 323.7 317.3 309.9 301.4 296.7 292.3 287.4 282.6 277.5 277.5 274 269.5 263.2 260.7 262 265.8 270.2 276.5 282.3 289.7 298.3 305.7 311.2 314.6 318.5 323.8 330.4 337.1 341.4 343 345.5 346.2 347.2 349.8 351.1 351.9 352.2 352.7 353.5 354.1 355.3 356 356.2 357 357.6 357.9 359.7 361.6 363.4 362.7 362.1 361.8 360.8 360.6 359.9 359.2 358.7 358 357.5 356 349.7 337.9 331.5
369.7 370.7 372.3 372.8 372.3 372.9 376 375.7 368.1 359 350.8 346.6 342.7 337.4 331.8 325.8 318.9 311.3 302.5 297.9 292.9 288.1 282.8 279.8 277.3 275.4 274.2 265.7 262.9 259.5 264.9 268.1 274.7 282 288 294.9 303.4 307.8 310.9 313.6 316.7 320.6 326 333.5 335.6 338.2 338.4 340.2 342.9 344.7 346.6 347.2 347.3 346.7 347.5 349.3 349.6 350.1 349.6 350.6 351.5 352.5 353.3 356.6 356.5 357.1 355.4 356.3 357.1 356 352.7 347.9 344.4 341.4 335.8 326.7 321.9 322.2
375.8 377.1 379.2 380.9 382.7 384.9 387.3 381.6 371.8 361.8 355.5 350.2 345.1 339.4 333.9 327.4 320.4 312.3 304.5 297.5 293.4 289 284 283.6 278.9 278.2 276.9 268.3 263.9 262.1 260 266.1 272.2 279.4 286.2 293 299.2 304.3 307.9 310.4 312.5 314.9 316.6 319 321.4 324.3 324.4 327.6 331.2 335.1 337.7 337.7 336.9 337.6 339.5 340.3 340.9 341.1 341.9 343.5 345.2 346 346 345.3 346.1 345.1 341.8 339.3 337.8 334.3 328.9 327.8 324.5 321.4 321 321.2 321.5 320.1
381.5 384.2 386.9 390.4 393.5 396.9 394.4 384.3 374 365.1 359 352.6 346.2 341 335.2 328.2 320.6 312.5 304.8 298.2 294 288.2 287.7 283.4 280.3 279.9 275.4 272.5 269.9 263.1 262.8 260.7 268.7 274.6 284.5 290.6 296.6 300.9 306 309 311.9 313.5 313.8 314 315.5 315.8 314.8 316.4 319.2 320.7 323.1 323.2 324.8 326.7 329 328.7 328.1 329.8 332.2 335.9 337.2 340.4 342 342.2 340.4 336.8 331.1 313.8 318.7 321.9 320.2 318.7 318.2 319.8 320.5 321.7 325.2 328.2
388.8 392.1 396 399.8 404.1 404.3 398.8 386.9 376.9 367.8 360.5 354 347.5 341.3 334.9 327 319.4 312.2 305.2 298.7 294.7 292.7 289.1 284.7 281.4 278.8 275.5 272.2 273.9 264.4 263.6 263.5 266.2 271.1 282.8 287.7 294.1 298.3 302.8 307.3 308.1 310.4 311.3 310.1 308.2 305.8 306.1 308.7 310.5 311.8 312.5 313.3 314.4 317 318.2 318.6 318.8 319.5 322.3 325.3 325.4 329.4 333.9 335.4 331 326.9 319.7 318 333.3 333.7 331 329.8 330.2 330 330.6 331.6 332.6 333.4
397.4 402 406.9 410.4 411 408 400.5 389 378.8 369.7 362 355.4 348.5 342.2 335.6 327.1 319.6 310.7 303.7 299.6 293.9 294.2 289.7 285.9 282.9 279.4 276.9 275 278.8 271.5 264.6 263.7 261.6 267.6 279.6 284.9 289.2 291.6 293.7 292.7 292.5 297.9 299.9 295.5 292.7 291.7 293.3 295.1 292.7 291.8 293.7 297.5 303.4 307.1 307.4 305.6 303.6 302.3 308.8 313.1 317.1 317.7 316.8 319.5 320.3 316.6 310.7 317.2 330.7 333.6 332.4 332.7 334 334.4 334.9 335.4 336.2 336.6
406 411 414.8 416.9 415.9 410.6 402.6 391 380.2 371.6 362.1 355.4 348.8 342.2 335.2 326.1 316.4 309 302.6 299.5 296.8 294.8 290.6 287.7 284.5 280.9 278 278.1 275.4 281.5 267.7 261.7 265.7 266.4 266.9 275.4 278.1 278.8 278.8 280.7 281.2 283.1 282.1 284 288.6 288 288 289.3 291.7 291.8 291 293.3 294.2 293.9 298.1 300 298.6 298.5 297.3 299.9 299.5 301 304.3 306.8 305.8 306.4 306.1 316.8 326.6 333.3 334.3 335.4 336.6 337.1 338.1 339.1 340 339.7
415.5 418.8 421.3 422.5 419.4 413 403.6 392.7 380.9 372.3 364.4 356 349 342.3 334.5 325.6 316.3 308.4 301.7 298.8 298.8 295.8 292.9 290.6 287.7 281 280.9 283.4 276.4 279.8 263.3 265.4 265.4 266.3 268 271.6 270.5 273.7 281.8 285.3 286.1 284.1 289.3 291.1 294.2 295 294.6 296.7 301.4 304.5 305.6 300.9 301.2 305 307 309.4 309.7 311.5 309.5 306.7 304.7 305.1 306.8 304.6 306.2 308.6 312.5 322.1 331.1 334.4 336.4 338.1 339.1 340.6 342.7 343.8 344.1 344
423.2 425.9 427.1 427.2 423.4 415.6 403.7 393.2 379.7 372 363.9 357.2 349.2 342.4 333.9 325.9 315.9 306.6 301.8 300.5 300 297.1 295.5 293.5 288.2 284 285.1 285.6 279.8 275.2 265.2 265.9 266.1 264.9 267 270 273.6 285.9 288.7 291.2 293.8 297.6 300.8 302 301.7 302.9 303.6 306.3 310.2 311 310.9 308.7 309.6 310.6 312.2 314.3 314.4 316.1 317.9 318.9 318.8 314 314 319.7 318.7 320.3 324.5 330.3 333.8 337.1 339.2 340.9 342.2 344.9 347.2 348.1 349.1 349.7
429.6 432.5 433.4 431.8 427.2 418.6 405.1 394.7 381.1 371.7 363.8 357.1 349.5 342.4 332.7 323.2 312.4 305.6 301.7 302 301 299 297.1 293.1 288 286.9 288.1 285.7 281.3 274.9 265.9 266 266.4 267.4 270.7 281 284.9 288.4 292.9 297.4 302.2 306.6 312.4 313.9 311.1 310.3 311.4 315 317.7 317.3 316.3 314.8 315 316.2 317.8 318 318.6 321.2 322.1 323.1 323.9 324 326.4 328.6 330.9 333.2 333.9 334.9 336.7 340.2 342.1 344.1 346.4 349 351.2 352.8 354.3 355.1
435.5 438.5 436.8 435.8 430.3 421.3 406.6 394.7 381.7 372.7 364.8 357.6 350 341.6 332.2 320.9 309.8 303.6 302.4 302.7 301.4 299.4 298.3 294.3 289.2 288.8 289.2 286.2 282.5 275.5 264.5 266.6 266.7 267.2 273 281.2 285.2 288.7 294.2 302.2 307.6 314.3 318.5 319.2 317.3 317 318.6 321.7 322.7 322.5 320.6 319.9 320.4 320.7 321.3 320.7 323.7 326 326.8 327.6 328.5 329.7 330.8 332.1 334.4 335.9 336.2 338.2 339.4 341.1 345.3 347.5 350.8 353 355.2 357.2 358.2 358.5
442.2 443 442.1 438.4 431.2 421.2 407.1 392.4 381.6 372.4 364.9 357.1 348.5 338.5 329.1 317 306.1 303.2 303.6 304.2 301.1 300.3 299 294.2 291.2 291.5 289.3 285.6 282.5 278.5 264 267 267.1 267.4 276.7 283.1 289.1 292.8 295.6 304.4 312.2 318.6 322.2 321.3 319.5 319.9 323.2 325.4 326.4 325.5 323.7 324.3 324.7 324.5 323.5 325 329.2 330.8 331.9 332.9 333.5 334.3 335.3 336.9 338.4 338.5 339.1 340.6 343.2 343.9 347.2 351.6 353.9 356.2 359 360.7 361.3 360
