ny/ny74_OST50GRID_20230518/NY74.asc
ncols 200
nrows 200
xllcorner 370000
yllcorner 540000
cellsize 50
[rows 70 to 104 of 200, columns 0 to 77 of 200]
449.3 449 445.8 440 431.8 420.4 408.7 393.2 382.9 373.8 365.6 357.9 348.5 338 326.9 313.5 305.8 304.3 305.3 303.3 300.9 300.6 297.7 293.4 293.2 291.5 288.5 285.8 283.2 281.7 267.8 267.5 267.5 268 279.7 285.8 290.7 295.5 297.8 305 316.8 321.5 323.8 322.7 322 323.9 327.2 328.8 328.7 327.5 326.5 327.8 327.3 326.9 327 330.8 334.3 335.3 336.4 337.6 338.6 339.5 341.4 340.4 341.4 342.2 343.2 345 347.4 349.4 348.3 353.6 356.2 358.8 361.7 362.3 362.4 361.2
454.3 451.5 448 442 432.2 418.4 408.2 394.3 383 374.3 365.6 356.5 346.1 335.6 322.8 311.4 306.9 306 306.1 303.5 301.3 300.8 294.9 294.4 294.4 292.2 288.5 285.9 283.6 278.9 268.9 265.5 267.8 272.3 282.7 287.7 291.8 297.7 304.7 305.9 317.5 322.5 324.3 323.6 323.9 326.9 330.2 331.7 330.5 328.9 328.9 329.7 329.5 328.8 332 336 338.6 339.7 340.9 342 343.1 346.1 347.5 345.9 346.1 347.6 347.8 349.2 351.6 354 354 355 358 360.8 364 364.1 364.3 364
456.9 453.6 450.1 442.4 428.2 418 406.5 394.5 383.9 375.3 366 355.7 344.7 333.4 320.2 311.8 308.2 307.8 306.3 303.8 301.8 299.7 295.9 296.1 294.9 291.1 288.2 285.7 283.4 277.2 269.7 265.5 268.3 281.2 283.2 287 291.7 298 307.6 308.6 313.6 322.3 324.4 324.9 326.1 329.8 332.2 333.6 331.7 331.2 331.3 332.2 331.3 332.6 337 340.6 342.6 343.7 345.2 346.5 349.3 352.8 351.8 351.2 352.8 353.5 352.5 353.1 356.4 358 356.4 358.7 361.5 363.6 364.7 365.1 366.2 366.6
458.7 455.7 452.1 443.1 433.7 419.5 407.4 395 384.3 374.6 366.2 355.8 344.8 332 320 312.9 310.8 309.5 306.9 303.7 300.6 298.2 297.9 297.2 294.8 291.3 288.6 286.2 283.9 279.1 271.2 268.3 269.3 280.8 283.3 287.8 290.9 298.5 307.3 312.3 312.8 319 323.5 325 328 332 333.9 334 333.3 333.1 334 334.2 334.7 338.4 342.3 345 347 348.3 349.4 351.2 356.4 358.1 355.7 356.9 359 359.2 357.7 358.8 360.1 360.1 356.8 361.3 364.3 365.2 365.9 366.9 368.5 371.2
459.9 458.1 452.4 443.7 434.3 421.1 406.5 395.1 385.2 374.5 365.5 355.4 344.8 330.3 320.7 317.1 313.6 310.6 307.1 304 300.8 299.1 300.7 299 294.7 292.3 290.1 287.5 283.9 280.1 273.6 269.6 269.5 278.5 285 288.2 291.8 297.8 307.4 313.8 317.6 319.4 321.1 325.2 329.6 334.2 336.8 335.4 334.4 335.6 336.7 336.7 339.5 343.5 346.9 349.3 351.4 353.1 354.6 358 362.3 361.2 361.5 363.1 365 363.8 363.2 363.3 363.9 359.9 361.5 364.7 367 368.3 369.3 370 372.4 374.8
461.9 459.6 452.9 444.4 434.4 421.5 406.3 395 383.7 374.9 363.5 354 340.6 330.5 325.2 319.1 315.1 311.4 307.6 304 301.3 302.5 301.9 298.9 295.2 293.5 291.4 288.5 284.3 280.3 275.9 270.4 266.3 276.1 285.4 289 291.8 296.8 307.1 313.2 319 320.3 318.2 323.1 330.1 336.9 337.2 336.1 336.6 338.7 339.2 340 344.3 347.7 350.9 353.1 354.6 355.9 358.9 364.5 366.1 365.2 367 369.5 369.7 368.6 368.6 367.2 364.8 363.9 366.1 367.7 370.9 371.6 373 375.1 377.4 379.3
464.4 460.7 453.3 445 433.9 423.2 407.9 396.9 384.7 374 362.9 352.7 343.8 334.4 327.4 321.4 315.8 312.2 308.1 304.4 303.5 303.9 302.1 297.7 296.7 292.5 290.9 286.9 282 281.3 277 270.5 266.6 276.4 285.4 288.7 291.7 297.9 307 311.7 316.5 319.6 319.7 320.9 333.1 338.7 338.7 337.8 339.1 341.3 341.5 344.3 348.8 351.8 354.3 356.4 357.3 359.1 364.7 368.8 368.6 369.9 372.6 374.4 373.5 372.7 372 369.3 365.2 367.2 370.1 372.2 375.5 376.4 378.4 381.6 384 386.9
466.8 462.3 455.2 445.8 432.9 424.8 412.5 398.3 385 374.8 360.8 351.1 344.1 336.6 329.6 322.4 317.2 313.2 308.8 305.4 305.9 304.8 301.2 298.5 297.1 291.6 288.9 285.2 281.8 282.3 279.1 272.8 269.6 275.4 285.4 289.4 292.1 297.2 305.5 312.2 315.4 317 319.2 322.8 332.8 338.9 339.1 340.5 342.7 343.8 344.9 348.7 351.8 354.9 357.5 359.1 359.9 363.6 369.7 371.7 372 375.1 377.5 378.2 377.3 375.8 374 368.7 369 372.6 375 376.7 380.5 384.5 386.9 388.7 392.9 395.2
469.8 464 457.1 447.2 437.5 425.3 414.5 397.2 385 373.9 359.5 352.8 346.1 339 330.4 323 318.3 313.6 309.4 307 306.9 305.7 301.4 300.1 296.6 290.1 288.1 283.8 282.9 285.3 279.8 270.7 270.1 274.8 286.4 290.6 293.2 296.3 305.6 312.8 315.1 316.8 320.3 327.2 331.2 338.5 341.1 343.3 346.2 347 348.8 351.4 354.2 357.4 360.4 361.7 363.4 368.6 372.9 373.6 376.8 380.3 381.9 382 380.9 379.2 373.7 370.9 376 379.5 381.1 383 387 391.3 393.9 399.2 402.5 403.4
471.9 466.7 458 448.1 440.3 426.5 413.4 397.1 384.8 372.9 362.8 355.1 347.7 339.6 331.4 324.6 319.9 314.4 310.6 309.2 308.7 305.4 302.6 301.5 295.7 289 286 282.7 284.1 284.5 273.9 271.2 271 274.8 287 290.9 295.2 298.6 304.3 311.2 313.3 316.9 323.7 331.9 333.4 339.1 342.2 346.6 348.5 349.3 350.9 354.2 357.3 360.4 363.3 364.2 366.9 372.7 375 376.8 381.2 384.6 385.7 385.8 384.6 379.4 376.8 379.6 384.9 386.8 389.4 392.2 396.3 400.9 402.7 407.1 410 412.1
474.7 467.9 458.5 450 441.3 427.5 413 398.5 385.6 373.5 364.9 357 349.5 339.7 332.2 326.3 321.3 314.8 312.3 310.8 309 306 303.4 301.4 294.5 289.3 286.1 283.2 284.3 282.4 271.8 271.8 271.3 273.7 287.4 291.6 296 302.3 308.8 313.7 317.7 317.3 325.4 333.7 337.6 339 345.8 350.3 351.7 352.1 354.1 356.9 359.8 363.8 365.8 366.6 371.1 374.8 377.4 381.1 385.9 388.2 389.4 389.5 386.5 380.1 384.5 389.1 390.3 395.8 396.8 400.6 405.6 408.3 411.4 416.1 419.2 421.1
476 467.8 459.1 451.4 441.3 428.9 414.1 399.3 385.3 374.5 366.2 359.1 350.1 341.6 333.5 327.4 321.7 316.1 314 312.6 309.5 306.5 303.7 297.8 292.8 287.5 285.9 283 283.4 281.2 272.4 271.9 271.4 272.9 288 290.7 295.3 302 309.3 314.6 320.5 325.2 324.8 333.6 339.7 339.7 347.4 352.6 352.5 354.2 356.6 360.8 363.6 366 368.3 370.5 375.1 377.4 380.9 386.4 389.9 392.5 394 393.3 387.5 386.1 392.1 397.1 401.6 405.3 406.2 409.2 412.7 416.8 420.3 424 427.2 429.1
475.8 468.9 460.9 452.6 440.5 426.8 413.1 398.8 385 376 368.3 361.4 351.9 342 334.9 328.8 323.5 316.9 315.2 313.6 309.8 307.5 305.3 296.9 290.7 287.6 285.2 283.1 282.5 280.2 272.9 272.8 271.7 268.5 289.8 292.9 295.5 302.4 309.5 316 323.1 326.9 323.7 333.1 340 341.4 348 352.8 354.4 356.2 360.3 363.4 367.7 370.9 371.8 373.9 377.9 382.4 387.1 391.9 395.7 397.6 398.5 396 391.4 396.3 402.2 406 409.2 410.4 415 418.1 421.8 426.7 429.2 432.4 435.4 436.8
476.5 469.7 462.8 452.7 438.6 427.8 413.5 398.3 386.3 378.6 371.1 363.4 353.5 343.4 336.5 329.9 323.6 318.6 316.1 313.7 310.7 309.2 306.4 297.8 291 289.6 284.5 282.8 281 278.4 273.4 272.8 271.4 268.6 290.8 294.3 297.4 302.1 309.2 316.5 323.2 325.3 322.6 332 341.5 342.9 346.7 352.1 355.5 358.8 364.3 367.3 371.8 372.9 374.5 377.3 380.8 385.7 393.4 397.3 400.5 402.3 403.1 397.5 399 405.4 409 412.5 415.2 418.3 420.1 425.7 430.3 434.5 437.1 440.2 442.8 444.1
477.6 471.4 464.3 450.8 436.4 424.6 412 398.9 389 381.4 373 364.3 353.5 343.6 337.5 331.2 324.8 319.8 316.8 314.1 311.8 310.7 305.2 296.7 291 289.8 284.3 281.6 278.8 277.1 274.2 273.5 271.4 273.9 290.5 294.8 296.6 302.6 309 318.6 325.3 321.1 322 331.9 342.2 348.2 350.6 351.4 356.4 362.8 367.1 370.9 375.3 375.2 377.3 380.2 384.7 393.3 399.4 403.6 406.2 407.4 407.3 403.7 409.7 413.3 416.2 417.8 421.9 424.9 426 431.7 435.8 442 445.5 447.5 449.6 449.3
479.5 473.3 465.5 450.1 440.1 426 412.6 399.8 390.7 382.7 374.1 364.7 354 344.6 339.7 332.9 325.6 320.6 317.7 314.6 312.5 310.6 304.4 295.6 292.5 290.1 284.3 280.3 278.4 277 275.9 273.7 269.6 274.6 288.1 294.9 298.3 302.8 309.3 318.5 323.5 317.3 321 331.7 341.6 350.8 351.2 353.1 359.3 365.8 369.9 374 377.6 378.1 380.6 384.3 390.9 398.7 401.3 408.9 410.5 410.4 408 412.1 417.3 421.5 423.2 424.4 427.8 432.3 434.3 436.8 442.6 448.8 452.5 454.3 455.4 453
481.3 473.5 464.7 454.2 442 426.7 412.5 400.8 392.2 383.8 372.5 363.4 353.9 344.1 338.1 331.7 325.8 321.8 317.3 313.6 310.9 307.9 300.5 294.5 292.3 287.5 282.6 280.8 279.8 279.5 280.2 272.8 272.5 273.5 287.9 291.8 298.4 303.1 310.9 316.1 316.3 315.4 319.6 331.8 342.2 350.7 351.8 354.2 360.8 366.3 370.6 378.7 379.7 381.6 385.3 389.1 397 401.8 407.7 412.6 414 414 415.7 423 425.5 428.1 429.4 431.1 434.1 438.9 441.7 442.4 449.7 455.3 457.3 459.1 461.2 458.3
481.4 471.2 463.6 454.4 440.5 429.7 410.2 401 392.2 386.4 373.2 362.7 353.5 346.6 339 332.2 327.3 321.5 316.4 312.8 310 305.3 298 294.1 290.3 285.4 284 283.7 284.9 282 281.9 270.5 272.8 272.8 288 291.3 298.2 305.6 312.7 315.5 315.1 316.7 322.5 334.7 343.7 351.6 355 355.7 362.5 366.3 372.7 381.4 382.7 382.9 386.4 393.3 397.6 402.8 409.4 413.8 417.6 418.2 420.3 430.1 433.4 434.7 437.5 439.9 442.5 447.6 452 454.6 455.7 460.3 460.3 464.8 468.5 464.8
481.8 473 464.4 455 442.9 430.2 410.4 403.7 395.4 387.3 373.9 361.7 353.7 347.1 340.2 335.1 328.3 320.4 315.1 311.8 306.5 301.5 297 293.6 288.9 288.4 290.3 288 286.8 283.7 281.6 273.2 273.3 272.9 287.3 291.3 296.9 305.9 310.6 313.6 317.1 320.6 325.7 334.8 344.3 352.9 356.5 356.3 362.1 366.3 374.3 382.7 383.4 383.6 387.5 392.7 400.5 406 411.1 417.2 421.9 423.2 431.4 436.8 438.6 442.4 446.5 449.9 452 454.2 456.7 456.5 460 461.1 466.2 472.2 474.2 472.4
481 473.2 464.8 454.5 444 427.9 412.4 406 397.7 385.9 371.5 360.8 353.8 347.7 341.5 336.9 328.2 320.2 316.4 313.2 308.9 302.4 297.6 293.7 294 295.6 294.4 289.5 287.3 284.5 276 273.3 274.1 273.6 285.4 292 297.1 304.9 309.7 314.2 318.9 322.6 326.8 334.4 345 354.3 357 357.4 361.3 366 376.1 384.4 385.1 385.8 388.9 399.2 407.1 412.5 414.8 419.3 423.4 432.3 438.6 442.8 447.3 450.5 454.1 456 456.8 458.5 459.8 460.9 465.7 465.7 472.9 477.6 478.3 481.8
480.2 472.8 464.8 455.2 445.3 423.3 413.4 406.8 398 384.8 369.3 360.3 354.1 347.8 343.4 337.4 327.7 321.5 318.8 315.3 310.9 304.2 300.8 295.7 299.3 300 294.6 290.1 287.5 284.2 273.4 272.5 274.6 274.4 283.2 290.7 296.3 305.4 310.2 317.5 323.9 325 328.1 336.7 346.1 355 357.4 358.5 360.1 365.8 375.5 383.3 385.8 388.4 393.5 404 413 417.2 420.6 422.1 429.9 436.7 445.3 450.6 452.9 455.8 458.7 459.5 459.3 460.2 460.9 464.6 469.4 470.9 477.6 483.3 485.3 489.2
479.8 473.2 465.1 455.7 445 421.3 412.9 406.9 396.1 380.8 368 360.5 354 348.5 344.5 337.4 327.6 322.6 320.6 318.1 312.9 305.1 299.4 298.7 299.6 300.4 295.7 291.2 288.7 284.8 273.7 272.7 274.9 277.5 281.2 290.4 295.1 304.2 310.8 318.5 325.2 328.4 330.5 336.8 345.8 353.2 356 358.2 360.4 365.9 375.1 383.5 387.4 390.3 395.4 409 416.7 421.9 424.2 427.4 434.5 439.8 449.9 455.4 457.1 460 461.9 461 461.1 461.5 462.8 468.1 474.2 476.5 481.9 486.5 491.1 494.9
479.6 473.7 465.2 454 439.8 420.4 414.1 406.7 394.6 378.5 367.6 360.6 353.3 349.5 343.7 335.3 327.8 323.9 321.7 318.7 312.1 306.7 303.3 302.6 300.6 298.8 294.2 293.7 290.6 285.7 274.5 273.5 275.4 277.8 278.8 287.8 294.3 301.5 310.3 318.3 323.6 327.3 331.7 337.6 344.7 352.2 355.3 358.4 361.9 366.6 377.9 386.3 389.5 391.9 396.6 408.7 419.1 424.8 426.7 429.2 436.9 441.1 450.7 456.2 459.5 461.6 461.1 460.3 460.5 462.1 465.3 469.4 477.1 480.2 484.8 489.4 495.8 498.7
479.5 473 464 450.9 432.3 420.8 414.2 405.1 391.1 375.9 367.7 360.5 351.9 348.1 345.5 335.2 327.4 324.9 322.5 317.9 311.2 305.8 304.8 301.9 303.2 296.4 297 297.8 292.9 286.4 274.5 274.6 275.4 278.4 278.6 285.2 293 302.2 309.5 322.2 323.2 326.8 331.7 337.5 345.2 352 355.4 358.7 361.8 367 378.3 387 390.9 395.8 398.7 408.4 418.2 424.8 429.7 430.4 436.8 439.3 445.9 451.5 455.2 457.7 457.6 457.6 459.2 460.7 465.2 470.6 479.3 481.7 486 491.5 498.7 501.2
472.4 467 457.8 448.8 429.7 420.1 412.5 401.7 384.8 374.7 367.8 359.8 353.4 351.2 344.9 333.4 328.1 325.8 323.5 317.6 310.7 305.9 305 301.4 298.3 297.5 301.1 298.1 293.3 285.1 274.5 275.4 276 276.5 279.3 283.5 291.6 300.5 309.3 316.4 323 326.4 332.5 338.7 345.3 351.1 355.7 360.2 364.2 368 377.8 388.1 393.2 399.8 399.9 405.8 412.9 421.6 428.2 431.1 434.8 438.3 441.9 444.1 448.2 452.3 453.2 455.5 457.6 458.5 464.4 470.8 479.7 483.1 487.1 492.5 499.5 502.6
466.6 461.2 453.8 440.7 427.7 419 409.2 397 383.4 374.5 367.3 360.3 355.7 351.2 342.8 332 328.7 325.9 322.6 316.7 310.8 305.6 302.7 299.9 298 298.3 299.4 297.9 292 285.2 275 276 276.5 277.1 279.5 284.7 289.9 301.7 310.5 317.6 322.2 324.9 332.8 339.8 344.6 349.5 356.4 362.3 365.2 368.6 376.5 386.3 395.6 400.8 400.3 405.8 410.7 415.3 421.7 428 432 435.4 438.1 438.6 439.7 442.5 445.6 451.4 454.4 454.9 458.6 467 475.1 482.3 485.1 491.5 498.7 503.8
463.3 457.4 449.3 435.7 424.9 416.1 406.4 392.7 381.5 373 365.9 359.8 357 350 340.1 333.2 330.6 327.8 323.8 316.7 311 306.7 302.7 300.6 298.7 299.1 299.8 295.4 290.4 288.5 275.3 276.6 277.2 277.6 278.8 285.4 291.3 300.5 310.1 319 322.5 325.9 333.3 341.2 346.1 350.8 356.8 362.6 366.7 369.1 375 382.4 392.5 399.7 400 405.7 409 411.7 413.3 419.7 425.6 429.9 432.1 430.4 431.8 432.8 436.7 440.3 444.7 447.3 453.7 460.3 467.7 477.4 482.9 487.7 494.8 501.9
461.2 455.1 444.6 432.4 424 413.3 402.8 391.4 380.9 373.7 365.2 358.5 351.4 346.6 338.2 333.8 331.3 327.8 323.1 317.1 311.1 306.5 304.7 303 299.6 300.5 299.6 293.9 290.8 290.5 275.6 277.1 277.6 278.1 278.5 287.5 294.8 300.9 307.8 313.7 320.8 329.8 337.2 343.7 348.3 351.9 357.4 361.8 365.1 368.5 372.9 379 387.1 393.1 396.4 402.8 406.5 406.6 407.4 411.4 413.7 417.6 419.1 419.7 421 424 429.5 434.3 436.8 441.3 449.2 455.4 461.3 468.7 477.2 485.9 492.2 499
449.1 444.6 438.7 431 420.7 411.6 398.7 390.9 380.6 373.6 368.7 364 355.7 345 337.5 333.3 329.5 326.2 322 315.9 310.7 306.8 306.4 304.2 302.8 302.9 299.4 293.4 293 292.1 276.1 277.5 278.1 278.6 279 287.2 294.9 304.2 311 318.6 323 329.8 340.6 346.1 349.3 352 356.2 361.5 366.1 368.9 370.9 377.3 380.8 386.7 391.2 395.5 399.1 400.2 400.3 402.4 405 407.7 411.9 414.9 416.6 417.5 422 426.5 431 437.7 444.6 451.1 456.5 462.7 471.1 482.9 490.7 496.5
441.6 437.4 432 425.7 416.4 406.6 397.4 390.3 379.7 374.4 368.4 357 349.5 343.2 336.1 331.4 327.3 323.6 319.3 314 308.7 307.5 307.4 303.2 302.9 301.9 297.3 294.1 296.9 295.2 284.6 277.5 278.4 279.2 279.9 289.9 294.8 307 314.7 324 330.4 333.1 339.9 345.8 349.4 351.2 353.4 358.7 364.7 368.9 371.3 376.7 377.3 379.4 383.5 388.1 392.3 393.1 395.1 397.3 399.1 403.7 410.8 413 414.1 413.6 419.8 419.8 427.6 435.1 441.5 446.3 453.3 459.3 465.7 476.1 487.9 493.6
435.6 430.3 425.6 419.1 413 404.1 399.8 391.8 383.1 376.9 372.6 361.8 349.4 340.6 333.6 330.1 326.7 322.7 319.3 314.8 307.1 305.8 304.3 302.8 301.5 299.8 296.8 298.3 297.3 295.5 292.7 278.2 278.3 279.7 284.1 292.3 296.8 309.6 318.3 325.8 332.5 337.3 343.7 346.3 346.3 347.6 349.4 354.4 363.2 367.5 371.8 376.2 376.2 377.4 379.7 381.4 384.6 386.5 389.8 392.4 393.3 400.8 407.1 408.7 407.4 408.7 413.6 418.5 425.1 431.4 437.9 444 451.4 457.4 462.4 468.9 480.1 490.5
431.8 426.3 421.6 417.5 410.2 404.6 399.8 393.5 384 380.9 374 359.6 346.9 337.8 332.6 328.2 325.3 322 318.5 311.7 307.3 306.6 304.6 302.9 300.9 297.7 296.6 299.5 297.6 294 288.3 278.6 278.4 280.7 286.9 292.8 301.3 314.5 322.8 328.8 333.9 340 345.3 347.9 347.9 348.1 349.1 352.8 357.3 362.3 369.6 373.6 375.8 376.8 376.2 375.5 376.8 378.2 381.5 383.7 386.4 393.5 398.3 398.6 399.9 405.7 410.4 415 421 429 437.1 443.8 450.9 455.9 459.9 466.3 473.9 478.7
429.1 424.2 419.2 414.3 410.2 404 398.9 393.9 387.6 383.9 370.8 355.1 344.2 337 332.2 328.1 324.9 320.5 314.4 310 308.2 306.5 304.2 302.2 298.8 297.8 296.6 298.7 296.7 292.7 283.9 279.6 278.7 284.3 288.2 294.4 304.8 318.8 327 332.3 334 340 344.9 346.1 346.3 347.5 349 352 357 364.5 369.6 370.1 374.3 368 370.5 374.5 374.5 375.7 376.9 378.3 380.4 384.5 390.8 396.6 402.2 405.7 411.8 418.4 423.8 428.7 436.6 444.8 451.1 455.8 459.7 464 471.2 485.1
426.1 422.7 417.6 413.3 409.5 404.8 400.7 396.4 389.3 381.2 364.5 352.4 342.2 336.8 331.4 327.1 323.2 318.1 313.1 310.1 307.7 305.5 302.7 300.5 298.2 297.1 296.5 296.2 294.2 290.2 282.1 279.8 279.6 281.8 289 292.5 298 312.1 322.7 332.1 335.3 337.9 337.7 339.7 338.1 333.1 340.6 348.7 355 362.3 369 360.8 362.8 373.8 376.8 378.1 376.9 377.1 376.5 377.6 379.8 383.8 394.5 395.2 403.1 403.5 411.3 418.2 425.6 426.2 434.1 443.4 449 452.7 457.4 462 469.7 483.3
422.7 418.5 414.2 410 407 404.6 402.7 394.1 385.4 374.8 360.9 351 341.5 337.7 331.8 327.2 321.6 315.7 314.7 313.5 309.4 302.2 299.2 298.4 297.6 295.7 295.5 295.8 294.5 290.6 280.7 280.7 280.5 284.1 293.3 300.1 305.2 305.1 319.9 330.1 333.1 326.5 324.4 327.1 335.4 342.1 340 336.8 344.1 361 362.7 361.7 371.7 375.7 378.8 380.4 380.9 382.9 382.9 382 380.3 381.3 382.7 389 398.6 400.4 410 416.3 418.6 424 433.8 443 447.4 451.1 458 463.5 469.5 482.7
