ny/ny90_OST50GRID_20230518/NY90.asc
ncols 200
nrows 200
xllcorner 390000
yllcorner 500000
cellsize 50
[rows 70 to 104 of 200, columns 0 to 77 of 200]
547.1 548.1 548.9 547.6 542.4 537.4 533.6 533.3 535.3 536.6 535.8 533.2 532.6 534.4 534.9 534.7 532.1 534.1 538 543.2 548.6 553.2 556.3 558.6 558.2 558.2 559.8 563.4 566.3 568.3 569.2 569.1 568.4 567.1 565.5 562 558.9 555.5 550.9 545.6 539.6 532.4 526.6 521.5 516.8 512.2 506.2 500.2 495.2 489.4 477.7 466.6 472.2 484.7 490.2 492.4 492.7 492.9 493.5 494.4 495.4 496.8 496.9 495.3 496.1 494.4 491 488.6 483.5 478.7 474.6 469.9 465.9 461.2 457.9 455.5 451.1 446.6
547.4 547.9 550 547.7 543.6 539.2 535.2 536.3 538.8 537.8 536.9 534.7 532.6 536.9 537.9 537 535.9 537.4 540.9 545 550.1 554.8 560.7 562.5 561 561.6 563.4 567.1 569.3 570.2 570.2 570 569.6 568.4 565.6 561.3 558.4 554.6 550 544.4 538.1 531.6 525.8 521.2 516.5 511.2 505.2 498.7 493.8 483 471.8 483.3 488.3 495.2 497.1 498.3 498.7 500 501.4 502.5 502.9 504 503.1 502.1 501.8 498.8 496.6 491.9 485.7 482.8 478.7 473.8 469.8 464 462.2 459.3 454 447.9
547.1 547.8 549.3 547.9 544.3 540.8 534.5 540.4 540.6 539.4 537.3 530.5 536.7 539.2 540.3 539.5 537.7 540.6 542.6 547.4 552.3 559 565.3 565.6 563.8 566.1 569.5 571 571.7 570.6 570.4 570.1 569.5 567.7 563.9 561 557.7 553.9 548.6 542.7 536.4 529.8 524.2 520.2 515.1 509.9 503.2 497.1 487.2 474.5 487.4 494.2 499.7 501.9 503.7 505.2 506.4 507 508.1 509.7 510.1 510 509.3 508.3 506.3 503.1 499.5 494.5 490.3 486.7 481.8 476.5 472.5 468.9 465.9 462.2 454 447.1
547.7 547.5 548.2 547.4 545 542 542.4 543.3 542.3 539.9 537 536.6 539.6 540.4 541.4 541.8 542.1 542.8 546.6 550.7 557.1 564.6 570 568.6 566.9 570.4 572.7 573.2 572 570.6 569 568.1 566.8 565.1 563 559.9 556.4 551.6 546.6 540.2 533.6 527.9 523.3 518.5 513.7 507.5 501.4 492.4 477.3 484.2 496.1 502.5 506.7 509.4 510.2 511.1 512.4 515 517.2 517.4 516.5 515.6 514.8 513.9 511.2 507.2 501.4 496.5 493.4 489.8 484.6 479.3 475.2 471.9 468.4 462.6 453.4 446.1
547.1 546.5 547.8 547 544.6 541.2 543.8 545 542.5 540.4 538.2 539.3 542.5 544.1 544.5 545.7 545.8 547.4 551 555.7 563.2 570.1 573.5 572.7 571.6 573.5 574.5 573.8 571.9 569.5 567.5 566.2 565 563.7 562 558.7 555 549.2 542.8 536.2 530.9 526.6 521.7 517.9 513 506.6 500 483.2 487.8 499.2 503.1 508.6 512.2 515.6 517 519.2 522.3 524.2 523.3 524.4 523.4 521.7 519.8 518.4 516.2 511.6 505.3 499.3 495.2 490.9 486.5 481.5 477.7 474 470 462 452.6 442.7
547.1 547.7 548 547.1 543.5 544.2 546.4 546.1 543.7 542.6 537.6 542.6 545.2 547.3 548.1 549.7 551.2 551.9 556.5 561.6 569.3 572.9 575.3 575.8 575.4 576.4 576.1 574.5 570.8 568.9 566.7 564.2 564.2 561.7 560.6 556.6 552.1 546.5 539.2 533.5 529 524.1 519.4 516.3 512.5 507.5 496.2 487.2 499.1 505.6 509.7 512.2 518.6 521.8 523.6 526.3 530.1 531.7 531.4 531.7 530 527.1 525.4 522.9 520 514.3 507.7 499.9 495.8 491.8 487.7 483.3 479.4 475.4 469.2 460.8 445.5 450.6
547.4 548 547.9 547.7 544.2 546.6 546.9 547.3 546.2 544.1 541.1 545.6 549.1 551.1 551.1 554.1 558.6 559 563.6 570.6 572.4 574.6 576.2 577.1 577.6 577.8 577.2 575.6 573.4 570.8 567.4 564.2 562.1 560.5 559.2 555.1 549.4 542.1 537.2 531.4 526.5 522.7 519.2 508.7 504.2 495.7 484.2 499.6 506.6 511 516.1 517.3 522.9 527.2 528.4 533.3 537.3 540.5 540.3 541.5 538.1 534.9 530.8 525.5 522.2 516.4 509.1 501.6 495.4 490.9 487.1 483.6 479.3 473.9 467 450.8 456.6 459.5
549.7 549.6 549.1 547.5 543.7 547 547.7 548.2 547.7 545.9 545.1 549.3 552.1 553.2 553.2 562.8 565.1 567.7 570.6 572.3 572.7 575.3 577.2 578.6 579.4 579.6 578.6 577.6 576.6 573.3 568.4 565.2 563.3 560.4 556.3 553.7 549.1 541.8 533.9 527.6 524.4 520.8 519.9 517.1 512.5 501.3 496.4 507.3 513.5 516.4 522.8 526.1 529.3 531.3 534.8 538.3 543.8 548.7 549.7 547.6 544.5 540.7 534.2 527.5 521.8 515.5 508.5 501.8 494.1 489.1 485.5 480.9 476.1 470.3 458.7 462.6 465.1 467.6
550.2 550.3 549.7 548.8 544.6 548 548.6 549.6 550 546.6 548.5 550.6 553 555.4 559 562.5 567.4 569.8 571.5 572.2 574.8 577.3 579.2 580.6 581.3 581.4 579.3 578.9 578.3 575.8 571.8 567.8 563.8 560.7 557.9 552.9 547.2 540.6 533 527.7 525.5 524 521.2 517.3 508 491.9 504.6 513.3 518.2 523.6 527.9 530.8 533.2 534.9 538 541.2 548.2 554.7 556.9 554.6 548.2 542.9 536.1 528.2 521.5 515.5 507.9 501.2 494.2 488 481.5 475.3 469 468 468.7 470.9 472.3 475.3
551.8 551.9 550.8 550.3 548.5 547.6 550.1 551 551 550.9 549.9 552.1 554.8 557.6 562.6 564.2 567.1 569.5 571.5 572.5 576 579.5 581.5 582.4 582.6 581.9 580.6 580.6 579.8 576.9 573.1 567 562.7 559.7 557.3 553.1 546.8 539.3 533.7 531.3 528.4 525.1 521.7 514.5 497.9 503.1 514.4 518.8 525.3 529.9 533.1 534.6 537.5 537.9 540.4 544.5 550.7 554.5 557.4 556.5 545.9 540.8 534.6 528.6 521.6 514.4 508.4 501.6 492.5 486.2 478.5 472.5 477.7 477.9 478.7 478.2 478.7 480.7
553.9 554 552.9 552.6 551.5 550.7 551.5 552.1 551.7 552.4 551.8 552.9 558.3 562.3 565.5 567.3 568.8 570.8 572.5 575.8 578.8 581.4 583.2 583.8 582.8 581 580.9 581 580.2 577.1 572 567.6 563.9 560.9 556.6 551 543.4 543.9 539.7 535 530 525.7 519.1 505.1 506.9 514.9 521 524.7 528.9 534.3 537.7 539.4 540.2 542.7 544.5 549.6 551.6 553.6 553 549.4 542.6 538.8 533.2 527.2 520 513 506.2 500 490.1 483.8 474.7 479.5 482.3 483.5 485.2 485.8 485.8 486.2
556.4 556.8 556.8 556.4 553.9 552.4 554.9 554.1 554.4 555.3 556.9 559.9 561 564.8 566.5 568.2 570 572.5 575.5 578.4 580.7 583.1 583.9 583.8 581 580.1 580.6 581 579.7 575.9 571 567.1 564 560.9 555.8 554.4 552.6 549.5 543.8 536.9 531.5 524.6 510.6 507.7 516.6 521.2 525.7 529.3 533.7 537.6 540.8 542.4 543.9 546.2 549.7 554.1 555.2 554.9 551.9 546.9 540.6 537 531.1 526 519.4 509.9 497.9 491.8 486 482.3 480.9 483.5 485.8 489.5 491.3 494.1 495.8 496.2
556.2 557 556.8 557.1 555.3 556.9 558 559.2 556.9 561.2 560.3 563.5 564.7 565.9 567.2 569 572.4 575.3 577.9 580 582.7 583.1 583.6 583.1 581.3 580.2 580.2 580.1 577.8 573.3 570.1 567.1 563.3 560.3 559.2 558.7 556.9 553 547.3 539.8 531.2 519.8 508.4 516 522.1 524.8 529 534 537.2 540.5 543.8 546.4 548.2 552.8 556.1 559.6 561.3 558.6 553.7 548.9 544.7 539.8 531.5 524.4 518.3 510.7 504.3 491 487 484.9 484.6 488.6 492.9 494.4 496.3 498.2 501.5 503.1
554.8 556 557.7 557.6 557.3 559.8 561.9 562.5 563.1 564.6 562.3 563.9 565.7 565.9 568.2 571.3 574.8 577.5 580.5 582.8 583.7 584.1 583.9 583.5 581.8 581.1 579.3 577.9 575 572.6 569.3 566.7 563.6 562.1 562.5 561.5 559.2 555.6 549.8 540.1 528.5 513.2 517.5 521 525.8 529.3 533.1 537.5 541.6 544.2 546.4 549.9 555.3 561 563.4 563.3 565.5 563.9 558.9 553 548 541.4 532.3 523.9 516.5 510.4 501.9 493.8 492.3 489.8 488.2 494.8 499 501.3 503.8 504.4 507.3 509.8
552.9 554.5 556.5 558 558.2 559.9 561.7 563.5 565 563.1 563.4 565.3 565.8 566.9 571.4 574.7 577.3 580.3 582.8 583.9 584.5 584.6 584.8 585.2 584.3 582.9 579.7 577.5 574.7 572.2 569.3 566.7 565.2 564.7 564.3 562.9 559.9 555.8 548.3 534.8 517.7 517.6 520.9 526.1 530.3 531.8 537.6 541.8 544.5 546.8 551 556.9 563.3 565.8 566.5 566.5 568 567.6 562.6 555.2 549.9 543 534.1 523.7 518.5 514.7 502 502 497.8 496.1 498.2 499.7 504 510 513.3 515.9 518.3 517.9
550.5 552.9 555.6 556.8 557.4 558.7 560.6 563 564.9 566.1 565.4 565.9 566 569.9 571.6 575.6 578.4 581.2 582.9 583.8 584.2 584.8 585.7 587.1 587.3 585.2 581.9 577.7 575.4 572.4 570.2 566.8 566.3 566.3 565.3 562.7 558.1 553.5 541.8 525.4 524.6 524.2 525.8 529.7 533.7 537.8 541.5 547 548.2 553.1 559.5 566.5 568.4 569 567.7 569 568.5 569.3 565.1 558 551.9 544.4 535.7 528 524.3 514.6 513.5 509.1 504.3 504.3 503.7 504.9 513.9 520.3 524.2 526.6 530.1 529.4
548.7 550.9 553.6 554.9 556.6 557.7 559.6 561.9 564.4 564.7 565.8 565.8 568 570.4 574.2 576.4 579 581.1 582 582.9 584.5 585.3 586.1 588.1 588.4 586.3 583.7 579.6 575.8 572.7 569.9 568.6 567.2 567 564.8 561.2 556 549.1 531 531.2 530 528.6 531.1 535.1 538.7 543.9 549.1 553 554.5 562 570.7 576.3 575.5 572 569.1 570.7 571.5 570.8 567.8 562.3 553.6 544.8 537.5 532.9 529.1 524.9 520.2 515.6 515.6 516.7 512.3 513.8 522.9 530.5 534.1 535.6 536.5 538.5
547.9 548.5 551.4 552.4 554.4 556.6 557.3 561 562.8 564.7 564.4 566.7 570.1 572.6 573.6 576.7 579.1 581.3 582.6 583.5 584.4 585.2 586 587.8 588.3 587.2 585.9 581.7 577.3 574 571.3 570.9 570 567.2 563.7 558.5 552 541 530.7 536 533.5 534.9 537.5 540.3 544.7 552 557.7 558.9 563.1 570.4 576.4 578.8 578.5 574.9 571.5 572.9 575.1 576.6 576.1 572.2 562.2 551.6 543.3 537.1 539 531 526.8 528.8 525.7 526.5 519.3 523.6 531.1 538 541.5 542.5 543.5 545.2
546.4 547.9 547.8 550.8 553.5 555.5 554.9 558.5 561.9 564.2 564.7 567.8 572.1 574.5 575.4 578.7 579 580.4 581 583.3 584.4 585.1 585.6 585.8 586.4 587.8 587.3 583.9 579.5 576.9 574.5 573.7 571.1 566.8 562 555.5 549.7 536.7 541.4 541.2 540.8 541.5 540.9 547.7 552.8 559.7 565 566.4 571.7 576.8 579.2 581.3 581.2 579.5 577.8 580.6 582.3 583.2 583.5 580.7 573.3 561.8 550 547.8 546.3 539.4 536.9 534.2 534.6 535 527.2 530.3 537.1 541.6 545.9 548.2 549.3 550.2
545.6 547.4 549 551.6 553.4 556 558.3 561 563.5 565.6 567.7 569.8 573.9 574.8 575.4 578.5 577.5 578.1 580.1 582.6 583.9 585 583.1 584.5 585.2 587.7 587.7 586.8 584 581.1 578.3 575.1 571.1 565.7 559.8 554.2 544.3 541.4 546.4 546.4 546.5 549.1 550.6 554.8 561.3 566.9 570.7 573.8 576.8 578.3 580.6 582.7 583.9 583.2 583.2 582 584.9 585.6 585.1 582.6 580.9 574.5 562.6 552.9 550.1 548.2 543.3 542.9 542.9 542 539 541.7 541.8 544.5 548.6 553.1 555.1 555.8
545 547.7 550 552.7 554.8 556.4 558.6 561.8 565 567.5 570.3 573.5 575.8 576.6 575.7 578.4 578.3 578.6 580.7 581.4 581.6 582.5 583.5 584.7 585.4 587.3 588.9 588.3 586.2 583.5 579.8 575.8 570.7 564.5 557.9 545.9 551.9 552.9 554.6 551.9 555 556.7 557.9 555.3 565.8 569.8 573.8 576.9 577.9 579.7 579.8 582.4 583.6 584.4 585 584.9 584.4 584.3 585.6 585.7 586.5 585.1 579.1 557.8 557 555.1 551.3 549 548.2 549.1 546.6 554.4 550.6 550.8 556.1 560.4 564.7 565.1
544.8 548.1 551.3 554 555 556.4 559.2 563.9 568.2 571.3 573.6 575.6 577.4 578.7 579.2 579.3 577.9 577.9 578.5 579.6 580.8 581.9 583.7 584.5 584.9 586.3 588.4 589 587.3 583.7 579.9 575.7 570.2 563.8 553.5 555.4 557.6 557.4 558.8 560 563.3 562.6 564.6 566.8 567.5 571.5 577.1 580 580.6 581 581.1 581.5 582.6 582.4 585.4 586.1 586.5 587.9 591.1 592.1 591.6 592.9 591.7 576.7 562.5 566.2 558 557.6 557.7 557.4 559.9 559.3 559.3 559 562 567.2 571.6 574.8
544.6 548.7 551.6 553.6 555.1 556.6 559.6 563.8 568.7 571.8 574.5 575.7 576.9 578.2 579.3 579.8 578.2 575.7 579.4 581.3 583.2 583.7 583.6 582.7 582.6 584.8 586.4 586.8 585 581.7 578.3 574.8 569.4 558.1 557.5 560.3 560.8 561.7 563.5 567.2 568.5 569.9 571.5 570.4 569 574.6 579.6 582.1 582 581.3 580.6 581.9 583.1 585.3 590.4 593.4 595.6 595.7 599.6 600 599.8 598.6 597.6 593.9 578.6 577.4 571 572.2 570.9 568.2 568.1 568.6 568.7 569.9 569.4 576.4 584.4 585.3
542.9 547 550.2 552.2 554.5 556.4 559.4 562.3 565.8 569.5 572 573.6 575.1 576.9 578.2 578.5 578.3 573.5 579.2 580.4 581.3 581.5 582.4 582.3 581.4 583 584.4 583.8 581.7 579.2 576.4 572.2 563.4 567.1 565.3 564.9 566.2 565.3 569.5 572.6 573.8 575.1 576.3 574.2 575 579.7 583.2 585 584.3 583.3 584.5 585.8 588.8 595.3 598.9 601.3 602.2 602.4 604.7 604.5 604.5 603.2 602.7 600.7 600.1 599.3 596.4 590 583.8 580.7 581.8 578.6 584 580.1 585.4 594.4 596.4 596.4
547.5 550.1 551.9 553.4 555.4 556.4 559.2 561.3 563.8 566.8 569.3 570.8 572.4 575.3 576.2 574.2 571.4 576.2 574.2 579.3 580 580.9 581.8 582 581.5 581.4 582.8 581.1 578.6 577 573.4 576.5 574.9 574.7 573.1 571.3 569.8 568.7 574.2 577.1 578 580 580.7 578.9 579.3 581.9 586.3 587.5 586.9 587.4 588.7 591.6 594.3 600 603 604.8 604.4 606 606.5 604.7 605.8 606.1 606.1 605.1 604.5 603.2 603.1 601.4 599.1 595.4 595 591.7 591.3 596.6 600.8 602.3 603.5 604.7
547.5 550.9 552.2 554.5 556.8 557.2 559.1 560.6 562.8 564.9 565.7 567.6 568.6 571.7 571.1 574.8 577.9 579 578 575.7 579.3 580.4 581.5 581.6 582.5 582.5 581.2 577 575.9 574.3 574.8 577.4 579.9 580.4 579.3 577.8 574.9 573.7 578.1 578.1 580.4 582.5 583.6 583.3 586.3 587.4 588.5 589.4 590.9 590.1 593.1 596.7 598.2 604.1 607.1 609.5 609 608.3 608 606.7 608 605.4 606.9 607.1 608.4 607.6 606.4 607.5 605.9 605.4 605.8 605.3 605.5 603.9 607 606.9 607 607.3
547.5 550.6 552.7 555.1 557.6 559 560 561.3 562.2 562.8 563 563.3 565.1 568.3 574.4 576.9 579.2 580.4 579.7 580.6 580.4 582 582 582.6 583.9 583 580.9 578.9 574.7 576.9 575.5 579.1 583.8 585.7 584 581.9 580 579.2 579.6 580.6 580.5 583.7 586.2 586.7 588.3 591.8 591.7 591.8 593.4 594.3 597.5 600.7 603.6 605.9 608 611.9 613.8 612.8 611.5 609.8 608.8 608.4 611 610.2 612 612.1 611.4 610.5 609.9 610.6 610.7 611.6 611.2 610.8 612 612.5 611.8 611.9
546.6 549.5 552.5 555.6 557.9 559.2 560.2 561.2 561.5 561.1 560.6 562.7 565.9 570 573.6 576.8 579.2 580.6 581.8 583.3 583.9 582.1 581.9 583.3 584 581.8 580.6 577 579.5 579.1 577.8 580.2 584.6 587.9 587.7 585.5 582.6 579.7 578.9 580.9 581.3 583.1 587.1 589.2 590.6 592.8 593.7 594.4 596.3 598.2 601.8 604.6 606.9 608.9 613 614.8 616.1 616.6 615.3 613.1 613.6 613.3 614.7 614.7 615.1 613.9 615.6 614.3 615 613.1 613.9 615.2 616.3 615.5 616.5 617.6 615.7 614.9
543.8 548 550.6 554.3 557.3 558.4 558.3 560.1 559.7 559.5 560.4 562.8 565 568.6 572.4 575.7 578.1 579.9 582.6 584.4 584.5 583.2 582.7 583.2 581.3 579.8 580.4 581 581.5 580.8 579.3 581.4 585.1 587.4 587.9 586.7 583 579.4 579 580.9 582.1 585 588.1 590.3 590.8 594.3 595.2 598.1 600.2 603.4 607.4 611.6 614.9 617.8 620.8 621.6 622.5 622.2 621.7 618.6 620 618.9 619.3 618.6 619.3 618.7 619.1 618.9 617.9 617.3 617.5 616.6 617.3 617.6 619.2 617.7 617.9 617
540.5 545.1 547.8 549.6 550.8 549.1 556.9 553.6 554.6 557.6 559.9 561.9 566.8 568.5 571.3 574.4 576.7 579.2 582.3 584.2 582.8 583.8 582.6 584.8 582.7 582.9 582.3 583.3 584.1 583.3 580.2 582.5 584.9 587 587.8 585.9 582.8 580.7 580.1 580 583.6 586.3 589.1 591.1 594.3 595.7 601 605.2 607.9 610.6 616.5 622 625 628.6 631.1 631.7 632.4 632.2 632.4 631.6 631 625.8 626.5 624.1 623.2 623.7 623.7 622.5 621.2 621 618.4 618.4 618 618.8 618 617.4 617.5 616
535.7 540 539.8 537.9 552.1 556.6 560.5 560.5 560.2 561.9 562.6 564.4 567.6 568.1 571.1 574 575.6 578 580.6 583.9 585.6 585.8 585.6 585.6 585.1 585.8 585.2 586 586.7 585.4 582.6 585.8 586.7 587.3 587.7 585.5 583.5 583 584.1 585.6 588 588.3 590.7 594 598 602.1 606.5 611.7 619.7 621.9 627.3 630.7 633.2 635.1 637 638.3 639.3 639.7 640.1 639.8 638.7 638 634.5 633.6 630.1 627.6 627.1 625.8 624.8 623.2 621.4 620.1 620.1 619.1 618.8 618.6 618.6 617.4
541.1 536.7 540.6 547.3 549.8 555.5 560.3 562 561.9 563.7 563.3 565.1 568.8 570.8 573.2 575 573.6 576.3 578.8 582.9 586.8 586.7 585.6 587.7 588.7 589.1 587.9 588.8 588.9 587 586 587.3 589.1 588.4 588.5 586.7 586.9 586.2 588.9 591.6 592 592.3 597 600.9 606.7 613.3 619.1 624.3 627.7 630.8 632.8 634.5 635.9 638.6 640.1 641.7 642.9 643.7 643.1 644.9 643.7 643.6 641.6 640.4 637.8 633.6 631.1 629.2 627.9 626.6 624.8 621.8 620.5 620.4 620.7 619.9 619.9 617.2
545 545.5 546.2 546.8 549.5 553.5 558.7 561.1 562.6 564.7 566 566.6 569.3 571.5 574.8 576.3 577.5 578.1 581.2 585.6 587.7 587.3 587.4 589.3 591.6 591.9 591 591.1 590.6 588.1 589.8 589.4 590.8 590.1 590 589.9 589.7 591.8 595.3 598.3 599.2 602.5 608.1 615.3 621.7 624.6 628 630.9 632.2 633.7 635.8 637.3 638.2 640.1 642.9 644.4 644.9 646.2 646.6 645.9 645 646.3 646.2 644.7 642.2 639.3 636.7 633.2 629.9 626.7 624.3 625 622 622.6 622.2 621.1 619.9 619.3
548.3 548.5 547.3 548.1 548.7 551.8 556.1 558.6 561.9 565.1 566.9 568.5 569.7 573 576.4 578.3 579.3 581.3 584.2 587.6 588 586.9 589.2 590.6 594 594.3 594.5 593.6 593.1 591 592 592.6 593.6 591.8 592 593 593.3 595.1 599.4 605.4 609.9 615.5 621 624.5 627.6 629.6 631.7 633.1 635 635.3 639.1 641.8 643.9 644.6 646 648.2 649.9 649.4 649.3 648 647.6 646.4 646.6 647.2 646.9 644.4 640.3 637.3 632.4 629.9 625.7 624.9 624.8 622.4 622.2 619.9 618.5 618.1
550.9 551 549.5 548 548.3 550.6 554.1 557.5 560.7 564.8 567.7 569.2 571.3 573.6 576.8 579.5 582.3 584.3 585.7 587.4 587.7 589.5 591.4 590.4 594.4 595.8 596.8 597 596.3 595.2 595.2 596.7 597 597.3 600.1 600.2 600.4 604 608.9 613.7 617.9 621.5 624.1 625.6 627.6 630.7 633.7 634.7 638.5 643.4 647.7 650.9 653.2 654 656.2 656.5 655.9 654.4 652 650.8 650.1 648.6 646.9 647.1 648.4 647.4 645.1 641.7 637 632.9 629.6 627.3 625.6 623.7 622.1 619.7 618.1 617.3
