ny/ny90_OST50GRID_20230518/NY90.asc
ncols 200
nrows 200
xllcorner 390000
yllcorner 500000
cellsize 50
[rows 140 to 174 of 200, columns 78 to 155 of 200]
550.9 561.7 570 574.8 579.2 583.2 582.9 586.1 588 588.5 587.8 588.4 586 583.1 582.8 581.3 578.7 575.9 573 570.3 566.7 569.1 567.9 566.8 566 564.9 562.6 557.1 552.9 550.4 549 547.4 545.5 543 540.7 537.2 534.8 531.2 533.7 533.7 537.3 539.6 541.6 543.8 546.2 549.1 553.3 556.1 557.6 559.4 561.1 562.3 563.4 563.5 563.6 565.3 566.2 567.8 568.4 567.3 566.7 564.9 564.7 564.6 562.5 560.5 559.3 559.3 559.5 557 553.8 554.1 553.8 552.1 549.6 546.3 542 538.2
545.5 555.8 562.1 571.2 578.7 584 586.3 587.9 588.5 590.3 588.4 589.1 588 584.5 582.2 580.1 578.5 578.1 573.7 573.6 570.3 572.7 571.5 571.8 570.6 568.2 563.7 558.1 553.2 551.6 549.7 548 546.1 544.5 541 538.9 536.9 534.6 532.8 533.6 536.6 538.6 541 543.4 546.7 550.2 552.6 554.9 557 560 561.6 563.9 565.2 566.1 567.5 569 570.4 572.3 571.9 571.8 571.5 570.1 569 567.9 566.4 565.1 564.1 564.1 563.5 560.6 558.2 556.5 554.8 552.9 549.7 549.5 548.4 545
544.2 551.2 558.9 566.1 573.6 583.5 587.3 589.5 590.4 591.1 591.4 590.2 588.5 583.7 582.8 581.5 578.5 576 576.9 576.5 574.9 576 574.7 573.6 571.8 568.9 564.2 558.5 553.4 551.8 550.2 548 545.9 543.6 542.6 540.1 538.5 536.2 534.9 533.9 535.3 537.2 539.5 542.6 546 549.3 551.9 555 557.3 559.6 562.3 564.5 566.5 568 568.8 571.5 572.8 573.8 574.8 575.3 575.3 574.7 573.7 570.8 568.7 568 566.5 565.1 563.4 561.3 558.4 556.1 554.2 552.3 550.6 548.9 548.6 547.6
538 548.9 554.6 560.9 568.6 577.8 586.2 589.7 590.8 591.1 590 589.9 588.7 584.9 582.9 581.7 578.3 578.7 577.5 577.9 577.1 578.4 576.7 573.5 572 568.5 564.5 558.9 554.3 551.7 549.4 547.4 546.5 545.4 543.4 542.9 540.7 537.8 534.7 533.4 534.2 535.7 537.9 540.7 543.4 548.4 551.3 554.3 556.8 558.6 562.1 564.7 566.5 569.1 570.9 573.1 574 574.9 576.2 577.3 576.7 575.4 574 571.7 571 569 565.3 560.9 558 557.3 555.3 552.7 551.5 550.1 547.9 546.5 546.9 547.4
527.7 546.1 553.7 558 564.7 572.3 581.4 587.4 589.8 590.1 590.3 590.2 587.8 585.1 582.6 582.5 580.6 580 579.6 580.3 579.7 579 577.3 573.3 571.6 568.1 563.3 558.9 555.2 552.7 550.2 547.2 545.7 544.6 545.7 544.5 541.7 538.7 534.2 532.7 533.5 534 535.8 539.2 542.7 547 550.5 553.9 556.4 558.8 561.4 564.8 567.4 569.6 571.8 574.1 575.1 576.2 577.2 577.7 577.4 576.4 575.8 573.7 571.9 569.2 566.5 561.5 556.2 551.3 553.1 550.1 546.9 546 544.7 543.6 543.7 543.8
516.1 537.4 551.1 557 561.8 568 575.2 582.9 588.2 589.7 590.2 589.8 586.1 584.1 581.4 580.4 582.4 581.6 580.6 580.9 581.4 579.7 577.1 573.9 571.8 567.9 564.5 561.7 558.8 553.7 549.6 547.7 547 546 547 545.8 543.2 538.5 533.6 532 532.2 532.5 533 536.1 540.5 544.6 548.8 553 556.1 558.9 560.1 563.7 567.4 570.1 572.6 574.2 575.3 576.3 577.4 578.1 579 579.8 579.9 577.9 574.7 569.1 564.5 559.2 554.2 548.3 545.9 545.3 543.9 540.9 539 539 539.5 539
500.5 529.9 546.8 554.6 559.2 564.7 569.6 576.5 584.4 589.2 590.1 588.7 585.1 582.8 583.3 583.5 583.1 581.6 582.7 582.9 581.9 582.1 579.3 575.4 572.9 569.6 567 563.6 561 555.8 553 549.2 548.2 546.7 547.3 546.9 543.2 537.5 533.4 531.2 530.3 531.1 531.3 533.5 538.5 542.1 547 551.2 555.2 558.4 560.4 562.6 565.8 569.8 572.6 574.4 575.4 576.5 578.1 581.1 582.3 583 582.3 580.3 577.9 570.5 563.6 559.5 555.4 550.5 550.8 550.5 541.8 536.2 535.4 532.4 533.2 533.3
498 523 537.5 553.1 557.7 561.7 567 573.8 581.6 588.3 589.8 588.7 584.6 584.5 583.6 585.3 583.7 584.3 583.8 584.1 584.2 583.8 580.8 576 574 572.1 569.4 565.7 561.8 558.6 554.5 550.9 548.9 548.5 548.2 546.3 541.5 536.3 532.9 530.6 527.9 529.2 529.7 530.9 535.4 539.4 545.1 550.2 553.4 557.2 560 561.8 564.8 569.1 571.5 573.6 574.9 576.1 578.1 579.6 581.7 581.7 580.4 578 574.1 570 564.4 559.2 555.9 554.4 555 551.9 546.2 540.6 534.5 529.7 527.3 526.7
487 505.8 535.6 548.1 556.5 561.5 567.1 573.5 581.2 588 590.8 589.9 586.7 583.4 585.6 585.8 585.1 585.2 585.1 584.7 584.8 584 581.3 577.5 575.9 574.1 571.2 567.8 563.3 560.2 556 553.2 550.8 549.7 547.5 544.9 540.1 533.6 529.8 527.9 527.2 527 528 528.8 532.4 536.4 541.4 547.3 551.5 555.3 558.2 560.3 563 567 569.6 571.9 573.6 575.2 576.4 577.3 578.9 579 578 576.4 572.2 569.7 566.1 562.6 559.4 556.8 555.5 550.6 546.2 542.3 536.8 530.7 525.4 521.5
476.6 502.9 530.7 545.4 556.4 561.7 567.4 575.3 579.8 586 590.5 590.3 587.5 587 587.3 586.4 587 586.6 585.2 584.2 584.2 583.8 581.3 578.3 576.8 575.4 571.7 568.7 564.6 561.8 556.9 554 551.7 548.5 546.1 542.6 536.3 529 525.6 524.3 523.6 524.4 526.5 527 528.3 532.4 536.7 542.8 547.5 551.9 554.8 557.8 560.3 564.7 566.9 569.9 572.7 575 574.3 575.6 575.8 576.2 575.2 573.2 571.5 568.8 565.5 562.2 558.3 556.5 556.2 549.1 544 540.4 536.5 530.4 527.4 522.8
480.3 504 523.9 541.5 554.3 561.8 567.5 575.3 579 583 589.5 590.9 589.1 588.8 588.6 587.9 587.9 586.9 584.9 584.6 583.9 583 580.8 578.7 576.8 573.8 571.3 568.6 566.1 561.5 557.6 553.5 551.6 548.2 544.1 540.5 530.9 525.5 522.4 521.5 520 522.4 523.7 524.2 527 529.1 531.8 536.4 542.7 547.2 552 555.1 558.6 561.5 565.2 568.1 570.6 571.7 574.4 573.9 574.1 574 573.4 573.2 570 565.7 563.3 560.3 556.4 553.1 550.7 546 541.9 538.2 534 529.4 526.7 524
473.4 502.8 520.4 539 550.9 562 567.7 574.3 577.2 581.1 585.6 588.8 589.7 589.6 589.6 588.8 588 587 584.9 583.6 583.4 581.7 580.3 578.3 576.2 573.7 570.7 568.5 566.5 562.9 557.8 553.6 550.9 547 541.3 538.6 532.8 524.5 520 519.5 518.9 519 519.8 521.5 523.9 526.7 529.2 533.4 537.9 543.3 548.8 552.2 556 558.7 561.6 565.6 567.2 569.6 570.9 570.7 570.8 570.4 569.7 567.7 565.4 561.7 558.7 555.7 552.6 549.9 546.7 543.3 538.8 536.7 532.6 528.2 526 523.5
476.9 502.8 512.9 531.4 549.1 561.7 567.4 573.1 579.4 581 584.3 587 588.6 590.1 589.4 588.8 587.7 585.6 584.1 583 582.3 580.8 579.5 578 576.2 574 570.8 568.7 565.5 563.4 559.8 555.6 553 548.6 542.4 537.9 532.2 524.6 517.2 516.7 516.3 516.9 516.4 518.8 521.8 524 527.1 531.6 538.8 541 542.8 550 553.6 556.7 560.5 563.2 564.6 565.9 568.2 567.4 567.5 567.4 567.3 565.5 563.4 560.4 557.4 553 550 546.5 543.4 540 537.6 534.7 531.3 527.7 524.7 522.4
482.8 500.1 511.9 524 547 560.5 567 572.7 579.7 580.7 583.7 585.2 585.7 587.5 589 588.6 587 584.6 583.1 581.7 581 580.1 578.9 577.7 576.2 574.1 571.2 568.3 565.8 563.9 561.4 557.6 553.8 549.5 544.6 539.3 531 524.1 518.1 513.7 513.3 515 512.4 516.3 519.7 522.3 525 530 533.8 536.8 540.7 546.7 552.4 554.6 558.4 560.2 561.9 563 564.2 565.7 566.9 567.2 567.2 565.3 563.1 560.4 557.1 553.5 548.9 543.8 540.5 538.2 536.3 533.7 530.9 527.7 524.4 520.4
487.3 508 513.3 521.4 545.6 558.3 567.2 573.8 578.4 581.9 583.4 584.2 584.7 586.5 587.9 588 585.8 583.6 582 580.8 579.4 578.2 577.9 576.6 574.9 573 570.4 567.8 566.6 564.4 560.2 556.5 553.3 548.9 543.7 537.4 530 524 517.5 514.8 508.1 510.4 507.1 512 516.8 520.5 523.7 528.1 532.8 536.1 539.1 545.4 550.5 553.2 556.7 558.8 560.2 561.2 562.8 564.5 566.3 567.5 566.8 564.5 561.6 559.2 556.4 552.9 549.3 544.5 540.9 538.1 535.2 532.6 529.5 526.2 523 519.6
489 508.5 517.6 523.9 546.1 556.7 566.1 574.1 579.2 582.5 583.2 583.9 583.5 585.5 586.5 585.9 584.6 582.4 581 579.6 578.1 575.4 576 574.5 572.5 571.1 569.4 567.7 565.1 560.9 558.2 555.5 552.1 547 540.7 534.2 529.7 524.1 518.3 514.7 510.6 503.8 506.6 511.2 514.8 518.9 523.2 526.3 531.5 534.8 538.5 544 549 551.8 555.3 557.9 559.3 560.1 561.6 563.4 566 567.3 565.3 563.1 560.7 558 555.5 552.3 548 545 541.5 538.4 535.3 532.4 528.9 526.3 522.6 518.7
492.6 508 516.9 534.6 547.9 555.5 564.2 572.8 579.3 583 583 580.6 582.7 583.3 583.5 583.4 582.2 580.7 579.3 578.1 577 574.9 574.5 572.2 571 569.3 567.9 565 562 559.5 556.6 553.2 549 543.6 537.5 530.6 528.1 522.2 517.4 512.8 509.6 505.9 502.4 509 512.6 517.4 520.9 524.9 529.8 532.9 536.6 542.8 547.6 550.2 553.9 556.9 558.2 559 560.6 563.7 566.2 566.9 564.9 562.8 560.3 557.5 554.6 551.7 548.8 545 541.7 537.9 535 531.7 529.1 525.8 522.3 518.1
494.4 508.6 520.8 537.7 548.4 554.8 562.8 571.4 579.5 581.9 581.6 580.7 581.5 582.2 581.5 581.2 580.4 578.9 577.3 576.4 575.3 573.8 571.8 570.4 568.4 566.7 565 562.1 560.1 557.4 553 549.1 545.5 540.5 534.1 530.7 526.5 520.1 517.2 510.5 508.7 504.6 499.6 507.4 511.4 516.5 519.7 523.4 528.2 531.4 535.1 541.3 545.7 549.1 552.3 555.5 557 557.7 559.6 563 565.9 566.7 564.9 562.5 560 556.8 553.7 551.4 548.4 545.5 542.8 538.9 535 532.3 529.6 526.4 522.9 520.3
502.1 512.3 522.9 539.4 549.4 554.7 561.9 570.2 579.3 579.9 578.5 580 581.5 581 580.3 579.8 579.2 576.4 576 573.5 573.5 571.7 570.1 566.3 565.5 564.4 562.1 558.7 555.2 551.5 548.7 545.4 542.8 538.6 534 530.5 526.5 523.4 517.7 511 506.4 502.2 498.5 504.5 508.7 513.5 516.9 520.7 526.3 530.4 534.4 540.5 544.4 548.4 551 554.3 555.7 556.5 558.7 562.1 565 566.2 564.3 562.3 560.3 560.2 555 551.5 548.9 547.2 543.9 539.9 535.5 533.3 531 528.2 525.3 522.5
506.5 515.8 523.7 540.5 550.2 555.2 561.5 571.4 578.3 577.6 578.9 579.1 580.9 580.1 579.8 576.3 577.6 575.8 573.2 573.1 572.2 570.6 568.4 566.1 564.2 561.8 558.3 553.2 549.1 546.2 544.5 542.3 540.9 538.9 535.6 531.6 525.3 520.3 514.6 509.4 505.3 500.2 491.8 501.7 508.2 512.2 516 520.6 524.9 529.4 532.6 538.6 543.5 546.8 550.1 552.4 554.2 555.2 557.5 560.3 564.1 565.4 563.6 561.9 561 560.2 555.4 552.9 550.7 548.4 545.3 541.1 536.8 534.3 532.7 530 527 524.5
508.9 517.2 524.4 539.8 550.6 555.8 560.3 570.1 577.1 580.1 580.1 580.9 580.6 580.2 579.4 577.9 575.6 574.5 572.3 571.5 570.3 568.9 566.7 565.1 562.7 556.9 552.3 548.4 545 543.5 541.6 539.6 538.1 534.8 531.6 527.8 522.9 518 511.7 506.9 502.9 497.2 489.7 497.1 503.5 510.7 513.7 517.8 521.8 526.8 530.7 536.4 541.8 544.6 548.4 552.2 553.2 554.1 555.7 558.7 562.2 564.1 563.4 560.8 559.3 556.7 556.2 554.7 552.8 550.8 548.3 543.6 540.2 537.2 534.9 532 528.3 525.9
510.1 517.5 524.7 538 548.7 556.3 560.6 566.4 575.5 578.3 580 580.3 579.8 579 578 576.5 574.6 573.6 570.9 570 568.7 566.7 565 562.5 559.3 553.6 547.6 545.3 541.6 539.7 537.7 535.7 533.4 530.2 527.4 523.8 519.3 514.1 509.2 504 500 494.5 492.7 494.4 499.1 506.2 510.8 514.3 518.3 523.4 527.7 534.4 539.6 543.5 547.6 551 552.4 553.5 554.8 556.5 559.3 561.2 562.3 561.1 559.7 558.2 557.8 556.6 555.1 553.1 550.8 546.3 542.8 539.8 536.5 533.6 529.9 527.6
511.1 519.9 526.1 536.2 547.1 554.7 560.1 565.1 573 575.7 578.7 578 576.9 577.3 576.3 574.7 573.2 571.7 570.3 568.4 568.1 565.7 561.9 558.3 555.4 551.9 549.3 545 542.2 538.5 535.1 533.4 530.1 526.7 522.2 516.7 513.2 509.2 504.7 500.3 496.3 493.6 486 493.1 496.5 503.8 507.3 510 514.9 521 524.8 532 537.3 541.8 546.6 549.9 551.1 552.1 553.3 554.6 556.5 557.9 559.6 560.8 560.3 559.8 559.3 558.5 557.4 555.5 553 548.8 544.7 542 538.3 536.1 533.5 531.8
512.3 520.1 526.2 534.2 543.9 552.3 558.7 564 567.6 572.8 574.2 574.5 575.8 574.9 574.2 571 570.4 569.9 569.3 567.6 566.2 563.7 559.5 554.2 553 549.9 547.1 544 541.3 538.2 533.6 526.8 522.9 519.3 515.1 510.5 507.1 504.4 500.4 495.8 492.7 488.7 482 490.7 494.6 497.7 502.7 506.4 511 517.5 522.8 527.1 535.7 540.9 545.6 548.6 551.4 552.3 552.7 552.8 553.7 555.8 557.1 558.8 559.7 560.2 560.1 559.7 559.1 558.1 555.1 550.9 546.7 544.3 540.9 538.8 536.7 534.9
510.3 519 526.2 532.1 541.2 550.5 557.3 562.4 565.9 569 572.1 572.4 573.5 573.1 570.3 568.4 568.2 566.7 566.4 566.6 564 559.6 557.1 553.5 549.8 547.2 544.1 541.7 537.8 534.8 527.3 515.5 511.3 509 506.1 504.6 502.1 499.9 497 493.4 490.1 487.4 484.2 486 486.9 488.6 496.9 501.6 505.8 512.8 519.3 523.1 528.3 537.9 544.9 547.2 549.9 550.9 551.2 551.2 551.9 553.8 554.9 556.5 557.5 558.4 559.5 560 560.3 559.7 556.5 552.4 548.5 545.8 543.6 541.7 540.1 538.4
510.2 518.2 525.2 531 538.4 547 554.7 559.3 563.6 566.9 569.8 571.5 571.4 571.2 570.1 567.7 565.7 563.2 562.2 561 559.6 557.3 555.3 553.4 548.9 547.5 546.4 544.9 541.4 536.2 529.4 521.5 516.3 510 505.4 501.2 499 497.8 494.6 491.4 488.7 485.8 483.7 477.1 482.2 485 487 491 501.4 507 513.5 520 524.3 529.3 540.3 545.2 547.5 548.9 549.6 549.9 549.8 551.3 552.6 554 554.7 555.2 555.5 556.7 557.4 556.8 555.2 552.3 549.7 547.6 545.1 543.7 542.6 541.4
508.3 517.1 523.6 530 536.1 543.4 552.1 557.1 561 564.6 567.1 569.4 569.8 570.2 567.9 568.3 568 567.8 566.7 565.9 563.9 560.6 558.8 557.8 556.1 554.3 551.6 546.5 541.8 537.1 531.6 526.5 521.4 515.1 508.8 504.8 496.3 494.3 491.6 489.5 484.6 480 477.5 475.3 473.9 480.5 482 483.9 493.2 501.2 506.1 512.8 517.7 522.5 526.3 534.8 543.2 545.9 546.9 547.5 547.1 548.4 550.1 551.3 552 552.7 552.8 552.5 552.4 552.7 552 550.9 549.7 548.7 546.5 545.3 544.9 544.1
503.8 513.1 521 528.6 536 542.6 550.3 555 558 561.3 564.3 567.3 571 571.1 571.9 570.7 572.4 571.1 569.6 568.5 566.8 563 560.9 560 558.7 556.9 553.5 547.2 542.6 539.1 534.1 529.3 522.6 513.2 504.6 502 499.9 501.5 499.1 493.9 491.1 485.4 481.7 478.5 470.2 474.9 475.9 476.5 480.4 491.5 499.3 504.5 510.1 513.1 519 522.1 530.6 539.2 542.9 543.8 544 545.5 547.8 549.1 549.3 549.1 548.6 548.2 548.8 549.3 549.1 549.2 549.9 549 548 546.9 546.9 546.7
483.5 505.8 516.4 523.9 530.9 538.4 544.7 551.7 554.6 558.1 562.6 565.6 571 570.8 572.7 572 572.3 571.7 571.4 570.3 568.1 564.7 562.7 561.6 560.5 558.6 553.9 548.2 544.8 540.3 534.8 528.7 520.6 509.8 507.5 510.1 513.5 510.4 506.2 503.1 496.5 490.1 483 477.1 477.5 467.2 475.2 475.1 478 484.3 489.1 492.6 501.3 507.5 510.2 515.2 519.8 532.6 538.1 540.4 541.4 542 542.9 545.7 546.4 546.5 545.8 545.9 546.2 546.6 547.6 547.9 549.2 549.5 548.7 548.6 548.5 548.7
469.9 484.8 505.6 511.9 523.9 523 539.2 544.8 548.6 555.1 560 563.5 566.8 569.6 570.8 571.4 571.7 571.1 570.1 568.8 567 564.7 563.6 562.9 561.4 558.8 553.4 548.4 543.9 539.3 533.1 525 514.9 519.6 519.7 519.9 519.1 513.8 510.2 504.7 498.2 496.3 490.6 483.7 477.3 474.2 466.7 468.3 473.7 479.2 483.7 487.9 493.9 500.2 504.2 508.5 512.5 523.6 532.7 536.7 537.7 539 539.8 541.1 541.8 542.3 543 544.2 544.4 544.9 546.1 547.6 548.8 549.7 549.3 549.2 550.1 550.4
453.9 465.8 479.7 499.2 510 524 527.6 520.9 546 551.5 557.3 561.9 565.3 567.4 569 570.2 569.4 569.4 568.8 567.9 566.6 565.4 564.1 562.7 560.2 556.5 552.7 547.9 539.4 532 523.6 523.4 530.4 530.6 528.1 527 522.8 517.4 513.6 509 505.4 498.7 492.2 488.5 481 474.4 471.4 462.5 465.8 473.9 477.9 483.1 488.6 493.8 498.9 501 505 512 520.2 529.7 533.2 535.4 538 539.3 540.2 540.9 541.7 542.7 543 543.9 544.3 546.8 548.4 549.2 549.6 549.9 551.7 553.2
431.5 451 472.9 487.2 502.2 508.2 505.8 529.9 537.8 548.9 554.4 559.7 562.3 564.3 564.4 566.9 566.5 565.7 564.5 564.8 563.1 562.7 562 559.9 556.8 551 547.2 544.2 537 533.7 533.7 536 535 539.5 536.5 533.3 528.4 523 518.6 512.1 507.7 501.3 493.8 487.5 482.6 472.8 469.6 469.7 464.5 459.2 473.1 477.2 486.4 489.7 491 494.3 499.2 507.3 514 518.2 528.5 531.8 534.9 536.5 537.8 538.5 538.6 541.1 540.9 542.9 543.3 545.4 546.9 548.3 549.6 551.8 553.9 555.3
421.9 440.9 463.9 470.5 473.8 491.7 512.2 522.3 528.7 540.2 550.4 555.9 559.3 560.9 562.4 563 563.9 563.3 563 561.9 560.9 558.4 556.6 553.8 549.3 548.5 545.2 540.6 544.9 545.4 543.6 544.8 543.7 542.3 538.9 534.9 531.3 525.5 519.7 511.4 507 498.5 492.3 485 480.1 473.5 470.1 466.8 464.2 458.1 465.8 470.6 477.7 484.3 486.7 490.6 496.3 500 504.3 510.5 519.9 525.8 529.1 532.4 533.1 535.1 536.7 539 539.7 541.9 543.3 545.3 547.5 549.8 551.4 553.5 555.4 556.9
412.4 428.3 445.4 461.5 487.4 499.4 510.9 516.5 521.9 533.2 544.8 552.7 557 559.1 560.3 560.5 560 560.3 559.6 558.4 557.6 555.2 553.8 550.2 547.6 548.7 549.5 550.7 550.7 550.5 550 549 547.9 546 541.6 536.4 531.3 526.2 520.6 515 508.5 501.8 491.8 484.8 479.6 476.4 471.7 465 459.3 453.2 458.5 464.2 471.6 478.2 484.2 487.4 490.8 495.8 499.4 502.3 506.5 511 511.1 512 516.6 522.6 530.8 534.2 536.7 539.2 541.6 543.8 547.1 549.5 552 554.6 556.5 558.7
401.7 416 438.4 453.5 479.9 493 497.1 510.5 518.9 525.3 540 549.2 554.1 557 559 559.5 560.1 560.6 558.7 556.9 554.2 551.4 549.8 553.1 555.9 556.2 556.5 555.4 555.3 555.2 554.2 552.5 550.8 548.7 544.8 540.1 533.7 527 522.4 517.3 510.7 503.7 496.3 488.1 481.7 480.4 474.1 468.3 461.9 455.3 450.3 457.1 465.1 471 476.8 481.5 485 489.1 494 495.4 496.7 498.4 500.2 501.6 504.6 506.2 513.8 519.1 521.7 529 532.2 535.9 542.8 546.2 550 553.4 557.1 559.7
