ny/ny90_OST50GRID_20230518/NY90.asc
ncols 200
nrows 200
xllcorner 390000
yllcorner 500000
cellsize 50
[rows 105 to 139 of 200, columns 78 to 155 of 200]
614.5 612.3 609.7 607.2 604.2 605.9 605.7 603.4 596.8 594.5 592.4 589.9 587.5 583.7 579.9 572.5 568 565.1 560 555.8 552.8 549.7 546.7 542.9 540 535.9 533.9 531.3 528 526.7 525 522.9 519.9 512.5 506.8 503.9 502 497.9 491 482.7 474.9 470.3 465.3 459.1 453.7 451 446.9 443.9 434.7 427.8 419.3 413.2 406.9 399.1 392 383 376.1 370.6 364.4 359.3 356.4 351.6 347.1 338 339.2 343.7 347.2 350 351.9 352.4 352.3 352 350.7 346.5 336.2 334 332.4 330.5
611.2 608 606.7 603.9 599.5 602 602.5 602.2 598.1 593.6 590.4 589.9 588.3 584.7 582.6 577.2 573 569.3 564.9 561.6 556.2 552.5 549.1 544.5 539.6 535.1 529.1 528.8 526.4 523.3 521.8 519.3 515.4 505.9 502.3 499.9 496.7 490.2 482 474.3 468.1 464.7 458.2 453.9 449.7 445.8 440.7 435.8 427.8 419.4 412.1 408.1 399.6 392.6 385.8 377.5 372.1 364.3 355.9 352.9 349.7 343.6 341.1 351.2 352.1 354.1 356.2 358.1 357.5 357.6 358.1 357.5 355.5 352.2 340.5 334.6 332.8 332.2
608.2 605.5 604.2 599.4 599.4 599.4 599.8 599.8 598.4 594.2 589.9 590.5 587.4 584.5 583.2 579.8 576 574.1 570.7 566 560.4 554.7 550.6 545.5 539.5 533.6 528.1 525.3 523 519.5 517.5 513.3 508.1 500.3 497.7 494.5 488.6 479.5 472 466.5 462.4 457.1 451.6 447.4 443.9 438.7 433.1 427 416.4 410.9 406.5 401 394.4 387.6 380.8 373.2 361.9 352.9 350.7 347.4 348 354.3 356.8 358.4 359.7 361.6 362.9 363.8 364.3 364 364.4 364.8 362.3 356.2 347.7 339 333.7 334.7
606 604.1 602.7 600.1 596.2 597.4 597.4 597.3 596.2 595.1 590.7 587.4 586 582.9 580.5 578.7 574.9 573.8 571.9 568 561.8 556.5 550.8 545.8 538.8 532 525.9 521.6 519.5 513.9 510.4 507.2 499.4 493.7 490.8 483.3 476 467.4 462.5 458.9 455.3 449.2 445.4 441.6 437.4 431.7 424.6 416 410.4 405.8 401.1 395.5 389.6 378.8 373.4 365 363.2 366.5 353.4 359.4 360.1 362.1 364.4 365.4 365.6 367.2 368.1 369.3 371.1 371.8 371.6 370.9 366.9 360.8 352.7 346 339 336.8
604.4 602.1 598.4 598.5 596.4 595.1 594.7 594.2 592.7 591.5 589.4 585.4 583.8 580.2 576.9 576.7 575.3 572.1 570.8 565.4 561.6 554.9 548.3 543.5 536 529.4 523.7 517 513.8 507.6 503.4 497.8 492 486.5 477.9 470.2 463 457.8 454.7 449.5 444.5 441.4 438.5 433.3 428.2 422.6 411.1 407.8 402.7 398 387.2 377.2 370.5 377.7 377.4 373.8 370.5 360.2 365.1 367.6 368.1 370.3 371.3 371.3 371.3 371.9 372.9 374.4 376.3 377.3 377.4 375.7 371 365.3 357.8 350 344.4 339.6
599.4 597.5 597.7 593.6 594.5 592.2 592.2 590.5 590 588.6 587.2 583 580.8 577.9 575.2 573.7 572.9 568.3 567.3 561.5 558.1 549.6 542.7 536.5 529.2 524.7 519.7 514.2 508.8 502.9 497.4 490.3 483.4 472.9 464 458.5 452.7 449.5 445.5 440.1 435.8 433.3 429.4 423.1 415.9 403.5 402.5 391.8 383.5 386.9 388.5 391.3 388.4 383 377.4 375.4 365.5 373.4 376.1 377 377.2 377.9 376.9 376.6 376.5 377.5 378 379 380.1 380.8 380 377.5 373 367.4 361.7 356.1 349.7 342.3
599.8 596.3 594.7 593.7 592.2 589.9 589.7 587 586.7 585.4 583.1 579.3 577.9 575 571.5 570.8 569.8 565.1 562.7 557.1 550 542.2 536.6 529.6 525 520.2 514.9 511.1 502.7 497 490.9 483.9 472.1 462.9 457.3 450.7 446.5 443.2 437.4 432.2 426.5 422.3 415.9 406.9 403.3 392.1 391 401 402.7 403.1 399.9 394 390.3 384.4 379 375.2 379.2 386 387 386.2 385.8 384 383.4 382.5 383.1 383.3 382.4 382.3 382.8 382.3 380.9 377.7 373.2 368.4 363.2 358.4 352.6 344.6
599.4 594.6 590.6 590.2 589.9 589 586.3 584.8 582.6 580.5 576.8 574.9 573.2 570.6 568.5 568 565.4 560.6 556 548.2 542.6 536.2 530.2 526.6 521.5 515.3 511.7 504.9 495.5 488.3 483.8 471.2 462.8 455.9 449.9 446.1 442.5 437.1 432.2 425.6 419.9 411.5 400.7 397.9 399.8 406 410.3 415.4 414.6 410.8 402.3 395.6 391.6 383.8 378.7 386.2 390.3 392.3 392.8 392.6 391.8 390.1 389.2 388.7 388.3 387.1 385.7 385 383.3 382.3 381.2 377.3 373.2 368.7 363.6 358.2 352.4 344.9
598.2 592.2 585.7 588 588.1 587.2 581.9 580.6 576.2 572 570 568.1 567.6 564.6 563.2 561 558.4 557.3 548.9 542.3 535.4 531 528.4 523.7 516.5 510.6 504.9 496.1 486 481.7 472.3 461.2 456.1 449.7 444.4 440.3 436.3 431.1 426.2 413 411.9 415.2 419.4 419.5 421.2 423.9 425.5 424.1 419.4 411.5 400.7 395.6 386.9 384.4 390.7 393.6 395.7 397.3 397.7 397.2 396.1 394.6 393.8 392.8 391.4 389.8 387.6 385.9 383.6 381.6 380 376.5 371.9 367.7 362.6 355.6 350 345.4
593.9 585.8 584.8 583.7 584.8 584 580.9 575.4 569.8 563.4 561.7 557.7 555.8 550 543.6 551.8 543.9 542.4 535.1 534.5 530 526.2 522.3 515.9 509.2 497.3 488.4 481.5 476 467.8 459.7 451.2 447.3 443.9 439.9 434.6 422.6 422.6 423.9 424.8 429.9 429.3 428.8 427 429.6 430.7 430.6 426.4 419.4 406.5 400 388.3 392.4 395 397.5 398.3 400.5 401.6 402.2 401.1 399.3 397.9 397.1 395.7 393.7 391.4 388.6 386.3 383.9 381.5 379 375.6 371 366.7 361.1 354.4 348.9 346.4
590.6 586.9 582.7 579.6 580.5 578.6 573.4 568.5 561.5 561.8 562 561 559 559.2 553 535.1 524.9 528 526.6 520.2 516.1 512.6 501.2 492.8 485.1 477.5 461.4 461.9 456.9 451.4 444.3 435.1 433.6 428.9 425 425.2 434.4 439 439 438.9 438.5 437.2 435.5 435.1 435 434.6 433.2 426.9 416.4 406.3 392.6 399.1 403.8 406.5 405.8 404.5 406 407 407.5 405.5 402.9 401.4 400.4 398.2 395.2 392.1 389.1 386.4 383.9 381.4 378.8 374.9 370.2 365.4 357.5 350.1 346.8 344.3
587.1 583 582.2 581.2 576.3 570.1 566.1 568.7 571.4 572.3 571 570.3 568.3 566.2 561.6 541.6 526.7 517.7 511.9 510.8 502 486.2 485.6 481.7 473.7 467.6 464.5 454.2 453.6 450.8 447.3 447.9 447 444.7 445.3 445.2 445.8 447.5 448.6 449.7 448.3 446.6 444.6 442.9 441.4 439.1 435.2 426 409.5 399.4 407 416.6 420.3 421.7 417 411.2 411 411.8 412.6 412 409 405.8 403.3 400.1 396.4 393.1 390.2 387.2 384.4 381.6 378.5 374.1 369.2 362.3 355.1 350.2 343.7 345.4
591.7 588.1 588.1 586.6 584.7 583.2 580.1 581.7 581.3 580 577.9 576.2 574.7 571.7 562.4 554.8 547.7 525.8 511.6 494.8 490.3 498.3 495.9 493.5 490.6 477.6 471.5 468.2 464.8 462.3 459.3 457.9 457 454.2 455 455.8 456.5 457.4 457.6 459.1 457.1 454.3 452.5 450.3 447.9 443.1 435.8 418.1 402.4 413.1 424.6 428.9 431.2 431.4 427 418.7 416.6 416.5 417.4 416.9 414.3 410 405.6 401.6 397.7 394.3 391.6 388.5 385.3 382.3 378 373.2 367.9 361.4 354.9 352.3 349.3 350
595.5 592 591.6 590 588.3 587.6 589.1 588.6 588.9 587.1 583.2 580.6 580.4 575.7 571 555.1 541.5 529.6 525.2 516.5 509.4 507 507.7 508.7 499.9 490.9 482.7 477.1 476.7 472.7 468.8 466.8 463 462.8 463.3 464.3 466 465.3 464.8 465.7 464.7 462.5 458.9 457.4 452.8 444.1 429.9 414.9 416.4 432.1 435.5 437.9 439.8 439.5 437.7 429.2 423.9 421.9 422.1 421 417.7 412.8 408.2 403.6 399.3 396.2 393.1 389.8 386.3 382.2 377.7 372.7 367.3 358.6 359 356.8 354.6 355.2
599.5 596 595 591.8 590.8 591.9 593.1 593.6 593.3 592.3 588.5 585.4 583.6 579 574.4 553.1 546 535.1 529.7 531.9 526.1 513.4 514.3 518.4 513.4 508.7 500.8 493.9 492.3 487 483.1 477.9 473.2 472.3 471.1 472.6 473.7 473.6 472.8 472.4 471.2 468.7 467.4 464.7 456.7 443.7 423.5 416.5 432.8 440.2 443.4 443.8 446.3 447.5 447.3 440.9 430.2 427.4 427 424.4 419.6 415.2 410.9 405.9 401.1 397.6 394.5 391.2 387 381.9 375.6 369.8 369.2 368.5 366.2 360.5 360.3 360.5
602.4 599.4 598 594.5 594.5 594.9 594 597.4 597 595.5 592.6 589.1 586.7 581.9 577.4 566.2 555.7 549 541.3 536.4 538.2 534.5 523.2 523.4 520.6 514.9 514.5 513.4 503.9 500.1 496.9 490.5 487.2 484 480.6 483.3 482.6 481.5 481.3 480 478.5 476.3 474.1 469.8 455.5 431.5 425 434.8 446.8 450.2 450.2 450.2 452.3 453.9 452 450.3 438.4 434.3 433.7 431.1 423.7 418.3 412.9 408 403.2 399.5 395.5 392 387.7 380.9 377.7 377.2 374.6 372.6 369.8 367.8 367.2 366.6
604.3 602 600.5 596.5 598.1 596.9 598.3 600.3 600 598.2 597 593.4 588.8 583.9 580.3 572.6 563.9 554.5 557.3 551.8 547.3 543.4 540.8 538.9 535.6 535.5 533.4 525.9 519.4 515.7 510.8 505 501.5 495.9 492.3 492.1 490.9 491.1 488.4 487.8 485.4 481.6 477.3 470.3 447.9 433.1 436.2 451.8 467.7 467.7 465.1 460.2 459.6 458.8 457.1 453 446.5 439.9 438 434 427 421.1 414.9 410 405.4 400.6 395.6 391.7 385 386.5 384.4 381.6 378.5 375.6 372.3 372.9 372 370.9
606.2 604.1 602.9 601.6 599.1 599.7 601.6 602.3 601.8 600.2 597.8 594.1 589.6 585.4 582.7 579 569.8 566.7 563.9 560 556.2 552.2 549.2 548.6 543.6 542.2 540.8 533.6 528.2 525.1 520 515.5 514.1 504.5 502.8 502.2 500.8 497.3 496.9 493.9 489.8 487.1 478.5 466.2 442.7 439.2 454.6 470.9 477.2 477.6 476.4 473.8 469.7 466.3 462 459.2 453.9 446.7 439.8 436 432.4 425.8 418.2 412.2 407.8 402.7 397 392.7 392.3 391.2 388.6 385.6 382 378.3 377.4 376.4 375 374.5
607.6 605.9 602.8 603.2 600.9 602.4 602.9 603.8 602 600.4 596.8 593.5 590.2 587.4 584.6 582.4 576.7 572.8 568.9 564.8 563 560 556 554 548.8 549.4 545.8 538.9 535.3 529.9 526.7 525.3 522.9 520.9 518.3 513.1 511.2 507.2 504.2 499.1 493.1 487.7 477 452.4 444.3 457.8 474.2 480.3 482.2 481.8 483.4 481.7 479.8 477 474.1 466.3 461.4 451.5 444.9 439.6 436.1 431.4 422.8 415 409.9 404.4 399.8 398 396.9 395 392 388 384.1 381.1 380.4 379.7 378.6 377.9
608.7 605.9 606.2 605.1 604.6 603.6 602.7 604.4 601.5 598.4 595.7 591.3 590.7 587.3 585.2 581.7 581 576.7 572 566.4 564 563.6 559.5 554.6 555.6 554.4 550.8 544 539 535.5 531.9 531.4 528.9 528.6 527.7 526.6 524.4 518.3 512.9 504.6 493.2 483.6 469.9 444.1 461.3 473.1 481.8 484.8 485.3 486.5 487.7 487 486.7 485.5 483.9 480.2 470.9 458.4 451.9 444.2 438.7 434 426.6 419.5 413.4 407.1 406 403.9 404.8 400.7 396.5 389.1 385.8 384.2 383.5 383.1 382.2 381.9
609.8 607.2 607.9 607.5 606.5 604.8 604.5 604.7 602.3 598.8 595.6 592.1 591.4 589.1 587 584 583.5 580.4 574.7 568.6 566 565.9 561.7 559.6 559.3 558.1 553.7 549.2 544 538.6 536.5 534.6 534 533.8 532.4 532 530 525.9 519.1 503.8 491.9 478.4 449.1 462.5 479.6 484.3 487 490 491.5 492.6 492.9 491.9 492.3 491.3 489.9 488.4 482.1 471.2 460.2 453.9 442.5 438.7 433.9 426.8 419.5 414.8 413.6 412.7 414.5 410.3 405 395.8 392.7 389.5 387.9 386.6 385.9 385.9
608.9 609 608.5 607.9 606.2 604.5 606.3 604.3 601.4 598.3 596.1 593.9 591.7 589.5 587.3 585.2 585.5 581.7 578.9 572.2 568.2 565.9 563.7 559.5 562.1 560.6 558.1 553.8 547.2 543.5 540.3 538.6 536.2 536.5 536.1 534.7 532.8 528.6 520.5 502.7 486.6 467.2 459.4 481.9 490.8 496.1 498 502.5 504.1 503.2 501.5 499.3 495.5 495.1 494.6 493.3 490.6 483.4 473 461.8 452.6 447.3 441.6 435.8 429.1 425 423.4 420.9 421.9 422 416.8 410.3 403.6 400 395.1 392.3 390.5 389.7
608.5 608.2 607.6 605.8 606.2 606.9 605.7 603.5 600.1 598.2 595.4 594.4 591.5 589.5 588.4 588.1 586 583.8 581.6 574.9 570 566.3 563.9 563.7 563.1 562.1 559.7 555 549.4 546.5 542.9 540.6 538.8 537.7 538.2 536.9 534 529.1 515.8 496.6 479.5 461.8 484.5 495.6 503.2 508.2 514.7 521.2 521.5 517.7 511.7 508.1 504.4 501.4 499 497.2 496.5 491.1 481.2 469.5 464.3 458.6 450.8 446.7 439.8 437.8 435.2 433.6 431.9 431.2 427.3 420.2 420 418.6 409.6 403.9 399.1 396.4
606 605.3 607 605.2 606.4 606.1 605.1 602 599 597.1 595.5 594.2 593.5 590.9 590.1 588.7 586.7 585.5 582 574.4 570.7 567.4 565 561.9 563.7 562.1 559.2 554 550.9 547.9 543.8 541 540.8 540.1 539.4 537.7 534.2 527.7 508.1 490.8 463.3 485 501 508.1 518.3 523.6 532.3 534.3 533.4 530.9 525 520.1 514.6 509.2 506 503.9 500.1 496.8 487.1 482.2 478.6 471.4 463.9 456.7 453 448.8 446.9 447.1 445.3 444.6 442.6 442.3 433.4 430.5 423.6 419.9 414.8 411.6
602.1 603.8 605.6 605.6 605.7 604.8 601.7 600 596.7 594.9 594.5 593.6 593.7 591 588.8 587.7 587.6 585.9 581.5 574.9 573.8 568.5 564.6 563.2 563.4 560.7 557.6 553 551.5 547.4 543.8 542.1 541.5 540.5 539.5 537.2 532.5 523.5 503.8 487.5 481.7 501.6 509.7 523.3 533.5 537.2 540.2 542.2 542.1 539.5 536.8 530.8 524.3 517.8 514.4 510.1 505.1 496.9 495.9 493.7 487.1 483.2 478.2 471.7 469 465.8 461.7 457.7 457.3 460.2 459 455.3 450 446.6 438.1 435.3 432.9 425.9
599.2 601.7 603.7 603.4 602.4 599.8 598.6 599 596.9 595.1 593.8 593.9 592 589.6 588.7 588.6 586.6 584.6 581.8 579.1 575.6 569.5 564.8 563.6 561.9 558.6 556.3 553.6 549.9 546.6 543.7 541.3 540.8 539.2 537.8 535.4 530.5 520 499.1 482.8 497.7 511.6 524.7 535 540.2 542.7 545.1 546.7 547.5 545.1 543 539.5 534 529.3 522.1 515.3 509.2 506.1 502.8 502.4 500.2 494.3 491.4 487.5 483.7 479.4 474.8 473.9 468.1 472.1 473.2 468.5 466.8 463.1 460 452.9 448.6 443
599 600 599.4 598.3 598.2 595.3 596.8 597.2 595.6 592.1 593.3 592.3 590.4 589.9 589 588.1 587.6 584.6 583.1 581 575.8 570.4 566.1 563.7 560.2 557.4 555.1 552.2 549.5 545.9 543.8 541.8 539.4 538.4 534.3 533.8 528 514.2 496 485.2 508 523.6 534.3 538.6 543.7 545.8 547.7 549.2 550.1 548.6 547 544.9 541.9 535.6 529.2 522.4 517.7 513.8 512.9 510 507.4 505.1 502 498.7 495.8 493.3 491.1 487.6 485 485.7 486.2 480.8 479.4 476.6 473.3 471.4 466.8 463.8
596.7 595 594.1 594.4 595.8 595.5 595.2 594.7 592.8 590.6 592.4 591.6 590.9 589.5 586.7 587.5 586.7 585.8 583 579.7 574.3 570.2 566.9 563.1 561.4 558.4 555.9 551.8 547.3 545.6 541.9 539.7 538.4 536.3 534.6 529.6 525 512.2 493.8 496.4 517.3 532.9 538.1 542.1 545.4 546.7 548.6 550 551.2 550.9 550 548.1 545 541.7 537.4 532.6 528 524 522.3 519.7 516.4 514.2 511.4 508.8 506.6 503.2 502.7 500.5 496.2 496.2 498.5 495.4 494.7 492.6 487.7 482.9 480.1 476.2
592 591.3 591.7 591.6 593.3 592.6 591.2 591.8 589.7 591.1 591.7 591.8 590.7 587.2 586.6 587 584.5 584.9 583.4 578 573.9 570.4 568.4 565.3 562.5 559 555.7 551.1 547.9 546.6 541.8 538.6 536 534.2 530.6 526.3 520 503.8 493.3 507.2 528 536.4 540.2 542.9 546 548.1 549.7 550.6 549.5 551.8 551.5 550.3 547.9 544.2 542.5 539.6 536.2 531.6 530 527.8 525.5 523.9 520.1 519.1 516.1 515.2 511.2 509.6 508.8 507.9 505 504.3 505.3 504 501.6 497.8 494.5 488
588.5 588.9 589.3 590 589.8 587.9 588.4 589.2 588.8 590.3 590.6 590.9 589.9 588.5 584.6 586.8 585 584.9 581.4 575.9 572.1 570.1 568.1 565.2 562.4 560.2 555.1 549.9 547.2 543.4 539.5 536.3 533.8 528.7 517.6 514.4 506 502.5 504.7 521 531.7 538.6 541.5 542.2 546.2 547.6 550 550.8 551.5 549.6 552.7 551.1 550.8 548.6 546.5 544.2 542.3 539.1 537 534.9 531.8 530.1 527.6 525.5 523.9 522.2 520.3 517.2 516.9 515.2 512.5 510.7 510.4 510 508.5 506.5 502.4 501.3
585.7 585.3 585.7 586.4 584.6 586.6 586.9 587 588.2 587.9 591.1 590.4 588.9 587.2 586.5 585.3 585 583.3 581.1 575.2 573.3 570.6 568.4 564.7 561.8 559.5 552.9 547.8 544.7 540.6 535.4 532 525.2 525.4 530.2 528.1 522.3 512.6 513.2 528.8 535.8 539.1 540.6 542.6 544.9 548.6 551 550.4 552.1 551.9 553 551.4 553 550.6 550.1 548.3 546.9 544.2 542.6 541.1 537.8 536.3 533.9 531.8 530.8 528.7 527.4 525.3 524 521.4 519 517.7 516.3 515.6 513.2 512.3 511.1 510
579.5 579.5 580.6 582.4 582.6 583.2 586.1 585 586.2 588.7 589.1 589.1 587.8 585.5 583.6 584.9 583.1 583.1 579.8 575.4 573 570.9 567.2 563 560.5 557 550.1 545.3 541.3 541 538.4 537.5 536.1 534.1 532.7 529.9 526.1 517.3 523.7 533 537.7 538.6 540.6 542.9 546 549.3 552.6 552.5 553.2 554.2 554 554.3 553.9 553.3 552.8 551.7 550.6 549.1 547.5 547 544.4 543.8 542.2 540.8 539.3 537.2 535.5 532.1 529.6 527.9 526.1 524.1 524.1 521.4 520.3 518.3 515.2 514.9
574.2 575.6 577.1 577.5 579.7 583 585.2 585.2 585.7 587.4 588.3 587.5 586.3 585.6 584.7 584.4 583.9 582.1 579.2 574.7 572.4 568.5 565.5 561.3 558.7 553.5 546.1 547.9 545.1 543 541.5 540.7 538.7 536.3 533.5 531.4 527.1 521.6 529 534 538.1 540.3 542 543 545.3 549.7 554.2 555.1 556.2 557.7 558.5 557.4 556.2 555.2 554.7 553.9 553.7 552.1 551.5 551.2 550 549.3 548.8 548.1 547 544.6 542.1 541.3 539.3 537.3 535.9 534.2 533 530 526.9 522.9 520.7 519.2
567.1 571.4 572.4 574.1 577.4 580.8 584.6 586.2 586.5 587 586.5 585 585.2 583.3 583 580.2 580.7 578.4 576.9 573.5 570.8 567.8 563.8 558.6 553.9 557.3 555.4 552.3 548.9 545.4 544.9 543.6 541.1 538.7 535.8 533.4 529.8 525 530.5 534.6 537.8 540.1 542.3 543 545.6 550.6 554.7 556.8 557.7 558.8 559.8 559.9 559.2 557.7 556.8 555.4 555.1 555.3 555.3 554.9 554.4 553.9 554 553.5 552.6 551 549.6 549.2 547.8 547.3 546.6 545.3 543.2 539 533.5 529.7 527.4 524.7
564.5 566.4 568.8 572.3 577.3 581.1 583.8 584.4 585.9 585.9 587.3 587.3 585.5 583.5 579.8 576 577.2 571.4 569.6 568.3 566.9 561.8 559.9 561.1 562.9 561.8 559.9 556.3 549.7 548.9 547.6 545.8 543.6 541.2 538.5 535.8 532.7 527.7 531.8 535.1 537.6 540.2 542.2 544.3 546.6 549.7 554 556.9 558.1 559.3 560.4 561.5 562.3 560.9 559.5 558.3 557.6 557.8 559.1 558.1 557.8 558.6 558.2 558.8 556.7 555.9 555.3 556.3 554.8 552.9 552.4 551 548.6 547 542.4 538.6 534.2 531
