ny/ny90_OST50GRID_20230518/NY90.asc
ncols 200
nrows 200
xllcorner 390000
yllcorner 500000
cellsize 50
[rows 35 to 69 of 200, columns 78 to 155 of 200]
435.8 436.1 435.6 434.5 434 434.2 433.9 433.6 433.1 432.5 431.9 431.3 429.9 429.3 428.6 427.8 426.7 425.4 423.4 420.7 416 411.9 405 404.9 403 399.3 395.3 392.2 387.3 382.9 378.7 377.5 376.8 376.2 376 375.8 375.4 375 375.4 374.9 374.5 373.7 372.5 368.4 371.8 374.7 377.8 383.2 385.7 386.7 388.4 390.1 391.6 393.1 394.5 397.2 403 410.1 418.7 428.2 437.8 450.5 458.1 460.6 462.6 467.8 472.1 475.4 478.3 480.4 480.6 480.1 479.6 479.4 478.9 479.8 480.9 482.2
439.4 439.7 438.5 436.9 436.2 435.8 435.3 434.9 434.4 433.9 433.3 432.8 431.3 430.3 429.3 428 426.9 425.8 424.3 421.9 418 412.4 407.2 407.7 404.7 401.6 398.2 394.5 391.5 388 384.7 382.5 383.9 382.8 378 376.3 376.1 376 375.9 375.9 374.9 373 371.8 368 370.1 372.5 375.6 382.1 386.3 387.1 388.4 389.4 390.7 392 394.6 398.4 404.5 411.1 420.1 429.9 440.5 453.6 458.4 461.2 463.6 466.3 470.9 475.5 481.1 481.3 480.4 479.7 479.1 479 479.6 479.9 481 482.6
442.5 442.6 441.2 438.8 437.7 436.9 436.3 435.7 435.6 435.2 434.7 434.2 432.4 430.5 429.5 427.9 426.8 426 425 422.9 420.5 409.3 411.8 408.8 406 403.3 399.5 395.2 392.5 390.7 389.3 388.2 387.8 386.4 382.8 377.9 376.8 376.4 375.6 374.9 374.1 372.7 371.7 369.7 368 371 374.1 380.5 385.8 386.9 387.7 388.7 389.3 391.1 395.7 401.7 407.3 412.8 421.9 430.5 443.2 454.3 459.1 461.7 464.2 466.9 471.1 477.7 482.1 481.6 480.1 479.4 478.6 479.3 480.8 481.2 481.9 483.3
444.9 444.7 442.6 439.5 438.2 437.5 436.8 435.8 435.6 435.4 435 434.5 433.3 431.3 429.5 428 427.2 425.9 424.8 423.1 417.5 414.4 413.4 408.7 406.4 403.2 399.4 394.8 392.6 391.6 390.6 389.7 388.7 387.2 384.3 379.6 377.4 376.2 375 373.5 372.6 371.8 370.7 369.3 367 370.6 373.8 379.2 383.6 385.9 386.8 387.2 388.6 390.7 396.2 401.7 408.8 414.4 422.2 431.4 446 455.9 459.5 462.2 464.8 468.2 475.1 481 485.3 483.9 478.9 480.2 478.4 480.9 486 488.6 486.9 488.1
448 446.6 443.5 439.4 438.4 437.8 437.2 436.1 435.6 435.2 434.7 433.8 432.6 431.1 430.2 428.8 426.9 425.6 424.4 422.3 415.1 417.2 414 409.1 405.6 402.4 399.3 395.7 393.8 392 390.9 389.9 389.1 387.6 384.8 381.3 379.1 376.6 374.7 372.8 371.5 370.5 369.7 368.6 367.3 370.2 374 378.2 381.1 385.3 385.8 386.3 388 391.2 396.2 401.8 409.4 416.4 422.2 433.7 449.3 455.5 458.2 460.8 465.1 471.7 477.6 484 490.8 490.6 487.4 486.8 490.8 497.3 501.1 495.3 490.4 491.5
448.8 446.7 442.8 439.4 438.6 437.9 437.1 435.6 434.6 433.9 433.4 433.2 432 431 429.7 428.4 426.7 424.8 423.8 420.5 417.6 416.3 413.2 409.7 404.9 401.8 398.9 397 394.8 392.5 390.9 389.7 388.7 387.6 384.6 381.9 380 377.9 374.2 372.2 371.3 370.9 370.6 370 366.9 370.2 374.7 378 381.3 384.7 384.3 385.1 387.7 390.8 396 403 409.6 418.4 425.2 438 450.7 454.7 457.2 460 465.3 473.6 480.2 487.6 494.7 494.7 496.1 500.6 502.4 504.4 504.1 499.6 491.7 493.7
448 444.9 441.3 438.8 437.8 437.6 436.3 434.9 433.8 433 432.2 431.9 431.5 430.5 428.7 427.5 425.5 423.6 421.7 417.8 416.1 414.8 411.7 407.9 404.4 401.5 398.5 396.9 395.7 392.3 390.9 388 386.9 386.1 384.1 384.3 384.2 378.4 374.3 372.6 372.1 371.8 371.5 370.7 367.7 368.8 372.7 378.2 381.9 383.6 382.6 384.5 387.5 390.2 395.6 402.8 410.9 418.1 424.9 436.9 450 454.2 457.2 460.5 466.5 473.7 481.8 491.4 495.8 496.7 499.4 502.6 504.3 505.8 506.6 503.4 496.7 498.1
445.7 443 440.5 438.5 436.9 435.8 434.4 433.6 432.9 432.3 431.7 430.9 429.8 428.8 427.2 425.5 423 420.7 418.7 415.7 414.5 412.3 408.5 403.6 401.8 399.8 396.7 394.5 393 390.4 389.2 387.2 385.3 384.6 384.1 384.5 379.6 376.1 378.1 375.8 373.1 372.7 371.7 370 367.1 367.6 373.4 376.9 378.3 380 382.4 383.4 386.9 389.6 394.7 402.1 410.6 417.1 423.1 434.2 449 453.7 456.8 461.4 468.2 475.8 486.4 495.3 497.1 499 501 503.2 505.2 507 507.7 506.8 504.5 504.6
443 441.8 440.1 437.9 435.9 435.3 434.5 433.4 431.8 431.9 431 429.7 428.5 427.1 425.1 422.2 419.9 418 415.8 413.7 412.8 409.6 403.2 399.9 399.6 398.3 395 391.9 389.9 388.3 387.2 385.5 384.3 382.7 380.8 380.7 383.3 383.4 382.7 382.6 374.1 372.6 371.8 370.3 367 366.8 368.4 372.4 380.3 384.8 385.3 385.7 388.2 388.7 393.1 400.8 410 416.6 423.2 433.4 447.8 453.6 457.9 461.7 470.5 479.2 490.1 496.3 498.2 500.7 502.6 504.5 505.8 507.4 508.9 509.4 509.2 508.9
441 440.3 438 436.5 435.8 435.3 434.3 433.1 429.1 428.9 427.4 426.2 425.5 424.8 422.5 420.9 419.2 417.2 415 411.3 410.1 404.9 400.9 398.6 398.2 396.7 394.4 389.5 389.7 387.7 387 386.5 384.5 383.5 384.3 385.1 384.2 383.4 382.8 382.2 378.4 373.2 372 370.3 367.5 366.3 368.5 373.5 383.4 386.3 386.7 387 389.1 389.3 391.3 399 408.8 417.1 424.6 435.6 448.4 453.2 457.6 463.3 471.4 482.6 491.5 495.8 498.9 501.8 504 505.9 507.1 508.1 509.5 510 510.1 509.3
440.7 438.6 437.1 436.4 435.8 435.3 434.4 431.9 428.3 426.3 425.6 424.7 424 423.1 422.1 420.8 419 416.2 413.4 410.2 405 400.1 398.2 397 396 394.7 394.7 394.2 393.2 390.5 389.7 388.5 388.3 386.8 385.7 386 383.4 383.1 383.2 381.2 377.7 373.5 372 370.3 366.2 366.8 370.3 374.6 384.8 387.3 388 389.5 391 392 392.4 396.9 407.2 417.2 425.3 436 450.3 454.7 458.1 465.4 473.5 486.4 492.3 495.8 498.8 502.4 505.3 506.4 507.7 508.1 509.1 509.5 509.4 509.4
441.1 438.3 436.7 435.3 434.2 433.6 432 428.6 425.7 424.7 424 423.5 423.3 422.7 421.4 419.1 417.8 415 406 403.9 400.2 397.8 397.8 398.9 397.2 395.8 394.9 394.2 392.5 390.9 390.3 390.5 390.1 386.3 384.3 384.1 381.7 381 382.4 382.4 377.4 375.6 371.5 369.1 366.2 370.5 375.6 379.8 386.5 388.1 389.9 392.4 393.4 394.6 395.2 396.5 403.8 414.6 423.9 434.8 449.5 454.4 458.9 466 476.1 487.7 493.4 496.5 499.9 503.4 505.9 507 507.9 508.2 508.4 508.8 508.8 508.8
440.7 438.7 436.8 433.8 431.9 430.2 428.4 426 424.4 423.6 423.4 423.5 423.3 422.3 421.3 419.5 416.9 413 407.2 401.5 400.9 399.8 398.7 398.4 394.6 394.1 391.9 390.5 389.7 390 389.2 388.1 386.6 382.8 380.2 378.5 378.4 378 381.5 381.2 379.7 376.9 373.5 368.3 367.6 373.7 380.8 387.2 388.3 389 389.9 392.5 395.4 396.2 396.4 397.5 404.1 411.5 422 432 447.6 452.6 458.6 469.9 478.4 486.9 493.9 497.6 500.6 504.2 506.1 507 507.8 508.3 508.3 507.9 507.5 506.7
439 437.8 435.2 432.5 430.3 425.6 424.9 422.9 423.2 422.6 422.6 422.7 422.2 420.6 415.7 415 410.6 405.3 403.6 400.4 395.9 394 392.4 391.5 390.2 389.6 388.2 387.5 387.2 388.2 387.1 386.2 383 379.2 378 377.6 377.5 376.9 376.8 379.6 380 378.3 375.9 368.2 368.8 377 385.7 386.8 387.6 388.5 389 392.7 395.4 397.2 398.1 399.2 404.5 410.9 419 428.8 444.3 450.6 456.6 466.9 474.6 481.1 491.6 496.6 500.4 503.9 505.7 506.2 506.5 507.3 506.5 506.1 505.3 502.3
435.9 434.1 432.1 431.3 428.4 424.8 420.9 421.1 421.9 421.6 421.5 419.9 418.8 416.4 411.6 407.5 405.2 402.7 394.5 396.4 392.8 389.3 388.1 387.9 387.3 383.4 384.2 384.3 384.7 384.7 384.7 384.5 381.2 378.2 377.6 377 376.5 375.9 374.9 376.3 378.4 378.3 376.5 366.5 371.9 379.4 385.5 385.7 386.1 387 388.2 392.2 394.5 396.6 399.1 399.1 402.8 409.2 415.8 425.9 439.9 448.1 454.2 461.5 468.2 475.3 487 492.8 497.2 502.3 504.6 505.5 505.6 505.1 504.4 503.9 502.6 498.7
432.5 430.6 429.5 428.4 425.5 422.7 419.5 419.3 419.2 419.5 418 414.9 411.3 410.4 409.4 407.8 403.3 399.3 394.2 391 388 388 384.4 385.5 384.1 381.6 381 380.4 379.8 380 380.8 382.8 381.4 378.2 377 376.2 375.5 375 372.7 371.3 372.3 374.4 376.1 370.1 372.5 381.6 384.8 384.6 384.8 385.8 387.8 391.2 393.7 395.6 399.1 399.6 401 407.1 414 423.7 435 446.8 451.8 458 464.3 473 484.6 489.7 493.8 499.5 503.4 504.7 505.1 504 503.5 502.3 498.8 494.1
426.8 426.4 424.9 424.1 422.4 421.4 420 415.9 411.8 411 411.9 410.6 410.2 410.5 408.7 404.1 401.5 398.9 396.4 392.4 388.3 386.8 385.8 382.3 380.5 380.3 380 379.3 378.6 376.4 373.2 377.2 380.7 378 376 374.8 373.9 372.8 371 370 369.6 369.2 369.2 364.7 374.1 384.4 384.4 383.8 383.6 385.2 386.9 391.1 394.4 396.6 399.3 397.7 401.3 405.3 411 422.5 429.4 444.1 449.9 454.9 461.5 468.4 478.4 484.8 490.9 495.5 500.3 503.1 504.2 504 503.2 500.8 494.4 489.2
420.4 419.1 418 417.3 416.7 415.4 414 412 409.8 409.8 410.7 408.9 408.4 408.9 405 402.8 400.5 396.5 393.4 390.5 387.2 385 384.1 381.5 379.3 378.7 378.7 378.6 378.3 373.4 376.6 371.8 371.5 370.6 369.9 372.4 371.3 370.8 370 368.8 367.9 366.7 365.4 364.4 375.3 381.6 382.3 382.1 382.3 384 386.9 391.4 395.8 399.5 397.2 397 401.2 402.8 406.1 416.5 425 434.6 445.7 452.4 458.8 464.3 471.5 476.2 480.3 489.2 491.9 495.2 498.9 501.9 501.2 494.9 488 483.2
416.9 417.3 414.4 412 413.3 414.4 414.7 412.8 409.7 405.2 403.1 403.1 403.4 404.9 400.2 397.5 394.9 391.7 390.1 388.6 385.8 384.1 382.6 379.7 378.2 377.3 376.9 376.7 373.6 377.8 379.4 380.1 379.3 379.3 375.8 368.9 368.8 368.1 367.1 366 364.1 365.4 365 362.9 374.9 379.2 380.7 380.6 380.4 382.5 387.7 392.9 397.2 397.2 393.5 399.2 399.8 401.4 404.5 407.2 417.8 425.3 438.7 450.6 456.4 460.3 464.2 468.3 472.5 477.2 482.4 486.6 489.2 490.5 490.5 487.5 483.3 479.2
408 406.7 406 405.2 402.3 403.1 404.1 403 402.3 396.2 394.9 395.1 396.8 397.1 393.7 390 387.4 385.8 387.1 387.2 384.9 381.3 377.9 377.7 378 377.1 375 376.3 379.3 380.4 380.7 380.9 381 380.8 379.6 377.4 375.1 373.2 372.4 370.3 367.7 365.8 364.2 362.3 373.2 378.3 379 378.6 378.9 380.6 385.2 390.1 393.3 392.6 393.3 398.1 398.7 399.7 402 402.7 409.8 419 429.9 440.8 451.7 456.4 460 463.9 467.2 470.2 474.8 478.7 482.2 483.7 483.1 482 479.2 476.7
410.7 403.9 401 399.3 398.1 397 395.7 394.6 393.3 393.1 392.6 392.2 391.3 390.1 388.2 387 385.7 384.7 383.8 380.1 379.5 378.8 378.6 377.9 377.8 378.4 380.2 380.2 381.2 381.8 382.3 382 381.5 381.3 380.6 379.5 377.9 374.9 373.4 371.6 370 367.3 365.2 362 371.3 375.1 376.5 376.6 376.2 376.6 379.8 384.9 386.6 388.5 392.4 395.6 396.5 397.7 400.7 402.9 406.9 413.8 421.3 429.9 442.2 452 456.9 460.3 463.8 466.6 469.2 472.4 476.7 479.1 479 477.8 475.5 472.8
403.7 402.4 400.8 401.3 403.2 404.2 401.6 398.2 395.2 392.2 391.1 389.6 387.9 388.4 387.4 386 385.2 384.1 383.1 379.3 381.1 380.4 380.5 379.5 378 381.1 382 382 382.7 383.4 383.9 382.9 382.3 381.9 381.5 380.7 379.1 376.8 374.1 372 370.5 368.9 366.5 362.6 370.1 373.4 375.3 375.3 374.8 374.7 375.6 378.8 381.2 380.2 389.2 393.3 395.2 396.6 399.1 401.9 406.5 409.2 414.7 420.2 430.9 442.5 451.8 457 459.7 462.8 466 468.3 470.1 472.4 472 471.5 469.9 468.8
411.4 413.1 412.2 411.5 410.1 408.3 406.7 405.1 403.4 399.7 389.7 391.9 387.3 386.1 384.4 384.9 384.5 382.8 381.9 381.2 382.3 381.7 381.4 380.6 380.8 383.3 383.9 384 384.6 385.2 385.5 384.5 382.9 382.4 382.1 381.3 379.9 378.4 375.8 372.5 370.6 369.1 367.2 363 364.7 371.9 373.6 373.8 373.1 372.8 372.5 373.3 377.7 380 385 389.3 392.4 395.4 399.6 402.7 403.5 407.2 409.7 414.1 423.7 430.1 440.2 451.8 455.9 458.9 461.2 463.6 465.1 466.2 466.8 466.1 464.1 463.4
416.6 416.2 415.6 414.1 411.3 409.4 407.2 405.7 403.9 401 399.4 398.8 393.5 385.3 386.4 384.2 382.6 382.8 381.1 382.7 385.2 385.9 384.5 381 381.4 383.9 385.3 385.9 386.5 387 386.8 385.6 383.8 383.1 382.9 382.3 381.2 380 377.3 374 371.3 369.7 368.1 364.7 360.8 368.9 371.6 372.2 371.3 370.8 368.2 368.3 368 376.9 380.1 385.1 387.2 391 397.3 400.9 401.3 402.9 407.7 411.3 417.3 422.1 428.9 437.4 449.9 455.5 457.6 459.2 460.9 462 461.8 460.9 460.5 461.1
418.3 417.6 416.3 413.8 411.5 409.1 407.5 406.2 404.6 402.9 405 404.8 398.2 389.4 386.1 386.6 386.3 384.1 386.5 387.7 388.3 387.2 383.2 383.7 383.4 385.5 386.5 387.2 387.8 388.1 387.4 386.3 384.5 384.1 383.6 382.8 382.1 381 378.2 375.1 372.4 370.7 368.9 366.8 360.5 361.9 367.7 369.3 369.4 368.6 365.3 362.8 365.4 372.8 377 380.6 384.1 385.9 393.9 396.4 400.1 401.6 402.7 411.4 413.6 416.1 420.6 425.5 436 448.5 453.9 456 457.8 458.7 458.8 458.4 458.5 459.5
419.5 418.3 416.2 413.6 410.8 409 409.7 408.6 407.8 409 410.6 404.3 400 394.6 390.4 389.2 389.8 388 389.4 390.4 389.5 385.5 386.8 386.9 383.5 386.3 386.9 388.5 389.2 388 387.4 386.3 385.2 384.6 384 383.4 382.6 381.7 379.5 376 373.6 371.8 369.5 367.2 359.6 360.7 360 360.4 361.5 362.1 360.9 360.7 361.6 367.5 372.5 376.6 380.2 383.6 388.3 391.2 396.1 401 404 408.1 408.4 410.3 415.9 419.3 425.3 434 440.6 448.1 453.1 455 455.3 455.3 456.9 458.6
421.1 419.1 417.1 414.8 411.7 411.6 411.3 410.9 411.5 411.4 407.4 403.8 399 390.3 389.5 392.2 391.7 390.3 390.8 391.4 390.1 387 388.5 387.9 386.7 386.3 387.6 389.9 390.8 391.1 389.4 387.3 386.2 385 384.4 383.8 383.1 381.9 380.5 377.6 374.9 373.9 371.4 368.5 365.6 360.7 358.6 359.7 359.3 359.2 359.4 359.6 361.9 366.5 369.4 370.7 375.3 379.6 382.2 385.5 388.9 396 401 405.4 405 407.2 409.2 414.8 418.2 422.8 428.8 434 438.8 442.9 446.2 449 455.8 458
423.5 420.9 419.6 417.3 413.7 413.7 413.1 412.9 414.8 411.1 404.9 401.2 395.6 395 397.2 393.5 392.8 392.7 392.6 392.4 391.4 390.1 389.9 389.1 388.3 387 388.9 391.4 392.9 393.6 392.8 391.3 388.5 386.7 386.5 385.1 384 382.6 380.7 378.2 375.7 374.4 372.3 368.9 366.3 365.1 362.4 359.3 357.6 358.7 359.4 358.7 362.1 365.2 365.5 366.7 370.7 374.7 378 379.3 383.1 388.1 395.2 399.9 399.9 400.9 406.4 410.9 413.7 415.5 421 423.8 426.7 429.6 433.5 439.2 447 454.5
426.4 423.7 421.2 418.4 417.3 416.3 415.7 416.9 416.7 411.9 404.9 402.1 395.7 400 399.3 394.8 394.7 394.8 394.4 393.6 392.2 391.9 391.2 390.2 389.2 388.8 389.8 392.5 395.6 398.3 397.7 395.2 394 392.1 388.2 385 384.1 383 382.2 379 376.2 374.7 372.2 369.2 366.9 365.4 363.8 358.6 358.3 358.5 358.7 359.1 363.1 362.2 362.1 364.3 367.6 370.8 373.3 374.5 378.7 382 388.1 392.4 395 396.8 398.7 404 409.9 414.2 417.1 417.9 420.2 420.4 424.5 430.4 435.4 440.5
428.2 424.8 421.2 421.7 420.4 420 419.3 418.9 416.9 413.8 411.1 399.5 401.4 407.1 404 400.1 398.6 397.4 396 395.2 394.2 393.6 392.8 391.7 390.9 390.9 392.6 395.3 397.1 403.2 402.1 399.4 397.3 393.7 388.7 385.6 384.1 383.6 382.6 379.5 375.3 372.9 371.5 368.9 368.1 364.8 362.6 359.6 358 357.8 356.9 356.5 359.5 358.8 360.4 362.6 365.8 368.1 368.2 371.4 377.4 377.7 381.1 384.9 387.9 391.5 396 399.6 403.2 410.5 413.1 415.1 416 418 420.2 423.4 428.1 430.3
429.2 426.8 424.3 422.9 423.3 421.9 420.8 419.6 417.2 415.3 404.5 405.2 410.2 413.3 411.6 410 408.3 406.4 402.8 400.7 399.4 396.4 395.9 394.9 396 397.5 400 402.2 403.5 407.9 405.6 401.6 399.4 396.6 392.3 387.9 386 383.4 382 381.7 375.7 371.2 369.8 367.8 365.9 365 361.9 359.5 360 357.5 356.3 356.2 355.5 354 358.2 359.1 360.6 364.6 366.2 367.7 370.6 369.5 376 379.9 380.2 386.3 391.3 396 399.9 406.3 408.8 410.6 412.4 415.9 418.2 418.6 419.9 423
432.4 429.5 427.6 425.7 424.3 422.3 420.7 418.6 415.2 410.6 404 412.4 415.4 417.9 418.2 418.5 419.6 417.2 413.6 410.8 409.4 408.6 408.4 408.8 409.2 409.6 410 413.1 414.6 413.5 410.5 404.9 400.7 397.9 394.4 390 388.3 385.7 382.6 377.7 374.9 370.1 368.8 367.5 365 363.5 361.9 360.8 361.8 361.6 359.4 356.1 355.6 355.2 353.4 355.2 354.4 354.7 364.4 365.2 367.2 367 367.7 373.3 374.6 379.2 385 389.6 394.3 399.9 403.7 405.1 409.7 414.5 416.8 417.9 418.2 419.6
436.6 433.9 431.3 428.7 427.1 424.2 421.1 417.9 411.2 408.6 414.6 418.3 420.9 422.1 423.1 423.9 425.6 427.2 423.1 418.3 417.9 418.9 418.9 418.5 419.8 420.7 420.8 422.1 422.9 417.4 413.9 407.9 403 399.2 395.8 392.3 391.4 388 388.1 381.1 376 373.1 370.4 368 365 363.6 361.9 362.1 362.6 363.1 361.6 360.4 359 355.1 353.9 352.5 352.3 351.3 354 362.7 365.2 365.6 365.7 367.9 370.6 371.8 375 381.7 385.5 389.2 392 397.1 406.9 412.8 415.9 415.9 417.1 416
438.3 435.6 433.6 431.7 428.7 425 421 412.8 412 419.3 421.4 423.1 425.3 426 426.3 427.4 430.4 432.5 432.6 430.6 426.8 429.2 430.5 428.9 428.8 430.1 429.9 430.6 430.2 425 421.1 414.3 407.1 403.5 399.9 396.5 395.4 389.7 387.4 383.5 379.2 375.2 370.3 367.1 364.9 363.3 363.1 363.7 364.1 364.4 363.2 362.4 361.4 359.8 357.2 355.2 359.9 356.2 349.9 362.9 363.2 363.3 362.7 364.7 368.6 369.7 367.8 369.5 372.2 377.2 382.3 388.7 398.8 408.7 413.1 414.6 416.7 417.4
439.7 437.1 434.6 432.2 429.3 424.3 417.1 415.3 419.9 422.5 424.1 427.3 429.7 431.3 431.3 433.1 435.8 438 439.8 439.4 436.9 438.2 441.8 442 440.7 439.1 438.4 436 433.4 428.8 426 421.6 413.6 408.2 404.6 401 398.8 394.4 389.9 385.3 381.9 377.4 371.6 368.1 365.4 365.5 365.5 365.3 365.2 365 364.1 364 362.6 360.8 359 359.9 362 360.9 348.4 348.7 359 359.1 361.2 362.7 365 366.9 365.1 365 365.2 369.6 375 380.5 388.8 399.3 408.2 411.7 415.1 416.1
