ny/ny51_OST50GRID_20230518/NY51.asc
ncols 200
nrows 200
xllcorner 350000
yllcorner 510000
cellsize 50
[rows 0 to 34 of 200, columns 0 to 78 of 200]
259.9 258.7 257.3 255.2 253.8 252.7 250.8 248.5 245.8 247.1 243.8 236.4 230.4 224.5 218.1 212.8 208.2 202.2 193.1 186.9 178.8 176.4 175.5 175.2 174.8 173.8 173.6 173 172.3 172.1 171.7 172.1 179.9 191.2 201.1 207.5 215.5 224 230 234.7 241.4 247.7 250.5 253.7 258.6 264.6 268 270.6 276.5 282.9 288.9 294.6 295.8 297 296.3 293.6 289.8 287.1 291.5 295.7 295.5 294.2 297 299.9 302.1 302.6 303.9 305.1 305.4 305.7 304.8 303.6 302.4 301 298.6 296.6 294.3 291.7 294.7
262 260.3 258.5 256.4 255 253.6 252 250.7 248.3 249 245.1 240.3 234.6 227.2 219.4 214.5 210.3 204.4 193.9 186.3 178.9 175.9 174.8 174.5 174.2 173.5 173.3 172.7 172.1 171.2 171.9 171.7 177.5 189.4 199.2 205.8 212.3 222.1 229.5 234.2 237.8 247.7 251.3 255.1 259.9 265.9 269.8 273.5 278.7 286 291.2 296.9 298.3 300 299.8 297.7 293.7 290.2 294.4 299.5 299.9 298.1 299.7 302.3 304.6 305.4 305.9 307.5 308.2 308.3 307.2 305.7 304.5 303.2 301.8 300.2 298 295.3 296
265 263.1 262.1 259 256.6 254.9 254 252.5 250.7 249.3 245.5 243.2 237.5 229.9 220.6 216.1 211.2 204.5 194.6 187.2 178.2 174.5 174.1 173.8 173.6 172.9 172.9 172.3 171.8 172.2 172.1 172.1 176 183.9 196.5 202.3 210.4 217.7 227.1 232.7 235.9 245.9 251.4 255.5 260.9 267.5 271.5 276.1 280.8 288.9 294.6 298.6 300 302.1 303.1 301.4 297.9 293.7 297.1 302.9 303.2 301.9 303.4 304.2 306.8 307.6 308.6 309.7 310.9 310.8 309.6 308.1 306.7 306.2 305.3 303.8 301.8 299.2 297.2
268.4 268 266.3 262.6 260.3 257.9 256.3 254.5 252.4 250.3 246.4 244.7 240.5 231.4 220.2 216.5 210.8 203.7 196.6 186.5 177.8 174 173.5 173.2 172.9 172.5 172.4 172 171.9 172.3 171.2 174.3 174.8 180.3 192.4 199.5 206.7 214.7 224.2 231.4 234.9 243.2 250.7 256.6 261.6 268.6 272.7 278 284.1 291.4 298.8 300.6 301.9 304.3 306.1 304.5 301.3 297 299.7 305.4 306.7 305.7 306.8 306.6 309 310 311 312.1 313.2 312.5 311.9 310.3 308.7 308.4 308.1 306.8 305.5 303.1 300.5
274.1 272.3 269.7 267 264.2 261.1 257.4 255.7 253.6 250.2 246.6 245.4 244.4 234.8 220.5 214.8 208.5 202.1 194.1 186.3 176.5 174 173 172.7 172.1 171.9 170.7 171.6 172.2 172.1 171.4 175.5 178.6 179.2 187.8 196.3 203.5 211.2 219.8 228.8 233.1 239.3 249.5 256.2 262.4 269.9 275.1 279.3 286.5 293.6 301.8 304.4 304.7 306.7 308.8 307.7 305.3 300.8 300.8 306.8 308.6 308.5 309.8 309.3 311.3 312.3 313.2 314.3 315.2 314.8 314.1 312.4 310.8 310.8 310.8 309.6 308.2 306.1 303.7
279.3 277.1 272.9 270.3 266.5 262.9 258.3 255.9 253.9 250.3 246.8 244.7 244 238.3 220.4 211.5 206.1 199.7 193.5 187.2 176.5 173.5 172.9 172.2 171.9 171 172.3 171.7 171.8 171.4 172.5 177.5 181.9 183.7 182.6 190.8 199.2 206.5 214.8 223.1 230.3 235.9 245.6 255 263.1 270.8 277.1 281.4 289.6 295.1 304.1 307.2 307.5 309.7 311.1 310.3 308.2 304.5 302.7 308 310.8 310.8 312.4 312.5 313.4 314.6 315.5 316.5 317.3 317 316.5 314.9 313.1 313.3 313.4 312.3 310.7 308.8 306.3
282.1 278.9 276.5 273.2 268.4 263.9 260.3 255.9 253.5 250.5 246.4 241.7 241.6 239 219.6 209.5 203.5 197.4 192.6 185.1 176.1 174.2 172.6 171.8 172 172.1 171.3 172 172.2 171.4 174.5 178.6 183.7 188.2 186.3 185.9 193.9 202.5 210.8 218.7 227.8 231.9 241.1 252.8 262.6 271.3 279.3 283.3 291.3 296.5 304.2 309.9 311 313.8 313.3 313.1 311.9 308.5 305.1 309.4 313.1 313.8 314.6 315.6 316.5 316.6 317.6 318.7 319.4 319.2 318.8 317.5 315.7 315.7 315.8 314.9 313.3 311.6 309
284.1 282.8 278.4 274.8 270 267.2 261.3 257.3 255.8 253.4 248.1 236.5 234.4 233.8 220.8 209.3 200 195.5 188.2 181.9 176.2 174.7 172.4 171.9 172.4 171.5 171.3 172.3 171.8 172.2 175.5 179.3 184.6 189.7 191.8 188.7 188.6 198 206.5 214.9 224 231.6 237.7 248.7 261.1 271 280.2 285.3 292.2 296.8 305 312.9 314.2 317.8 315.5 315.1 314.6 311.4 308 311.3 315.3 316.5 317.4 318.3 318.9 319.5 320.4 320.9 321.6 320.8 320.9 320 319.6 319.4 318.9 317.9 316.3 313.6 311
287.5 285.1 281 277.9 272.1 268.2 262.3 257.6 256.2 254.7 249.2 238.2 232.9 225.9 217.9 203.6 195.2 191.5 183.6 178.1 176.3 174.9 172.7 172.8 172.2 172.2 172.3 171.9 172.4 171.9 175.1 179.1 184.9 189.4 194.6 195.1 191.8 191.3 201.9 210.1 220.1 228.7 236.6 245 257.3 268.2 282.3 287.8 293.2 297.8 305.1 314.7 320.7 320.3 317.7 318.2 316.8 314.2 311 313.4 317.8 319.2 320 320.7 320.4 321.4 322.6 322.9 323.8 323.9 323.6 323.2 322.6 322 321.3 320.2 318.6 315.5 311.1
288 285.1 281.7 280.1 274 270.3 262.5 257.5 254.1 251.2 246.3 236.5 229.5 221.4 217.5 200.3 194.7 185.1 179.6 177.1 176 174.6 173.4 173.2 172.5 172.2 171.9 172.6 172.6 171.2 174.1 179 183.6 189.7 195.3 199.7 198.3 194.6 196.3 205.5 216.6 226.5 235.1 242.6 255.7 266.8 282.6 288.7 293.6 298 305.7 316.2 326 323.6 320.4 320.7 319.7 316.5 313.6 316.6 320.6 322.2 322.8 323.3 322.5 323.6 324.9 325.3 326.1 326.1 325.5 325.5 324.5 324 323.4 322.4 319.6 316.6 312.3
289.3 285.4 283.3 280.8 274.6 269.3 263.1 257.6 252 245.6 240.2 233.6 229.2 223.8 214.7 203.4 188.3 182.8 179.6 176.9 175.1 174.9 173.9 173.1 172.2 172.4 172.3 172 172.4 172.3 174.1 177 182.4 190.2 195.7 200.4 203.9 200.1 197.4 202.7 211.5 223.4 233.8 241 251.2 265.1 278.5 288.5 293.9 300.1 307 319.3 328.5 326 323.5 322.6 322.7 320.2 317.4 321.7 324.3 324.5 325.3 326 325.1 325.2 327 327.3 327.6 328.8 327.5 327.6 326.7 325.8 325.3 323.7 321.4 318.3 314.1
287.9 284.8 282.3 279.2 274.6 269.5 262.9 257.8 252.2 245.4 238.9 233 227.8 219 209.4 195.7 192.5 190.5 183.7 179.5 174.4 174.1 173.5 172.7 172.1 172.3 172.1 172.3 172.4 172.2 173.3 176.3 182 190.9 194.8 197.7 203.8 206.3 201.1 201.3 206.7 219.5 229.9 238.6 247 260.5 274.7 287.3 292.8 301.5 307.2 322.6 331.1 328.8 326.5 326.4 325.5 322.9 320.6 327.2 327.4 326.4 326.9 328.3 327.3 327.3 328.3 328.7 329.3 331.3 330.2 329.9 329.4 328 326.9 325.6 323.3 319.8 315.5
284.7 281.8 280 277.1 271.7 265.8 260.8 255.4 250.1 242.1 236.8 229.7 219.4 209.3 196.9 197.9 197.4 193 188.5 183.1 175.8 173.5 172.9 172.1 171.7 171.9 172.1 172.2 172.1 172 172.5 178.2 184 188.3 193.2 197.7 202.6 208.2 207.7 202.9 202.9 213.3 225.1 233.8 241 254.4 266.5 283.1 290.2 296.3 307.5 323.4 332.4 331.4 329.9 331.9 328.9 326.4 323.2 329.7 330.5 328.7 328.1 330.5 329.4 329.3 329.2 331.4 331.6 331.7 333.2 332.7 332.2 330.8 328.7 326.9 324.2 320.5 316.4
282.5 277.4 274.2 271.7 266.2 261.9 257.2 252.1 245 236.7 228.9 221.3 211.2 206.5 210.4 206.9 202.2 197.2 193 185.7 177 173.1 172.1 171.9 171.9 172.1 172.2 172.3 172.4 172.5 172.6 174.9 182.7 187.3 192 195.7 200.2 205.4 211 207.8 204 207.6 219.1 229.3 238.7 248.7 264.1 275.5 285.9 291.7 306.8 320.5 330.9 333.3 331.9 333.6 330.9 328.7 325 331.2 333.1 330.9 330.7 333.6 332.2 330.8 331.2 332.9 334.1 333.2 334.7 335 334.4 333.1 330.5 327.1 324.6 321.4 317.7
277.5 274.8 271.3 266.8 262.1 257.8 252.8 247.7 241.3 235.1 232.1 227.7 206.2 215 216.1 212.2 207.3 200.4 194.9 188.7 179.9 174.8 172.3 172.3 172 172.1 172.3 172.4 172.5 172.6 172.8 173.6 181.4 185.7 189.6 194 198.3 204.2 208.8 210.8 209.4 205.6 211.8 225.9 236.9 244.9 260.6 271.3 282.6 289.2 306 318.3 332.6 334.4 331.9 335.5 333.1 330.7 326.6 333.7 335.9 333.8 332.4 335.2 334.7 334.1 334 334.8 336 335.2 336 337.6 336.3 335 331.5 327.1 324.2 322.1 319.2
274.2 270.6 265.7 261 256 251.1 246.8 242.2 237.9 234.8 230.9 226.5 212.2 218.7 218.1 213.4 209.3 203.9 199 190.4 184.5 176.7 172.1 172.4 172.2 172.2 172.3 172.4 172.5 172.6 172.9 173.2 179.8 184.2 187.9 191.8 196.5 200.4 205.4 210.2 211.3 209.4 205.6 216.5 232.1 243.1 253.9 268.2 277.8 286.3 304 318.2 333 332.6 332.4 335.1 334.3 332.4 329.6 332.1 337.8 336.9 335.1 337.8 337.7 335.9 336.2 336.1 338 337.2 337.2 339.6 338.7 336.7 331.7 327.4 325.3 323.3 320.7
268.4 263.6 259.4 254.6 247.7 243.8 239.4 236.4 235.9 235.3 229.7 221 220.9 221.3 219.2 213.8 208.9 203.6 197.8 191.9 185.7 179 173.1 172.1 172.3 172.2 172.3 172.4 172.5 172.6 172.7 174 175.7 180.9 184.4 189.5 194.4 197.6 201.5 206.5 211.2 212.8 207 207.6 225 240 248.6 263.5 271.7 284.8 295.4 315 339.2 336.5 335.1 334.1 335.5 333.5 332.4 330.5 336.1 335.6 336.3 338.8 339.5 338 337.8 337.6 337.6 338.7 338.4 339.4 337.8 335.3 333.2 328.7 326.4 324.3 322.2
263.2 256.6 249 245.2 241.8 238.8 236.7 234.8 234 234.4 227 226.1 226.1 223.6 221 215.1 208.7 203 196.2 191.7 186.8 180.9 172 171.4 172.3 172.2 172.3 172.4 172.5 172.6 172.8 174.1 175.7 177.2 181.7 187.1 191.2 194.3 198 203.1 207.8 212.2 212.7 211.1 213.1 231.3 245.7 255.1 267.8 277 289.1 309.7 327.8 340.7 338.5 336.5 339.2 336.1 334 331.3 334.1 334 334.5 336 338.7 339.3 339.2 339.1 338.1 338 339.7 340.3 338.4 336.2 333.6 330.6 327.6 325.6 323.3
263.5 257.6 252.2 243.8 240.9 238.6 236.4 234.8 232.9 229.4 228.9 229.3 226 223.7 220 214.4 208.4 202.1 195.3 190.7 186.3 181.8 172.8 172.7 172.6 172.2 172.3 172.5 172.6 172.7 172.6 172.8 177.2 177.2 179 184.9 188.2 191.9 196.2 199.8 204.6 210 212.8 213.1 211.4 222.1 239.4 248.6 259.3 272 281.5 296.7 312.7 324.6 334.7 339 338.7 339.3 337.1 334.8 332.6 333 332.8 333.3 336.2 339 340.2 339.4 338.3 337.4 340.2 340.7 339 336.8 334.5 331.5 328.7 327 324.9
270.4 264.5 259.3 248.2 241.7 240.2 238.5 237 234.4 233.8 229.8 227.8 226.3 221 216.2 211.8 204.7 199.4 194.2 189.9 185 181.9 173.2 172.4 172.8 173 172.3 172.5 172.7 172.8 173.1 173.4 175.5 177.7 178.1 180.1 185.3 189.1 192.6 196.7 202.7 207.6 211.7 214.5 213.5 214.6 228.9 242.8 251.8 262.3 273.3 284.8 298.8 308.1 315.4 324.7 332.6 337.3 338 336.9 334.7 333 331.2 329.8 332.7 336.4 338.2 337.9 337 336.8 336.8 337 337.4 336.9 335.1 331.8 329.5 327.3 324.5
274.1 267.6 263.8 259.3 252.7 246.5 243.6 239 235.3 233.8 230.8 230.3 227.3 223.1 218.8 212.9 204.5 197.6 191.4 184 180.1 176.7 174.9 172 172.6 172.7 172.5 172.6 172.8 173 173 172.8 172.5 178.4 178.7 179.2 179.5 183.9 188.8 193.8 198.4 204.3 209.9 214.2 214.6 211.2 217.2 231.8 246.2 253.9 266.3 275.4 287.6 294.9 302.9 310 317.3 328.3 336.8 336.5 336.2 334.2 332.7 329.5 330.1 332.7 334.2 334.9 333.8 334 333.9 333.5 334.4 334.4 333.7 332.1 330.4 328.1 325.5
278.2 271.2 266.4 262.8 258.9 252.3 246.3 240.5 236.2 233.5 232.7 230.5 228.5 222.7 219.2 211.8 203 197.4 191.4 183.2 179.1 176.5 174.4 172.7 172.5 172.5 172.6 172.8 172.9 173.1 173.3 173.4 172.8 178.7 180.3 183 183.6 180.6 184.4 189.6 195.4 202.1 206 211 213.4 212.5 209.8 219 235.8 248 258 268.2 276.7 285.1 290.4 298.7 305.6 312.8 323.9 334.1 335.4 333.4 332.5 331 329.4 329.3 329.2 329.2 329.8 330.8 330.4 329.6 330.4 332.1 332.3 331.1 330.8 329.8 327
280.8 274.5 269.7 265.8 262.4 257.1 251.6 243.4 238.6 233.8 232.4 229.8 227.4 222.4 215.3 209.3 200.4 196.1 189.6 183.5 179.6 176.6 174.3 172.7 172.6 172.3 172.7 172.9 173 173.2 173.4 173.6 173.4 179.9 183.3 185.7 186.7 182.3 181.7 185.3 192.5 198.2 202.1 206.8 211.2 213.2 209.6 212 224.2 240.2 251.1 256.8 267.4 274.9 280.6 288.3 294.7 300.8 308.2 316.3 321.4 326 327.6 325.5 325.1 322.4 323 324.3 324.4 325.4 325 325 325.9 328.4 330.3 330.2 331 330.8 328.3
283.3 278.6 275.1 269.7 264.6 258.5 251.6 246.1 241.5 234 229.7 227.4 225.2 219.8 211.7 202.4 198.4 194.1 189 183.6 181.8 177.3 174.6 173.1 172.2 172.8 172.8 172.9 173.1 173.3 173.4 173.7 172.5 180.4 184.2 187.4 190 186.4 183.1 183 189.4 194.8 198.8 202.4 208.8 212 211.1 209.6 214.7 227.1 240.6 253.2 256.6 264 272.3 278.9 285.9 290.5 297.6 303.3 305.3 307.3 308.3 310.2 309.1 309.8 311.6 315.1 319.3 320 320.4 320.6 321.2 324 326.2 327.9 329.6 329.4 327.3
284.5 281.8 278.7 274.2 269.1 264.3 256 249.9 243.6 237.3 228.5 222.8 217 209.5 212.9 210.4 204.2 197.6 193.3 187.3 185.8 176.7 173.2 173.1 173.1 172.9 172.9 173 173.2 173.3 173.5 173.8 172.6 177.3 183.7 187.6 191.9 189.3 185.9 185 185.6 191.1 195.4 199.2 204.8 209.9 211.1 209.3 211.4 216.9 227.1 240.5 249.3 254.4 261.4 269.8 277.7 281.9 287.1 292 294.4 296.4 296.9 300.5 299.8 298.4 298.6 298.6 302.9 308.2 314.1 316.2 318.4 319.9 321.2 323.6 326.3 327.8 326.8
287.1 283.4 279.8 275.6 273.5 268.4 261.7 254.7 247.4 242.4 233.1 229.1 220.8 222.2 217.1 213 207.9 200.5 197.3 191.5 187.8 179.6 173.3 172.7 172.4 172.5 173 173.3 173.4 173.5 173.6 172.9 173.1 173.1 182.6 186.5 190.1 189.6 186.6 187.6 188.8 188.4 192.4 196.4 202.2 207.7 211.5 209.8 209.3 212.5 218.2 227.5 236.6 245.4 250.5 259.5 267.1 273.8 278.8 282.8 286.4 286.8 288.2 292.2 292.8 290.1 287.4 287.8 291.3 295.5 300.2 307.8 314.3 317.6 317.9 320.1 323 324.5 325.6
289.3 285.9 282 280 278 273.4 265.9 258.4 252.2 246.1 239 231.6 228.2 226.9 223.7 216.7 212.5 204.3 200.3 192.8 192 183.9 175.5 172.9 173.3 172.5 173 173.5 173.6 173.7 173.1 173.6 173.4 173.3 176.6 184.4 187.9 189.2 185.4 189 191.4 192.2 190.5 194.1 199.6 205.2 210.1 211.2 209.4 210 213.5 218.3 225.4 234.9 244.1 253.6 258.4 265.3 269.4 274.4 277.5 279.8 282.4 283.5 286.3 286.7 281.5 280.8 282 285.9 291.1 298.1 305 312.7 315 317 319.1 322.5 323.9
289.8 287.7 283.5 283.3 280.2 274.5 268.8 261.8 254.9 249.4 238.3 237.5 233.1 231 227 221 215.7 211.7 204.6 196.6 195.6 189.7 180.4 173.2 172.9 172.8 173.2 173.4 173.3 173.4 173.6 173.8 173.7 173 173 178.8 185.2 186.6 181.6 187.3 192 192.2 191.3 194.6 197.4 203 208.1 209.7 211.2 210.9 211 214 217 222 233.8 245.7 253.4 257.4 259.7 264.7 269.1 272.9 275.6 276.5 279.4 282.1 279.9 279.2 279.4 280.6 284.4 293.2 299.3 306.9 309.3 313.1 313.6 318.6 321
291.2 290.2 284.7 285.6 283.8 278.2 272.3 267.5 262.1 253.9 250.5 244.1 238.1 237 233.1 225.4 219.9 213.9 202.9 200.3 198 191.9 186.1 176.8 173.5 172.8 173.1 173 172.9 173.7 173.3 173.4 174 173.4 173.5 173.6 179.2 182.9 178.8 184.1 188.7 188.9 190.4 193.2 196.5 200.8 204.7 207.6 210.1 212.8 212 209.7 211.4 213.9 221.3 232.7 244.3 252.3 254.2 258.7 262.9 265.2 268.9 270.3 272.8 277.1 276.6 276.9 277.7 278.9 278.3 286.8 292.4 298.7 302.5 305.9 306.8 313.7 317.4
293.1 291.4 286.4 288.3 286.6 282.6 277.6 270.9 265.9 260.3 257.2 251.5 247.7 244.5 238.2 229.4 223.8 218.8 207.2 201.9 198.7 193.5 188.7 180.9 177.6 173.3 173 173.2 173.5 173.5 173.8 173.9 173.1 173.9 174 173.9 173.3 177.3 175.1 179.4 184 185.2 186.2 189.5 193.6 197.1 200.3 203 206.9 210.5 213.1 210 205.9 207.3 213.1 219.1 230.5 242.8 250 251.5 255.9 257.8 261.3 263.9 266.2 271.5 272.9 273.3 275.7 278.8 277.2 276.4 286.3 291 294.9 298.7 300.3 306.4 311.7
295.4 292.7 290.1 292.7 290.8 284.8 279.4 272.4 266.2 263.2 262.3 256.4 252.2 248.8 242.5 233.6 228.5 221.1 209 204.8 199 194.9 191.3 187.3 184.5 178.7 173.2 173.4 173.7 173.4 173.6 173.9 173.1 174.3 174.1 173.7 173.5 173.6 173.9 175 179.6 180.5 179 185.8 189.5 194.5 198 200 204.1 207.6 211.5 212 205.4 203.8 210.7 214.6 219.6 229.1 239.8 245.8 247.8 249.6 251.9 256 259.5 262.7 266.9 270.5 273 277.3 278.2 273.9 277.9 285.6 288.3 292.3 295.2 299.1 305.1
295.8 293.9 293.6 293.6 288.4 281.3 277.4 272.9 271.8 271 266.2 261.5 258.7 252.3 245.8 239 229.3 224 215 211.5 203.6 199.4 194.8 190.5 188.4 185.3 177.3 173.6 174.8 174.3 173.9 173.6 173.9 174 174.3 174 174 174 174.1 174.1 175.6 175.5 176.6 181.9 185.3 189.4 193.6 197 201.3 204.8 207.9 211.9 206 202.4 207.3 212.1 217.3 222.3 229.2 236.9 242 245.3 246.5 248.4 252.6 256.2 260.8 265.9 269.8 275.6 278.3 273 272.3 277.8 282.8 286.6 290.6 294.1 298.3
296.4 295.1 294.1 292.6 286.4 284.7 280.9 276.9 276.4 275.1 272.2 268.2 262.9 256.2 249.6 245.9 238.4 230.1 224.2 217.5 209.3 205.3 200.6 193.4 193.6 191.2 184.2 177.3 176 175.7 175.1 174.8 174.1 174.3 174.1 174.3 174.3 174.3 174.4 174.5 174.6 174.4 174.9 177.2 182.5 186.4 190 194.1 198.3 200.7 204 206.6 205 201.4 204.7 210.6 216.1 219.9 224.3 230.3 235.5 237.7 240.7 244.2 246.3 250.5 254.3 259.5 265.1 272.3 277.4 272.9 269.5 272.9 279 281.9 287.4 291.1 294.1
295.3 293.3 293 290.4 287.2 285.8 283.1 280.6 280.6 280 279.2 273.4 265.5 256.3 252.9 251 247.4 235.8 232.3 225.4 215.5 214 207.7 199.2 200.7 198.2 190.2 182.3 177.2 176.9 176.5 175.8 175.5 174.9 174.2 174.1 174.6 174.7 174.8 174.9 175 174.6 175 176 180.1 184 186.8 190.5 195.2 198.4 201 203.4 203.5 199.2 203.8 208.5 213.5 217.9 221 225.2 229.2 231.2 236 238.4 242.8 244.8 248.7 253.5 259.6 267.5 273.4 272.5 267.8 270.4 274.4 279.7 284.8 288.6 291.9
295 292.2 290.4 288.4 289.3 288.7 287.1 284.6 284.5 283.2 279.9 273.5 263.1 257.5 256.3 253.5 251.1 239 239.1 230 217.7 212.6 209.1 205 205.6 205.8 198.3 187.2 179.1 177.6 176.9 176.2 175.8 175.1 174.4 174 174.4 174.3 174.3 174.4 175.1 174.9 175.6 175.6 176.5 179.9 184.2 189 192.7 195.4 197.8 200.1 200.8 197.5 202.8 207.4 211 214.8 217.2 218.9 223.3 226.1 228.5 232.5 235.2 240.4 243.8 249.9 255.9 262.4 269.6 271.9 265.7 268.7 272.5 277.3 281 288.4 291.4
