ny/ny51_OST50GRID_20230518/NY51.asc
ncols 200
nrows 200
xllcorner 350000
yllcorner 510000
cellsize 50
[rows 70 to 104 of 200, columns 79 to 157 of 200]
246.6 251.8 261.5 263.4 264 264.1 265.5 269.4 271.6 273.3 275.6 281 280.8 280.4 280.5 282.8 284.6 284.8 282.8 280.1 276.3 271.3 267.1 264 261.3 257.5 256 253.4 247 245.2 244.9 244.9 244.7 245 245.5 247.8 256 264.7 264.2 266 269.3 273.5 277 280.3 285 285.3 292.7 300.2 299.2 297.3 294.7 294.8 295.2 295.8 296.4 297.2 297.5 296.8 294.7 294 293.8 294.8 294.3 292.4 291.4 290.5 289.4 287.6 285.2 282.9 282.1 283.3 284.8 282.7 281 279.6 278.3 282.5 280.3
244.6 249.1 256.8 263.2 263.1 262.9 264.5 268.9 271.2 273.6 276.3 282.5 283.8 283.6 282.1 285.1 285.9 285 281.8 279.4 275.2 271 267.1 264.1 261.9 258.3 256.1 253.3 248.4 245.7 245 244.9 245.1 245.2 248 248.3 255.9 264.4 263.9 265 268.6 273.5 277.4 280.5 285.2 286.8 287.2 296.2 302 299.6 297.1 297.1 297.4 296.8 296.7 298.3 298.3 299.6 297.1 295.8 296.1 296.8 296.3 294.9 293.1 292.3 290.7 289.3 287 284.9 283.3 284.1 285.8 284.6 282.3 281.1 279 279.5 279.1
242.1 247.3 252.2 262 262.5 262 264 266.3 271.2 274.9 277.6 284.1 286.7 285.8 284.7 286 286 286.6 283.2 278.5 274.5 270.4 267.2 263.5 261 257.8 256.3 254.8 250.3 247.5 246.2 245 245.6 245.7 246.9 248 255.4 264.4 262.5 264.2 267.7 272.4 276 278.3 284.4 287.2 285.6 290.1 301.6 301.2 298.7 299.4 299.5 298.3 297.5 299.2 299.2 301 300.1 298.4 298 299.1 298.5 296.8 295.3 294 292.2 291.1 288.6 287 284.9 283.7 285.9 286.5 284.2 282.4 280.5 279.2 279.3
234.4 243.6 249.3 256.1 262.4 262.4 263.7 265.7 269.8 274.9 278.3 281.2 287.3 288 287 285 287.4 284.9 280.4 276.4 272.5 268.9 266.4 262.7 260.5 257.4 256.4 255.6 252.1 247.9 247.2 245.4 245.4 245.6 246.5 247.8 254.2 262.9 260.8 261.5 264.6 269.3 273.5 276.2 282.3 286.6 286.3 285 293.3 303.4 301 299.6 300.7 299.7 299.2 300.4 300.7 303.4 303.4 301.5 300.7 300.3 299.6 297.8 296.9 296.2 294.3 292.4 290.1 288.2 286.3 285.3 286.4 287.5 286.1 284.1 283.4 279.1 279.2
209.5 236 247.1 251.6 259 263.7 264.5 265.9 269.2 273.4 278.2 280.4 285.1 288.3 288.5 287 285.7 284.1 279.8 275.5 272.2 267.5 264.4 262.5 260.2 257.4 257.1 256.6 253.2 249.5 249.1 245.8 245.7 245.6 246.8 249.1 252.2 260.4 257.4 258.4 260.9 264.5 270 272.5 278.7 285.8 287.3 283.6 285.7 295 302.9 302.6 303.2 302.1 301.8 302.5 302.6 304.6 305.3 303.8 302.9 302.2 300.6 299.3 298.7 297.7 296.5 294.5 292.5 289.6 287.4 287 289.1 289.6 287.5 285.6 285.9 282.8 279.3
198.1 219.5 245.3 248.4 253.7 262.2 265.9 267.1 269.2 271.8 275.8 279.9 283.5 285.5 287.1 289.4 286 283 279.2 275.7 272.2 267.6 265.7 263.5 261.1 257.1 256.1 256.6 253.1 252.1 250.4 246.8 245.3 246.4 246.5 246.5 249.2 256.3 255 255.1 256.1 260.2 263.8 268.7 275.3 283 288.3 285 284 288.6 293.3 303.1 303.3 303.4 303.5 304.3 304.1 306.3 307.7 306.5 305.6 304.3 302.8 300.3 299.7 300.1 297.9 296.3 294 291.4 288.7 288.1 290.5 291.5 289.6 287.7 287.6 284.2 279.4
197.4 207.4 230.7 245.7 249.3 253.9 264.5 268.2 269.4 271.5 273.3 278.6 281.1 283.2 287.5 290.5 287 283.8 280.4 276.7 272.7 268.7 266.1 263.5 260.4 256.9 255.3 256.2 254.6 253.3 252.8 248 246.1 245.7 246.5 246.7 248.2 253.3 252.6 252.2 252.9 254.5 258.5 264.1 271.4 280.8 287.6 286.9 283.8 286.3 287.3 287.8 300.6 303.5 304.4 306 306.2 308.9 310.3 309.5 307.9 306.5 304.5 303.6 303.3 301.5 299.4 297.3 295.3 291.7 290.6 289.7 291.5 292.5 290.8 289 288.7 287.5 281.3
198.4 196.8 217.5 236.4 248 250.3 255.2 265.6 269.8 272.3 272.5 275.1 280.1 281.4 285.5 288.9 288.4 284.7 280.8 277.1 272.9 268.8 265.9 263.3 259.9 256.5 254.5 255.1 254.5 254.3 254.2 248.7 247.2 245.3 246 246.2 246.7 250.4 249.1 252.2 251.7 253.1 254.4 261.3 267.8 276.8 286 288.6 284.6 284.5 286.7 280.4 287.3 299.7 305.1 306.8 309.1 310.9 312.6 311.7 310 308.6 306.5 305.8 303.7 301.3 300.6 298.3 296.1 293.5 292.2 291.5 292.7 293.7 292 290.2 289.7 289.4 282.9
198.1 199.1 206.8 224.6 239 248.5 251.5 256.1 264.4 271.8 271.1 272.9 276 279.3 282.8 287.9 286.9 284.3 280.8 277.2 273.1 269.6 265.7 262.7 259.3 256.4 254.7 253.6 253.4 255.1 255.5 249.3 247.2 245 246.3 246.2 246.6 248.2 249.3 250.3 251.4 252.1 253.6 257 265.3 272.4 283.9 289.4 286.9 284 285.8 282.2 277.4 285.4 295.1 307.3 309.8 312.3 314.6 313.3 311.8 309.6 306.5 303.9 302.1 304.8 302.6 299.2 296.9 294.5 293.8 293.3 294.4 294.9 293.4 291.6 291.3 290.4 285
200.2 201.7 200.1 216.1 226.6 235.6 247.6 252.1 255.5 261.4 269.2 269.8 272.6 275.1 279.7 282.9 284.9 282 279.6 274.9 272.5 266.5 263.6 261.2 259 256 254.7 253.7 252.7 255.3 256.5 250.3 248.6 246.1 246.1 246.3 246.5 247.9 250.4 251.4 250.8 252.1 253.5 256.2 263.4 270.3 281.6 289.2 286.7 283.4 284.9 283.8 276 279.4 284.5 297 307.9 313.1 316.7 314.8 313.1 310.3 307.9 305.8 303.7 305.3 303 300.4 297.8 295.9 295.6 294.3 295.3 296 294.3 292.8 291.8 292 287.1
201 202.8 202.5 210.2 221.1 225.9 234.5 246.2 250.9 252.8 259 266.4 267.9 270.6 275.2 279.4 279.3 279.3 277.2 272.4 269.6 267.4 264.4 261.2 258.5 255.8 254.2 253 252.1 254.7 256.3 250.8 248.3 246.2 245.9 246.9 246.6 247.1 248.5 250.8 250.7 252.2 254.2 255.5 260.6 268.4 279.8 288.1 287.7 283.7 284 283.9 276.8 276.4 280.9 288.1 298.1 309 316.4 316.2 313.8 312 309.7 308.2 306 306.7 303.2 301.5 298.9 297.3 297.2 297.2 297.4 297.4 295.8 293.4 293.1 292.8 289.4
200.6 202.7 204 207.4 216.3 222 222.8 231.6 242.7 247.3 248.6 252.6 260.8 265.4 267.8 272.5 273.6 274.4 274 271 268.9 267.7 265.3 261.9 258.6 255.8 254.4 253 252.1 254 256.6 250.1 248.3 247.6 245.8 246.2 246.8 247.2 248 249.7 253 253 255.4 255.9 258.9 266.6 277 286.9 287.5 282.9 282.5 282.9 276.2 275.5 279.8 286.7 292.3 302.5 313 315.5 314.5 312.6 311.2 309.7 307.9 308.3 307.7 303.1 300.4 298.2 298 298.6 298.7 298.8 296.9 294.7 294.3 294.1 291.6
213.5 201.3 203.4 205.7 206.6 208.9 205 212.5 220 230.8 241.2 243 245.9 252.7 261.1 264.3 267.4 269.9 271 269.4 268.5 268 265.9 262.8 259.1 255.2 253.9 252.3 251.5 253 256.6 250.2 250.3 249.5 247.2 246.8 247.4 247.2 248.1 249.5 251.2 253.6 256 255.6 257.9 264.2 273.9 285.3 286.9 282.1 280.8 282.5 275.2 273.4 278.3 286 294.2 296.8 312.1 315.3 315.1 314 312.6 311 309.8 310 309.5 303.9 302.1 300.1 299.5 300.2 300.3 299.5 298 296 295.1 294.7 293.2
224.3 217.1 204.3 202.4 202.9 206.2 206.2 206.4 206.6 207.7 213.1 231.2 238 240.7 246.2 258.1 262.7 267 268.2 269.1 269 268 265.8 262.6 259 255.9 254.2 252.4 251.4 251.7 255.9 250.3 251.6 252 249.3 247.1 247.7 247.5 248.4 249.6 251.3 253.2 256.4 256 258.1 263.2 271.6 282.3 285.6 280.9 279.2 280.3 274.6 271.6 277.4 285.3 293.7 296.6 302.7 315.3 315.5 315.4 314 312.7 311.2 311.4 309.8 303.6 303.5 301 300.6 301.6 300.7 300.2 299.3 296.3 295.5 294.9 294
235.6 236.4 230.5 224.6 221.5 219.7 219.1 216.8 213.1 208.9 208.8 208.1 212.6 228.7 237 244.1 255.5 263 266.6 267 268.4 267.4 265.8 262.8 259.1 256 254.4 253 251.1 250.9 254.5 250.2 253.5 255.1 252.5 249.5 248 247.6 249.4 250.5 251.2 253.3 256.3 254.8 259.6 262.8 269.4 279.4 283.7 279.1 277 279.6 274 270.8 275.8 283.7 291.7 296.6 294.6 310.8 316.2 315.3 314.2 313.3 312.6 312.2 311.4 304.4 304.6 302.2 300.8 302.7 301.2 298.8 299.3 296.3 295.2 295.2 294
240.8 243.3 239.5 236.7 233.6 231.2 227.7 225.9 222.8 214.6 216.5 209 210.1 210.5 230.1 236.8 245.2 259.2 263 264.9 266.7 266.7 264.9 262 259.3 255.9 254.4 255.3 251.6 251 252.4 251.6 255.4 257.6 254.2 251.5 249.6 248 249.4 249.9 250.8 253.3 256.8 254.8 259.2 260.7 266.8 275.4 281 277.2 274.9 276.6 273.7 270.4 275.1 283 289.8 296.4 293.7 298.5 317 316.3 315.7 315.4 314 313.5 312.5 308.3 304.5 303.6 300.6 303.9 302.9 300 299.5 296.1 294.9 294.5 293.8
245 246.9 244.3 243.7 240.9 239.3 236.1 234.9 228 218.6 223.3 220.8 210.8 211.4 215.4 231.1 238.5 248.5 260.1 263.4 264.8 264.7 263 260 258.4 255.4 255.2 255.8 252.8 251.6 251 252.6 257.9 260.7 257.3 253.3 251.2 249.6 248.3 250.2 250.3 251.7 255.8 254.8 256.5 259.9 264.6 271.9 277.1 274.3 272.7 274.8 272.5 269.8 274.6 281.8 288.4 294.1 295.6 293.4 304.3 315.8 317 315.9 314.5 314.2 312.9 309.5 303.6 304.7 300.5 304.9 303.7 300.6 299.6 295.6 292.6 293.3 293.2
247.8 249.3 249.2 248.6 249 248.9 245.7 241.8 231.5 223.4 226.8 230 209.8 211.9 213.6 222.6 234.2 242.3 250.9 261.2 263.2 263 261.6 259 257.2 255.7 256.6 256.7 254.9 254.5 253.3 253.3 259.4 263 259.7 255.2 253.2 251.1 249.9 248.8 251.4 252.3 251.8 253.3 255 258.4 263.6 266.8 271.5 271.9 270.8 271.4 270.4 269.7 274.1 281.7 288.4 293 297.2 295.9 296.7 308.6 317.5 316.8 314.2 313.9 312.9 310.1 301.9 305.1 300.2 305.8 303.6 301 299 294.2 291.6 292.2 291.9
251.2 251.6 252.6 253.8 255.9 255.7 252.2 245.6 236.6 228.2 228.8 233.6 225.3 214 212.9 213.1 231.6 238.7 247.2 257 261.5 261.5 260 258.5 257.2 256.3 256.9 258.1 255.8 256.6 256 254.9 260.5 264.6 261.9 257.2 255.2 253.6 251.7 250.4 251.5 255.1 255.2 252.1 252.7 257.2 260.3 258.6 267.5 269.3 266.6 267.5 266.7 268.8 273.6 281.3 287.3 293.8 297.8 298.8 297.7 300.1 315.9 315.9 314.6 314.3 313 309.5 301.3 305 300.2 306.2 304.2 300 297.8 292.2 289.5 290.4 290.5
254.7 254.3 255.5 257.3 260.1 260.7 255.6 248.7 237.9 230.6 229.7 235.1 231.7 223.9 218.5 213.6 212.3 235.2 244.3 252.1 259.2 260.5 259.5 258.4 257.8 257.4 258.2 258.9 257.3 256.9 258.8 256.7 260.9 265.8 263.4 258.9 257.3 255.2 253.1 251.4 253.4 256.1 255.4 254.4 252 253.1 260.1 263.2 258.9 266.1 264 264.4 265.7 269.2 273.9 280.5 286.6 293.5 298.4 299.8 301.1 300.3 307.5 316.3 313.9 313.6 311.8 308.9 302.5 305.3 300.2 304.5 303.2 298.5 295.8 290.1 286.9 287.6 289.2
258.8 257.7 257.8 259.8 263.1 262.1 256.7 249.9 239.2 233.1 231.1 236.2 235.4 229 224 217.9 213.8 231.4 240.9 247.5 253.6 260.1 259.8 259 258.8 258.5 259.3 260.9 259.5 258.8 261.5 258.5 260.8 265.3 264 260 258.5 256.6 254.2 252.2 254.8 257.4 255.2 255.1 252.3 251.8 257.2 262.7 263.1 262.9 262.8 263.6 265.7 268.5 271.9 278.6 285.6 292.2 298.3 301.4 303.3 303.8 305 311 313.1 312.2 310.5 308.5 303.3 305.2 300.4 304.7 302.3 297.5 293 287.1 285.9 286.6 287
262.7 260.7 260.3 261.4 264.6 263.5 257.2 250.1 241.3 236.4 232.5 236.7 238 233.4 227.6 221.9 215 228.9 237.9 244.8 251 259.3 261 260 260 261.1 260.9 262.8 261.6 260.7 264.1 260.6 260.7 263.3 262.7 260.9 259 256.4 254.2 253.2 256.2 259.3 256.8 254.3 252.9 251.6 254 262.3 263.3 258.6 264 264.1 265.2 267.6 271.1 277.2 284.2 290.7 297 301 304 307.3 307.5 309 309.4 310 309 306.5 302.2 300.4 300.1 302.1 301.7 296.8 290.9 286.2 285.8 285.9 285.8
266.1 264.1 263.1 262.4 264.7 262.2 257.9 252.2 245.3 239 233.6 236.9 240 236 229.2 215.9 216.8 227 235.9 243.7 248.9 258.6 262.4 261.8 260.8 261.8 262.3 264.7 263.8 262 265.8 263.4 261.2 261 259.8 257.2 256 255.2 253.6 253.3 257.2 262.1 259.7 255.8 253.7 251.6 253 255.6 261.5 263.4 263.3 263.5 264.8 266.9 270.5 275.4 282 289.2 295.8 301 304.5 308.8 309.1 309.6 310 308.2 307.4 305.3 301.7 299 299 301.6 299.5 294.3 288.6 285.8 285.7 286.1 286
269.2 267.2 264.2 262.9 263.9 262.2 258 252.6 243.2 238.8 235.2 236.2 239.6 237.1 232.2 218.7 216.5 227.5 235.3 242.2 247.7 254.5 262.7 263.2 262.6 262.7 264.3 265.4 265.2 263.9 267.9 266.4 260.4 259.3 258.5 257.5 255.6 253.5 253.3 253.9 257.8 263.3 262 256.2 255.4 253.2 255.2 256.2 259.4 262.9 259.4 263.6 264.7 268.7 270.6 273.7 279.5 286.7 294.3 299.4 304.3 309.3 310.3 310.8 310.9 308 305.8 304.1 300.7 298.2 297 300.3 296.4 290.5 286 285.8 285.9 286.2 286.7
272.9 270.3 265.6 262.8 261 260.3 257.3 251.5 242.8 238 237 235.8 237 235.6 231.7 221.2 218.3 217.7 232.2 239.6 244.3 250.4 258.3 265.3 264.8 264.5 266 267.2 267.3 265.9 269.1 268.6 262.3 259.6 258.6 258 257 254.5 253.8 254.6 258.6 264.7 262.9 257.3 255 253.5 253.7 256.3 256.3 259.3 262.8 263.4 264.7 269.5 271.7 273.3 277.3 284.9 292 297.8 303.8 309.1 311.2 312.1 311.6 308 305.7 303.3 300.4 297.8 296 297.8 295.1 289.2 286.2 285.4 286.8 287.4 287.7
273.9 271.2 267 262.2 258.2 257 255.2 251 241.2 239.4 239.8 239.1 237.8 234.2 230.3 225.5 219.2 219 219.1 240.1 243 246.3 251.8 259.7 265.5 266 266.8 267.6 268.1 266.6 269.8 269.8 264.8 259.4 259.2 257.9 256.3 256.3 254.5 255.5 258.3 265.2 263.9 258.4 255.6 253.7 252.8 255.5 255.3 256.4 259.9 259.9 264.9 268.9 272.8 272.9 276.8 282.3 289.6 295.7 302.1 309.3 312 313.2 312.2 308.1 305.6 302.6 299.9 297.5 295.8 296.8 294.4 289.2 286.3 286.2 287.4 288.6 289.5
275.6 271.9 267.8 262.3 256.5 253.8 251 245.4 247.1 245.4 242.7 241.6 239.9 237.1 234.7 228.3 224.8 219.8 219.5 238.9 244 245.7 249.6 255.4 264.2 265.5 266.7 267.7 267.7 266 269.9 270.8 265.3 260.2 258 257 257 255.7 255.4 256.3 258.7 265.6 265.1 258 255.2 255 253.5 253.2 254.2 255.6 257.4 262.3 265.6 269.3 273.1 273.4 275.8 281.9 288 294.3 301.2 309 313.1 314.6 312.8 308.7 305.1 302.5 299.9 297.4 295.6 295.4 293.5 289.1 286.7 286.6 288 290 291.7
275.8 271.9 268 261.6 257.3 253.8 249.8 249.2 251.8 250.8 247.1 243.9 242.8 240.6 238.7 233.7 230.5 222.8 218.5 237.3 245.9 247.4 248.8 254.7 260.8 264.2 265.5 266.3 265.6 263.7 267.6 270 266.1 260 259.2 257 256.1 258.2 256.9 257.9 257.7 264.5 265.3 258 254.5 254.6 254.5 254 253.8 254.8 255.8 258.1 264.7 271.7 273.7 273.2 274.5 281 287.3 293.2 300.2 307.9 312.9 314.1 313 308.4 305.5 303 300.4 297 294.9 294.3 292.5 288.8 287.4 287.7 289.9 291.8 294
274.1 270.2 267.4 264.4 257.9 254.9 251.9 252.7 255.8 256.2 253.6 247.7 246.4 244 240.5 237.1 233 225.6 220.7 218.1 247.5 248.7 249 254.2 257.2 259.1 261 262.6 263.4 260.9 264.1 268.1 265.7 259 259.8 259.4 258.2 259.7 259.5 259.2 256.2 263.1 265.1 257.8 254.2 254.9 254.5 253.1 253.6 253.4 254.1 255.7 263.7 273.1 275.1 273.9 274.9 279.3 286.3 292.3 298.9 305.9 312.2 314.1 312.5 307.8 305.5 303.5 300.9 296.8 294.8 292 291 290.7 288.6 289.1 291.5 293.3 296.3
271.6 270.3 268.5 265.6 259.5 256.3 253.8 256.3 258.6 259.9 259.4 252.8 249.6 246 241.6 237.3 234.2 221.6 220.4 219 247 252.2 249 251.1 255.6 257.2 258.3 258.6 258.3 256.6 260.2 264.6 263.3 257.7 260 260.6 259.8 261.9 262.3 259.9 256 262.4 264 257.5 254.1 255.2 254.8 253.4 253.2 253.5 254.7 257.7 261.2 273.2 277 274.1 275.1 278.3 285.2 291.9 297.9 305.4 310.1 313.8 312.1 306.7 304.2 303.2 301.3 297 295 293.1 295.4 292.7 289.9 290.5 293 295.6 298.7
275.5 272.8 271 267 261.2 257.3 255.6 258.2 260.7 263 263 259.1 255 250.5 243.5 236 232 223.2 221 223.6 238.3 248.7 251.6 248.8 251.5 256.8 257.4 256 255.4 254.1 253.9 258.5 259.6 257 261.7 262.5 261.4 263.5 265 259.8 255.7 258.7 261.1 256.7 254.2 254.5 255 253.9 254.6 254.8 255.7 257.8 261.9 273 277.4 273.9 275.5 277.8 282.8 290.3 296.7 303.5 308.6 312.3 310.6 306 303.9 302.9 301.2 296.8 295.1 293.5 295.7 294.7 291.6 292.3 295.5 298.2 301.7
278.5 275.2 272.1 267.9 262.4 258 257.2 260.2 262.6 265.7 267.4 261.7 257.4 251.8 243.1 235.7 231.6 221 224.7 231.2 231.8 242 247.9 250.1 249.9 251.8 254 253.8 253 252.2 252.3 253.3 255.3 258.4 262.1 263.1 262.7 264.8 267.2 261.2 255.7 256.5 257.4 254.4 253.8 254.2 254.5 254.7 253.5 255.2 256.1 257.7 261.4 272.3 278 274.8 273.9 278.2 281.6 287.9 295 301.6 306.6 310.1 308.6 305.7 303.7 302.6 300.4 297.8 295.2 293.7 297.1 295.9 293.6 294.4 298 301.2 305.1
280.6 276.5 273.4 268.5 264.9 259.7 258.3 261.5 264.7 267.5 267.6 263 257.3 252 244.9 236.5 227.7 224.4 232.5 236.7 237.1 238.4 244.5 247.4 251.2 253.7 252 251.3 251.4 251.5 252.5 253.2 256.3 260 262.4 262.6 263.4 265.2 267.9 263 257.8 255 255.2 253.6 253.1 253.6 254.3 254.7 255 255.4 257.5 258.2 260.8 270.9 277.7 275.5 273.2 278.3 281 286.3 293.2 299.2 304.3 307.2 307 304.5 303.3 302.5 301.2 296.6 294.8 294 297.2 297.4 296 296.6 300.5 303.4 307.1
283.4 277.9 273.8 270.7 267.2 263.7 259.8 262.5 265.3 268.2 266.5 262.6 257.3 251.1 245.6 237.2 223.2 227.2 235.8 240.2 241.7 242.5 247 249.4 249.3 251 251.9 249.8 250 250.9 251.9 253.1 256.7 260.6 263 263.3 263.1 266 268.9 264 259.7 256.6 254.2 253.4 252.8 252.8 254.9 255.5 255.5 256.7 258.2 258.8 260.5 268.2 276.4 274.3 272.3 275 280.9 283.6 290.3 296.7 301.1 303.3 303.9 303.6 303 302.3 301 297.1 295.2 294.4 298.4 298.5 297.7 298.9 303 305.7 309.9
287.6 280.1 275.7 271 267.7 264.6 262.6 263.4 266.7 268.7 265 261 257 251.6 244.8 238.9 224.1 231.2 238.3 241.5 243.6 244.8 249.8 253.4 250.6 249 250.2 249.1 249.2 249.8 250.6 253.5 256.5 260 262.3 262.5 262.4 265.5 269.5 264.9 260.6 257.9 255.6 253.6 252.5 252.4 255.3 255.5 255.6 256.6 259.7 260.5 260.2 264.5 273.1 272.4 270.9 274.6 277.4 281.4 286.7 293.2 297.7 300.3 302 302.4 302.4 302.1 301 296.7 295.1 295.8 300.2 300.1 298.8 301.2 305.4 308.4 312.2
