ny/ny51_OST50GRID_20230518/NY51.asc
ncols 200
nrows 200
xllcorner 350000
yllcorner 510000
cellsize 50
[rows 35 to 69 of 200, columns 0 to 78 of 200]
292.9 290.8 289 289.1 291.6 292 289.4 284.9 282.7 281.6 277.6 267.9 263 257.4 257 254.5 246.9 240.7 247.7 233.3 220.3 214.3 207.7 205.9 205.6 204.4 198 190.5 184.1 178.6 178.4 176.7 175.9 175.3 174.7 174.7 174.1 173.4 174.6 175.1 175 174.9 175.7 176.1 175.8 176.5 181.9 186.9 189.9 192.5 194.8 196.4 195.4 195.1 201.3 207 209.5 211.3 213.7 214.2 214.5 218.2 222 224 227.1 233.3 242.1 248.9 254.7 259.3 266.5 270.3 264.7 265.7 269.4 275.4 279.9 285.3 291.6
292.9 291.5 290.1 292.9 296.3 296.2 290.4 282.9 280.4 278 270.3 266.5 261 254.2 251.4 249.1 244.6 240.4 237.6 224.9 222 211.9 202.8 200 204.3 201.5 197.6 190.2 185.5 179.2 177.9 177.5 176.1 175.6 175.1 175.3 175.1 173.9 175.2 175.1 174.9 174.9 177.5 176.5 176.5 176.4 178.7 183.3 186.2 188.6 190.5 190.2 190.7 196.1 200.4 203.7 207.1 208.2 210 211 208.8 211 214.1 218.3 222.6 229.1 239.4 247.6 252.8 257.3 264.9 268.5 263.9 265 266.5 272.7 278.9 283.2 292.3
293.3 293.1 293 297.7 299.9 296.3 286.5 282.7 279.5 274 269.1 264.9 259.2 252.4 250.7 248.9 241.3 241.6 237.7 234.9 226.2 208.9 209.7 205.3 204.2 203.2 202 198.7 192.6 179.7 177.6 177.1 176.5 176.1 175.7 175.4 175.2 174.9 173.1 175.3 175.2 175.5 178.5 177.6 176.3 176.3 177.1 180.1 185.5 188.5 190.7 192.6 195.3 198.3 201 203.7 205.5 206.6 206 207.1 205.4 206.7 210.9 214.7 221 226.4 235.9 245.1 250.9 255.6 261.8 265.3 263 265.5 266.4 271 277.8 282.7 292.2
296.6 297.4 294.1 300.3 300.2 291.1 285.5 283.2 280 272.6 268.4 265.1 260.6 253.6 250.7 248 239.5 235.2 232.1 228.1 218.4 211.6 215 208.4 206 207.5 207.5 202.2 194.4 183.5 177 175.6 175.3 175.7 175.2 175 175.1 175.3 174.6 174.3 175.1 176 178.9 179.1 176.9 177.2 177.1 178.9 186.1 189.5 193.3 195.7 197.7 200.1 201.9 203.1 205 206.1 203.8 204 204.7 205.3 208.5 213.3 219.4 224.6 229.8 236.1 246.4 253.1 258.9 260.8 262.6 267.1 267.1 270.3 278.3 282.8 291.3
298.5 296.6 296.7 298.2 299.2 289.1 285.7 283.4 277.7 272.9 268.5 264.9 260 252.4 252.1 252.6 240.8 239.2 229.6 222.8 210.5 218.2 222.8 215.2 210.2 212.5 211.2 205.8 197 186.9 177.1 174.9 174.7 175.1 174.8 174.8 175.3 175.8 175.4 175.7 174.7 176.2 177.6 178.7 176.1 176.2 177 177.9 185.6 190.4 194.7 198 198 200.6 201.8 203.3 205.3 206.9 204.8 202.6 202.4 204.6 207.7 211.4 217.3 222.3 227.5 239.4 249.9 251.8 254.4 260.3 263.5 266.2 268.4 270.7 279 283.6 290.8
299.6 296.8 295.5 294.9 290.9 288 286.4 281.6 274.3 272.6 269.9 261.8 257.5 252.7 255.4 250.3 236.8 239.6 231 225.1 214.5 221.6 228.6 223.2 215.8 216.9 215.5 207.6 198 189.5 179.3 175.2 174.9 174.7 174.8 175.1 175.6 175.7 175.4 175.4 175.7 175.9 175.4 175.8 175.9 176.7 177.4 177.9 184.5 189.8 194.4 198.5 199.4 199.7 202.1 203 204.9 207.2 205.9 201.3 202.5 205 207.4 211.2 215.6 221 226.7 235.5 248.8 253.4 256.1 261.6 263.8 265.8 269.9 271.2 280 285.6 290.8
298 296.1 295.1 292.4 288.1 285.3 280.7 275.9 272.2 271 268.4 265.7 256.3 254.2 254.7 244.8 237.5 235.8 229.9 228.8 217.7 224 234.8 229.4 220 221.9 219.1 211.5 199.6 189.7 180.5 175.6 175 174.7 175 175.4 175.5 175.6 175.8 176.1 175.4 175.9 174.7 176.3 176.1 176.4 177.3 178.3 183.4 188.9 193.8 198.1 200 201.3 201.5 203.8 205.4 207.3 205.7 200.2 201.7 204.2 207.8 213.6 218.3 223.1 228.1 236.1 248.1 255.1 257.4 262.2 264.6 267.4 271.3 273.5 280.3 288 291
297 295.1 294.7 290.4 285.5 281 275.5 270.8 268.3 267.5 266.4 264 257.9 252.2 248.4 240.6 236 230.2 227.9 222 221.6 227.4 240.4 230.1 225.7 226.7 222.1 212.9 201 192.3 181.6 177.8 175.3 174.8 175 175.3 175 175 176 176.3 175.9 175.9 176.8 176.3 176.6 176.5 176.8 177.5 181.9 187.7 192.7 197.5 200.3 201.6 201.5 202.7 205.4 207.7 206.4 200.3 200.7 204.5 208.4 213.5 218.7 224.4 230.1 236.5 248.5 256.5 257.6 262.1 265.5 268.8 272.1 275.3 280.4 288.8 292
289.3 287.4 286.1 284.7 281.8 276.9 272.7 267.3 264 262 265.2 261.2 257.6 247.9 243.2 236 231.9 232.2 227.2 224.8 224.9 232 235 227.8 230.5 234.2 225.5 214.5 202.2 193.4 185.3 178.1 175.7 175.3 175.1 175.2 175.1 175.1 175.5 175.3 175.7 176.1 175.9 176.8 176.8 176.7 176.8 177.2 179.4 186.6 191.1 195 199 200.7 199.9 200.6 202.8 205.2 204.5 199.6 199 203.7 208.4 214.1 220.4 226.5 231.7 238.8 246.5 256.6 258.6 262.1 266.7 270.1 273.7 278.1 281.7 288.7 292.7
279.7 280.6 280.3 279.4 276.7 271.7 268.1 263.1 257 254.5 253.2 253 249.7 243.9 234.3 231.4 230.9 234.9 233.2 233 234.3 234.4 232.7 230.4 235.1 237 228.4 214.8 201.3 193.5 187.6 177.6 176.1 176 175.7 175.9 176.9 175.4 175.9 175.4 176.1 176.1 176.2 176.4 176.6 177.5 177.6 178.1 178.4 183.1 188.9 193.2 197 198 197.1 197.6 200.2 202 200.5 197.7 198.5 203.9 208.8 215.4 220.5 225.3 231.1 239.2 245.2 252.6 260.4 262.9 268.9 273.1 275.3 280.5 281.6 288.9 293.3
269.5 268.3 272.8 273.2 269.4 263.2 257.7 252.7 247.8 242.6 244.2 244.3 237.4 235.5 234.2 232.3 237.7 234.2 236.8 238.7 239 237.4 233.7 235.5 238.2 234.5 226.4 213.5 200.3 193.4 186.9 179.6 176.4 176 175.9 176.1 177.9 175.8 175.7 176 176.4 176.2 176.3 176.5 177.2 176.3 176.7 177.9 176.5 179.1 184.9 190.6 194.2 194.1 194 194.5 196.9 198.5 197.7 195.9 198 203.9 209.1 214.3 219.7 224.5 230.9 238.6 244.5 251.2 258 262.3 269.9 274.7 276.8 282.2 283.9 289.5 294.5
282 277.9 262 259.6 262.1 255.2 249.4 248 251.4 253.4 251.3 243 241.1 242.6 243.3 244.3 245 241.7 241.5 243.6 244.2 242.6 239.7 242.4 246.9 234.2 225.5 212.1 199.1 191.3 184.8 182.6 177.9 176.1 176.2 176.2 177 176.5 176 176 176.8 176.9 176.8 177.3 177.6 177.5 177.1 176.8 177.6 177.9 180.4 186.7 189.7 189.5 189.4 191 193.3 196.6 196.4 194.2 196.4 201.4 207.1 214 218.6 223 230.1 238 244 249.6 256 260.8 268.7 274.7 277.8 282.4 285.7 289.4 295.2
286.5 282.2 279 269.9 264 263.4 259.4 258.6 257.9 256.3 251.6 245.9 242.7 246.3 247.6 248.1 250.6 249.9 249.5 251 250.8 247.6 243.6 239.7 239.3 230.7 224.7 210.3 196.7 190.5 190.9 188.2 180.7 176.1 176.2 176.3 176 175.8 176.7 176.5 176.7 176.6 177.3 177.5 177.8 177.6 177.8 178.3 177.9 178.2 178.7 179.8 180.4 181.8 181.7 184.7 188.4 192.2 194.2 191 195.7 200.8 205.7 211.7 215.7 221 229.3 237.3 243.4 248.8 256.8 261.7 266 272.9 276.4 280.6 287.7 289.3 295.6
288.9 284.6 282.3 277.6 269.6 267.3 266.1 267 263.7 259.7 254.2 248.2 248.2 251.6 253.7 256.8 258.4 257.2 258.1 261.3 260.8 253.7 248.9 244.6 239.6 234.2 222.4 206.9 196.3 197.2 199 195.7 186.2 178.1 178.3 176.7 176 176 176 176.5 177.7 180.1 176.6 177.7 178 177.8 178.1 178.4 178.7 178.8 178.6 179.1 179.2 180.4 181.3 181.6 182.5 185.9 188.3 189.6 195.3 199.6 204.3 209.1 213.6 219.3 227.5 236.1 242.7 247.9 255.7 262.7 265 270 273.5 275.7 285.5 289.6 294.3
293.4 288.4 285 282.2 279 274.8 273.3 271.3 268.3 265.3 257.9 252.7 255.6 262.9 264.3 266.7 265.6 261.9 263.7 266.2 265.3 257.6 252.8 248.8 243.9 238.9 227.6 209.3 202 204.7 204.8 199.9 191.2 183.4 183.6 180.4 176.6 176.6 176.5 176.5 178.8 182.9 182.5 177 178.1 178 178.2 178.4 179 179.4 179.3 179.7 180.2 180.3 180.7 180.3 181.3 182.8 183.5 186.4 192.5 196.9 201.3 206.6 211.3 217.2 226 234.3 241 246.8 253.4 262.7 267.3 268.6 273.5 275.9 279.9 286.2 289.4
297 291.7 288.9 288.1 284.6 281 280 274.8 270.6 266.2 261 258.1 267.2 270.5 272.7 282 268.9 265.2 266.1 265.7 264.4 257.1 254.2 249.9 248.5 235 226.7 210.4 209.2 209.2 208.8 203.8 193.5 186.8 185.1 182.6 176.3 176.3 176.4 176.8 177.2 180.9 180.6 177.6 177.9 178.4 178.4 178.5 179.5 180.1 180.1 180.7 179.9 180.7 181.2 181.6 181.9 182.3 182.3 183.8 187.5 193.6 198.3 203.3 207.4 214.3 224.5 232.8 237 245.7 251.5 261.4 268.4 269 273.6 277.9 280.7 285.2 289
303.6 295.7 292.8 292.2 291.4 286.9 284 280.4 276.1 269.1 265.7 264.3 274.8 276.7 278.2 273.5 270.6 267.1 265.1 262.2 258.4 254.2 251.5 248 242.5 231.9 222 212 213.5 210.5 211.3 206 197.4 189.3 188.6 184.9 176.6 176.7 176.7 176.8 176.9 177.8 177.8 177.9 178.1 178.7 178.8 179.1 179.5 181.6 185.4 189.8 186.9 183.6 182.6 181.9 181.8 182.3 182.7 182.8 184.4 189.8 194.8 199.6 205.2 211.1 221.3 228.4 234.4 241.7 250.2 257.5 266.9 268.9 272.4 279.6 281.3 283.2 286.7
307 298.7 296.9 297.4 297.8 292.8 289.8 287.2 282.7 277.4 272.3 272.6 272.9 279.3 278.8 275.9 267.7 264.6 264.4 259.9 250.5 248.2 244.6 241.1 232.9 229 221.3 217.5 217.5 209.3 210.7 206.6 199.3 191.3 190.3 184.1 177.4 176.8 176.7 178.6 176.9 177.6 177.9 178.1 178.4 178.3 178.6 179 180.1 186.3 190.8 192.9 190.8 186.3 185.6 189.1 183.5 182.5 182.9 183.2 183.6 184.6 191.7 196.2 201.9 208.5 216.7 226.2 232.2 239.4 247.6 254.6 264.7 268.4 272.9 276.4 282.4 283.1 284.5
309.8 304.7 305.5 305.7 304.7 302.2 300 296.4 289.6 284.2 277.6 273 274.5 278.8 282.6 274.6 272.3 262.4 254.7 253.7 246 241.6 238.5 234.8 234.3 227.1 225.2 225.8 221.2 208.4 207.6 204.7 199.8 194 187.8 184.2 178.2 176.8 177.6 182.1 179.3 178.5 178 178.2 178.2 177.9 178.4 178.9 182.2 188.7 193.2 196.3 194 188.1 187.7 190.8 192.4 192.2 191.5 184.3 184 184.5 186.7 193.1 198.6 203.3 212.6 219.9 228.1 236.5 242.9 251.5 257.7 264.8 273.3 273.5 279.6 283.9 285.1
313.1 309.4 309.4 312.1 313 311.5 309.3 300.7 293.3 291.4 281 275.6 275.9 277.6 271.4 270 268.3 260.1 253.2 248.3 247.1 245.7 239.3 234.1 231.1 228.5 228.6 231.1 223.6 211.8 204.9 202.8 199 195.8 188.1 186 178.1 177.4 177.4 181.9 181.5 180.2 178 178.4 178.5 178.3 178.4 178.6 184.9 190.1 195.1 198.7 195.7 189.3 188.4 191.6 193.2 194.1 193.6 191.6 186.7 184.3 183.8 187.7 194.4 200.1 207.1 213.4 222.7 231.9 240.6 246.7 254.3 259.9 267.8 274.2 273.9 279.5 285.4
316.1 310.3 308.1 309.9 312.4 313.1 310 301.5 294.6 289.6 280.7 276 274.9 275.8 270.8 264.8 261 256.9 252.3 249.3 253.2 250 243.3 234.2 230.3 230 232.7 232.2 225.4 214.5 206.5 201.2 199.5 196.2 188 185.6 180.7 178.2 177.4 178.8 182.6 182.5 179 178.2 177.6 178.4 178.5 178.6 185 189.2 194.5 198.7 195.9 189.5 187.7 191.3 193.1 194.5 195.3 194 190.8 189.1 184.3 186.3 190.1 196.1 202.1 208.4 216.1 225.8 235.8 243 250.8 256.3 261.9 270.8 274.8 274.8 278.5
317.4 312.1 309.8 309.6 308.7 308.6 304.2 298.2 292.2 286.9 284.1 279.1 272.6 271 270.3 264.3 263.2 255.9 251.3 255.5 259.3 252.8 242.5 234.1 233.8 233.8 234.3 232 227.6 217.9 208 200.4 197.5 193.9 188.8 186.9 186.1 182.6 177.8 178 181.2 185 180.9 179.1 179 178.6 178.2 178.6 183.2 188.1 193.8 197.7 196.3 189.8 187.3 190 193.8 195.2 195.9 195.1 193.3 191.8 185.8 186 188.2 194.5 200.2 206.7 213.3 220.2 230 239.1 245.7 254.1 258.2 267.8 270.1 275.9 275
317.3 314.9 314.7 315.5 313.5 306.5 299.5 293.2 290.1 287.5 286.2 279.7 270.8 267.2 264 262.8 258.9 257.9 252.9 259.4 261.1 252.8 244.1 241.5 239.7 236.2 237.3 235.3 229 218.4 206.2 200.7 196.4 193.9 188 187.6 187.9 186.6 178.4 178.8 179.8 184.7 179.5 179.3 179.4 178.8 180.4 178.7 181.7 187.7 192.3 195.6 195.8 189.8 187.1 189.8 193.9 196.3 197.1 196.3 193.8 192.4 193.1 186 187.7 191.8 197.9 203.6 209 216.3 225 234.4 240.6 247.7 255.3 260.2 269.9 271.6 276.4
319.3 314.1 319.6 323 316.8 302.3 297.1 289 283.2 279.5 277.2 272.1 264.2 258.1 255.2 254 252.3 253.3 252.5 260.7 257.5 248.8 248.5 246.6 243.6 238.1 239.6 237.2 228.9 218.3 207.2 200.9 195.4 191.7 188 187.4 189.7 189.4 182.4 179 178.7 181.1 180 179.2 180.8 180.4 179.8 180.4 183.6 187.6 191.4 193.7 194.1 188.4 187.3 190 194 197.2 198.5 197 194.7 192 194.5 186 186.6 189.2 196.6 201.2 206.2 212.4 220.6 229 234.4 242.4 250.2 257.1 262.2 270.4 271.5
325.9 318.7 317.1 318.2 307.8 297 290 282.3 277.5 268.6 269.1 266.9 257.2 254.2 252.3 252 251.2 250.9 251.1 253 255.3 252.5 252.3 248.9 244.3 239.6 241.7 236.2 226.9 214.7 206.2 198 192.4 189.6 188.3 187.7 190.5 190.5 186.6 178.7 178.8 179.1 179.6 180.2 182.5 183.6 183.9 184.4 187.6 189.5 191.4 191.4 190.6 188.1 188.5 191 194.6 197.7 198.9 198.5 196.3 192.7 193.8 186.7 186 186.6 190.1 199.4 204.7 210.5 218.6 225.6 231.5 238.8 246.1 254.3 258.1 265.4 269.9
327.1 322.2 317.9 310.9 300.2 286 282.3 282.6 276.9 266.4 263 263.2 256.6 254.8 253.4 252.9 251.1 250.9 250.9 250.9 253.3 256.1 255.6 249.3 244.2 237.7 234.6 230 219.3 210.3 199.8 194.7 191.6 189.5 187.6 187.4 189 190.6 190.6 180.5 179.2 179.5 180 179.7 183.9 186.9 189 191.1 192.5 191.7 190.9 190.8 190 188.8 189.6 192.8 195.8 198.7 201.2 201.1 199.6 193.5 195 194 187.7 187.5 188.7 187.5 202.1 210.1 216.6 221.9 229.8 237.7 243.5 249.8 256.4 260.5 267
330.2 332.3 328.6 318.3 310.6 291.3 273.3 273.1 273.2 265.5 259.6 258.7 257.8 256.9 260 256.6 251.5 251 250.9 251.7 254.4 260.7 257.5 251.2 242.6 235.9 229.2 224.2 216.8 206.7 197.6 194.6 192.1 190.4 187.7 187.7 188.2 191.4 193.2 188.1 179.9 180.3 180.6 180.4 187.4 191.8 194.1 195.7 197 196.9 192.5 193 193.7 192.5 192.4 196 197.6 200.3 203.4 203.1 202.7 195.4 194.4 197.1 199.1 189.2 188.6 188.9 192.7 208.2 213.8 219.4 228.1 235.1 240.2 246.2 253 257.9 261.4
334.7 332.4 330.3 329.4 317.8 300 280.6 272 269.7 266.6 264.6 259.4 259.7 265 270.2 265 258.4 253.4 251.8 253.4 260.4 263.9 259 250.8 242.3 231.2 224.8 221.4 211.4 203.3 197.8 194.7 193.3 189.5 187.9 187.6 188.6 192.2 194.8 190.9 181.4 180.9 181.7 183.2 190.3 194.5 197.3 199.4 200.4 200.7 198.3 194.8 196.9 195.9 196.4 199.1 200 202.2 205.1 205.3 204.8 198.3 193.2 197.6 200.4 198.4 189.3 189.2 190.5 205 210.8 217.2 225.8 232 236.3 241.3 247 254.7 259.4
337.6 335.5 336.6 336.3 321.8 308.7 296.2 283.3 274.8 271.4 273.4 270 262.1 269.4 275.1 269.2 266.6 259 256.2 260.1 269.4 267.8 260.4 249.9 239.2 226.9 220.8 214.2 208.1 201.5 198.5 196 193.2 190.8 188.8 188 188.1 190.3 195.1 192.8 185.2 181 180.6 186.2 192.7 196.7 199.5 203.1 204.3 204 200.7 198.5 200.6 199.8 199.9 201.9 202.6 204.6 206.9 208 206.6 201.6 193.3 197.2 201 200.2 192.4 189.3 193.2 203.3 208.8 217.4 222.9 228.4 233.3 238.4 244.8 253.7 257.6
329.1 330.6 333.7 329.4 327.5 318.6 310.3 296.5 284.1 275 272.1 275.2 266.7 269.4 277.7 276.9 270.5 262.4 259.6 264.1 275.3 269.5 260 249.7 230.6 222.8 216.5 210.5 203.9 200.5 199.2 196.4 193.9 193 191.5 189.2 188.3 188.2 193.2 193.3 188 180.2 181.5 188.3 194.7 199.6 202.3 205.9 208.6 207.1 202.7 203 204.7 204.8 205.2 205.1 205.5 206 208.3 209.5 208.3 204.1 194 195.9 199.6 200 196.5 188.9 193.6 202.5 208.2 215.4 220.3 223.8 229.5 235.7 240.7 248 256.7
322.3 318.1 315.6 320.8 328.1 326.4 317.5 307.3 293.1 282.2 272.4 269.5 264.6 265.6 267.5 275.3 270.7 267.3 260.6 266.2 276 269.9 256.1 240.3 226.6 217.4 209.2 206.7 203.4 202.6 199.9 195.6 196.3 195.9 194.6 192.2 191.6 188.9 189.4 190.5 185.8 181.5 189.1 194.4 197.5 200.6 204.2 207.5 211.1 209.6 206.7 206.5 209.1 208.4 209.2 209.8 208.4 207.3 209.6 210 208.5 204.9 195.9 193.6 196.5 192.2 189.4 189.7 191.4 200.8 205.9 212.8 216.7 221.5 225.7 231.1 237.8 242.7 250.5
321.1 322.8 312.3 308.9 312.6 312.4 307.9 304.9 294.2 277.8 267.2 261.9 260.1 271.8 275.2 269.2 270.6 271 259.1 265.9 278.1 260.2 245.7 236 222 213.9 208.3 208 206.7 202.6 198.8 196.5 195.9 198.6 199.3 198.9 194.1 188.8 187.3 188 181.5 184.3 190.6 195 197.9 201.6 205.6 209.3 212.9 213.4 209.8 210.2 214 213.2 213.1 213.2 212.1 209 210.6 210.3 208.6 204.5 196.9 193.1 191.4 190.6 189.8 190 190.6 197.9 204.6 209.5 212.8 218.9 223.1 227.7 234.6 241.3 247.8
327.5 323 315.9 305.2 304.3 302.3 295 294.7 289.3 281.8 272.3 264.3 257.3 257.3 261.1 265.5 276 261.8 255 255.4 260.2 248.7 236 228.2 217.2 212.2 208.6 209.7 207.8 202.9 198.2 196.5 197.5 201.1 203.7 201.8 197.8 189.1 185.8 183.5 182.7 189.5 190.3 195.5 199 202.8 206.9 211.3 215.2 216.3 211.7 214.3 217.7 218.5 217 217.3 216.1 211.5 211 210.6 207.5 203.9 203.5 194.9 191.4 191.1 190.9 191 191.3 193.2 204.1 206.1 208.8 212.9 218.4 224.8 232.7 240.6 246.6
325.4 320.1 316.8 311.3 308.6 306.2 301.2 298.9 299.5 293.2 282 270.3 256.5 253.8 253 254.6 255.3 250.6 248.9 245.3 242.5 235.5 227.8 219.7 214 209.5 207.7 209.6 207.4 202.5 196.7 196.6 199.3 202.7 204.4 202.4 198.1 189.9 186.6 182.2 184.4 189.2 191.2 194.7 199.6 203.4 207.5 210.5 214.4 216.7 213.9 217.5 219.8 221.8 221 220.8 220.2 215.4 212.5 211.9 208.8 207.7 206.6 196.8 194.7 191.1 191.1 191.5 191.6 192.2 197.5 202.3 205.7 207.5 212.6 218.7 226.9 239.9 245
333 329.7 320.9 319.5 317.3 314.4 311.3 317.2 310.4 300.7 286.8 277.8 263.3 257.7 251.3 249.3 248 243.4 238.9 233.8 230.4 224.8 220.3 216 212.5 208.1 207.2 206.9 205 200 196.5 196.2 198.6 201.4 201.6 199.7 196.1 189.6 186.6 182.6 186.3 190.9 192.1 193.4 196.3 203.8 207.1 209.3 212.7 216 217.3 219.9 222.1 224.2 224.8 224.8 223.2 219.4 216.1 213.9 210.6 209.6 207.6 199.5 196.2 193.9 191.7 191.5 192.2 191.8 194.2 196.3 201.6 204.1 207.3 212.4 220.6 235.1 243.7
