ny/ny51_OST50GRID_20230518/NY51.asc
ncols 200
nrows 200
xllcorner 350000
yllcorner 510000
cellsize 50
[rows 105 to 139 of 200, columns 0 to 78 of 200]
401.1 402 402 402.5 402.4 395.2 384.5 377 375.1 368 359.2 343.7 327.2 314.1 300.1 287.2 296.5 302.9 310 324.2 339.3 351.7 358.5 362.2 364.1 366.4 376.4 376.8 375 366.2 361.2 355.4 352.3 347 345.3 339.7 334.4 325.2 315.9 304.6 290.6 267.7 251 244 241.2 239.5 238.2 237.1 234.9 223.1 225.9 227.1 231.1 233.5 236.7 237.9 240.6 248.4 258 267.2 274.6 281.6 283.9 284.6 285.1 284.3 282.5 284.3 283.5 272 283 285.3 289.7 289.8 289.8 292.4 295 296.9 296
397.9 397 394.9 395.2 390.3 384.4 376.3 368.6 363.6 356.3 345.2 331.4 317.8 308.6 295.2 294.4 303.5 311 321 339 353.5 363.3 371.1 373.4 371.9 374.2 377.2 377.4 374.9 369.7 364 359 355 350.5 347.3 346.3 335.7 328.1 318 306.4 285.2 264 248 240.7 238.4 237.2 236.5 236.5 235.8 224.6 226.5 228 233 236.1 240.3 243.9 247.5 256.9 267.2 279 284 286.7 289.3 289.1 289.2 288.1 284.3 285.4 283 274.2 285.1 286.9 291 290.4 289.6 292.9 296.2 298.9 296.7
392.9 391.5 387.5 382.6 378.5 375.2 366.6 361.1 354 344.4 332.5 323.2 315.6 305.4 297.7 305 314.1 322.4 336.8 353.2 367.2 374.8 383.6 384.1 381 376.8 376.9 377.2 377.1 373.2 367.2 362.7 357.3 353.6 348.5 344.9 336.1 327.6 315.6 299.7 277.5 260.9 244.4 237.3 236.8 236.4 236 236.9 236.5 235.8 225.8 226.1 234.4 238.5 242.6 246.8 254.1 265.5 279.9 287 291.8 293.9 292.3 292.4 293 290.6 286.1 285.5 282.3 280.2 286.3 287.2 290.5 290.2 289.6 293.4 296.8 299.8 295.9
391.2 383.3 378.2 374.9 368.2 365 359 352.5 344.1 333.2 326.7 321.2 314.6 303.8 306.3 318 326.7 339.4 353.9 369.6 382.2 389.2 392.4 390.6 387.9 383.5 376.9 374.3 376 373.1 370.1 365.7 360.5 355.3 349.8 344.6 336.3 328.6 313.2 297.3 275.8 258.4 242.5 235.6 235.3 235.4 233.9 234.6 235.6 235.8 230.2 226.5 230.9 239.3 244.2 249.5 260.2 276.7 288.5 294.2 298.4 298.2 294.9 294.4 291.8 291.4 287.5 285.6 281.3 275.8 286.7 288.7 291.3 288.4 289.3 293.7 296.9 298.8 295.4
381.6 375.9 371.7 368.3 360.7 355.6 350.3 343.4 336.7 329.3 321 311.9 313.2 316 320.8 330.7 339.7 359 371.5 391.5 400.4 401.8 402.4 394.9 388.8 383.8 378.7 373 371.1 369.4 369.2 368.2 363.4 357.2 350 345.8 335.3 323.1 310.9 293.8 271.7 255.5 242 235.8 234.5 233 229.4 229.8 233.9 234.6 229.6 228.3 234.8 240.1 244.3 254.2 267.5 284 296.4 300.9 300.4 297.3 297.3 295.8 293 292 288.8 284.6 278 277.3 285.3 289.8 289.1 286.9 288 293.5 297.4 297.7 295.5
367.4 363.5 361.3 357.1 352.2 347.8 342.2 336.5 332.9 328.2 318.9 321.2 323.2 329.6 338.3 349.5 361 375.4 388.2 403.2 409.4 408.8 404.6 396.9 390.9 387.5 382.5 376.1 371.1 370.2 368.3 366.6 361.1 355.8 349.1 343.9 334.7 325.6 312.2 296.1 272.6 254.3 239.5 234.9 231.6 230.3 230.4 229.8 232.9 232.5 229.6 227.1 235.4 240.5 246.8 260.5 275.1 292.8 302.5 305.6 304 301 299.9 297.9 295.2 293.1 289.7 282.2 279.1 280.2 284.4 290.5 287 287.4 289 294.8 296.7 296.7 295.1
356.9 349.2 344.9 344.2 342.8 338.7 332.9 331 330.5 326 323.4 329.7 335.6 344.6 354.8 372.9 380 386.6 396.8 404.6 410.9 409.4 405.2 395.1 393.6 383.5 376.6 373.6 371.2 369.7 368.9 368.2 363.3 357.6 350.9 344.9 335.7 324.2 313.5 296.6 273.3 253.4 241.1 233.3 229.9 230.3 230.6 229.7 230.4 229.1 228.3 228.1 235.9 242.2 252.2 265.8 282.8 294.3 308.2 309 308.1 306.4 301.9 301 298 293.1 289.7 281.4 282.3 284.5 287.4 288.9 290.2 292.1 292.3 293.8 296.3 294.5 292.3
349.9 344.5 339.3 334 332.1 329.5 328.2 328.1 327.6 327.7 333.9 343.5 353.2 361.6 373.7 387.2 397.3 398.7 404.8 410 413.6 407.8 402.9 392.7 388.9 383.5 378.2 375.4 372.7 370.1 370.3 369.5 365.3 358.7 353.2 348.4 340.1 330.8 317.5 294.6 272 253.8 240.1 232.1 230.7 229.9 231.5 230.4 230.5 234.4 233.5 229.6 237.4 245.9 258.6 271.9 290 301.1 305.4 313.2 313.8 310.4 304.3 302.7 295.6 290.2 284.5 284.6 285.7 287.8 290.2 293.3 295.5 296.3 295.2 295.4 296.3 296.8 292.8
343 337.6 333.5 330.8 328.9 327.8 327.2 327.3 328.7 335.1 347.9 362.3 372.6 381.4 392.2 403 408.8 411 412 410.8 414 412.1 405.8 398.6 392.5 385.7 382.3 381.3 377.4 371.7 371.7 368.7 359.9 357.4 354.2 347.7 344.7 339.4 327.1 299.8 272.1 253.3 236.6 230.6 229.9 232.7 234.2 232.8 235.7 239.6 236 231.3 239.2 250.2 263.4 280.4 297.2 311.2 313.5 320.6 320.5 313.9 306.8 303.1 299.9 295.3 288.7 290 289.1 292 294.4 296.5 299.9 300.8 298.6 295.4 296.8 299.6 297.6
338.2 336.3 333.2 330 328.9 328.5 328.8 331.3 337.8 341.2 361.5 376.2 385.5 393.7 405.3 413.4 418.5 416.8 417 416 415.8 412.3 406.6 399.8 396.9 387.7 383.7 382.6 378.1 372.2 369.1 368.1 359.4 355.2 352.7 352.4 348.7 346 328.4 301.3 272.4 254.3 234.9 231.7 230.7 233.7 234.6 234.3 238.6 242.7 238.1 234.7 242.8 255 271.9 291.1 308.2 315.2 321.7 324.9 321.8 314.7 308.5 304.1 304.8 300.2 294.7 295.2 292.9 295.6 300.4 302 305.4 305.4 302.4 298.3 298.9 302.1 301.5
336.2 333.4 331.3 329.8 330.9 331.5 336.8 346.3 354.6 363.7 367.3 372.8 396.3 404.4 406.9 411.6 417.4 415.8 416.4 417.9 416.5 411.3 404.4 400.2 395.2 389.8 383.7 378.4 374.8 370.5 367.2 364.8 356.7 354 351.4 352.7 350 344.6 335.5 306.7 271.8 253.8 238.4 233.2 230.8 232.1 232.7 234.1 239.7 242.7 238.5 238.1 247.3 263.5 283.7 301.7 316.6 321.6 319.7 321.1 320.5 310.5 306.4 310.6 309 305.1 300.4 300.2 298.7 303.2 307.9 308.2 311.8 310.5 306.6 302.3 300.1 304.1 305.6
333.5 332.7 332.4 333.8 336.2 340.2 346.2 358.1 370 376 389.8 389.3 397.8 406.8 410.7 411.2 408.6 406.6 410.4 411.8 410.3 407.3 403.6 398.4 392.1 388.4 384.5 377.4 372.6 368.5 365.6 363.4 359.8 356 350 347.4 345.3 348.5 342.3 319.9 274.5 252.8 240.1 235.4 232 230.8 230.8 234 239 242 240.1 242 253.3 273.3 295.4 312.2 321.3 324.7 320.8 317.1 312.4 308.4 307.6 309.2 315.9 308.8 306.3 306.8 309.3 310.3 312.9 314.3 317.4 314.7 311.1 304.6 302.2 305.2 306.9
336.9 338.2 341.4 344.2 345.3 351.7 358.6 364.6 377.3 389.8 394 392.6 395.9 405.4 409.9 414.4 412.8 405.6 404.7 404.4 404.9 404.5 403.5 398.3 389.6 383.8 380.3 375.2 374.1 372.8 373.1 368.4 360.4 358.9 351.3 350.1 344 339.8 333.4 300.4 275.4 257.5 244.8 236.8 233.2 230.9 231.7 234.4 240 241.5 239.7 244.6 261.4 283.3 306.8 318.8 327.8 325.5 322.3 318.8 314.4 312.9 310.9 309.9 310.6 311.8 312.2 313.1 315 310.6 315.8 322 322.8 319.1 315.7 308 304 305.6 307
342.4 346.8 354.3 353.9 356.4 363.4 371.4 376.3 386.8 389.6 394.3 393.2 394.7 401.1 409.6 408 406.8 403.6 400.9 401.5 399.7 399.8 396.2 390.5 389 385.7 379.4 376.3 376.7 380.5 377.3 373.8 367.3 366.3 364.9 354 349 342.6 338.7 306.3 280.2 265.6 253 241.5 232 231.2 231.5 235 239.6 240.5 242.8 249.6 266.2 290.2 310.3 326.7 334.7 331.1 328 323.4 319.8 317.8 316.1 315.4 314.5 319.6 318.9 320.7 319.8 313.8 320.2 326 325.8 322.5 318.7 311.1 306.4 305.6 306.5
355.8 352.9 361.5 364.1 368.7 376 385.2 388.9 395.5 395.6 395.4 394.5 399.5 399.6 404.9 407.8 410.3 407.6 403.6 401 399.2 398.3 396.6 390.8 386.5 383.1 378.9 377.1 378.1 382 382.2 378.2 367.7 366.8 372 362.6 350.6 343.7 331.2 311 288.2 269.4 257.6 243.8 233.7 231.4 231.6 235.6 238.1 240.9 245.7 252.8 272.1 294.5 314.8 328 336.6 338.4 341 336.9 331.2 326.1 322.5 322.4 319.7 322.8 324.7 327.1 324 322.7 325.5 323.9 325 324.3 320.9 313.9 309.6 305.5 305.1
367.6 369.8 374.9 381.1 384 386.5 393.1 396 402 397.9 396.7 399.5 401 402.7 407.5 410.4 418 417.9 410.6 405.4 403 403.3 400.6 394.8 388.4 381.9 380.5 380.4 379.6 382.3 381.8 379.9 368 366.6 371.6 369.8 365.7 361.7 339.3 315.7 293.4 271 259.5 245.3 233.9 231.3 232.1 234.8 237.9 241.6 247 256.5 271.4 297.2 314.7 327.5 339.6 353.7 354 348.2 343.1 337.3 331.8 328 327.1 326.3 333.3 332.2 326.5 328.8 331.6 325.3 324.5 321.9 319.2 318 312.9 307.1 304.7
380 380.5 383.4 393.3 396.1 397.9 403.8 406.4 406.8 404.7 401.5 402.3 404.9 408.1 410.9 411.7 421.9 419.4 414.2 413.4 415.6 411.5 404 399.6 393.3 387.6 385.2 382.2 381.4 381.4 381.7 378.7 371.1 366 365.8 367.8 368.8 366.3 354.8 335.7 297.5 272.6 257.7 244.7 234.7 231.7 232.3 233.6 235.3 242.2 249.5 263.5 275.9 289.3 312.7 325.4 343.2 355.3 361.9 358.4 352.5 348.5 344.3 335.9 331.7 332.2 333 331.9 324.4 329.7 330.6 328.2 325.6 323.5 323.5 321.6 315.8 309.1 305.8
393.6 392.1 393.8 400.8 406.9 411.3 413.8 420 418.9 416.3 413.3 412.2 412.8 413 413.2 416.4 417.7 418.9 417.8 417.9 416.1 413.2 411.1 407.4 399.1 393 390.3 387.1 382.5 379.1 380.5 375.1 371.5 366.4 365.2 364.5 368.2 370.9 363 344.9 294.8 271 253.6 243.4 236.8 231.9 232.4 232.6 236.1 243.4 252.8 273.5 283.9 297.8 313.1 327.2 338.8 356.8 362.1 366.7 363.1 354 349.2 342.5 337.4 335.1 333.8 331.7 328.4 332.6 332.1 330.4 328.9 328.6 328.5 324.2 318.3 311.9 310.3
406.4 406.3 405.4 412.7 418.2 423 420.8 429.4 428.9 426.8 424.4 423.2 421.3 419.8 419.1 419.9 420 423.2 423.8 424.3 424.7 421.6 416.2 412.8 404.9 397.5 393.5 388.4 382.4 377.1 376.9 377.7 371.8 369 364.3 363.1 359.5 353.9 347.3 322.9 283.9 264.7 250.1 242.9 234.7 231.9 232 232.3 237.4 244.9 259.9 283 292.2 308.6 319.3 331.7 345.7 350.1 354.8 363.1 362.9 356.9 354.5 347.4 341.1 338.2 336.9 334.7 332.3 335.8 337.1 335.6 333.2 329.9 331.1 324.2 317.5 315.1 314
417.2 421.4 418.5 417.5 432.9 435.8 427.2 433.8 439.5 439.5 434.8 432.4 430.5 431.6 431.4 426.9 423.8 425.8 432.8 431.9 429.3 424.2 419.2 415 408.9 402.6 398.5 390.8 382.1 379.8 379 369.6 365.5 360.5 357.6 351.9 347.8 334.6 317.9 296.8 275.5 259.1 249.4 242.1 234.1 232.1 232 232.3 236.2 247.3 265.1 284.6 298.1 313 321.4 331 350.3 361.6 356.3 355.9 356.3 360 356.4 353.4 346.8 343.6 341.4 336.5 336.3 339.8 340.6 342.5 334.7 331.6 328.9 323.4 319.9 318.4 317.2
428.8 428.8 429.1 430 443.4 444.5 440.6 435.6 443.9 448.4 446.9 443.2 443.7 440.4 436.1 432.3 428.5 429.8 434.5 435.3 432.7 427.1 429.1 422.5 411 404.9 397.8 390.5 382.5 378.8 376.7 365.6 362 355.5 347.4 337.4 327 310.4 293.5 278.1 265.1 254.4 246.5 236.2 233 232.4 232.5 232.6 238 251 271.4 289.2 306.1 323.3 332.3 343.9 361 361.4 365.2 360.9 357.2 357.2 356.9 355.1 348.4 347.3 342.3 340.2 338.8 341.3 343.5 341.8 336.8 333.6 330.2 327 324.3 321.8 320.4
442.3 437.6 438.7 441.9 441.6 447.7 448.4 448.1 449.9 456.4 454.6 459.7 453.5 445.8 440.9 436.1 433.3 438.5 437.4 431.3 430.3 427.7 423.6 420.7 413.3 404.3 399.3 393.6 387.8 373.9 367.3 363.5 359.8 349.1 339.2 330.8 316.2 299 282.2 268 256.1 241.6 234.6 233.3 232.9 233.1 233.4 237.6 243.4 257.8 279.2 296 312.8 330.1 343.9 355.8 366.7 369.9 369.4 367.7 365 362 357 351.7 348.4 345.9 344.3 339.3 343.1 344.5 345.5 343.6 340.5 336.9 332.9 330.4 328 325.3 323.6
451.6 449.1 446.9 448.1 448.1 450.5 454.4 455.4 458 459.9 460.9 463.6 456.9 451.8 446.6 440.1 439.1 441.7 436.9 427.1 419.6 413.3 408.4 406 400.2 398 395.6 383.6 381.6 368.4 362.4 355.3 350.3 340.7 329.8 316.3 303.5 289.1 275.1 257.8 249.6 234.9 234.4 233.7 233.3 236.2 241.4 247 253.8 267.7 286.2 302.5 322.3 337.5 357.5 368.3 373.3 375.5 373.7 373.5 370.4 368.5 365.8 353.2 349.4 346.5 342.8 343.2 347.5 347.4 348.5 346.8 345.1 341 336.2 334.5 331.9 329.4 325
456.6 456.1 454.9 458.3 453.9 458.9 456.4 459.9 460.3 462.2 463.6 460.3 453.5 451.8 448 438.6 441.3 437.4 429 424.6 418.1 406.1 400.3 393.8 388.4 382.9 376.6 370 362.2 357.1 354.3 346.5 338 325 318.9 302.7 288.2 274.1 258.9 251.4 246 237.6 237.8 239 241 246.8 251.9 258.3 269 280 293.7 312 329.6 355.7 368.1 378.6 380.6 381.1 380.1 379.4 378.1 370.5 360 354.6 352.5 349 344.2 347.5 347.4 352.5 352.5 350.6 348.9 344.9 340.3 338.4 336.1 332.7 328.1
458 457.1 457.4 458 458.2 461.2 462.8 458 459.9 463.3 457.4 452.1 446.6 445.1 439.9 437.5 436.3 434.1 432.1 424.3 413.9 402.2 395.6 391.6 384.4 380.9 376.1 366.5 354.3 339.7 334 332.2 318.1 310.5 300.9 287.9 272.8 261.5 252.2 247.9 241.9 241.9 243.6 245.9 249 254.5 259.7 272.1 284.3 292.7 305.7 323.4 347.5 374.1 379.6 387.9 388.9 387.8 384.4 387 384.8 375.5 361.6 356.8 353.7 349.6 346.7 346.5 349.7 352.5 354.5 354 352.3 348.8 344.1 341.9 338.9 334.7 329
459.5 458.8 465.8 461.9 463.4 466.7 469.5 460.2 454.9 452 447.9 443.6 441 438.9 437.7 434.4 431.4 429.1 425.8 416.9 411.8 402 390.2 383.3 381.8 378.4 372.8 359 345.9 332.3 318.8 309.1 301.2 293 284.1 273.8 262.9 254.5 248.2 243.8 244.9 245.3 249.8 253 258.8 267.9 274.5 289.3 299.5 304.9 317.5 340.5 366.2 383.6 390.2 394.9 399.8 393.3 389.7 395.4 386.4 373.4 368.6 362.8 355 351.5 348.5 348.1 352.5 353.7 356.1 355.8 354.8 350.3 347 344.5 341.9 336.7 328.5
461.7 465.5 469.8 467.5 466.9 466.8 468.9 464.5 455.1 449.4 442 438.1 438.2 438.6 437.2 435.1 427.2 424.5 417.5 411.5 408.7 402.8 388.2 379.8 374.3 373.7 365.1 346 332.4 318.9 306 295.1 286 278 270.2 263.1 254.3 246.4 246.8 247.2 249.9 252.6 258.9 265.2 271.8 281.2 294.5 309.6 315.4 321.7 336.3 359.2 375.8 388.9 395.4 398.8 398.5 394.7 394.3 392.5 381.9 376.1 370.2 367.6 358.4 353.7 349.7 349.9 354.7 354.9 356.1 356 354.8 352.1 349 346 344.6 336.8 325.3
467.4 480.4 484.4 478.2 467.6 467 471 466.4 455.3 444.5 437.1 435.2 436.9 435.4 435.7 431.8 421.2 416.8 412.2 412.5 413.6 405 387 376.5 366.9 352.1 343.1 331.4 319.3 305.2 298.6 283.2 272.8 267.5 261.6 254.5 248.6 248.8 248.7 250.9 255.8 260.8 268.5 280.1 290.2 309 317.7 327.5 332.6 348.3 359.9 374.2 383.8 390.2 395.8 396.6 398.8 396.1 392.8 388 386.9 383.1 373.5 367.6 361.4 355.8 352.2 350.7 353.5 355.2 356.1 356.6 355.3 353.3 349.2 345.4 343.1 337.2 324.8
485.2 485.4 482.1 479.7 475.9 469.4 467 460.2 449.6 443.7 437.3 431.6 430.8 430.2 430.3 425.6 415.2 410.8 417.6 416.3 405.8 394.6 375.8 357.3 343.1 332.7 320.8 315 301.8 291.1 282.4 271 263.7 256.3 252.9 252.8 253.8 256.9 257.4 259.4 264.6 270.4 281.4 296.7 310.3 330.3 338.9 364.9 365.8 367.5 376.6 387.1 386.9 388.3 392 395.5 397.7 395.8 389.3 387.6 390.4 385.9 373.2 369 364.8 359.6 355.6 352.2 352.7 353.8 356.1 357 357.2 353.4 349 344.9 341.6 336.3 324.6
486.7 484.5 482.3 479.6 472.8 468.4 460.5 455.2 446.3 441.3 433.8 427.4 425.4 428.2 425.2 417 407.4 413.2 421.7 410.6 388.4 369.3 357.2 337.3 326.4 315.7 303.6 296 288.6 280 268.9 264 260.5 256.4 257.3 260.6 262.8 267.2 270.4 271.5 276.1 280.9 290 308.5 325.4 341.4 355.7 363.3 365.6 373.7 383 386.2 384.6 386.7 392.6 393.8 391.9 391.1 388.9 387.1 385.2 379.4 374.6 369.7 365.6 361.9 356.6 355.3 355 354.5 356 357.4 358.9 354.3 348.5 343.6 340.5 335.7 327.2
480.2 482.1 480.4 476.6 470.6 465.6 455.4 452.9 446.5 438.2 430.9 424.9 421.7 418.8 412.4 404.6 399.7 406.6 405.7 400.4 372.4 353.2 337.3 321.1 315.3 299.4 288.2 280.9 273.6 269.4 262 260.9 261.7 262.9 265.2 272.2 278.5 281.1 282.5 286.7 290.4 297.7 307.8 322.5 335.9 345.1 354.2 360.2 370.1 376.6 381 380.5 381.9 385.3 388.8 390.8 392.7 393 391.5 388.8 384.7 379.4 374.3 370 366 362 359.7 359.7 358.4 356.2 356.1 357 355.4 351.9 346.4 341.1 338.8 337 334.5
477.1 476.8 476.1 472.6 466.8 460.1 452.3 448.9 441.4 435.3 428.2 424.8 421.5 416.5 403 396.4 394.4 393.4 384.5 375 354.7 334.9 320.1 307.4 299.5 288.3 280.8 275.4 266.8 261.9 263 264 269.1 273 277.4 287.6 291.4 293.6 297.1 299 305.5 318.4 323.6 335 346.6 354.5 358.6 364.8 373.9 375.7 377.8 378.9 380.9 383.4 387 390 393.4 398.2 398.4 393.2 387.7 381.7 378 370.8 365.9 362.9 361.2 361.3 361.1 358.5 359.7 358.4 355.4 348.6 347.9 345.4 342.3 340.1 336.8
472.3 470.2 470.1 471.1 462.5 461.6 449 441 434.1 430.2 426.2 422.8 419.9 412.7 397.2 384.7 373.5 374.9 365.1 350.6 333.6 316.1 303.9 297.8 290.4 280.8 274.4 269.9 262.5 263.9 268.2 273.9 278.3 286.8 294.8 299.7 302.9 307.1 311.1 322.5 327.7 328.7 344.9 353.9 358.4 358.6 360.4 366.1 370.8 373.5 376.3 378 380.8 383.2 385.7 389.1 392.8 399.1 400.8 400.9 395 389.2 380.9 373.2 367.3 363.7 362.3 363.1 362.6 361.2 360.3 359.8 357 355.1 351.5 348 345.2 342.9 338.4
470.1 467.1 466.3 465.4 459.2 452.9 445 436 430 428.3 424 419.1 413.1 402.9 389.2 370.7 356.4 349.6 337.9 322.3 308.6 296.6 289.7 284.1 278.3 273.6 269.6 264.7 263.6 269.4 274.7 283.7 291.5 301.1 307.2 312.9 315.7 319.5 324.2 328.9 339.4 346.2 358.3 368 369.2 362.8 363 366.7 371.8 372.7 375.5 378.1 380.1 382.2 384.7 387.4 392 399.1 399.3 400.1 398.5 389.5 382.1 372.4 369.6 363.9 364.4 366 363.6 362.4 361.7 359.9 359.7 357.6 354.8 351.1 347.9 345.1 340.2
462.7 462 462.2 459.8 454.9 446.5 440.1 432.9 425.4 423.3 416.3 411 398 386.6 369.1 351.5 340.9 330.1 319.4 303.1 292.6 285.7 277.6 274.6 270.3 266.9 264.8 264 267 274.2 281.9 291 301.7 311 315.7 322.1 324 328.9 332.2 340 352.2 359.1 365.4 368.6 371.3 370.7 370.4 371.7 373.3 373.8 375.4 377.3 379.4 381.5 383.8 386.1 390.6 397.4 396.9 397.4 392 387.7 380.6 374.8 369.8 366.3 368.6 368.5 364.9 362.8 362.1 362 362 359.1 356.6 353.8 350.3 347.6 341.4
