ny/ny62_OST50GRID_20230518/NY62.asc
ncols 200
nrows 200
xllcorner 360000
yllcorner 520000
cellsize 50
[rows 35 to 69 of 200, columns 78 to 155 of 200]
176.1 177.5 178.7 178.4 176.4 172.4 173 174.5 174.9 174.3 172.3 168.6 167.5 168.3 170.2 172 173.8 175.1 176.2 177.2 177.2 176.9 176.7 176.7 176.8 177.3 178.1 178.8 177.8 174.3 174.1 175.7 174.7 170.4 172.3 175.6 175 178.6 183.1 182.7 188.3 189.8 189.1 191.7 193 193.6 194.4 195.4 196 195.5 195 192.8 191.5 195.3 198.4 199.9 200.3 200.1 200.7 201.5 201.6 202.5 202 206.8 211.2 213.6 216.8 218.9 216.3 214.7 215.9 217.5 224.4 227.3 229.9 231.9 234 236.1
171.9 172.8 173 173.2 171.6 167.7 169.4 171.9 173.6 173.7 172 168 168 169.6 171.5 173.2 174.9 175.9 177 178.3 179 179.1 179 178.8 178.5 178.6 179.3 180 178.1 175.9 177.9 177.7 177.1 173.7 170.1 173.9 176.1 176 182.3 182.9 187.2 190.5 190.1 192.4 192.7 193.8 194.3 195.2 195.6 196 195.4 194.3 192.5 193.1 194.5 197.2 198.9 199 199.6 200.8 202.1 202.8 203.2 204.4 208.5 210.3 211.4 212 211.7 213.4 215.1 220.6 223.3 225.9 228.5 230.5 232.2 234.3
164.9 165.6 165.2 164.4 163.3 162.3 163.9 167.4 171 172.4 171 168.4 169.1 170.5 172.1 173.8 175.3 176.7 177.9 179.1 180.3 181 181.2 181 180.5 179.6 179.3 179.9 176.9 178.6 178.9 178.6 178 176.2 171 171.9 177 176 179.4 183.6 185.4 191 190.8 193.2 193.3 193.9 194.4 194.6 195.2 195.8 196 195.1 194 193.5 194.1 195.1 196.7 197.9 198.8 199.9 201.3 202.8 204.1 205.3 205.1 205.9 208.4 208.3 211.1 213.3 215.5 219.2 221.8 224.1 226.6 228.4 230.3 232.1
155.5 156.4 156.4 156.9 157.8 159.1 160.8 162.5 165.8 169.3 168.4 168.7 169.6 171.1 172.7 174 175.2 177.1 178.3 179.5 180.7 182.7 183.4 183.2 182.4 181.6 180.6 179.4 177.5 178.3 178.5 178.4 177.8 176.1 171.5 172 176.2 178.2 176.5 182.8 183.6 190.4 192.2 193 193.9 194.5 194.9 195.1 195.4 196 196.9 195.9 196.5 195.5 194.5 195.4 196.6 197.5 198.5 199.7 201.3 202.7 204.5 205.5 206.9 207 208.8 210.3 211 212 215.8 218.2 220.3 222.6 224.1 225.5 227.7 229.6
147.8 149.9 151.8 153.9 155.6 157.1 158.9 160.8 162.3 164.5 166.8 168.4 170 171.2 172.3 173.4 174.9 176.8 178.5 179.9 180.9 182.9 184.9 185.2 184.6 183.6 182 180.1 177.8 177.5 177.3 176.7 175.1 174.3 172.4 170.1 174.9 178 176.2 181.3 186.5 188 192.6 193 194.8 194.7 195.1 195.5 195.8 196.1 196.6 196.2 198.1 198.3 197.2 196.4 196.8 197.6 198.4 199.4 201 202.6 204.1 205.2 205.9 207.1 208.4 209.1 209.9 211.3 213.6 216 218.1 219.4 219.7 220.8 223.8 227.6
143.8 146.6 149.3 151.3 153.1 155.5 157.5 159.8 163.3 165 167.2 168.2 169.2 170.6 171.5 172.2 173.9 176.4 178.2 179.9 181.4 182.8 184.9 186.2 186.1 185.2 182.6 178.3 177.4 177.7 177.2 176.5 176.1 176.1 174.4 170.1 174.5 177.2 177.4 178.5 184.9 185.6 192.1 192.7 194.8 195.4 195 195.4 195.9 196.7 196.1 196.5 199.1 199.7 200.1 199.4 198.1 197.7 198.4 199.4 200.4 201.9 203.6 204.5 205.2 206.4 207.2 208.3 210.1 212.4 214.2 215.2 215.5 217.8 219.2 220.1 222.9 226.6
141.1 143.8 146.4 149.1 151.6 154.2 156.5 159.1 162.8 165.1 167.1 168.8 169.2 170 170.7 171.2 172.3 175.4 177.9 179.9 181.8 182.7 184.5 186.6 187.2 186.6 181.4 182.5 180.7 178.7 178 178 177.4 176.4 175 171.4 174.6 177.2 178.7 176.6 180.6 184.5 189.9 192.4 194.4 195.6 195.6 194.9 196 197 197 197.3 199.6 200.7 201.3 201.3 200.1 199.8 203.4 202.7 201 201.9 202.9 204.2 205.3 205.8 206.3 207.8 210.7 212.1 215.3 215.8 215.5 217.3 220.4 221.3 222.9 225.9
142 144 146.3 148.6 151.3 153.3 154.8 156.9 160.7 163.8 166.1 167.9 168.6 169 169.6 169.5 170.5 174.2 177 180 181.9 183.3 184.1 186.2 187.2 186.9 182.5 183.3 181.9 179.8 180.8 180.3 179 177.9 176.1 171.7 174.2 177.7 179.6 178.4 179 184.2 187.4 190.8 193.6 195.8 196 195 196 197.2 197.6 197.2 199 201.2 202.3 202.2 199.7 199.6 203.3 204.8 205 205 202.6 203.3 204.2 205.1 207.3 210 212 216.4 213.5 214 214.7 216.3 219.5 221.8 223.4 225.2
142 143.9 146.2 148.6 150.6 152.4 153.8 155 157.6 161.2 164.4 166.2 166.8 167.1 167 166.6 167.7 171.6 175.6 179.2 182.2 183.9 184.9 185.7 186.7 185.8 182.4 184.2 181.9 182.2 182.8 182.2 180.9 179.8 177.2 172.8 171.8 178.4 180.7 181.8 179 184.2 185.8 190.1 193.2 194.7 195.1 195.3 195.9 197 197.9 197.8 199 201.2 202.3 202.7 200.8 199.7 202.9 205.4 206.1 206.6 206.5 206 204.1 205 209.1 210.8 212.7 216.9 215.6 214.5 214.8 216 218.4 221 222.7 223.7
140.4 143.6 146 148.4 150.5 152.2 153.2 154.4 155.6 158.2 161.6 163.4 164.1 164.4 164 162.8 162.3 168.5 173.8 178.4 181.7 184.4 185.4 186.2 186.3 183.6 185.4 184.8 183.3 184.6 184.7 184.3 182.8 181.4 178.8 172.8 172.5 179 181.6 183.1 183.3 182.1 185.6 187.9 192 193.6 194.2 194.7 195.4 196.6 197.7 197.3 198.8 201.2 202.5 202.7 201.1 200.1 202 204.6 206.2 207.1 207.5 207.1 204.2 205.6 207.2 211.4 213.6 215.6 215.4 216.3 216.2 216.3 217.9 220.1 221.8 222.4
137.8 142.8 145.5 148.1 150.3 152 153.4 154.6 155.4 155.6 156.6 159.9 161.6 161.3 159.8 158.7 160.5 164.3 171 177.4 181.5 184.1 186 186.6 186.6 184.4 184.4 184.5 184.5 185.3 185.9 185.3 184.1 182.4 180 173.2 172.8 179.9 182.3 183.8 185.2 183.1 184.7 186 189 192.1 193 193.6 194.8 196 197.1 197.1 198.4 200.4 202.2 202.4 201.3 201 201 203 205.1 206.9 207.5 208 205.4 208 207.4 209.7 213.3 213.7 212.9 216.3 217.2 217.3 218.2 219.8 220.4 220.7
137.2 143.7 145.6 147.8 150.2 152 153.6 154.8 155.6 154.8 153.8 155.4 158.2 159.1 158 158.4 160.6 162.5 167.5 174.8 180.6 183.7 185.7 186.8 187 186.7 185.6 184.7 184.4 185.2 186.6 186 185.2 183.4 180.9 175.1 173 179.8 182.4 184.8 185.8 186 183 185.8 187.4 189 190.7 191.5 193.3 195.3 196.5 196.5 198.2 200.2 201.6 201.7 201.7 201.7 201.6 201.9 203.4 204.9 206.8 207.7 206.2 207.2 208.7 209.5 213 214.5 214 217 218.1 218.1 217.8 218.6 219 218.8
135.3 143.5 146.4 148.2 149.9 151.7 153.5 154.9 155.8 154.7 153.1 152.8 154.2 156 156.3 157.5 159.4 160.3 164.2 171.4 178.7 183.3 185.2 187 187.3 187.2 186.5 184.7 184.6 185.7 186.8 186.9 186 184.2 181.2 176.6 173.3 177.9 181.7 184.6 186.1 186.2 185.5 185.4 187.2 187.7 188.9 190 191.7 194 195.2 196.6 197.9 199.9 201.3 201.7 201.6 201.5 201.3 201.2 202.2 203.1 204.7 206.6 207.6 206.2 207.9 209.2 212.7 215.1 214.5 215.2 217.3 217.6 217.5 217.6 217.7 217.8
133.3 141.4 147.2 149.1 150.8 152.6 153.6 155 155.9 155.2 153.6 152 152.3 153.2 154.1 156.3 158.5 159.1 161 168 175.2 180.2 183.3 186.7 187.6 187.7 186.8 185.1 184.7 185.7 186.6 187 186.1 184.6 181.5 178.1 174.8 175 179.8 183.6 185.7 186.5 185.1 184.4 187.3 187.8 188.2 189 190.4 192.5 194 195.6 197.1 198.8 200.5 201.1 201.4 201.2 200.6 200.6 200.8 201.4 202.4 204.4 206.5 207.5 206.7 208.4 212.2 214.8 215.4 213.8 215.6 216 216.8 217 216.8 216.2
134.5 138.7 145.3 148.7 151.2 152.4 153.3 154.8 156.1 156 154.2 151.7 151.3 151.5 152.6 155 157.6 158.6 159.3 164.2 170.7 178.6 182.8 185.4 187.2 187.8 186.7 184.8 184.9 185.1 186.1 186.6 186.1 184.8 181.3 177.9 176.3 175 177.2 181.6 184.5 185.5 184.1 182.8 186.6 187.3 187.9 188.3 189.2 191 193 194.8 196.3 197.7 199.1 199.8 200.9 200.9 200.2 199.8 199.8 200.2 200.9 202.2 204.2 206.7 207.8 207.3 210.4 214.2 215.5 214.9 215.1 214.5 215.7 215.7 215.4 214.9
128 134.5 143.7 148 150 151 152.5 153.8 155.2 156 153.8 151.6 150.5 150.3 151.2 153.7 156.3 157.5 158.6 160.3 166.2 173.5 180 183.9 186.4 187.5 187 185.1 184.7 184.6 184.9 185.6 185 184.1 181.3 178.1 176.1 175.3 177.7 179.6 182.7 184 183.5 182.3 185.5 186.1 186.7 187.7 188.1 189.5 191.4 193.8 195.5 196.7 197.5 198.8 200.1 200.5 199.9 199.6 199.6 199.6 199.8 200.6 202.5 205.3 207.1 207 209.2 212.1 215.1 215.6 216.1 215.8 215.3 214.6 214.3 214
128 130.3 137.6 143.8 150 150.3 150.5 151.6 152.6 153.9 152.2 150.6 149.7 148.9 149.7 151.9 154.9 156.1 157.3 159.5 162.8 168.2 174.8 180.6 184.5 186.4 186 184.8 184.5 184.3 183.7 183.4 183.9 183.2 180.2 177.9 175.7 175.4 177.5 179.6 181.8 183.4 183.9 181.8 183.7 184.8 185.5 186.5 187.3 188.6 190.3 192.5 194.6 195.7 196.6 197.6 198.9 199.8 199.7 199.6 199.5 199.8 200 200.8 201.6 203.7 205.5 206.7 208.5 210.5 213.8 215.1 215.7 215.7 215.8 215.2 213.9 213.3
128.7 128 135 140.2 143.8 151.3 151.7 149.9 150.1 151.4 150.3 149.7 148.6 146.8 148 149.4 152.8 154.9 156.1 158.2 160.4 163 168.5 174.8 180.6 183.8 185.2 183.7 183.6 183.5 183.1 182.6 182.5 181.1 179.2 177.2 175.2 175.9 177.6 179.2 181.2 183 183.4 182.3 182.3 183.6 184.3 186 186.8 187.9 189.5 191.4 193.2 194.7 195.6 196.5 197.7 198.8 199.4 199.7 200 200.4 200.6 200.9 201.5 202.4 204.1 205.9 207.3 209.6 212 213.8 214.6 214.9 214.9 214.1 213.4 212.6
132.8 128 130.3 136.2 142.5 142.3 151.7 151.2 149.3 147.8 148 148.3 147.9 145 145 146.1 149.8 152.4 154 156.3 158.5 158.3 163.1 167.5 173.2 179.8 183.1 182.4 182.5 183.2 183.3 181.4 180.5 178.8 176.8 176.1 174.7 175.1 176.8 178.3 180.8 182.4 182.9 181.8 183.1 183.6 183.1 184.7 186.4 187.2 188.7 190.6 192.3 193.6 194.7 195.6 196.6 197.7 198.7 199.7 200 200.6 201 201.1 201.6 202 203.2 204.7 206.2 207.7 209.7 211.9 213.1 213.5 213.3 212.1 212 211.3
133 133.7 130.9 130.5 136.6 142.3 140 149.8 148 144.9 145.1 146.3 146.4 145.4 140.2 142 144.9 147.4 149.9 153.1 156.6 155.6 158 161.6 166.3 172.3 177 179.4 181.3 183.1 182.1 180.1 180.6 179.3 178.7 177.2 175.8 174.4 175.7 178 180.2 181.8 182.3 180.9 182.9 183.1 181.4 183.2 185.1 186.4 187.9 189.7 190.6 192 193.9 195 196.1 197.2 198.3 199.3 200.1 200.8 201.3 201.5 201.8 202.1 202.4 203.7 205.2 206.2 207.2 208.5 210.2 211.2 210.9 209.4 209.6 209.7
130.8 133.5 133.9 128.5 130.4 134.9 139.6 137.5 141.5 140 140 139.6 135.9 136 135.1 135.4 136.7 140.9 143.6 147 151.9 151.6 154.5 156.9 159.1 164.3 167.8 174.6 178.2 180.7 179.3 180.2 181.7 181 179.4 177.9 176.8 175.3 175.1 177.2 179.1 180.8 181.7 180.5 180.9 181.7 178.3 180.1 182.8 184.3 186.7 187.8 188.4 190.7 192.8 194.6 195.7 196.9 198.1 199.1 200 200.7 201.1 201.5 201.9 202.1 202.2 202.8 203.9 204.6 205.6 206.6 207.5 207.4 207.9 206.8 206.5 207.8
127.9 131.2 134.1 132.8 130.1 133.1 134 136.1 135.8 131.1 130.2 127.3 128.9 132.7 133 134.4 134.5 134.2 135.5 137.9 142.8 145 150 153.4 156.1 157.5 166.1 171.5 176.3 177.9 181.1 183 182.4 181.5 179.9 178.6 177.4 176.5 174.8 175.4 177.2 178.4 179.7 180.2 179.2 179.7 176.4 176.3 179.6 179.4 180.4 185.6 188.6 190.4 192.2 194 195.4 196.6 197.8 198.9 199.7 200.3 200.5 200.9 201.3 201.8 202.2 202.2 202.5 203.2 204.1 204.9 205.3 205.2 205.5 205.8 206.1 206.4
124.8 129.1 132.6 134.4 135.7 135.5 134.3 135.6 135 135.9 124.9 129.9 139.6 141.3 142.1 142.7 143.7 140.6 135.4 134 135.3 139.7 144.4 149.9 153.7 158.3 160.4 168.4 173.6 176.4 181.7 183.3 182.5 181.7 180.3 179.2 178.2 177.3 176.2 174.9 174.9 176 177.6 178.5 176.6 175.6 172.9 174.1 176.4 179.4 182.8 186 188 189.8 191.3 193.1 194.7 196 197.2 198.4 199.2 200.2 200.3 200.3 200.7 200.8 201 201.9 202.2 202.6 202.9 203.3 203.8 204 204.2 204.5 204.9 205.3
123.1 126.6 129.8 133.1 134.9 136 134.7 135.2 134.7 134.7 135.7 131.1 136.9 139.5 140 141.8 147.5 147.5 142.7 136.7 134.6 139.1 144 147.7 151.4 156.2 161.7 162.8 170.7 175.3 180 182.3 182.6 181.7 180.8 179.5 178.6 177.6 176.7 175.8 175.8 175.5 175 175.1 173.6 171.5 171.5 173.1 175 178.9 182.3 184.6 187.2 189.1 190.3 192.1 193.9 195.2 196.6 197.8 198.7 199.6 200.2 199.9 199.5 199.6 199.8 200.7 201.3 201.5 202.1 202.5 203.2 203.5 203.4 203.5 203.6 204
119 121.4 125.2 131.1 134 135 134.2 134.6 134.1 133.9 133.4 134.4 133.6 136.8 137.9 139.7 146.2 150 148 143.3 136.3 137.7 143.7 147.3 150.1 153.6 160.5 163.1 168.4 173.8 177.9 181.4 182.4 181.7 180.8 179.8 178.8 177.9 177.1 176.3 176.3 176.3 174.4 173.5 171.3 170.1 170.6 171.8 174 177.4 180.9 183.7 186.4 188.3 189.5 191 192.7 194.4 195.7 196.9 197.7 198.7 199.5 199.6 198.9 198.6 198.4 199.1 199.8 200.5 201.3 201.6 202 202.3 202.4 202.3 202.1 202.4
112.3 115.9 120.2 128 132.1 133.4 130.6 132 132.4 133 132.5 132.4 135.6 135.3 136.6 138.2 143.6 149.5 149.7 146.3 138.9 135.5 141.3 146 148.8 152.6 158.9 163.9 163.9 171.3 177.4 180.3 181.8 181.7 180.9 180.2 179.2 178.2 177.3 176.3 176.2 176.7 176.2 173.8 171.7 169.4 169.7 171.2 173.2 176.4 179.7 182.9 185.8 187.4 188.8 189.8 191.5 193.5 194.8 196 196.9 197.7 198.1 198.3 198.3 197.9 197 197.5 198.2 198.9 199.7 200.3 200.7 201 200.9 200.8 200.6 200.8
109.9 112.3 116 124.1 128.9 131 127 131.2 130.6 131 130.5 130.7 133.3 135.4 134.5 135.4 141 147.7 150.4 148.1 140.4 135.2 140.9 143.1 146.1 150 155.9 162.4 165.2 170.3 176.3 179.4 181 181.8 181.2 180.5 179.5 178.2 177.1 175.9 175.4 175.9 176.7 175.1 172.5 169.1 169.4 170.9 172.6 176.1 179.5 182.4 185.2 186.4 187.6 188.7 190.2 192.2 193.7 194.9 195.8 196.2 196.6 196.9 196.9 196.5 195.5 196.1 196.6 197.3 198 198.7 199.3 199.4 199.1 199 199 199.1
114.8 112.1 111.7 116.5 122.1 126.1 117.9 125.1 129.8 130 130.6 130.6 132.4 134.4 136.1 135.8 138.2 144.3 149 147.8 142.9 138.9 137.9 144 144.7 146.4 152.4 160.8 165.2 166.5 174.8 177.9 180.1 181.4 181.4 180.9 179.6 178 176.5 174.8 173.7 174.7 175.3 175.1 172.8 168.5 169 170.4 172.1 175.9 179.4 182.3 185.1 187.2 186.9 186.5 188.4 190.8 192.4 193.7 194.4 194.6 194.8 194.9 194.8 194.7 194 194.5 195 195.5 196.3 197 197.5 197.5 197.2 197.1 196.7 196.6
120.4 120.4 114.6 111.6 114.6 116.5 114 117.7 124.7 129.4 130.1 130.7 132.1 134.1 135.4 136.1 136.7 140.1 146.7 146.2 141.6 142.7 137.6 141.9 146.7 145.9 149 157.1 163.5 164 172.8 176.5 178.9 180.3 180.9 181.1 179.9 178.2 175.7 173.1 170.9 171.9 172.7 173.5 171.9 168.5 168.7 169.8 171.6 176 179 182.1 184.9 187.3 188.1 187.1 187.2 189.8 191.2 192.4 193.1 193.3 193.5 193 192.7 192.6 192.6 193 193.3 193.8 194.4 195.1 195.5 195.7 195.3 194 194 194
121.1 124.4 123.1 115.7 112.3 112.6 118.5 120.5 122.3 128.8 129.7 130.4 132.2 134 135.6 135.4 136.2 137 142.1 142.7 141 143.6 140.1 139.2 146.3 147.4 145.7 152.7 160.6 163.6 169.7 174.7 177.5 179.6 181 181.4 180.2 178.4 175.7 170.9 168.7 168.6 168.7 169.9 169.1 168.4 168.6 169.4 171.1 174.9 178.1 181.2 184 187.1 188.8 187.8 188.1 188.7 190.1 191 191.7 192.3 192.5 191.7 191 190.7 190.9 191.2 191.4 191.8 192.4 192.9 193.2 193.3 192.2 191.3 191.4 191.7
121.3 125.5 127.2 122.3 114.8 114 123.8 124.2 124.1 128.1 129.6 130.2 131.9 133.7 135.4 135.6 135.1 135.7 137.3 138.6 140.4 144.1 141.5 137.8 145.1 148.2 147.2 147.4 154.5 161.7 161.9 172.3 175.5 178.5 180.4 180.9 180.4 178.4 175.5 170.8 168 168 168.5 167.9 168.3 168.7 168.9 169 170.2 173.5 177 179.8 182.6 185.8 188.7 189.4 189.4 188.7 189.7 190.2 190.8 191.2 191.3 190.5 189.7 189.2 189.5 189.7 190 189.9 190.3 190.7 190.9 190.8 190 189.5 189.3 190.1
121.5 126 129.6 127.9 122.2 117.4 114.4 119.8 125.4 125.2 128.4 129.6 131.6 133.3 134.8 135.2 134.1 133.9 138.2 137.4 140.5 144 143.2 137.9 143.6 147.8 148.6 148.1 148.9 156.1 158.3 167.6 173.6 176.9 179.3 180.5 179.8 178.1 175.8 171 167.6 167.7 168.6 167.2 168.3 169.1 169.3 169.3 169.9 171.9 174.7 178.2 180.9 183.7 188.2 189.8 190 189.3 189.2 189.3 189.7 190.1 190.2 189.4 188.6 188.4 188.6 188.8 188.9 188.7 188.4 188.5 188.7 188.5 188.2 187.8 188.1 188.7
121.4 125.8 131 131 129.1 123.7 117.3 116 122 118.4 126.6 129.3 130.9 132.6 133.9 134.2 133.4 133.7 138.8 140.5 137.3 144.3 144 140 141.8 147.3 148.8 149.2 149.8 150.6 157.6 166.2 171.2 175.1 178 179.7 179.7 178.5 176 171.3 167.6 167 169.1 168.2 167.6 169.6 170.3 170.2 170.2 171.6 172.9 176 178.3 181 184.8 188.3 189.2 188.5 187.4 188.2 188.7 189.1 189.3 188.8 188.1 188 188.3 188.5 188.6 188.3 188.2 187.8 187.7 187.4 186.7 186.5 187.3 188.3
121.1 125.6 131.6 132.6 131.4 126.9 120.9 120.7 117 116.3 128 128.5 129.7 130.9 131.6 132.9 132.9 133.2 133.8 139.7 140.7 137.8 144.6 142.7 138.4 145.6 148.3 149.8 150.5 149.3 157.4 163.5 168.7 173.2 176.5 178.2 178.9 178.4 176.1 171.4 167.6 165.8 168.4 168.7 166 169.7 171 170.9 170.6 171.7 171.6 173.2 175.1 177.6 181.1 184.5 186 185.7 185.3 186.7 187.7 188.2 188.1 188 187.8 188 188.2 188.4 188.6 188.7 188.1 187.4 187 186.7 185.3 185.3 186.4 187.2
121.2 124.5 131 133.3 133 128.9 123.1 123.5 120.7 119.1 120.5 123 125.2 126.2 128.5 130.2 133.1 133.7 134.1 138.1 139.1 143 137.6 144.1 140.4 140.4 145.3 148.1 149.8 148.1 155.5 160.9 165.8 171 174.7 176.8 177.8 177.4 175.9 171.9 167.8 165 167.2 168.4 164.6 169.5 171.4 171.6 171.1 171.8 169.7 170 172 173.2 176.7 179.1 181.3 182.3 183 185 186.2 187.3 187.6 187.7 187.8 188 188.1 188.3 188.7 188.9 188.4 187.9 187.3 186.3 185.2 184.2 184.9 185.8
