ny/ny62_OST50GRID_20230518/NY62.asc
ncols 200
nrows 200
xllcorner 360000
yllcorner 520000
cellsize 50
[rows 105 to 139 of 200, columns 78 to 155 of 200]
104.4 104.7 104.6 104.3 104.9 109.5 113.7 116.9 116.7 114.3 109.9 109 109 109.1 109.3 109.3 109.4 112.5 116.2 118 116.4 115.2 116.4 119.9 123.4 125.8 127.4 126.1 123 115.3 122.2 124.7 124.2 119.8 123.8 130.5 134.7 134.2 130 130.3 130.2 121.7 126.9 130.3 131.6 131.5 131.4 131 131.3 132.6 133.6 134.6 135.4 136 138.8 138.5 145.8 147.9 144.7 144.3 144.6 130.1 123.8 123 122.9 123.1 123.3 123.5 124.7 125.9 128.6 142.7 149 152.3 156.4 159.7 162.6 162.8
104.2 104.6 104.8 104.6 104.9 108.4 112.2 115.7 116.6 115.6 112.9 107.5 107.6 109.6 109.5 109.5 109.4 110.1 112.2 115 114.9 113.3 113.3 115.9 119.4 123 124.9 125.7 123.8 114.9 120.4 124.4 125.3 122.9 120.2 124.9 132.1 130.3 125.4 124.5 125.2 121.3 128.1 130 131.1 131.2 131 130.6 130.2 131.7 132.7 133.7 134.5 133.8 133.4 138.5 139.7 142.7 136.9 140.3 131.9 123.1 122.8 122.5 122.5 122.5 122.9 123.1 124 124.8 126.9 144.7 148.4 151.1 154.9 159.1 162.7 165.2
104.2 104.5 104.8 105.1 105.2 107.5 110.7 114.1 114.9 115.1 114.2 112.6 109.5 108.7 109.7 109.7 109.8 109.9 110.1 111.2 112.1 112.1 112.2 112.6 114.8 119.3 123.1 124.4 123.3 114.8 119.3 123.4 125.3 126.6 121.7 120.1 124.3 122.1 120.4 119.7 120.2 125.1 128.6 129.3 129.9 130.3 130.2 129.4 128.9 130 131.7 132.6 133.5 132.9 132 133.1 137.8 139.5 131.4 137.4 126.3 122.4 122.2 122.1 122.6 122 122.3 122.7 123.4 124.1 125.9 135 147.1 149.4 153.8 157.8 162.4 165.5
104.6 104.7 105 105 105.2 106.6 109.5 112.2 113.9 114.3 114.5 114.4 113.5 109.8 109.3 109.8 109.9 110 110.1 110.5 111 111.9 112.1 112.3 112.3 113.1 112.8 112.8 113 113.3 118 122.2 124.5 126.8 127.1 121.4 117.7 118.1 118.5 119.6 122.8 125.8 127 127.6 128.1 128.1 128.7 128.2 127.8 128.2 130.3 131.7 132.5 132.7 131.4 130.5 132.1 137.9 138.2 131.7 124.5 121.9 121.8 121.7 121.8 121.9 122.3 123 123.2 124.1 125 128 137.8 147.6 151.1 156 160.7 163.9
104.9 104.8 105.1 105.2 105.2 106 109 110.9 113.2 113.9 114.4 115.1 115.2 115.1 107.6 109.9 109.9 110 110.3 110.6 110.7 111.5 110.3 109.7 111.9 112.4 112.3 112.7 112.7 113 112.7 119.6 123.2 125.5 127.3 127.3 118.4 121.8 124 122.2 123.2 125 124.4 125 125.4 125.2 125.7 125.9 126.2 127 128.8 131 132 132.8 132.4 130.2 129.4 131.9 130.5 129 121.7 121.4 121.5 121.5 120.9 124.8 127 123.2 123.6 124.2 124.8 126.1 130 141.7 148.7 153.8 158.6 162.5
105 104.9 105.2 105.4 105.4 106 108.2 110.1 112.4 113.7 114.4 115.1 116 116.2 112.7 108.5 110 110.4 110.5 110.7 110.6 109.5 111.3 111.3 111.6 112.5 112.6 112.6 112.6 112.6 112.5 113.7 122.9 124.5 125.8 127.9 123.8 117.8 124.1 124.5 123.8 123.6 123.8 124.1 124.5 124.6 124.2 124.8 125.2 126 127 129.2 131.3 132 132.5 130.9 128.6 129.2 130.9 139.7 125.4 121.1 121.3 121.2 121.2 139.7 137.9 122.8 123.8 124.3 124.9 125.4 126.2 131.8 143.3 149.7 155.4 159.7
105.1 105.1 105.3 105.5 105.7 105.9 107.6 109.4 111.5 113.5 114.4 115.2 116.2 117.1 116.6 112.9 109.3 109.8 110.7 110 110.5 111.1 111.7 111.9 111.6 112.7 112.4 112.4 112.5 112.6 112.7 112.8 118.9 123.4 124.3 126 126.1 120.2 117.4 120.4 120.8 121.3 122.1 122.4 122.6 122.6 122.8 123.8 124.3 125.4 126.1 126.7 129.7 130.4 131.2 128.6 125.2 121.6 121.2 124.7 139.7 121.5 120.9 131.5 140.6 142.9 144.4 123.5 123.4 124.4 125 125.5 126.1 127.1 133.1 145.2 150.7 156.2
105.3 105.3 105.4 105.6 105.8 105.9 107.2 108.6 110.7 113 114.4 115.2 116.3 117.1 117.2 115.8 113.9 111.1 109.6 111.2 111.4 111.6 111.7 112 111.6 111.8 111.8 111.9 112.7 112.6 112.8 112.9 117.5 123.4 123.7 123.5 124.3 124.3 120.1 117 120.6 121.2 121.2 121 121.7 122.8 122.6 122.8 123.9 125.1 125.7 126.2 127.1 125.3 118.8 118.2 119 119.4 120.4 120.5 119.6 132.2 128.2 143.5 144.2 144.3 144.3 133.4 123.9 124.4 125.1 125.7 126.2 127 129.3 134.1 134.6 140.3
105.5 105.5 105.6 105.6 105.8 106 106.4 107.1 110 112.3 114 115.2 116.1 117 117.1 116 114.7 113.9 112.2 111.9 111.7 111.8 112 112.2 112 112.5 112.5 112.9 115.2 112.4 112.9 113 113.5 115.1 118.4 118.3 118.4 120.4 117.2 115.1 115.3 115.1 118.9 121.2 121.4 121.9 121.6 121.9 123.1 124.2 123.3 122.3 121.4 118.9 118.3 119.2 119.4 119.3 119.8 119.9 120.3 129.5 138 143.7 145.1 145.6 144.4 137.5 124.1 124.4 125.1 125.7 126.2 127 128.2 128.7 128.5 129.5
105.6 105.7 105.7 105.8 105.7 106 106 106.3 108.9 111.4 113.5 114.9 115.9 116.9 117.2 116.5 114.3 114.8 114.6 113.1 112.1 112.2 112.3 112.5 112.8 114.1 115 117.3 118 112.1 113.4 112.9 113.3 113.6 113.8 113.9 114.1 114.6 114.7 114.9 115 115.2 115.4 115.7 117.6 116.8 116.8 117.6 117.4 117.8 118 118.2 117.9 117.4 117.9 118.8 119.1 119.5 119.9 120.7 121 131.3 138.9 143.5 145.9 147.4 146.4 142.9 134.3 124.5 125.2 125.6 126.1 126.7 127.7 128.2 128.7 129
105.7 105.7 105.8 105.9 105.9 106.2 106.1 106.1 107.4 110.2 112.8 114.6 115.8 116.7 117.2 117.3 115 115 114.7 112.5 112.8 113.4 113.3 113.1 113.4 115 116.5 118.7 119.8 119.4 112 113.3 113.5 113.8 113.4 114 114.3 114.5 114.6 114.9 115.1 115.2 115.5 115.8 116 116.6 116.7 117.4 117.3 117.1 117.4 117.9 117.4 118.1 118.9 118.8 119.3 119.6 119.7 122 130.3 136.2 141.6 140.1 146.2 148 149 147.5 146.6 136.5 125.2 125.6 125.7 126.2 127.1 128 128.2 128.9
105.7 105.8 105.9 106 106.2 106.3 106.1 106.2 106.7 108.1 111.6 114 115.8 116.6 117.4 117.6 116.1 116.7 116.2 114.2 115.6 115.3 113.8 113.8 114.1 116 117.3 118.5 120.7 121 116.5 113.8 113.8 113 112.6 112.7 114.2 114.4 114.5 114.8 115.1 115.3 115.6 115.9 116.1 116.6 116.8 117.1 116 118 116.8 118.7 120.3 120.4 122.8 121.2 119.9 119.8 121.7 121.7 131.8 137.1 141.6 144.4 147.1 148.7 150.3 150.3 149.5 148.3 141.8 124.4 125.8 125.6 126.3 127.4 127.9 128.5
105.8 105.9 106.1 106.4 106.3 106.2 106.2 106.3 106.8 106.9 110 113.5 115.7 116.9 117.6 118.1 117.1 117.4 116.2 113.6 116.7 116.8 116.2 114.7 114.6 116.6 117.6 117.6 120.2 121.7 122.4 117.6 114.1 114.3 121.1 123.3 118.1 114.2 114.5 114.8 115 115.2 115.5 115.6 116.2 114.3 115.4 115.3 120.5 121.5 120.3 121.4 125.1 127.5 128 128.5 129.5 130.4 130.5 127.8 127.5 135.6 140.6 144 140.4 148.9 150.4 151.9 152 150.3 148.9 146 124.1 126.2 126.5 127 127.6 128.2
105.9 106.1 106.3 106.4 106.4 106.4 106.4 106.5 106.6 106.8 107 111.6 115.7 117 118.2 118.5 118.4 117.9 117.1 115.1 118 118.1 118.2 117.3 115.6 115.4 116.2 116.9 117.8 121.3 122.8 124.4 124.8 123.6 123.3 125.3 125.3 122.6 115.9 114.5 115.2 115.2 114.7 115.4 115.3 116.7 118.7 119.9 121 121.6 122.1 121 123.7 126.2 128 128.9 130.6 131.8 132.2 132.1 127.2 133.7 138.8 142.9 146.4 148.1 150.2 152.3 152.8 152 150.7 148.5 143.4 129.8 125.7 126.7 127.3 127.9
106 106.1 106.2 106.3 106.5 106.5 106.6 106.6 106.7 106.8 107 108.9 115.4 117.4 118.6 118.9 118.5 117.7 117.7 115.8 116 119.3 119.4 119.7 117.9 116.8 117.4 117.4 116.8 118.2 122 124.5 126.1 126.2 126 126.9 127.5 127.2 125.5 122.3 119.5 115.2 119.8 120.7 119.9 118.2 118.9 119.7 121.1 121.8 122.6 122.5 122.4 124.7 127.2 129 130.4 132.1 133 133.5 131.9 131.4 137 141.6 145.4 141.5 149.6 151.6 152.6 152.7 151.5 149.1 146.3 140.7 129.3 126.2 126.9 127.5
105.9 106.4 106.4 106.4 106.7 106.9 106.8 106.8 106.9 107 107.1 107.2 114.1 117.8 118.7 119.2 119 118.6 118.1 116.7 116.9 120.2 120.1 118.9 118.6 117.3 118 118.5 119 118.3 118.5 123.1 126.1 127.5 128.1 129.2 130.9 131.4 129.8 126.6 124.6 122.9 121.8 121.3 121.4 120.8 120.8 121.3 121.4 122.1 123 123.1 122.8 123.6 125.2 128.7 130 131.6 133.1 134.2 135 133 135.4 139.6 144.1 147.1 149 150.5 151.9 152.6 152.3 149.9 147.6 145.2 142.6 133.3 125 127.2
102.9 105.6 106.2 106.5 106.8 107 107.1 107.1 107.2 107.3 107.3 107.3 112.5 117.7 118.7 119.5 119.1 119.1 118.9 118.1 114.7 120.2 120.3 119.8 120 118.3 118.2 118.9 120.1 120.1 118.7 120.8 125.4 128.5 129.6 131.4 134.3 136.1 135 131.7 128.6 126.4 124.7 123.3 122.4 122.7 122.6 122.6 122.2 122.3 123.2 123.6 123.6 123.2 124 126.6 129.5 131 132.3 134.6 136.1 136.2 134.9 137.6 142.1 145.2 143.7 148.7 150.3 151.9 152.3 150.8 148.5 146.1 144 141.9 136.5 125.6
105.8 104.3 105.8 106.1 106.7 107.2 107.3 107.3 107.4 107.5 107.8 107.9 111.3 117.4 119.5 120.2 119.7 119.5 121.1 120.1 116.4 118.5 120.7 120.9 121.1 119.3 117.7 119.9 121 121.3 119.6 120.8 123.7 128.5 130.3 132.8 136.4 139.4 139.5 137.2 134 131.3 128.5 127.5 126.6 124.5 124 124.2 123.4 122.5 123.4 124 124.6 124.1 124 124.9 127.1 130.3 131.8 133.8 136.5 137.5 137.3 137 139.7 143 145.6 146.6 148.4 150.1 151.4 150.8 149.4 146.9 145 142.7 140 131.6
106.5 103 105.9 106.4 106.9 107.5 107.4 107.4 107.4 107.7 107.8 108 110.5 116.9 119.5 120.7 120.5 119.4 121 120.7 119.5 115.3 120.5 120.6 121.2 120.3 119.2 120.8 121.2 121.8 121.2 120.6 123.3 126.8 130.6 133.6 137.7 142 143.6 141.7 139.3 136.4 133.1 132.6 130.9 128.8 126.8 126.4 126.1 124.8 123.4 124.3 125.7 125.8 124.5 124.4 125.7 128.9 131.3 133.1 136.3 138 138.3 137.5 138.4 140.5 143 144.1 145.8 147.6 149 149.4 148.2 146.1 144.9 143.7 141.9 140.1
107 106.9 103 106.4 106.9 107.4 107.6 107.6 107.6 107.8 108 108.3 110.4 116.3 119.4 120.9 120.5 118.8 120 120.9 121 117.1 118 120.2 120.5 120.9 120.1 120.2 120.7 122.4 123 120.9 122.4 125.5 130 133.3 138.1 143 146 145.9 143.9 141.9 138.1 138.1 136 133 130.5 129 128.7 127.5 125.9 123.9 125.5 127.3 126.2 125.2 125.3 126.7 129.9 132.5 135.3 137.9 138.4 138.6 137.7 138.5 140.4 142.4 143.3 145.4 147.2 148.6 147.2 145.1 144.3 143.9 142.7 141.3
107.1 107.2 105.5 106 106.9 107.2 107.5 107.8 107.9 107.9 108.2 108.2 108.5 114.1 118.3 120.6 120.4 118.2 119.3 121.2 122.1 120.8 115.7 118.1 119 119.9 120 120.6 122.2 123.7 123.3 123.5 121.8 124.6 128.2 132.8 137.3 142.9 147.2 148.8 147.6 145.9 142.4 142.4 141.1 137.9 134.2 131.6 131 130.1 129.3 125.9 125.3 129.2 128.4 126.3 125.6 126.1 128.4 131.4 134.3 137 138.8 139.3 138.7 138 138.4 141.9 139.7 143.3 145.2 146.9 146.2 144 143.6 143.5 142.6 142.5
107.4 107.2 107.4 103 106.8 107 107.3 107.8 108.1 108.1 108.2 108.3 108.5 111 117.3 120.4 120.1 119.2 119.5 121.3 123.2 122.5 118.6 116.4 117.9 118.1 119.3 120.5 122.2 124.4 124.8 125.3 123.5 123.9 126.8 131.3 136.9 142.4 147.5 150.6 149.9 148.7 146.2 145.2 145.1 142.9 138.9 135.1 133.1 132.1 132 130.1 125.1 130.8 130.6 128.6 126.5 125.9 127.3 129.8 133.4 136.3 138.6 139.5 139.7 138.7 138.1 138.3 139.4 141.2 143 144.9 145.3 142.8 142.1 142.7 143.1 142.8
107.5 107.2 107.4 107.2 104.2 106.9 107.3 107.9 108.3 108.3 108.4 108.6 109.1 109.1 116.5 121 121.5 121.2 119.8 121.6 123.7 123.8 121.6 116.5 115.4 116 118.5 119.9 121.7 124 126.2 126.6 125.2 123.9 125.6 129.4 134.9 140.4 146.3 151.2 151.6 150.3 148.1 146.4 147.2 146.3 143.6 138.5 135.3 134.1 133.9 133 126 131.2 130.4 129.8 128 126.8 127 128.3 131.6 135.3 138 140.3 140.5 140 139 138.9 137.6 140.9 142.2 142.3 142.1 140.9 140.8 141.6 142.9 143.2
108.7 107.6 107.4 107.6 103.1 106.3 107.1 107.7 107.7 108.4 108.5 108.6 108.7 108.9 113.7 119.5 122.5 123.2 120.5 122.1 124.3 125.3 123.9 120.6 116.3 115.5 116.6 119.1 121.2 123.6 125.9 127.4 126.8 125.3 124.6 127.7 133.3 138.6 144.6 150.7 153.2 151 150.3 146.6 148.4 148.5 147.2 142.9 138.6 136 135.2 134.3 130.3 127.8 132.4 133.2 130.8 128.1 127.5 127.6 129.9 133.6 137.3 140.1 141.2 141.2 140.1 139.3 141.5 140.7 141.3 140.9 140.6 140.4 140.6 140.8 142 143.1
118.3 109.4 107.6 107.6 107.6 103.3 106.7 107.3 107.5 107.9 108.5 108.6 108.9 109 110.1 118.1 122 124.3 122.4 122.6 125.1 127.2 126.2 123.2 118.9 116.8 116.9 116.9 120.4 122.7 124.9 127.1 128.2 128.3 127 125.5 131.4 137 142.6 148.6 153.9 153.4 149.1 147.1 148.9 149.7 149.6 146.5 141.7 137.8 136.2 135.8 134.6 127 126.9 130.6 134.4 131.2 128.2 127.9 128.5 131.4 136 139.7 141.7 142.2 141.4 140.1 145.9 140.8 142.1 142.3 140.8 140.6 140.4 140.6 141.3 143.4
121.1 116.8 111.5 108.3 108.3 107.5 103.3 105 104 103.3 103.3 103.6 107.5 108.8 109.1 114.8 120.3 123.5 122.9 123.2 125.8 128.4 128.4 126 121.4 118.6 118.8 117.9 118.3 121.2 124.7 127.5 129.4 130.4 130.2 127.2 127.7 134.3 139.9 145.4 151.8 155.1 152.2 146.9 148.8 150.6 151.2 149.7 145.7 141.3 138.8 137.1 135.8 128 126.8 134 137.6 134.6 131.1 129.5 129.3 129.7 133.5 138.5 141.3 143.1 143 141.4 143.6 140.7 142.1 143.1 142.4 140.7 140.6 140.7 141 143.2
122.3 119.5 116.9 112.8 108.7 108 107.7 106.2 107.4 107.4 107.3 107.5 104.2 106 108.8 110.6 117.7 121.1 122.1 122.8 125.4 128.9 130.6 128.8 123.9 119.7 119.9 120.2 118.1 120.5 121.8 127.1 130.1 131.9 132.6 131.5 127.7 130.3 137.1 142 148.3 153.8 154.7 148.3 149.1 151 152.7 151.8 148.8 144.8 141.9 139.1 136.5 129.6 127.5 133.1 137.6 139.7 135.3 132 130.9 130.4 131.5 136.6 140.8 143.6 144.3 142.7 141.8 140.8 141.6 143.3 143.5 142.5 140.7 140.4 140.8 142.1
122.2 120.2 119.7 118 110.8 108.3 108 107.8 108.3 108.1 108 108.1 108.1 105.5 107.9 109.3 115.1 118.6 121.1 121.8 124.3 127.5 130.7 130.2 126.5 121.7 120.2 120.5 118.2 122.7 123.4 125.1 129.8 132.1 133.9 133.9 130.6 128.9 134.2 139.7 143.7 149.5 154.3 148.9 149.5 151.4 153.1 153.3 151.2 149.1 146.1 142.5 139.1 131.8 128 130.3 137.2 138.5 138.5 137.1 133.5 131.2 131.7 134.7 139.2 143.2 145.3 144.6 143.5 142.1 141.6 143.1 144.1 143.7 142 140.9 141.3 142.6
123.7 123 122.4 120.7 118.5 119.1 115.2 108 108.4 108.6 108.2 108.2 108.7 106.7 105.3 108.8 113.4 116.5 118.5 120.3 122.6 125.2 129.3 131.4 128.7 123.5 121 121.2 119.7 122.7 124.4 124.2 128.6 131.6 134.1 135.6 134.9 131.1 132.3 139.9 143.5 146.4 150.8 148 149.7 151.5 153.3 154.6 152.9 151.3 149.3 145.2 140.8 134.5 129.8 129.6 133.6 135.2 141.4 143.4 139 134.2 132.1 133.5 137.5 141.8 144.9 146.2 145.4 144.8 142.7 142.4 143.9 144.4 143.5 142.2 141.9 143.3
126.5 125.6 124 123.1 120.7 122.1 122.6 112.9 108.4 108.9 108.5 108.5 108 104.2 105.6 108.7 111.1 115.4 117.1 119.2 121.3 123.3 126.8 130.8 130.4 125.5 121.7 122.1 121.8 122 125.1 124.8 125.5 131.3 134.4 136.5 137.1 133.5 131.3 138.3 143.4 146.7 148.4 149.8 150.7 151.5 153.4 155 154.3 153.3 152.3 146.6 135 131.7 130.9 131.8 134.4 135.3 137 147.2 145.4 140.5 135.4 133.3 135.8 140 144 146.7 147.1 147.9 144.5 142.5 143.5 144.9 144.9 143.9 143 143.6
129.1 127.5 125.4 124.3 122.5 121.1 123.9 120.1 108.7 108.8 109 108.9 109.1 104.1 106.8 109.1 110 111.5 116.7 118 119.9 121.7 123.3 127.5 130.1 126.9 122.6 123.1 123.6 121 125.1 126.4 126 129.4 134 137 138.7 137.8 132.9 135.6 142 146.7 150 151.1 151.7 151.8 153 154.7 155.2 153.5 153.8 148.1 139.5 133.4 133.6 135.6 137.6 136.2 141.4 151.2 151.1 146.1 140.7 135.8 134.6 137.9 142 145.9 148 148.6 146.3 144.1 143.5 144.6 145.1 144.9 144.7 144.3
131.3 129.7 127.2 125.2 123.9 121.2 121.9 122.2 115.3 108.3 108.7 109 108.8 105.3 107.8 109.6 109.6 110 110.3 116.8 118.9 120.8 122.3 123 126.9 126.4 122.5 123.1 124.2 122.4 125.2 127.3 127.2 127.3 133 136.7 138.7 139.9 135.4 133.4 140.9 145.6 150.1 151.6 152.5 152.9 153.4 154.5 155.2 153.8 152.7 151.2 145 140.1 135.6 136.1 139.3 141.7 138.4 148 153.4 151.5 145.6 140.3 137 135.8 139.8 144.1 148.1 149.3 148.5 146.4 144.9 144.9 145.4 145.8 145.6 146.3
133.6 131.6 129 126.3 124.9 122.6 120.1 120.3 117.2 109.2 108.9 109.4 109.4 105.4 108.3 109.5 110 110.1 110.2 111 117.6 119.9 121.9 122.9 122 122.6 123.8 124 125.1 124.3 124.7 127.5 128.5 127.1 130.2 135.8 138.7 140.6 139.3 133.3 138.7 143.8 148.8 151.6 153.2 153.8 154.2 154.1 155.1 155.6 152.6 149.7 141.9 137.9 136.2 136.5 141.1 141.7 138.8 142.3 149.7 154.8 150.5 144.1 140.9 139.3 137 142 146.4 149.8 149.8 148.2 147.2 146.3 146.6 147.1 147.3 147.9
134.9 133.7 131.2 128.6 125.9 123.8 121.3 119.4 117.5 110.2 109.4 109.5 109.2 105.5 108.3 109.7 110.1 110.3 110.4 110.4 114.3 119.2 121.1 123.8 123.7 123.8 124.6 124.8 125.5 126 123.9 127.7 129.4 128.4 128.3 133.6 137.6 140.4 141 136.9 135.5 142.3 147.1 150.6 153.1 154.7 155 154.7 154.8 156.1 154.5 150 140.3 141.5 137.2 138.5 143.7 141.4 144 145.9 145.8 154.1 154.3 148.4 144.3 142.9 141.5 139.8 144.4 148.9 150 150.1 149.1 148.2 148.1 149 149.3 150.2
136.6 135.9 133.6 131 128.4 125.8 123.5 121.4 119.8 112.9 109.3 109.6 109.5 106 106 109.6 110.1 110.4 110.5 110.6 110 118.4 121 123.6 125.3 124.9 125 125.3 125.5 126.9 123.4 127.3 129.4 129.5 128.1 131.2 136.5 139.7 141.9 139.8 134.2 139 144.8 148.9 152.3 154.5 156 155.6 155.3 156.4 156 152.4 145.8 143.8 146.4 145 147 144.3 144 146.7 146.9 147.9 152.8 151.8 147.2 145.4 143.9 141.9 142.4 147.5 150 151.7 150.8 150 149.7 150.4 151.5 152.5
