ny/ny62_OST50GRID_20230518/NY62.asc
ncols 200
nrows 200
xllcorner 360000
yllcorner 520000
cellsize 50
[rows 140 to 174 of 200, columns 0 to 77 of 200]
133.6 138.3 140 140.5 141.2 147.7 150.8 152.6 153.7 154.4 153.2 150.3 147.6 144.8 144.4 147.1 150.2 150 147.2 141.6 131.2 119.6 118.6 118.3 123.1 131.7 136 138.1 138.9 137.3 135 132.5 131.1 132.2 130.7 130.4 134.4 137.2 138 136.1 132.5 125.9 122.2 120.9 120.6 120.5 121.8 124.9 128.7 132.6 136.2 137 138.2 141.2 144.9 148.3 145.6 139.4 133.3 132 133.5 136.8 141 142.2 138.5 134.2 128.6 123.7 123.8 121.8 122.9 124.3 126.9 129.2 131.5 134.7 136.5 136.3
133 136.6 140 141.7 141.1 145.4 149.8 152.1 153.7 154.8 154.4 152.1 149.1 145.7 141.6 143 147.3 148.4 145.9 140.6 133.5 120.4 118.6 124.9 132.1 134.4 137.2 139.8 140.8 139.4 137.3 133.6 131.2 132 131.6 129.4 130.1 133.6 135 135.3 132 125.7 121.9 121 120.8 120.4 120.8 122.4 125.5 128.9 132.8 134.5 135.8 138.3 141.4 145.6 146.5 140.7 133.7 131.5 132.1 134.3 138.4 140.4 136.4 132.4 128.1 124.4 126.5 123.8 123.2 125.3 127.4 130.1 132.1 134.4 137.5 137.5
133 135.5 138.8 141.8 142.6 142.6 146.7 150.5 152.9 154.8 155 153.1 149.8 145.3 139.1 137.5 140.3 143.7 141.6 137 131.1 121 120 124.1 131.5 134.4 137.5 140.4 141.9 141.5 139.8 136.1 132.1 131.7 132.2 130 127.1 128.2 131.5 132.5 130.7 125.5 121.8 121.2 121.2 120.7 121.1 121.9 123.7 126.2 129.1 132 133.7 135.8 137.6 141.5 145.4 141.2 134.6 132.1 131.5 132.1 134.3 135.5 135.3 136.7 133.4 127.1 128.5 126 123.8 126.5 128.8 131.4 132.7 134.1 137.7 139
133.9 136.2 139.4 142.9 144.6 143.2 142.8 145.6 148.9 152.6 154.1 152.6 149.6 144.4 138.5 137.2 136.7 135.7 133.5 127.6 127.3 122 121 119.8 127.4 133.4 137.5 140.6 143.1 143 140.9 137.4 133.4 132.4 133.2 132.1 129.9 124.6 125.5 128.7 128.5 124.7 121.6 121.4 121.3 120.9 121.5 122.2 123.3 125 127 129.2 131.4 133.2 134.8 136.9 140 139.1 135 132.4 132 131.7 131.3 132.5 135.1 135.3 132.6 131.1 130.9 127.3 124.3 128.7 130.6 132.7 134.4 135.2 137.4 140.2
135 136.1 139.6 143.6 146.3 145.9 144.8 143.9 144.3 147 150.1 150.9 148.3 142.8 139.1 138.5 138 138.3 136.9 134.7 132.6 127.7 122.5 121.2 121.4 123.2 136.5 140.1 143.1 144.1 142.3 139 134.8 133.1 133.8 133.5 132.4 127.9 122.9 123.3 125.7 123.1 121.6 121.5 121.4 121.2 121.8 122.5 123.8 125.3 126.8 128.3 129.8 132.1 134.2 134.8 135.3 135 134.5 133.7 132.6 132.7 133.9 132.7 132.3 132 133 134.8 133.5 129.9 125 130.2 132.7 134.7 136.8 136.8 137.6 140.6
135.5 136.7 139.7 144 147.8 149 148.5 147.1 145.2 143.8 143.7 144.9 143.4 140 139.4 139.7 139.8 139.4 138.1 137.5 136.2 132.3 128.4 124.2 121.9 121.9 131.6 138.9 142.3 144.8 143.8 140.7 136.5 132.9 133.6 134.1 133.8 130.5 125.2 122.1 122.4 122.6 121.9 121.6 121.5 122 122.4 123.1 124.6 126 127.4 129.2 130.9 132.3 135.7 137 136.1 135.6 134.7 134.1 135.1 136 138.3 137.9 137.2 137 138.2 138.3 136.4 133 126.8 130.8 135.2 137.2 138.8 139.5 138.8 140.7
135.9 137.1 140.6 144.3 148.3 151.4 152.1 151 149.8 145.6 142.5 141.1 140.7 140.5 141.1 141.2 141.7 140.6 140 139.5 138.7 135 131.1 128.9 124.4 122.2 124.6 135.8 140.9 144.8 145 142.7 138.4 133.3 133.2 133.7 133.8 132.1 127.5 123.4 121.9 122.5 122.4 122 122 123 124 125.4 126.4 127.6 129.4 131.1 132.9 133.4 136.2 139.9 140.7 140.7 139.2 140.9 140.2 139 141.8 142.6 142.2 142.3 142.4 142.1 139.7 136 129.5 129.8 136.9 140 141.7 142.8 141.5 140.9
136 137.6 140.7 144.6 149.1 152.3 154.7 154.6 154.2 151.6 147.2 144.5 143.5 143.7 143.8 143.8 143.7 143.3 142.5 141.9 141.1 138.3 134.5 130.8 126.5 121.3 123.5 127.4 138.5 142.8 145.3 144.4 140.2 134.4 132.6 133.1 133.5 132.7 128.9 124.6 122.1 122 122.6 122.7 123.6 124.6 125.8 127.8 129.3 129.6 131.4 133 134.5 134.8 137.1 142.3 144 144 145.3 146.6 145.2 142.3 144.1 146.2 145.4 146 145.4 144.7 142.2 138.6 132.8 128.4 136.4 142.9 145.6 146.2 145.1 142.7
135.9 137.9 140.5 144.4 149.3 153.2 155.6 156.7 156.9 155.4 152.1 149.4 147.4 145.7 145.8 146.5 146.8 146.3 145.7 144.6 143.3 140.9 137.8 132.7 128.7 122.8 123.7 124.3 135.3 139.1 143.6 144.4 141.3 135.8 132 131.5 131.8 132.2 129.1 125.5 122.5 122.5 123.1 123.6 125.1 126 127.7 130.2 132.5 132.5 133.6 135 136.4 136.5 137.8 143.1 147.2 151.5 152 152.1 150.1 146.3 145.8 148.2 148.3 148.1 147.8 146.8 144.5 140.9 134.5 128.9 136.7 143.9 148.6 149.6 148.5 145.2
135.4 137.9 140.4 143.8 149 153.2 156.3 158.2 159 158.6 155.8 152.8 150.1 148.3 148.7 147.4 148.3 149.6 149.2 148.2 146.1 143.1 140 135 132.4 125.1 123.5 124.9 130.7 135.1 139.7 142.7 141.3 136.8 132.1 130 129.3 129.2 127.8 125.1 123.4 122.5 123 124.3 126.1 128 129.6 131.8 135.1 136.4 136.9 137.8 138.9 138.8 138.8 142.5 148 153.5 155.6 156.3 154.3 149.8 146.9 149.9 149.8 149.6 149.4 148.3 146.4 142.2 135.7 129.7 136.3 143.8 150.7 153.3 151.9 148.6
135.4 137.6 139.7 143.3 148.2 153.1 156.7 158.7 160.1 160.4 158.7 155.5 152.8 150.6 150.4 149.6 149.6 151.5 151.8 151.1 148.7 145.3 142.2 137 133.8 122.5 123.7 125.2 130.8 132.6 135.7 139.1 139.7 136.9 132.5 130.1 128.8 128.4 128 126.5 124.4 122.5 123.1 124.4 126.4 128.8 130.9 133 136.2 139.2 140.3 141.2 142 143.3 140.6 142.8 146.9 151.8 156.5 158.4 157 152.5 147.9 149.8 151.1 150.4 149.8 149.2 147.6 143.3 137.4 129.8 135.4 142.3 150.6 155.4 155.1 152.1
136.2 136.2 137.9 141.7 146.9 152.3 156 158.8 160.5 162.1 161.2 158.1 155.4 153 152.3 151.6 150.9 153.4 153.7 153.3 150.7 147 143.5 139 134.9 126.6 122.6 123.7 129.9 133.2 133.5 134.7 136.7 135.8 133.7 131.5 129.8 129.1 129 127.6 125.4 123.3 122.9 123.7 126.9 129.3 131.5 133.8 137.1 141.1 142.9 143.9 144.8 145.3 143 145.3 146.7 149.7 154.4 158.4 158 154 148.5 148.1 150.9 150.5 150 149 147.6 143.8 137.6 132.1 136.3 140.3 148.9 155.9 157.4 155.3
133.8 135 135.8 138.9 144.1 151 155.3 158.4 161.1 163.3 163.4 161.6 157.8 155.5 154 153.8 152.6 155.2 155.5 155.4 152.8 148.9 144.4 140.4 137.1 131.6 125.2 124.4 123.5 132.3 134.7 135.9 136 136.5 135 133 131.3 129.9 129.6 128.6 126.5 124.3 123.7 123.3 126.5 130 131.9 134.7 138.3 142.4 144.7 145.6 146.5 146.4 145.7 148.8 148.7 149 151.2 154.6 155.6 152.9 148 147 149.7 150 149.2 147.9 146.1 142.5 135 132.5 136.1 138.5 144.8 154.8 158.5 156.7
134.1 134.9 135.5 138.5 141.6 149.4 154.2 157.8 161 163.9 165.6 164.1 160.5 157.9 155.8 155.1 152.8 155.3 156.7 156.6 154.7 150.9 145.9 141.3 137.7 134 126.5 125.7 125.2 124.6 123 136.9 137.6 137.4 136.3 134.6 132.9 131.1 130.2 129.7 127.5 125.4 123.9 123.6 124.8 129.7 132.6 135.3 138 142.4 145.4 146.7 147.5 147.2 148.3 151.8 152.5 152.3 151.2 150.5 151.1 149.6 147.3 146.5 147.9 148.4 147.3 145.4 142.7 139.1 132.5 132.7 135.1 138 141.6 149.6 155.4 157.4
136.7 134.6 135.9 136.8 140.7 146.3 152.1 156.4 160.1 164.1 167 166.5 163.5 161.1 158.1 156.4 154.1 155.1 157.1 157.3 156.1 152.2 147.3 142.3 139.1 136.5 129.4 126.6 126.1 125.7 124.2 136.1 139.3 139.3 137.9 136 134.2 132.4 131.3 131.1 129.2 126.9 124.9 124.1 124.6 127.7 132.5 135.7 138.4 141.6 145.6 147.9 148.4 149.6 152.2 155.2 155.7 156 155.7 153.9 152.7 151.7 149.5 147.3 146.2 146 143.8 140.9 136.7 133.2 133 135 135.5 137.7 141.1 146.4 151 155.3
138.1 134.4 136.1 136.6 138.3 143.1 149.1 154.5 159.2 163.3 167.5 168.4 166.5 163.9 161 158.5 155.4 155.6 157 157.8 157.2 153.9 148.8 143.3 140 137 130.5 127.3 126.4 125.9 127.8 137.9 141.1 141.2 140.2 138.1 135.5 133.9 132.5 132.4 131.1 128.6 126.2 125 125.3 126 131.1 135.1 137.8 141.1 145 147.6 149.1 151.4 154.5 157.4 158.3 158.7 159.2 158.6 157.2 156.3 153.4 149.8 146.6 143.4 140.1 136.1 133.2 134.6 136.9 137.2 137.4 138 140.1 144.2 147.5 150.4
139.6 137 135.1 136.7 137.4 139.9 144.9 152.2 157.4 162.2 167 169.7 169.1 166.7 163.6 160.2 157.2 155.7 156.5 157.4 157.4 155 149.9 144.4 140.9 138.4 133.4 127.7 126 125.2 132.8 139.3 142 143.2 142.6 140.3 137.9 135.8 134.3 133.9 133.4 130.7 127.9 126.3 126.1 125.9 129 134.1 137.2 140.5 144 146.6 149.4 152.5 155.5 158.3 160.4 160.9 161.3 160.9 160.6 160.2 157 152.3 147.6 143 138.4 134.7 133.3 136 139.3 139.8 139.7 140 140.5 141.7 144.8 146
141.8 138.8 138 137 137.6 140.1 142.5 149.1 155.8 160.6 166.2 170.2 171.2 169.2 165.6 161.9 159.1 155.6 154.6 156.2 157.7 155.8 151 145.6 141.7 139.6 136.5 129.4 126.4 128.6 136.3 140 142.8 144.7 144.5 142.9 140.4 138.1 136.6 135.4 134.9 133.3 130.4 128 127 126.2 127 132.1 136.6 139.6 143 146.2 149.7 152.9 155.9 158.8 161.6 162.9 162.9 162.4 161.9 162.2 160.1 155.5 150.2 143.4 138.2 135.1 134.6 137.7 141.6 142.8 142.7 142.5 142.4 142.4 142.7 146.1
145.8 140.6 140.2 136.4 138 140.5 143.3 146.9 153.7 158.8 164.4 169.5 171.9 171 167.7 163.7 160.9 156.4 153.8 154.3 156.4 156 152 146.8 142.7 140.5 137.7 132.6 126.8 129.5 136.7 139.9 142.7 145.1 145.9 145.1 143 140.2 138.5 137.3 137.2 135.7 133.1 130.5 129.2 127.8 126.9 129.1 134.2 138.5 142.2 145.5 149.4 152.8 155.7 158.2 161.6 164.1 164.4 163.6 162.7 162.7 162.2 158.3 152.6 145.1 138.8 135.5 135.5 138.3 143.5 145.9 146.5 146.2 146 145.4 142.8 146.2
149.6 142.3 139 136.7 138.2 140.7 143.3 146 152 156.6 162.5 168.2 171.9 172.8 169.8 165.3 162.8 158.4 154.7 151.8 154.1 155.4 152.4 147.8 143.4 141.3 138.6 134.9 127.3 129 135.4 140 142.3 144.2 145.8 146.2 144.7 142.4 140.7 139.1 139.4 138.1 136.6 133.5 131.7 129.8 128.5 129 132.6 137 140.4 144.7 148.7 152.3 155.2 157.8 160.5 164.4 165.3 164.7 163.6 162.2 163 160.5 154.6 146 139.7 136.3 136.3 138.8 144.3 148 150.2 149.7 149.4 149 145.5 146.6
152.1 145.1 139.1 137.4 138.1 140.6 143.7 146.2 149 153 158.7 165.5 171.1 173.3 171.2 167.1 164.1 160.9 156.1 151.2 150.7 153.5 152.6 148.6 144.2 141.9 138.8 135.1 128.7 128.8 135.6 140.7 141.7 143.4 145.7 146.6 146.3 144.5 143 141.2 141.1 140.6 140.7 138 135.3 133.1 130.8 130.3 132.1 135.6 139.2 143 147.8 151.5 154.7 157.4 159.4 163.9 165.6 165.7 164 162 161.8 161.3 155.7 147 140.2 136.6 137.2 139.3 144 149.6 152.1 152.7 152.3 152.1 148.1 147.4
153.3 146.5 139.4 138.5 138.6 140.7 144.2 146.3 148.1 150.2 154.8 161.9 169.2 173.1 172.4 169.1 165.2 162.7 158.6 152.9 148.3 148.8 150.8 147.8 143.8 140.6 138.5 135.7 130 127 136.8 142.1 141.8 142.9 145.1 146.6 147.5 146.4 145.2 143.3 142.8 142.5 142.9 141.2 138.7 136.6 133.2 131.7 132.3 134.9 137.8 141.1 146.2 150.4 154.3 156.9 158.8 162 165.5 166.3 164.2 160.8 159.5 159.5 155.6 148.1 140.7 138.1 137.8 139.5 143.7 149.7 153.2 154.3 154.3 154.2 151.9 147.7
154.5 147.5 139.8 138.7 139 140.6 144.6 144.5 148.4 150.1 152.4 158.1 165.7 171.1 172.9 170.9 166.3 164.1 161.4 155.5 149.6 145.3 144.6 143.2 141.2 138.2 137.2 135.3 131.9 128.4 129.3 142.4 142.6 142.8 144.8 146.9 147.9 148 146.8 145.6 144 144.5 144.7 143.8 142 140.3 136.2 132.3 134.6 137.2 137.4 139.6 144.3 149.3 153.3 156.9 159.1 159.9 163.9 166 164.8 161.1 155.7 154.7 152.3 147.4 141.3 138.8 139.2 139.4 143.1 148.9 153.7 155.6 155.8 156.1 154.8 149.7
154.9 147.4 140.7 139.6 139.9 140.5 145 144.4 148.7 150.7 152.3 155 161.4 168 172.1 172.5 167.4 165.8 164.2 158.9 152.6 147.7 143.2 141.4 139.9 139.2 138.7 138.1 135.5 131.5 127.6 134.9 142.7 142.8 144.9 146.9 148.3 148.9 148.6 147.3 145.6 146.4 146.5 146.8 144.9 143.1 139.3 134.8 136.1 139.4 139.2 139.1 142.5 148.3 152.4 155.8 159.6 160 161.3 165 165.4 161.3 153.8 149.7 147.7 144 140.2 140.6 141.4 141.4 141.5 147.2 152.4 155.3 156.6 157.2 156.8 152
153.4 147 141.1 140.6 140.5 140.3 143.4 145.1 150.4 151.8 153.3 154.9 157.8 164.4 170.2 172.2 168.1 165.8 166.3 163.1 157.8 153 147.9 143.7 141.8 141.1 141.1 140.3 139.3 139.2 132.7 128.8 137.7 142.5 145 147.1 149 150.4 150.4 149.5 147.6 148.1 148.1 148.9 147.3 145.5 142.3 138.4 137.2 140.7 141.1 140.8 140.8 145.8 150.6 154.4 159 161 160.1 162.7 165.2 161.7 154.4 147.6 143.2 142.1 144.5 144 144.3 144.3 143 143.6 149 153.3 156.4 157.5 157.7 154.3
152.4 146.1 141.4 140.9 140.8 140.7 142.2 146.7 151.3 153.1 154.7 156.4 156.7 160.9 165.9 169.6 167.9 165.4 166.7 166.6 163.8 158.7 153.4 148.6 145.6 144.1 143.9 143.3 142.8 142.4 139.1 128.2 128.6 141.5 145 147.7 149.8 151.4 152 152.3 150.3 150.3 149.6 150.7 149.6 148.4 145 141 137.5 141.7 142.6 142.4 141.7 143.7 148.2 153.1 157.9 161.7 161.1 160.3 162.1 161.7 155.5 147.4 144.6 146.9 148.5 148.8 147.6 147.1 146.1 144.9 145.9 148.7 153 157.1 157.5 155
150.7 144.4 142.2 141.6 141.3 141 143 145.6 152.7 155.3 155.8 153.1 154 156.2 160.1 164.8 165.2 164.2 165.9 168.2 166.4 162.3 157.9 153.5 150.3 147.9 146.7 146 145.4 144.7 142.6 131.9 130.4 136.9 145 147.8 150.5 152.5 153.5 154.2 152.7 151.5 151.1 152.4 152 150.7 148.4 144.1 139.8 142.4 143.7 143.8 143.3 144 147.3 151.7 156.3 161.7 163.1 159.9 159.1 160 156.6 148.2 147.4 149.5 151.3 153.1 152.6 151 149.9 149 150.1 150.5 149.5 152.6 155.5 154.9
149.1 144 142.4 142.2 141.8 141.5 141.8 146 149.9 150.8 151.7 153.6 155.2 156.3 157.6 160.5 163.2 165.6 165.5 168.3 168.6 165.3 161.5 157.3 154.4 152 150.3 149.1 148.1 147.3 146.1 140.3 130.7 133 144.4 148.1 151.1 153.8 155.3 156.3 155.2 152.7 153.1 153.9 153.8 152.4 150.9 146.6 142.2 142.2 144.7 144.7 144.1 144 147.2 151 154.9 160.7 164.4 161.5 158.1 157.5 156.4 150.6 150 151.2 153.5 155.8 157.3 156.5 154.7 153.6 153.6 153 155.8 153.4 150.8 152.2
148.4 143.8 143.2 142.9 142.4 142.1 142 146.3 149.8 151.1 154.4 156 157.4 158.4 159.1 161.9 165.3 167.1 166.4 168.4 170.3 167.4 164 160.7 158.1 155.9 154.8 152.4 150.6 150.1 148.7 145.6 135.4 129.7 143.3 148.7 151.8 155 156.4 158.3 158.2 155 155.8 155.1 155.8 154.3 154.3 149.8 144.4 140.8 145.1 145.3 145.2 145.2 147.2 150.7 154 158.5 165 164.2 159.4 155.5 154.8 150.1 151.9 151.7 154.8 157.4 160 160.8 160.1 159.1 157.8 156.3 157.8 157.5 153.1 151.7
148.6 144.2 143.3 143.4 142.9 142.6 142.2 144.5 149.3 151.6 154.8 157.6 159.3 160.7 161.7 163.9 166.4 168.5 167.5 168.2 170.9 169.4 166.2 163.8 161.3 159.4 158.4 156 153.6 152.4 151.3 148.5 144.2 134.9 138.7 147.4 151.9 156 157.6 159.7 161.1 158 157.9 156.1 157.2 156.6 156.3 152.3 146.7 141.6 144.3 145.3 145.7 145.9 146.1 150.3 153.9 157.7 163.7 166.5 162.1 157.4 153.3 151.8 153.9 153.3 155.9 158.7 161.5 163.3 163.7 163.2 162 159.8 160.2 160.7 156.8 153.5
148.9 144.5 143.7 143.9 143.5 143.1 142.7 144.3 148.2 151.6 154.9 158.4 160.5 162.3 164 165.5 167.4 170 169.1 168.3 170.2 170.7 168.3 165.8 163.8 162.2 161.5 159.3 156.8 155.3 154 153.2 150.6 140.2 129.7 147.7 152.4 157 159.6 161.6 163.2 160.8 159.6 157.1 158.8 158.2 158.2 156.2 150 143.9 142.2 144.5 144.7 146 146.8 150 154 157.6 161.7 166.9 165.7 161.3 157.7 154.9 155.4 156.9 156.8 159.8 162.7 164.9 166.5 166.7 165.6 163.7 162.2 164 160.5 155.8
148.1 145.5 144.2 144.3 143.9 143.5 143.6 147.1 151.1 153.1 155.9 158.9 161.6 164.4 165.8 166.9 168.3 171.5 171.6 169.8 169.8 170.9 169.6 167.7 166.1 165 164.1 162.4 160.2 158.4 156.5 155.3 153.9 144.6 130 147.3 152.8 157.5 160.7 162.8 165.3 163.6 161.1 159.1 159.6 159.8 159.7 159.2 153.8 147.7 143 142.1 143.1 144.9 146.3 149.7 153.9 157.2 160.8 165.3 168.9 165.9 160.9 158 156.6 159.7 159.7 161.1 163.8 166 168.2 169.5 169.1 167.7 164.5 166.1 163.6 157.6
146 144.6 144.5 144.5 144.3 144.1 144.6 147.8 152.2 154.8 156.4 159.2 161.6 165.1 167.5 168.9 169.6 172.3 173.3 171.3 169.4 170.2 169.7 168.8 168.2 167 166.1 165.3 163.2 161.1 158.9 157 155.8 146.3 132.5 148.9 153 157.6 161.2 163.8 166.9 165.7 163 161 160.6 161.5 161.1 161.8 157.5 152.1 145.8 141.8 142 143 145.1 149.3 153.4 157.5 160.5 163.7 168.2 169.3 164.2 160 158.1 162.1 162.8 162.7 164.9 167.3 170 171.6 172.1 171 167.3 167.1 165.7 160.7
145 144.8 145 144.9 144.9 144.8 145.5 148.1 152.5 155.9 157.8 160 162.2 165.9 168.7 170.2 171.1 173 174.2 172.4 169.8 169.8 169.8 169.7 169.6 169 168.1 167.4 165.7 163.5 161.3 158.9 157.9 143.6 132.3 148.7 153.9 157.3 161.7 164 167.2 168.4 165.1 163.1 161.1 162.2 162.3 163.6 160.5 155.4 148.4 142.8 141.7 142 144.2 148.3 152.7 157.8 161 162.6 166.7 170.5 167 162 160.1 163 164.9 165.7 167.4 168.9 171.3 173.5 174.2 173.9 170.4 167.8 167 162.4
145.1 145.4 145.1 144.9 145 145.1 148.3 150 152.3 156.6 159.2 161.1 163 167.2 169.7 171.5 172.4 173.5 175.3 174 171.2 168.7 168.7 168.9 169 169.3 169.7 169.4 167.9 165.7 163.4 160.6 159 141.8 132.6 145.9 154.6 157.3 161.8 164.3 167.6 169.9 167.3 165.5 161.6 162.9 163 164.4 163.6 158.7 151.8 144.2 141.9 142.1 142.9 145.7 151.2 157.2 161.8 163.4 164.7 169.5 168.7 164 161.9 164.1 167 168.6 169.6 170.4 172.6 174.8 175.9 176 172.7 168.2 167.7 162.9
