ny/ny62_OST50GRID_20230518/NY62.asc
ncols 200
nrows 200
xllcorner 360000
yllcorner 520000
cellsize 50
[rows 70 to 104 of 200, columns 0 to 77 of 200]
120.3 118.9 117 114.7 111.1 108.3 106.5 105.4 104.2 100.6 98 95.8 98.9 98.8 98.7 98.6 99.3 108.5 111 113.3 114.4 113.9 112.5 111.3 109.8 110.8 110.3 111.2 111.4 115.8 118.1 119.1 115.7 118.2 120.3 121.8 123.4 125.2 127 128.2 129.1 129.8 129.8 130.2 130.1 129.5 128.8 127.6 126.3 125.2 123.9 121.5 119 116 113.5 112.6 113.4 113.8 112.8 115 116.3 115 112.2 109.5 109.9 111.3 111.2 108.3 111 114 115 115.7 115.3 114.2 113.1 114.6 117.3 120.2
120.5 119.2 117.7 115.7 112 108.8 107 105.8 104.7 102.9 98.9 96.5 96.3 98.7 98.9 98.8 98.8 107.5 110.9 113 115.1 115.1 113.9 111.7 109.9 108.2 108.4 107.5 106.2 111.7 108.6 112 116.3 120.7 121.3 121.2 122.7 124.5 126.5 127.9 129.1 129.5 129.6 130.2 130 129.8 129.3 128.7 127.7 126.6 125.4 123.5 120.9 119.4 116.8 115.6 116.6 116.2 115.2 115.4 117 116.5 113.6 111.2 109.7 109.3 109.1 110 110.9 113.7 115.4 116.4 116.1 115.2 114.3 115.5 118.1 120.8
120.5 119.3 117.8 116 112.4 108.9 107.2 106.2 105.3 104.4 102.3 98.5 95.8 98.7 99.1 98.9 98.7 105.9 110.5 112.5 114.3 115.3 114.8 112.6 110.7 107.6 106 105.5 105.5 106 107.3 111.1 114 116.3 118.3 120.2 122.9 123.6 125.9 127.4 128.3 128.9 129 129.3 130 129.8 129.5 129.1 128.3 127.5 126.7 124.5 122.4 122 119.6 118.6 118.6 118.1 117.1 116.6 117.1 117.3 115.6 113.3 111.8 111.5 111.3 109.8 113.4 111.9 115 115.8 117.1 116.1 115.6 116.4 118.8 121.6
120.4 119.4 117.9 115.6 112.2 109.1 107.5 106.4 105.6 105 104.4 101.8 98.7 97.9 99.2 99.1 98.9 103.3 110.6 111.9 114 115.6 115.8 113.9 111.4 108.7 106.3 105.6 105.4 105.2 106.2 109.6 112.1 114.5 116.6 118.7 120.9 122.3 124.2 124.7 126.8 128.1 128.2 128.3 128.8 129.7 129.3 129 128.7 128.1 127.4 124.5 123.4 123.5 120.9 119.7 120.1 119.7 119.1 118 117.1 117 116.3 114.9 113.7 113.4 112.8 109.6 114.6 114.1 112.9 115.4 117 117.2 117 117.9 120 122.4
120.1 119.2 117.7 115.6 112.3 109 107.6 106.7 106 105.7 105.2 104.5 101.2 95.8 99.1 99.4 99.1 101.4 110.2 111.1 113.2 114.5 115.7 115.7 113.5 110.7 107.7 105.7 105.3 105.3 105.4 107.1 109.6 112 113.9 116.5 119.1 121.1 123.6 125.4 126.8 127.3 126.7 127.4 127.8 128.2 128.5 128 127.4 127.4 126.7 124.3 124.1 124.5 122.7 120.5 120.3 119.8 119.1 118.7 117.4 117.6 117.9 116.6 115.5 114.8 113.7 109.6 115.4 116.7 112.8 114.1 116.7 117.8 118.7 119.5 121 123.1
119.3 118.4 117.3 115.6 112.2 108.7 107.3 106.7 106.3 106.3 105.8 105.2 104.6 98.5 95.8 99.1 99.4 99.4 107.9 110.6 112.1 113.4 115.2 116.3 115.1 112.2 108.1 105.6 105.6 105.7 105.4 106.1 107.9 109.8 111.5 113.7 117 120 122.2 124.3 125.5 126.4 127.2 127.4 127.4 127.3 127.4 127 126.1 126.2 125.9 125 124.9 124.6 124.1 122.3 121.2 120.5 119 117.9 116.9 117.3 118.1 118.2 117.3 116 112 112.7 117.3 117.5 113.4 113.8 116.5 118.7 120.3 120.7 121.5 123.3
118.4 117.6 116.6 115.1 111.3 108.4 106.5 106 106 106.3 106.8 106.3 105.9 102.1 97.3 95.8 98.4 99.5 103.5 109.3 111 112.3 113.6 115.7 115 113.7 109.3 106.6 105.6 105.3 105.4 105.5 106.8 108.1 109.4 111 114.4 118 120.9 123 124.3 125.5 126.4 126.9 126.1 121.7 127.4 126 125.6 125.7 124.1 123.7 124.2 123.6 123 123.3 121.3 120.8 119.4 118 117.2 117.3 117.9 118.6 118.1 116.4 113.1 116.8 118.6 118 114.3 113.3 115.8 117.8 120 121.1 121.5 123.3
117.6 116.8 115.7 113.9 111.1 108.4 105.8 105.6 105.6 106.4 107.2 107.3 106.9 105.8 98.5 98.3 95.8 99.4 100.4 107.1 110.3 110.9 112 113.9 114.2 113.1 110.2 106.8 104.9 105.4 105.4 106 106.4 106.7 107.6 108.9 110.8 115.6 118.3 121.2 122.8 124 125.3 126 125.7 124.8 124.1 124 126.7 125.1 123.1 121.6 121.6 121.3 121.6 122.9 121.8 120.2 119 118 117 116.3 116.8 118.1 118.7 116.9 114.2 117.6 119.5 119.3 116.9 114.7 114.6 115.7 117.5 120 121.2 123.2
116.7 115.6 114.2 113 110.2 107 103.9 108.2 104 105.9 107.4 108.2 108.1 108.1 100.8 98.8 98.9 96.3 96.1 101.9 108.6 107.9 109.5 111.6 113.3 112.2 110 107.3 105.1 104.7 104.9 106.5 107.3 107 106.9 107.5 109 112 115.9 118.8 121.2 122.7 124 125 124.8 123.9 122.8 122.4 124.3 124.9 124.4 121.3 119.3 119.8 121.2 121.9 122.1 120.6 118.5 117.5 116.4 115.3 115.6 117.1 118.1 117.8 112.9 116.5 119.5 120.3 119.1 117.4 115.6 115.7 116.9 118.5 120.3 122.4
115.4 114 112.6 111.6 109.5 105.6 104.1 103.2 103.6 105.3 107.3 108.4 108.7 108.7 104.2 98.9 98 97.1 98.3 96.1 96.2 97.5 105.6 108.3 110.3 110.2 108.5 106.7 104.9 104.9 104.6 106.3 108 107.9 107.6 107.1 108 109.7 113.2 116.9 119 120.9 122.4 123.8 124.3 123 122 121.1 122.9 124.4 124.2 122.2 119.6 118.8 119.7 120.4 121.4 121 118.9 116.7 115.3 114.4 114.4 115.8 117.2 117.7 114.3 113.5 118.3 120.1 120.8 119.5 116.9 116.3 117.1 117.5 118.7 121
113.8 112.3 111.1 109.6 107.8 103.5 102.8 102.4 102.5 104.3 106.3 107.9 108.7 109 108.7 98.7 97.6 98.7 98.6 98.8 99.4 99.4 97.5 99.7 107.5 107.2 107.1 105.9 104.6 105.4 104.7 105.6 107.1 108.9 108.8 107.9 107.6 108.7 110.1 114.3 117.2 119 120.1 121.3 123 122.1 120.6 119.4 120.9 123.2 123.9 122.5 120.1 118.6 118.3 119.2 120.4 120.5 119.6 117 114.3 113.4 113.1 114.3 115.9 117.2 115.6 110.8 115.9 119.3 120.6 121 119.9 117.4 117.1 117.7 117.9 118.2
111.6 109.9 108.2 106.1 103.5 102 101.5 101.3 101.3 103.1 105.2 107.1 108.2 108.6 109 99.7 96.9 99.3 99.1 99.2 99.4 99.7 99.8 98.7 97.6 105.7 104.8 104.4 104.6 105.3 105.5 104.9 106.4 109.3 110 109.4 108.2 108 108.7 111.5 115.1 117 117.6 119.3 121 120.5 118.5 117 118.7 121.3 122.8 122.5 120.9 119.2 118.3 118.2 119.7 120.1 119.8 117.5 114.8 112.6 112.3 112.5 113.8 115.2 115.7 112.4 113.9 117.3 119.9 121.1 120.9 119 116.6 117 119.3 118.7
109.3 107.6 106 104 102.2 101.9 101.6 101.1 100.8 101.2 102.9 105.3 107.6 107.6 107.2 99.2 98.4 99.1 99.2 99.3 99.3 99.6 99.7 99.9 96.1 101.5 104.9 104.8 105 105.6 106.2 105.5 106.2 109.1 111.5 111.3 110.2 109.1 108.2 109.3 113 115 115.1 116.4 118.3 118.7 115.7 115.4 116.4 118.8 120.9 121.7 120.7 118.9 117.3 118.2 119 119.4 119.5 117.7 115.5 112.7 111.8 111.6 111.9 110.8 112.1 111.8 112.7 116.1 117.4 119.8 121 120 117.8 116.5 118.6 118.9
106.2 104.9 103.6 102.4 101.7 101.4 101.2 100.8 100.5 100.2 100.9 102.8 105.4 107.1 104 96.7 99.5 99.3 99.3 99.5 99.4 99.6 99.7 99.6 96.1 99.8 105 105.4 105.4 105.9 106.9 106.2 105.6 108.2 111.7 112.6 112.6 110.6 109.4 108.2 110.7 113.2 113.7 113.7 114.9 115.1 113.7 114.2 115.2 117 118 119.9 120.3 118.8 117.2 115.9 117.8 118.7 118.8 117.8 115.8 113.4 111.2 110.4 109.4 110.5 110.9 111 113.2 115.3 116.5 118.5 120.1 119.5 118.1 117.7 118.9 118.5
103.5 102.8 102.4 101.5 101.1 100.9 100.7 100.5 100.2 99.8 100.2 100.7 102.9 104.9 97.4 97.9 99.6 99.5 99.6 99.6 99.5 99.5 99.8 100.1 97.3 99.3 102.6 104.3 104.5 106.2 107.3 107.2 106.6 106.3 109.8 113.3 114.1 112.9 110.6 108.7 109.1 111.3 112.5 112.9 113.1 113.3 113.3 113.4 114.3 115.8 117 118.5 120 118.8 117.3 115.6 116.4 117.9 118.2 117.6 115.8 113.9 111.6 110.8 108.8 111.1 112.7 112.3 113.5 115.1 116.1 117.4 118.8 120 118.3 116.8 117.7 117.9
103.1 102.6 101.9 102 101.5 101.7 101.1 100.4 99.9 99.7 100 100.3 100.1 99.5 97 99.2 99.6 99.5 99.5 99.7 99.7 99.9 100.3 100.5 97.5 99.5 99.7 102.1 104.4 105.9 107.6 108.9 108.2 106.6 107.6 112.7 114.8 114.4 112 109.8 108.5 109.7 111.6 113.5 113.5 113.2 113.2 113.3 113.5 115.1 116.8 118.6 119.7 119 117.6 115.5 114.9 116.8 117.2 117.5 115.8 114.1 111.6 110 109 110.7 112.1 112.5 113.7 115 116.1 117 118.4 119.7 119.7 117.3 116.2 115.7
104.3 103.4 103.7 104.2 103.1 102.1 101.2 100.7 100.3 100.3 100.2 100.4 100 99.3 99.7 98 99.8 99.6 99.6 100 100.3 100.5 101 100.1 99.3 99.5 99.9 101.1 104.1 105.9 107.7 109.7 109.7 109 107 109.7 114 115.6 114 110.5 108.7 108.3 110.3 112.8 113.7 113.9 113.9 113.6 113.6 114.8 116.6 118.2 119.7 119.6 117.8 115 113.2 115.6 116.1 117 116.5 113.7 111.7 110.2 108.8 110.3 111.5 112 113.1 114.5 115.9 116.8 117.8 119.1 120.5 119.4 116.7 114.3
107.1 106 106 106.1 105.5 104.2 102.8 101.6 100.9 101 100.9 100.6 99.8 99.6 99.7 98.1 99.6 99.7 100 100.2 100.7 101 101.4 100.4 99.1 100.1 100.3 100.7 103.5 105.8 107.7 109.8 111.4 111.1 109.6 107.7 111.1 115.3 115.9 112.2 108.5 108 108.9 111.4 112.9 114 114.5 114.2 114.6 115.7 116.2 117.7 119.3 119.8 118 115.2 112.2 113.5 114.5 116 115.9 114.7 111.5 109.5 108.7 110.7 112 111.4 112.4 113.7 115.6 116.7 117.2 118.4 120.2 120.6 118.8 114.9
110.1 108.8 108.6 108.8 108.3 107 105.3 103.5 102.7 102 101.5 100.9 100.1 99.8 99.8 99.9 97.8 98 100.5 100.5 101.4 102 101.8 101.6 98.4 100.7 100.5 100.8 103.4 105.2 107.1 109.8 111.5 112.6 111.6 109.3 107.9 112.7 116.2 113.7 109.9 108 108.5 109.4 111.5 113.1 114.6 115.6 116.2 115.8 115.9 117.1 118.2 119.9 118.2 115.1 110.9 110.8 112.1 113.6 115.1 114.2 111.4 109.7 108.5 110 112.2 111.8 111.5 112.7 114.6 115.9 116.5 117.7 120 120.1 119.4 116.8
112.9 111.9 111.3 111.4 110.8 109.6 107.9 105.8 104.3 104 103.7 102.7 101 100.3 100 99.6 99.2 99.1 100.5 100.9 102.5 102.9 102.3 102.2 97.3 100.7 100.7 100.7 102.9 104.4 106.5 109.2 111.7 113.5 113.7 111.6 109.3 109.5 114.5 114.8 111.2 108.4 108.4 109.3 110.8 112 113.7 115.6 116.7 116.5 116 116.5 117.1 118.6 118 114.9 110.6 108.4 109.1 110.9 113.5 113.2 110.3 109.1 108.3 108.4 111.2 111.9 111.2 111.6 113.2 114.6 115.8 116.9 118.6 119 118.1 116.3
115.8 114.6 112.3 113.2 112.9 111.9 110 107.7 105.8 105.4 105.2 104.7 103.6 101.9 100.5 100 99.9 99.6 98.7 100.9 103.7 104.4 103.3 102.8 101.6 98.6 100.7 100.8 102 103.9 105.2 108 111 113.6 114.9 113.6 111.4 109.2 111.5 113.1 111.3 109 109.4 109.8 110.9 112.1 113.1 114.5 116.3 116.1 115.7 115.5 115.7 116.9 117.1 114.4 110.6 106.6 106.8 108.2 110.2 110.1 109.2 108.5 107.5 106.8 109.2 111.8 111.2 110.7 111.6 112.9 113.9 115 116.3 116.8 115.2 109.7
118.1 116.4 113.4 114.3 114.4 113.5 112 109.5 107.4 106.2 106 105.8 105.8 104.7 103.5 102.4 100.3 100.2 99 100.5 104.9 105.7 104.3 103.5 103.3 97.7 100.1 100.6 101.4 103.7 105.1 106.4 109.7 112.5 114.8 114.5 112.7 110.8 110.4 111.2 110.4 109.2 110.2 111.2 111.7 112.1 112.8 113.4 115 115.6 115 114.5 114.2 114.5 115.2 113.5 110.5 105.6 105.3 105.2 106.6 107.5 107.5 107.9 107.4 105.9 106.9 110.2 110.9 110.1 109.6 110.7 111.2 112.8 112.7 111.5 108.2 105.6
119.9 118 115.1 115.3 115.4 114.8 113.1 110.6 108.4 106.7 106.4 106.4 107.1 106.5 105.6 104 102 100.1 100.7 99.1 106 107.1 105.9 104.3 103.7 102.4 97.9 100.5 100.5 102.9 104.9 105.6 108.5 111.3 113.8 115.5 114.2 112.2 112.1 110.9 110.1 109.6 111.4 112.1 112.4 112.8 112.8 112.4 114.2 115 114.4 113.7 113 111 111.5 110.8 107.2 104.9 104.3 103.7 104.2 105.6 106.7 107.1 106.9 105.2 104.6 106.9 110.1 109.3 108.1 107.8 107.1 107.1 108 107.1 105.6 104
121.1 120 116.6 115.6 115.6 115.5 114 111.7 109.2 107.5 106.8 106.9 107.9 108 107.2 106 104.3 101.1 100.5 100.9 100.5 108.9 107.9 105.7 104.5 103.8 101.9 97.9 99.7 100.1 103.6 104.7 107.4 109.9 112.3 114.8 115.1 113.5 113.6 113 111.2 110.3 112.3 112.9 113.3 113.3 113 112.5 113.2 113.9 114 112.9 111.5 109.6 107.1 106.6 104.4 103.2 103 102.7 102.3 103.7 105.6 105.4 105.5 104.6 103.9 104.4 106.6 107.2 106.6 104.6 105.2 105.3 105 105.3 103.9 105.4
122.8 121.2 117.9 115.4 115.5 115.1 113.7 111 109.1 107.7 106.9 106.4 108 108.4 108.6 107.5 106.1 102.6 100.8 100.9 101 107.8 109.6 107 105.6 104.9 104.5 102.1 97.9 99.4 100.2 101.4 105.1 108.3 110.4 113 114.7 114.7 114.4 116.3 114 111.9 112.8 114 114.3 114.2 113.8 113 112.6 112.9 113.5 112.6 111 108.9 106.4 104.9 102.5 102.7 103 102.9 102.8 102.3 103.9 103.8 103.7 103.6 103.6 103.4 104.3 105 102.4 104.8 103.7 102.9 102.7 103.7 104.8 105.6
123.3 121.8 118.1 114.7 113 110.6 105.9 106.5 106.1 106.3 106.3 106.2 107.1 108.2 109.1 109 107.6 104.2 101.2 101.4 101.4 101 110.8 108.4 106.9 106.4 105.7 105.1 101.7 97.9 100.9 100.8 100.5 103.4 107.5 110.8 113.3 114.4 114.4 117.5 115.9 112.7 113.4 114.9 115.3 115.1 114.7 113.4 112.6 112.3 112.9 112.2 110.5 108.7 106.2 104.1 102.6 102.7 103 103.2 103.2 103.1 103 103 103.4 103.5 103.4 103.6 103.6 102.6 104.2 104.8 104.9 105.2 105.3 105.1 105.2 105.5
122.6 121 117.1 110.1 107 104.8 104.3 104.1 105.8 103.7 104.2 103.7 101.9 106.9 108.5 109.6 108.9 105.5 102 101.5 101.2 99.4 109.9 109.6 108.1 107.5 106.8 105.9 101.5 100.6 98.3 97.9 99.8 100.9 101.1 105.6 110 112.4 114.5 117.2 117.3 113.8 113.7 115.3 115.9 116.2 115.4 114.2 113 112 112.4 111.8 110.2 107.4 105.7 103.5 100.6 100.7 101.8 102.5 103.1 103 103.1 100.6 100.8 100.4 100.9 103.1 101.8 104.1 104.7 104.8 104.8 104.6 105.2 105.2 105.2 107
119.2 118.6 110.2 106.9 105.5 105 105.4 104.1 104.2 105.5 104.5 104.1 104 103.5 105.6 108.8 109.5 107 102.8 102.3 102.1 101.3 104 110 108.5 108.1 107.6 106.4 101.8 104.5 102.6 100.9 100 99.1 97.9 98.8 102.9 107.7 111.2 115.1 117.9 114.9 113.4 115.5 116.3 117 116.2 115 113.6 112.2 111.9 111.6 109.4 105.9 103.7 99.3 99.3 102.7 103.1 99.6 99.3 99.3 99.3 101.3 103.4 103.6 100.2 102.5 104.5 104.5 104.7 104.8 104.3 103.8 104.6 105.4 105.6 108
110.6 108.4 106.4 104.2 104.9 106.2 105.8 105.7 104.2 104 103.6 104.7 104.4 103.5 101.7 104.6 107.5 107.4 104.1 103.3 103.4 102.3 100.3 108.7 108.4 108.2 108.1 105.9 102.7 106.4 105.7 104.1 102.3 101.8 100.6 100.9 98.1 101.8 106.2 111.4 116.3 115.1 111.7 115 116 117.1 117.4 115.9 113.7 112.1 111.4 111.5 108.7 102.3 99.3 101.5 102.7 101.1 102.8 102.9 102.7 102.9 101.8 103.2 103.5 103.8 101.9 102.8 104.6 104.6 104.6 104.4 104.4 104.5 104.8 108.2 106.2 107.2
106.7 104.2 106 105.9 107 107 106.8 106.9 105.7 105.4 104.7 104.9 104.3 104.5 103.1 103.8 103.8 106.7 104.2 103.9 104.1 104 102.1 100.3 108.6 108.6 108.4 104.4 106.8 107.3 106.8 105.1 103.5 104 103.5 101.6 101.1 98.1 100.9 107.3 113.4 115.1 111.3 113.2 115.3 116.5 117.7 116.5 113.8 111.9 110.5 111.3 108.3 99.3 101.1 101.8 102.4 102.4 102.5 102.7 102.7 102.5 103 103.3 103.7 102.7 103.6 103 104.5 104.8 104.1 104.1 104.1 104.4 105.9 106.6 106.6 106.6
105.2 106.3 105.9 106.7 109.2 110.5 109.6 108.3 107.4 106.2 105.3 105.1 104.7 104.3 104.4 103 101.1 103.9 104.3 104 104.1 104.2 103.6 101.1 105.9 108 107.7 104.8 107 108.2 108.2 106.7 104.6 104.6 105.3 105.1 101.1 101.4 98.1 101.8 108 113.2 111 110.1 113.1 114.8 116.4 116.1 113.8 111.1 108.1 110.3 99.3 102.6 102.2 101.9 102.2 102.3 102.4 102.4 102.6 102.8 103.1 103.5 103.8 100.8 102.9 102.7 102.8 103.7 103.7 103.8 104.1 104.5 104.9 105.5 105.3 105
104.6 106.4 106.1 107.5 112.4 112.6 112.3 111.4 110.4 109 107.8 107.1 105.7 104.8 104.6 104.5 103.3 102.2 104.3 104 103.8 103.5 104.2 101.4 107.9 108.3 108.1 105.5 107 108.5 109.6 108.1 106 105.3 106 106.3 104.7 101 99.5 98.8 102.2 107.1 109.3 105.9 109.4 111 113.5 114.2 111.9 107.2 102.9 101 99.6 100.1 101 101.8 102.2 102.3 102.4 102.5 102.6 102.8 103.1 103.5 101.9 103.5 103.2 103.3 103.4 103.4 103.7 103.7 103.8 104 104.3 103.8 104.3 104.2
105.7 106.5 106.3 107.2 114.4 114.6 114.3 113.9 112.9 112 110.3 108.6 107.8 106.5 105.4 104.5 103.7 102.9 104 104 102.8 101.5 99.4 107.1 108.5 108.7 108.6 107.7 106.4 108.2 110.6 109.4 107.1 106 106.5 106.9 106.4 104.2 101.3 100.8 98.9 101.1 101.2 101.8 103.3 105.6 106.2 101.8 102 101.6 102.4 99.6 101.2 101.5 101.8 102 102.3 102.4 102.6 102.8 102.9 103.1 103.2 103.5 100.9 102.8 103.7 103.7 103.7 103.7 103.7 103.8 103.8 103.9 103.9 104.1 104.3 104.4
106.1 106.4 106.3 108.1 115.6 116 116 115.7 115.1 114.3 112 110.9 109.8 108.7 107.3 106 104.6 103.1 102.4 100.6 103.8 103.8 105.3 107.2 108.3 109.1 109 108.6 107.9 108.1 111.1 111.4 108.8 107.1 107.3 107.4 107.5 106.7 104.9 101 100.3 99.6 99.1 101.2 101.3 101.5 101.9 102 101 99.6 99.6 100 101.1 101.8 102 102.2 102.2 102.5 102.8 103.1 103.2 103.4 103.4 103.6 101.5 101.1 103.7 103.9 102.6 103.6 103.5 103.7 104.2 104.1 104.2 104.5 104.5 104.5
106.1 106.5 106.4 108.9 116.1 117.1 117.5 117.1 116.4 115.7 113.7 111.5 111.9 110.5 109.1 108 106.7 105.8 105.2 106 105.1 104.4 105.9 107.8 109 109.7 109.7 109.5 109.2 107.7 111.4 112.8 110.7 108.7 108.4 108.5 109.2 108.8 106.8 105.2 101.1 101.2 99.5 99.4 100.1 100 99.6 99.6 99.7 99.6 100.9 101.8 102 102.2 102.3 102.4 102.5 102.8 103.1 103.3 103.5 103.7 103.6 102.7 102.4 102.4 101.1 102.5 101.2 103.7 104 104 103.8 104.3 104.3 104.3 104.3 104.4
