ny/ny65_OST50GRID_20230518/NY65.asc
ncols 200
nrows 200
xllcorner 360000
yllcorner 550000
cellsize 50
[rows 70 to 104 of 200, columns 78 to 155 of 200]
448.5 445.4 443.2 441.3 437.7 434.6 431.1 427.4 422.6 418.8 415.5 413.4 410.3 406.9 404.1 401.8 400.5 399.2 396.8 393.6 389.5 385.4 381.2 378.3 375.3 372 367.9 361.9 361 357.3 353.2 349.1 344.6 339.9 334.4 328.2 320.3 313.8 312.9 301.2 295.2 293.8 289.6 291.1 296.4 297.2 293.8 287.8 281.4 276.9 282.1 276.8 259.4 257.7 269.5 268.4 268 269.9 268.9 267.5 265.3 262 257.8 253 247.5 239.6 234.4 225.2 206.8 207.1 200.7 209.7 218.3 216 211.1 204.1 196.8 187.4
447.8 445.2 442.5 440.3 436 431 427.6 423.8 420.1 417.4 414.4 411.6 409.1 406.2 403.9 401.5 399.8 398.8 396.6 393 389.2 385.7 380.4 377.1 373.6 368.7 363.8 357.2 351.5 348 336.2 328.5 323 319.4 321.6 314 317.3 313.9 309.8 306.9 308.5 308 306.9 308.4 307.1 305.3 302.2 298.9 295.7 291.7 291.1 288.3 284.4 273 261.4 258.3 248.6 249.7 254.4 257.7 256.5 254.7 252.3 248.1 242.4 232.1 219.4 225.8 225.5 218.2 212.1 221.8 222.4 218.5 211.6 203.8 196.2 184.4
447.6 445.3 442.7 439.6 433.9 427.5 424.6 421.6 418.3 415.6 412.5 409.8 407.1 404.1 402.1 400.3 398.7 397.2 395.5 392.1 388.4 384.5 380.1 374.5 368.9 363 357.2 347.9 337.1 339.2 339.7 340.3 334.7 329.4 325.7 324.5 322.8 320.3 318.6 316.7 315.7 315 314.2 314.5 313.6 311 307 303.6 301.1 298 294.1 291.1 288.4 281.9 278.5 274.9 263.2 252.8 244.9 238.8 238.2 240 240.1 232.8 229.5 226.4 229.3 233.8 231.9 230.1 228.1 226 223.8 219.7 212.1 203.6 196.1 182.8
447.6 444.8 442.1 438.7 434.1 428.1 422.5 417.3 416.3 413.1 410.7 408.5 405.4 402.8 400.7 398.4 396.6 395 393.9 391.7 387.9 383.4 376.3 369.9 362.8 351.1 344.9 348.7 349 350.8 350.4 344 339.9 337.1 334.1 330.1 328.7 329.3 325.5 323.2 321.5 319.1 319.3 320.1 318.4 315.2 311 307.9 305.1 301.5 297.2 293.4 290.1 287.1 283.8 279.7 274.7 270.3 262.7 257.5 248.9 238.3 232.3 232.6 233.6 236 237 237.3 235.6 233.7 230.9 227.6 224.3 219.6 213.2 204.3 197.2 181.9
447.4 445 442.4 439.4 435.4 427.3 420.1 416.6 414.5 412.5 410.2 406.7 403.9 401 399.4 396 394 392.3 391.6 389.2 383.3 376.7 370.5 357.7 351 357.9 359.1 358.2 361.9 362.5 359.9 355.1 351 348.3 346.7 342.2 339.2 335.2 331.1 328.6 326.3 325.4 324.7 324.9 322.8 318.6 314.2 311.2 308.2 304.5 300.3 296.3 293.1 289.4 286 281.1 276.3 272 267.7 263 257.9 254 242.7 249 248.6 244.7 240.4 240.2 238.6 236.5 233.4 229 224.6 220.9 214.6 207 199.2 180.1
447.7 445.4 441.6 437.6 432.7 426.2 419.8 416.3 414.4 412.4 409.9 406.2 403.7 401 398.6 395.6 392.1 389.2 386.9 382.8 377.8 370.3 355.2 358.8 365.2 367.2 368.4 370.1 370.1 369.3 367.2 363.4 358.9 355.9 352.2 348.1 344 339.6 336.7 334.1 331.3 330 329.4 328.7 326.3 321.3 317.6 314.5 310.9 307.4 303.1 299.5 296.2 292.1 288.1 283.2 278.2 273.6 269.1 265.6 261.5 254.2 256.2 254.8 252.7 250 244 243.7 241.6 239.3 235.2 229.2 225.3 221.7 217.6 209.7 199.2 174
447.2 443.9 439.6 436.4 432.1 427.1 420.3 417.8 415.8 412.9 409.4 406.2 403.7 401.5 398.6 394.6 391.3 384.7 379.2 376.9 363.3 362.9 366.2 370.6 372.5 374.1 375.6 376.1 375.3 374.7 372.3 368.3 366 362.6 357.8 353.6 348.7 343.5 341.2 339.3 336.2 334 333.1 332.4 329.2 324.9 321.4 317.3 313.4 310.3 306.6 303.3 299.3 295 290.6 285.3 280.5 276 271.3 267.3 260.8 258.1 260.4 258.6 256.2 253.3 248.5 247.4 244.7 241.8 237 230 225.9 222.7 215.1 209.1 196.1 171
446.3 442.9 439.3 434.8 431.9 428.6 426.5 421.8 416.4 412.6 409.3 406.9 404.6 401.9 398.4 394.5 390.2 384.9 379 364.1 369.7 374.7 377.2 379.3 379.3 380.8 382.2 381.8 380.4 379.5 377 373.3 372 367.7 363.2 358.5 352.2 346.8 345.2 342.7 339.6 338.2 337.4 335.8 332.8 329.1 325.3 319.9 316.3 313.3 310.5 306.6 302.2 298 293.3 288.2 283.2 278.4 273.6 267.8 265.7 263.6 264.4 262.5 260.4 256.9 251.5 250.8 247.8 244 238 230.7 225.2 221.9 213.6 206.1 192 170.6
447.1 443.9 440.8 436.8 432.5 430.3 429.3 423.8 416.9 412.8 409.7 407.1 404.3 401.1 398 394.3 390.5 384.6 371.8 374 379.7 383.3 385.8 386.2 387.1 388.1 387.7 387.1 385.3 383.9 381.6 378.9 376.6 372.3 368 362.9 354.8 349.4 347.6 345.5 343.1 341.2 339.7 338.9 336.5 332.9 328.2 322.6 319.3 316.7 313.6 309.3 304.8 301.1 296.7 291.5 286.1 280.7 274.2 271.4 270.3 269 268.7 266.8 263.8 257 256.8 254.4 251.2 246 239.1 230.8 226.6 221 213.4 207.6 184.3 168.8
447.6 443.8 440.7 437.8 434 430 426.8 422.4 417.1 413.1 410.1 406.7 403.2 400.7 397.5 393.1 389.8 384.6 378.2 384.2 388.8 391.8 391.7 392.7 393.2 392.9 392.2 391.2 388.6 387.3 385.7 383.7 380.2 376.3 372 365.2 356.9 352.3 349.6 348 345.4 342.8 341.4 341.8 341.5 338.4 332.2 325 322.1 319.4 315.9 311.3 307.8 304.5 299.9 295.2 287.5 280 278.4 276.8 274.6 275.2 273.6 270.8 267.3 260.8 261.7 258.6 254.1 248.1 240.7 232.4 228.2 223 206.8 198.4 178.2 168.1
447.8 443.4 439.5 436.3 433.6 431 428.4 424.1 418.3 413.4 409.8 406.2 403 400.4 397.9 396.5 393.4 390.6 377.7 390.9 396.3 398.3 398.1 398.6 398.3 398 396.3 394.5 392.3 390.6 389.8 388 383.3 379.3 374.4 366.4 360.4 356.7 353.4 350.1 347 344 343.7 344.5 345.3 343.5 335.1 327.5 324.8 321.9 318.2 313.9 310.7 306.8 302.4 295.7 289.2 286.9 284.6 280.4 279.9 279 277.2 274.3 268.7 268.1 265.9 262.6 257 250.7 242 234.6 229.4 210.8 200.3 193.5 177.5 168.6
448.5 443.2 439.2 436.9 435.1 432.8 429.4 423.5 418.5 414.9 410.8 408.2 406.1 402.9 400.8 398.8 396.2 393 390.3 395.1 400.6 403.1 403.4 403.2 403 402.4 400.9 397.9 395.7 394.4 392.3 390 385.8 381.3 375.5 370 364.9 361.8 358.1 354.1 350.2 347.9 346.5 347 347.3 344 336.3 332 328.4 324.8 320.8 316.8 313.1 308.5 302.5 293.8 293.5 291.8 289.2 284.8 284.5 283.2 281 278.3 272.9 272.3 269.5 265.7 260.3 252.7 246.3 237.4 223.8 211.1 205 191.3 181.1 168.4
449.6 444.2 441.2 438.4 435.9 433.3 429.1 423.7 419.3 417.5 415 411.9 407.8 404.7 402.6 400.8 397.9 393.1 395.4 398.4 402.2 405.4 405.6 406.1 406.1 405.6 403.5 401.4 400.3 398.1 395.2 391.3 387 383.3 378.9 374.4 370.5 367 363.4 359.6 355.5 353.3 349.8 349.6 347.7 344.8 341.3 336.6 332.5 327.8 324 319.6 315.9 310.8 305 300.9 297.9 296.4 293.9 290.3 288.7 286.6 284 281.7 277.7 276.3 272.9 268.1 263.1 256 246 238.6 223.8 212.5 205.8 197.1 183.1 169.1
450.5 445.9 443.5 440.9 438.5 434.3 430.4 425.8 422.7 420.8 417.5 413.6 411.7 406.8 403.5 400.8 398.5 394.5 399.7 401.4 404.2 407 408.4 409.5 409.3 409.5 409 407.5 406 402.1 397.8 394.6 390.7 386.1 382.4 379.1 375.6 372.8 368.8 364.4 360.6 357.8 354.4 352 350.6 348.8 345.3 341.1 336.9 331.9 328.1 323.2 318.3 315.2 310.5 305.9 302.3 301.1 297.9 295 292.3 290 287.3 284.6 281.1 279.4 275.3 270.4 264.8 253.8 245.2 240.6 227.7 218.1 211.1 197.7 183.1 171.1
451.9 448.1 445.3 443.3 440.4 437 432.4 428.8 426.5 422.8 418.3 415.5 412.7 407.8 404.4 401.6 397 399.4 402 404.5 407.5 410.1 411.6 413.3 413.8 417.1 416.3 415 411.8 406.3 402.7 398.9 394.9 390.4 386.6 383.7 380.3 377.1 373.5 369 365 362 358.1 356.2 356.9 355.5 351.5 346.3 342.2 338.5 332.2 328 322.2 320 315.3 311.5 308.3 305.8 302 297.5 295.8 293.2 290.3 286.9 284.2 282.3 277.7 272.5 265.9 252.4 247.8 240.3 230.6 220.2 213.5 197.6 183.2 173.5
452.3 449.7 447 444.2 442.2 438.4 433.7 431.8 428.7 423.9 419.8 416.1 412.4 408.3 404.9 401.7 400.6 403.2 405.1 407.6 411.5 414.5 416.7 418.2 419.2 421.5 420.3 418.7 414 409.9 406.6 404.7 401 396.5 392.6 389.4 385.1 382.1 377.9 372.2 369.4 366.5 362.9 363 365.2 361.6 356.8 351.3 346.6 342.2 336.5 333.9 327.6 325 320.5 316 313.9 310.5 305.6 300.6 298.7 296.6 293.3 289.7 287.4 283.8 279.7 273.7 264.1 258.5 249.8 240.2 231.5 221.9 213.6 199.1 184.4 173.8
454 451 448.8 447.1 443.7 438.9 435 432.7 429.2 424.4 419.6 416.6 413 410 407.1 403.6 405.7 407.3 409 411.9 416.2 420.1 422.9 421.7 423.9 425.1 423.6 420.5 416.2 414.2 414.7 412.9 409.6 405.4 399.9 396.5 391.9 389 382.5 376.3 373.7 369.9 368.6 369.2 370 367.1 361.4 354.8 350.3 345.7 343.2 339.5 334 329.8 324.1 320.2 318.3 314.8 309.3 306.5 301.9 299 295.7 292 289 284.7 279.1 272.2 266.5 259.2 248.2 239.7 232.7 223.9 215.4 202.3 184.5 174.2
455.8 454.3 451.8 448.2 445.1 440.3 436.2 433.6 430.6 425.5 419.4 416.6 414 411.9 409.8 408.4 410.3 412 413.4 416.3 421.1 425.3 426.6 426.7 428.3 427.6 425.9 422 419.6 422.8 423.2 420.4 417.4 412.5 409 405 400.2 396 388.4 382.6 378.1 375.1 374.2 374.7 373.7 371.8 365 358.3 354.3 351.6 347.8 343.1 339.3 334.1 328.7 324.2 322 317.8 313.2 309.7 304.3 301.2 297.4 293.8 290.1 286 279.5 273.3 268.1 260.2 246.6 239.2 232.9 225.6 217.4 208.7 189.1 175.9
460 456.9 454 450.2 446.3 441.9 438.2 435.6 432.7 428.6 423.5 420.1 416.9 414.9 412.1 412.7 415.2 416.5 417.1 419.3 423.4 428.5 430.9 431.7 430.7 430.1 428.7 425.8 427.1 430.5 429.5 429.4 426 418.8 414.6 411.3 408.4 403.2 395.7 389.2 385.1 381.6 379.9 379 376.7 373.3 367.2 362.9 358.8 355.1 351.3 346.7 342.7 337.1 332 327.4 324.9 320.2 316.6 311.3 306.3 303.4 299.3 295 290.8 285.9 281.6 274.4 268.5 259.7 246.4 240.2 232.6 226.1 219.6 210 192.6 179.4
461.6 458.6 455.7 451.7 448 444.9 442.1 438.8 436 433.1 429.4 423.7 420.4 418.5 415.7 416.3 418.3 419.9 420.8 422.6 426.4 432 435.3 434.2 433.1 433.7 433.1 431.7 433.2 434.4 435.6 440.1 440.5 429 420.3 415.8 413.3 408.5 403.4 396.5 391.4 387.9 385.4 382.6 379.1 374.7 370 365.9 361.9 358.3 354.1 349.9 344.9 339.6 333.7 332.2 327.6 322.2 318.6 313.4 308.6 305.1 300.8 296.4 291.8 287.9 282.2 273.5 268.4 257.6 246.3 240 232 225.9 218.1 209.6 198.8 185.8
464.3 460.3 457.2 453.4 451.5 449.2 445.8 442.3 439.9 436.7 432.5 427.5 423.4 421.6 420.4 420.4 421.5 422.9 424.8 426.4 429 436.2 439.3 437.7 436.7 437.4 438.1 438.1 437.8 439 441.5 444.1 442.3 431.3 423.5 419.7 416.9 412.7 410.4 404.3 398.2 393.4 390.2 385.5 381.6 377.1 371.9 368 363.6 359.8 356 351.5 346.7 340.4 338.5 334.9 329.2 325.2 320.4 315.7 310.3 305.6 301.2 297.5 293.3 288 282.1 272.5 265.9 255.6 248.1 239.8 232.5 225.7 217.9 212.8 202.9 188.6
466.8 461.5 459.5 456 455.2 452.8 449 446 443.3 439.1 435.1 431 426.7 424.3 424.3 425.4 426.1 427.6 429.5 431.2 434.5 440.8 445.4 443.7 441.2 441.2 444.3 443.6 442.7 443.4 444.1 442.3 437.5 431.6 428.2 425.5 421.5 418.8 416.3 411.2 402.9 396.6 392.8 388.2 383.6 378.5 374 370.2 366.4 362.2 357.2 353 348 343.9 340.7 336.6 331 327 321.9 317.7 313 305.5 301.8 298 293.4 287.7 278.9 272.1 263.9 254.7 246.6 238.8 229.9 225.8 221.3 212.1 201.6 189.7
466.4 462.4 460.1 458.6 457.3 455.3 451.7 448.8 445.6 441.3 437.3 433.2 430 428.9 429.8 432 430.5 434.1 436.3 438.6 440.9 445.3 449.9 448.6 447.9 450.6 451 450 449.6 449.2 447 444.6 441.2 438.1 434 428.5 423.5 418.8 414.4 410.6 406 401.3 396 389.8 383.8 378.9 375.8 372.1 368.2 363.8 358.6 354.1 349.4 345.6 341.8 338.1 333.2 328.7 323.8 318.7 312 306.1 302.1 297.9 292.8 286.5 278.4 271.4 260.1 251.3 245.2 238.3 228.9 224.3 213.4 205.2 199.3 197.4
469 462.9 460.1 459.3 458.3 456.7 454.3 452.1 448.5 444.7 439.5 436 434.7 433.4 436.8 438.7 434.4 439 442.6 444.4 446.6 450.4 454.4 455.4 455.2 456.6 457.7 457.1 456.3 456.4 452.6 449.7 447.9 441.2 436.2 432 427.8 424.8 421 416.3 410.3 405.5 397.8 391.3 385.8 381.2 377.8 374.4 370 365 359.9 355.3 350.7 346.2 342.8 338.5 334.1 329.6 325 320.7 313.2 306.2 301.6 296.8 290.8 285 277.4 270.2 260.2 251.2 244.4 237.4 233.5 225.3 219.6 212 208.1 200.1
471.5 466.9 464.9 462.8 460.9 456.8 455.2 453.7 451.3 448.5 443.8 439.7 439.6 439.8 443.2 443.1 443.2 445.7 447.7 449.5 451.7 455.4 457.8 458.9 459.2 463.2 464.5 464.3 465 464.3 457 453.2 449.5 444 441 436.8 432.7 429 424.9 420.3 415.3 408.2 400 394 388.8 384.2 380.7 376.7 371.9 366.2 361.2 356 351.6 346.7 343 338.8 334.4 330.5 326.5 319.9 315.5 310.7 303.1 297.9 291.7 283.2 276 266.9 257.4 251.9 246.9 240.4 234.7 226.5 220.4 212.6 206.7 200.6
476.5 473.7 470.8 468.7 464.4 458.5 457.3 457.3 453.9 452.4 448.9 444.9 445 446.5 449.1 448.1 449.2 450.7 452.7 454.8 457.1 459.7 460.9 462.8 465.2 469.6 470.7 471.8 470.8 467.7 460.1 455.9 451.4 448.5 445.7 443.1 437.1 432.1 426.3 422.8 418.3 410.4 403 396.8 392.7 388 385 380 373.5 367.7 362.7 357.7 352.7 347.9 344.2 339.7 336.5 332.1 327.4 327.4 319.3 310.8 304.1 298.2 289.6 283.4 276 266.6 259.5 254.3 246.9 240.6 235.2 228.4 222.1 213 203.8 197.9
480.8 477.9 474.1 468.9 465.5 463.1 462.5 460.7 457.7 455.8 455.7 452.8 451.1 452 451.9 452.6 455.5 456.6 458.1 459.1 461.2 462.8 465.8 467.7 469.3 471.2 472.7 474.8 473.4 469.8 462.6 458.6 455 452.3 450 445.8 440.6 433.8 428.3 425.2 418.7 411.4 405.8 401 397.2 393.2 389.2 383 375.6 369.6 364.8 359.5 353.9 349.3 345.3 340.7 337.3 333.9 332 332.9 322.2 310.5 304.2 297.8 291.2 284.4 277.6 269.4 261.7 254.9 246.4 240.4 235.4 230.4 223.9 216 206.7 201.8
485.8 480.6 478.4 471.5 466.5 465.9 464.4 463.4 461.8 460 459 457.5 455.9 455.3 454.7 456.5 460.6 460.5 462 462.5 462.6 464.4 467.5 469.5 470 471.7 472.2 472.4 472.8 471.3 466.3 461.8 459.3 456.2 451.9 447 440.8 434.1 429.8 424.6 418.8 413.3 409.1 405 401.3 397.2 392.3 385.7 377.9 371.4 367 361.8 355.6 349.8 345.8 342.6 339.3 335.8 337.6 337.5 322.4 311.3 304.9 298.8 291.6 285.6 278.3 270.5 262.9 254.3 245.7 239.2 234.8 230.2 224.3 217.3 208.3 204.6
489.5 484.2 481.9 475.2 468.9 467.9 466 465.3 464.3 462.5 461.8 460.8 460 458.9 458.4 459.8 460.4 461.7 462.8 463.2 463.5 464.9 468.6 470.4 470.9 471.3 470.7 469.8 468.7 467.3 466.4 464.1 461.9 456.1 450.5 445.3 439.5 433.5 429.6 424.7 419.9 415.4 411.8 408.3 403.9 399.6 394 387.6 380.3 374 369.2 363.4 357 351.8 347.9 344.2 340.8 337.7 343.7 336.9 322.1 312.8 304.9 298.9 292.7 286.6 278.4 271.1 263.6 253.7 246 238.3 233.9 229.7 224.2 217.2 210.4 206.6
492 486.5 483.1 479.2 473.5 469.9 467.7 465.8 465 463.8 463.8 462.8 461.2 461.2 461 461.5 460.9 461.4 462.9 463.4 464 465.1 467.4 470.3 470.4 470 468.5 467.3 465.4 463.5 460.5 458 455.7 453.3 450 445.3 438.8 433.2 429.4 425.5 421.3 417.1 412.7 408.6 404.5 400.1 394.6 388.8 381.7 375.6 370.1 363.5 357.8 353.8 349.4 345.4 341.2 337.3 340.6 332.6 320.2 313.2 305.7 299.1 292.9 286.9 279.8 272.1 263.3 254.5 245.9 237.9 232.9 228.6 223.6 217 211.6 207.3
493.4 489.7 485.8 483.7 479.3 474.4 469.8 467.7 466.6 465.5 464.4 462.7 462.3 461.4 461.2 460.8 461.1 461.2 461.5 462.4 462.4 464 465.5 466.4 468.8 468.4 466.2 464 463 460.4 457 455 452.7 451.8 449.5 443.2 437.6 433.4 429.2 425.1 421.6 417.1 413 408.7 404.8 399.8 394.5 386.8 381 375.2 368.1 363.2 358.7 354.7 350.9 346.2 341 336.1 335.4 326.9 318.7 312 305.6 299 292.7 287.1 280.2 272.2 262.9 254.3 245.4 239.1 233.1 228.1 223.1 216.2 211.7 208
494.8 491.9 489.1 485.9 481.7 477 472.1 469.4 467.1 466.1 465.2 463.8 462.4 462 460.4 460.7 460.3 459.4 459.6 460.3 460.7 461.4 462.2 462.9 463.1 463.7 462.4 460.4 457.5 455.8 454.3 452.3 449.7 448 445.7 441.4 436.1 431.9 428.1 425 421.5 417.2 413.1 409 404.4 399.5 394.1 387.5 382.5 377 369.2 364.2 360 356.3 351.5 346 340.4 334.3 330.1 324.3 317.5 311 304.2 298.5 292.6 286.6 277.7 271.8 263.3 254.9 246.5 239.9 232.1 226.8 221.8 215.9 210.6 207.3
496.2 493.5 490.7 486.8 483.2 478.9 473.2 470.2 469 467.3 465.7 463.7 461.7 460.5 460 459.1 458.5 456.7 457.4 457.8 457.1 457 456.7 457.4 458.5 458 457.5 456.3 455 453.8 452.1 449.6 448.4 446.4 443.7 439 434.4 430.7 427.6 424.8 420.8 417 413.1 409.4 405.8 401.3 395.5 389.2 384.2 377.2 370.2 365.6 360.9 356.2 351.6 345.6 339.3 334.3 329.6 322.6 315.4 309.7 303.2 297.4 292 285.6 277.8 269.8 256.3 252.3 245.8 237.3 231.5 226 220.6 215.3 210.3 205.6
498 494.8 491 486.3 482.4 479 474.3 470.4 469.3 467.4 465 462.5 460.7 458.5 456.9 454.7 452.9 453.1 454 453.9 452.8 451.6 451.3 451.9 452.7 451.6 451.8 451.8 450.8 449.5 447.6 446.6 445.7 443.6 440.9 436.6 432.8 430 427.3 423.2 419.9 418.1 414 410.7 406.5 401.1 396.6 390.5 383.7 377.4 371.6 364.9 360 355.7 350.4 343.9 339 333.3 326.3 319.7 314.2 307.2 301.9 296.5 291 282.8 276.1 267 257.8 252 246.7 237.9 233.2 225.8 219.6 214.8 210 203.7
499.5 495.6 489.6 485.5 481.8 478.2 474.8 471.6 469.5 466.9 464 461.3 458.5 455.9 453.7 451 448.7 449 448.6 447.7 447.1 445.7 446.2 447 447.1 446.3 446.2 445.2 443.4 443.2 442.4 441.4 439.9 438.5 435.9 432.9 431 429 426.3 424.1 421 417.8 413.8 409.9 405.6 400.2 394.3 386.5 382.4 377 369.9 364.3 359.4 353.9 347.2 341.4 335.5 329.6 323.4 317.7 311.5 305 299.2 294.5 288.6 281.3 272.1 261.5 256.2 251.9 245.9 236.9 230.3 224 218.2 212.7 207.7 195.2
