ny/ny65_OST50GRID_20230518/NY65.asc
ncols 200
nrows 200
xllcorner 360000
yllcorner 550000
cellsize 50
[rows 35 to 69 of 200, columns 78 to 155 of 200]
301.2 299.4 296 292.9 291 287.4 282.8 278.6 275.8 272.3 269.5 261.9 261.6 255.4 252.8 252.7 249.4 248.9 246.6 245.3 244.8 242.7 240.6 241.8 241.2 238.4 243.2 244.8 243.3 239.4 240.2 241.1 240 238.4 238.3 236.9 236.5 236.2 236.2 237.3 239.2 239.5 240.4 240.5 240.8 241.6 242.9 245.5 247.3 247.7 249.4 250.2 250.8 251.5 251.8 251.3 250.4 247.8 245.3 241.2 236.6 231.1 228.9 226.1 222.1 218 213.5 209.9 207.8 202.2 184.6 169.1 159.6 156.5 156.9 156.9 156.9 156.9
315.9 313.3 309.4 305 301.1 296.3 290.6 288.3 285.3 282.2 275.1 269.5 273 266.6 263.9 262.7 259.6 257.7 257.2 253 251.9 248.9 247.9 248.5 247.4 246.8 248.5 248.9 247.5 244.3 243.3 244.4 243.3 243.4 243.1 242.9 242.8 243.7 244 244.2 245.8 246.3 245.9 246.5 249.2 250.7 251.5 252.8 253.2 254.8 256 257.5 257.9 257.8 255.9 254.4 252.7 251.9 248.9 244.1 238 233.4 231.3 227.7 223.7 219.9 216.1 212.6 210.2 201.6 184.9 173.7 167.3 162.9 160.3 157.4 157.5 157.3
323.8 319.8 315.7 311.2 307.8 303 299.6 296.8 292.5 282.5 280.3 282 280.8 277.3 272.5 270.8 267.9 265.9 263.8 259.8 258.7 256.9 255.4 255.5 253.9 252.5 254.3 253.6 252.3 251.6 250.3 250.2 250.6 250.7 250.5 249.8 249.8 250.2 251.3 252.9 253.3 251.7 252.5 253.7 254.8 256 256.9 258.5 260.1 261.2 262.5 262.8 262.8 262.5 262.2 261 259.1 256.3 252.1 246.7 240.3 236.9 234.2 229.9 226.2 222.5 218.5 214.8 212.2 203.9 188.2 177.6 172 170.7 169.6 165.8 158.3 157.6
329.9 325.6 321.1 316.8 312.9 309.9 305.7 301.7 297 293.2 292.3 289.7 288.2 285.9 283.6 279.3 276.3 273.8 271.9 269.6 266.7 264.6 263.8 262.4 259.9 259.4 260.4 259.3 260.6 259.1 258.9 259.4 261.1 261.9 260.4 261.5 260.7 260 260.3 260.1 259.2 255.4 257.9 259.2 260.5 261.7 263 265.3 267.2 267.9 268.4 269 269.8 269.1 268.6 266.1 263.2 260 255.4 249 244.5 241.7 237.9 232.4 229.2 224.6 221 218 215.3 205.5 193.1 184.4 179.3 175.5 175.7 171.5 166.7 158.2
335.7 332 326.9 322.7 317.9 314.3 310.6 306.5 304.2 301.4 299.5 297.5 295.9 294 291.2 289.6 286.2 284.2 282.4 279 276.8 273 273.1 269.3 265.3 267.3 267 268.2 268.8 269.2 269.3 272.2 275 276.4 276.3 274.5 273.4 271.2 268.9 266.7 265.2 262.8 263.1 264.2 266.4 267.8 268.8 271 272.7 273.6 275 276 276.7 276 274.1 271.3 267.9 263.9 257.6 254 251 247.3 241.4 235.6 231.5 227.5 223.9 221.6 219 213.6 205.5 193.1 185.8 182.9 180.3 177.5 170.6 161
344.1 340.3 335.6 331.5 325.6 321.6 317.3 313.5 311 309.3 307.4 304.9 303.5 301 299.4 298.2 296.6 295.2 292.9 290 287 283.8 283 279.9 273.5 275.9 276.6 275.7 275.3 276.6 278.9 281.4 282.9 284 282.9 281.4 280 277.9 274.1 270.9 267.8 267 267.3 268.2 270.3 272.2 273.3 275.4 277.6 279.3 280.3 281.1 281.3 280.5 278.1 275 271.5 267 263.2 259.5 256.7 251.9 245.4 240.5 236.3 231.3 227.9 226.3 222.9 219.5 215.4 205.8 195.6 189.7 185.6 181.3 174.9 163.8
352.7 349.2 344.9 339.9 334.3 330.9 326 322.2 319.1 317.2 315 311.8 310.8 308.4 307.2 305.7 303.9 302.5 300.5 298.2 295.1 292.3 290.2 288 284.6 286.5 285.2 285.5 284.7 284.8 286.7 288.4 289.4 288.5 288.6 287.6 285.6 282.7 278.5 273.1 271.5 270.7 270.5 271.4 273.2 275 276.9 279.3 281.8 282.9 284.2 285.2 285 284.1 281.9 278.4 274.7 271.4 268.9 264.9 261.4 256.1 249.9 245.8 241.6 236.6 232.9 230.4 226.5 222 217.9 214.1 207.2 196.2 190.8 182.2 174.3 164.2
362.1 359.7 356.5 351.1 346.9 341.2 334.5 332.4 329 325.9 323.1 320.3 318.1 316.5 314.8 313.4 311.7 309.5 308.6 306.1 302.3 300.1 298.6 295.3 294.3 294 292.6 293.8 293.6 293.9 294.8 295.6 296.1 295.3 294.5 293 291.1 287.5 282.7 279.8 276.8 274.5 274.2 275.1 276.2 277.8 279.9 282.8 285.6 287.6 288.6 288.4 288.2 287 284.5 281.9 278.7 275.2 272.9 270.8 266.8 261 255.6 251.5 247 242.7 238.7 234.8 230.5 224.5 220.8 217.2 212.8 205 196.8 185.9 176.3 165.2
372.7 369.7 365.5 361.2 355.8 349.6 346.4 343.7 339.4 335.3 331.7 329.4 327.8 325.2 323.2 320.8 318.8 316.6 314.2 311.1 308.7 306.7 305.6 302.4 302 301.4 301.2 301 302.9 303.8 304.3 305.1 303.2 302.7 301 298.5 296.2 292.1 289.4 288.8 284.4 281.4 279.9 278.9 279.7 281.7 285.2 288.3 290.4 292.2 292.9 292.8 291.9 289.7 287.6 285.6 283.2 280.8 277.6 275.8 272.2 266.8 261.7 257.3 252.8 247.9 243.4 239.2 234 227.7 223.4 219.9 215.2 206.3 197.4 189.5 179.7 169.4
377.3 374 369.8 365.2 359.6 355.7 352.3 348.9 345.6 342.1 339.8 337.6 335.6 333.1 331.3 329.6 326.9 322.2 319.8 317.2 315.3 313.1 311.3 307.7 309.3 309.3 309.7 309.9 311.1 311 312 311.4 310.1 309.4 308.3 305.1 300.5 299.9 298.4 296.7 293.9 290.5 288.9 288.2 288.3 290.1 292.3 294.5 295.9 296.9 297 296.2 294.9 292.7 290.8 288.9 287.3 285.3 282.4 280.3 276.9 271.9 267 262.6 257.5 252.1 246.7 242.5 236.3 229.9 225.9 222.2 217.7 209.1 199.2 193.9 182.8 172.3
384 380.2 376.7 373.2 369 364.5 361.5 357.9 354.2 351.7 349.2 347 345.2 342.7 340.7 337.2 333.9 329.2 327.6 324.4 322 320.5 318.8 316.1 316.6 316.5 316.6 316.8 317.6 317.7 318.2 317.7 315.4 314 312.8 309.7 307.4 306.7 304.8 304.1 302.9 299.8 297.5 296.4 296.1 297.3 298.8 299.8 300.8 300.9 300.2 299.2 297.9 295.6 294.1 292.5 290.9 288.7 286.6 284 280 275.4 270.9 266.6 261.5 256.1 250.2 244.4 237.9 232.7 228.6 224.2 219.2 213.7 205.4 193.8 184.4 172.9
391.4 387.4 384.9 381.7 377.8 373.9 370.5 367.9 364.8 361.5 358.3 355.4 352.5 349 345.5 342.6 338.4 335.9 333.9 331.4 329.3 328.5 325.7 324.7 325.2 325 324 323.8 324 323.7 323.1 322.3 320 319.2 317.7 313.7 314.3 313.6 313 311.8 310.1 306.8 304.8 303.5 303.2 303.3 303.4 303.8 304.2 303.9 302.9 301.4 299.8 298.3 296.7 295.1 293.5 291.3 288.9 286.3 282.7 278.6 274.2 269.6 264.6 258.7 252.4 245.9 239.9 234.2 230.7 225.3 220.4 215.7 209.5 197.6 190.2 182.7
393.8 393.1 390.1 386.5 382.2 379.9 376.2 373.6 370.7 367 364.1 360.8 357.1 353.8 350.7 347.4 344.4 342.9 340.2 338 337.2 334.4 331.7 331.9 331.9 331.7 332 330.3 330 329.5 328.2 326.8 325.5 323.9 322.9 320.8 322.2 321.1 320.3 319 317 313.1 310.3 308.4 307.6 307 306.4 306.3 305.7 305.1 304.1 302.7 301.5 300.4 299 297.4 295.9 293.5 291.1 288.6 284.2 280.4 276.2 271.8 266.6 260.6 254.1 247.1 241.4 235.5 231.8 227 222.3 217.6 213.5 205.4 193 187.4
402.5 399.4 396.3 391.4 388.3 385.3 382 379.7 376.6 373.8 370.5 365.8 362.6 359.1 355.7 352.8 351.2 348.8 346.9 344.7 343.3 342.2 339.7 339.9 339.6 338.8 338.3 337.5 336.7 335.5 333.5 332.3 330.9 329.3 327.9 327 326.9 326.3 325.9 324.6 322.6 319.1 315.8 313.1 311.1 309.6 308.3 307.5 306.5 305.7 304.8 303.9 303.5 302.4 301.1 299.6 298 295.7 293.1 290.2 286.2 282 277.6 272.9 267.9 261.9 254.9 248.2 242.6 237.1 233.4 228.6 223.9 219.2 214.7 210.5 197.2 185.8
412.4 407.3 402.5 398.7 395.5 393.1 390.5 386.9 383.8 379.9 375.3 371.4 367.6 363.3 360.3 358.7 357.2 355.4 353.7 350 349.3 348.2 346.6 346.1 345.8 345.4 344.3 343.2 342.1 340.4 338.7 337.3 336.6 334.9 332.6 331.9 332.2 331.9 331.7 329.9 328 324.3 321.6 318 315 312.5 310 308.2 307.2 306.3 305.4 304.6 304.3 303.8 302.5 301 299.7 297.6 294.9 291.6 287.7 283.2 278.8 273.9 268.8 262.7 255.9 249.5 243.8 238.7 235 230.1 225 219.9 215.2 210.6 196.1 184.1
420.4 416.2 411 407.1 402.9 400.1 396.3 392.5 388.7 384.7 380.2 376.5 372.5 368.2 364.3 363.3 362.4 361 359.2 356.9 355.5 354.2 353.1 352.4 351.9 351.2 350.2 349.3 348.3 346.9 344.3 343.2 342.3 340.7 340 339.2 339 338.4 337.5 335.2 333.7 330.6 328.1 324.5 319.1 316.5 312.8 309.7 307.9 306.8 305.8 305.3 304.1 303.2 303 302.1 300.9 299 296.1 292.5 288.8 284.3 280.1 275.1 269.7 263.5 256.9 250.4 244.8 239.7 235.5 230.7 224.9 220.1 215.8 211.1 198 187.3
432.8 427.3 422.3 417.1 412.3 408.1 403.9 400.1 396.2 391.8 386.2 381.9 377.1 372.5 369.7 368.9 367.7 366.3 364 362.7 361.2 359.6 357.7 357 356.7 355.7 355.2 355 354.1 352.5 351.4 349.7 348.9 347.4 345.8 344.5 345.6 345.1 343.7 341.5 339.3 335.6 332.3 329.4 324.2 321 316.4 311.9 309.7 308.1 306.7 306.1 305.4 303.7 303.6 303.1 301.6 299.5 296.9 293.3 289.1 285.3 281.3 276.3 270.4 263.9 257.3 251.1 245.2 240.6 235.7 230.3 223.8 219.8 217.2 211.3 204.9 190.1
439.5 435.4 429.1 422.7 417.6 413.2 409.5 405.8 402.4 398.2 393 388.3 382.9 378 375.3 373.7 372.3 370.2 368.2 367.4 365.9 362.4 361.9 361.8 361.1 360.1 360.2 360.1 359.4 357.8 356.4 355.3 354.1 352.9 351.2 350 351.4 350.7 349.1 346.4 343.9 340.8 337.5 333.2 328.7 324.7 320.9 316.7 313.2 310.9 308.3 307 306.2 305.1 304.4 303.1 301.4 299.8 297.3 294.1 290.4 286.8 282.3 276.8 270.9 264.3 257.4 251.6 245.6 240.5 235.4 229.5 222.8 218.4 214.3 209.4 205.4 198.1
445.9 442.4 436.7 431.4 426.6 422.1 417 413.3 409.1 404.4 399.3 394.8 389.5 384 379.9 377.9 376.3 373.8 372 370.8 368.9 366.8 367.2 365.9 365.1 364.9 364.9 364.5 363.8 362.7 361.4 360.2 358.8 357.5 356.2 355.3 356.4 355.6 352.9 350.4 348 345.4 342.2 338.4 334.2 329.4 325.4 321.5 318 314.7 311.6 309.9 307.8 306.3 304.3 303.4 301.4 299.6 297.1 294.1 290.9 287.2 282.8 277.7 271.6 264.3 257.9 252.1 245.8 240.3 235 229 222.5 218.9 213.4 206.6 201.5 197.8
448.3 445.8 441.6 437.8 434.3 430 423.6 419.3 415.3 411.1 407.3 402.3 396.7 390.3 385.7 382.6 381.1 378.1 376.3 374 371.7 370.9 371.1 369.9 368.9 369.1 369.2 368.4 367.3 366 364.8 363.6 362.2 361 360.3 359.6 360.6 359.8 357.1 354.6 352.4 350.4 347.5 342.9 339.5 336.3 331.3 326.9 323.3 319.8 317 314.8 312 309.1 306 304 301.7 299.4 296.7 294.1 291.7 287.7 283.4 278 272.1 264.8 258.6 252.4 245.9 240.4 234.6 229.2 223.3 219.2 215.5 206.7 200.8 191.6
450.9 449.4 444.5 439.1 435.5 432.4 429 425.9 422.3 417.8 413.7 409.6 404.8 398.2 393.4 389.4 386.3 383.2 379.8 376.5 374.3 374.3 374.5 373.7 373.5 373.5 372.8 371.8 370.6 369.4 368.2 366.9 365.4 364.7 363.7 363.7 364.2 363.5 361.1 358.5 356.5 354.4 351.9 348.3 344.1 341.3 336.6 332.7 329 325.1 321.5 318.8 315.8 312.5 308.5 305.6 302.5 299.7 297 294.4 292.4 288.3 284 278.3 272.2 265.2 259.7 253 246.2 240.2 234.1 228.8 224.7 220.1 214.8 206.2 200.8 197.5
451.3 449 445.4 439 434.9 432.4 429.5 426.7 423.9 420.3 417.1 412.2 407.8 403.1 398.4 394.8 390.8 387.4 382.6 379.6 376.9 377.6 377.3 377.4 378.1 377.6 376.2 374.8 373.7 372.5 371.2 369.9 367.9 367.4 367.3 366.8 367.1 366.2 364.2 361.4 359 356.6 354 351.2 347.3 344.6 339.6 335.9 333.1 329.2 325.8 322.6 319.4 315.7 311.6 307.9 304.4 301.2 298.4 296.2 294.2 290 284.6 278.3 272.2 265.4 260.1 253 246.6 240 232.7 228.4 225 221.4 215.1 207.7 202.2 197.5
452.1 450 446.3 440.2 436.2 433.1 430.3 427.4 424.4 421.3 417.8 413.5 409.3 405.1 401.1 398 394.2 389.4 385.2 381.3 379.2 379.9 379.9 380.9 381.7 380.5 379 377.3 376.2 375.2 374.1 372.3 369.8 369.2 369.1 369.4 369.2 368 366.3 363.7 360.3 357.8 355.4 352 348.4 344.6 340.8 336.8 333.8 331.2 328.2 325.2 322 317.9 314 310.3 306.3 303.4 300.4 298 295.7 290.8 285.3 279.3 271.1 265 260.6 253.2 246.5 240.1 233.6 228.5 225.1 220.6 214.6 208 202.3 197.5
452.8 450.7 447.1 442 438 433.8 430.8 428.6 426.1 423 418 413.5 409.3 405.6 403 400.5 396.3 391 387.1 383.7 381.8 382 382.5 384.3 384.6 383.1 381.2 379.4 377.9 377.2 376.1 373.9 371.4 370.2 369.9 370.3 370 369.4 368.1 365.1 361.7 358.9 355.6 351.6 346.9 343 339.7 336.2 333 330.7 327.8 325.7 323.1 319.7 315.6 311.5 307.7 304.7 301.7 299.2 296.5 291.4 285.5 278.4 271.1 266.2 261.3 253.4 247.1 240.3 233.5 229.4 224.8 220.4 215.2 209 202.5 197.8
452.9 450.1 446.3 443 439.3 436 433.2 429.8 426.5 423.6 419.7 414.1 410.1 406.3 405.1 402.1 397.2 392.1 388.4 386.1 383.9 384.2 385.4 387 387.1 385.2 383.3 381.5 379.8 378.5 377.3 375.2 372 370.6 370.4 370.3 369.8 369.1 368.4 366.1 362.6 359.4 354.1 348.6 344.1 340.2 337 333.9 330.8 328.3 326.3 324.7 322.7 319.9 315.8 311.6 307.7 304.8 302 299.4 296.1 290.5 284.4 277 271.6 266.7 261.4 253.3 246.7 240.4 233.7 229.3 225.2 221.6 216.3 207.9 201.4 196.6
453 449.6 446.9 443.9 440.6 437.5 434.5 430.9 428.2 424.9 421.2 416 410.8 409 406.2 403.8 399.2 394.3 390.6 387.8 386.1 386.5 388 389.4 388.6 386.8 385 383.4 381.6 380.3 378.3 375.5 372.3 370.5 369.8 369.1 368.3 367.9 368 366.6 363.4 359.3 352.4 346.6 341.5 337.9 334.8 332.7 329.3 326.6 324.5 323.1 321.1 318.7 315.1 311.3 307.1 303.9 301.4 298.8 294.7 289.1 282.2 275.9 271.9 266.6 261.3 252.9 247.2 240.6 234.5 229.7 225.2 221.4 214.1 204.7 199.2 194.3
452.4 449.4 446.7 443.6 440.5 437.8 435.3 432.2 429.4 426.4 422.3 418.2 413.7 410.7 408.7 405.3 401.6 397.1 392.6 389.4 388.2 388.3 388.9 390 389.3 387.7 386.4 385.1 383.3 381 378.7 375.8 371.4 369 367.8 366.6 365.6 366.3 367 366.3 363.1 357 349.4 344.2 340 336.8 333.6 330.5 328 325.3 322.9 320.7 318.4 316.5 313 309.5 305.9 302.9 300.1 296.5 291.7 285.5 279.7 276.2 271.4 266.1 260.4 253 247.2 240 234.6 228.8 224.5 218.2 211.7 201.9 196.6 192.7
451.9 449 447.2 444.5 440.9 438.2 435.9 433.7 431.1 428.2 424 419.3 415.1 412.4 411.4 407.7 403.8 399.9 394.2 390.5 389.2 388.9 389.4 390 389.7 388.7 387.6 386 384.3 381.6 378.2 374.4 370.9 368.2 365.3 363.9 363.4 364.1 364.7 363.5 360.1 353.6 346.3 342.8 338.3 335.2 332.2 329.1 326.2 323.3 320.3 318.1 315.2 312.6 309.7 307.2 303.9 300.6 297.7 293.9 288.2 283.9 279.7 276 271 265.4 258.2 252.6 246.8 239.3 233.4 227.6 221.8 216 208.9 200.4 195.7 192.6
451.3 448.8 446.8 444.3 441.5 438.5 437 433.9 431.4 428.4 425 421.3 416.6 414.4 413.1 409.8 406.5 402.1 396 391.1 389.6 388.9 388.9 389.3 390.3 389.5 388.2 386.6 384.2 381.1 377.7 373.8 370.4 367.4 364.4 360.8 359.7 361 360.9 359.3 356 348.5 343.2 339.9 336.4 333.2 329.9 326.9 324.4 321.1 317.6 315.3 312.3 309.1 306.6 304.6 301.3 298.1 294.4 289.6 286.2 282.6 279.2 274.7 269.6 263.6 257.4 251.5 244.8 237.9 232.7 225.6 220.9 213.8 204.6 198.8 194.8 191.2
450.9 449.1 447 445.3 443.3 441 437.5 434.7 430.7 426.4 423.3 419.6 416.6 414 411.6 408.2 405 400.4 394.9 391.1 389.3 388 387.9 387.6 389.3 389.5 387.8 385.6 382.5 379.3 375.9 373.3 370 366.8 362.9 357.6 354.7 354.6 356 354.6 350.9 342.6 339.3 336.4 333.3 330.1 326.8 324 321.3 317.5 315.1 312.4 308.6 305.7 303.9 301.6 298.6 295.3 290.9 287.9 284.1 281.2 277.2 273.1 267.5 261.6 256.1 249.1 241.7 236.6 230.6 224.5 217.3 210.1 202.3 198.4 194.4 190.2
451.1 449.4 448.2 446.6 444.3 441.3 438.2 434.7 430.5 426 422.7 419.1 415.8 412.7 409.4 405.5 401.8 398 393.9 391.4 389.2 387.2 386.2 385.2 385.1 385.3 384.7 382 379 376.8 374.4 371.8 369 365.2 360.3 353.7 349.1 345.9 343.4 342.8 340.3 336.3 333.8 331.3 327.7 324.8 322.1 319.6 316.9 314.5 312.8 309.6 305.3 302.4 300.6 298.4 295.7 292 288.4 285.3 282.2 279.1 275 270.8 265.4 259.6 254.2 244.9 239.4 234.8 228.4 222.1 214.5 208.1 203.8 199.2 194.1 185.6
451.5 449.2 448.1 446.5 444 441.2 438.2 434.4 430.4 425.9 421.2 417.1 413.7 410.5 407.5 403.7 400.9 397.5 394.2 391.3 388.7 385.9 383.6 382.4 381.1 379.9 379.2 378.2 376.1 374.3 372.4 369.7 366.4 362 357.3 350.3 344.3 339.5 336.8 335.3 333.4 329.9 328.5 325.9 322.2 318.5 316.4 314.2 311.4 310.9 311 306.6 301.1 299 296.8 294.8 292 289.3 285.7 282.7 280 276.4 272.7 268.2 262.9 257.5 248.6 241.6 237.3 232.3 226.6 218.9 212.5 208.3 201.5 195.4 186.1 179.5
450.1 448.4 447.4 446.1 443.6 440.7 437.7 434.7 430 425.1 419.5 415.5 412.2 409.1 405.8 403.5 400.4 397.2 394.5 391 387.7 384.7 382 380 379 377.7 376.1 374.6 373.1 371.8 369.8 366.9 363.5 359 353.3 346.4 340.2 333.7 331 328.3 326.2 324.2 322 319.6 316 312.7 310.2 308.2 306.1 308.4 307.5 300.7 297.3 295.7 293 290.9 288.5 285.8 283.1 280.3 277 272.9 269.5 264.3 259.1 253 245.3 239.4 233.8 229.4 222.4 215.1 209.3 196.4 187.4 189.7 195.5 193.3
449.3 447.3 445.7 444.7 442.8 440 437.4 433.6 429.1 423.4 418 414.6 411.1 408.2 405.6 402.9 399.7 396.9 394.9 391.9 388.1 384.5 381.8 378.3 376 375 373.6 371.7 370.2 368.5 365.5 362.8 358.9 354 347.8 341.3 334.5 328.6 325.5 321.2 318.2 315.6 314.3 312.3 308.9 304.7 302.6 300 297.9 302.7 298.3 294.9 292.4 291.1 289.5 287.1 285.7 283.2 280 276.9 273.4 269.6 265.2 260.2 254.5 248 241.1 235.3 231.4 226 219.7 205.9 193.1 192.3 197.1 203.6 198.6 192.2
449.1 446.7 444.6 442.9 441.2 439.2 436 431.7 426.6 420.7 417.2 414 410.7 408 405.3 402.8 400.6 398.7 396 392.9 388.9 385.1 381.7 378.8 376.2 372.7 368.5 368.2 366.5 363.4 360.7 356 351.1 345.6 340.9 334.9 328.4 322.8 318.6 315.1 311.6 308.7 306.1 301.8 291.1 287.2 283.2 281 279.2 288.4 277.9 274 271 283.8 283 280.2 279.3 278.6 276.8 274 270.5 265.9 261.4 256.6 250.4 243.9 237.1 232.8 227.7 223.2 213 195.6 206.5 208.9 208.9 204.3 197.3 190.2
