ny/ny65_OST50GRID_20230518/NY65.asc
ncols 200
nrows 200
xllcorner 360000
yllcorner 550000
cellsize 50
[rows 105 to 139 of 200, columns 78 to 155 of 200]
498.9 493.9 488.6 484.5 480.8 477.2 474.2 471.2 468.5 465.8 462.2 459.4 456.3 453.3 450.3 447.8 445.6 443.9 442.2 440.9 440.5 439.1 439 440.1 440.1 439.6 439.3 438.6 436.5 436.2 436.3 435 433.4 432.1 430.5 428.9 426.8 425.2 423 420.5 417.7 414.4 411.1 407.1 402.6 396.2 389.1 385 380.3 374.3 368.1 362.6 357.3 350.1 343.7 337.8 332.5 326.8 319.1 313.3 307.6 300.8 295.7 290.3 283.5 275.9 268.6 261.4 257.4 252.2 245.7 237 229.6 221.7 214.4 209.2 199.9 189.5
497.7 492.9 487.6 483.1 480.1 475.1 472.4 469.8 466.6 463.1 459.7 456.5 453.8 450.2 447.1 443.8 440.9 436.8 435.5 434.2 433.6 432.2 431.3 431.2 431.5 431.2 431.1 430 429.3 428.2 427 425.4 423.9 422.9 421.4 419.9 419.1 417.9 416.1 414.2 411.6 408.9 405.4 401.7 397.4 391.1 386 381.4 375.7 370.4 364 357.3 350.9 345.2 339.9 334.7 328.6 322.4 315.5 309.3 302.1 296.6 291.3 285.2 278.8 272.3 266.2 261.4 255.7 250.6 243.9 236.4 228.3 218.8 211.9 202.5 194.9 196.1
496.4 491.8 486.9 483.5 478.9 474.7 471 467.5 464.4 461.6 458.2 455 451.1 446.4 443 438.4 433.4 430.9 429 428.7 426.9 426.4 424.7 423.7 423.3 422.8 421.6 421 419.8 418.5 416.2 415.5 414.9 413.8 412.3 411.1 409.7 409.1 408.3 406.4 404.2 400.5 397.6 393.3 389.4 385.9 382 376.6 371.2 365.7 357.7 349.6 345.2 340.4 335.7 329.1 323.5 317.6 310.5 303.9 296.6 290.8 286.1 280.5 274.1 270 265.4 259.7 253.9 247.7 241 233.9 224.9 216.8 207.5 199.9 196 196
494.3 490.9 486.8 483.1 477.4 472.8 468.7 465.8 462.5 459 453.8 450.3 446.1 441.2 436.2 432.7 429.6 425.2 422 421.6 420 418.7 418.1 417 416.3 415.4 414.1 413.1 412 410.7 408.5 407.6 407.1 405.9 404.6 403.1 400.8 400 398.1 396 392.8 389.2 387.1 384.9 382.9 380.4 375.7 370.3 365.1 358.8 352 345.4 338.8 334 328.3 323.9 318.2 311.8 305.4 297.7 291.7 287.2 282.2 277.4 272.2 267.6 263 256.8 251.2 245.7 237.3 227.8 222.3 214.5 202.8 198.7 195.8 196.1
491.8 487.9 484.3 479.7 474.9 470.6 466.2 461.8 457.8 453.6 450 444.7 440.4 435.2 430.4 427.3 425.2 421.9 416.1 413.8 412.5 410.8 410 409.7 408.8 407.9 406.7 405.6 404.3 402.8 401 399.2 397.6 396.1 394.6 392.8 391.7 390.6 389.2 386.7 384.6 382.2 380.1 378.2 376.2 373.3 368.8 364.3 359 353.7 347.8 340.5 333.8 327.6 322.5 317.7 312.5 306 300.1 293.1 287.8 283.2 279.2 274.4 268.9 263.9 259 253.7 247.6 240.3 231.7 224.8 217.1 211.1 202.9 198 198.1 201.5
487.8 484.9 479.7 474.8 469.5 466 462.3 458.6 454.5 449.5 445.1 439.5 434.6 430.4 426.1 422.3 420.1 416.5 411.4 405.7 404.7 402.6 401.1 400.9 400.4 399.3 398.2 396.9 395.5 394.1 391 389.2 386.8 386.2 385.5 383.8 382.1 380.8 379.1 377.3 375.7 374 372.7 371.2 370 367.1 363.9 359.3 354.9 348.3 340.4 334.4 327.7 320.5 315.8 311.7 307 300.8 295.3 289.2 284.5 280 273.5 268.9 264.2 259.4 254.2 248.6 241.8 233.2 226.2 220.4 212.1 208.7 200.5 199.9 204 198.8
483.2 479.5 474.9 470.7 466.7 463.1 458.8 453.9 450.1 446.2 441.7 435.7 430.7 426 421.5 417.5 412.2 408.6 404.3 397.4 396.6 394.4 392.2 391 390 388.4 387.1 385.9 383.9 381.9 379.5 377.8 375.4 373.9 372.7 371.3 370.6 368.9 368 367 364.9 364.3 362.5 360.1 358.4 356.9 353.4 349 344.7 340 334.9 328.6 321.7 315 310.7 306 300.8 295.4 289.4 283.9 278.6 274.1 268.2 259.8 256.1 251.7 246.8 240.5 234.6 229.4 221.7 215.5 208.3 203.8 201.2 201.2 203.1 199.3
480.1 475.8 472.4 468.5 464.2 459.6 454.6 450.3 445.5 442 437.5 432 425.3 418.5 414.7 409.5 403.6 402.4 396.3 392 388.8 386.3 383.6 381.7 379.8 378.1 376.3 373.9 371.8 370.6 368 366 363.7 362.3 360.4 359.7 359.8 359.3 358.5 357 355 353.9 352.8 350.9 348.7 346.6 343.8 339.6 334.9 330.6 325.5 319.5 312.6 307.1 302.2 297 292.6 286.7 281.2 274.9 269.2 264.3 258.6 252.6 247.7 243.3 239 233.9 229 224.5 215.7 210.6 206.6 202.8 203.3 206.6 202.5 204.7
475.8 472.4 469.4 465.3 462.3 457 452.4 447.3 442 436.6 430.7 425.2 419.8 413 408.5 403.9 397.6 391.6 386.6 384.6 377.4 378.1 374.4 372.5 370.4 368.5 365.3 362.8 359.8 357.6 355.8 352.6 350.1 348.2 347.8 345.9 345.2 344.7 345.2 344.1 342.2 340.2 339.4 337.4 335 332.3 329.7 326.5 321.5 317.4 312.3 306.1 301.7 296.4 291.2 285.5 280.8 276 270.4 265.3 259.2 255 250.6 245.9 240.4 237.5 232.6 228.8 222.2 218 212.7 206.6 204.9 207.4 207.1 204.9 204 204.2
472.8 469.6 466.3 462.6 458.8 453.7 447.7 441.6 436 430.4 424.9 419.2 414.3 408.1 399.6 392.1 387.3 382.4 379.3 376.6 368.8 368.2 364.5 360.7 357.8 354.7 351.5 348.4 345 342.4 339.6 335.7 335.3 334.1 333.2 331.7 330.8 330.1 330.8 329.8 328.5 327.2 325.7 323.5 321.8 320.6 316.3 313.3 309.7 305.3 300.3 295.2 291.1 285.6 279.4 273.7 269.7 265.6 261.7 257.2 252.3 247.5 244.5 240.4 235.6 226.7 223.1 216.9 213.1 212.9 208.9 207.4 209.8 210.8 207.2 208 209.4 208
466.1 462.8 459.6 455.8 451.3 446.8 442.2 436.8 430.4 424.7 419.1 413.6 406.9 399.4 391.9 385.9 379.5 375.8 371.5 369 363.9 358.3 355.4 350.4 347.3 344.4 340.5 336.9 334.2 330.2 325.8 324.5 324 322.5 322.1 321 317.2 316.8 317.6 317.7 317.5 317 316.1 315.7 315.1 314.7 310.2 307 303.1 298.2 293.4 286.6 280.9 274.8 268.4 266.3 261.9 256.4 252.9 248.2 244.4 238.5 229.6 222.6 218.7 216.2 213.3 211 211.7 209.1 207.9 216.1 215.9 209.3 209 210.3 210 203.4
460.6 457 453.5 449.4 445.4 440.9 435.5 430.2 424.2 417.1 410.6 403.7 398.1 391.1 386.2 379.1 373.1 367.6 362.9 359.9 358 351.2 347.1 342.3 338.1 334.5 331.7 327.8 322.8 317.8 315.3 315.5 314.3 309.2 309.7 309.2 307.9 308.3 309.4 311.2 311.6 312 311.4 310.9 310.4 309.3 306.3 302.4 299.8 293.5 287.6 278.3 272.6 268.3 262.5 260.3 258 250.3 244.4 242.7 236.4 226 220.8 218.8 219.6 220.8 220.5 220.9 217.7 217.4 218.1 217.5 212.3 211 212.7 209.6 207.6 202.7
451.9 448 444 440 435.3 431.3 426 421 415.8 410 403.3 397 391.1 385.1 379 372.5 365.1 358.6 355.5 352.3 348.6 344.4 337.8 335.2 331.3 328.1 323.1 316.9 311.9 307.9 306.4 304.4 301.6 299.5 300.1 301 300.7 302.6 303.1 304.9 305.7 306.5 306.6 306.1 305.2 303.6 301 298.1 295.5 290.1 280.3 272 266.8 262.3 255.7 252.4 247.7 240.4 230.6 227.4 226.6 221.7 223.1 227.2 228 226.8 223.5 221.7 219.8 218.9 219 214 211.3 214.9 213.9 211.8 206.8 203.3
443.3 438.9 435 430.8 426.9 423.2 419.3 414.3 409.9 404.3 398.1 391.1 383.3 375.6 369.9 363.7 356.6 352.1 346.9 341.6 339.1 337.7 333.3 326.6 321.4 317.2 312.5 308 305.6 302.3 299.2 295.6 289.4 286.9 286.8 291.1 293.6 296.3 297 298.5 300.2 301 302.6 302.3 300.6 297.1 294.5 292.2 289.4 281.1 273.4 265.9 261.8 254.8 247.7 241.4 235.8 230.5 232.3 233.4 229.5 234.3 233.3 232.1 231 227 223.3 221.7 221.4 221 218.7 212.6 215.4 218.9 215.1 212 207.8 204.9
435.1 431.5 427.7 424.1 420 416.1 411.7 407.4 402.1 396.1 390 383.2 375.9 367.3 361.7 356.6 350.3 343.2 337.4 333.9 332.3 328.9 323.3 316.5 312.8 310.4 306.1 301.8 295.9 283.8 283.1 281.3 276.9 277.4 273.2 278.7 282.2 288 290.8 291.4 292.6 291.2 294.6 296.6 294.7 290.1 287.3 282.7 280.7 273 265.6 260.3 255.2 248.8 238.2 233 233 235.2 241.6 243 241.2 237 234.6 233.3 231.9 227.7 223.9 223.9 223.2 221.1 215.3 216.8 221.2 218.8 215.5 212 208.3 205.8
426.2 422.7 418.7 414.9 411 406.9 402.5 397.4 392.2 386.9 381.9 375.8 368.5 361.4 356.2 349.2 343.8 335.6 328.2 326.3 324.4 319.7 314.7 311.5 304.1 305 291.7 283.7 281.8 283.5 280.8 280.2 284.3 281.6 279 273.7 270.4 266.1 271.7 279.3 279.1 280.8 282.9 283.8 284.7 279.6 278.7 276.2 272.4 263.9 256.6 249.2 243.8 241.1 237.1 238.1 249.4 247.6 247.3 245.9 243 239.5 236.6 234.3 232.5 228.2 224.8 224.6 223.5 218.4 215.5 221.8 221.5 219.7 217.1 212 208.3 206.2
417.9 414.3 409.9 405.8 402.3 398 393.9 388.8 384.2 379 372.9 367.5 361.1 355.2 349.6 340 334.6 328.6 324.6 318.8 316.5 314.9 310.3 305.9 287.3 286.4 285.1 292.3 292.8 296.7 297.2 298.3 297.5 295.2 292.6 290.2 280.6 274.6 267 265 265.1 268.5 278.5 272.7 273.9 270.9 267.2 262 256.1 247.8 243.8 243.7 240.3 243.1 248.3 253.1 251 250.9 250.1 248.5 244.9 240 238 235.9 233.2 228.1 226.4 223.6 220.9 218.8 218.9 223.5 222.3 220.6 217.5 212.7 208.5 207.5
408.3 404.1 400.7 396.7 393.1 389 384.8 380.2 375.7 370.3 365.5 360.4 355.5 347.8 339.4 333.4 328.1 323.5 318.9 315 311.8 305.5 299.1 290.8 294 297.1 299.1 302 303.3 303 303.6 302.4 299.3 296.6 294 291.3 291.3 289 280.7 278.8 277.3 269.4 260.5 256.2 254.2 255.4 252.1 249.8 249.4 246.4 251.1 255 256.8 257.2 255.6 254.8 253.2 253 252.9 250.6 246.7 242.2 240.1 237.3 233.7 227.9 225.7 220.4 217.4 216.5 223 224.7 223.8 222.4 219.4 213.1 208.3 207.8
398.7 395.6 392.1 388.6 385.2 381 377.3 373 368.8 363.9 358.7 352.3 345.3 339.4 333.3 328.4 323.6 319.3 315.2 309.8 300.5 295.6 293.8 299.4 305.4 307.5 309.2 309 308.6 308.3 308.3 304.9 301.1 297.8 295.1 293.5 295.1 295.8 290.2 285.5 284.4 286.3 281.7 276.7 276.5 267 263.6 260.5 260.2 261.7 263.7 262.4 261.8 260.6 258.6 257.1 256.5 256 255.2 252.8 248.8 244.6 242.8 239.1 234.9 227.2 222 219.1 218.8 217.2 224.8 224.9 224.4 223 219.2 213.1 208.2 208.2
392.8 389.6 383.1 378.7 374.4 371.3 367.4 363.2 358.9 353.4 348.7 344.1 338.9 332.9 327.7 323 317.4 308.1 303.9 299.7 301.8 308.3 309.4 312.2 312.6 313.9 314.4 315 314.8 313.6 312.6 308.6 303.7 298.9 296.9 295.7 298.8 297.8 295.5 295.1 295.9 295.1 291.6 287 282.1 276.2 276.4 272.9 271.7 270.7 269.2 268 267.1 265 262 260.6 259.9 259.5 258.2 255.2 251.5 248.4 242 235.7 229.2 224.8 222.6 226.6 218.3 219.2 225.8 225.4 224.9 222.3 218 210 208.3 206.5
386.3 384.1 377.4 368.3 364.5 361.3 357.8 354.1 350 346 341.8 336.6 332.3 328.1 323.5 318.4 309.2 303.6 306.3 309.8 313.3 315.8 317.3 317.5 318.7 319.3 320.7 321.3 320.3 319.1 316.2 312 306.2 301.8 299.6 298.5 299.5 299 297.8 298.1 297.1 295.2 292 287.8 284 282.5 280.4 277.4 276.7 275.9 274.7 273.7 272.5 269.2 266.3 264.9 264 262.8 261 257.8 254.4 246.9 237 240.2 235.8 226.9 226.3 227.2 219.3 225.3 226.4 225.4 223.4 220.3 214 209.1 208.2 204.3
361.7 361.4 365.4 361.4 357 354.4 351.6 347.7 344 340.3 336.8 333.1 328.6 323.9 319 309.9 310.2 308.7 313.1 318.5 319.4 321.2 321.8 322.7 324 325.3 326.5 327.5 326.7 325.1 320.9 314.5 308.5 305.1 302.6 301.1 301.5 301.2 300.4 300.3 298.9 296.8 294.4 289.5 287.7 286.2 284.4 282.5 281.6 281.2 279.7 278.7 275.6 273.5 271.3 269.2 267.7 265.9 263.9 260.5 252.4 242.2 245.6 243.8 235.5 227 229.3 227.4 219.5 227.1 226.6 224.9 221.4 217 211 208.6 207.5 203.9
365.9 363.9 351.7 347.3 344.9 342.5 340.8 337 335.9 337.2 334 330.3 325 317.2 313.7 313.5 316.9 318.5 322.4 323.7 325.6 326.3 327.2 329.1 330.7 331.8 331.5 331.7 331.6 330.1 325.2 317.2 312.1 308.7 306.1 304.4 304.4 304.3 303.8 303.3 301.9 300.4 298.8 293.9 291.5 289.1 288.8 287.2 285.4 282.9 281.1 280 278.9 277.3 274.7 272.5 270.6 269 266.1 259.3 250.8 251.9 250.1 244.8 235.3 230.8 232.6 228.6 219.2 224.8 226.2 224 220 213.1 209.8 207.7 205.4 203.8
375.9 368.6 365.5 359.5 354.6 352.7 346.7 339.8 336.1 325.8 323.1 319.8 315.9 315.5 320.2 321.7 321.5 325.7 327.5 328.9 331.4 332.9 334.4 335.7 336.7 337 336.2 335.5 335.9 334.8 330.2 322.9 318 313.2 310.1 309 308.4 308.3 307.9 307.8 306 304.1 302.7 299.3 295.8 294.5 293 291.1 287.1 284.7 282.7 281.5 280.7 279.1 276.8 274.9 272.8 270 265.8 256 259.5 255.4 252.2 245.7 237.1 231.4 235.7 230.9 219.1 222.8 225.3 223.3 216.2 212.2 208.5 207.1 204.7 202.7
378.7 376.3 372.2 368.1 363.4 358.2 353.7 347.2 342 335.5 329.6 325.2 326 327.6 325.7 327.5 330.3 330.8 332.9 336.3 338 339.5 341 341.6 341.4 341.5 341.1 342.4 342.2 341.5 338.3 333.1 325.7 319.9 316.3 314.7 313.9 313.4 312.8 312.7 310.7 308.2 306.5 304.8 302 299.8 297.7 294.1 289.2 286 283.8 281.9 280.4 280.1 278.6 275.2 268.5 265.5 262.6 264.4 260.7 257.2 253 245.1 235.5 237.9 237.6 232.7 221.6 224.2 226.2 221.3 214.5 210.8 208.7 207.6 204.2 202.1
384.3 379.8 375.1 371.9 367.1 362.3 356.1 349.3 342.8 334.4 325.3 331 333.6 334.3 334.5 334.5 337.4 338.6 340.4 342.1 344.4 346.2 346.5 347 346.8 347.8 350.9 352.7 352.4 351.7 347.8 340.2 334.8 328.3 322.5 322.5 321 319.6 318.2 317.4 315.6 313.5 311.8 308.8 306.3 304.5 301.7 296.9 291.7 287 285.2 279.9 277.3 276.8 275.8 271.2 271.4 269.1 267.1 264.2 260.7 256.9 251.3 243.5 241.5 242.1 238.2 228.5 222.7 226.5 225.1 218.9 213.3 209.7 209.2 207.5 204.2 200.6
388.1 384.5 380.6 375.7 370.1 363.2 355.7 348.8 339.4 329.8 336.9 340.8 339.6 339.5 340.2 341.4 343.9 347.5 347.1 348.3 350.2 352.5 353.1 353.6 357.5 358.8 361 362.3 363.3 360.6 358.3 349.8 346.2 337.9 331.5 329.2 327.7 325.8 323.5 322.1 320.2 318.2 317.1 313.7 311.7 309.5 305.4 299.8 292.6 289.7 285.2 284.2 280.3 273.8 272.1 272.7 273 269.9 266.8 264 260.6 256.1 245.9 243 244.1 241.1 236.1 225.5 225.8 226.8 222.6 215.5 211 209.9 208.9 207.1 204 199.7
391.3 387.2 382.1 375.8 370 362.5 352.8 343.4 337.6 342.1 345.9 346.2 345.8 345.7 347.7 349.7 353.7 355.9 353.9 355.3 357.2 358.7 363.6 367.7 370.6 372.6 373.1 374.3 374 371.1 365.7 366.5 358.8 350.3 340.4 337 333.9 331.6 328.6 326.9 324.7 322.9 321 318.7 316.7 313.6 309 300.8 297.2 290.1 290 287 280.8 276.1 275.6 274.1 272.2 269.4 266.3 263 258.6 249.8 246 245 242.8 238.4 232.1 222.1 224.6 222.6 218.1 212.1 211 211.5 209.9 207.5 202.8 201.7
390.8 387.1 381.8 374.2 366.6 355.7 342.6 341.6 348.8 349.5 351.3 352.2 352.7 353.3 355.3 357.6 363.3 362.9 364.1 363.5 366.5 372 375.3 379.7 385.5 388 389.1 390.5 389.8 390 388.1 375.7 368.6 364 351.9 345.5 341.3 338.1 334.6 331.7 329.3 327.2 325.7 324.3 320.8 316.4 310.4 304.9 301.2 295.4 292.2 286.6 281.9 279.2 276.7 274.1 271.6 268.8 265.1 261.2 259.6 255.3 247.5 243.2 238.4 233.3 227.9 221.1 221.2 217.8 213.6 212.7 212.5 211.6 209.1 206.8 205.9 204.5
385.5 386.4 382.7 368.3 351.4 355.5 357.4 357.1 355.2 356.7 358.3 359 359.7 361.4 362.1 365.4 369.7 371 371.5 374.6 379 381.7 388.4 395.8 401.8 402.7 402.1 401.9 400.8 396.7 395.6 392.8 385.1 371 361.4 355.1 351.6 348.4 345.2 340.5 336.3 333.2 331.7 330.6 324.3 318.9 312.8 310.3 305.8 298.8 294.7 288.4 284.8 281.9 277.6 273.9 271.3 268.2 265 263.7 259.3 254.5 249.8 244.7 241.1 237.1 228.4 219.8 219.2 215.3 213.6 213.1 211.2 209.5 208.8 207 206.7 206.4
374.4 375.5 367.1 358.2 361.2 365.9 365.5 364.5 361.1 364.4 365.2 366.1 367.2 368.3 369.7 376.2 380.4 382.8 383.4 387.2 390.9 396.1 403 407.8 409.4 410.8 413.1 413.4 412.3 410.3 404.5 398.8 391.9 378.5 371.2 367.4 363.4 358.6 353.9 349.5 344 339.8 337.3 333.4 326.8 322.6 318.3 315.6 309.4 302.1 297.6 290 288.5 283.5 278.9 274.3 269.4 268.1 267.1 263 258.4 254.4 250.2 246 242 237.3 225.4 221.5 218.5 215.1 214.7 211.9 205 200.9 204.9 204.3 200.5 197.7
378.5 369.6 368.6 371.9 366.1 373.9 372.2 371.8 368.1 371 372.8 374.7 376.2 380 385.1 390.8 389.5 390.6 390.3 401.4 405.4 409.1 411.8 415.7 419.8 421.3 421.6 420.1 419.2 417.9 415.3 412.3 407.1 399.1 390.7 384 375.7 370.9 365.1 358.3 351.7 345.9 341.1 335.3 329.2 325.8 322.8 320 314.2 306.3 297.4 295.7 291.1 285.4 279.1 272.5 271.3 269.7 266.7 262.3 258 254.6 250.4 245.8 241.4 234.3 222.6 223 218.7 213.8 211 203.4 201.2 199.2 196.3 194.9 195.6 191.4
376 382.8 382.4 380.4 374.3 379.5 377.3 378.4 377 379.2 381.6 384.7 386.9 391.7 394.6 396.9 404.1 408.5 412.3 413.5 415.6 416.8 420.6 424.5 427.6 428.8 430.2 428.5 426.6 424.7 422.8 419.1 415.8 411.8 407.4 400.3 395.9 389.3 374.8 369.9 364.5 360.2 348.8 340 333.9 330.9 326.2 324.6 317.8 309.3 301.6 296.5 292.4 286.1 276.6 274.5 272.6 268.8 264.7 260.8 257.2 253.6 249 244.2 237.7 227.8 222.1 221.5 216.1 211.3 204 201.8 200.4 198 198.7 205.5 207.4 204.8
390.9 390.1 389.4 387.8 386 384.9 383.8 385.1 385.3 386.4 390.9 394.3 399.6 406.5 412.4 414.4 415 416.5 420.2 424 426.4 430 432.7 434.2 436.2 437.2 436.1 434.2 432.6 431.3 430.8 427.5 423.1 418.1 414.6 411.8 408.1 401.6 393.7 377.7 372.4 368.1 358.3 345.2 339.3 335.8 329.8 328.2 319.8 311.7 303.7 297.8 293.1 283.4 279.3 275.8 271 267.3 260.2 257.8 254 250.2 245.8 241 233.3 226.3 221.8 218.6 213.9 206.4 202.6 208.6 210.1 211.3 213.6 215.2 211 207.2
398 397.1 396.9 393.4 394.5 388.7 391.3 393.8 393.9 395.4 400.3 405.1 412.4 419 422.2 423.4 426.6 428.6 430.7 434.3 437.4 441.1 444.3 444.7 443.8 443.8 442.8 441.8 442 441 437.9 433.9 429 424.1 419.9 415.1 411.5 408.3 402.8 395.8 379.2 370.6 362.5 351.6 345.5 342.6 335 328.9 320.9 313 305.7 297.7 290.4 284.7 280.2 272 265.1 262.5 261.2 259.8 253.1 248.4 240.5 232.7 226.2 226.1 220.4 214.9 210.3 204.5 209.7 213.3 212.4 212 216.5 216.8 211.3 206.5
