ny/ny65_OST50GRID_20230518/NY65.asc
ncols 200
nrows 200
xllcorner 360000
yllcorner 550000
cellsize 50
[rows 140 to 174 of 200, columns 78 to 155 of 200]
407.3 406.9 405.9 399 400.5 399.2 403.2 404.9 402.5 405.2 409.7 417 423 426.6 431.4 434.6 436.1 435.7 437.2 442.3 448.6 453.1 455.2 454.9 456.4 456.3 454.6 454.4 452.7 450.7 447.4 442.5 436.9 431.3 425.3 418.8 415.5 411.2 407.3 403.8 397.5 382.2 367.3 359.1 352.5 348.5 341 331.7 321.7 313.1 306.5 299.5 290.7 286.3 279.7 274.7 266.1 266.6 261.6 255.9 251.4 245.8 240 236.1 231.6 224.2 215.9 211.7 207.7 207.3 218.3 217.8 215.2 212.9 217.2 215.5 208.5 204
416.4 415.6 413 403.2 409.1 413.4 414.9 416.7 413.2 412.2 420.5 427.3 431.9 434.7 439.5 440.2 441.6 443.1 447.8 453.7 458.9 462.1 464.2 465.2 465.3 464.1 462.6 460.9 458.3 454.6 451.3 447.8 442.5 437.7 430.6 426 420.2 415.5 410.5 406 400.2 389.7 374.3 365 357.6 351 341.4 331.8 321.2 313.4 307.1 300 291.3 286.7 280.2 271.2 268.4 264.8 258.8 253.3 247.7 244.3 239.5 235 229.4 220.9 213.4 212.1 203.9 218 222.5 221 218.2 213.1 215.2 211.3 206.4 203.6
426.9 425.5 422.7 419.5 418 425.5 427.4 426.1 421.3 426.6 427.9 436.7 439.5 444.8 445.1 446.3 448.1 450.9 457.1 462.7 466.3 468.8 471.2 473.1 473.2 470 467.3 465.1 461.9 457.6 453 449.2 444.7 440.4 434.8 429.6 424.2 419.4 414 409.5 403.9 393.5 381.3 370 361 353.7 343.5 332.1 321.5 314.1 307.7 298.7 291.9 285.3 279.7 270.9 267 262.5 255.7 250.1 246.3 243.2 238.2 232.5 226 216.9 212.2 209.1 214.1 222.4 225.4 223.4 219 213.2 212.5 208.4 209.2 204.7
436.2 433.5 431.7 428.4 422.3 431.9 433.6 434 429.6 435.7 437.2 443.2 447.8 451.3 451.3 453.3 455.2 459.2 465 469.5 472.4 474.4 476.4 480.2 480.7 477 473.1 469.3 464.9 459.1 455 450.9 447.5 443.7 438.9 433.3 428.2 422.9 416.1 410.9 404.8 395.8 387.2 373.2 362.7 354.1 343.4 331.6 321.7 313.7 307 299 291 284.8 276.7 270.6 265.3 258.8 251.4 247.3 243.4 239.8 235.1 229 220.5 213.4 209.3 221.6 218.7 222.4 227.3 225.4 220.5 213 210.9 208.8 211.2 206
445.8 441.1 438.3 433.1 429.3 438.1 439.8 442.8 442.6 438.8 446.5 450.2 455.4 457.3 459.2 459.1 461.6 465.8 470.5 473.7 476.3 478.6 480 481.6 483.2 481.1 476.7 472.4 466.5 460.7 456.7 452.7 450.4 446.3 442.8 434.9 429.3 422.7 415.5 410.8 403.3 396.1 386.8 372.2 361.7 352.7 340.9 329.7 319.7 313.5 306.2 297.9 290.4 281.5 274.1 267.7 261.6 255.4 249 243.5 239.9 235.7 230 219.6 213 212.7 225.8 227.2 222 223.6 225.3 226.6 221.2 212.6 211 210.1 208.5 206.2
452.5 447.4 443.5 433 442 446.7 446.5 450.5 451.4 447.5 454 458.2 461.4 462.9 463.3 463.6 465.9 469.5 473.9 476.6 477.6 478.6 479.1 478.9 478.8 477.5 474.6 471.7 466.2 460.9 457 453.9 450.6 446.5 440.5 433.9 428.3 419.9 414.7 407.2 401.1 393.2 379.1 367.2 359.3 349.3 337.4 327.3 319.4 312.6 303.6 296.2 286.3 277.9 271.1 265 258.7 250.3 243.1 240 236 230.9 217.4 213.5 215.5 225.6 232.4 229.9 225.5 226.9 225.6 226.2 222.2 214 212.7 209.6 208 206.8
458.5 453.4 448.1 453.4 454.8 454.6 454.1 454.6 456.5 456.5 459.5 462.1 464.7 466.7 467 467.4 469.8 471.9 474.2 475.6 475.5 475.6 475.3 474.9 473.2 471.4 469 466.8 463.6 460.5 456.7 452.1 447.3 442.2 437.3 431.4 423.3 415.9 408.8 403.3 395.8 384 371.7 364.8 354.1 344.1 333.8 325.1 318.7 310.8 301.2 292 280.1 274.3 268.3 261.2 254.8 248.4 243.3 236.8 228.7 218.4 215.2 217.3 232 235.1 233.8 234 233.4 223.6 229.5 224.3 220.5 216.5 214 209.5 209.6 207.4
463.8 458.8 455.1 463.2 463.1 461.1 460.6 461.3 461.5 461.5 462.1 464.4 466.3 468.2 470.1 471.3 471.3 471.5 471.9 472.5 471.8 470.7 469.7 469.1 468.2 466 464.1 461.2 458.9 455.9 451.8 447.7 442.8 438.2 433 425.9 418.4 411.9 404.5 397.2 388 374.2 365.3 359.1 348.9 337.4 330.6 322.6 315.3 306 296 285.7 277.5 271 262.6 255.8 250.4 245.4 238.8 227.9 217.5 217.3 219.5 232.2 238.6 237 237.1 237.2 236.4 230.3 223.3 222.5 218.9 216.9 214.3 210 211.4 208.2
470.2 462.2 469.4 470.5 468.7 466.2 465.3 465.9 465.1 464.4 463 464.9 467.3 468.5 470 470.3 469.6 469 468.1 467.9 466.8 466.5 465.2 463.3 461.4 459.5 456.9 454.3 452 449.3 445.8 441.9 436.8 431.2 424.8 419.4 413 406.6 399.3 389.7 378.5 369.2 362.6 354.3 343.4 334.8 326.2 319 309.3 299 289.5 281.2 273.3 267.7 259.8 255.5 248.5 241.5 228.5 218.2 219.7 219.7 229.9 238.4 240 239 240.1 240 239 236.6 231.2 223.5 219.8 218.9 215.5 210.6 211.2 210.2
476.1 476.1 479.1 477.2 472.6 470.4 470.4 469.7 468.2 467.9 466.8 466 467.9 468.9 469 468.2 466.9 465.3 463.6 462.2 460.6 459 458.3 456.8 454.6 452.8 450.1 446.8 444.3 441.5 437.7 432.9 427.9 424 418.8 413.5 407.9 399.2 389.8 380.2 372.5 365.8 357.2 346.3 338.3 330.4 322.3 313.1 302.7 292.2 283.9 277.6 270.7 264.3 259.2 252.7 244.2 236.7 221.6 222.6 223.6 232.2 238 241.4 241.2 242 243.2 242.5 241.2 238.3 235.2 229.4 222.3 219.5 218.1 214.4 210.5 209.3
483 489 484.9 481.1 477.3 475.4 474.9 473.9 471.8 471.6 470.8 469.1 468.2 467.8 466.6 464.4 462.1 460.6 458.3 454.9 453.2 451.7 449.1 447.7 445.6 443.5 441.1 438.8 436.4 432.7 428.6 425.1 420.6 416.6 412 405.4 396.5 388 380.6 374 367.2 359.2 349.8 342.2 333.5 326.2 316.7 306.3 292.2 286.5 279.7 273.6 267.3 261.6 256.2 248 240.6 226.8 222.8 224.7 231.8 237.2 242 244 244.3 245.3 246.3 245.5 243.1 240.3 238.5 236.1 227.5 222.4 220.7 217.9 213.5 210.2
499.1 496.9 491.1 485.7 482.3 479.6 478.9 477 475 474.1 472.1 470.8 468.8 466.6 463 459.7 456.9 455.2 451.9 447.8 445.5 443.4 440.9 439.2 437.4 435.3 433.1 430.7 427.7 423.9 420.2 416.2 411.7 405.2 398.4 391.5 385.9 379.3 372.6 366.4 358.9 350.7 343.1 335.7 329 320.9 310.6 297.4 290.6 283.7 276.8 270 264.9 260.1 249.5 241.8 234.4 224.2 225.2 230.3 238.4 242.5 246.4 248.2 247.4 248.9 249.7 249.1 246.1 243.7 241.9 238.9 232.4 225.3 222.8 219.6 216.1 210.6
503.8 500.5 495.2 490.2 485.5 481.8 479.8 478.3 476.2 474.3 472.8 470 467 463.9 459.6 455.7 450.7 446.1 442.5 438.4 434.8 432.4 430.8 428.7 426.8 424.5 421.7 418.4 415.1 411.2 407.7 402.6 397.3 392.5 387.5 383.1 377.2 371.5 364.9 358.7 351.5 344.7 336.7 330.5 321.5 311.7 301.6 294.7 287.3 279.8 272 266.8 261.9 252.3 243.4 235.6 225 227.1 233.1 241.7 245.6 249.3 252.1 252.1 251 252.6 253.6 252.5 249.6 246.9 243.8 240.2 234 227.3 224.3 220.1 214.7 210.7
506.5 502.8 498.1 493.6 487.8 483 480.4 478.6 478.1 476.6 474.6 471.4 466.8 461 456.3 451.2 445.6 440.6 436.3 432.2 427.2 425.1 423.4 419.4 416.8 414.1 411.7 408.6 405.3 402.1 398.4 393.1 389.2 383.9 379.2 374.1 368.6 364.4 358.9 351.3 345.5 339.6 332.7 321.4 310.1 302.2 295.5 289.6 282.5 274.7 269.6 265 256.8 246.8 240.1 229.4 227.1 234.8 242.6 248.6 251.9 255.8 257.2 255.8 255.5 257 258 256.1 252.7 248.9 244.4 241.5 236.4 230.6 226.1 219.8 213.1 209.4
508.5 505.1 501.7 497.8 492.8 490.4 487.1 482.5 482.2 479.7 476.6 470.4 464.1 457.9 452.1 447.4 442.3 436.7 432.1 428 423.6 419.3 414.3 410.2 407.2 404.5 401.7 398.4 395.1 391.9 388.4 384 379.6 375.1 371.5 367.3 362 357.3 352.5 345.8 339.7 331.9 323.1 312.2 305.7 298 290.6 283.9 277.3 271.3 266.5 259.4 250.4 241.9 231 228 236.9 244.7 251.2 254 257.5 260.4 260.7 260.3 260.7 262 262.9 260.3 255.6 249.9 245.3 241.6 238.5 233.5 229.9 222.6 217.4 213.8
509 506.7 503.3 499.8 496.9 493.8 490.9 487.5 484.3 479.4 472.7 466.5 460.8 455.6 449.9 444.8 438.2 432.1 427.7 424.2 419.8 414.7 406.6 402 398.1 396.6 393.8 391.3 388.6 385.3 381.9 375.9 373.1 370 366.4 361.9 357.1 350.3 344.9 339.3 331.5 323.2 314.4 307.4 299.7 293.9 287.2 280.8 274.3 268.9 260.2 251.5 242.7 233 228.2 235.8 245.4 253.7 257 259.6 262.7 264.7 265.5 265.2 266.7 268 267.3 264.2 257.4 251.3 246.9 244 240.7 237.7 233.4 226.3 221.9 216.7
509.1 506.7 504.7 501.8 499.2 496.9 493.6 488.9 483.5 477.2 470.7 464 457.4 451.6 445.7 439 433.6 427 422.1 418.4 415.7 410.2 401.6 395.3 392.2 390.8 389.1 386.5 384.2 380.6 376.2 371.3 367.9 363.6 359.2 354.3 349.2 344.2 337.5 331.3 323.9 314.6 308.2 302.3 296.5 289.3 283.6 276.9 270.2 262.8 255.2 242.7 235.3 231.7 236.4 245.6 255.5 260.2 262.4 265.2 267.5 269.1 270.5 271.4 273 273.5 271.8 266.9 259.2 252.7 248.8 245.5 243.8 241 234.9 233.2 224.3 217.7
512.1 509.7 506.9 503.8 501.1 497.6 493.6 487.2 481.9 477.5 468.7 457.2 448.7 443.1 438.1 433.2 427.1 422.3 417.6 410.2 407.9 404 397.1 388.9 386.2 385.1 382.7 379.1 376.1 372.1 368.1 363.8 359 354.2 350.4 346.9 342.3 335.5 328.8 323.5 316.6 310.1 303.1 297.5 292.5 285.5 277.7 271.8 266.1 258.6 244.5 236.8 235 233.3 244.4 255.2 262.9 265.8 268.5 270.7 271.7 274.7 277.7 278.9 279 278.1 274.2 267.8 259.6 253.6 250.5 248.4 246.4 242 240.5 235.5 228.9 219.4
512.9 510.4 507.4 504.4 500.9 497.4 494.5 490.1 486.3 480.5 468 457.2 447.7 439.9 430.4 425.8 421.8 416.5 411.2 405 401 396.7 391.2 384 376.4 378 375 371.1 367.8 363.3 359.3 354 350.9 347.1 342.9 337.9 332.3 326.5 322.5 316.4 311.2 305.1 299.1 294 287.4 280.7 274.6 267.7 260.6 247.5 238.8 236.8 235.4 235.5 253.5 264.7 268.7 271.5 273.9 276.2 279.4 283.1 284.7 285.7 284.3 281.5 276.1 268.6 260.3 254.8 251.8 250 246.5 246.2 243.6 239.6 229.7 221.8
512.6 509.5 506.6 503.6 502.3 500.8 496.2 491.2 487.3 481.3 463.5 453.2 442.9 436.2 429.3 422.9 412.7 409.7 405.4 399.2 393.8 390.1 385 379.5 373.9 369.5 367.5 365 361.2 356.6 351.7 347.2 344.6 341.2 336.8 330.9 327.2 321.9 317.2 309.6 304.9 300.7 295.6 288.8 282.3 277.2 271.3 264.2 248.2 240.5 239.6 237.8 236 251.3 265.5 270.9 273.7 276.7 279.9 283.1 286.1 291.3 291.8 291.1 288.9 285.3 279.2 271 262.5 257.6 255.3 251.7 252.3 249.2 246.1 242.1 235.6 228.4
513.5 509.7 507.9 507.1 505.7 502 497 490.6 486.4 479.5 464.3 450.2 441.3 433.3 427.2 421.6 414 405.1 398 392.4 388 383.7 378.7 374.1 370 364.6 361.6 358.3 354.3 350 345.5 342.9 338.9 335.8 332.2 327 322 317.2 312.7 307 301.9 295.1 289.6 284.8 280.6 274.4 266.9 254.4 243.6 241.6 240 236.4 244.8 259.5 271.4 275.9 278.7 281.5 285.7 288.5 294.9 297.1 296.7 294.8 292.5 288.4 282 274.9 266.3 262 259.3 256.5 256.6 251.1 248.2 244.2 238.6 228.5
516.4 513.7 512.2 510.6 508.9 503.1 495.8 490.7 484.8 477.7 466.5 452.9 442.6 433.7 425.5 416.4 407.8 401.4 393.7 382 374.9 377.7 373 369.1 365.1 360.5 355.7 352.2 348.3 344.6 340.6 337.6 334.8 330.3 326 322.3 317.3 311.7 305.7 300.1 295.3 290.6 285.7 281.9 276.4 266.5 255.3 250.5 245 242.6 240.3 238.7 259 270.6 277.6 280.8 283.3 287.2 290.7 296.7 301 301.1 299.7 298.3 295.4 291 284.4 278.3 271.2 266.2 263.9 260.5 257.7 253.6 249.8 245.8 240.1 233.7
520.3 518.5 517.5 515 511.3 504.1 496.8 489.7 483.2 470.1 461.6 451.8 441.9 436.2 422.4 410.3 402.6 394.9 388.1 382.1 371.2 364.1 368.9 362.4 360.6 356.9 352.6 347 344.3 341.1 336.8 332.6 329.5 324.7 318.7 315.9 312.3 307.6 302.7 298.2 292.4 288.2 282.9 275.5 263.8 256.7 255.5 249.9 243.9 242.4 238.9 253.8 269.5 278.3 281.5 286 291.1 293.6 298.2 303.4 305.9 305.6 303.9 301.2 297.5 292.3 286.5 281.7 274.1 271.7 267.8 264 261.2 257.4 251.7 247.1 241.8 236.1
523.9 522 520.8 518.1 513.8 505.5 497.5 489.9 478.5 469.9 463.5 455 448.1 436.2 419.1 407.6 397.4 390.1 387.4 380.7 371.7 355.5 352.4 351.3 345.1 349.2 347.4 342.9 334 336.3 332.2 327.4 323.4 318.9 314.6 311.4 308.6 304.1 299.7 294.4 289.4 281.9 273.3 268.1 262.2 260.5 251.3 245.8 244.1 242.2 252.2 266.4 279.4 285.3 288.5 293.3 297.2 300.6 304.3 309 311.8 311.7 308 304.7 299.9 295.6 290.2 284.8 280.1 276.5 272.5 268.8 264.9 261.5 254.5 249.2 244.2 238.3
527.7 525.6 523.8 520.7 514.8 506.2 498.2 488.5 478 473.8 469 461.5 446.6 436.3 424 409.1 401.7 393.8 386.3 378.8 376 370.8 364.7 352.4 343.3 335 326.8 324.1 315.5 313.9 317.1 314.4 315.2 312.8 305.2 304 301.2 297.2 291.6 286.3 279 271.6 269.7 265.6 262.4 257.1 247.8 244.1 246 257.1 266.9 276.5 286.5 291 295.2 301 305.5 309.8 312.3 316.5 318.7 318.5 314.8 311.4 306 300.8 294.8 289.1 284.9 281.3 277.8 273.3 269.6 263.7 257.3 251.6 245.9 240.6
530.5 528.7 526.9 523 514.5 506.9 499.6 489.5 481.9 478.5 473.3 463.9 452 442 428.9 414.9 405.5 396.6 391.2 383.5 378.7 374 369 364.7 359.7 354.9 349.5 342.5 334.9 328.2 318.6 311.7 303.4 294.2 293.5 286.7 284 278.8 274.7 271 267.6 261.3 267.7 262.2 255.5 249.9 245.4 247.7 257.6 265.5 274 284.7 291.6 296.7 302.1 305.1 311.6 316.3 319.7 323.2 325.1 324 320.8 316.7 312.7 305.9 299.9 294.7 290.2 286.2 283.1 278.8 274 267.3 260.6 255.4 249.6 244.8
534.7 531.9 529.8 523.9 514.9 509 502.6 492.9 486.6 483.1 476.8 470.4 461.4 449.7 436.4 425.3 413.3 404.9 396.8 390.2 384.2 377.9 371.6 366.8 361.6 356.9 350.8 343.1 337.5 334 330.4 325.6 320 313.8 308.4 301.9 293.8 284.9 283 282.5 277.6 267.8 256.3 255.7 251 248.1 251 259.4 266.8 274 280.5 289.9 295.1 300.3 305.1 310.5 316.9 322.7 327.7 330.1 331.3 331.5 327.9 324.3 319.2 314.3 307 301.6 296.8 292.5 287.4 282.6 277.3 270.1 264.2 259 254.6 249.3
538.1 535.5 531.5 523.9 517.9 512.9 506.9 500.2 492.9 486.6 481.6 474.9 468.4 456.7 445 434 425.3 415 404.7 395.6 387.3 380.5 373.2 368.3 363.1 357.8 350.6 344.1 339.9 336.7 332.6 327.5 321.7 316.5 309.9 301.9 289.2 287.2 288.4 282.8 275.4 264.1 254.7 252.9 250.5 253.8 261.4 271.2 274.9 279.9 286.2 292.7 299.1 304.7 310.7 315.9 322.1 328.5 332.3 336.8 338.7 338.4 336.3 332.8 327.2 321.4 313.7 306.7 300.3 294.8 291.6 285.7 279.7 273.4 268 263.6 258.9 252.6
541.5 538.1 530.3 524.9 519.8 515.5 510.3 503.1 497.1 490 485.8 479.2 473 461.9 450.5 440.2 430.6 420.7 408.1 398.1 389.6 382.6 375.5 369.6 363.5 358 350.8 345.5 341.6 337.5 332.9 327.5 322.2 315.7 309.1 301.2 288.2 290.5 286.5 280.3 272.9 260.5 254.4 251.2 263.1 268.5 274.4 278.7 283.2 288 292.9 296.7 300.8 308.9 314.3 319.9 328 334.5 338.3 343.7 345.4 344.7 342.3 338.6 332.8 326.3 317.5 309.8 304.3 299.7 294.3 288 281.2 276.5 272.9 267.7 261.5 255.4
546.1 538.8 532.5 527 521.3 517.4 511.9 505.8 500 494.9 489.8 483 476.3 466.4 455.6 444.2 433.3 421.2 408.6 399.9 391.9 385.6 377.1 370.5 364 357.2 351 346.1 341.8 337.1 331.6 326.2 319.7 312.8 306 296.1 291.6 289.3 284.2 277.7 269.4 255.2 255.2 265.3 271.9 278.4 282.2 286.7 290.3 295.6 298.8 303.2 307.6 313.9 318.5 324.1 334.1 339.3 346.2 350.7 352.1 351.2 347.9 344.8 339.5 331.4 322.3 313.5 306.9 302.3 296.2 289.7 285 281 276.3 270.7 264.1 256.9
549 541.8 535.2 530.2 524.5 519.1 514.2 509.2 502.9 498.4 493 485.6 477.6 469.4 456.7 445 432.9 420.5 410.8 402.2 394.6 385.7 378.5 371.1 360.8 354.7 350.6 345.6 340.4 335.4 329.9 324.1 316.3 309.8 303.2 297.3 291.2 287.3 281.4 272.4 255.6 258.2 264 270.4 278.3 286.1 288.9 291.3 298 302.5 304.8 309.5 316 319.9 324 329.8 339.5 348.1 354.9 359.6 361.2 360.5 356.1 351.3 343.8 336.1 326.3 315.6 309.5 304 299.4 293.4 288.2 284 279.1 272.5 266.1 262.2
550.4 544.5 539 534.2 527.1 522.1 516.4 511.8 505.7 499.8 493.9 486.5 477.8 469.2 456.6 443.9 432.2 419.4 412 402.9 396.2 387.4 378 367.5 361.6 355.7 347.7 343.6 338.2 333.3 327.7 322.4 315.3 307.2 299.6 296 290.5 283.5 266.1 259.6 258.7 266.5 272.4 278.3 285.6 292 295.8 299.1 305.4 308.6 312.1 316.8 324.3 327.5 331.6 338.4 349.5 356.7 363 367.7 368.6 364.7 359.6 353.3 346.2 339.6 328.3 319.5 313 307.5 301.9 296.4 291.3 287 281.2 275.1 270.1 265.9
550.2 546 540.8 535.4 528.8 523.1 518.4 512.2 506.8 501.3 493.8 485.4 476.7 465.8 452.9 442 429.1 420 412.2 404.6 395.8 386.8 377.7 369.2 363 355.9 349.8 343.7 336.9 332 325.4 317.4 310.6 305.5 299.7 294.6 287.7 277.4 259.9 262.4 269.1 274.2 281.1 286.3 293.3 298.3 303 307.1 310.6 315.9 319.9 327.8 332.8 335.9 335.9 350.7 359.3 365.6 371.9 376.2 373.1 368.5 362.8 356.8 350.1 343.4 332.9 325.2 318.2 311.7 304.5 298.7 293.7 289.5 284.4 279.4 274.7 267.8
549.6 545.7 542 536.1 529.2 524 519.4 513.4 506.9 500.7 491.3 482.3 473 460.5 449.3 437.6 426.5 419.5 411.9 404 394.9 385.2 375.3 369.1 363.7 356.3 349.4 343 336.1 330.1 323.1 315.8 308.7 300.6 296.2 292.4 276.7 263.5 264.2 273 278.5 283.9 289.6 295.7 301.9 306.3 312.8 316.2 319.8 323.5 329.5 338 340.3 344.2 348.4 359.5 368 375.4 381.3 380.1 376.6 371.4 366 360.9 355.3 348.2 337.2 329.4 323 315.4 308.1 301.4 297.1 292.6 288.7 284.5 276.1 272.3
548.2 545.1 541 535.6 528.7 524 519.1 512.3 506 498 488.6 478 466.6 454 442.9 432 425.1 418.2 410 401.4 391.8 383.1 375.2 369.2 361.9 355.3 349 341.5 333.9 327.2 319.8 312.4 304.7 297.1 292.5 279.4 266.3 267.2 275 281 285.5 290.7 297 304.9 309.6 315.9 320.7 323 327.3 332 341.9 345 346.7 350.2 358.2 367.5 374.9 384.7 388.5 386 381.6 375.7 370 364.6 358.2 349.2 340.9 331.2 324.8 318.7 312.4 305 300.3 296 291.9 286.1 281.9 275.7
