ny/ny57_OST50GRID_20230518/NY57.asc
ncols 200
nrows 200
xllcorner 350000
yllcorner 570000
cellsize 50
[rows 70 to 104 of 200, columns 79 to 157 of 200]
139.2 138.6 137.2 137 136.2 132.9 133.4 132.7 134.8 141.1 141.4 141.1 141.9 142.1 141.8 141.3 141 140.4 140.4 140.7 139.3 139.5 143.1 145.5 146 142.7 147.8 149.2 150.2 149 151 152.7 156.5 160.1 162.8 165.3 166 166.3 170.5 174.6 178.9 181.5 184.3 189.1 191.4 192.1 194.4 199.1 203.7 207.5 203.2 213.1 220.3 226.6 233.9 241.3 249.9 254.6 260.9 265.8 270.1 274.4 278.5 283.5 287.7 294.2 301.1 309.5 312.1 314.4 317.4 320.6 321.5 321.2 319.7 317.2 314.4 311.6 309.6
138.6 138.3 137.4 135 133.1 133.1 133.9 136.7 142 142.2 142 141.7 142 142.1 141.8 141.2 140.1 139.4 138.6 137.3 138.1 144.4 145.6 146.1 146.6 147.2 149.2 150.6 151.8 151.4 150.7 151.9 155.2 158.9 161.7 163.5 164.7 167.2 171 176.3 181 184.4 184.1 187.5 189.6 192.2 198.1 204.9 209 212.2 213.4 215.7 218.1 226.4 232.3 238 247.1 252.2 258.6 265.2 270.9 276.8 283.8 289.2 293.1 297.7 302.1 306.8 308.1 310.6 314.2 318.5 320.7 322.6 320.8 318.7 316.5 314.3 313.1
137.8 137.8 137 132.8 132.7 133.2 135.5 140.4 142.2 142.5 142.6 143.6 142.2 142.1 141.6 140.8 139.3 138.7 137.2 135.9 144 146.7 147.7 147.5 147.4 150.5 152.8 153.9 153.4 152.9 150.9 151.8 152.8 156.3 158.8 161.4 163.5 166.2 172.3 178.5 183.4 185.9 185.6 187.5 190.3 195.5 203.4 210.8 214.6 216.5 216.3 222.3 221.7 224.6 230.4 235.1 241.3 250.4 256.7 264.4 270.1 280.6 289.6 293.9 296 299.7 303.3 304 304.6 307 311.3 315.6 319.3 320.6 319 316.9 315.2 314 311.9
137.7 136.5 135.7 135.3 132.7 132.5 134.5 136.6 140.2 142.4 143.7 146.1 144.6 143.7 142.4 140.7 138.9 138.2 134.3 141.6 145.6 149.5 150.6 149.7 147.5 152.2 155 157.3 157.3 155 151.6 152 153.2 155 158 160.8 162.4 165.6 171.3 178.4 184 187.2 186.6 188 190.8 199.2 205.9 213.4 218.4 218.4 222.9 225.1 225.4 225.4 230.7 234.6 238.8 247.5 253.9 261.9 269.8 283 290.9 294.7 296.7 299.8 303 302.6 302.4 305.7 309.8 314.3 316.4 316.8 315.6 314.9 314.5 312.1 309.5
137.5 137.3 137.8 137.8 130.5 131.9 131.7 132.4 135.4 142.2 143.6 144.7 145.4 146 145 142.6 138.5 136.1 135.3 141.1 145.8 149.5 151.2 150.6 148.6 151.8 154.6 158.4 159.7 156.8 153 152.8 153.9 155.3 157.6 160 162.3 165.2 169.9 176.6 181.8 185.3 185.9 187.9 192.5 201.9 209.6 216.2 218.6 220.3 225.2 227.6 228.6 230.3 231.6 237.8 241.6 245.6 252.3 262.2 270.9 282.4 290.1 293.9 295.5 298.1 300.6 300.9 301.1 303.9 307.8 311.7 314.2 313.7 312.6 311.9 310.6 309.1 307.1
140.1 137.5 136.6 137.2 137 136.4 131.8 130.9 130.3 143 143.2 143.7 144.6 145.5 146 144.5 142.2 136.3 135 141.3 143.8 146.4 148 147.8 148.1 151.2 154.4 158.5 160.7 157.5 154.3 153.6 153.6 155 157.1 159.9 163.3 169.6 175.4 180.7 183.9 186 186.1 187.7 196.5 203.8 212.5 219.4 221.3 223.7 227.3 229.5 230.9 232.8 236.1 239.7 242.4 247 254 264.2 272.3 282 289.4 293 294.5 296.3 298.2 300.4 299.2 302 304 307.5 309 308.3 306.9 306.1 306.2 304.6 303
146.9 144.6 139.9 137.7 135.7 135.8 133.7 131.6 130.5 137.4 142.8 143.8 143.4 144.4 144 144.2 143.8 135.9 135.8 139.6 142.1 143.9 144.8 145.6 147.3 150.1 153.4 158 160.4 157.2 154.2 153.6 153.6 154.4 156.8 160.1 164.7 171.9 179.3 185.2 189.4 191.3 190 188.5 199.3 207.4 216 220.7 222.1 226.3 230.4 233 233.7 236.7 240.7 245.2 248.4 251.7 256 264 271 280.1 288.1 291.9 293.3 294.3 295 295.6 296.1 298.1 299.5 300.8 300.9 301.1 301 299.8 299.5 298.5 298
150.1 148.8 145.7 139.9 143.5 145.7 143.9 134.7 130.5 131.6 134.5 142.2 143.3 141.1 142.6 142.9 142.1 135.6 134.5 137.5 139.8 141.3 143.1 145.4 148.3 149.2 153.2 157 159.3 156.3 155.8 154.4 153.8 154 155.9 158.8 165.9 173.2 180.5 186.2 189.8 192.1 190.8 190.5 202.7 209.9 218 223.2 223.9 231.2 233.7 237.9 239.3 242.3 246.8 251.9 254.8 257.8 262.5 266.2 272.1 278.8 285.6 289.3 289.9 291.1 291 291.7 292.3 292.9 294.2 294.2 293.6 293.6 293.5 293.7 292.8 292.5 292.1
150.8 150.3 148.6 144.9 145 149.1 149.1 146.2 139.5 130.4 129.9 132.2 137.3 138.2 140.3 140.7 138.5 133 133.4 137.5 137.8 141 145.5 149.5 153.3 154.3 151.6 155.4 156.8 154.5 156.1 155.5 154.6 154.4 155.2 157.5 166.3 174.4 182 187 189.7 192.2 192.5 194 203.6 212.1 219.8 225.4 225.6 235 237.6 241 243.3 246.1 252.5 257.3 261.1 264.7 269 271.3 274.7 278.9 283.2 285 285.9 285.9 287 288.2 288.5 289.1 290.1 290.1 290.1 290.1 290.5 290.4 290.1 289.4 289
150.5 150.2 150.1 148.9 146.2 147.2 149.5 148.7 145.8 141.8 136.3 131.4 128.5 135.9 137 136.4 135.5 132.6 136.1 139.6 140.5 143.9 146.7 150.8 155.2 157.9 157.6 155.6 153.5 154.5 155.3 155.2 156.3 155.8 156.2 157.5 166.6 174.7 182.2 187.5 190.8 192.3 193.4 198.1 205.1 214.8 221.9 226.9 229.2 237.4 241.2 242.7 244.4 247.8 253.7 258.6 264.3 269.7 275.4 278.2 278.7 279.8 280.6 280.9 282.6 282.2 282.3 284.6 284.7 285.9 287.3 289 289.5 289.1 289.3 289.1 288.9 287.8 287.9
148.5 147.7 147.1 147.7 147.8 146.6 146.5 148.3 147 143.6 139.3 133.2 126.4 133.5 131.5 131.6 131.5 133.4 139 141.2 143.3 144 147.1 150.7 155.4 158.8 159.5 157.9 155.2 153.1 154.2 155.8 157.8 159.8 160.6 161.3 165.7 174.6 181.7 187.2 191.1 193.3 197.7 206.3 210.2 217 223.6 227.8 231.3 236.9 239.5 242.4 244.6 247.1 250.4 254.6 262 270.3 274.9 278.7 278.7 278.5 278.2 277.9 278.4 279.3 279.4 281.1 281.9 283.6 286.4 288.1 288.6 288.3 288 287.7 287.1 285.1 284.2
149.4 146 145 144.6 143.3 143.2 143.5 145.2 145.2 144.1 141.9 136.8 126.4 130.3 129.9 131.6 138 139.3 141 142.5 144.3 145.5 147.3 149.9 154.3 157.3 158.8 157.3 154.8 151.6 154.1 156.5 159.9 162.6 164.9 166.9 171.8 177.5 180.8 186.9 191.8 195.2 204.6 211.7 214.8 218.8 223.9 227.1 228.8 232.9 235.6 239 241.2 243.9 246.6 250 255.7 265.1 270.1 273.7 276.1 275.3 274.6 274.2 274.8 275.2 275.8 276.5 278.8 279.7 284.2 287.3 287.4 286.4 286.4 285.7 284.5 282.8 281.6
160.5 158.5 156.7 153 150.6 145.8 139.3 139.1 141.1 140.6 141.9 138.1 128.7 139.3 137.9 138.7 139.1 140.2 141.6 143.3 146 146.2 147 149.2 152.2 153.8 155.4 155.7 154.2 150.7 153.1 157.2 160.9 164.6 168 173.6 178.2 182.3 186.1 189.9 195.1 204.7 210.6 215.3 219.9 222.9 225.4 227.7 231 231 235 238.2 239.3 240.7 242.7 245.4 250.9 260.6 263.5 266.6 269.2 271.4 271.1 271.1 271.2 271.4 271.8 273.2 274.2 276.5 278.6 282.3 282.6 282.8 282.5 281.5 278.4 276.2 275.5
165.2 165 163.3 162.2 160.2 155.3 149.3 142.4 135.7 133.5 134.2 130.8 133.5 140.2 139.3 138.6 138.5 139.8 141.3 142.3 145.1 147 147.5 147.7 150.8 149.8 151.8 152.1 152.2 149.5 152.1 156.8 161.5 165.9 174.3 182.3 187.8 191.7 194.3 196.3 200 211.5 212.3 216.8 223 225.4 227.9 229.5 230.9 232.3 234.1 237 238.4 239.3 239.7 240.5 244.5 252.5 257.9 260.6 263.9 264.2 266.8 268.3 268.3 268.2 268.6 269 269.8 271.3 272.9 274.3 275.6 275.3 275.4 274 270.6 266.7 266.7
166.5 166.3 166.1 164.6 162.3 159.4 155.9 150.3 142.9 138.6 137.9 128 137 139.9 140.4 139.2 138 139.3 139.9 141.4 144.1 145.8 146.5 147.2 146 146.1 147.6 148.5 148.8 148 149.4 153.8 159.3 167.6 178.9 187.3 192.7 197 199.6 201.9 203.3 212.9 214.4 218.8 223.9 227.4 228.7 229.5 230.3 230.9 233 234.5 236.9 237.6 238.4 239.5 242.2 245.8 250.7 254.7 258.3 259.3 260 262.3 264.2 264.5 265.2 265.7 266 266.5 267.7 267.9 269 268.7 268.1 267 264.6 261.9 258.8
166.4 166.8 166.5 165.4 163 160.5 157.7 154 149.2 142.3 136.9 134.5 129.5 138.4 139.6 139.5 137.6 137.7 139.2 140.8 142.7 144.3 145.4 144.7 143.3 143.4 143.3 143.8 145.7 150.5 150 153.7 159.1 168.5 179.6 188.9 194.9 199.8 202.7 204.9 206.5 212.1 215.1 220.9 223.5 227.2 228.5 229 226.9 228.6 231.2 232.5 235.4 237 237.7 239.3 241.6 243.1 244.7 246.6 250.6 254.3 255.7 257.8 259.4 260.7 261.2 261.8 262.1 262.4 263.5 263.1 262.8 263.2 263.6 262.5 261 258.7 256
165.8 166 165.6 164.6 162.4 159.7 156.9 153.4 149.8 145.9 140.2 135.6 129.4 130.1 136.7 137.6 136.5 134.6 137.9 139.5 140.7 141.8 143.1 141.8 140.1 139.7 140.9 143.5 148.8 149.5 150.9 154.2 159.8 168.9 180.4 189 195.6 201.2 205.3 206.8 208.9 212.8 214.3 219.1 221.7 225.5 225.8 226.4 225.3 223 226.1 230.4 233.9 235.9 236.9 238 239.2 240.9 241.2 241.3 243.5 246.6 250.7 252.1 254.9 256.9 257.6 256.9 256.5 257.5 258.3 258.7 259.5 259.8 260.4 259.2 258.4 256.3 253.7
164.9 164.4 164.2 163.2 161.3 158.3 155.4 152.2 149.1 146 141.7 137.5 132.9 126.3 127.9 136 135.3 130.9 132.6 133 135.8 138.4 137.9 136.9 137.7 139 142.1 145.9 151.5 151.9 155 158.2 162.6 170.9 179.3 188.3 195 200.6 205 207.5 212.2 215.2 215.7 216.2 218.4 219 221 221.4 222.2 221 221 225.8 228.3 231.2 233.5 234 235.9 236.6 236.4 236.8 238 239.9 243 245.7 248.1 252.1 253.2 252.2 252.1 251.5 251.5 252.6 253.9 254.3 254.6 254.6 253.3 251.7 249.7
163.8 162.9 162.2 160.9 159.1 157 153.8 150.6 148 145.9 144.1 140.4 138 135.9 128 125.9 128.2 126.9 133 138.2 138 136.5 135.8 137 137.5 139.4 144.1 148.1 151.8 155.8 160.3 164.4 168.5 175.6 182.1 187.7 193.8 200.8 206.3 209.7 214.1 216 216.4 216 214.4 213.5 214.2 216.8 217.3 217.2 216.4 219.1 221.4 223.9 226.9 228.9 230.3 230.8 230.9 231.6 231.9 232.4 235.4 237.9 240.9 244.5 247 247.6 247 246.1 245.5 245.7 246.6 247.2 246.7 246.6 245.5 244 242.9
162.5 161.2 160.2 158.6 156.8 154.5 151.5 149.1 147 145.6 144.7 142.9 142 140.7 137.7 134.8 127.8 126.3 134.3 140 140.7 141.1 141.5 140.5 139.4 139.9 142.9 146.8 150.8 155.4 160 167.7 175.5 180.6 187 191.5 197.5 203.1 209 212.7 214.7 216.1 216.3 216.5 216 214.5 212.3 210.3 211.6 211.3 210.6 211.1 212.9 215.8 218.4 222.2 222.4 222.7 223.4 224.2 225 225.6 226.9 226.4 232.8 235.8 239.1 240.4 242.1 241.7 240.9 240.3 240.2 240.5 239.7 238.6 237.8 236.8 236.3
160.8 160.3 158.8 156.8 154.6 152 149.6 147.6 146.6 145.7 145 144.4 144.2 143.6 141.2 140.2 136.4 124.8 130.6 141.2 141.4 143.2 144.1 144.5 143.1 141.9 142.3 145.7 150.1 154.6 160.5 168.9 177.1 184 190.4 196.3 201.5 206.6 211.1 213.9 214.9 214.8 214.7 214.8 213.9 212.5 211 208.4 205.5 205.7 204.7 205 205.3 207.8 209.5 212.7 214.7 214.8 214.4 214 215.4 216.4 218.7 220 221.8 226.6 229.8 231.9 234.4 235.4 236.7 236.9 235.6 233.8 234 233 232.8 232.3 232.6
159.5 159.1 159.8 158.2 153.2 149.6 147.6 146.2 146.4 146.9 146.2 145.1 145 144.5 143.1 142.2 133.2 125.3 130.7 140.6 141.5 143.5 145.7 146.7 146.3 146.8 145.2 145 149.2 153.1 159.6 167.8 176.8 186.3 194.3 198.9 203 207.7 211.4 213.9 213.9 213.4 212.8 212.3 211.6 210.2 208.7 206.3 203.8 201.1 200.1 199.6 200.1 201.2 203.7 205.5 207.9 208.3 207.5 206.9 207.2 207.4 209 211.4 214.5 216 217.4 222.9 226.7 229 230.3 230.9 230.8 229.4 229.5 229.9 229.1 228.5 229.2
157.6 158.2 159.1 158.4 154.3 148.6 145.9 144.8 144.7 146.2 147.2 146.7 145.6 144.9 144.1 142.6 129.6 124.1 135.2 140.5 141.6 143.5 146.5 148.4 149.1 149.1 148.5 147.2 148.2 151.4 157.6 166 175.4 190 196.9 201.8 205.4 207.9 210.4 212.6 212.7 211.9 210.2 209.2 208.9 207.7 206.7 204.2 202.6 200.9 198.9 196.8 198.1 198.6 199.4 201.3 201.7 202.2 202.9 202.2 201.8 201.6 201.7 204.1 205.9 208.4 210.4 212.5 217.4 222.1 222.9 224.4 225.6 225 226 226.6 225.3 227.9 230
155.9 155.9 156.4 155.9 153.6 149.5 144.6 142.9 143.4 144.8 146.1 146.5 145.2 143.9 142.7 134.4 123.4 128.6 141.4 142.5 142.1 143.4 145.4 149 150.5 151.3 151 149.6 149.3 150.6 154.1 160 171.9 188.8 197.2 202.9 206.2 207.7 208.5 209.8 210.4 209.4 206.6 205.7 205.2 205 204.1 203.1 201 200.1 198.4 196.4 195 195.2 195.4 196 197.4 199.4 200 200.1 199.5 198 197.7 197.4 198.8 200.1 201.2 204.8 205.8 211.1 212.9 215.4 217.9 219.2 221.8 223.3 220.8 226.1 228.2
153.3 152.8 153 152.8 151.6 149.3 145.7 141.9 141.8 142.7 143.7 143.4 142 140.4 135 123.4 125 138.9 144.4 144.2 142.6 142.3 144.2 148.1 151.5 152.3 151.8 150.3 151.7 152.8 154.5 158.3 167.7 183.2 196 201.8 205.4 206 206.6 208 207.6 207 204.1 201.9 201.6 201.2 200.6 200 198.7 197.2 195.7 194.8 191.8 190.9 191.4 191.3 190.8 191.7 193.2 193.2 195.3 197.2 197.1 194.7 193.2 191.5 189.4 195.9 198.3 201.2 202.5 204.4 207.6 213.7 216.2 217.8 216.3 221.2 224.5
149.1 148.8 148.6 147.8 146.5 145.9 144.7 142.9 139.5 140.4 140.4 139.3 138 135.9 125.6 123.5 134.9 141.7 144.6 144.7 143.6 141.3 142.2 146.4 150.5 152.4 151.3 149.5 154.9 158 158.1 160 166.2 176.7 190.5 197.3 202.3 203.9 204.6 204.7 204.1 203.1 201.4 198.1 197 196.3 195.9 195.7 194.9 193.7 192.2 190.9 189.3 186.3 186.4 186.5 184.9 184.4 184.7 186.1 188.6 190 192 194.5 195.8 195.9 196.1 184.4 190.2 194.8 193.7 194.9 196.9 204.3 207.5 209.9 208.4 214.5 218.9
144.6 144.2 143.2 141.6 138.6 137.8 138.8 139.4 136.9 136.2 136.2 134.8 131.7 126.5 123.5 127.9 137.4 140.6 142.9 144.4 143.3 141.4 140.4 143.9 147.4 149.1 148.4 148.9 157.4 163.2 164.6 162.7 169.2 175.4 184.5 192.1 197 200.1 201.3 201.4 200.6 199.8 198.4 196 193 192 191.1 190.9 190.3 189 188 186.3 184.6 182.2 179.9 181.6 179.8 179.3 179.3 179.9 183.1 184.9 186.7 187.5 188.8 192.1 193 191.3 180.3 184.6 188.3 189.2 188.4 192.4 195.6 197.9 199.8 205.8 210
140.5 139.7 139.1 136.6 133.1 132.2 132.6 133.6 133.6 129.5 131.3 128.5 122.3 122.4 126.8 137.9 139.9 140 141.4 142.9 142.3 140.7 139.2 141.2 144.4 146.4 145.6 148.1 156.2 164.1 167.2 163.4 169.5 175.2 180.8 187.3 191.9 195.7 197.7 198.1 197.2 196 194.8 192.6 190.1 185.9 185.7 185.9 185 184.2 182.6 180.6 178.9 177.1 175 177 175.6 175.2 175.2 175.7 178 179.1 180.4 181.8 184.4 186.1 186.6 187.8 180.4 180.2 185.8 185.5 182.6 184.1 187.8 187.5 194.7 199.9 203.7
135.1 136.2 135 132.5 130.6 129.4 128.8 128.9 129.5 128.7 124.6 122 125 133.2 137.6 140.9 142 141.8 141.2 141.3 140.3 139.1 137.7 137.4 140.8 142.9 143.9 145.3 153.4 161.5 167.1 163.5 166.4 174.6 178.6 183.9 187 190.9 193.6 194.7 193.8 192.8 191.3 189.2 187.4 184.2 181.6 180.6 179.5 178.7 177.3 175.7 173.8 171.2 171.6 172.1 171 170.9 171.3 171.7 173.2 173.4 174.4 175.5 176.9 178 179.2 179.1 174.3 177.8 179.9 178.4 179.5 180.3 181.1 184.7 188.9 194.6 199.8
132.5 132.5 131.6 129.9 128.6 128.1 127.8 127.4 126.8 125 121.4 124.1 130.6 135.2 138.1 141.1 142.4 142.3 141 139.1 137.9 136.8 135.3 134.1 136.4 138.5 141 142.6 148.4 157.7 164.3 166.1 165 171 175.9 180.9 182.9 186.5 189 190.2 190.6 189.3 187.8 185.7 183.3 180.9 178.8 174.9 174.3 173.4 171.7 170.6 169.3 167.1 165.8 166.4 166.4 166.7 166.9 167.1 167.7 168.6 169.5 170.7 171.7 172.2 172.3 172.4 170.4 173.5 174.9 174.7 175.2 176.5 177.6 180.3 184.5 192.4 198.9
131.4 130.2 129.5 128.4 127.5 127.4 127.3 127.2 125.7 121.4 121.7 124.2 130.6 134.9 137.6 140.1 141.4 141 139.4 137.2 134.9 133 132.4 132.2 133.9 134.3 136.6 139 143.4 152 159.9 164.6 164.9 169.5 173 177.3 180.8 181.8 184.2 185.6 186.2 185.4 183.7 181.5 178.1 175.9 173.6 171.1 166.2 167.3 165.7 164.6 163.6 162.8 160.7 162.2 161.4 162.4 162.8 163.6 164.1 165.2 165.9 166.8 167.9 167.9 168 168 167.5 171 173.1 170 171.5 173.3 174.9 178.5 183.6 191.1 198
130.8 129.3 128.6 128 127 126.9 126.7 126.4 124 121.3 121.4 123.2 129.1 133.6 136.7 138.5 138.9 138 136.6 134.4 131.8 130.4 129.8 130.3 131.8 132.5 134 135 140.5 148.4 156.7 161.8 163.6 167.9 169.8 173.1 178.3 178.6 178.8 179.7 180.5 180.3 178.7 175.7 173 168.5 166.4 164.6 160.7 160.5 162 160.1 159.5 159.3 158.8 160.5 158.8 158.9 160 160 160.7 162 163.6 164.8 165.4 165.2 164.6 164.8 166.8 170.1 170.7 167.7 171 173.1 176.2 180 183.2 188.6 195.2
129 128.8 128.3 128.7 128.1 128.6 127.3 127.1 122.9 120.8 120.3 121.4 127.8 131.4 134.7 136.2 136 134.7 133 131.1 129.6 128.4 128.1 128.4 128.4 129.4 130.8 133.1 138.3 144.5 151.4 157.6 155.5 163 164.5 165.9 171.4 174.7 173.5 173.8 173.8 174.2 173.1 171.2 168.4 165.4 161.4 160.2 158.1 155.6 156.5 158.2 159 156.2 158.3 159.7 157.8 156.8 156.6 157 159.8 160.6 161 161.9 162.1 161.6 160.9 163.4 166.2 163.7 164 167.1 168.8 169.4 171.5 177.9 185.4 189.5 194.3
128.6 128.9 129.7 130.2 131.6 132.5 133.2 131.5 127.3 120.8 120.7 119.7 124.4 128.8 131.7 133.4 132.8 131.3 129.7 128.7 128.2 127.5 126.5 126.8 126.5 127.3 128.9 129.9 134.7 139.5 144.9 150.1 154.8 150.1 161.6 164.3 165 167.7 168.4 167.4 167.9 168 167.8 167.2 165.3 161.8 158.5 156 154.2 153.4 157.9 157.8 157 154.4 156.6 157.1 157.9 155.9 154.4 156 158.6 159.5 157.7 157.6 155.9 155.1 155.4 158.2 160.2 160.9 162.2 163.4 166.1 166.9 168.7 174.7 175 191 185.5
128.1 130.5 133 136.4 134.2 134 134.1 133.8 132 127.6 123.6 120.7 117.4 125.6 129.3 130.5 129.6 128.4 127.4 127 126.7 126.4 125.6 125.3 124.8 125.6 126.9 127.4 130 133.4 136.7 141.5 145.7 148.8 151.6 155.9 159.7 162.2 163.2 163.2 162.5 163.1 163.3 166.2 166.7 164.5 160.8 157.4 153.4 153.3 155.1 155.1 154 151.4 151.6 153.2 155 155.5 153.1 155.3 158.1 156.3 153 152 152.8 152.9 156.2 158.8 159.2 160.4 164.1 166.7 176.2 172.1 183.2 186.5 177.9 174.6 181.2
