ny/ny57_OST50GRID_20230518/NY57.asc
ncols 200
nrows 200
xllcorner 350000
yllcorner 570000
cellsize 50
[rows 35 to 69 of 200, columns 0 to 78 of 200]
170 174.6 176.6 177.8 177.5 178.2 179.3 178.4 177.1 175.3 172.9 171.1 169.2 167 164.4 161.7 158.3 154.5 150.5 147.3 145.1 143.4 142.3 142 141.9 142.1 142.8 142.3 140.6 137.4 133.9 122.1 126.4 137.4 142 145.6 149.2 149.3 148.5 149.8 153.7 153.5 153 154.9 157.9 159.9 160.9 161.1 160.3 159.1 157.6 160.1 160.8 161.8 162.7 163.3 163.6 164.1 163.8 162.3 160.3 157.3 155.2 152.6 152.5 151.6 150 148.2 145.9 143.6 141.6 140.9 140.1 140.7 140.9 141 141.4 141.9 142
177.2 181.5 183.8 184.6 184 183.7 182.9 182 180.7 178.9 177.1 174 171.5 168.3 165.6 162.7 159.1 155.4 151.7 149.1 146.7 144.9 143.2 142.5 141.7 141.3 141.2 140.9 140 137.8 135.1 120.9 128 136.7 140.8 144.9 147.5 148.6 147.3 147.9 149.6 149.9 150.8 151.3 153.1 154.4 154.7 154.6 153.4 153.2 152.7 153.7 154.5 156.2 157.1 157.8 159.4 159.8 159.9 160 158.5 156 153.6 151.7 149.8 149.2 148.8 147 144.6 141.8 140.2 139.7 139.4 140.2 140.5 140.7 140.2 140.8 139
183.9 187.1 189.6 190.4 190.3 188.5 187.4 185.6 184.2 182.2 179.2 176.2 173.3 170.1 166.8 163.6 160 156.4 152.7 150.1 147.8 145.5 144 142.3 141 140.2 139.8 139.1 138.5 137 133.7 120.4 128.1 134.3 137.7 141.6 144.9 146.2 144.4 145.3 146.3 148.2 147.4 148.6 149 148.8 148.1 147.6 146.8 146.7 146.5 146.8 148.3 149.8 151.3 153.4 155.6 156.1 156.5 156.7 156.1 154.7 152.3 149.9 147.8 147.6 147 145.5 143.1 140.4 138.9 138.8 139.2 139.9 140.3 140.5 138.9 135.1 140
190 192.2 194.6 194.6 194.2 193.1 191.5 189.3 187.3 184.3 181 177.9 174.9 172 168.6 164.8 161 157.4 153.9 151.2 148.8 146.4 144.4 142.7 140.8 139.5 137.9 137.4 136.3 134.6 132 120.9 127.6 131.6 133.8 136.6 139.4 142 141.5 143.8 145.5 145.2 144.4 144.5 143.7 143.7 142.6 141 139.1 138.5 139.4 139.8 141.4 143.2 145.3 148.9 153.1 154.3 153.6 154.1 154.7 153.1 151.3 149.1 147.1 146 145.3 144 141.7 139 138.2 138.4 138.9 139.5 140 140.1 136.3 138.8 140.5
193.7 195.6 197.4 197.9 197.5 196.4 194.7 192.1 189.5 185.8 182.5 179.4 176.5 173.5 170.6 166.5 162.3 158.5 154.9 152 149.6 147.3 144.6 142.3 140.9 139.4 137.6 135.3 132.3 129.4 125.5 120.9 123.7 129.3 131.5 135.1 137.4 138.1 139.9 141.6 143.4 141.4 140.2 140.7 138.7 138 136.4 135.3 132.6 132.1 133.2 133.8 135.1 136.9 139.4 142.7 148 150.1 150.8 151.9 153.2 152.6 151.4 149.1 146.5 143.7 142.8 142.4 141 138 137.6 138.2 138.7 139.2 137.9 136.2 137.8 138.8 142.7
195.3 197.1 199.2 200.1 199.7 198.9 197.4 194.7 191 187.5 184 180.8 177.6 174.5 171.3 167.1 162.8 158.5 155.4 152.5 149.7 146.9 143.6 140.9 139.8 138.1 136.7 133.9 131.8 126.8 122.6 120.7 125.9 128.4 129.1 132.5 135.1 135 136 137.6 138.9 137.8 135.9 136.1 135.2 133.2 131.6 131.4 130.2 130.5 131 131.4 131.4 132.1 133.9 138.5 142.5 145.2 148.9 150.3 151.4 152.4 151.5 149.2 146 143.7 141.5 140.7 138.8 137 136.9 137 137.7 135.2 133.6 136.7 137.7 139.4 146.5
195.5 197.5 199.9 201.2 200.9 200.5 199 196.2 192.7 188.9 185.1 181.4 178.2 175.2 171.5 167.5 163.2 158.8 155.3 151.7 148.5 145.1 142 138.7 136.3 134.8 133.4 131.1 129.2 124.9 122.2 119.9 126.6 126.9 125.7 128.1 129.8 127.5 128.1 133.9 135 134.2 133.2 131.7 131.1 130.4 129.6 129.1 129.2 129.4 130.2 130 130.1 130.2 131.3 133.7 137.1 141.6 146.1 148.1 149.2 150.5 150.4 148.8 145.6 142.9 139.3 138.3 136.6 136.3 136.3 135.9 135.4 134.6 136.1 137.1 138.1 141.9 148.1
195.6 198 200.3 200.9 201 200.8 200.4 197.7 193.6 189.4 185.7 182 178.6 175.2 171.1 167.2 161.2 157.8 153.9 150.2 146.4 142.7 139.1 135.7 132.8 131 129.1 127.5 126.4 125.9 121.9 118.3 123.4 122.4 121.1 120.4 120.4 120.9 121.2 131.9 134.1 133.6 132.1 129.2 128 127.9 128 128.2 128.2 128.3 128.6 128.9 129.5 130.1 130.8 131.7 133.2 137.7 142.2 145 146.8 147.9 148.4 147 144.1 140.8 136.1 135.1 135.3 135.9 135.7 135 134.2 135.5 136.7 140.6 141.5 142.1 148.6
195.8 198 200.1 201.1 200.8 200.3 200.3 198.2 194.4 190.1 186.2 182.5 178.6 174.8 170.6 166.4 159.7 154.3 151.1 147.7 144.1 140.5 136.4 132.9 129.3 127.7 126 124 123.6 124.5 119.3 118.6 117.3 119.8 120.7 122 124.7 124.1 122.5 128.7 133 132.9 131.5 127.3 125 125.4 126.3 125.9 127.2 127.8 128.2 128.8 129.5 130.2 130.8 131.2 131.7 133 137.2 139.8 142.2 142.4 142.6 142.3 139.8 135.5 133.5 133.2 133.9 135.2 133.7 133.5 134.3 135.4 141.9 146.5 148.3 148.1 152.1
195.2 197 199.3 200.2 199.7 199.5 199.5 197.3 194.4 190.3 186.6 182.7 178.5 174.4 170.2 165.7 158.8 152.4 149.6 143.5 141 137 132.9 129.4 127.1 125.4 123.5 122.6 121.9 120.9 119 118.9 119.1 120.3 121.6 124.9 129 128.3 121.8 122.7 128.4 132 129.9 125.3 123.9 124.2 125.2 125.6 125.9 127.3 127.6 128.3 128.9 129.6 130 130.6 131.1 131.5 133 133.4 134.7 134.6 133.9 132.7 131.8 131.9 130.7 132.2 132.6 133.4 131.5 134.3 137.4 140.3 145.7 149.7 151.7 154.4 158.6
193.7 195.6 197.3 198.2 197.9 198 197.8 196.7 193.8 189.8 185.9 182.6 178.8 174.5 170.1 165.7 160.5 158.2 155.7 149.2 139.7 134.8 130.8 127.5 125.3 123.7 122.5 121.6 120.2 118.7 118.9 118.9 119.1 119.9 120.5 125.9 129.8 132.1 132.2 125 122.8 123.9 123.7 123.9 124 124.4 125.1 125.3 125.6 126.5 126.9 127.7 128.4 128.8 129.2 129.8 130.3 130.4 130.9 130.9 130.8 130.7 130.4 133.3 133.8 134.9 133.6 133.1 134.8 140.5 143.7 145 144.4 144.1 149.3 152.2 153.7 158.8 161.6
192.2 194.1 195.6 196.9 196.8 196.7 196.4 195.6 192.9 188.7 185.4 182.2 178.6 175.1 171.2 167.8 164.7 162.9 159.5 153.2 145.4 134.8 129.2 126.2 124.3 122.5 121.6 121.4 119.7 118.8 118.3 118.8 119.4 119.5 120.1 125.6 129.9 132.3 133.3 132.5 123.8 121.4 123.2 123.5 122.5 123.5 124.4 125 125.5 126 126.4 127.1 127.7 128.1 128.4 129.1 129.4 129.5 129.1 129.3 131.9 137.5 144.8 145.5 144 141.9 137.5 136.6 140.1 144.6 149.5 150.7 149.4 148.4 151.7 153.3 155.2 161.2 163.4
190.3 192.3 193.8 194.9 195.1 195.2 194.9 194.2 191.9 187.9 184.7 181.9 179.4 176.2 173.1 170.1 167.8 164.9 160.7 154.9 147.8 138.1 129.5 126 123.9 122.8 122.2 120.4 119.8 119 118.4 119 119 119.1 121.2 125.8 129.3 132.8 133.2 133.3 131.8 127.9 125.3 123.4 123.6 124.2 124.2 124.9 125.4 124.1 126.6 126.7 127.4 127.5 127.5 128.6 128.7 127.3 130.2 131.6 138.7 145.4 148.5 149.5 148.9 144.1 140.1 142.1 147.4 152.2 154.4 154.2 152.6 151.1 152 157.5 158.8 159.7 165.7
188 189.9 191.6 192.8 193.2 193.3 193.2 192.3 190.5 187.2 184.5 181.9 180 177.4 174.3 171.1 168.9 165.4 161 155.7 150.4 143.5 134.4 128.1 125.1 123.8 123.2 124.3 119.2 118.1 117.9 118.5 118.6 119.8 123.3 125.9 129.5 133.1 132.7 132.6 131.9 128.5 125.8 124.9 124.4 124.8 125.2 127.4 129.1 131.7 128 126.8 125.9 129 128.9 128 128.9 129.8 133.1 140.9 144.1 147.8 151.2 153.1 153 148.1 142.5 147.6 153.6 158.1 159.9 158.9 159 155.1 156 161.3 163.6 163.8 163.3
185.7 187.7 188.8 190.3 190.8 191 191 190.4 188.8 186.3 184.2 182.1 180 177.6 175.1 172 169 164.8 160.7 156.5 152 147.5 142 136.2 130.2 128.1 129.1 129.4 117.7 118.1 115.7 123.2 125.4 123.4 125.8 127.6 129.8 132.5 132.3 131.3 130.3 126.7 127.1 128.1 126.4 127 128.7 131.3 131.3 134.8 135.9 134.5 130.8 132.2 131.4 133.7 136.2 134.1 140.3 146.1 147 151.2 154.2 156 156.2 152.1 147.3 152.3 158.3 163 163.8 162.8 162.9 161.7 161.8 162.9 164.8 166.2 165
183.8 185 186 187 187.5 187.9 188.3 187.5 186.3 184.3 182.2 180.9 178.9 176.6 174.1 171.4 168.4 164.4 160.3 156.1 152.1 147.5 143.9 140.4 137.4 135.9 133.9 124.6 117.6 117.9 122.8 131 129.8 128.6 128.5 129.8 131.3 132 131.2 130.5 129.4 129.7 132.7 133.1 131.8 130.7 131.4 133.3 133 136.1 137.5 136.5 135.9 135.1 132.6 135.5 136.4 138.1 141.6 146.9 150.6 154.8 158.3 158.5 158.1 155 151.4 157.9 162.4 166.9 167 165.9 164.8 166.1 164.8 163.6 164.8 166 165.3
181.8 182.7 183.2 183.7 184.2 184.5 184.7 184.5 183 181.2 179.2 177.8 176.4 174.1 171.3 168.4 165.6 162.6 158.8 155.1 151.1 147.1 143.7 140.5 138.2 136.8 133 121.4 117.7 118.2 128.1 134.2 132.9 131.6 131 132.3 132.9 132.5 131.5 130.4 130 132.2 135.1 135.4 136 135 133.6 134.1 136.1 136.7 138.1 138.6 137.6 135.8 135.4 136.1 137.5 141.6 144.9 148.8 152.9 157.1 161 162 160.4 156.7 156.9 162.9 167.2 169.9 169.8 168.3 166.7 169 169.4 166.3 164 164.2 163.3
180.2 180.6 180.8 180.7 181.1 180.9 180.6 180.4 179.7 178 176.1 174.2 172.3 170.4 167.7 165.2 162.7 159.8 156.8 153.3 149.7 146.1 142.6 140.1 137.5 133.8 128.6 117.5 117.3 118.4 131.3 136.3 135.6 134.7 134.5 135 134.8 134.8 133.4 132.5 132 132.9 135 136.7 138.1 138.5 136.8 136.5 136.9 138.3 138 139.3 138.9 137.2 138.4 139.9 140.2 143.5 147.7 151.7 154.6 159.2 162.4 163.7 162.7 158.9 162.3 167.7 171.8 173.2 172 170.4 168.1 170.2 171.5 169.4 165.1 161.6 160
178.3 178.9 179 178.5 177.9 177.2 176.9 176.3 175.6 174.4 172.3 170.3 168.3 166.1 163.1 160.7 158.8 156.9 153.9 150.8 147.7 144 141.2 139.1 136.8 128.9 119.5 114.7 117.7 125.8 137.3 138.1 137.8 137.8 137.7 138.7 138.8 138.7 136.4 135.6 135.9 135.5 136 138.3 139.2 140.4 141.5 140.6 139.1 139.2 139.9 140.9 142.5 139.2 139.4 143.7 145.5 147.5 150.2 153.6 156.6 160.8 163.9 166.4 165.4 164.4 166.8 171.7 174.9 175.6 174.1 171.9 169 169.9 172.4 172.4 168.4 162 157.4
176.3 177.1 176.7 175.7 174.7 174 173.3 172.5 171.7 170.6 168.5 166.3 164 161.4 159 157 155.4 153.8 151.7 148.6 145.3 142.2 139.9 137.6 133.4 120.1 116.2 115.1 125.1 137.6 138.5 139.1 139.2 139 140.3 141.9 143.4 142.3 140.5 138.2 138 137.5 137.1 138.6 139.5 140.5 141.7 142 141 140.6 141.8 143.4 145.4 144.5 141.5 146.5 148.6 149.8 151.5 154.8 159.2 163.5 167.9 171.2 171.8 172.3 172.7 175.2 177.1 177.4 175.2 172.5 170.2 169.1 171.3 173.1 171.2 165.4 157.3
174 174.3 173.6 172.5 171.3 170.5 169.7 168.9 167.9 166.3 163.8 161.6 159.7 157.2 154.5 153.3 152.3 150.6 148.7 146.3 143.1 140.2 138 135 125.3 113.7 118.8 128.2 137.3 138.1 138.7 139.2 139.8 140.5 141.4 142.5 143.8 143.8 142.6 139.7 138.5 138.3 138.7 139.2 140.2 141 142.4 143.9 143.4 142.4 145.2 148.2 149.8 147 145.7 150 150.9 151.9 153.1 156 161 166.4 170.8 174.1 175.9 176.9 177.3 177.9 178.6 178.6 176.2 173.4 170.5 168.5 168.9 171.3 170.5 167.4 160.7
172 171.1 170.6 169.1 167.5 166.7 165.7 164.3 162.6 161.5 159.6 157.3 155.3 153.1 151 149.6 148.9 147.7 145.4 143 140 137.2 135.3 133.2 121.9 116 123.9 134.2 136.6 137.4 137.9 138.4 138.7 139.5 140.9 142.3 142.8 143.7 143.4 140.6 139.4 139 139.5 140.7 142 143.3 144.8 145.4 145.9 145 148.6 150.9 152.5 149.3 147.7 152.4 152.1 152.4 154 157.1 162.9 168.7 172.8 176 178.7 180.4 181 181.1 181 179.4 176.5 173.9 171.4 167.5 166 167.6 168 165.5 162.4
169.6 168 166.3 164.8 163.1 161.1 160.2 159.1 157.3 156.6 155.2 153.6 152 149.9 147.7 146.4 145.4 144.5 143.3 140 136.7 133.9 132.4 130.4 117.8 117.4 126.1 132.9 134.8 135.6 136.3 137.5 137.9 138.2 139.1 139.7 141 142.2 141.9 141.4 140.3 139.8 140 141.5 144.2 145.8 148.4 149.7 149 149.5 149.9 152.8 154.7 155 152.1 150.2 150.8 151.9 154.1 156.4 164.1 170.3 174.4 177.4 181 182.9 183.3 183.2 182.5 179.9 176.4 173.4 170.8 167.3 163.9 163.2 164.1 161.9 159.9
166.7 164.8 162.4 160.8 158.6 155.8 154.5 154.1 153.7 152.3 151 149.8 148.6 146.7 145.1 144.4 144.1 143.8 140 137.4 133.6 131 129.1 127.1 114.2 117.9 127.3 131 132.7 133.4 134.5 135 135.2 135.4 136.2 137.4 139.6 140.8 141.9 141.3 140.4 140.4 140.8 143.2 147.4 151.3 153.1 152.6 152 151.5 151.6 154.6 157.1 160.2 162.6 161.5 155 153.9 156 163.1 165.1 170.8 175.8 178.8 181.9 184.3 184.7 184.7 183.5 180.5 176.1 172.2 169.6 166.2 163.2 160.2 159.6 157.2 156.3
163.3 162 159.5 156.7 153.5 150.7 150.1 150.2 150 148.7 147.3 146.1 145.3 144.4 143.4 143.8 144.8 143.3 138.4 133.9 130.7 128.3 126.5 122.9 112.7 119.7 126.2 128.1 129.7 130.4 131.3 131.7 131.5 132.7 134.1 135.5 138.5 140.4 141 140.9 140.9 141.1 141.6 146.5 151.4 154.7 154.8 154 153.7 153.2 154.2 156.6 159.6 163.4 166.2 165 157.3 161 162.7 166.7 168.5 171.4 175.7 179.5 182.4 184.8 186.1 186.2 184.2 180.5 176.1 171.9 168.8 165.9 162.7 159.3 156.2 154 152.9
160.7 159.4 156.8 154.1 151.2 148.3 146.6 147.1 146.8 146.4 145 144 143.5 142.6 142 142.9 144 141.7 136.5 131.9 128.1 124.9 123.9 120.5 115.2 119.8 124.1 125.7 128.2 128.1 127.1 128 128 130.4 131.9 134.8 137.9 139.6 140.8 141.2 141.2 141.4 144.6 149.8 153.6 156.6 156.2 155.6 155.5 155.2 155.7 157.9 162 165.7 168.7 168.1 160.2 168.8 169.6 169.9 171.6 172.9 175.9 179.8 182.2 184.6 186.5 186.6 184.9 180.6 176.2 171.8 168.3 165.1 163.9 159.8 155.4 151.8 151.3
157.7 156.4 154.1 151.4 148.3 145.7 144.2 144.6 143.7 143.5 143.2 142.5 141.9 141.2 140.7 141.8 141.4 138.8 134 129.4 125.6 123.3 122.2 116.8 114.6 120.5 122 124 126.4 124.9 123.8 124.3 125.9 128.6 131.1 135.1 138.9 139.9 141 141.2 141.5 142.7 148 154.1 157 158.5 158.2 157.7 156.9 156.8 157.4 159.5 163.3 168 170.4 170.1 163 172.6 174.1 173.8 175.9 176.4 176.2 179.5 181.2 183.6 186.2 186.8 184.4 181 177.1 172.5 168.1 166 165.8 163.6 155.5 150.7 150
156 154.1 151.5 148.6 146 143.2 141.5 142.1 141.5 141.1 141 140.9 140.2 139.2 139.4 139 138.5 136.6 132.4 128.2 124.4 121.7 119.4 114.7 115.2 119.9 120.5 121.2 121.9 121.4 120.8 121.4 123.8 127.5 131.7 136.5 138.5 139.8 140.9 141.1 141.3 145.1 149.9 155.2 158.7 159.9 160.5 160.6 159.2 158.8 158.6 160.2 164.1 169.2 172.5 173.4 169.8 172.9 177.2 177.9 178.7 179.3 179.2 179.1 180.2 182.5 184.9 185.3 183.6 181.7 178 173.4 168.7 167.2 166.1 163.2 156.9 150.5 151.6
154 151.9 149.3 146.7 144.2 141.3 139.1 139.7 140 139.2 138.8 138 138.3 137.1 136.1 136 135.8 133.9 130.9 127 123.8 120.6 117.4 113 117.7 118.4 118.9 119.5 119.4 120 119 120.1 123 127 131.7 136.7 138.1 138.9 140.4 141.2 142.1 146.4 152.7 157.9 160.6 163.1 163.2 162.2 161.1 160 159.5 160.8 164.2 169.1 173.6 177 178.1 175.1 176.1 178.9 180.5 180.6 180.2 179.9 180.2 181.8 183 182.5 181.6 181.3 179.1 174.5 170 167.4 165.2 162 156.6 149.3 152.8
152.7 150.1 147.4 144.4 142 139.8 137.9 138.2 138.6 137.2 136 135.2 135.2 134.4 132.9 133.2 133.1 131.5 129.6 126.7 122.7 119.7 116.6 114.5 117.2 117.3 117.5 117.4 117.8 118.4 119 120.3 122.8 125.6 129.8 133.7 136.5 139.2 140 141.7 144 150.9 157.1 160.7 163.5 166.5 167.5 167.5 166.1 163.8 161.6 162.4 166.8 171 173 179.4 183.4 184.8 185.7 182.7 181.6 181.3 180.8 180.5 181.1 182.2 182.3 181.6 179.9 178.9 178.1 174.7 170.9 167.1 164 160.8 156.2 147.1 151.5
151.1 148.3 145.5 142.3 139.7 138.2 137.2 134.9 136.6 134.8 132.7 132.5 131.8 131.1 130.4 130.5 131 130.3 128.1 126 123 118.2 114.5 115 116.4 116.9 116.9 116.7 117.3 117.3 118.5 120.2 122.2 124.4 128.2 132.4 137.1 140.5 143.3 146.3 149.2 156.6 160.8 163 166 169.2 170.7 170.4 169.3 167.2 164.6 166 172 177.7 181.8 183.4 188 188.8 188.8 187 183.7 181.3 180.6 181 182 182.6 182.2 181 178.4 176.4 174.7 172.9 169.4 165.9 161.6 158.5 153.6 145.4 150.2
149.5 146.8 143.4 140.3 138.4 136.7 136.3 135.7 131.9 131.5 130.6 130.6 130.3 129.9 129.1 128.8 129.5 129.7 128.3 125.5 121.7 117.1 111.4 114.7 116.1 116.4 116.5 116.3 116.9 117.1 117.8 118.9 120.7 122.7 126 132.5 137.9 141.9 146.3 149.7 156 161.5 164.4 166.4 168.5 171.4 173.2 173.3 172.2 170.9 168.6 171.3 176.9 183.4 190.8 193.5 194.5 192.8 190.9 188.5 185.8 182.8 180.1 180.2 181.6 182.2 181.6 180.4 177.9 174.1 170.9 169.5 166.9 162.5 158 154.9 151.3 144.7 147.6
147.2 144.1 141 138.8 137.8 133.2 132.7 132.1 131.2 127.4 129.3 131.3 130.4 129.9 129.1 128.8 128.2 127.1 126.1 123.7 122.5 119.8 114.1 114.2 115.7 115.8 116 115.6 116.8 117.2 117.9 119.1 120.1 121.9 126.8 133.9 139.8 144.7 149.3 154.6 160.5 164.6 167.8 169.2 171.1 173.6 175.2 175.8 175.8 174.7 173.4 176.4 181.9 189.2 196 198 197.4 195 192.6 189.4 186.4 183.5 180.9 177.4 177.8 180.2 179.8 178.6 176.4 172.9 168.4 165.9 163.9 159.9 156 151.7 148.9 143.5 143.3
143.6 140.9 139.6 138.2 135.7 128.9 127.4 127.5 125.9 125.2 130.6 130.9 130.4 130.3 131.5 131.3 129.1 128.5 128.5 127.5 124.7 121.3 113.4 113.9 115.1 115.2 115.1 114.7 116 117 118.7 121.7 126.5 131.1 133.9 136.9 142.4 147.6 153.1 159.4 164.3 167.8 170 172.4 174.4 176.3 177.9 178.8 179 179.4 179.5 181.7 186.7 193.3 198.3 199.7 199.1 196.5 194 190.8 186.8 183.8 180.6 177.3 175.2 175.4 176 175.4 173.7 171 166.9 161.4 160.1 157.3 154.1 149.5 146.7 145 141.2
141 138.7 136.6 132 128.9 124.3 121.6 122.2 121.2 126.8 127.1 127.2 130.9 134.5 134.9 134.2 131.4 133 132.2 131.7 126.9 120.4 111.7 113.7 114.2 114 113.8 113.8 115.1 119.4 126.9 132 134.9 137.8 139.1 140.9 144.2 149.6 155.6 161.4 166.6 169.9 171.8 174.6 178 180.3 181.7 182.4 183 183.8 184 185.3 189.7 195.8 199.7 200.7 199.5 197.1 194.5 191.9 188.1 183.4 180 177 175 173.2 170.3 170 169.7 167.1 163.9 159.7 155 154.1 151.6 148.2 144.7 142.4 141.5
