ny/ny57_OST50GRID_20230518/NY57.asc
ncols 200
nrows 200
xllcorner 350000
yllcorner 570000
cellsize 50
[rows 105 to 139 of 200, columns 79 to 157 of 200]
130.2 134.2 137 138.8 139 136.1 134.7 134.1 133.3 132 129.6 123.6 119.8 116.7 127.6 128.2 127.9 126.7 126 125.6 125.3 124.9 124.3 123.8 123.4 123.9 125 125.7 126.4 127.4 129.2 134.1 137.8 139.4 142.1 143.8 150 154.5 157.3 158.1 157 158 164.2 168.9 167.9 163.8 158.1 154.4 151.2 150.4 151.4 153.1 152.4 151.8 149.1 150.8 151.6 152 151.2 155.2 153 150.5 149.9 149.2 154.7 155.9 157.6 159.4 161.7 166.1 169.6 177.5 182 185.9 187.6 179.1 193 194.9 197.4
131 135.6 137.4 138.5 139.5 139.3 136.5 134 132.6 132.5 131.3 128.5 121.3 118.8 122.4 126.7 125.9 125.2 124.6 124.2 124.2 123.9 123.2 122.2 122.5 123.2 123.7 124.7 125.3 126.4 127.4 129.4 132.3 134.2 136 138.1 140.8 145 148.5 149.6 150 150.8 159.8 163.9 159.3 155.7 155.2 153.1 147.9 147.5 152.4 153.5 153.4 151.7 148.1 147.4 147.8 148.4 148.2 144.7 146.9 149 151.7 153.3 154.8 156.3 157.9 161 166.5 173.1 177.2 181.6 185.3 189.2 192.2 193.6 185.7 195.1 201
130 134.7 137.7 138 137.8 137.6 136.7 133.9 131.7 131.5 130.9 129.6 128.4 120 118.5 118 120.6 123.3 123.1 123.2 123.4 123.5 123 123.4 124.1 124.4 124.1 124.7 125.6 127.5 129.7 129.8 131.4 132.7 133.3 135.6 137.9 138.3 140.8 143 144.5 145.7 156.3 157 152.4 150.4 151.3 148.3 145.3 149.3 152.9 153.7 154.2 150.6 146 145.4 145.3 146.2 145.3 146.5 148.1 149.9 151.2 152.6 154 155.4 158.1 164.6 170.2 176.6 181.1 185.5 187.7 191.9 194.7 196.8 198.6 185.9 200.6
128.9 132.2 135 134.9 134.4 134.1 134 133 130.7 130.1 129.2 128.9 128.5 127 117.7 118.4 118.3 117.7 118.9 119.4 121.1 121.4 123.3 124 124.4 125 126.1 126.4 127.8 129.2 130.4 131 132.3 132.7 134.2 135.5 136.7 137 137.5 138.3 139.4 140.7 146.3 148.2 144.9 144.1 144.8 140.8 141.8 146.5 151.3 151.4 151.4 145.8 144 143.8 143 143.9 144.7 147.1 148.7 149.7 151 152.2 153.5 154.7 159.8 167.7 173.5 178.7 183.8 188 191.2 193.7 196.1 198.7 200.3 197.5 194.2
128 130.4 132.2 131.8 130.7 129.5 129.2 129 128.9 127.9 127.1 126.8 126.4 125.8 124.2 121.2 117.2 116.5 115.5 117.8 118.5 119.4 121.8 124.7 125.2 125.9 127.6 129.5 130.4 131 130.8 131.9 133.1 134.2 135.4 137.1 138 138.1 137 136.8 136.4 137.2 140.2 141 136.4 133 136.2 137.3 137.9 140.9 145.1 147.4 146 140.4 140.5 141.8 142.6 143.6 144.8 147.4 148.6 149.5 150.7 151.9 153.3 158.2 164.4 170.2 177.4 184.1 188 191.3 194 196.5 198.1 200.1 201.5 202.2 201
128.5 129.1 129.5 129.2 127.8 127.4 126.8 126.7 126.8 126.2 125.5 125.4 125 123.8 121.7 119.2 116.8 116.4 118 119.2 115.8 116.1 119.4 122.8 125 126.7 129 130.5 130.7 131.1 130.2 131.1 131.9 132.7 133.2 133.9 134.4 136.1 137.1 135.1 130.5 133.2 134.4 133.7 134.6 135.8 134.2 136.3 135.7 137.2 138 137.4 139.4 140.1 141.5 140.4 140.3 144.1 146 147.8 148.5 149.3 150.2 150.9 154.5 160.4 166.3 174.8 182.5 189 193.3 196.3 198.5 200.3 201.7 202.4 203.5 204.2 203.8
131 132.5 130.5 129.1 127.8 128.1 128.8 128.4 126.4 124.9 124.9 124.1 123.9 120.1 117.9 116.7 113.7 118.8 124 121.6 122 120.7 119 120.7 120.5 120.5 122.3 122.8 124.6 126.4 125.1 125.4 126.1 127.3 127.3 126.4 125.4 132 132.7 127.7 132.8 131.8 132.5 134 135.3 138.2 139.7 138.7 140.1 138.4 139 139.5 139.9 140.3 141.8 143 143.8 144.8 146.4 148 148.6 149.2 150.3 153.2 157.8 163 169 176.6 185 191.3 196.3 198.3 201.2 203.4 203.8 203.5 203.2 203.4 203.9
132 134.1 134.2 131.1 128.4 127.5 128.1 128.7 127.8 125.9 122.7 122.1 118.1 116.7 116.5 116.3 116.5 126.8 128.2 127.6 126.4 124.1 122.9 121.3 120.5 121.3 122.4 120.8 121 122.8 122.1 122.3 125 124.4 125.9 127.5 127.9 129.1 130.6 132.9 135 136.1 137.3 136.9 138.3 140.5 142.3 144.1 142.4 142.1 140.2 140.6 141.2 141 142.5 143.9 145 145.6 146.9 148.2 150 152.1 156.5 160.6 164.4 168.4 173.2 178.2 184.7 190.2 194.6 197.8 199.2 200.2 200.5 200.5 199.2 201.1 204.3
131.1 133.6 133.8 133.6 131.3 128.8 127.3 127.1 126.6 125.3 116.8 115.3 115.7 115.8 115.8 115 124.7 127.9 129.6 130.3 130.4 129.6 127.9 124.6 122.1 123.6 125 125.7 125.9 126.8 127.4 127.2 126.9 127.3 126.6 127.8 128.6 130.1 133 135 137.1 139.1 140.6 141.7 141.8 143.7 144.7 145.1 144.3 144.8 141.1 141.5 142.5 143 144.2 146.6 148.1 148.8 151.3 152.4 154.7 156.9 161.4 166.4 169.7 172.1 176.5 181.1 185.6 188 191.2 193.5 194.4 195 196 194 197.9 201.4 207.6
129.5 132 132.3 132 132.3 131.1 128.1 124.9 125.2 113.7 113.4 114.8 115.2 115.4 114.4 122.5 125.6 128.7 130.6 131.8 132.2 131.9 130.8 129 125.3 125.8 127.8 129.2 129.4 130.5 131 130.3 129.4 127.9 127.9 130.2 132.2 134 135.2 136.3 138 140.8 143.1 144.3 146 147.9 148 147.7 147.8 145.9 142.5 141.8 143.5 145.5 150.3 153.9 156.4 158 159.5 161.1 162.7 163.6 165.8 169.9 173.1 175.1 178.3 180.8 183.8 185.6 186.8 187.5 187.1 186.4 188 195.1 201.8 204.4 209.4
125.8 129.9 130 129 128.4 128.4 127.2 124.3 121.8 113.9 114.7 116 119.1 120.4 121.7 124.5 126.6 129 130.8 132.8 133.4 132.9 131.6 130.2 126.5 127.4 131.1 132.3 133 133.5 133.5 132.4 130.6 130.4 131.6 134.4 135.7 136.8 138.3 141 143.5 145 148.3 151.3 153.2 153.4 153.1 152.6 149.9 147 144.9 143.6 145.4 146.2 154.4 159.4 162.1 164.2 165.6 167.1 168 169.6 170.6 172.4 174.9 177.3 178.1 179.1 179.6 180.5 181.3 179.6 180.3 186.9 194.8 200.3 205.1 208.8 211.8
117.4 125.9 127.1 126 124.7 123.8 123.2 119.2 115.8 111.8 115 118.7 120.7 123.7 124.3 124.6 126.9 129.2 130.5 132.3 133.1 132.6 131.6 129.9 126 129.2 131.9 134.6 135.4 135.2 134.3 132.7 132.8 133.8 136.1 138.3 139.6 140.9 142.4 146.5 150.3 153.2 154.2 155.8 157.2 157.8 158.2 157.9 153.9 149.6 148.4 146.5 147.5 147.3 149.3 157.7 162.3 165.5 167.8 169.9 171.8 172.7 173.9 174.9 175.8 176.7 176.5 176.7 175.8 175.7 175 178.6 184.2 191.8 202.6 206.7 209.4 212 213.9
123.9 116.8 123.4 124 123 120.9 118.5 114.2 113.8 111.9 118.3 123.6 124.9 124.4 125.5 126.5 127.1 129.5 131 132 132.4 131.7 130.4 128.8 127.1 129.6 131.2 133.7 135.7 135.5 134.2 134 135.3 138.2 141.5 143.4 145.2 147 148.4 152 155.6 158.3 159.1 159.8 159.5 159.7 159.5 158.7 155.6 153.3 152.3 151.2 152.4 153.4 152.4 152.4 159.3 164.6 168.1 170.4 172.1 172.8 173.2 173.9 174.2 174.3 173.9 173.1 172.4 173.2 175.6 181.7 189.6 197.1 205.5 210.9 213.8 215 216
125.2 122.8 116.8 121 120.7 118 114.2 113.6 113.2 111 125.1 128.8 129.6 128.8 127.6 127.9 128.8 129.8 132.5 132.2 131.4 130.3 129.2 127.5 128.8 129.3 130.9 132.3 134.3 135.5 134.4 134.8 137.2 140.6 144.6 147.7 150.5 152.7 154.1 155.2 157.8 160.1 162 162.4 161.5 160.8 159 157.5 155.8 157 156.1 156.8 158 159.8 160.6 160.6 153.4 159.3 164.1 166.9 169.4 170.5 171.6 172 171.6 170.7 169.9 170.1 171.5 174 177 184.4 192.6 201.7 211.8 217.2 220.5 221 220.9
123.7 119.9 114.5 115.1 117.6 114.1 113.1 112.9 112.4 121.4 129.3 131.8 132.6 132.3 131.6 131 130.2 130.7 132 132.4 131.3 130 128.7 128.6 129.2 129.6 130.6 131.7 132.4 134.2 134.2 135.4 137.1 142.2 147 150.8 153.5 155.6 156.5 156.9 158.4 160.5 162.1 162.7 162.2 160.8 158.9 157.8 158 158.7 159.6 161.1 161 163.8 165.3 168 165.9 159.4 158.8 158.5 160.6 160.8 163.7 165.8 167.5 167.5 168.2 169.4 172.8 174.9 177.4 185.1 197.2 207.5 217.3 224.1 228 229.1 228
121.3 120.9 119.3 112.9 113.2 112.6 112.8 110.9 121.7 128.2 131.6 133.6 135.1 135 134.5 133.9 133.1 132.3 132.4 132.4 131.8 130.5 129.3 128.6 129.6 130.3 130.4 131.5 131.6 132.3 133.4 135.4 137.7 143.2 148.6 152.5 155.3 157.1 157.8 158.9 159.9 161 161.2 161.5 161.1 160.7 160.5 160.9 162 162.5 162.2 163.6 164.4 165.8 167.8 170.9 172.9 173.5 173.1 172.4 170.8 169.6 166.6 169.2 168.3 168.4 170.7 172.5 173.8 177.6 182.2 188.4 201.7 214 222.4 227.2 231.3 234.1 234.6
120.5 119.9 118.7 115.4 113.1 110.8 113 120.3 126.6 130.4 132.8 134.8 136.7 137.6 137.1 136.5 135.7 134.5 133.6 132.8 132.3 131 129.7 129.4 130.4 130.1 130.3 130.5 131.1 131.8 132.6 135 139.5 144.4 148.7 152.1 155.6 158.1 160.1 161.5 162.6 163.6 163.7 163.9 163.9 163.1 163.4 165.7 167.5 167.9 167.2 168.2 168.4 167.8 168.3 170.9 172.5 174.1 175.4 175.8 175.1 174.2 170.4 169.7 171.3 171.3 171.9 174.3 177.8 183.1 190 197.2 207.4 216.2 224 228.7 233 237.8 239.5
117.4 117.3 117.2 114.1 112.1 112.4 118.7 125.4 129.6 131.9 133.6 135.3 137.3 139.3 139.5 138.7 137.6 136.6 135.5 134.7 133.6 132.1 130.3 130.2 130.8 130.2 131.1 131.2 131.6 132 132.2 135.3 139.7 144.5 148 151.4 154.8 157.7 160.4 162.7 164.5 165.8 166.8 167.2 167.5 167.4 167.1 167.6 168.1 169.1 170.4 171.8 171.9 171.3 170.6 170.4 171.5 172.6 173.6 175.3 176.1 176.3 173.2 173.9 175.5 176.4 179.3 179.8 182 188.8 198.4 207.9 215.2 223.6 228.8 233.8 236.8 240.9 242.8
119.7 117.1 113.3 112.3 112.1 113 124.2 128.6 131.6 133.6 134 135.8 137.7 139.8 141 140.4 139.4 138.4 137.3 136.5 134.9 133 131.2 131.1 131.8 131.7 131.2 131.7 132.1 132.4 133.3 134.8 139 143.3 147.2 150 152.7 155.7 158.9 160.9 163.2 165.2 166.8 168.1 168.6 168.7 168.6 168.6 168.7 169.2 170.6 172 172.8 173.9 173.3 172.1 173.1 174 176.4 178.1 179.8 179.1 176.9 177.6 181.4 183.2 185.3 186.1 184.2 192.7 205.1 216.1 226.1 231.4 235.8 240.2 243.6 246.2 247.5
120.5 119 112.5 111.7 111.9 119.2 125 128.8 131.6 133.5 135.1 136.3 138.1 140.1 141.6 141.7 140.9 140 138.7 137 135.6 133.5 131.4 131.9 133.9 133.9 134 134 134.4 134.6 136 137 138.4 140.8 144.9 148.1 150.7 153.6 156 158.5 161.1 163.6 165.4 166.6 167.8 168.7 168.8 168.5 168.4 168.6 169 169.5 171 172.5 174.3 176.7 177.9 177.7 177.8 180.1 183 184.8 184.5 178.8 188.6 189 189.8 190.5 187.7 193.6 210.2 223.5 231.5 237.7 241.9 246.4 251.4 254.6 254.7
121.5 113.9 112 111.7 117.7 120.8 124.9 128.7 130.8 132.4 133.9 136 138.4 140.4 141.7 142.4 142.3 141.5 139.9 138.1 135.3 133.3 132.3 134 135 135.7 136.7 138.2 139.2 139.8 140 139.8 139 138.7 142.6 146.2 149 152.3 154.5 156.3 159 161.8 163.3 164.5 166.2 167.2 168.1 167.6 167.1 168.1 169 169.5 171 174 177.3 179.1 182.2 182.8 182.7 183.8 185.5 188.4 190.6 181.9 193.3 194.5 194.3 190.9 191.9 196.7 208.3 220.2 227.5 234.4 238.1 243.2 249.6 255 257.6
117.4 111.1 111.2 111.6 122.9 121.8 124.8 127.1 129.6 132.1 134.9 137.4 139.1 141 141.8 142.6 143.1 142.4 140.4 137.1 134.3 134.5 135.5 136.2 137.1 137.2 138.5 141.4 144.5 145.2 145.1 143.9 143.2 142 140.9 142.7 145.6 150.2 153 155 156.4 159 161.2 162.7 164.5 165.5 166.3 166.5 166.1 167.6 168.8 169.8 171.5 174.5 178 182 183.6 186.7 188.9 190.5 190.9 192.5 193.2 192.7 188.2 194.4 194.9 194.4 197.6 199 204 212.1 218.4 227.6 233.8 241.4 247.1 250.9 253.4
111.3 109.1 116.5 124 125 126.3 126.6 128.9 130.9 134 137.5 140.6 142.7 143.1 143.7 143.7 143.3 142.3 139.7 136.1 136 137.1 137.9 139.4 140.2 142.6 144.8 148.1 149.1 150.4 149.7 148.1 147 145.9 145.4 143.7 144.6 146.3 149.8 152.5 155.9 156.5 157.8 160.7 162.7 163.3 163.9 164.3 166.2 168.1 172.6 172.8 175 176.4 178.9 182.1 186.3 189.9 194 196.8 198 197.1 197.8 198.9 197.8 189.9 192.3 197.5 199.8 200.8 204 207.8 213.9 227 237.1 242.4 246.3 248.4 251.9
110.4 112.6 119.8 126.1 127.5 128.9 129.6 132.2 135.5 139.5 144.9 147.4 148.5 147.5 146.3 144.4 144 142 137.5 136.8 138.4 141.7 144.5 147.4 149.7 151.5 153 153.7 153.8 154 153.8 153.1 151.3 150.2 149.3 147.2 146.2 148.3 152 154.6 157.3 159.4 161.1 161.4 161.6 161.8 163.3 165.3 166.6 170 172.7 174.7 177.1 178.9 182.4 185.2 188.2 192.2 197 201.1 203.8 204.7 202 203.1 202.3 200.6 194.5 195.5 199.1 201.8 204.6 208.5 214.4 227.8 237.1 242.3 245.3 248.3 250.2
110.3 113.9 121.7 127.8 130.4 131.7 131.9 134 137.1 141.8 147.1 149 149.7 149.5 148.5 146.7 144.2 141.8 138.4 137.9 141.5 147 150.8 153.1 155 156.2 157.3 158.2 158.3 157.7 157 156.5 155.5 154.3 153 150.9 150.1 151.3 151.4 153.9 156.4 159.6 161.6 163.2 162.9 162.9 164.3 167.6 169.7 170.8 172.5 176 177.7 179.3 182.4 186.6 190.5 194.1 198.5 201.9 204.7 206.5 205 205.6 204.4 202.4 201.7 199.6 197.8 202.9 206 210.4 215.9 225.5 234.7 239.6 242.8 246.5 249.5
108.4 115.5 124.6 128.7 132 133.8 134.1 135.2 138.7 145.5 147.9 149.1 150.2 150.2 149.6 148.1 145.9 143.2 139.8 138.8 142.1 148.2 152.2 155.3 157.8 159.2 160.1 160.8 161 160.7 159.8 159.5 158.2 157.1 155.7 154.4 154.1 154.1 154.1 154.5 155.6 157.3 160 161.9 162.8 163.4 165.2 168.8 171.6 173.7 176.5 179.1 181.1 183.1 185.5 187.8 191.2 194.9 197.7 200.5 202.7 204.7 204.7 204.1 203.5 203 202.6 202.5 200.7 203.8 207.4 212.4 217.2 223.7 231.7 238.9 243.2 247.5 252
112 122.3 125.8 129.1 132.5 134.7 135.8 136.8 139.7 144.5 147.4 148.5 149.3 149.8 149.1 148.1 145.7 143.4 141.8 140.3 144.9 147.8 151.4 155.3 158.8 160.9 161.6 162.2 162.6 162.6 162.7 162.4 161.7 160.3 158.8 158.7 158.1 157.7 157.1 158.3 158.3 158.3 158.8 160.5 161.8 163.7 166.3 172.1 176.5 179.5 181.5 183.4 185.1 186.9 189.5 191.5 193.4 194.3 197 199.2 200.7 202.4 203.2 203.6 204.2 203.7 204.6 205.5 204.6 203.9 209.6 214.4 218.8 226.7 233.3 238.6 243.9 250.4 256
124.3 127.4 128.7 130.4 132.4 135.1 137.4 139.5 141.5 144.7 146.4 147.8 149.1 148.5 147.9 146.3 144.9 142.9 141.5 140.9 143 145.9 149.4 153 156.9 160.3 161.2 162.1 162.5 163.7 164.3 164.9 164.6 163.4 162.6 162.2 161.9 162.1 160.8 161.3 162.9 163.5 163.8 164 164.9 166.9 173 178.6 182.8 186.1 188 190.5 191.9 193.2 194.3 196 197 196.4 197.7 199.6 200.5 202.1 203.2 203.9 205 206 208.3 209.8 209.4 210.1 208.7 216 220.6 225.7 232.9 239.5 245.1 251.7 258
129.4 129.2 130.2 131.1 132.6 135.8 139.7 141.2 143 144.4 145.3 146.4 147.3 146.9 145.4 144.2 142.9 141.7 140.8 141.1 142 143.6 146 150.1 153.1 156.5 159.1 161.3 164 166 167.6 167.5 167.6 166.9 166.5 167.1 166.9 166.7 165.1 165.6 166.2 167.1 168.3 168.5 170.5 173.2 178.2 184.2 189.3 193 196 198.1 199.2 200 200.5 201.5 199.8 197.9 198.6 202.4 204 204.8 203.5 206 209.8 216 217.4 217.8 217.2 216.4 216.7 219.1 220.8 224.7 230.5 237.2 244.3 252 260.1
129.1 129.5 130.4 131.3 132.3 135.7 141.5 143.3 144.5 145.2 145.4 144.9 144.8 144.3 143.1 142.2 142.4 142.1 141.1 141.4 142 145.5 149.1 151.9 155.8 157.6 163.3 170.5 173.8 174.5 176.3 176.3 174.3 171.7 171.6 170.4 170.5 169.6 168.2 168.7 169.6 171.2 172.7 173.5 175.7 178.8 181.4 187.3 193 196.8 199.7 202.2 203.9 204.5 204.4 201.9 198.9 200.8 208 212.8 214.6 213.6 213.6 217.3 222.1 224.1 224.5 225 224.3 222.2 223.2 225.7 226.6 231.2 236.6 244.1 251.9 254 263.5
128 128.9 129.9 130.8 132.1 136.3 142.7 144.8 145.4 146 145.9 145.1 143.4 142.1 141.1 141.3 142.4 142.1 142.1 142.2 144.6 150 153.7 158.4 162.8 164.9 169 174.8 178.4 179.6 179.8 179.1 177.9 176.5 174.5 173 172.3 171.1 171.8 172.3 173.7 174.7 177 178.5 181.1 184.2 187 189.1 196 199.3 201.5 203.4 204.8 204 202.9 200.7 203.4 212.7 226.4 230.6 231.5 233 233.6 235.8 235 233.5 232.2 230.8 230.7 229.7 228.9 233 235.3 238.9 245.1 250.4 255.9 261.2 265.3
126.2 129.5 129.8 130.7 132.4 136.1 141.2 145.1 146.1 146.5 146.6 145.3 143.5 141.6 141 141.5 142.9 143.6 144.2 146.2 152.2 157.5 160.9 164.4 168.4 173.3 176.6 179.7 180.7 181.6 181.8 181.3 179.6 177.8 176.4 175.1 174.2 173.9 174.3 174.8 176.6 178.9 180.7 182.8 186.3 188.2 190.9 195.2 199.5 202.2 203.4 203.8 202.6 201.8 201.4 204.5 210.5 224.8 236.2 239.3 241.3 242.3 242.1 242.5 242.2 240.9 239.6 237.5 237.4 237.7 237.1 239.9 242.8 245.6 251.8 258 264.4 268.9 272.7
124 129.3 129.9 129.8 132.2 133.8 138.4 143.6 145.7 145.7 145.3 145.1 142.8 140.6 141 143.1 146.4 148.1 148.9 154.8 159.4 163 166.5 169.9 174.7 179.4 182.4 183.5 182.7 182.6 182.6 181.7 180.6 178.1 176.6 176.3 175.3 175.5 176.1 177.2 179.5 180.8 183.5 186.3 188.8 187.5 195.6 200.8 204 205.6 205.2 203.5 202.2 202.2 204.1 209.7 216.3 229.6 236.9 244.2 246.8 245.3 246.4 246.6 245.7 247.1 246.5 245.9 246.3 247.2 245.5 248.1 250 254.8 260.2 268 274.9 278.9 281.3
128.5 127.4 127.4 129 130.3 131.8 134.4 140 144.7 144.6 144.1 142.8 140.8 140.5 141.8 145.1 148.3 151.3 157.2 160.5 164.7 168.5 171.8 175.1 179.3 183 185.3 186.7 185.9 184.2 182.1 181 179.9 178.4 177.2 177.4 175.9 176 176.9 178.6 180.2 181.5 183.7 186.2 186.3 190.7 196.4 200.8 203.6 203.1 203.6 205.7 207.6 207.4 210.6 217.9 223.3 226 237.3 243.4 247.5 249.3 249.7 251 252.6 253.6 253.4 253.3 252.6 253.6 253.4 254.5 257.9 262.7 270.6 277.7 282.6 286.4 289.5
130.1 129.9 127.9 130.5 131.9 133.8 133.3 135.8 141 143.8 142.8 140.7 140.5 141.5 144.6 148.3 153.1 158 161.9 165.5 169.2 173.9 177.6 180 182.5 183.9 185.3 185.5 185.7 185.2 183.5 180.7 179.3 178.6 178.2 177.7 176.6 176 176.6 178.9 180.8 181.9 183.1 184.3 188.3 192.3 195.8 200 199.8 204.6 210 212 215.1 213.1 215.8 227.7 232.3 235.9 239.7 243 247.4 251.3 253.9 259.1 259.4 260.5 260.2 259.6 259.5 257.6 257.8 260 264.7 268.7 279.1 289.5 295.1 298.5 298.8
