ny/ny57_OST50GRID_20230518/NY57.asc
ncols 200
nrows 200
xllcorner 350000
yllcorner 570000
cellsize 50
[rows 140 to 174 of 200, columns 0 to 78 of 200]
71.7 86.6 90.8 91.9 94.3 95 96.4 97.2 97.2 98.3 99.5 100.8 103.1 105.2 106 106.7 108 108.8 110.3 112.5 114.1 113.7 99.9 81.6 104.3 116.8 120.1 121.7 123.1 124.4 125.6 126.5 126.9 126.4 125.7 123.9 121.4 120.2 117.9 118.1 123.7 130.2 132.8 133 131.4 126.8 122.7 120.6 119.4 118.7 111.8 107.3 101.6 98.1 97.6 97.8 98.5 112.3 123.4 130.9 135.5 137.1 137 135.7 134.3 133.2 131.9 131.4 131.2 130.8 132.8 133.7 133.3 132.8 131.1 130.9 130.7 130.4 130.6
91.3 86.6 88.8 88.9 91.2 94.1 95.7 97.8 99 100.8 101.6 103 104.2 106.7 108.4 109 110 111.6 112.8 115.2 116.5 116.7 100.4 80.8 101.6 118.6 121.1 122.2 123.6 124.9 126.1 126 126.3 125.6 123.8 121.4 120 118.1 115.5 116.3 122.6 128.5 131.3 132 130.7 128.2 124.5 121.2 113 111.5 101.4 98.6 97.4 97.5 97.1 97.5 106.6 118.3 120.7 124.6 130.4 134.4 135.5 133.8 132.1 131 130.2 129.9 129.6 130.3 132.5 133.6 133.8 133.4 133 132.4 131.8 131.7 131.2
92.8 91.7 91.5 93.7 94.9 97.7 99.6 103.3 105.6 104.6 105.1 106 107.3 107.8 109.8 112.3 113.3 114.6 115.5 117.6 118 115.5 94 85.1 95.1 111.3 119.8 120.5 122.9 124.1 124.3 124.6 123.8 122.1 120.5 119.1 117.3 116 112.8 114.4 121.3 125.3 127 128.2 127.9 127.3 125.7 120.8 107.1 97.2 97.4 96.9 94.5 96.5 99.1 105.9 117 118.1 118.6 120.6 123.7 129.5 133.4 132.9 131.2 129.3 128.6 128.3 128.8 129.7 130.8 132.8 134.2 133.8 133.2 132.6 132.7 132.2 131.5
93.8 93.2 93.6 95.5 97.4 101.2 105.7 109.4 111.3 112.1 110.9 111.2 110.8 110.6 112.9 116 117.8 118.7 118.8 119.8 120 117.3 93.8 85.5 88.2 97.6 100.2 102.6 110 112.3 119.9 121.2 120.7 118.9 117.4 116.1 115 113.6 110.7 111.5 115.8 121.2 122.9 124 125.1 125.6 124.4 118.4 106.1 96.7 94.2 96 98.5 102.3 104.8 109.7 113.1 113.9 115.9 117.6 119.8 123.1 127.8 131.5 130.9 129.2 127.4 129 129.2 129.4 130.1 130.8 133.2 133.9 133.4 133 132.7 132.8 132.7
94.3 94.6 95 97.1 100 104.7 109.8 114 116.1 117.9 118.5 118.1 116.6 116.3 117.7 119.7 121.4 122.3 122.2 122 122 121.4 110.7 94 88 86.5 83.9 84.2 89 96.2 109.1 118.1 117.5 116 114.3 113 111.7 111.1 108.9 109.3 111.1 114.2 118.8 120.6 121.7 121.9 121.7 117.8 107.2 97.9 94 96.2 98.9 103.7 109.1 111.3 114.1 115.8 116.8 116.2 117.7 118.5 122.9 127.1 129.6 127.7 127.5 128.9 130.1 130 130.4 130.8 132.2 133.2 134.1 133.6 133.4 133.8 134.6
93.8 94 95.2 98.4 102.9 106.2 112.2 117 120.5 123.3 124.3 125.2 124.1 122.3 122.2 122.7 124.2 125 124.7 124.7 124.8 124.8 124.2 122.3 115.5 107.7 101.8 97.6 92.8 86.1 97.5 112.3 114.3 112.5 110.3 108.1 106.8 106.4 106.7 107.7 108.5 108.7 110.9 114.6 117.5 117.5 113 109.8 106.9 97.9 96.5 93.6 100.7 103.9 111.5 116.1 119.2 121.1 121.1 121.1 121.3 120.8 120.9 122.5 124.8 128 128.9 129.2 129.9 130.4 130.7 130.8 131.9 133.3 134.6 134.4 134.6 137.2 139.7
92.7 94.4 96.4 99.4 103.6 109.4 115.1 120.4 126.4 129.4 130.7 129.7 128.2 126.4 126.1 126.3 126.4 126.8 126.2 126.7 127 126.5 125.2 124.6 123.5 120.8 117.7 113.1 106.6 89.9 89.9 105 109.7 108 105.7 103.2 100.7 100.7 104.3 105.5 104.6 105.2 105.5 108.1 112.9 105.6 98.5 96.7 97.3 95.8 96.2 94.5 101.9 109.2 115.8 120.8 124.6 126.2 127.2 127.8 127.3 125.7 124.2 123.7 124.7 126.3 128.8 130 130.7 131.5 131.8 131.8 132.8 134.1 135.5 136.7 138 141.1 144.3
93.6 95.9 98.9 102.6 107 111.5 117.4 122.8 128.8 130.9 130.8 130.4 130.5 129.5 129.3 129.2 129.2 128.8 128 127.9 128.1 128.1 126.9 125.4 123.4 121.8 120.6 117.9 112.7 92.2 89.1 94.4 103.4 103.3 101.6 97.5 93.3 94.4 97.5 97.7 95.1 96.3 96.6 100 101.7 91 92.6 91.5 94.1 94.7 94.9 95.1 103.9 114.9 119.7 123.9 125.8 127.4 128.6 129.8 131.2 131.2 128.4 126.7 127.6 130 130.1 129.7 131.5 132.4 132.6 133.5 134.2 135.4 137.3 140.8 143.4 146.6 150.2
95.8 99 101 106.5 110.9 114 117.8 122.3 125.3 127.1 128.9 130.9 132.1 132 131.5 131.2 130.8 130.8 130.3 129.4 129.7 129.3 128.2 126.2 123.4 121.7 120.3 118.2 111.9 91.1 88.7 90 93.6 97.4 96.4 94 90.8 90.9 90.9 91.4 92 92.6 92.8 92.7 91.6 92.6 92.8 93.9 93.9 93.3 94.6 92.3 108.8 114.7 122.4 123.8 123 126.3 128.2 129.8 131.6 133.4 132.8 131.1 131.3 131.8 132.9 132.8 133.3 134.5 135.7 136.5 137.7 139.9 142.6 145.9 149.4 153.5 157.8
100.1 103.3 106.2 108.2 110.9 114.1 116.5 118.3 120.7 123.8 127 130.1 132 132.8 132.6 132.3 132.3 132.1 132 131.5 130.3 129.6 128.4 126.7 124.2 122.2 120.2 118 109.9 94.3 88 89.1 88.8 86.7 89.5 87.5 90.3 91 91.2 91.5 91.9 92 89.8 91.2 92.5 92.8 93.6 94.7 95.9 101.8 104.3 103.7 108.5 112.3 119.2 120.5 124.7 124.2 126.9 128.9 130.6 132.9 134.5 134.2 134.1 134 134.4 135.6 137.4 139.1 141 141.8 143.2 145.6 148.3 151.1 154.9 159 162.4
104.2 108 110.9 111.3 111.2 112 115 117.3 120.2 123.5 126.3 128.6 130.6 132.7 132.4 131.8 131.3 130.9 131.4 131.4 129.9 128.5 127.2 126 124.7 122.6 120.4 117.8 111.4 100.4 88 86.2 88.1 89.4 89.8 89.6 90.2 91.1 91.4 91.5 91.7 92 92 92.4 92.7 93.9 95.6 100.8 102.3 106.9 111.1 110.3 111 113.2 117 120.7 124.4 125.4 125.3 127.3 129.2 131.4 133.8 135.1 135.8 136.1 136.5 137.6 140 143.1 146 147.5 149 151 153.6 156.2 159.2 162.6 165.6
108 111.2 113.2 114.1 113.5 114.7 118.8 123.5 127.8 129 129.8 130.4 133.2 135.7 132.8 131.2 130.9 129.2 128.7 129.2 129.4 128.3 126.6 124.9 123.8 122.1 119.9 117.6 114.1 109.4 103.7 98.6 90.3 90.4 90.1 90.4 90.5 90.4 91.2 91.4 91.7 92.1 92.4 92.8 93.4 97.1 101.4 103 106.2 110.3 112.8 114.6 116.6 116.6 116.3 119.3 121.8 123.9 125 125.4 127.1 128.8 131.6 133.9 135.6 136.3 136.6 137.6 140.8 146 151 152.8 154.4 156.7 158.6 160.9 163.1 166.6 169.6
110 112.8 114.6 115.1 114.7 118.1 123.7 129.1 133.4 135 135.6 134.5 135.8 135.5 132.7 129.9 129.5 128.3 127.2 126.9 126.1 125.5 124.5 123.6 122.2 120.4 119 117.2 114.6 111.1 106.1 96.6 97.4 97.9 97.5 97 93.4 90.4 90.3 91.3 91.8 92 92.5 96.5 97.7 95.1 100.7 106 109.8 112.9 114.2 114.8 116.2 116.4 117.8 118.1 119.3 121.8 123.6 124.9 126 127 129.1 131.6 134.1 135.6 136.7 137.8 141.5 146.2 152.2 156.9 159.7 161.2 163 165 166.7 171 171.3
111 114 115.9 116.1 116.5 120.4 127.2 133 135.9 137.8 138.7 137.8 134.9 133.1 132.9 130.6 128.9 128.1 126.8 125.6 123.3 122 121.2 119.4 117.9 117.5 117.7 116.3 114.5 109.5 101 106.7 103.1 101.1 104.8 104.6 103.6 103.1 88.6 90.1 94.3 98.7 92 101.8 102.1 97.7 98.1 103.8 111.3 114.7 114.7 114.7 114.7 115.9 117.3 117.9 117.9 119.6 121.3 122.8 124.1 125.4 126.7 129.2 131.8 134.2 136.1 138.1 141.7 145.5 150.4 156.5 161.1 163.6 165.5 167.6 168.7 169.6 169.4
112.3 115.2 117 117.2 118.8 122.2 127.8 133 135.4 137 137.7 137.1 135.3 132.7 133.6 132.3 131.3 128.8 126.2 124.1 123.5 121.2 118.6 117 115.1 114.6 115.1 115.3 112.4 110.5 110.9 109.2 105.8 103.3 106.5 107.8 107.8 106.9 101.8 99.1 102.9 102.8 97.9 101.7 102.5 104.1 106.7 106 101.7 111.9 114.6 114.1 114 115 116.4 116.4 116.6 118 119.6 121.1 122.4 123.7 125.4 126.9 129.3 132.3 134.9 137.5 141 144.4 149.3 155.4 160.1 162.9 164.5 166.8 168.1 167.9 167.7
112.9 115.2 116.6 118.1 119.9 122.4 127 132.4 133.2 134.1 135.1 135.8 134.1 132.1 132.5 134.7 134.5 132.7 129.9 125.5 122.3 120.3 118.5 118.4 118.3 115.7 113.3 109.2 113.5 114 113 110.4 108.6 106.1 106.5 108.6 109.1 108 106.5 104.2 103.3 103.4 101.7 102.6 103.4 107 111.6 113.4 108.2 99.4 112.3 109.9 110.5 111.3 113.5 114.8 115.1 116.1 117.5 119.4 120.4 121.8 123.8 125.6 127.6 130.9 133.6 136.7 139.5 144.3 149.7 154.6 158.4 161.5 163.5 165.1 166.2 167.5 166.9
113.7 115.1 116.5 118.2 120.6 122.5 126.4 129.8 131.5 131 131.4 132.8 132.7 131.2 132 135.5 136.7 136.4 135.2 133.7 131.7 128.4 124.9 124.5 124.6 120.7 118 116.1 115.1 114.6 113.5 112.4 110.4 109.4 108.1 107.6 107.7 108.1 106.6 105.1 104.2 103.3 102.9 103.4 103.5 106.8 112.4 115.5 113.7 112 100.2 101 104.5 110.2 113.9 114.8 115.7 116 116 116.8 118.1 119.9 122 125.5 126.9 129.2 132.2 135.2 138.2 143.9 149.3 153.8 157.6 158.7 160.8 162.8 164.2 165.5 165.8
115.3 116.6 117.2 118 119.9 121.7 123.9 126.7 128.6 128.4 129.3 130 130.3 129.5 131.1 133 135.1 135.8 135.5 135.7 135.8 135.4 133.8 133 131.4 123.9 121.9 119.7 118.2 116.7 114.6 113.6 112.5 111.1 109.4 107.5 107 107 105.9 104.6 103.8 103.6 103.6 103.8 104.3 106.2 109.6 114.9 115.3 113.9 110.4 109.7 111.7 110.5 105.9 109.4 109.3 113.2 113.1 114.9 116.9 118.8 120.1 122.9 125.5 127.6 130.5 134.2 138.1 143 147.6 151.8 154.8 157 158.2 160.2 161.8 162.3 160
117.1 118 118.2 118.9 119.1 120.4 121 123 124.8 125.9 126.1 126.5 126.3 126.4 127.9 129 131.4 132.9 134.2 134.2 134.9 135.1 134.5 134.1 133.8 128.9 124.4 123.9 121.2 118.9 116.7 115 114.1 112.8 110.5 108.6 106.9 106.1 105.4 104.4 104 103.8 104 104.3 105 106 108.2 112.2 114.9 114 112.7 111.8 113.3 115 116.4 114.5 115 115.9 116.4 114.9 114.4 117.2 118.3 121.2 123.4 126.1 129 133.3 137.6 141.8 145.3 148.9 151.3 153.3 154.4 155.7 156.7 156.7 154.1
117.8 118 118.8 118.7 118.6 118.2 118.4 119.7 121 122.3 122 121.8 122.1 122.7 123.7 124.9 127.2 129.7 131.7 131.5 132.1 133.4 133.6 133.4 133.4 132.4 129.3 125.9 123.7 122.1 119.1 117 115.9 114.4 112.2 110.1 108.2 106.9 105.2 104.8 104.3 104.3 104.6 105.8 105.9 106.5 108.5 111.7 113.2 113.3 113.8 113.2 113.8 115.2 116.6 116.3 115.8 116.3 116.6 117.1 117.9 118.7 117.9 120.9 123.7 127.9 131.7 135 138 140.8 143.7 146.4 148 149.8 151 151.1 151.5 151.1 155.2
117.1 117.4 118.4 118.3 118 117.3 117.2 117.8 117.9 118.5 118.3 117.9 118.7 119.3 120.2 121.7 123.6 125.1 127.7 128.7 129.6 130.5 130.9 131.1 132 131.7 129.7 127.8 125.8 123.9 121.4 118.8 117 116.3 113.4 110.8 108.6 107 105.6 105.1 104.9 105.5 107.7 110.2 111 110.9 109.7 110.3 111 111.9 113.7 114.7 115.3 116.1 117 117 116.6 116.7 117.4 117.9 119.4 121.3 122.9 122.5 123.6 130.2 133.4 135.8 137.9 140.2 142.7 143.6 145.1 146.2 146.5 145.5 146.2 151.8 159.5
117.8 117.2 117.9 118.2 117.9 117.4 117.3 117.3 117 116.9 116.6 116 116.3 116.6 117.5 119.1 121 121.9 123.8 124.7 125.9 126.9 127.3 128 128.9 129.8 129.9 129.1 126.9 125.1 123.8 121.1 118.7 118.1 115.9 112.6 110 107.7 106.9 107.9 107.2 107.8 111.4 112.4 113.1 112.7 111.5 111.1 112.3 111.9 114 115.7 116.7 117.4 118.3 119.5 121.4 122 121.2 120.8 121.4 122.7 126.3 128.4 124.8 130.5 134 136.2 138 140 141.6 142.1 142.4 143.2 142.9 144.7 149.9 156.5 162
118.9 118.7 118.2 118.3 118.2 118.5 118.6 118.1 117.5 116.8 116.7 116.3 115.8 115.8 115.9 117.5 118.4 119 120.1 121.2 122.4 123.9 124 125.4 126.6 127.5 127.7 127.7 127.4 126.3 125.3 123.4 121.3 120.3 119 115.4 111.7 109.8 111.1 112.7 113.6 113.7 113.8 114.5 114.5 112.8 112.9 115.4 116.3 116.9 116.1 117.3 118.3 119 121.1 124.2 126.5 127.3 126.4 125.3 125.3 125.9 128.9 131.4 131.3 122.5 129.1 135.5 136.9 137.9 138.6 138.1 138.1 136.8 140.5 149.4 154.8 159.6 163.5
119.4 119.3 119.5 119 119.5 119.8 120.3 119.8 119.2 118.4 117.2 116.6 116.1 116.3 116.3 116.2 116.1 116.5 117.3 118.5 119.7 120.9 122.5 123.1 124.4 125.3 125.2 125.7 126.6 126.6 126.6 125.5 123.7 122.4 120.5 117.5 113.3 111.7 114.6 116.8 118.1 118.5 117.5 116.6 117 114.8 116.3 118.5 119.7 120.1 120.8 121.1 122.1 123.5 125.3 127.5 129.3 130.4 130.8 130.7 130 129.8 130.4 132.7 134.4 134.2 127.6 129.4 132.8 133.8 133.9 133.9 133.9 138 147 152.5 156.9 161.1 164
119.1 119.9 119.9 120.9 121.2 121.1 121.7 121.6 121.5 119.5 117.8 116.9 116.3 116.9 116.9 116 115.9 115.4 114.9 116.8 118.5 120.2 121.9 122.5 123 123.7 124.4 125 125 125.2 125.1 125.6 124.9 123.6 121.5 119.4 114.8 113.4 117.8 120.2 120.9 120.5 119.9 119.6 119.7 119.7 121.1 122.8 123.8 125.9 126.9 126.7 127.3 127.8 128.2 129.2 130.3 130.9 131.9 132.5 132.9 132.4 132.1 133 134.8 135.5 134 127.4 129 130.2 131.5 132.2 132.6 139.4 145.3 152.8 157.1 159.6 162.4
117.7 119.8 120.7 121.7 121.3 121.7 122.7 123.3 122 120.1 118.6 117.5 116.9 117.4 118.1 117.6 116.7 116 114.5 115.5 117.5 119.2 120.6 121.5 122.3 122.9 123.4 123.8 123.7 123.4 123.4 124.2 124.1 123.8 122.9 121 117.4 114.6 120.6 122 121.9 121.2 120.3 120.3 120.6 120.7 122.8 124.6 126.2 127.8 128.8 129.1 129.6 129.4 129.6 129.6 130.1 129.9 130.3 130.8 132.4 133.4 133.6 134.1 134.9 135.3 133.5 130.8 130.4 129.4 130.8 130.9 132.9 136.5 142.3 147.9 153.2 157.7 160.1
118.9 120 121.5 122.3 121.8 122.5 123.1 122.8 121.5 119.5 118.6 117.2 118.7 121.6 124.2 123 120.5 117.9 114.9 113.5 115.3 117 118.7 120.2 121 121.5 121.9 122.3 122.2 121.9 121.3 121.5 121.7 122.1 121.8 120.7 119.4 112.9 119 121 121.5 121.7 121.1 120.3 120 120 122 124.1 125.9 127 127.6 128.7 129.9 130.3 129.3 128.4 126.9 126.4 128.3 131.1 133.5 135.7 136.3 136.8 137.4 138.5 138.6 140 137.8 134.8 132 131.8 132.6 135.5 142.8 146.4 149.6 154.5 157.6
117.7 118.7 119.5 120.5 121 121.4 122.2 121.4 120 118.4 119 118.4 121.2 126 129.1 128.2 126.5 122.7 117.1 114.3 113.3 114.7 116.8 117.8 118.4 118.8 119.1 119.3 119.7 120.3 119.1 118.6 118.7 119.7 119.3 119.1 118.2 113.5 115.2 117.6 118.7 119 118.9 118.7 118.3 119.1 120.9 122.4 123.8 124.7 125.3 126.6 127.8 128.5 127.8 125.5 124.7 129.4 133.3 135.8 138.4 141.4 142.5 143 144.1 146.4 146.7 145.8 142.7 140.6 137.5 136.3 136.5 138.7 143.3 146.3 148.1 150.3 154.6
114.1 115.5 116.4 116.7 117.3 119.1 121.1 120.8 120 119.5 120.3 121 122.6 125.8 129.1 131.7 130.9 126.9 121.7 116.4 114.7 114 114.1 114.9 114.5 115.3 115.7 115.6 115.7 116.3 116.1 115.2 115 115.3 116.4 116.6 115.7 112.6 112.5 114.2 114.3 114.7 115.2 115.7 116.9 117.9 118 119.6 121 122.3 123.1 124.3 125.3 125.5 125 123.2 126 132.6 135.8 138.7 143.1 146.1 147.8 149.9 151.4 151.5 152.1 150.9 148.5 146.2 142.7 140.4 139.7 141.9 144.7 146.1 146.9 148.7 151.1
112 113.2 113.5 113.7 115.5 117.7 120.2 120.7 120.8 123.2 125.7 125.2 125.2 126.4 128 130.3 129.8 127.8 124.4 119 115.7 113 113 112.3 112.1 111.6 112 112.1 112.2 112.1 112.4 112.2 112.1 112.8 112.2 112.1 112.2 110.3 110.5 111.7 111.6 112.4 113.9 114 114 115.2 115.8 116.3 117.6 118.2 119.4 121.6 123 122.3 121.7 121.2 127.3 133.5 136.7 141.5 146.9 149.6 153 156.1 158.6 158.4 158.2 156.5 154.3 151.9 148.9 145.6 144.7 145.5 146.1 145.8 146 146.6 147.9
110 110.5 110.9 112.6 115.1 117.5 119 120.3 122.4 124.5 126.9 127.7 128 127.9 127.7 128.4 128.1 126.7 124.1 120.5 115.9 112 111.6 111.3 112 111.6 109.9 109.7 109.5 109.3 109.2 109.5 110.4 110.5 109.1 108.6 108.7 108.8 109.2 109.7 110.7 112 112.3 112.6 111.9 112.1 112.3 112.6 113.1 114 116.5 119.1 120.2 119.4 118.6 120.3 126.3 132.7 137.3 142.4 147.4 151.9 156.7 162.5 163.3 163.3 163 161.5 159.6 157.9 155.3 152.9 150.4 150.1 148.8 147 146.2 146.3 146.7
108.6 108.6 109.3 111.9 114.3 116.3 120 122.3 123.7 123.8 126 127.6 128.7 128 126.7 125.7 125 124.4 122.7 119.5 116 113.2 111.5 111.2 112.9 113.2 112.2 110.2 109.5 109.3 109.2 108.9 108.5 108.5 108.4 108.3 108.9 109 109.5 109.3 109.6 110.4 110.9 110.3 110.3 110.4 110.8 111.2 112.2 112.7 113.6 116.6 117.9 117.3 117.4 119.2 125.4 131.8 135.7 141.1 146.3 151.3 155.8 159.5 161.6 162.7 162.9 162.8 162.7 162.5 161.9 159.9 157.5 154.5 152.3 150.1 148.4 147.4 148
105.7 105.7 107 109.8 112.5 116 121.5 123.7 123.4 122.2 123.6 125 126.4 126 124.7 122.8 121.7 121 120.2 118.5 116.6 114.2 112.5 112.3 114.3 116.3 117.1 116.1 113.4 112 111.6 109.5 108.9 108.1 109.1 110.8 111.6 112.9 112.8 110.4 109.9 109.3 109.5 110.3 110.3 110.3 110.8 113.5 115.9 116 114.9 114.2 115.7 116.2 116.7 119.5 125.4 131.1 135.1 138.8 144 148.3 151.9 154 156.1 157.3 158.6 159.7 160.8 162 162.3 162.1 161.9 157.3 155.1 152.3 151.1 150.2 150.9
102.6 103 104.3 107.4 111.6 115.5 120 121.2 118.6 120.4 121.3 123.1 124.7 124.3 123.2 121.4 119.2 118.5 117.2 116.5 115.5 114.1 113.1 112.3 113.9 116 117.7 118.1 116.3 114.4 113.8 113 111.1 108.5 109.4 112 115.4 117 116.2 113.8 111.8 110.9 109.8 111 111.4 113.4 115.1 116.6 118.6 118.5 117.9 116.6 115.6 116.1 117.2 120.5 125.8 130.3 134.4 137.4 141.2 143.2 147.5 148.6 150.7 152 153.2 154.4 155.6 157 158.2 159.4 159.2 157.1 155.3 154.4 153.3 152.5 152.2
99.8 100.2 103.4 105.9 109.2 113.1 116.4 112.7 113.4 118.9 120.3 121.7 122.9 122.7 121.8 119.7 116.9 114.7 114.2 113.6 112.9 112.9 113 111.8 113.3 114.1 115 115.4 114.6 113.7 113.1 111.5 109.9 108.2 110.3 111.7 117.4 118.8 117.2 115.2 113.5 112.6 110.4 112.8 114.9 117.3 118.2 119.7 121.3 120.8 120.6 119.1 119.1 120.3 121.9 125 128.6 131.8 133.7 136.9 139.7 140.2 140.4 143 145.2 146.7 147.8 149 150.5 152.1 153.6 155 155.1 154.2 154.3 153.7 153 152.9 152.9
