ny/ny32_OST50GRID_20230518/NY32.asc
ncols 200
nrows 200
xllcorner 330000
yllcorner 520000
cellsize 50
[rows 70 to 104 of 200, columns 0 to 77 of 200]
405 432.9 458.9 484.2 506.4 525.2 541.8 558.2 571.7 578.5 581.6 585.8 592.9 598.4 599.7 598.2 596.1 590 585.8 584.7 579.6 569.6 546.6 531.5 517.6 505.8 488.6 465.7 434.8 401 424.6 454.3 484.3 506.4 516.2 522.5 522.3 517.1 509.4 507.6 503.6 495.3 479 449.1 417 386.6 355.1 322.3 297.7 328.3 354.3 363.3 362.1 353.4 342.8 331.7 314.3 296.9 278.4 264.1 251.1 245.4 232.3 236.3 234.5 228.7 224.4 219.8 213.9 209.2 202.4 197.9 192.6 191 188.4 186.5 185.2 185.3
398.9 425.6 450.9 473.8 493.6 509.1 524.5 539.4 550.7 560.7 567.1 575.2 580.9 585.5 584.8 582.3 577.9 571.7 570.1 570.3 560.7 541 515.6 497.2 487.9 478.1 464.2 453.5 428.7 392.4 411.6 437.5 462 479.2 487.8 491.1 487.7 481.7 474.1 471.1 464.2 453 443.2 418.7 395.7 373 348.7 317.5 282.2 312.7 331.1 336.8 334.5 329.1 322.5 307.7 287.2 270.5 257 247.6 241.4 237.9 221 225.1 222.7 218.5 213.3 209.7 201.8 201.6 204.9 199 190.7 183.1 182.2 183 179.1 182.1
390.3 414.5 437.7 458.9 482.5 499.9 518.4 533.2 544.6 553.8 558.5 564.8 570 570.6 568.4 567.5 561.8 556.1 555.1 553.8 544.5 523.8 492.1 472.4 461.3 455 447.7 435.5 419.6 384.2 390.2 416.2 435.7 449.2 457.9 458.4 453.6 445.9 438.5 432.8 425.4 415.1 405.4 386.7 369.7 351.4 333.9 314 282.1 297.4 312.6 308.2 306.1 300 294.6 280.4 263.6 251.5 243.5 236.6 231.2 229.8 222.1 211.4 213 211.4 206.4 197.3 199.6 199.4 194.9 190.4 185.7 180.9 177.1 176.7 172.2 173.1
375 406.5 431.2 457.1 478.9 498.4 513 526.3 534.9 544.4 551 556.8 556.7 557.3 556.4 551.6 546.1 543.7 540.2 536.5 528.2 507.7 471 451.9 439.5 433.7 425.4 413.6 402.9 373.7 368.2 394 407.8 417.5 424 422.4 416.9 410.2 403.7 396.5 390.1 381.4 372 359.2 344 328.5 314.6 292.8 260.7 284.8 284.1 280 275.7 270.4 264.6 254.6 244.4 238.7 234.9 230.7 226.6 221.7 217.6 203.4 201.8 199.9 194.2 198.2 195.3 193.4 189.3 184.7 182 180.4 177.7 171.5 169.1 168.3
372.8 397.9 429.6 455.5 477.6 494.8 507.4 519 527.8 534.6 542.8 544.9 545.6 545.5 543.7 539.4 534.3 531.1 527.1 521.1 513.8 488.1 458.1 436.7 420.4 408.2 399 390.1 380 364.4 345.8 366.3 377.3 385.7 389.5 388.7 384.2 377.2 368.8 361.4 355.2 347.1 339.4 329 316.6 303.7 293.2 279.7 252.1 264.9 261.1 255.4 251.4 247.1 243 239.7 233.7 230.6 227.6 224.6 219.8 214.7 207.8 198.7 191.9 191.4 191.9 190.6 190.8 186.5 182 178.6 176.3 174.9 175.8 170.7 165.2 164.5
359.7 390.3 429.3 454.5 473.1 487.5 500.6 508.2 518 526.5 530.3 531 532.7 532.4 530.1 527.2 524.9 520.9 514.5 509.7 501.1 474.6 444.5 421.2 405.8 388.3 377.6 368.6 358.7 346.2 319.8 338.9 347.5 352.3 354 355.6 349.9 343.7 336.5 329.3 322.2 316 307 297.3 288.1 279.7 271.9 261.1 248 245.3 245.6 241.4 238.6 234.7 230.8 229.1 225.8 222.5 219.7 216 210.5 205.3 200.2 189.2 183.5 186.7 184.7 182.9 180.9 176.3 175.1 173.8 170.9 169.8 168 165.9 161.3 160.8
352.9 392 427.7 450.9 467.9 480.3 492.6 499.9 505.5 511.7 514.8 516.6 517.2 515.5 514.7 514.3 511.4 508.3 506.4 502 493.5 467.4 438.4 411.5 393.1 377.4 363.8 351.9 343.8 333.7 310.4 314 320.8 322 323.3 320.6 314.9 310.6 306.5 299.7 294 288.5 279.7 272.6 265.8 259.8 253.1 247 239.7 228.2 234.2 232.3 229.7 227.3 224.5 220.8 216.1 211.7 206.9 203.5 196.9 193.3 186.1 181 180.2 180 179.6 177.1 175.3 170.4 170.5 169.2 166.8 164.8 160.1 158.7 158.3 157.4
354.9 389.8 424.2 445.1 458.9 471.3 482.8 490 494.9 499 501.6 502 502.7 501.5 501.9 500.6 498.7 499.3 497 489.4 482.3 464.6 434.1 406.4 384.4 367.2 353 339.7 328.8 320.4 310.5 288.5 299.1 299.4 303.4 302.4 296.1 289.5 284.1 280 276.6 269.9 261.4 254.5 249.1 245.1 241.3 237.1 231.2 223.9 214.7 226.1 222.9 218.6 214 206.5 205.3 200.3 194.8 189.3 183.6 182.2 177.3 174.5 175.1 175.5 174.5 172.9 170.9 166.8 165.5 164.6 162.6 162.4 152.4 151.7 155 155.4
356.2 390.6 420.7 439.3 450.5 460.8 469.1 475.5 480.2 483.6 486.3 489.9 488.8 488.1 488.5 484.2 480.3 479.1 478.4 471.2 460.3 447.8 431 401.4 378.1 355.3 335.6 325.3 315.2 306.5 297.5 280.7 281 279.8 283.4 283.9 279.2 275.2 271.4 265.2 260.8 255.2 248.2 242.5 239 235.7 232.2 229 224.5 217.5 214 217 213 208.1 203.8 197.8 193 188.3 183.1 178.9 177.6 172.8 170.8 170.1 170.4 170.3 167.7 167.1 165.4 162.9 159.6 158.7 157.4 158 150.1 150.9 151.9 152.7
361.1 392.4 410.1 425 434.2 444.2 453.6 461 465.3 467.2 471.6 472.1 469.6 468.5 465.8 462.5 459.6 456.1 454.8 448.1 438.1 427 413 395.8 371 345.4 322 307.8 299.1 291.6 283.9 275.3 269 267.3 265.1 265.6 262.9 260.5 257.8 251.9 248.3 243.4 236.9 232.8 230.7 227.3 222.2 218.5 212.3 210.1 205.8 200.4 201 197.7 193.5 189.2 186.3 181.4 178.5 174.6 170.9 168.2 164.6 166 166.1 166.1 163.6 161.4 160.9 158.8 152.6 152.4 151.3 149.4 149.1 149.4 149.7 149.6
360.8 383.3 398.6 410.4 419.9 428.3 436.3 442.5 446.1 449.6 450.7 451.1 450.8 447.1 443.6 440.6 439.4 435.4 432.8 429.2 425.2 407.5 394 377.4 352.8 331.6 309.7 293.2 282.1 275.7 269.5 264.3 256.4 256.1 253.4 249.5 249.4 247.8 243.2 238.9 234.2 230.1 227.4 224.8 222 215.3 210.4 205.3 203 202.8 199.3 189.9 189.9 188.9 186.5 183.7 181.6 178.1 174.5 170.8 166.1 164.2 161.6 162 161.9 162.1 161.4 160 157.3 154 149.8 148.2 148.3 148.7 148.9 149.1 149.2 148.4
353.2 371 385.6 394.5 399.4 407.6 413.7 419.4 423.4 426 428.7 430.5 427.1 424.5 421.5 419.6 417.5 410.9 411 412.2 402.6 384.1 378.4 354.3 334.2 318.5 298.9 278.4 268.3 262.3 258.1 255.3 249 247.1 245.2 242.6 238.8 234.3 230.8 227.5 223.8 221 218.4 214.6 208.7 203.7 199.5 196.3 195.9 195.7 193.4 189.6 184.5 183.5 182.7 180.2 177.8 173.2 170.9 168.1 162.2 158.4 158.6 158.9 159.1 158.7 158 157.4 155 153 150.2 148 147.7 147.8 148.3 148.4 148.2 152.4
339 352.8 363.8 372.3 381.2 385.9 389.6 389.8 394.5 396.7 400.4 402.9 402.1 401.1 398.7 393.2 389.8 386.6 386.3 384.1 367.2 356.4 342.1 332 314.1 299.5 282.5 264.7 256.3 252.5 249.1 246.6 240 237.7 239.4 236.6 232.9 229.1 225 220.6 216.8 213.3 208.9 203.7 200.7 197.1 194.2 191.8 189.8 189.4 187.4 184.2 179.3 178.3 178.4 174.9 173 168.7 166.8 163.2 157.9 154.9 155.8 156.1 156.2 155.4 155.4 154.7 152.8 150.5 149.1 147.4 148.4 147.7 148.1 148.8 152.5 156.4
320.5 333.2 343.4 352.1 358.4 363 365.1 366.2 366 369.4 373.4 375.7 375.9 376.3 371.9 368 364.6 362.1 358.1 352.7 343.2 334.2 321 307.9 296 283.7 268.1 255.1 247.4 243.5 241.5 238.3 232.8 226.4 230.2 227.9 225 221.5 217.1 212.3 208.3 205.1 201 197.2 193.6 190.7 190.4 187.4 185 183.6 181.6 179.6 176 174.3 173.1 170.3 165.9 164.8 161 157.4 154.4 152.4 153.7 153.6 153.5 152.9 152.7 152.1 150.4 148.1 147.4 147 147.7 148.1 148.9 155.7 159.5 161.1
302.1 313.4 321.7 326.4 333.7 338.1 340.8 342.3 340.2 339.8 345.3 345.8 347.9 349.3 347.1 343.9 339 333.2 327.4 323.3 318.6 308.1 297 286.7 277.5 266.3 255 245.8 240.1 237.3 234.2 230.8 227.1 221.2 217.2 216.8 214.8 211.9 208.6 202.6 199.1 196.9 193.6 190.6 185.9 184.3 183.5 182.6 180.8 179.5 177 175.1 171.6 169.5 168.5 165.8 163.6 160.1 156.1 152.4 150.2 150.2 150.8 150.7 150.8 150.5 150.2 148.6 147.5 147.9 146.2 147.2 147.4 147.6 154.5 159.4 162 164.4
285 293.4 303 309.8 314.3 319.2 322.3 323.4 321.1 318.7 319.6 323.7 322.3 323.8 322.5 321.3 314.6 307.9 303.8 301.5 295.3 286.4 277.9 270.6 261.7 251.3 244.5 238.8 235.5 232.3 228.9 223.5 219.1 214.7 208.6 203.9 204.3 202.4 199.1 195.5 191.7 189.1 183.7 180.5 180.1 179.2 178.9 178.5 176.8 175 172 170.1 167.6 166.6 165.1 162.2 160.5 157.9 155.2 151.6 148.4 148.2 148.4 148.4 148.4 148.8 148.3 146.7 146.9 145.6 146.5 147.2 147.2 151.1 159.1 162.2 164.3 167.3
271.9 281.1 289.2 292.6 294.7 299.4 301.5 303 303.1 303.1 304.6 306.5 306.8 303.6 300 296.9 293.2 292 288.2 283.2 277.5 270.6 261 255.1 249.8 241 237.1 234.5 231.7 228.5 224.1 217.7 212.7 209.2 205 197.2 195.8 194.5 192 189.4 186.8 184.1 180 177 175.8 174.9 174.4 173.2 171.6 169.4 167.6 165.1 165.2 162.2 158.8 160 158.2 155.6 153.1 149.8 147.2 146.6 146.3 146.5 146.8 147.3 146.3 146.3 146.5 145.5 146.7 147 151.7 159.1 162.1 164.8 167.5 171.1
257.4 266.3 273.2 279.4 281 280.8 281 283.9 286 285.8 285.8 288.1 289.4 286.2 283.1 277.7 271.5 268.4 266.3 263.4 259.9 253.3 247.7 240.1 237.7 234.2 232.6 230.7 227.9 225.7 218.4 213.3 206 202.5 199.3 193.9 189.3 186.7 185.7 184.1 181.6 179.3 176.3 173.7 170.5 170.5 169.9 168.7 167 164.6 162.6 161 160.1 156.1 158.2 156.9 155.1 153.3 150.8 148.2 146.1 145.9 145.7 145.6 145.8 146 145.9 145.7 145 144.5 147 148 157.1 160.6 163.4 166.8 169.7 172.9
242.3 251 257.9 262.6 265.2 267.5 267.3 267.5 268.7 268.7 267.9 267.4 266.8 266.2 264.5 260.7 257.1 254 252.2 249.1 246.4 241.2 239.4 233.8 230.9 229.6 228.1 224.9 221.8 217.1 208.5 206.6 200.9 196.5 193.5 189.8 185.2 182.7 178.2 173.9 176.9 174.1 171.8 169.7 167.7 165.9 165.4 164.1 162.5 158.9 157.7 155.9 155.8 156 156 154.2 152.5 151 148 144.8 144.7 145 144.8 144.5 144.5 145 145.4 145.3 144.9 145 149 153.8 153.3 159.3 164.9 169.1 173.5 174.6
227.8 238.4 246.5 252.1 256.2 258.8 260.1 261.5 261.3 259.9 256.8 254.7 253.9 252 249.6 247.7 245.6 243.8 242.3 239.6 236 232.7 228.9 227 225.3 223 220.2 216.5 212.5 205.2 198.9 195.5 192.4 189.1 187.4 185 181.3 178.2 175.5 173.6 164.2 165.8 168.2 166.1 162.5 159.9 159.8 159.7 158.2 155 153.5 154 153.4 154 154 153 150.2 148.6 144.2 144 143.9 144 144.1 144.2 143.9 144.4 144.6 144.8 145.5 144.4 155 159 158 157.4 166.5 172.3 176.7 173.3
219.9 229.5 237.4 243.7 246.6 248.9 249.7 251.2 251.9 251.3 249 248.4 247.2 245.7 242.4 239.5 238.6 236.4 232.6 229.8 225.7 221.7 219.5 216.7 212.4 209.8 207.5 207 203.7 197.4 192.1 189.2 185.8 182.8 181.3 179.6 177.5 173.4 171 170.2 167.4 162.8 160.2 162.2 160 155 154.2 154.3 153.1 151.7 152.1 150.5 152.7 152.6 152.3 149.7 147 142.8 142.9 143.4 143.5 143.4 143.8 143.8 143.3 144.5 143.8 143.8 148.5 154.2 160 162.1 164.4 161.2 163.8 171.5 174.8 175.1
211.6 220.5 227.9 233.3 238.8 240.5 242.2 242.7 243.3 242.7 241.7 238.5 238.8 237.3 234.6 231.4 229.6 226.8 222.8 221.5 216.2 212.6 210.6 206.2 204.2 200.8 197 197.5 195.4 190.1 186.8 183.7 181 177.4 176.4 174.2 172.7 170.6 167.2 165.3 163.2 162.9 159.1 154.7 153.7 150.6 149 148.3 146.8 148.4 148.8 148.9 150.1 148 144.2 142.2 142.2 142.4 142.7 143.2 143.5 143.5 144.2 143 145.5 150.1 152.6 156 159.4 162.1 163.6 166.4 169.4 170.6 169 164.3 165.9 169.7
202.5 210.4 217.5 223.9 228.2 231.6 235.3 235.5 236.6 236 234.3 232.6 230 228.6 228.1 225.6 223.8 221.7 219.1 215.8 211.3 208.2 205.3 201 199 198.4 189.6 183.8 182.1 182.5 181.6 179.8 176.7 171.6 170.3 169.4 169.7 166.8 164.4 161.2 159.1 156.6 154.8 152.9 150.1 148.9 146.5 144.9 144.2 147.4 146.5 146.1 145.7 144.6 142.8 141.8 142.1 142.3 142.6 143 143.3 143.5 142.3 143.8 146.7 151.9 156.5 159.6 162.4 165.2 168 170 171.2 175.7 175 174.4 174.1 175.1
193.5 199.4 208.3 215.5 220.4 225.2 227.3 228.8 229.3 229.7 227.9 227.4 224.7 223.5 222.6 219.3 216.1 213.5 211.7 209.4 206.8 203.9 200.5 195.2 190.7 186.5 181.3 175.5 171.9 170.8 172.5 173.8 171.9 167 165.3 164.7 163.7 162.2 160.5 158.6 156.1 154.5 152.4 151.3 149.2 147.1 144.7 142.5 144.1 146.2 143.5 143.3 143.7 142.8 141.6 141.7 141.9 142.1 142.5 142.9 143.1 142 143.5 148.1 151.7 155.3 158.7 161.2 163.6 165.9 167 172.6 177.4 179.1 178.8 177.9 177.6 179
185.9 191.6 198.8 206.7 213.1 217.7 219.7 221.6 222.4 222.5 221 221.3 219.6 218.4 216.4 213.4 210.3 207.3 204.5 203.3 201 197.9 194.6 190.1 185.9 179 172.6 168.4 165.2 164.9 165.4 165.2 163.8 162.5 160.6 159.4 159.2 158.4 156.7 155.4 154 152.2 150.7 148.6 146.4 146.2 144.2 143.9 143.5 143.9 144.4 143 141.7 141.3 141.5 141.6 141.9 142.2 142.7 143.3 141.8 143.6 146.7 148.6 154 156.8 159 161.8 164.5 166 169.8 174.5 178.6 183.5 182.5 181.5 181.3 181.6
179.4 185 191.9 198.9 203.9 206.7 209.2 211.8 212.2 214.7 215.5 215.2 214.3 213.7 211.7 208.1 205.1 202.1 200.1 198.8 196.7 192.8 189.8 184.4 178.3 173.8 169.6 165.4 161.4 159.8 160.7 160.6 159.8 158.3 156.6 154.1 154.4 153.1 151.6 152.4 151.5 149.8 148.7 146.7 143.6 142.9 144.3 142.5 143.3 143.8 143.3 141.2 141 141.2 141.5 141.7 141.9 141.6 142 141.6 146.9 149.4 150.1 148.2 152.5 157 159.6 163.5 165.9 169 172 175.4 179 184.6 185.5 184.7 185.1 185.4
172.2 176.8 184 189.2 194 198.3 201.5 204.5 207.5 209.8 210.3 210 208.9 207.2 204.5 201.7 199.9 197.7 196.5 195 191.7 187.3 184.7 179.6 174.1 169.8 165.6 161.9 158 156.5 156.1 154.8 153.1 152.5 153.4 150.2 150.1 149.6 149.1 149.7 148.7 147.2 146.5 144.5 142.9 143.6 142.1 140.8 143.7 144.3 142.6 141 141.1 141.2 141.4 141.6 141.5 141.7 144 147.3 150.5 152.4 153.2 152.4 152.4 156.2 158.8 163.2 166.6 169.3 172.1 175.7 179.3 183.9 185.5 186.3 187.8 188.7
165 168.8 176.3 181.3 186.3 192 197 201 203.1 205.8 205.6 205 203.5 200.4 197.3 196.2 194.2 191.2 190.1 188.7 184.8 181.6 179.3 176 170.3 165.6 161.5 159.9 159 157.4 155.4 153.8 150.8 148 147.5 146.7 147.1 146.9 145.9 146.6 145.9 144.5 142.6 140.4 140.2 141.6 140.5 139.8 140 141.8 140.8 140.6 140.8 140.9 141.1 141.7 141.6 143.2 147.1 150.4 153.8 155.5 156.9 158.7 158.4 158.8 158.1 160.8 165.1 168.8 172 176.3 179.6 181.2 183 185.5 188.9 190.4
157.5 162.7 167.7 173.5 180.5 187.8 194.1 197.5 199.7 200.5 200.2 200.1 198.9 196.8 195.7 193.4 189.7 187.1 184.7 182.7 179.9 177.2 174.6 171.8 169 165.1 162.6 162.4 160.6 157.7 156.8 155.4 152.2 148.9 143.8 144.2 142.5 141.9 141.9 142.4 142.2 142.3 141.3 139.5 138.9 139.3 139.5 139.4 139.9 139.8 139.7 140.4 140 140.6 140.9 141.9 141.1 145.9 150.7 155.5 157.2 158.6 158.7 160.5 161 162.8 163.2 164 168.2 171.1 174.7 177.6 179.9 180.9 184.3 186.4 189.8 191.6
151.3 159.1 163.9 169.5 174.9 183 189.3 194.6 196.4 197 198 197.7 195.5 195.9 193.8 190 186.1 182.9 180.6 177.4 175 172.9 172.6 170.8 170.3 167.6 166 164.3 160.4 158.2 158.1 156.5 151.1 145.7 142.3 140.4 134.3 138.7 141 140.2 138.8 139.3 139.7 138.7 138.7 138.9 138.8 139.1 140 139.9 140.6 140 139.8 140.1 140.2 142.2 146.7 151.8 155.9 160.4 160.3 162 163.2 165.1 165.8 166.8 168.2 169.4 171.9 175 178.1 181.3 183.1 183.5 185.4 187.8 191 193.1
143.6 156.7 162 166 172.5 182 187.7 191.9 194.4 195.6 196.5 195.9 195.3 193.7 190.3 185.3 182.2 179.6 176.5 173.5 169.3 167.4 168.7 171.2 170.7 167.9 166.6 163.1 158.7 157.4 155.7 152.9 146.4 141.3 136.3 135.9 136.4 134.7 136 136.7 136.8 137.3 137.7 137.9 138.4 138.9 139.5 138.9 139.6 139.7 140.9 141.9 142.3 143.6 146 149.8 153.2 155.3 159.1 166 165.6 167.9 169.7 170.8 170.9 171.9 173.8 174.1 176.6 178.7 181.2 184 186 186.8 188.2 189.5 192.8 196.1
141.7 155.5 158.4 163.5 170.5 179.3 185.1 189.2 193.9 196.1 195.7 194.4 193 191 187.4 183.4 179.9 174.6 171.8 168.5 164.3 148.1 165.3 167.4 164.2 160.5 161.6 161 157.1 154 150.4 145.5 142.1 134.3 135.5 135.8 136.1 135 135.9 137 136.7 136.9 137.2 137.5 138.1 138.7 139.1 139.3 138.4 138.8 140.5 143.5 145.1 147.5 149.9 155.5 156.2 162.8 166.8 170.4 171.4 171.5 173.9 175.8 175.8 176.6 178.5 179.3 180.7 182.5 183.9 186.8 188.9 190.4 192.6 194.2 195.6 199.6
144.6 151.7 155.6 160.5 167.7 174 182.7 188.8 192.3 194.2 194 192.7 190.4 188.4 183.5 177.7 172.9 167.6 165.7 156.6 146.2 137.6 139.8 135.8 132.3 133.5 141 151.9 156.5 154.6 147.8 142.8 141.5 133.9 135.5 135.7 135.9 136.6 136.5 136.8 136.9 137.1 136.1 137.7 137.9 138.3 138.7 138.3 138.9 137.7 140.2 144 146.6 151.4 154.1 158.1 162.2 166.7 171 174.5 175.4 174.1 176.2 178.4 179.7 180.4 182.2 183.5 184.3 185.9 187.5 189.9 192.3 194.2 196.6 198.7 199.6 203.6
145.9 148.1 149.6 155.1 161.6 170.6 178.7 186.3 190.2 191.3 191.6 188.6 186 183.2 179.1 171.1 159.9 157.3 148.3 132.7 130.2 135.6 137.4 135 140.7 140.1 134.2 139.7 148.1 146.7 144.4 144.6 135.5 134.1 135.3 135.5 135.7 135.9 135.9 136.5 137.1 137.3 135.7 138 137.7 137.1 137.3 137.2 138.4 141.7 145.8 147.5 150.8 153 157.2 161.8 166.5 171.8 175.4 177 178.9 178.7 179.5 181.3 182.3 183.5 184.8 186.2 187.7 190 191.8 193.1 195.8 198 200.5 202.7 204.6 205.7
137.9 140.3 144.7 149.7 157.6 166 175.3 182.5 186 186.9 184.8 183 181.9 177.6 172.6 163.2 143.4 135.4 130 134.2 151.6 159.3 157.8 157.2 158 155.2 130.5 133.4 140.6 144.7 142.8 137 134.2 134 135.2 135.3 135.5 135.6 136.8 135.8 136.8 137.5 135.3 138.3 139.9 141.2 143.4 145.5 145.9 147.2 149.8 152.5 153.2 155.8 160.6 168.6 173.1 176.8 179.1 180.2 181.7 182.4 184.4 186.3 187.6 187.9 188.6 189.7 191.7 196.1 198.5 198.3 200.2 202.1 204.6 207.2 209 209.8
