ny/ny32_OST50GRID_20230518/NY32.asc
ncols 200
nrows 200
xllcorner 330000
yllcorner 520000
cellsize 50
[rows 35 to 69 of 200, columns 78 to 155 of 200]
519 535 540.4 542.5 534 522.6 511.2 494.4 478.2 466.2 454.5 439.2 418.6 391.9 369.8 378.9 400.4 429.6 457.6 476.6 487 493.3 493.8 489.6 482.3 470.8 455.3 435.3 412.1 387.4 363 335.3 310 314.3 313.9 304.1 292.1 277.9 262.7 248 235 225.1 215.8 207.8 201.5 194.7 191.1 188.1 187.4 192.7 199.2 198.4 198.3 198.8 202.2 204 203.3 201.5 202.6 203.8 202.9 202.3 202.6 203.2 206.4 211.9 215 218.7 222.3 226 228.9 232.3 236.3 238.6 241.3 243.9 245.9 248.9
493.1 507.9 519.1 528.1 525.8 517.2 508.7 490.7 476.4 466.8 453.9 438.6 420.5 394.3 373.6 376.8 399.9 429.6 454.6 473.4 484 490.7 492.3 489.6 483.1 471.4 454.4 431.8 408.5 384.5 362.6 333.6 341.4 335.8 326.9 313.9 299.9 282.4 263.9 247.2 233.1 223 215.2 207.3 200.6 192.5 189.9 187.6 186.5 192.9 196.2 194.6 195.6 197.7 199.7 200.7 199.2 198 199.6 200.3 199.6 200.7 201.4 201.2 204.7 209.8 213 214.6 219.8 224.4 227.7 231 233.9 236.6 239.5 241.6 243.5 245.9
468.8 482.5 495.5 505.4 510.1 504.5 494.9 481.4 470.2 463.3 453.2 438.4 420.3 395.9 378.2 378.6 402.5 430.4 456.1 472.1 481.8 489.7 491.4 489.2 485 473.1 453.4 430.2 407.3 384.2 363.5 358.5 358.1 349.4 339.1 325.9 304.6 283.6 263.3 246.1 231.9 221.9 214.1 203.7 195.5 190.5 189.5 187.6 185.2 190.6 192.4 193 194.3 195.6 197.2 197.5 196.6 196.1 195.7 196.5 198 200.1 200.5 200.9 204.8 209 209.9 212.6 215.8 222.7 226.4 228.9 230.8 234.8 237.5 239.3 241.2 243.4
445.9 458.1 470.8 480.3 484.5 483 476.3 467.3 456.3 446.8 436 425.4 408.7 392.8 377.9 387.7 410.5 437.7 457.7 470.4 479.9 488.2 493.8 494.2 487.1 473.8 454.7 432.1 405.9 382.7 366.1 375.3 366.5 355.3 342.6 322.8 303 281.5 262.3 245.5 231.1 221.7 212.1 202.2 195.4 190.3 188 186.7 184.9 189.4 191 192.7 193.4 193.9 195.2 196.4 196 194.6 194.3 195.9 197.1 197.5 198.6 200.6 204.4 208.1 208.3 211.2 215.6 221.5 225.2 226.8 227.7 232.9 235.4 237.1 238.7 241.5
438 434.6 447.2 453.7 458.5 459.4 455.5 446.9 436.1 425.4 412.8 400.7 389.3 384.1 388 407.7 427.7 445 456.7 466.5 475.3 482.9 486.4 486.9 481 465.1 444.5 428.4 406.1 379.6 380.8 374.5 364.4 351 336 318.2 300.2 280.1 260.5 243.7 228.2 218 207.4 199.4 193.8 190.9 187.4 186.1 183.8 187.1 191.2 193.5 192.7 191.2 192.3 193.3 193.7 191.5 192 194.5 194.5 196.2 198.4 200.1 204 205.9 207.2 210.5 215.6 220.7 223.9 225.1 226.1 231 233.2 233.2 236.2 239.5
456.3 439.8 424.4 430.8 434.2 436.2 433.2 424.5 414.8 405 390.4 392.8 401 406.1 414.5 425.8 436.5 445.5 452.8 461.1 467.9 473.4 476.1 475.7 468.8 456.8 438.1 421 399.6 380.8 375.8 367 357.4 346.1 331 314 296.2 276.2 255.2 238.1 223.9 214.4 203.9 196.1 193.8 192.2 190.4 188 183.8 183.7 191.8 192.2 190.4 188.5 189.7 189.8 189.2 188.8 190.2 191.9 193.2 195.3 197.7 200.4 203.8 205.4 205.1 206.5 216.5 220 223 223.9 224.5 228 230.2 231.1 234.7 237.8
477.1 459 440.6 427.4 417.2 413.9 415.5 404.8 398.8 403.9 411 417.9 422.9 429.3 434.4 436.3 436.2 441.5 448.3 454.6 461.2 466.6 467.5 463.3 456.9 442.2 427.8 414.8 396.2 379.7 373.5 360.9 347.1 335.2 323.5 309.3 291.1 269.8 251.1 235.9 222 207.7 202.6 197.4 195.7 192.4 190.7 189.1 184.5 182.5 185.4 189.8 188.5 186.8 187.5 187.5 186.3 189.2 190.7 190.4 192.2 194.4 197.7 205.3 205.5 206 206.7 211.1 215.7 219.3 222.3 222.7 224.1 226.5 228.4 230.1 233.5 236.6
497.7 480 466 448.4 439.2 428.6 421.8 422.8 426.3 428.9 432.4 437.7 444.4 443.6 440.5 436.5 427.9 431.6 438.5 447.5 453.6 457.6 458.3 453.8 444.9 431.3 417.3 404.8 384.7 375.3 370.6 359.3 344.9 328.4 315.8 304.3 284.2 260.4 243.4 231.8 216.9 206.6 201.8 198.9 198.7 194 192.2 189 183.9 182.2 179 187.2 186 185.3 184.7 185.5 188.3 189.9 191.4 192.9 194.3 196.4 199.8 204.7 206 206.5 207.9 211 213.5 217.2 220.8 221.6 224 227.2 228.8 230.3 233.8 236.1
521.1 502.3 484.3 470.5 460.8 453.7 450.4 447 447.8 448.5 451.7 453.2 449.4 441.4 432.5 422.2 401.5 404.3 423.7 436.4 444.7 446.9 448.2 441.5 431.9 417.7 404.7 391 373.7 364.8 363.5 351.5 338.7 325.4 311.6 295.3 272.4 264.3 253.1 233.9 218 207.4 200.4 197.6 197.5 194.2 191.8 189.4 184.8 181.9 180.6 182.3 181.5 181.8 183.3 185.7 188.4 190.3 191.9 194 195.3 198 201.9 206.8 207.6 206.9 208.1 214.6 217.7 220.3 219.3 221.7 223.9 228.2 229.5 231.1 233.9 236.7
544.9 527.7 506.7 494.3 482.3 475.2 470.1 465.5 464 462 460.1 451 437.9 422.4 407.5 388.2 370.9 378.7 405.6 422.5 430.2 438.4 438.6 429.8 416.2 401 385.9 371.6 355.4 347.5 354.3 346 329.7 315.7 302.5 284.2 279 270.4 251.3 233.9 218.4 210.7 201.2 195.2 199.1 193.5 189.1 187.7 184.8 181 179.8 179.6 180.7 180.7 182.5 185.5 187.8 189.9 193.2 195.4 196.6 200.1 203.8 209.5 207.5 207.8 213 216.3 218.9 221.6 221.7 221.5 225 228.5 230 232.2 235.1 237.5
562.6 546.7 528.9 514.9 503.1 494.1 486.3 479.9 473.7 465.5 445.4 430.1 415.8 397.1 376.4 353 340.8 360.7 390 408.4 421.2 426.6 428.8 423.8 411.8 391.9 371.6 347.3 337.8 325.5 331.3 328.9 318.4 309.1 298.3 289.2 276.1 263.3 245.6 231.3 220.3 211.7 203.2 194.8 194.4 190.9 186.4 184.3 182.8 180.4 178.5 176.4 180.3 180.4 181.5 184.8 187.3 191.5 194.2 196 198.6 202.3 206.9 210.7 208.6 210.4 214.6 217.5 220.1 222.6 222.8 223.5 227.2 229.6 230.8 233.2 235.6 238.3
570.2 556.5 544.1 531.2 519.5 509.3 498.4 488 477.6 454.7 430.5 409.7 389.9 370.5 348.6 327.4 320.6 347.9 374.2 393.4 410.5 414.6 414.6 409.2 398.6 382.1 357.7 333.7 317.5 299.6 310.5 323.7 319.9 314.6 301.8 284.8 269.6 256.4 240.6 230.3 222.8 212.7 200.2 191.8 190.4 185.9 184.6 184.4 185.2 180.4 177.4 178.4 179.1 180.4 181.9 184.3 188.8 192.6 194.6 198.1 201.6 205.5 209.2 210.6 210.7 211.4 216.1 218.9 221.4 222.8 223.2 225.5 229.1 229.9 231.5 233.9 236.7 239.6
575.5 564.5 553.8 543.1 530.3 519.4 507.4 494.1 477.5 444.7 420.3 384.5 361 346.4 325.9 306.4 303.6 333.1 355.8 375.8 391.5 400.9 401.7 393.9 382.7 367.6 349.3 328 310.3 284.8 294.6 312.5 312.5 310.1 298 287.1 276.4 257 240.2 228.7 222.4 214.7 200.8 190.7 186.6 184.9 183.9 185.6 185.2 178.1 176.2 176.8 178.5 180.1 183.3 186.7 191 194.7 197.3 201.4 204.7 208.3 210.7 211.8 212.8 214.4 217.8 220.9 223.5 223.2 223.7 227.3 230.4 230.6 233.3 236 237.8 240.9
579.1 568.5 558.5 547.8 536.3 522.5 509.7 492.7 472.3 438.3 402.6 371.1 345.6 327.1 310.4 292.4 291.2 318.7 337.2 357.1 372.2 377.9 383.9 377.1 367.7 354.6 342.7 325.8 310.6 281.4 282.3 299 296 289.6 285 274.7 266.8 252.3 233.2 222.1 214.1 205.4 198.1 186.9 185.2 183.4 183.3 184.4 182.6 176 176.7 176.8 177.7 180 184.1 188.3 192.1 195.4 200.8 204.2 207.2 210.4 212.1 214.1 215.9 217.6 220.2 223.3 224.5 223.9 225.6 229.5 232.1 233.5 237 239.2 240.4 243
577.8 567.8 557.8 546.5 534.1 520.4 504.9 487.9 470.2 445.1 401.7 369.2 340.2 319.9 305.8 288.6 279.4 295.1 321.4 341.3 355.2 366.1 365.8 359.6 352.2 344.4 331.1 324.4 307.9 278 271.7 292.8 287.2 276.9 269 256.3 243.9 233.6 224.8 213.7 203.3 194.2 187.3 183.6 183.5 181.7 182.5 181.7 178 174.3 175.4 176.7 177.4 180.9 185.7 190.5 193.6 198.2 203.7 206.5 209.7 211.8 214.4 216.8 219.2 221.7 223.5 226.1 226.3 225 228.5 232.1 233.2 236.3 239.1 241.6 243.7 247.3
573.7 562.1 549.5 538 524.8 510.9 493.9 476.3 459.3 441.6 424 384.8 348.2 318.8 301.6 286.3 273.9 279 304.6 323.4 338.6 346.9 349.8 343.4 337 329.6 315.4 312.1 296.2 272.2 258 280.5 274.3 266.1 251.3 239.9 231.5 225.5 216.7 207.6 195 185.9 183.1 182.8 181.7 180.3 180.4 177 175.2 174.3 175.3 176.3 177.7 183.8 188.9 193.7 195.9 201.1 205.7 209.1 211.3 213.8 216.5 218.7 220.8 223.7 226 228.8 228.7 227.3 230.8 233.7 233.9 237.5 240.9 243.3 245.5 248.6
561 549 534.9 521.7 506 491.7 476.4 460.4 443.3 427.3 409.8 393.9 366.4 331.4 301.9 281.4 273 266.6 289.6 306.1 319.1 328.6 334 327.3 321.1 311.7 298 298.4 282.5 264.7 248.1 259.5 251.8 245.6 235.5 230.3 225.1 216.3 209.5 198.8 190.3 183.4 181.5 183.9 179.6 177.9 176.5 175 174.3 174.3 175.2 176 182.5 187.7 192.8 195.9 198.3 203.4 207.4 211.3 212.4 214.5 216.8 218.9 221.1 223.9 226.8 230.1 231 229.3 232.9 235.5 235.4 238.7 242.3 245.4 247.9 251.2
540.4 527.8 514.8 500.3 483.5 469.3 456.8 443.5 426.8 411 395.2 379.8 365.1 345.5 315.7 286.5 273.2 261.7 264 279.5 296.7 304.6 310 306.8 300.1 293.3 281.1 276.5 266.6 254.6 242.1 238.2 232.7 229.7 227 222.8 216 208.9 204.5 196.6 187.2 183.7 181.4 180.4 178.3 176.1 175.7 174.3 174.2 174 175.1 180.5 185.4 190.4 196.1 199.1 200.8 204 207.7 212.5 213.1 213.3 215.6 218.8 221.3 224 226.5 229.1 231.9 231.1 234.9 236.2 236.2 239.4 242.8 246.4 251 253.9
514.9 503.4 490.2 474.7 459.6 447 436.2 422.9 409.4 395.8 382.8 367.8 352.5 338.3 323.4 300 276.8 265.9 255.9 256 277.9 283.4 285.3 288.2 280.3 271.1 265.7 264.2 251 243.6 236.2 232.7 227.2 223.8 221 215.2 208.8 205.7 200.4 191.9 183.9 179 178.3 177.1 175.7 174.9 174 173.6 173.5 173.4 177.8 182.8 187.2 192.1 197.9 200 202.5 205.2 208.8 210.8 212 213.6 215.4 218.5 220.6 223.1 225.7 228.3 231.6 231.8 234.9 235.1 236.4 239.2 242.4 247.5 252.7 255.9
490.7 478.8 465.3 449.9 436.3 424.8 414.5 402.3 388.8 376.6 365 352.5 340.8 330.4 319.2 305.5 283.5 264.8 254.4 240.1 257 258.7 259.8 264.2 258.5 251.2 244.9 241.7 237.6 235 226.8 224.2 220.3 216.3 212.9 202.7 200.1 204.1 194.1 186.5 180 178.1 177.1 175.6 174 173.9 173.5 173 173 173.2 179.6 184.5 189.1 194.8 197.9 200.5 202.7 205.8 208.2 209.9 209.6 212.2 215.4 217.7 220 222.1 224.7 226.3 228.5 231.1 233.5 234.1 236 238.2 241.7 246.6 251.9 254
466.6 454.8 441.8 427 413.4 401.8 391.2 379.1 367.3 356.9 344.6 334.7 324.4 314.8 304.3 292.1 276.1 258.8 247.9 236.2 237.6 239.7 239.1 236.5 234.3 231.1 229.8 226.9 222.6 218 216.7 216.3 214.2 206.8 203.6 198.1 196.6 195.2 183.8 176.2 175.3 175.4 175.3 175.9 174.1 173.5 173 172.7 172 176.1 182.2 187.7 192.4 196 197.7 200.2 202.5 204.2 205.3 206.3 207.8 210.5 213.8 215.8 218.1 220.5 223.8 226.1 227.8 230.9 232.1 234.6 236.6 238.3 240.6 245.3 248.7 250.9
438.9 427.9 415.5 404.9 392 378.8 367 356 344.4 334.1 324.1 314.3 305 292.9 281.6 269 258 248.4 242.3 237.5 228.2 228 227.4 226.3 222.9 219.4 215.4 212.8 210.7 210.2 209 208.4 205.9 201.2 194.8 191.1 186.8 183.6 178.1 175.7 174.5 174.2 174 174.1 173.5 172.8 171.3 172.6 177.6 182.9 185.2 189.4 193.8 195.3 196.5 198.9 198.9 200.7 201.1 201.5 204.6 207.5 211.8 213.6 215.9 218.6 222.2 225.2 228.5 230.8 231.2 232.6 234.5 236.5 240.3 243 244.6 246.1
412.1 402.8 392.9 381.4 367.9 356.8 344.7 330.8 319.9 310.5 300.7 291.8 283.4 275.2 264.6 255.3 246.3 240.3 235.8 231 225.3 219.8 219.8 220 215.3 208.4 207 206.1 204.7 203.5 203.2 202.9 200.4 197.8 193.1 186.7 182.8 180.4 177.3 175.2 173.5 173 173.3 172.9 172.6 173.9 176.4 176.1 179.3 183.3 187 192.4 192.7 192.5 194.5 195.1 195.3 197.1 197.6 198 200.7 203.4 206.7 211.9 214.4 217.9 221.3 224.2 227.3 229.6 231.4 233.6 235.5 237.4 239.4 242.9 244.9 248.2
381.9 377.4 368.7 357.1 344.7 333.5 321.8 309.1 300.6 287.4 276.4 267.3 260.7 252.9 245.7 239.1 235.1 230.8 226.8 222.5 218.4 215 210.6 207.3 203.8 202.4 201.7 199.5 197.5 195.7 194.3 192.7 190.7 189.5 186.8 181.8 180.2 177.8 176.5 174.5 174.1 174.1 173.8 173.7 174.2 173.6 171.9 177.6 181.4 185.3 189.2 191.1 190.1 189.4 189.5 188.6 190.6 191 192.6 197 200 202.9 206.4 210.1 213.3 217.6 221 223.5 226.9 229 231.6 234.2 235.9 237.8 239.8 242.5 232.5 225.6
357.2 349.2 339.6 329.1 317 303.1 290.4 280.3 272.4 264.1 255.6 248.4 242.6 237 231.6 227.9 223.3 217.9 213.4 211 209.8 209.3 208.4 205.7 195.6 196.4 194 191.8 191.9 193.5 191.5 187.9 184.9 183.1 176.8 177 178.2 175.3 175 174 173.9 172.1 171.8 171.8 171.5 170.9 174.3 179.6 183.1 186.9 187.9 187.9 187.4 186.3 185.6 187.7 189.8 191.2 192.6 194.2 198.5 201.8 206.4 209.8 213.2 216.7 219.9 222.9 226 229.2 231.4 232.8 235.9 238 240.3 243.3 229.5 233.8
328 314.1 306.7 296.4 284.5 273.1 262.4 255.2 248.6 245 240.3 235.2 229.3 222.4 217.8 216.4 215.4 214.1 210.7 210.7 209.6 206.8 206.9 203.8 199.1 191.4 188.5 185.2 186.2 181.4 180.1 178.2 178.9 176.2 173 172.9 174.1 173.8 173 172.2 171.1 170.1 170.1 170 170.4 171.3 177.3 181.3 184.3 185.2 185.3 185.2 183.1 183 182.8 185.4 188.8 189.6 191.5 194 195.5 197.5 204.1 206.1 208.4 209.2 217.1 218.5 221.8 226.4 228.7 230.4 233.6 237.3 240.3 241.6 225 237.6
292.4 282.7 273.3 265 256.1 248.3 241.9 236 231.6 229.5 224.9 221.2 215.9 216.3 212.6 208.3 207.1 205.2 206.3 206.2 204.8 203.4 204 199.7 196.7 184.2 176.8 177.3 180.3 176.6 173.3 171.9 172.8 169.7 169.3 171.2 172.3 172.2 172.2 171.4 168.6 168.1 167.9 169.6 175.3 177.2 180.1 182.1 183 183.7 183.1 182.3 182.4 186.2 187.3 186.5 186.2 191.4 192.6 194.1 196.7 196.4 199.1 200.1 201.9 203.9 206.6 207.6 211.8 213.9 220 228 230.9 234.6 220.1 223.8 226.7 239.1
265.2 258 250.8 243.7 239.2 233.7 230.2 226.7 224.9 219.8 214.9 212.2 209.6 209.4 207.4 204.8 201.3 197.4 197.1 198 196.1 198.6 199.5 200.8 192.7 187.7 180.5 176.6 168.9 170.7 165.1 165.4 165.8 166.1 166.2 166.8 171.6 173.1 168.1 167.2 167.5 167.7 168.6 172.7 177.3 180 181.9 182.6 183.1 182.2 181.1 180.9 181.6 187.3 190.7 190.9 191.1 192.7 195.7 197.2 198.9 201.4 203.4 207 210.9 214.5 216.4 216.2 212.3 211.6 212.7 217.7 217.2 218.7 225.9 234 236.2 245.2
243.1 239.7 232.5 232.2 227 224.8 221.7 219.2 216 209.3 206 204.2 202.5 201.3 198.9 195.4 194.1 190.2 189.4 189.6 189.5 194.9 195.9 201.2 189.6 184.7 179.2 175.7 172.8 163.2 164.9 165 164.1 166 165.2 165 165.1 166.1 166.3 167 168.1 169.2 171.3 173.2 178 181 182.5 182.9 180.3 179.7 180 179.4 185.8 189.6 194 195.2 194.1 194.7 196.3 198.1 200.4 203 206.6 211.5 214.9 218 221.8 225 227.7 228.4 216.3 215.7 222.4 223.9 230 241 242.1 246.4
232.3 228 224.3 221.5 217.8 215.7 214.1 212.9 207.8 202.7 200 197 196.2 195.4 193.7 189.9 190.9 187 182.4 182.3 184 187.2 189.5 187.5 182.7 180.2 178.4 175 170.3 163.1 164.6 164.8 164.4 164.8 165.1 167 167.4 168.3 168.8 168.9 169.6 170.9 171.8 172.7 174.7 177.7 179.1 179.2 178.3 178.8 179.2 181 187.4 192.6 196.8 196.8 195.9 196.7 197.8 199.1 202.2 205.2 209.6 214.2 217.4 220.4 224.4 227.3 230 232.4 230.6 225.3 228.7 227.1 240.2 238.9 242.9 246.7
220.1 218.1 214.4 210.7 207.2 205.8 204.6 201.5 199.7 197.3 192.8 191.5 189.9 188.8 187.1 185.5 186.1 182.9 175.8 176.9 176.8 177.6 177.3 173.9 174.3 176.1 177.2 176.4 164.8 161.8 163.6 164 164.3 164.9 168.2 170.4 171.7 171.7 170.8 167.5 168.3 170.6 171.7 172.5 173.9 175.4 175.4 175.4 174.8 175.6 178.3 184.6 188.4 194.5 196.6 196.6 197.4 198.4 199.4 200.3 203.6 208 211.5 215.4 218.3 222 225.8 228.3 231 234 237.6 240.3 239.1 239.7 236.9 241.4 244 246.9
208.5 208.3 205.8 202.3 198.2 196 193.8 192.4 193.3 189.9 186.4 183.8 182.2 181.4 179.6 177.1 176.5 175.4 171.7 172.3 170.9 168.7 167.2 167.3 169.7 171.8 171.4 164.8 162.5 162.2 163.5 163.8 164.1 165.9 166.8 168.9 173.5 174.2 173.6 169.5 168.7 168 171.5 172.4 172.3 173.3 173.3 174.8 177.8 180.5 184.3 187.5 192 195.5 196.8 197.9 199 200 201.3 203.3 205 209.1 212.4 215.8 219 222.5 226 228.6 231.5 234.9 238.9 241.3 240.2 240.7 241.4 242.8 245.4 248.1
200.3 198.6 196.2 193.7 191.2 188.2 186.2 186.3 188.6 186 178.8 177.5 177.6 176.1 173.9 173 173.1 174 170.4 167.3 166.6 163.7 163.7 164.7 166 165.1 161.8 161.8 162.1 163 163.4 163.7 163.9 164.7 165.8 167.6 172.3 175.3 174.9 173.6 170.2 169.2 170.2 171.2 171.5 173 175 179.1 180.6 182.8 184 190 195.3 197.5 198.4 199.2 200.3 203.2 205.5 207.7 207.1 209.6 212.5 215.9 219.6 223.1 225.8 228 232 235.8 240.1 240.7 241.4 242.9 244.6 245 246.9 249.8
194.4 192.3 188.8 186.6 185.4 182.6 179.8 179.5 177.4 173.4 172.1 172.3 171.5 170.5 170.4 171.8 174.7 175.2 173.1 162.8 162.3 162 161.6 161.7 161.7 161.6 162.8 162.4 162.9 163.1 163.4 163.7 164.4 165 166 167.7 171.5 174.2 175.4 174.6 172.8 171.3 171.7 172.9 175 176.5 178.4 181.4 184.3 187.8 191.1 188.2 196.6 198.1 199.4 200.3 202.9 206.2 209.4 210 209.6 209.4 212.8 216.6 220.3 222.2 224.7 228.2 232.9 236.6 239.5 239.5 243.1 245.7 247.4 247.4 248.8 252.2
190.9 188.5 183 179.2 176.7 175.4 174.3 171.8 168 165.5 167 168.3 168 166.4 167.2 168.3 168.8 169 163.2 159.5 159.6 160.6 160.2 160.9 160.5 161 162.4 163.5 164.1 164 163.9 164.4 165.5 166.5 166.9 168.1 171 173 174.4 174 173.7 172.4 172.6 174.1 176.1 178.4 180.6 183.5 186.8 191.2 194.8 192.5 196.6 199.3 200.6 202.3 205.2 209.1 212.1 212.4 211.3 210.6 214.5 218.6 222.1 223.2 224.5 229.3 232.6 235.7 239 241.4 244.5 246.9 248.2 248.4 250.5 253
