ny/ny32_OST50GRID_20230518/NY32.asc
ncols 200
nrows 200
xllcorner 330000
yllcorner 520000
cellsize 50
[rows 35 to 69 of 200, columns 0 to 77 of 200]
437.7 446.3 455.4 467 478.3 484.9 486.6 501.9 516 524.1 528.3 533 539 547.5 561.6 572.6 582.1 585.8 585.7 583.6 579.4 574.9 570 564.2 561.5 557.6 551.3 548.6 559.5 570.7 581.7 592.6 602.9 613.6 624.3 633.4 638.7 643 664.2 681.8 699.2 717.2 736.9 756.3 775.5 795.9 816.2 835.9 839.6 831 806.4 758.3 713.1 673.7 643.7 620.2 608.8 606.8 617.3 624.9 622.6 610.8 587.8 558.9 532.8 515.4 518.4 507.2 496.6 485.5 479 468.7 458.7 455.2 461.1 471.3 485.9 502.5
433.6 442 450.5 460.3 470.6 478 497 514.3 518 519.9 522.5 526.7 533.2 545 557.8 568 574.6 577.6 576.6 573.6 568.5 563.5 557.9 554.5 552.1 547.7 542.8 553.8 563.8 574.1 585.4 596.6 607.7 620.4 631.4 643 653.8 664.2 668 685.9 705.7 725.7 744.2 763.2 781.6 801.3 822.7 836.1 836.7 828.3 804.6 747 699.4 661.7 628.4 606.3 597.6 597.6 597.8 602.2 600.1 588.7 574.2 561.2 548.1 539.1 530.9 523 514.1 504.5 492.3 482.5 474.7 459.7 449.9 452 463.2 478.2
426.5 438.4 448.6 459.4 472.7 492.3 508.4 512 511.2 511.3 513.4 517.3 526.3 538.7 551.2 560.5 565.8 566.9 565.6 561.8 556.6 552 548.3 545.7 543.2 537.7 546.1 555.5 566.7 577.9 589.1 601.8 614.6 627.1 640.9 653.6 667.1 679.7 690.3 702.4 715.8 733 752.3 769.2 787 807.6 827 836.9 836.3 826.5 795.1 750.4 711.1 671.4 624.8 598.7 597.6 597.6 597.6 592.8 593.4 592.8 589.9 584.7 577.7 567.1 555.8 545 534 519.1 514.8 499.8 490.1 479.8 467 451.6 444.9 455.3
427.2 436.7 448.6 463.3 481.5 498.6 502.8 502.1 501.2 500.6 502.3 506.9 519.5 531.4 542.4 549.3 552.1 553.5 552.3 549.2 545.4 542.7 540 536.8 530 537.8 545.7 558.2 569.4 582 595.1 608.2 621.8 636.7 651.6 665.4 679.6 693.7 707.9 720.9 733.8 745.6 760.3 776.8 793.2 811.7 828.3 837.1 833.5 824.2 783.1 749.6 721.4 682.9 646.5 609.8 599.2 596.8 599.2 606.6 610.8 614.4 614.5 613 608 598.5 586.4 573.3 560.9 549.6 535.9 522.9 510.6 497.4 484 472.2 453.2 438.2
423.5 434.5 448.9 463.8 480.5 489.1 489.8 488 487.1 486.5 488.7 498.3 511.1 522.2 530.8 535 538.3 539.8 539.7 538.2 537.1 534.4 529.4 524.6 534.5 541.7 550.8 560.2 573.8 587.4 601.7 615.6 631.1 646.7 662.3 678.2 693.3 708.4 723.6 737.4 749.9 761.8 772.1 787.2 801 814.9 828.4 833.1 829.8 816.4 777.6 748.1 727.7 708.3 662.7 627.7 612.5 615.7 622.1 631.2 640 641.6 641.2 639.2 634.9 626.5 616.4 603.3 589.6 575.9 562.3 548.1 534 519 503.1 486.9 468.7 457.8
417.5 430.3 444.7 459 470.3 473.1 473.7 472.3 470.5 469.9 475.7 488.2 499.6 508 514.3 519.7 524.2 528.1 529.2 528.7 526.9 521.9 523.9 535.5 544.1 553.3 561.7 566.9 576.8 593.3 608.2 624 641 657.6 673.4 690.2 707.4 723.1 739.2 753.6 765.9 777.9 788.1 799.9 811 821.3 829.2 831.5 828.8 809.8 772.6 746.4 725.3 702.4 674.8 648.8 639.4 644.6 647.6 654.8 657 658 658.7 656.9 652.4 646.2 637.6 626.7 614.5 600.8 587.9 573.8 558.4 541.8 524.5 506.8 490.5 475.9
409.5 422.2 435.8 447 454.3 455.9 455.2 453.9 454.3 451.4 464.8 476.5 483.7 488.6 492.2 498.1 505.1 513.3 516.9 515.5 514.2 521.8 533.7 543.3 553.1 562.1 572.2 582.3 591 595.5 614.2 632.8 650.2 666.5 684.4 701.3 719.3 736 752.2 767.4 781 792 802.9 811.7 821.5 830 833.2 834 832.8 827 791 763.9 739.2 712.5 690 671.1 665.7 666.3 670.8 671.7 670.2 669.8 671.3 670.2 666.1 660.3 652.3 642.6 631.8 620.4 608 597.3 581 563.1 545.3 529.3 511.7 494.4
401.2 412.1 422.6 431.1 436.2 437.3 436.4 435.5 434.3 437.6 451.8 459.3 461.4 463.2 464.2 466.8 473.8 489.2 506 515.8 523.8 531.5 541.8 551.2 560.7 570.2 582 593 605.3 616.7 622.2 638.2 657.6 675.7 693.8 711.6 730 747.3 764.7 781.2 794.8 805.5 815.7 823.9 831.3 838.4 841.6 841.7 840.7 832.4 805.6 782.5 751.2 726.3 709.4 697.2 690.3 689.3 687.9 684.3 678.8 677.5 680.3 682.7 680 673 662.6 651.5 641.3 629.6 618.9 609 596.5 582 566.5 549.6 532 515.3
392.8 401.3 408.9 414.9 417.5 416.3 416.3 413 411.3 421.4 435.2 438.2 446.6 461.8 475.6 489.7 500.5 509.2 518.4 526.7 534.3 540 549.7 559.3 570.5 580.7 594.1 608.1 621.6 632.8 642.6 647.3 664.4 683.4 701.5 719.9 739.7 757.6 775.1 791.5 804.9 818.7 828.1 835.7 841.9 847.8 851.1 850.6 846.4 831 806.7 786 765.1 746.2 732.4 722.2 713.2 707.9 702.7 698.1 691.4 672 658.7 655.6 661.2 664 657.2 657.5 645.8 638.3 631.1 618.9 607 597.3 584.7 570.8 554.3 538.9
382 387.1 391.7 391.1 392.1 391.4 398.9 408.1 415.5 426.5 438.8 452.8 465.9 482.3 494.4 506.9 514.1 522.1 529.2 536 542.7 550.2 557.1 568.3 580 593.7 607.3 621.8 635.9 649.6 660.9 670.1 677.1 692.5 711.6 729.9 748.9 766.9 784.5 800.3 815.6 828.9 838.4 845.8 851.1 855.5 858.9 859.2 845.2 826.6 803.5 789.8 777.6 765 752.7 743.5 734.4 723.4 714 702.3 673.1 644.9 629.7 623.4 626.8 634.4 626.3 633.1 625.2 624.9 637.7 628.7 619.3 609.7 597.8 587 573.6 561.1
364.4 362.7 375.7 393.2 404.9 412.9 421.3 430.2 439.3 452.5 461.6 473.2 484.7 496.7 506.4 515.3 523.1 531.7 538.3 544.9 552 561.8 570.1 579.1 593 606.8 620.5 636.8 650.4 664.1 677.5 689.2 698.7 707.5 722.9 740.8 758.4 776.3 793.5 808.4 825.2 839.3 848 854 857.9 856.2 863.8 853.3 821.5 802.3 779.8 750.4 749.1 748.8 742.5 741.2 745.2 740.1 714.5 683.4 651.8 622.5 597.4 588.7 595.6 600.9 590.9 605.3 597.9 593.9 606.6 626.1 632.3 619 607.5 597.3 587.1 575.3
368.4 378 390.8 404.5 416.1 426.5 436.3 446.9 459.1 470.9 481 489.6 499.8 509.4 518.3 525.6 532.7 540.3 547.3 556.1 566.6 576.1 584.5 593 604.7 619.9 635.7 650.3 666.1 680 693.3 704.7 715.7 725 735.8 753.1 769.4 786.5 802.8 818 833.3 847.2 854.7 839.6 833.8 834.9 846.5 840.7 798.1 768 758.2 721.8 708.9 709.5 702.8 699.9 712 711.9 701 665.3 633.7 605.6 575 552.2 565.5 565.3 557.5 576.4 572.9 564 578.9 598.6 617 623.2 612.4 602.6 593.5 583.9
369.5 379.3 395.3 410.7 422.6 434.7 445.1 458.3 473.2 485.7 495.5 504.1 512.4 521.1 530.3 538.1 545.8 556 566.7 576.7 583.8 592.7 602.4 610.3 619.4 632.6 648.5 664.8 679.7 693.5 707.5 719.4 732 743.1 750.8 766.9 781.2 796.7 811.3 827.3 840.8 851.1 826.5 804.5 800.5 805.5 815.8 825.9 785.3 750.2 725.4 703.4 668.5 672.3 664.6 662.5 678.5 677.6 680.8 654.3 617.5 584.2 554.1 526.6 533.4 529.3 524.9 538.9 545.9 533.5 549.5 571 591.8 610.2 613.5 605.9 597 587.6
368.6 383.5 400.4 415.8 429 441.8 454.5 471.9 487.3 499.7 509.1 516.8 524.3 533.6 542.8 554 564.3 575.6 586.2 596.1 603.7 610.2 618.8 626.9 635.7 647.4 663.6 678.8 693.5 707.9 721.8 735.1 748 760.1 770.3 781.2 794.9 807.6 820.4 831.9 840.4 823.4 798.9 772.5 765.5 776 785.1 799 777.7 732.3 691 675.4 646.9 633.2 623.2 629.3 643.5 642.6 650.5 645.2 607.6 571.4 535.6 506.7 500.8 493.9 492.6 503.1 514.8 502.8 521.7 544.8 566.5 588 609.4 606.4 599.3 589.2
370 386.4 402.4 418 435.1 449.7 467.5 485.6 500.6 513 525.4 536 545.2 554.9 564.3 573.7 585 596.4 608.6 618.3 625.3 629.7 638.4 647.2 657.1 664.1 678.3 692.2 706.7 722.7 736.4 750.9 764.7 777.2 789 798.6 808.7 819.2 828.4 834.2 815.1 791.3 764.5 740.5 730.6 741.3 752.7 763.1 770.7 728 682.7 645.6 619.5 595.9 588.1 594 605.5 607.2 619.3 625.1 599.5 562.1 522.7 487.6 469.2 461.4 459.8 470.4 476.5 473.3 497.7 522.4 548.5 573.5 597.9 605.4 597.6 588
371.6 386.2 401.9 420.7 439.6 459.5 479.4 497 512.3 528.6 544.7 556.6 567.8 578.2 586.9 597.7 609.8 620.3 629.2 638.6 645 651.9 657.9 666.3 675.6 684 694.4 706.9 720.4 736.8 750.7 766.4 781.1 794.5 806.7 816.7 824.6 831.3 834.2 816.1 789.5 763.8 735.2 704.9 698.5 702.4 716.5 722.3 737 744.7 697.7 653 614.8 579.6 548.7 561.4 568.1 571.6 585.9 601.3 592.9 558.6 519.2 481 447.9 429 428.2 438.3 443.6 453.7 478.3 506.2 534.4 559.7 584.5 596.3 592.6 584.2
370.4 385.9 403.1 424 446 467.9 488.3 509.4 528.8 546.7 563.4 577.9 592.7 604.1 615.3 624.8 634.2 641.2 651.2 658.6 667.6 674.4 681.5 687.6 695.6 703.8 712.7 722.2 736 750.4 765.5 780.5 795.4 809.8 822.4 833.1 839.3 833.9 808.5 788.2 767 739 706.9 675.8 663.8 663.5 678.3 679.1 698.1 707 707 661.9 618.2 579.3 543.8 527.2 534.4 539.3 561.6 576.2 572.5 552.5 519.5 485.5 453.3 426 393.3 407.6 413.9 438.5 463.9 492.8 522 544.9 565.4 578.8 579.2 573
369.9 386.3 406.7 429.9 453.8 476.8 500.3 523.6 544.1 564.4 583.7 600.5 615.5 627.3 636.9 644.9 652 662 671.3 680.2 689.2 696.1 700.8 708.7 716.4 724.5 732.7 740.7 752 764.1 778.3 793.1 808.6 822.8 835.8 847.2 836 808.9 784.8 766.6 747.7 718.9 685 651 625.2 623.8 634.7 644.8 660.5 675.3 698.5 656.9 614.9 575.6 540.7 505.3 496.4 513.6 538.9 549.7 547.8 551.2 524.2 487.8 454.1 423.4 396.2 381.7 402.9 427.5 455 482.7 508.4 529.4 547.7 562.6 559.2 551.8
369.7 389.3 410.4 434.4 460.3 486.8 511.1 535.6 560.4 582.4 603.2 619.1 632.4 644 653.6 661.3 672.9 681.9 692.4 700.5 708.4 714.8 721.6 727.4 735.2 742.5 750.4 757.8 767.4 778.4 791.3 805 819.6 832.5 833.7 828 811 784.9 759.5 740.3 724.9 704.3 667.9 631.8 600.6 588.5 597.1 609.1 624.1 649.4 683.8 660 617.5 575.4 540 502.7 466.9 483.4 505.3 509.1 514.6 521.5 526.9 493.7 456.2 422 392.9 365.3 390.7 416.7 443.8 469.4 490.8 509.5 527.7 542.6 536.9 527.2
371.5 391.8 414 439.8 468 495.2 520.6 548.2 573.9 596.4 616.4 632.6 646.6 656.2 668.3 682.2 693.9 703.6 711.6 718.6 726 733.6 740.6 747.2 753 759.6 766.8 772.8 780.4 790.3 803.2 815.4 821 805.3 793.5 788 777.4 764 733.6 710.3 693.2 679.3 650.5 619.9 582.7 556.6 562.6 577.9 591.6 635.4 647.5 658.6 615.3 574.9 539.1 502.1 465.5 450.6 466.5 470.9 477.4 490.6 511.1 489.2 453.3 417.5 384.2 353 381 406.6 429.3 451.9 470.8 487.2 507.7 521.7 515.4 503.5
372.5 394.5 418 445.8 474.5 503.7 530.8 558.7 583.5 605.8 625.5 640.8 652.8 668.7 684.5 697.8 709.3 718.9 726.7 734.7 741.8 749.9 757.3 764.3 770.4 775.7 781.5 785.9 791.2 802.8 815.6 810.2 781.6 766.1 757 750.9 749.8 746.7 715.3 683.6 659.4 652.5 626.1 603 580.8 538.7 527.9 542.8 568.5 601.9 624.3 652.6 617.2 579.8 542.6 507.5 470.2 433.5 425.7 431.1 441.2 458.3 473.8 479.8 443.6 404.5 370.4 345.3 374.2 393.4 407.6 425.7 446 467.2 489 502.8 491.8 478.6
375.6 396.8 422.1 452.4 482.1 511.2 539.2 565.9 590.4 612.4 630 646.7 664.7 681.3 695.8 708.5 719.8 730 739.7 748.7 756.8 764.8 771.8 779 784.3 788.1 789.4 779.5 781.2 785.4 788.1 766.9 745 731.7 722.5 717.7 727.5 729 698 660.6 629 617.3 603.8 578.6 559 537.4 498.8 513.2 543.6 576.7 610.1 643.2 616.7 582.9 548.5 516.1 481.1 449.1 420.4 397.1 409.1 423.8 440.3 466.5 440.3 400.3 362.4 331.8 359.6 376.5 381.6 397.2 420.6 448.1 472.6 480.3 467.2 450.6
377.3 399.6 426.8 457.8 488.1 518.4 546.4 571.7 593.2 611.5 632.4 652.4 670.9 687.9 702.5 715.8 727.7 739.4 751.7 760.8 769.5 775.8 783.6 790.5 793.8 777.3 753.2 741.8 738.5 741.3 752 731.4 712 697.6 689.6 684.9 711.4 717.8 683.2 641.9 608.8 582 576.3 560.8 533.8 507.2 482.7 493.9 529.9 562.4 594.9 623.3 616.6 586.6 555.6 526.6 497.1 465.5 437 408.9 378 394.1 415.5 446.7 442.3 401.6 362.7 326 333.6 346 354.5 371 396.8 428.6 458.8 460.3 438.2 424
377.8 402.8 433.4 463.2 493.1 523.1 549.7 572.6 592.4 614.6 636.4 655.7 674 690.8 706.2 720.1 735.1 748.5 760.1 770.4 778.5 785.8 793.1 799.5 799.5 752.1 721.7 705.4 700.5 706.8 719.5 700.5 682.2 665.9 655 676 703.2 712.5 674.4 634 598.4 563.5 541.3 543 522.9 487.9 455 478 514.4 548.1 575.5 599.3 618.3 590 559.7 531.8 504.7 475.3 445.2 417 387.9 364.2 395.3 431.4 444.8 411.8 374 342.3 311.8 315.6 326.3 345.8 376 405.9 432.1 429.7 404.4 390.5
380 410.5 437.9 467.6 498.2 525.2 549.3 569.1 593.5 616.4 637.1 656.6 674.1 690.9 707.3 722.2 738.3 752.7 765.7 774.7 782.6 789.4 795.6 802.9 785 737.7 702.1 672.4 665.2 677.6 687.9 676 655.2 628.6 634.6 665.8 694.6 705.5 672.3 630.4 590.1 552.9 516.5 506 502.7 485.1 446 460.4 491.9 522.6 551.6 583.4 604.9 582.4 553.8 523.8 499 476 449.7 421 391.8 356.7 383 419.6 445 420.1 388.4 358.9 333.8 309.3 302 321.5 347.8 371.1 394.4 388.2 374.9 364.4
387.1 412.9 439.5 465.8 494 520 545.1 570.5 593.3 615.4 636.7 655.3 673.5 689.8 706.2 723.3 739.4 753.2 764.8 773.2 781.5 787.7 794.2 798.3 765.8 725 687.7 653.1 629.6 640 652.8 641.5 620.5 590 626.1 657.3 685.7 705.6 668.1 630.6 588.3 553.7 512.9 473.3 468.6 467.4 430.4 439.7 473.3 507.4 539.7 570.7 589.5 568 536.9 506.8 479.2 458.9 433 408.5 381.3 347.3 374.1 413.7 445.2 429.5 403.3 378.6 356.1 330.3 295.5 298.5 320.3 341.8 358.5 357.5 351.8 338.5
396.4 420.6 445 470.1 495.8 519.8 547.2 572 595.1 617.4 637.5 655.7 673.6 689.5 706.1 722.1 737.8 750.6 761.5 769.3 776 779 784.2 786.3 751.1 700.4 668.3 639.9 605.3 604.4 614.6 606.2 589.3 581.2 618 651.1 682.4 709.9 674.1 635.9 599 563 515.7 473.9 433.7 439.2 410.4 423.4 457.9 495.2 528.9 555.1 569.1 553.2 524.4 491.5 459.1 430.3 399.3 369.3 348.7 338.8 375.2 417.6 431.8 424.6 410.7 389.5 369.8 340.6 308.5 273.9 295.8 322.9 332.7 334.6 317.5 303.1
400.9 425.5 450 472.9 501.2 527.2 552.2 575.4 597.9 619.4 639.3 657.5 673.8 689.9 705.6 720.2 734.4 745.9 755.3 763.3 766.1 767 769.7 769.3 729 689 653.9 620.5 588.4 570 576 572.4 557.8 578.8 613.8 646.3 677.7 699.8 668.2 637.8 603.5 553.9 511.1 475.3 440.7 401.8 395.5 412.1 447 481.6 512.7 533.9 550.9 536.8 509.5 478.1 443.6 406.5 372.2 340 323.3 361.2 392.6 416.5 414.8 406.8 393.8 378.1 358.4 336.3 314.3 281.6 274.2 302.6 303.1 294.6 285.7 275.2
401.6 427.9 454.5 481.6 506.8 531.2 555.5 577.8 599.8 620.3 642.1 659.6 675.7 690.2 704.3 717.4 729.2 738.9 745.9 751.7 752.8 748.6 748.2 741.7 690.3 676.9 642.6 605.1 575.5 539.7 540.9 541.4 542 577.1 612.6 647.4 679.6 687.7 658.1 621.8 581.3 545.1 512.7 476.6 439.5 406.2 370.1 403.4 434.3 463 488.4 512.8 529.3 517.8 497.3 469 435.2 392 355 322.1 323.8 360.5 388.2 397.6 390.8 379.9 371.5 366.2 346.5 332.1 309.7 289.4 256.4 279.1 275.3 268 258.2 249.5
406.7 432.7 460.1 484.8 510.5 534.3 558 581.2 604.1 624.1 642.4 660.2 675.5 688.4 700.9 711.3 720.7 726.7 731.7 735.1 730.8 723.4 719.3 712 679.9 634.7 622.3 590.7 554.2 524.7 510.2 511.9 543.5 577.4 609.9 645 679.8 673.8 660.7 624.9 591.7 562 528.1 488 447.3 408.3 369.8 380.1 407 433.5 465.5 493.4 507.9 501.4 483 458.6 428.9 388 347.9 309.8 312 343.7 365.7 371.2 360.4 353.4 338.7 331.8 323.5 310.9 293.3 275.4 257.8 255.1 253 247.5 239.9 235.5
412 437.1 463.2 488.9 513.6 537 562.6 584.8 606.2 625.8 642.4 658.3 672.6 685 695.6 704.1 710.1 712.4 711.3 707.1 699.6 696.8 692.4 685.3 673.2 634.2 585.6 562.1 529.4 502.6 483.4 509.5 540.9 572.6 603.1 634.9 666.1 656.7 648.7 630.6 596.7 563.9 525.3 487.8 451.9 408.3 374.8 350.4 381.9 417 445.4 473 492.7 485.8 469.7 447.4 420.1 387.3 348.3 313.4 288.5 321.3 339.1 336.7 331 324.1 310.7 301.6 297.7 284.7 267.5 253.8 247 235.4 241.2 236.7 230.1 225.5
416.4 440.7 465 490.2 515.8 539 564.6 586 606.1 624.8 641.9 656 668.9 680.7 688.4 693.6 696.1 693.6 682.2 674.5 670.3 669.4 663.2 654.4 641.1 611.6 573.9 530.5 504.6 478.9 472.8 501.3 532.8 563.5 594.2 623 638.9 633.5 627.1 622.1 602.1 566.5 526.3 489.9 456.2 417.8 383.3 348.6 358.9 395.6 429 456.1 472.7 466.7 456.8 439.4 410 378.1 347.9 311.7 276.3 293.1 315.7 312.3 306.7 295.1 285.3 274.6 268.7 259.6 247.5 240 234.5 230.2 222.5 225.1 217.2 213.5
417.6 442.2 467.6 492.2 516.7 540.6 563.8 584.3 603.8 622.4 638.2 651.4 660.5 670.3 675.7 677.6 675.5 669.1 658.8 655.6 644.1 636.9 631.4 622.9 608.3 584.9 544.9 512.2 485.4 460.7 461.5 490.4 522.3 553.9 584.3 605.9 611.1 606.2 601.8 601.9 598.6 560.4 517.3 482.7 450.3 417.3 386.5 348 336.1 375.2 417.7 440.7 450 445.3 437.3 421.9 389.4 362.3 340.5 313.6 282.4 267.5 288.1 285.2 279.6 275.6 267 253.2 246.9 241.2 235.3 229.7 226.3 221.8 208.8 208.3 206.8 202.4
415.6 442.4 468 492.4 516.4 539.4 561.7 581 599.5 615.5 628.4 639.3 645.3 650.5 653 650.6 648.4 643.1 635.5 631.4 625.7 613.6 602.9 592.6 578 557.1 524.1 492.4 467.9 447 447.3 480.1 512.9 542.2 566.2 581 583.2 578.4 573.6 574 575.7 552.9 509 471.6 438.2 404.1 376.5 344.7 316.9 357.1 400.5 420.5 426.3 421.8 404 388.6 365.5 338.4 318.3 297.8 278.8 249.7 266.5 264.3 258.4 251.6 244 238.3 233.2 228.1 224.4 222.2 216.5 206.6 204.5 198.9 198.9 197.1
411.3 437.9 466.2 489.9 512.4 535 554.7 572.7 588.2 600.4 606.9 612.1 617.7 621.6 623.1 622.1 622.8 618.6 609.3 606.9 603.7 593.2 575.2 561.3 546.6 532.1 507.7 476 448.4 424.1 435.2 469.2 499.5 525.6 543.7 552.2 553.3 548.6 542.1 542.2 542.4 534.4 500 464.4 429.2 393.7 361.3 327.2 308.6 349.1 381 397.3 399.6 387.4 368.9 354.1 338.9 317.1 299 280.1 265.5 250.1 246.7 246.9 241.8 236.7 232.9 228.5 224.2 220.1 216.6 208.6 204.2 200.5 197 189.4 192.5 191.4
