ny/ny32_OST50GRID_20230518/NY32.asc
ncols 200
nrows 200
xllcorner 330000
yllcorner 520000
cellsize 50
[rows 70 to 104 of 200, columns 78 to 155 of 200]
187.8 188.7 181.7 175 171 170.5 167.9 162.6 162 160.4 162.2 162.9 162.1 161.7 162.4 163.9 159.6 158.6 158.7 158.6 158.7 159.8 160.1 161.2 161.2 162.2 162.7 164.7 165.5 165.1 164.9 165.7 167.3 168 168.6 169.8 171.2 173.1 174.8 175.2 174.5 173.3 173.6 176 178.8 181.4 183.7 186.7 190.3 194.8 198.9 200.1 195.7 201.4 204.1 206.6 208.7 211.8 214 213.8 211.2 213.3 217.3 221.3 223.2 224 225.1 229.6 232.5 235 236.4 242 244.8 246.9 248.4 249 251 253.3
184.7 178.3 171.4 168.4 167 166.6 157.4 154.5 154.6 155.1 155.5 156.6 157.1 157.2 157.5 157.3 157.8 158 157.9 158.6 159.8 160.5 160.5 161.7 163.6 164.3 164.2 165.3 166.8 166.6 166.4 166.5 168 170.1 170.3 171.8 173.2 174.7 176.3 176.3 175.6 174.9 175.9 179.5 182.4 184.6 187.8 191.9 196.6 200 202.3 202.9 198.1 203.2 206.4 209.2 212.2 214.9 214.6 213.1 212.8 215.2 218.5 221.2 222.7 223.2 224.1 228.8 231.8 234.9 239.4 242.8 244.6 246.2 248.6 250 251.7 254
174.5 173.3 167.5 163.7 162.9 163.3 153.3 152.6 153.1 154.8 154 155.1 155.1 155.1 155.9 156.2 157.4 157.6 158.6 160 162.5 162.8 162.2 162.3 163.6 165.1 165.9 167.5 167.9 168.3 168.4 168.1 168.9 170.8 172.8 174.5 176.2 177.8 178.7 178 177.9 179.9 182.3 185.4 188 192.2 195.6 199.3 202.7 203.4 203.7 200.7 201.4 205.7 209.6 213.1 215.9 217.1 215.3 213.9 214 216.3 219.1 220.4 221.9 223.3 224.6 227.6 231.9 233.9 239.6 241.6 243.7 245.8 248.2 250.7 252.5 254.6
169.3 167.4 165.2 160.1 161.3 161.8 153.4 153.9 154.4 153.6 153.8 154.6 155.2 155.7 156.4 156.9 155.8 157.5 161.3 167.9 168.1 165.8 163.8 163.7 163.9 165.3 166.7 168.1 169.3 169.8 170.5 170.1 169.8 172.3 175.3 178.8 180.9 181.4 180.8 180.5 181 183.5 186.7 189.9 193.3 197.4 201.5 205.2 207.1 205.5 203 201.2 205 209.6 213.8 217.2 219 217.4 215.7 215 215.5 216.9 218.6 219.8 221.3 222.9 225 228.7 232.1 236.6 239.8 241.5 243.4 246 248.6 251.3 253.3 255.6
162.9 161.9 161 157.8 157.8 153.1 152.3 153.7 154 154.5 154.9 155.3 155.8 158.7 165.8 166.4 167.9 163.5 169.7 171.2 169.6 166.9 165.6 168 171.1 168.2 168.2 168.7 169.6 170.7 171.8 171.9 172.4 174.6 179.4 182 184.4 185.8 186.2 183.3 184.4 186.1 189.6 193.1 197 201.3 205.5 208.3 208 205.2 203.2 206.9 209.8 213.1 216.7 219.1 219.6 218.6 217.5 216.3 216.1 216.7 217.9 219.5 221.3 223.5 225.7 229 232.2 236.3 239.7 241.9 244 246.7 249.4 251.9 254.1 256.6
159.3 157.6 157.9 154.5 152.6 151.6 152.2 153.3 153.4 154.2 154.3 155.2 158.3 166.2 169 170.9 172.2 173.6 174.2 172.4 171 168 167.8 169.1 170.9 170.9 170.8 170.1 169.2 171.9 172.9 174.7 176.4 177.1 180.7 183.8 187.1 190.1 188.5 185.8 187.6 190.6 193.7 197.2 201.3 205.5 207.8 208.8 207.2 204.3 206.8 209.7 212.3 215.1 218.3 220.3 221.1 219.3 217.7 216.7 217 218 219.3 220 221.7 224.3 227.1 230.3 234.5 237.9 240.4 242.4 245.6 247.9 250.3 252.4 254.8 257.3
155.3 155.2 154.8 153.1 152.2 152 151.9 152.9 153.2 154.7 159.8 167.4 167 168 170.7 173 175.1 176.6 176.7 173.7 171 169.6 171.1 172.4 172.5 172 172.1 173 172.4 172.7 176.4 178.7 179.6 181.1 184.5 187.1 190.1 191.5 188.8 188.6 191.6 194.7 198 201.7 205.2 207.2 209.1 209.6 207 206 208.8 211.9 214.8 217.6 220.1 221.2 220.7 218.7 217.4 217.3 218.5 220.5 220.9 221.2 222.7 226.6 229.3 232.6 236.7 239.6 242.2 243.8 245.1 247.8 250.5 252.9 255.3 258.4
153.5 152.8 152.7 151.5 151.8 152 150.8 158.3 164.2 166.6 169.8 173 171.9 170.4 172.2 175.3 176.6 175.9 174 173.6 173.6 173.4 174.4 174.5 174.4 173.1 173.3 174.1 175.7 172.7 176.7 181.1 183.5 185.4 188.9 190.5 193.1 194 191.9 191.4 195 198.1 201.3 204.5 207.3 209.1 210.1 210.5 208.6 206.8 209.9 213.2 216.1 218.6 220 220.2 219 218.3 218.1 219.1 220.9 222.3 222.9 223.2 225.4 228.5 232 234.9 237.6 240.5 243.7 245.2 246.2 248.2 251.1 253.8 257.8 259.9
152.3 151.5 151 150.7 150.7 151.1 153.7 164.2 170 172.1 174.6 177 177 174.8 172.8 173.7 175.2 175.8 176.2 177.1 177.4 177.2 176.4 175.8 175.5 175.4 175.7 176.5 178.1 175 176.9 182.6 186.4 190.9 194.4 194.9 196.3 198.3 196.7 195 198.3 202.2 205 207.4 210.2 212.3 213.7 213.5 212 208.9 210.7 213.4 216.1 218.1 219.3 219.7 219.4 219 218.6 220.8 222.7 224 225.1 226.1 227.3 230.5 233.9 236.7 239.1 242 245.1 247 248.9 250.9 254.5 258.2 261.2 264.3
150.8 150.4 150.6 151.1 150.3 155.1 162.3 167.6 173.1 176.1 180.8 182.6 181.9 179.4 176.1 175.8 176.8 179.2 180.3 180.8 179.5 178.6 178.6 180 181.6 182.3 181.8 180.3 180.8 178.4 176.8 182.1 190.5 195.1 197.8 199.9 201.7 202.3 199.8 198.9 203.7 206.4 208.8 211 213.3 214.9 216.1 215.4 213.9 213.9 215.1 216.2 217.2 218.4 219.2 219.7 220.3 221 221.7 222.5 224.7 226.2 227.5 228.5 229.9 232.5 235.8 238.3 241 244.9 247.2 249.1 250.9 253.2 257.4 260.2 263.2 266.4
148.8 151.1 153.4 156.8 161.6 163.8 165.6 169.9 174.3 178.7 181 182.5 182.6 181.8 179.3 180.3 182 183.2 182.6 182.1 181.3 182.6 183.9 184.9 186 185.7 184 183.5 184 181.2 179.3 183.9 195.1 198.6 201.4 203.1 205.3 205.4 204.2 202.8 207.3 209.1 210.1 215.1 217.3 218.4 218.1 216.5 215.2 212.2 212.7 214.9 217.7 220.1 221.3 220.9 220.2 220.5 223.7 227 229.4 230.5 231 231.2 232.4 234.8 237.4 241.2 244.4 247.5 249.4 251.7 254.1 256.1 259 262.1 265.2 268.3
155.1 154.4 154.5 159.8 164.1 167.1 169.8 171.7 174.6 177.2 179.6 182.2 184.6 185.7 186.1 187 186.3 186 185.4 186 186.8 188.7 190.1 190.1 189.1 187.1 185 186.2 188.7 189.4 181.9 183.9 199.6 203.7 204.4 206 208.5 207.8 206.2 206.4 207.4 210.6 214.5 217.8 219.9 220.1 219.7 218.6 217 213.8 215.4 218.3 221.5 223.3 224 222.9 221.5 221.9 224.6 227.7 231.3 233.4 234.4 234.6 235.3 237.4 240 242.2 245.9 249.7 251.6 253.8 256.3 258.8 261.6 264.9 268.8 271.7
156.8 157.3 157.5 161.5 165.5 170.3 173.5 174.8 176.2 178.6 182.3 185.5 185.1 189.2 190.9 191.2 191.8 191.6 190.3 192.5 191.9 193.1 193.8 192.9 191.7 189.7 190 191.3 192.9 194.6 186.3 184.4 186.3 206.6 203.6 209.5 211.7 211.3 208.8 206 207.8 211.6 215.9 219.5 221 222.1 221.8 219.7 216.7 216.6 218.1 221.8 225.2 226.6 226.3 224.5 222.9 223 225.1 228.6 232.1 234.5 236.5 238.1 238.5 240.2 242.4 244.5 247.4 251.8 254.3 256.3 258.4 261.4 264.6 268.7 272.4 275.4
161.9 162.6 161.8 162.2 159.9 170 175.5 176.7 177.4 179.9 183.8 189.8 192.6 193.5 195.4 196.3 196.9 198.1 200.4 201.5 200.6 199.2 197.1 195.6 193.9 194.8 196.6 195.3 196.8 198.4 199.2 188 187.8 195.8 212.4 214 214.8 213.8 212.3 209.5 209.3 212.7 216.7 220.3 221.6 222.1 221 218.7 217.7 218.8 223 226.2 229.1 229.9 228.6 225.6 224.8 225.8 227.4 229.2 232.1 235 239 241.3 242.7 243.9 245.5 247.9 249.9 253.9 256.7 258.7 262 265.7 269.1 272.2 275.4 278.6
166.6 168.4 167.8 168.7 168.9 164.9 168.9 172.2 181.4 180.1 188 192.9 195.3 197.4 199.8 201 202.9 203.8 204.6 204.4 203.3 201.5 199.8 199.1 198.4 198.1 198.1 198.5 200 202.5 205 200.9 188.2 205.6 213.6 215.4 217 217.5 217 217.3 215.9 216.7 218.9 220.7 222 222 220.9 220 219.7 222.1 226.4 229.5 231.9 232.1 229.6 227.7 227.9 230.4 232.8 233.6 234.9 237.1 241.4 243.8 246.1 247.7 248.9 251.2 253.6 256 259.1 261.5 265.5 268.8 272.4 275.4 278.5 280.7
169.9 172.8 173.7 174.1 174.9 175.4 180 178.8 176.9 178.2 186.2 191.8 196 199.3 201.5 204.5 206 207.4 207.6 207.4 206.2 204.4 203.4 202.8 202.2 201.7 201.6 202.3 203 207.4 209.8 211.7 195.1 202.1 215.6 218.5 220.2 221 221.7 221.7 221.4 220.3 218.5 220.8 221.9 221.9 221.7 221.4 220.2 224.5 228 231 232.5 232.4 231.1 231.4 233.1 235.6 236.7 237.4 238.1 239 242.8 245.8 248.8 250.4 251.3 253.4 256 258.8 261.7 265 268.9 272.8 276.5 279 281.3 281.9
173.8 174.6 176 176.7 178.1 179.5 182.3 183.5 184.1 182.9 179.4 181.9 191.2 199.5 202.3 204.7 206.6 209.3 210.1 210.2 209.4 207.8 207.2 207.1 206.8 206.2 206.5 208.5 210.5 213.8 215.2 215.7 197.1 203.9 218.9 220.6 222.3 223.3 225.4 225.1 224.2 222.7 220.7 220.6 221.7 221.9 222 221.9 222.7 225.2 229.2 231.2 232.8 235 237 237.6 237.3 238.7 239.5 240.2 241.1 242.5 244.4 247.5 250.4 252.7 254 256.2 258.7 261.6 266.3 269.6 273.4 277.3 279.9 281.8 282.2 282.4
173.4 173.9 176.2 179.1 180.6 182.7 185.6 187.7 188.8 188.4 185.5 184.7 183 189.4 198.6 201.5 203.1 206.4 208.1 210.1 211.1 211.7 211.2 210.8 210.6 210.9 210.2 211.8 214.5 217.7 218.6 216.8 198 202.1 219.4 221.9 223.8 225.8 227.3 227.7 227 225.3 223.2 221.6 222.2 222.5 223.1 224.6 226.5 227 229.9 232.9 235.5 238.9 240.2 239.7 239.7 241.5 243.8 245.2 245.1 246.2 248.5 250 252.3 256.1 259.7 261.6 264.1 267.6 270.4 274.2 277.6 280.4 282.7 283.9 283.7 284.2
174.1 175.4 177.5 179.9 182.1 184.7 187.5 190.2 192 192.2 192.1 189.6 188.3 187.3 191.9 197.5 200.6 202.5 203.9 206.2 208.5 210.5 210.5 210.7 212.8 213.3 214.4 216.2 218.3 219.1 217.5 215.5 201.3 202.4 219.8 223.4 225.9 227.7 229 229.5 228.6 225.9 224.3 223.3 223.3 223.9 225.5 227.5 229.1 229.8 230.6 235.1 237.9 241.6 242.5 242 242.1 244.5 247.3 248.1 250 250.1 252.5 254 256.2 260 262.2 264.7 267.4 270.2 273.6 277.3 280.2 282.4 284.4 284.7 284.3 284.9
175.1 175.2 176.6 179.1 181.8 184.3 186.6 189.4 192.3 194.6 195.5 195.1 192.9 192.2 192.9 193.2 193.1 197.8 201.1 203.2 205.4 206.6 207.7 209.2 213 216.5 218.2 220 220.3 219.1 217.4 214.2 200.4 214.8 220.4 223.9 226.9 228.9 230.1 229.5 228.5 226.6 225.4 225.3 226.4 227.3 228.1 230 231.7 232.3 231.2 237.3 241.9 244.2 243.8 243.7 244.7 247.2 249.4 250.6 252.8 255.2 256.7 258.3 259.2 262.3 264.6 267.1 269.8 272.7 276.5 280.5 282.3 283.7 285.4 285.3 285.1 285.6
171.9 173.5 175.8 178.6 181.2 183.4 185.7 188.5 191.4 194.5 196.5 198.2 198 196.1 196.1 197 198.2 196.5 199.7 201 202.4 204.5 206.6 209.1 214.3 217.8 221.7 222 220.5 219.1 217.5 214.9 203.2 216.4 221.3 224.8 227.9 230.5 230.1 229.8 228.2 227.8 229.2 230.4 230.4 230.3 231 234 234.7 233.6 233.9 238.2 242.4 244.7 244.9 245 246 248.7 251.7 254 256.2 258.3 260.3 261.9 262.8 264.6 267 269.5 271.9 275.7 279.7 283.4 284.5 285.5 286 286 286.1 286.3
173.9 173.8 175.4 177.9 180.7 182.7 184.8 188 191.2 194 197 199.4 200.8 201.2 201 200.9 200.9 201 199.6 202.6 205.4 206.2 207.5 209.6 214.6 218.4 221.5 221 219.8 218.5 217.3 214.9 214.4 207.3 223.5 226.8 229.5 231.2 230.4 229.3 230.8 232.7 235 234.1 234 233 235 237.2 238.6 238.1 237.9 239.8 241.5 245.2 246.4 246.8 247.7 251.9 254.3 256.3 258.6 261 263.4 265.4 265.1 266.5 269.4 271.9 274.9 279.8 283.7 285.1 285.7 286.6 286.7 286.6 286.2 286.2
177.1 175.8 176.1 177.1 179.1 183.5 185.8 188.8 191.2 193.6 197.2 200.2 203 204.4 204.4 204.2 204.1 204.3 203.2 203.6 206.1 207 208.5 211.6 214.8 219.4 222.2 222.1 220.7 219.8 218.5 218 216.4 206.6 218.3 228.3 230.2 231.4 231 230.7 232.5 235.6 236.4 235.4 240 240.7 242.1 242.8 243.1 242.6 242.3 244.3 243.1 245.9 247.8 249.7 252.9 254.9 256.8 258.7 261 263.6 266.2 267.5 266.3 269 271.8 275.4 279.4 283.6 286.7 286.9 287.1 287.3 287.3 287.3 286.6 286.1
178.5 177.4 177.8 179 178.9 183 186.3 189.1 191.4 193.9 197.4 200.9 204 207 207.6 207.1 206.7 205.7 204.8 203.8 205.7 207.8 209.5 212.9 217.1 220.6 223.8 224.1 222.6 220.6 219.1 219 219 213 209.8 224.1 230.6 232 233 232.8 233.4 234.4 235.6 239.2 242.5 243.8 245.2 246.6 247.7 247.6 247.6 249.4 248.9 247.9 250.4 255.3 256.3 257.5 259.8 262 264.2 266.7 269 268.4 269.3 271.9 275.4 279.7 283.8 286.6 288.5 288.5 288.2 288.4 288.6 287.5 286.6 286.2
180.9 179.9 179.6 180.5 181.6 181.8 185.9 189.2 192.1 195 198.1 201.3 205.2 208.7 210.4 209.4 207.6 207.2 206.5 206.3 207 208.2 210.8 214.2 218.6 222.6 224.9 224.5 222.5 220.4 219.7 220.5 221.4 220.2 215.3 217.1 224.2 231.9 233.2 234.3 234.6 235.9 237 240.2 245.2 246.6 247.9 250.2 252.1 252 252 252.9 250.9 252 254.3 258.9 260.6 261.2 264.2 267.2 268.3 269.7 271.7 271.4 272.8 275.5 279.8 283.8 287.1 289.4 289.5 289.5 289.1 289.4 289.2 287.6 286.7 286.5
184.7 182.8 181.8 182.7 184 185.5 186.6 188.7 192.2 195.4 198.1 201.6 206 209.4 209.6 208.2 208.3 208.6 208.8 209 208.9 210.5 211.1 214.7 218.4 222.3 223.7 223.6 221.9 220.8 220.6 221.6 222.9 225 227.2 228.7 226.8 230.3 234.2 236.6 238 240.2 241.6 245.4 248 249.4 250.9 253.6 257.2 256.7 255.7 254.8 254.1 255.3 258.4 262.1 263.9 266 268.2 270.4 271.8 273.1 274.5 276 278.1 280.2 283.2 286.4 288.7 290.8 290.9 290.7 289.9 289.7 289.7 288.1 287.5 287.2
188.5 186.6 185.8 185.6 186.5 188.6 189.7 190 191.6 194.7 198.2 201.4 204.8 206.7 207.5 208.3 209.3 210.9 213.2 213.9 214.5 215.3 214.6 214.8 217.4 219.7 221.3 223.7 224.1 223.1 222.1 224 224.9 227 229.8 231.2 233 223.6 237.9 240.6 242.9 244 245.1 248.2 250.4 251.6 254 257.5 260.9 260 258.6 257.3 258 261 264.6 265.1 266.9 268.8 270.9 273 274.9 276.4 277.8 279.3 281 283.5 286.3 288.8 291.1 292.8 293.6 293.1 291.6 290.5 290.1 289 288.4 288.3
190.5 190.5 190.4 189.5 190.1 191.5 192.6 194.2 195 197.1 198.2 200.3 203 206.2 211.8 212.6 211.7 214.5 216.8 219.1 219.9 219 218 218.2 221.3 223.9 225.6 227.2 228.6 228.5 226.6 227.9 229.5 231.3 232.7 234 235.2 229.2 237.9 243.9 246.1 247.2 248.3 249.4 253.1 254.5 257.2 261.1 264.6 263 261.5 260.4 261.8 265.3 266.5 267.8 269.4 271.4 273.6 276.5 278.6 279 280.4 281.9 283.8 285.6 288.6 291 293.4 295.3 295.8 294.8 293.4 292.2 291.2 290.4 289.9 290.4
192.5 193.2 194 195 196.4 195 196.7 198.3 199.8 201.7 203 205.7 208.2 209.1 215.4 217.3 219 220.6 221.4 225.2 224.8 223.9 221.9 221.9 225.4 229 233 231.8 232.5 233.6 233.3 234.5 236.3 236.5 237.7 239 239.8 231.1 239.2 245.5 248.5 250.3 251.5 252.6 256.5 258 259.7 266.7 268.4 267.1 265 263.8 264.7 266.8 268.2 270.7 272.5 274.4 276.7 279.4 281.8 282.1 283 284.5 286.4 288.2 290.7 293.2 295.7 297.7 297.7 296.4 295.2 293.9 292.8 291.9 291.7 292.2
195.4 196.7 198.5 199.7 201.4 199.8 200.9 203.6 205.5 206.6 207.7 210.6 213.1 216.3 219.2 221.1 223.1 225.4 226.6 229.9 230 228.9 229.8 232.7 234.9 235.4 239 240 239.4 240.4 242.9 241.7 241.9 241.5 242.1 242.7 235.2 233.4 242.1 246.8 250.4 254.1 256.7 257.9 260.9 262.3 264.3 269.1 271.2 270.3 267.7 267.4 269.5 270.2 270.8 272.9 275.1 277.2 279.7 282.2 284.2 285.7 286.8 287.7 289 291 292.7 295.6 298.9 300.3 299.9 298.8 297.4 295.9 294.6 293.9 294.2 294.5
198.3 200.2 202.3 204 206.2 206.3 206.1 209 209.2 210.6 212.3 214.9 217.2 220.9 224.3 226.4 229.1 230.4 231.4 233.4 236.3 236.8 238.4 242.9 244.1 243.1 243.3 244.1 245.8 247.2 249.1 248.3 246.8 245.1 245.4 242.5 237 239.1 249 250.3 251.8 256.6 259.6 261.6 263.9 266.4 267.9 271.6 272.8 272.9 272.4 271.6 272.8 273.6 274.4 275.2 277.7 280.4 283.2 285.4 286.7 289.4 290.9 292.1 292.9 293.8 295.9 299 302.2 302.1 301.6 301.3 299.2 297.9 297.3 297.1 297.1 297.1
202.1 203.6 206.7 207.7 210 211.6 213.2 214.3 214.2 215.2 217.5 222.1 225.6 227 229.8 232.3 233.6 235.2 235.7 237.1 240.7 243.7 247.9 248.6 249 247.8 247.6 248.4 250 251.8 252.6 252.8 250.9 248.2 249.3 246.9 241.2 239.8 252.7 256.2 257.4 260.6 263.7 265.7 268 270.7 272.7 274.3 275.9 276.3 275.4 275.1 276.1 276.9 277.7 278.1 281.3 284.2 286.9 288.4 289.5 291.7 293.1 294.3 295.2 296.6 298.8 302.1 304.2 304.1 303.3 303.2 301.8 300.9 301.3 300.6 299.8 299.3
205.4 208.1 210.9 212.8 214 215.8 217.3 219.9 221.6 222.5 225.2 230.9 234 235.5 237.1 238.2 239 239.9 239.7 241.8 245.4 249.7 252.6 253.7 253.7 252.7 252.5 253 254 255.7 256.4 256.8 256.8 251.1 252.5 252.4 247.2 244.1 252.4 260.7 262.9 263.7 269.5 271 272.7 275 276.5 277.8 278.7 279.4 279.1 279.1 279.8 280.9 281.7 282.2 284.7 288.1 290.2 292.5 292.2 293.8 295.3 296.7 297.9 299.5 301.6 304.5 306.2 305.6 305.3 305.3 304.9 304.3 305.1 303.7 301.9 301.3
209.5 212.6 215.2 217.5 219.8 222 223 226 228.8 232.5 238.4 240.1 240.8 243.7 243.9 244.4 244.3 244.7 247.6 249.9 253.4 255.7 258.5 258.9 259.3 259.9 257.8 257.6 258.7 261.3 262.4 261.9 260.9 258 258.6 258.3 251.2 257.5 261.9 264.3 266.8 267.5 270.2 273 275.1 277.9 279.3 281.5 282.6 282.8 283.2 283.4 284.9 286.9 287.5 287.2 287.5 291.3 293.2 295.4 296 296.3 297.7 299.3 300.8 302.6 305.1 307.1 307.7 307.4 307.4 307.5 307.4 308 308.4 306.1 303.8 303.9
212.9 217.9 219.6 221.2 223.7 226.7 228.9 233.3 236.5 240 244.1 247 247.6 249.9 250.1 250.2 248.8 250.8 253.2 257 260.4 262 263.1 264.5 265.1 266.1 264.5 264.7 266.6 267.4 266.9 266.1 265.1 264.4 264.7 266.7 253.7 266.3 270.5 271.6 272.7 271.8 272.1 275.1 277.7 280.7 282.7 285.3 286.5 286.7 287.4 288.2 289.5 290.5 291.3 291.8 292.6 294.2 296.4 298.4 300 300.4 300.9 302.2 304.5 306.6 309.1 310.7 310.5 310.4 310.3 310.3 310.9 311.2 309.8 308 306.6 306.6
