ny/ny69_OST50GRID_20230518/NY69.asc
ncols 200
nrows 200
xllcorner 360000
yllcorner 590000
cellsize 50
[rows 140 to 174 of 200, columns 78 to 155 of 200]
316.2 314.7 310.2 311.3 311.2 316.2 321.4 320 326.6 329.8 331.8 340.5 346.4 356.1 363.3 370.8 374.5 375.6 375.3 373.9 370.9 364.5 360.5 358.1 353.7 347.6 339.7 334.3 324.6 319 319.3 327.1 333.7 337.7 340 342.2 342.4 339.4 339.3 337.7 336.1 334.4 330.2 329.1 329.9 330.7 329.8 328 325.8 324.8 324 320.2 314.5 310 305.5 301.4 298.3 296.6 293.3 291.9 291 290.3 288.3 285.7 289.1 295 300.1 301.6 303.8 308 313.1 318.7 321.9 324.1 324.8 322.3 318.2 319.1
316.8 312.6 306.5 306.5 305.6 312.9 317.2 318.5 323.9 326.5 325.7 333.6 333.9 347.6 358.1 365.3 368.9 369.2 369 369.4 367.1 362.6 356.9 354 350.7 345.5 340.2 335.2 329.3 321.5 311.2 316.7 326.4 331.9 336.1 338.3 339.4 338.1 336.6 334.8 332.4 331.7 329.7 327.2 326.6 325.7 324.4 321.8 318.9 317.5 318.8 316.9 312.2 306.8 301.9 298.4 295.7 293.3 289.9 288.2 286.5 286.9 285.8 282.8 286.8 292.4 296.6 299 302.1 305.7 310.4 315.3 319 321 321.9 319.6 314.3 318
307.1 308.2 300.8 301.7 302.8 311.1 312.2 316.8 321 324.5 321.8 328.5 327.2 339.2 349.5 357.5 361.6 363.9 364 363.7 361.3 356.8 351.6 348.7 346.8 344 340.7 336.8 331.7 324.3 315.1 307.3 318.9 326.7 331.2 332.6 333.1 333.2 332.2 330 328.7 328.8 327.3 324.1 321.4 320.4 318.9 314.8 310.4 311.7 312.8 312.1 308.8 304.5 299 295.6 292.7 290.7 287.9 286.1 285 284.3 283.7 281.4 284.4 289.7 292.2 294.7 299.1 303.8 307.7 312 316.2 318.7 318.7 317 311.2 319.4
298.1 298.6 295.8 296.1 299 307.3 307.8 315.2 318.1 321.2 320 323.8 325.2 328.6 337.4 347.1 352.7 354.8 354.9 356.2 354.5 351.6 349.1 346.6 345.3 343.2 339.8 337.5 331.8 324.9 315.7 303.6 310 319.2 324 324.8 324.8 325.1 324.9 323.1 322.4 321.8 321.7 318.8 314.7 313.8 312.1 308.2 303.6 303.6 306.1 305.5 302.7 299.3 295.2 293.2 290.1 286.8 285.3 284.7 284.5 283.5 282 279.5 282.8 285.2 287.6 291.2 296 300.8 305.2 308.9 313.8 316.9 316 314 309.4 319
291 290.2 288.6 292 294.1 300.8 306.5 311 315 318.2 318.2 316.3 320.6 321.6 325.9 334.1 340.7 344 345.2 347.5 347.4 345.8 345.5 344.2 344.4 342.3 339.2 336 332.5 326.5 317.4 304.3 303.2 310.1 315.2 316.7 315.8 313.4 312.8 315.8 314.5 313.7 313.2 313 310.5 306.9 306.6 303 297.6 296.9 297.2 295.2 294.2 292.4 290.5 290 288.2 283.7 282.9 283.4 282.8 281.7 280.9 278.3 280.5 282.9 284.8 288.1 292 296.7 302.9 306.8 311.2 313.6 313.7 310.9 307.8 317.3
284 280.4 277.2 285 288.9 296.5 299.7 304.8 311.3 315.4 317.3 314.3 313.7 318.5 320.8 325.7 326.9 333.4 338.3 340.1 340.9 341 342 342.7 343.7 341.4 339.5 335.7 330.9 325.3 319.1 309.8 297.8 301.3 305.3 306.1 302.6 297.2 303.2 305.7 306.6 306.2 306.1 306.9 304.6 300.6 299 294.8 288.4 289.3 288.3 287.6 287.4 287 286.9 286.9 285.8 282.7 281.5 281.1 281.1 281.1 277.9 276.3 278.2 279.5 282.6 285.2 289.1 293.7 300.2 304.9 308.3 311 311.3 306.6 306.9 315.6
275.9 270.7 271.8 282.7 286.1 291.2 292 299.1 305 310.7 313.6 314 307.4 310.9 313.8 317.4 319.3 324.5 328.8 330.8 333.5 336.4 339 340.5 341.7 340.5 338.1 334.4 329.7 324.9 320.2 313.7 304.4 292.2 294.6 294.8 292 290.8 288.6 292.2 298.1 300.9 300.3 300.8 297.2 290 289 286.8 283 283.2 282.1 283.8 284.6 283.7 284 284 282.9 281.1 280.3 278.8 279.5 280.1 279.6 275.5 275.6 277.1 280.7 283.2 286.7 290.5 296.3 301.8 306.1 308.7 308.5 302 306.8 317.8
270.8 272.1 273 279.2 278.9 286.9 291.7 290.3 297.6 302.9 307.7 309.8 308.1 299.3 306.7 309.5 311 314.1 318.2 320.3 323.5 329 333.5 334.9 336.4 336.9 334.6 330.8 327 324.4 321.2 316.7 311.1 302.2 292.5 286 285 281.3 278.6 281.8 290.5 295.8 298 297.5 291.9 280.3 284 283.2 279.4 278.4 281.8 283 283.2 282.4 280.9 279.9 279.8 279.5 278.8 277.2 277.6 277.7 277.8 272.9 274.9 275.4 277.6 281.3 283.7 286.4 291 297.2 302.3 306.1 303.8 297.9 309.4 318.7
268 270.2 273.4 275.3 276.7 277.2 284.3 286.9 285.8 293.4 298.9 302.9 304.4 299.2 294.6 300.2 300.5 302.2 308.7 311.5 316.2 322.7 326.8 328.8 330.3 330.6 328.9 324.5 320 320.6 320.2 317.3 314.6 309.1 300.8 292.6 285.6 280.1 272.1 275.6 286.3 292.8 295.8 294.5 289.8 281.7 274.9 279.4 275.6 272.2 281 281.8 280.9 280.8 279.6 278.7 278.2 276.9 276.7 275.8 276 274.4 272.8 271.8 274.4 274.7 275.2 277.8 281.1 282.6 284.4 288.4 295.2 301.8 295.2 298.9 308.9 319.3
266 265.6 269 272.7 275.1 276.1 276.3 280.9 278.8 285.5 289.9 293.9 296.6 297.2 291.2 291.1 293.4 294.2 300.7 306.6 313.3 318.5 318.7 321.8 321.6 320.4 320.2 318.7 313.9 314 316.8 316.3 315.6 313 307.5 302.1 295 286.4 276.1 269.6 280.5 288 291.8 291.9 287.7 281 273.5 268.6 269.9 267.5 276.7 279.9 278.9 278.4 278 276.8 274.8 274.2 274.3 273.4 274.9 271.5 270.3 271.7 272.5 272.4 273.4 275.3 276.8 279 280.9 284.7 286.4 288.4 296.5 301.6 310 320.1
262.1 260.3 260.7 266.7 269.8 272.6 273.3 273.7 272.9 279.2 281.5 284.1 287.2 288.9 287.6 284.1 285.6 289 294 302.7 310 313.7 314.5 314.5 312.2 310 313.7 314.6 313.5 309.9 310.6 313.2 315 314.1 311.3 306.4 300.2 291.7 280.1 266.6 272.9 280.4 285.4 286.4 282.8 277.2 271.1 263.8 260.5 259 272.7 275.6 277.8 277.6 276.9 275 273.4 264.8 267.9 270.3 273.4 268.8 270.3 271.2 271 272 273.1 274.9 276.4 278.7 284.6 291.1 295.2 298.3 301.9 303.6 313.2 321.1
256.9 256.8 254.3 258.8 263.6 265.7 267.3 269.5 270.5 271.6 274.8 275.3 276.4 277.9 277.6 277.4 276.9 282.9 286.8 296.5 303.4 306.3 306.4 305.1 302.2 305.9 309.3 309.9 310.6 308.8 305.2 308.8 311.9 312.2 310.4 307.1 302.1 295.1 283.5 270.7 262.5 270.5 275.9 278.1 275.8 271.1 265.4 257.6 250.7 250.1 264.4 272.2 275.3 276.4 273.9 265.1 263.2 264 266 265.8 267.5 268.1 268.9 269.6 270.3 272 272.6 274.2 278.2 283.4 288.4 295.9 301.7 305.7 307.1 307.8 317.5 323.8
250.2 252 251.2 249.6 255.2 255.7 255.3 262.2 265 265.2 267.6 268.7 267.8 267.2 266.5 268.1 270.2 275.5 283.6 288.3 294.5 296.2 293.3 294.5 294.6 300.2 303.4 305.6 306.4 305.2 304.6 303.8 306.7 308.8 308.5 305.6 302.5 296.8 288 275.8 259.3 257.9 264.3 269.3 265.7 261.6 255.6 245.8 241.1 241.5 248.5 268.2 268.5 272.9 264 265 270.5 272.7 272.7 269.5 267.4 267.8 268.7 270.6 272.4 274.1 274.5 277.3 282.1 285.9 290.7 298.2 304.5 309.3 312.5 316.3 321.7 326.9
242.6 245.4 245.9 244.1 246.5 245 239.9 252.9 259.9 263.6 262.7 262.7 262.9 261 257.7 259.7 266.3 269.4 278.8 282.8 285.9 286.4 287.9 288 291 292.4 296.5 298.7 299 297.6 300.8 302.5 303.1 303.8 305.1 305 302.3 296.8 288.7 277.1 263.2 250.1 250.7 253.8 252.9 248.7 244.7 236.7 246.6 253 254.5 252.7 256.9 262.6 268.5 275.1 279.3 281 280.3 278.2 274.5 274 274.3 276.1 276.2 277.7 276.1 280.2 283.4 287 291.7 300.1 305.7 310 314.3 319.2 324.6 328.8
235.6 237.5 238.7 238.2 239.7 239.1 233.7 243.8 254.1 260 261.3 260.7 259.1 256.6 251.8 253.9 261.1 269.5 277 280.8 281.2 282.6 285.1 285.9 286 286.5 287.3 287.8 291.8 295.1 298.1 299.7 298.4 295.2 299.3 300.5 299.2 294.1 286.6 275.3 263 250.4 241.2 238 237.2 232.6 242 246.9 257.2 263.3 266.4 268.8 272.5 276.1 279.7 282.9 286.5 288.3 288.2 286.1 284.7 281.8 281 281 281.4 281 280.5 282 287.1 291.8 297.7 302.2 306.2 310 313 317.8 324.1 329.2
231.8 232.9 232.4 232.1 233.1 234.4 231.3 238.7 248.4 254.6 257.9 258 255 251.8 248.7 249.7 258.2 268.2 275.3 278.4 278.7 278.2 281.4 283.8 284.6 284.1 280.2 275.4 282.2 286.4 291.1 294.7 295.8 293.6 289 292.7 292.8 289 281.9 271.4 258.4 243.8 233.5 228.3 242.7 256.8 266.3 268.2 268.4 271.6 275 278.5 282.2 285.5 287.6 289.3 292 294.1 294.1 293 291.6 288.5 286.2 285.9 286.6 285.6 285.2 282.8 290.1 297 301.9 304.1 307.7 311.1 312.5 314.7 319.2 325
227.1 229.3 227.5 227.7 227.6 229.3 228.5 234 244.8 249.5 253 254.9 251.3 248.3 245.7 249.2 254.5 264.8 271.6 274.8 274 273.9 277.9 281.2 283.4 284.6 283.9 278.8 272 273.8 280.3 286.4 291 290 285.4 282.5 284.7 282.6 275.5 264.5 251 231.6 224.7 229.4 249.3 266.8 270.6 270.8 272.6 275 279 283.1 287.3 290.8 292.7 294.3 296.4 298 298 297.6 296 293.7 291.1 291.4 290.6 290.4 289.3 287.5 290.5 298.2 303.1 306.7 309.3 311.3 313.7 316.1 318.7 321.9
224.7 226.3 226.1 223.9 224.1 224.2 223.7 230.8 239.9 245.7 249.4 251.5 249.9 246.2 242.4 247.3 252.6 260.2 266.1 269.9 270.8 272.9 276.5 279.3 282.5 284.7 285.8 284.6 282 273.1 270.1 279.8 284 284.9 283 278.3 275.8 275 268 258.3 245.4 228.8 228.3 239.3 251.9 268.9 270.5 273.1 275.5 278.6 281.7 284.3 289.2 292.9 295.7 297 297.1 299.4 298.4 299.5 299 296.8 295.2 296 296.3 296.3 296.3 295.5 293.5 295.6 301 306.1 309.3 311.2 313.1 314 316.2 321.8
221.9 224.3 225 222.4 220.9 220.5 221.5 226 233.9 240.3 244.1 245.7 245.1 241.2 238.9 242.6 249.3 254.6 259.5 264.7 266.5 272.2 276.5 279.3 282.4 285.9 287.1 286 283.7 279.3 268.3 270.6 274.9 277.7 278 275.3 269.5 267.1 262.6 252.9 239.7 220.3 234 250.7 262.2 266.8 273 275.6 278.9 282.8 285.4 286.9 289.6 292.4 296.2 296.9 296.8 298.1 299.1 299.3 300.1 299.6 297.5 299.1 300.6 301.3 302.1 302.5 301.6 301 300.9 302.8 306.9 309.5 311.1 312.4 316 318.4
218.7 220.5 223.9 223.3 221.3 219.8 218.7 221.7 224.8 231.2 235.1 236.9 237.5 236.5 235.8 238.4 244.8 249.8 255.4 261.7 266.9 273.4 276.8 278.9 282.1 285.1 286.8 286.2 283.5 279.2 272.6 262.5 263.8 268 270.1 269.8 266.5 260.7 256.3 248.7 235.9 222.8 234.4 248 261.2 268.1 273.6 277.2 280.8 283.6 285.7 285.5 288.7 291.5 294.1 295.8 296.1 296.7 298.7 299.3 299.7 300.7 299.4 301.5 303 304.9 307.4 308.2 307.7 307.9 308.8 308 308 308 309.7 311.9 314.7 318.4
217.1 216.2 222.4 224.5 224.2 223.4 220.3 216.9 219 221.3 223.4 223.1 228.9 232.3 235.5 239.6 244 247.7 253.9 263.7 270.7 276.2 277.5 279 282.8 284.9 285.6 284.4 282 278.5 273.5 266.3 259.3 256.9 258.8 261 260.6 256.7 250.6 244.7 236.1 219.5 231.6 246.4 257.8 266.5 272.4 275.8 278.3 281.5 283.4 283.8 286.3 289.8 291.8 293.8 293.8 295.3 297 298.1 298.5 300.3 301.5 302.4 304.1 307 310.6 313.5 314 314.8 315.5 315.1 313.8 313 314.6 316.5 317.8 321.7
216.3 213.9 219 223.6 225.6 225.3 223.6 219.9 212.8 216.3 220 223.9 228 234.3 238.1 242.6 247.6 250.1 255.7 266.2 273.8 278.5 279.6 278.9 282.3 284.4 284.3 282.2 279.7 276.2 272.7 267.9 265 259.8 249.1 251.1 252 250.3 245.6 242.6 231.8 218.6 228.7 243.1 254.2 263.7 269.7 271.5 271 276 279.9 281.3 285.3 287.8 288.8 289.3 291.1 293.3 294.9 295.7 296 298.7 301.5 302.9 304.5 308 312 315.9 318.9 319.6 320.6 322 321.6 320.3 320.6 322.9 323.4 325.7
217.6 213.5 214.6 220.3 224.3 225.3 224 220.8 216.7 214.4 218.9 222.7 228.9 235.7 239.7 242.6 248.1 251.4 254.5 266.1 274.6 280.2 281.4 280 281.7 283.1 283.6 281.9 278.5 274 269.7 264.9 261.2 257.6 249.7 241.2 242.8 243.1 240.2 237.2 220.8 218.7 229.9 239.4 249 259.9 266.6 270.1 271.9 271.9 277.1 280.6 282.4 285.3 285 286.3 287.5 290.2 292 292.9 292.6 294.7 300.2 305.5 305.4 307.7 311.5 315.8 320.2 324.5 325.2 326.2 326.9 326.9 327.2 328.4 327.5 328.4
219 216.2 210.5 215 219.8 223.3 223.4 221 216.6 209.7 216.1 220.9 225.7 233 238.7 242.7 245.7 250.1 251.9 263.5 272.9 280.1 282.7 281.2 282 282 281.7 281 277.9 273.4 267 262 256.6 251.8 246.2 243 236.3 235.5 237.5 230.5 213.4 217.4 228.8 235.6 245.4 254.7 261.5 266 270.3 271.9 273.7 277.6 279.5 282.5 282.7 283.7 284.7 286.6 288.5 289.6 289.8 289.9 293.4 303.7 306.1 308 310.5 314.6 319.7 324.9 328.5 329.8 330.6 330.8 331 330.8 330.1 330.2
217.8 217.3 213.3 208.6 213.7 219.4 220.9 220.2 218 210.8 209.4 216.7 221.3 227.5 235.3 241.8 244.7 248.5 252.1 260.3 269.7 278.8 282.4 282.2 282.6 281.2 280 279.2 277.1 273.1 266.8 259.6 252.1 244.2 239.1 236.8 236.5 232.1 232.8 223.4 212.3 219.4 226.4 231.7 239.5 249.8 257 263.1 268.7 270.6 272.1 274.3 277.6 280 281.5 280.6 282 283.8 285.6 286.5 287.5 289 290.2 298.7 306.3 310 310.9 315 318.7 324.8 328.9 333 333.7 334.4 332.9 332.5 331.5 331.6
213.8 214.2 211.8 207.4 207.2 213.3 216 216.7 217 212 205 211.5 215.7 218.6 230.3 238.9 244.7 247.1 250.2 258.7 268.5 277 282.4 282.7 282.7 281.9 280.2 277.5 275.1 272.3 267.2 260.1 251.3 243.3 235.8 234.1 235.2 234.5 228.4 216.2 209.6 219.2 222.6 226.2 233.2 243.7 253 260.5 265.8 268.6 269 269.5 271.8 275.7 278.4 279.9 279.8 281.4 283.5 284.8 286.9 288.4 289 289.8 298.9 309.7 312 315.1 320 324.6 328 332.5 335.4 337.3 336.1 334.3 333.2 333.7
206.5 207.6 206.6 203.9 200.3 204.7 208.1 209.7 210.5 208.6 205.7 204.2 208.7 212.7 223.1 234 241.8 246.6 247.9 254.8 263.7 273.4 279.8 282.5 282.3 280.9 279.6 276.3 273.1 269.6 266.8 261.2 252.9 243.2 234 234.1 235 235.6 228.7 218 208 211.1 213.6 219.2 226.1 236.6 246.8 254.7 260.4 265.2 266.8 267.7 266.8 268.9 272.2 275.9 277.2 277.8 280.5 283.2 286.1 287.7 289.3 289.7 289.3 303.4 310.6 315.2 318.4 324.1 328.3 331.5 334.9 338 338.5 337.4 335.6 335.8
197.7 199 198.1 196.5 195.3 194.2 198.1 199.5 201.3 201.8 200.2 198.4 201.5 206.7 214.2 226.7 236.5 244.1 249.2 249 258 268.5 275.2 278.9 278.8 276.9 276.2 274.6 271.9 269.1 267 261.7 253.8 243.5 233.9 233.6 235 235.7 230 219.5 207.6 205.2 208.5 215.8 222.3 227.7 237.5 246 255.8 262.8 267.1 267.5 267.3 263.1 263.7 270 273.6 274.1 275.9 280.5 284.5 287.3 289.5 290.9 289.7 299.7 309.1 314.7 317.4 322.3 327.7 330.8 334.1 336.4 339.7 341 340 338.8
189.6 189.4 185.9 185.7 184.2 187.2 191.1 193.3 194.8 194.1 194 194.6 197.3 198.8 207.4 219 229.8 238.3 246 248.8 254.6 261.9 268.8 272.7 273.1 271.5 269.7 271 271.1 270.1 267.5 262.2 254.4 244 235.1 231.1 234.8 235.1 230.6 221.6 211.4 203.8 201.7 210 218 223.5 225.2 238.1 249.6 258.5 265 267.1 267.4 262.8 255.9 262 268 270.9 273.8 276.2 280.6 284.8 288 290.1 290.7 298.9 307 313.6 317.9 321.5 327.1 330.4 332.4 334.6 338.2 341.6 343.3 343.1
183 183 183 183 183 183 183 185.7 189 186 191 192.6 194.6 196.8 204.4 213 224.6 233.1 239.5 242.1 249.5 255.8 261.6 264.6 265 263.8 265.6 265.9 268.4 267.8 265.3 262 254.8 246.3 238.5 228.5 232 232.7 229.3 222.5 213.1 202.8 201.2 204.1 214 218.7 222.6 230.3 241.2 251.6 261.1 266.3 267.4 264.3 257.4 251.1 261.6 266.7 270.1 273.9 277 279.9 284.6 287.2 288.4 294.8 301.4 309.5 316.1 320.5 324.9 329.3 331.9 333.9 336 339.1 341.8 343.6
183 183 183 183 183 183 183 183 186.9 191.3 190.8 191.5 193.1 197.3 202.9 210.2 218.8 227.5 233.6 237.8 240.9 248.1 253.4 253.7 257.8 260.6 264.4 265.8 266.5 266 264.7 262.4 257 250.1 242.2 231 228.7 227.7 225.2 219.7 213.1 205.6 200 201.9 204.6 211.3 217.2 224.7 235.2 246.3 256.2 262.2 264.3 262.9 257.3 249.8 256.5 262.2 265.4 270.5 273.8 276.9 280.5 283.1 281.3 288.2 294 302.2 311.9 319.1 324.1 327.6 331.4 333.6 336 337.7 339.3 342.1
183 183 183 183 183 183 183 183 187.8 192.9 194.3 192.6 193.1 198.1 204.3 208.2 214.9 222.1 227.9 232 232.3 239.2 246.4 250.3 252.9 257.3 262.5 265.5 266.3 265.9 266.1 264.3 260.8 254.1 244.3 234.6 228.5 221 218.9 215.6 209.6 202.5 198.9 198.5 199.4 203.3 209.7 218.2 229.3 240.4 250.3 256.3 260 260.1 256.5 250.4 249.8 256.1 260.9 266.1 270.2 274.2 277.5 279.5 278.8 280.1 286.3 295.6 306.6 316.3 322.6 325.9 329 333.1 335.3 337.4 339 340.4
183 183 183 183 183 183 183 183 183 189.3 192 193.3 193.5 198.2 203.6 206.9 210.8 217 222.7 226 227.7 231.9 240.1 245.4 248.6 252.4 258.9 264.6 266.7 265 265.9 265.6 262.7 257.7 249.4 239.8 231.2 221.8 216.8 211.7 203.2 199.4 197.5 196.9 198.6 198.9 204.9 214 222.6 232.3 241.7 248.3 252.9 255 254.2 249.6 246.2 249 256.1 261.7 265.7 271.1 275.1 277 276.7 272.8 280.5 289.4 301.2 311.9 319.7 324.9 326.7 330.1 333.3 335.5 337.3 339.2
183 183 183 183 183 183 183 183 183 182.6 182.6 189 191.9 198.3 203 203.3 197.1 212.7 217.5 220.3 221.1 228.3 235.4 240.6 243.9 249.2 256.6 262.7 265.9 265.7 263.3 264.4 262.5 259 253.4 246.7 238.4 228.5 218.8 209.4 200.9 199.1 197.9 195.4 194.7 197.3 203.1 213 214.6 222.5 231.6 238.5 244.9 248.5 249.4 247.8 242.8 246.9 253 258.2 263 267.7 271.3 273.5 272.8 269.3 279.2 289.2 298.3 307.5 314.3 321.4 323.8 326.5 329.3 330.5 331.9 334.5
183 183 183 183 183 183 183 183 182.6 182.6 182.6 182.6 182.6 192.9 199.8 201.3 193.3 207.3 212.4 214.4 217.3 223 229.3 234.6 239.2 242.6 251.3 259.4 263.8 265.3 263.2 261.1 261.5 259.2 255.4 250.2 242.8 233.8 222.8 209 203.2 203.4 199.8 194.7 193.7 193.7 199.7 208.8 213.5 214 221.9 228.1 236.3 242.6 245.8 245.5 241.7 245.5 252 256.5 260 263.6 266.8 268.6 268.3 264.7 274.5 285.2 293.9 301.1 309.2 316 323.3 324.2 325.5 326.7 327 328
