ny/ny69_OST50GRID_20230518/NY69.asc
ncols 200
nrows 200
xllcorner 360000
yllcorner 590000
cellsize 50
[rows 70 to 104 of 200, columns 0 to 77 of 200]
226.7 224.9 223 221.6 221.9 219.4 219.7 220.3 221 220.2 221.5 220.2 223.1 228.8 230.4 228.3 229.8 233.6 236.1 236.8 244.4 251.4 258.2 265.5 274.7 291 307.1 320.5 329.6 334.7 339.7 349.5 360.7 368.7 379 388.6 394.5 401.7 409.4 419.1 426.4 434.7 444.9 449.8 460.4 468 475.6 484.5 489.4 495.8 499.4 497.8 493.7 489.3 486.5 484.8 479.4 467 456.2 445.1 433.6 420.4 399.1 379 361.4 350 339.9 330.7 322 315.3 307.7 300.8 293.6 298 302.3 308 314.1 317.3
230.2 226.9 224 222.1 220.5 219.1 218.6 219.1 220.1 219.3 220 220.4 223.3 227.7 230.3 230.1 230 231.8 232.6 238.6 244.7 249.9 254.8 260 266.4 284.9 302.3 315.9 325.8 332.5 337.2 343.7 356.8 367.6 377.1 385.2 392.4 399.9 406.8 413.9 423 432.7 442.5 447.4 457.1 466.6 473.1 483.6 488.8 492.7 494 490.8 486.7 484 478.8 475.3 469.1 462.1 454 444.4 436 426.7 408.8 388 364.1 353 342.8 334.3 327.1 318.7 308.5 298.9 292.3 290.7 295.1 297.5 302.3 306.7
236.1 230.3 225.7 224 221.6 218.3 218.4 218.7 219.1 219.2 219.6 219.7 221.7 224.1 227.5 227.9 229.6 230.2 231.9 237.3 241.7 244.7 246.6 255 263.3 278.9 295.7 308.5 319.7 328.3 335.2 339.9 352.5 360.9 368.7 378.9 388.3 395.8 401 408.8 418 429.1 438.6 446.3 457.8 464.9 472.5 480.4 486.4 486.5 486.5 484.1 480.8 478.6 475.8 470.3 463.6 458.1 450.1 443.9 436.6 429.8 413.3 396.4 375.3 358.5 347.9 340.6 333.5 324.8 313.7 301 292.7 287.4 288 289.7 292.5 294.8
240.8 233.1 227.9 228.7 224 218.9 217.9 218.1 218.3 218.5 218.5 218.7 219.3 221 223.9 226.5 228.7 228.7 228.3 233 238 237.8 247.7 255 262.1 274.9 288 298.6 308.9 322 331.3 339.8 343.8 357.8 365.9 374.6 383.5 389.4 397.7 406.8 416.3 426.8 436.3 444.3 454.7 463.9 469.6 477 480.6 481.1 479.5 477.7 474.4 471.2 469.7 465 459.9 453.4 447.9 441.6 434.5 428.7 418.5 402.3 383.4 367.2 357.5 351.1 342.5 332.9 320.9 305.9 296.2 288 282 284.8 285.5 286.1
245.5 238.4 233.3 228.3 225 221 218.3 217.8 217.1 217.5 217.2 217.7 217.7 218.7 222.7 226 228 229.3 227.2 229.2 231.7 239 247.3 253.8 258.9 266.2 277.1 282.2 291.2 310.6 328.6 338.6 345.5 353.9 362.3 371.4 378.9 382.2 386.7 400.3 412 424.4 432.7 440 450.4 458.4 465 470.5 473.2 473.7 472.5 470.5 467.5 464.3 461.6 459.3 454.4 449.5 444.6 439 432.5 427.1 419.9 408 391.8 380.1 371.1 363.1 353.3 341 326.7 312.6 300.7 292.5 284.6 279.3 279.6 279.6
250.9 245.2 238.7 230.7 226.3 223 219.3 216.8 217.1 216.9 217.3 216.6 216.5 216.8 221.4 224.7 227.9 229.4 227.5 225.3 230.6 238.7 244 249.6 252.4 258.8 269.2 276.9 289.7 307.5 323.5 334.3 341.3 349 356.6 364.7 372.1 377.6 382.2 394.5 408.4 418.9 426.3 433.4 441.8 450.8 457.4 462.8 465.3 465.9 464.1 461.5 458.8 456.6 454.1 451 447.9 445.7 441.9 435.8 431.6 427.5 420.4 413 402.8 388.9 381.7 373.2 361.9 347.7 332.2 317.4 307.1 298.6 290.3 284.7 275.4 272.4
256.3 251.3 244.8 236.3 227.6 223.7 222.8 219.6 216.8 216.5 216.4 216.1 215.7 216.3 219.3 221.6 224.6 226.7 224.4 222.5 228.5 233.9 241.2 247.3 252 258 265.4 278 291.9 305.7 317.4 326.8 333.8 340.7 348.6 357.2 366.8 376.1 383.1 390.3 400.5 412.8 419.3 426.2 435.2 442.1 448.5 453.7 456.6 457.3 456 452.8 450.4 448.5 446.2 443.5 440.1 437.7 434.4 432.1 429.1 425.6 420.3 414.2 409.6 398.6 389.3 380.1 368.2 352.7 337.3 321.2 312.4 302.9 294.7 289 282 273.8
262.5 256.4 249.8 240.2 231.4 227.1 226.6 225.2 221.5 219.6 215.7 215.8 215.1 215.3 217 218.9 221.7 222.8 220.4 220.9 224.5 230 238.4 245.2 249 256 261.7 274.3 288.1 299.7 308.5 315.8 321.1 327.1 338.3 347.3 359.1 369.6 382.9 391.1 397.7 406.9 413.4 420.4 427.4 433.9 439.4 444 447.1 448.9 447.8 444.5 441 438.9 437.3 435.3 432.8 430.6 429.2 427.1 425.7 422.7 417.6 413.9 410.7 405.5 393.2 384.5 374.1 359.6 345.2 327.8 319.3 309.3 299.3 292.8 286.7 279.2
264.7 257 251.1 242.8 236.9 238.1 235.7 230.4 223.2 222.4 219.9 216.7 215.4 214.8 214.5 216.9 217 217.4 218.1 220.9 223.9 227 234.3 241.2 246.6 253.7 258.9 267.1 280.8 290.9 297.4 301.7 305.1 318.3 333.6 339.9 348.2 357.8 370 385.2 392.6 401 408.5 414.9 420.5 423.1 427.4 432.2 436.3 438.9 439.2 437.6 434.2 430.4 428.7 428.5 427.2 424.3 422 421 421 417.8 414.6 412.4 410.9 406.7 394.5 386.8 380.2 368.4 355.2 339.2 327.4 317.3 306.3 297.5 291 284.3
272.4 264.5 257.3 248.5 240.8 243.7 241.5 237.7 231.1 228 224.8 217.9 216 214.7 214 214.4 215 215.5 217.4 219 221.4 224.4 229 236.2 243.9 250.4 256.1 261.8 271.2 280 284 285.5 297.2 312.4 324.8 331.4 339.2 350.2 363.4 373.9 383.1 392.8 400.5 406.4 411.7 415.6 418.9 422.2 425.9 428.2 428.7 428.2 425.9 423.9 420.1 419.6 419.4 416.6 415 415.4 414.9 413.4 412.1 410.8 410.3 408.5 398.8 393.1 385.5 376.1 363.8 349.4 335.7 325.8 315.5 305.8 297.2 288.5
277.3 270.8 264.9 258 250.5 247.4 244.1 240.8 237.4 230.5 227.5 221 217 215.5 213.9 213.6 214.3 215.3 216.1 217.2 219.6 223.4 226.1 232.5 240 246.9 252.9 258 262.5 269 272.2 285.7 287.7 299.5 314.8 322.5 328.3 340 354.7 366 375.8 383.4 389.1 393.7 399.4 406 410.7 413.7 415.4 417.4 417.7 417.1 415.4 413.5 410.8 411.1 411.5 409.1 407.8 409.2 408.7 408.4 408.4 408.2 409 407.9 401.2 396.3 390.2 382.3 371.7 358.9 344.5 333.9 323.2 314.4 304.5 294.1
282 276.1 269.6 262.1 252.8 250.8 246.7 240.6 236.6 230.2 227.6 224.2 218 214.9 213.4 213.5 213.3 214.8 215.2 216.1 218.8 221.9 224.7 229.7 235.4 241.4 248.8 252.8 256.5 260.8 267.2 275.6 282.3 289 304.3 313.5 322.2 329.2 343.9 355.4 364.7 371.3 375.2 381.1 387 393.6 400 403.6 406.2 407.8 407 404.9 404.1 403.7 402.8 403.9 403.9 402.8 402.7 402 401.7 403.7 404.5 405.7 406.8 405.5 402.3 399 395.9 388.5 379.1 368.5 354.7 341.2 331.6 322.8 312.2 300.7
285.6 279.4 272.2 263.5 261.7 257.8 251.8 245.9 240.7 234.6 230.9 226.2 219.5 214.9 213.2 213.1 213.4 213.7 215 215.9 220.4 222.9 225.2 228.5 233 237.3 243.3 246.7 251.1 257.9 260.8 265.3 276.1 281.8 292.4 304.5 312.7 321.7 334 343.6 351.4 355.3 355.8 367.6 377.8 383.7 388.6 393.4 395 397.9 399 397.9 397.2 397.5 396 395.4 395 396.7 394.5 395.2 396.6 397.8 400.3 402.3 403.7 403.6 403.3 402.7 400.7 393.6 385.3 376 365.1 351.9 339 330 315 303.4
282.8 276.1 269.4 267.7 267.1 262.7 256.8 250.7 244.6 237.1 229.4 225.6 219.3 216 213.1 213.1 212.8 213.3 213.5 216 220.9 223.8 224.7 227 229.8 232.7 237.7 241.6 247.5 253.2 255.5 259.7 265.8 275.5 284.5 296 304.1 312 323 330.1 337.6 343.5 348.1 361.9 371.5 377.8 381.8 384.3 385.4 388.7 391 391.6 391.3 390.9 388.5 387.6 387.6 386.9 386.4 387.8 390.4 393.3 395.3 398.2 400.5 403 404.5 406 404.1 397.5 390.2 382.2 372 359.6 346.1 335 319.3 305.7
289.9 284.3 279.7 274.7 271.5 267.1 261.3 254.1 245.7 238.6 234.9 230.2 223.6 216.5 213.6 213 212.6 212.4 212.9 215.2 219.9 222.8 224.3 225.5 226.6 229.7 232.3 235.4 241 247 249.1 253.5 261.8 269.3 279.1 290.2 297.9 309.7 318.1 325.3 335.1 342.5 349.6 357.5 364.7 369.3 372.8 374.4 376.6 378.9 381.7 383 383 382.8 381.7 378 378 379.5 379.6 381.1 384.6 387.9 391.6 395 397.9 402.2 406.1 408.8 406.2 400.4 394.6 387.7 377.3 365 351 337.8 321.2 308.3
295.4 291.1 286.7 281.4 274.8 269.2 261.6 254.2 248.9 243.8 238.1 232.3 224.9 216 214.3 212.8 212.7 212.9 212.7 213.5 217.3 220.6 222.7 223.5 223.3 224.6 228.2 228.6 233.5 240.1 244.5 249.7 257.6 266.2 273.5 289.3 297.2 308.1 313.8 319.7 328 336.5 344.9 350 355.5 360.3 364.2 366.8 368.8 370.6 372.6 374.5 375.7 376.2 373.7 370.3 371.5 370.9 371.6 375 379.1 383.7 388.4 391.7 397.4 403.2 407.8 410 407.3 402.2 397 389.6 381.4 368.9 354.1 339.2 326.5 313.3
298.8 296.7 293.3 289.2 282.2 273 263.7 255.8 249.4 245.4 238.6 229.4 223.3 218.2 216.2 213.6 212.4 212.2 211.7 212.4 214.5 217.6 220.5 221.2 220.2 219.9 221.7 223 225.3 232.9 238.8 245.9 253.3 259.8 269.7 278.5 289.3 297.9 305.6 311.4 320.3 327.4 333.9 339.6 346.2 350.6 356.3 360.7 363.5 364 368 370.4 371.1 369.7 364.7 362.7 364.5 365.3 365.9 371.3 375.1 379.8 385.4 389.9 397.2 406.4 409.1 410.1 407.9 401.9 397.2 390.4 383.8 370.3 355.8 342.3 332.2 321.2
302.4 300.5 298.3 295.1 288.1 277.6 267.9 261.9 257.6 250.4 241 235.1 230.8 225.4 219.3 216.5 214.7 213.3 212.8 212.5 212.5 214.8 217.3 220.3 217.3 215.7 217.9 219.6 224.9 228.8 234.1 242 248 253.9 263.8 271.9 280.8 290.2 302.5 311.2 315.2 319.6 326.3 332.5 338.8 346 351 356.6 360.2 361.7 363.3 363.9 363.7 362 356.6 354 356.9 352.4 360.7 365.3 370.2 376.3 381.3 387.8 397.2 405.5 407 409.6 409.8 404.3 398.1 392.5 385.2 375.9 360.9 349.7 341.4 332
304.4 303.4 301.1 298.5 294.1 283.1 277.2 271.5 266.4 260.9 253.9 246.8 239.9 230.9 227.5 223.5 219.9 216.7 214.8 211.5 211.8 213.4 215.4 219.8 215.9 213.8 215.9 217.4 219.9 224.8 230.7 236.4 243 252 260.7 266.9 275.9 285.1 294.5 302.5 308.9 314.7 319.9 327 333.5 340 345.9 351.5 354.4 355.9 356.6 356.3 354.5 351 345.8 335.9 340.6 345.4 350.1 359.1 364.1 371.8 379.4 384.9 392.5 399.8 406.3 409.3 411 406.3 401.6 396.1 388.9 382.3 366.5 357.2 348.7 338.7
304.4 304.5 303.1 300.9 297.7 290.5 283.7 278.8 273.5 268.2 262.7 255.2 245.7 238.9 236.7 231.6 228 223.2 218.7 213.5 211.4 211.6 212.5 216.3 213.4 212.1 212.5 213 217 220.5 225.3 229 238.9 247.8 255.8 262.9 268.8 277.6 286.2 297.2 304.9 311.1 316.8 322.8 328.5 333.2 339.4 344.5 347.6 349 349 347.2 344.4 341.6 335.6 327.8 333.4 336 341.7 349.7 359.4 368.3 376.2 382.8 390.9 398.7 402.7 405.2 407.3 404.8 402 397.4 392.1 387.3 374.1 362.7 353.4 343.2
302.4 304.1 303.8 302.7 300.4 295.5 288.4 283.3 279.1 273.9 268.2 261.9 256.2 251.4 244.3 240.9 237.2 233.2 227.1 218.5 213.3 212 210.6 211.4 212.3 211.1 211.7 211.6 213.6 215.4 219.4 225.1 233.4 241 248.9 257 262.3 271.5 282.9 295.3 304.1 308.5 312.2 316.9 319.6 321.4 329.1 335.2 338.9 340.9 340.3 337.3 334.7 330.5 324.5 318.7 325 329.4 336.6 345.1 357 366.6 374.4 379.4 386.5 393.8 400.2 404.2 405.2 402.6 400.6 397.8 392.7 387.7 375.1 365.6 354.8 343.8
300.9 303 304 304 303.2 300 292.6 286.3 282.3 277.7 272.7 267.7 263.8 258.5 254.3 248.6 243.8 236.8 227.9 221.6 219.1 217.9 215.5 212.1 210.8 210.6 210.9 210.1 211 212.5 214.4 220.4 226.1 232.4 237.6 249.3 258.7 266.6 273.2 281.9 292.7 297.4 302.2 308 312.3 315.9 319.3 322.4 326.3 328.4 328.9 326.4 322.4 316.8 310.6 311.8 317.3 324.1 331.2 339.4 349.6 360.3 368.8 377.1 383.9 390.8 397.6 401.4 403.4 402.4 398.9 394.3 390.3 383.2 373.8 365.3 354.2 343.2
301.2 302 302.5 303.5 304.2 302.5 296 288.8 284 280.5 277.4 273.3 269.8 265.7 261.4 256.7 251.1 244.4 237.7 231.6 223.8 218.9 214.1 212.2 211.4 211.1 210.9 215.7 214.9 210 212.1 216.5 221.1 224.6 233 242.9 252 260.3 266 271.1 278.5 288.2 295.3 301.2 304.1 308.4 310.5 312.4 312.6 313.3 313.9 313.1 307.4 302.8 296.7 302.8 311.5 319.8 326.8 336.2 345.9 356.2 365.1 372.4 380.1 386.1 393 397.7 401 402.5 398.7 391.8 386.5 380.6 372.7 363.2 352.5 341.6
300 301.2 300.3 299.9 301.1 300.9 297.3 291.7 286 282.3 279.7 278.1 275.4 271.1 265.4 259.8 254.3 249.1 243.5 236.7 228.7 221.7 215.1 213 211.4 210.5 211.4 216.9 218.9 212.3 210.5 214.1 217.3 222 230 238.6 244.9 252.1 258.1 264.3 271.3 279.3 285.9 290.8 296.2 300.6 303 302.8 301.9 300.8 301 301.9 297.1 293.6 289 296.7 308.3 316.9 326.2 335.9 345.1 354.3 363.1 370.6 378.3 382.6 388 393.6 396.8 398 393.8 387.7 382.5 375.5 366.8 357.2 347.4 336.5
294.7 298.7 299.6 296.4 296.9 297.2 295.9 292.4 288.3 283.3 280.6 279.6 279.2 276.2 271.1 265.1 257.7 252.4 246.4 240.6 234.9 227.1 219.5 217.7 215.1 212.9 213 213.3 216.7 212.2 209.2 211.4 213.7 218.8 225.4 232.8 239.1 244.7 251.5 257.7 263.2 270.2 277.7 284.1 289 292.5 294.2 294.4 291 287.5 289.1 290.2 286.6 277.9 287.8 299.2 308.9 317.7 327.1 337.2 345.6 353.6 360.9 368.3 374 379.1 384.4 388 389.1 387 385.2 382.9 375.6 366.5 356.6 347.2 338.6 327.7
285.3 293.9 295.5 294.7 292.7 291.9 291.3 289.5 288 283.3 280.2 279.2 278.7 277.1 273.7 269.1 263.3 254.4 249.5 242.8 236.1 229.4 226.6 225.8 222.6 220.7 219.3 214.8 211.6 211.5 210.4 209.8 212 216.4 220.8 227 233.5 238.7 243 247.6 251.7 255.3 266 275.1 281.7 285.6 286.3 285.6 282.9 278 278.8 280.9 278.2 271.6 284.9 297 307.2 317.1 325.5 334.2 343.5 351.3 358.3 364.1 369.6 375.6 380.1 383.1 384.9 382.5 380.2 375.4 366.1 354 342.6 336.6 327.6 317
279.7 287.3 290 290 287.8 286.4 284.4 283.9 283.3 281.6 277.8 277.8 277.7 274.9 272.4 268.7 265.1 258.2 249.2 242.5 239.2 237.2 237.1 233.9 229.8 224.4 224.1 218.6 212.1 211.3 211.7 208.9 209.1 210.1 217.1 221.9 226.8 230.4 232.1 234.1 239 245 252.6 263.3 271.1 276 278.2 276.7 273.3 267.8 270.5 272.1 269.8 266 279.2 289.7 301.3 311.7 320.5 330 339.6 348.5 356 365.2 370.4 377.4 380.5 381.3 379.9 377.6 373.4 366 354.5 342.3 332.8 327.2 319.1 310.9
286.3 275.5 282.9 284.7 283.6 283 283.7 279.4 277 276.2 274 272.8 274.3 274.6 270.5 267.4 263.9 260.3 253.2 247.5 243.1 242.1 242.5 240.4 234.7 229.9 224.9 222.2 214.4 211.8 211.4 209.4 207.4 208.2 212.9 217.6 219.1 221.6 222.2 224.1 226.9 233.7 242 250.5 259.4 265.9 267.4 266.2 263.7 257.8 260.8 264.5 256 263 275.5 285.3 294.4 304.3 314.7 324.5 336 346.3 354.1 364.9 372.6 378.7 379.5 378.5 375.8 370.9 365.6 354 342.4 334.3 325.5 318.5 312.9 304
286.4 284.1 270.8 279.2 275.9 281.5 281.8 280.4 275 269.8 268.1 264.8 266.4 265.3 265.4 265.1 264.4 261.1 256.5 249.3 242.8 242.1 242.2 242 239.6 233.3 226.5 217.9 213.3 211.9 211.2 209.8 209.6 208.2 207 213 216.8 215 213.9 214.4 217.7 223.7 232.9 242 250.2 256.5 257.4 255.8 253.6 246.2 251.5 255.3 246.4 259.4 271.2 281.7 290.9 300.1 311.1 321.9 332.6 343.7 353.1 362.1 370.3 375.3 376.1 375 372.1 367.3 357.4 344.4 335.3 325.1 319 310.8 304.1 293.1
283.2 275.6 266.5 262.5 266.4 277.9 278.3 277.1 274.4 268.3 261.1 257 256.1 253.6 254.1 256.4 258.5 260.1 256.6 252.3 244.7 239.9 238.9 239.3 237.6 230.7 220.7 215.1 213.9 213.6 212 210.7 210 208.4 207 207.8 209.2 211.2 210.1 211.1 214.2 219.2 227.2 235.3 242.9 248.3 248.8 247.4 244.5 236.9 244.1 238.6 243 257.8 268.9 279.6 290.6 300.4 311 321.4 330.6 340.9 350.8 359.7 367.1 372.4 374.3 371.6 368.7 362 350.7 337.4 327.6 316.7 308.3 301.5 292.8 285.3
284.5 282.1 279.1 275.9 259.6 269.3 274.3 273 270.8 266.6 260.1 251.1 242.6 240.3 239.6 240.1 246.1 253.3 254.7 252.6 247.6 242.1 239.9 235.9 229.4 224.5 217.4 215.2 219.1 220.4 219.4 214.6 212.4 211.7 208.2 206.3 206.9 206.7 207 207.4 209.5 212.3 220.2 229.1 235.9 240.1 240.2 238.3 234 230.3 233.2 236.1 247 256.3 266.9 277.5 289.6 300.9 312.3 322.6 329.2 338.4 348.3 357 364 369 370.7 369 364.2 356.4 346.3 333 319.8 307.9 298.5 292.1 284.9 278.6
282.9 280.2 277.5 274.6 268.4 254.3 265.6 269.7 267.5 263.5 257.3 242.9 241.2 242.7 243.8 239.3 237.2 238.6 248.7 251.4 247.9 243.1 235 224.9 227 223.2 220.4 223.2 224.6 226.6 225.9 223.8 221.5 217.1 214.9 211.3 206 205.9 205.6 205 206.6 208.8 215.7 224.1 229.7 231.3 230.5 227.4 221.7 222.4 227.4 238.2 247.5 254.1 265.1 275.5 287.1 299.7 311.6 322.1 330.2 338.2 346.5 355.3 361.6 365.6 366.3 363.6 357.6 348.4 340.4 329.9 313.8 302.9 291.7 282.6 275.5 269.9
279.4 276 272.2 271.8 269.1 263.9 253.7 258.2 247.9 251.4 248.9 243.2 248.3 251.9 252 248.9 244.7 238.8 234.3 247.3 246.7 239.1 226.1 231.8 242.1 238.2 229.7 229.1 228.1 230.1 230.4 228.2 228.2 226.5 224 219.8 212.8 207 204.7 204.7 205.2 207.5 212.7 220.6 225.1 224.3 220.2 215.5 216.2 218.2 227.4 237.3 245.2 250.8 264.7 272.9 282.8 296.6 309.5 321.2 330.2 338.3 345.5 352.8 358.6 361.6 360.8 356.1 348.5 338.6 332.4 321.3 309.4 297.7 285.1 277 269.6 262.3
274.8 270.7 263.3 258.1 254.4 252.9 249.6 248.2 249.6 247.5 246.2 253.5 257.6 258.8 257.8 255.1 250.6 245.5 239.3 234 235 233.8 236.9 242.3 248.6 244 235.1 229.9 230.7 233.7 233.7 232.4 233 231.8 228.8 224.5 218 211.4 205.1 204.8 204.4 204.9 212 216.3 220.2 216.5 211.9 211.2 212.8 217.3 227.6 235.9 242.6 251.4 265.6 275.8 284.8 293.9 305.8 318.7 327.8 336.2 343.3 349.6 354.2 355.7 352.9 346.9 338.7 330.7 324.2 310.7 302.9 293.7 282.3 273.2 265.8 259.2
273 273.8 269.1 256.9 253.7 252.9 254 259.8 260.5 258.9 260.4 266 266.2 264.3 259.7 256.6 253.9 248.9 243.7 233.6 229.4 240.3 244.9 248 252.8 249.4 244.4 233.3 236 239.9 240.4 238.5 235.5 233.3 230.6 226.1 222.5 214.7 209.6 203.7 204.4 202.4 212.2 214.6 213.7 211.1 208.9 209 210.3 217.4 225.3 232.6 242.4 255.1 266.7 276.7 287.5 298.1 307.9 317.2 324.1 332.1 340.3 345.2 348.6 348.6 344.6 336.9 328.6 321.3 313.1 305.4 296.9 288.8 279.6 270.8 264.9 258
