ny/ny69_OST50GRID_20230518/NY69.asc
ncols 200
nrows 200
xllcorner 360000
yllcorner 590000
cellsize 50
[rows 70 to 104 of 200, columns 78 to 155 of 200]
318.4 316.6 312.8 312.5 311.9 314.8 316.3 315.2 312.9 310.4 309 304.9 300.4 294.8 292.9 291.1 289.1 286.2 283.6 280.4 274.7 266.9 261.7 259.1 260.8 263.6 262.5 258.8 252.1 243.4 235.7 233.2 231.9 233.2 233.6 240 244.8 247.8 250.7 255.3 260.9 264.9 269.5 275.7 282.9 287.3 289.4 292.9 299 304.6 308.6 311.8 317.1 322.8 325.7 328.9 330.7 333.5 334 335.4 337.2 339.5 340.4 336.8 333 333.1 330.7 327.2 323 320.1 318.8 321.4 323.3 322 319.7 316 310.5 300.3
307.7 307.3 306.5 306.9 310.3 311.2 312.6 312.5 310 306.3 305.8 303.2 299.8 294.9 292 290 287.9 284.8 282 279.6 274.6 267 257.2 251.8 255.2 258.7 258.9 255.5 249.4 240.7 232.7 231.2 232.5 233.1 233.6 239.9 244.4 247.3 249.6 253.6 260.4 267 269.5 274.8 282.5 287.5 291.8 296.9 302.6 307.3 310.2 313.5 318.2 322.5 325.8 328.4 328.2 329.2 328.6 329.3 330.4 331.5 332.2 329.2 325.5 323.4 321.1 317.2 313.3 312.5 309.1 311 312.8 310.7 307.1 298.9 296.2 301.5
295.2 299.9 304.3 306.8 308.1 306.4 305.8 306 304.9 303.7 302.9 302.1 298.9 294.5 292.5 289.2 285.9 282.7 280.8 277.4 272.3 266.3 258.8 249.9 248.6 252.4 252.6 249.6 245 238.8 231.3 232.4 232.3 232.6 237.5 242 243.7 246.2 249.3 253.8 260.1 267.8 271.8 274.5 280.5 287.4 292.3 299.3 304.9 309.1 312.6 315.3 318.4 320.8 323.5 325.1 325.1 324.1 323.5 323.3 323.7 323.2 323.7 322.7 318.4 314.4 311.1 310 306.9 306.1 303.2 303.1 297.5 292.9 292.4 294.2 301.8 314.3
289 295.4 300 302.8 303.8 303.1 300.6 296.3 297.3 300 300.9 300.1 297.2 295.8 293.8 289.4 285.5 282.8 279.4 275.8 272.8 268.8 257.4 247.6 242 244.3 244.4 243.3 240.1 234.7 231.8 232.3 231.9 232.2 238.3 243.8 246.6 247.9 250.5 255.5 261.1 268.4 273.5 278.1 282.4 287.3 293.8 300.1 304.4 308.3 310.7 312.6 314.8 317.1 319.6 321.4 320.9 319.3 319 316.6 315 314.8 315.1 314.1 310.6 306.4 303.6 302.6 302.1 300.8 294.2 290.7 288.7 291.7 296.3 305.2 321.6 327.2
282.7 288.8 293.6 296.5 296.6 296.6 296.8 294.6 289.7 293.7 295 295.5 294.3 294.9 293.7 290.8 287 283.6 278.8 275.5 274.1 270.4 260.7 248.3 243.4 237 237.1 236.4 233.7 230.1 231.7 231.7 231 233.2 237.7 244.1 247.9 249.8 254.2 260.7 267.4 273.6 278.2 283 286.4 287.8 291 296.1 300.3 303.9 305.9 306.3 308.1 310.6 312.3 312.6 312.3 312 310.4 308.4 306.5 305.9 305.6 304.8 302.9 300.3 298.2 296.8 296.2 293.1 287.1 284.9 289.1 299 303.2 313.1 330.5 334.2
276.4 281.3 286.3 288.7 288.6 288.3 290.8 290.7 287.8 285.9 289.1 289.1 291.3 292.3 291.4 289.4 285.9 281.9 278.8 275.2 274.6 271.7 262.5 250.9 245.4 240 233.9 232.4 230.1 230.5 230.6 230.9 231 233.3 237.9 243.6 248 251.7 260 267.1 274.6 279.2 283.6 285.3 286.2 287.8 288.4 290.5 294.6 297 299.1 298.6 298.3 301.1 302.2 301.6 303.8 303.1 301.5 299.7 297.4 296.9 296.1 292.3 292.5 290.3 287.7 287 282.6 283.4 283.7 290.5 301.1 311.2 319.9 329.6 335.5 340.1
270.7 277.1 281.9 283.4 284 285.1 284.8 285.5 284.9 281.5 283.2 284.8 286.2 286.5 285.6 285 282 280.7 280.1 277.2 277.3 273.2 263.6 250.5 243.8 238 232.4 230.2 230.1 230.1 230.4 230.6 231.8 234.2 237.8 243.1 249.5 255.3 263.2 268.4 275 279.8 282.9 284.8 285.7 285.4 285.8 286.7 288.6 290.2 291.9 292.3 291.2 291.3 293.5 294.4 293.7 293.2 292.3 290.3 287.9 286.3 285.5 283.9 278.4 279 278 279.5 281.4 284.7 294.2 301 309.5 321.8 331.4 336.2 341 345.3
270.2 271 277.4 279.6 280.3 280.8 278.9 279.5 278.7 277.5 279.2 280.8 279.2 276.2 276.9 280.6 281.3 280.9 280.7 280 278.6 273.8 264.3 250 242.2 234.2 229.2 229.9 229.8 229.8 229.9 230.3 231.9 236.3 238.6 244.1 250.9 258.7 262.8 268 272.5 276 280.3 282.7 282.4 282.2 282.7 284.1 285.4 286.5 287.7 287.7 286.3 285.5 286 285.9 284.6 280.8 279.8 279.1 275.4 272.7 273.1 274.7 275.3 277.3 279.9 283.4 287.6 296.8 297.6 308 319.8 329.5 335.1 339.7 344.4 352
274.6 265.1 270.9 275 276.4 274.3 268.8 269.9 274.8 275.6 277.8 279 278.4 279.3 278.3 278.5 281 280.9 280.8 279.9 278.2 273 264.1 252.2 239.8 230.8 229.8 229.9 229.6 228.9 229.7 230.4 234.4 238.6 241 245.7 254.4 262.3 264.3 265.7 269.8 274.8 278.5 280.5 279.2 279.4 280.5 281.8 282.2 283.3 283.8 282.6 280.4 276.3 273.1 274 268.2 267.9 268.6 270.1 270.4 275.1 277.5 278.3 278.3 281.9 284.3 290.5 297.5 304.5 305 314.4 326.1 334.3 338.8 340.6 348.7 358
279.7 269 263.7 268.6 269.5 266 264.2 265.8 271 274.1 276.9 278.5 280.2 280.5 279.7 280.3 280.9 281 280.8 278.6 276.1 270.5 261.4 249 234 231.6 229.3 229.7 229.6 228.1 229.3 230.5 235.9 240.3 243.2 247.8 256.4 263.7 265.8 267.7 269.6 272.6 276.9 278.4 277.6 277.3 274.6 271.2 269.8 270.6 270.5 268.1 267 261.9 264.8 264.8 266.3 266.4 270.4 273.8 275.5 281.6 282.3 282.1 280.1 284.4 287.9 293.6 300.9 309.9 316.1 319.6 329.4 336.7 342.3 349 357.4 367.2
284.9 274.8 262.6 261 265 263.9 261.8 262.1 268 272.1 276.1 277.8 278.1 279.1 279.6 279.5 278.6 279.2 275.7 272.9 270.9 264.6 254.5 241.8 235.3 233.5 229 228.7 229.3 229 229.7 231.2 237 241.6 245 249.7 257.6 263.3 265.9 266.7 268.6 271.4 274.6 275.7 275.4 264.9 254.4 254.8 256.2 257.3 260.4 266.3 274.9 279.7 279.8 279.1 282.1 283.8 282.1 284.1 285.9 286.2 285.9 285.5 283.6 287.8 293 300.1 307.8 312.1 323.9 326.9 331.2 339.9 348.3 358.9 367.8 373.6
290.8 280.7 266.6 257 258.4 260.9 258.4 262 265.8 271.8 275.2 276.3 274.8 273.7 274.9 274.9 274.9 274.5 270.7 267.7 263.6 255.3 243.3 236.6 237.8 233.3 229.3 229.3 229.1 229.4 231.2 232.1 238.1 243.1 246.9 250.3 255.4 261.7 264.3 264.4 266.9 269.4 271.7 273.1 271.3 253.1 254.9 257.7 264.4 274.5 277.8 284.6 287.6 291.4 295.9 296.7 296.6 295 291.6 289.4 290.8 289.6 288 288.3 288.9 290.5 298.8 308.3 316.5 321.9 326.2 333.7 338 343.9 354.1 363.6 375.1 383.2
295.4 285.4 269 262.9 255 254.4 258.4 263.5 265.9 271.5 273.3 272.2 270.9 269.4 268.6 269.5 270.7 270.5 266.3 261.6 255.1 243.6 237.5 234.6 232.5 229.9 227.3 228.5 229.3 230.2 231.5 232.6 236.5 242.8 247.1 250.4 254.5 260.6 262.1 261.1 262.9 266.5 269 270.1 256 252.1 253.5 266.5 274.8 285.4 290.6 292.2 296.2 298.9 302.9 304.8 305.1 305 303 301.2 300.2 298.4 295.9 291.5 292.7 295 305.5 318.1 325.3 328.7 334.5 338.5 343.2 350.7 357.8 369.4 381.6 385.7
298.2 289.2 280.4 272.3 262.8 251.9 255.7 262.1 265.5 268.2 268.7 266 264.9 263.6 260.9 264.9 265.9 263.4 258.4 252.2 246.9 238.1 233.3 228.9 227 226.8 228.5 228.1 228.8 230.6 231.7 233 235.7 242.6 246.4 249.3 252.9 258.3 260.1 258.7 259.8 263.6 266.7 257.4 249.4 253.1 260.6 272.4 283.8 293.5 297.3 299.8 304.1 308.2 310.5 311.5 312 312.2 313 313.1 311.5 309.8 307.4 303.6 299.6 299.6 313.1 323.4 329.8 336.7 343.9 343.4 352.5 359.6 367.7 373.5 380 384.1
302.3 298.3 287.4 277 272 258.6 248.8 255.8 260.5 262 261.1 257.5 258.8 257.2 257.5 260.9 260.4 254.6 247.8 243.4 240.6 234.4 227.1 225.9 226.4 229.6 233.5 234.1 231.9 230.7 232.6 233.5 235 242.6 246.6 247.3 250.8 254.4 257.9 257.1 259.3 263.9 265 251.1 254.1 261.6 271 281.4 289.7 296.7 302.8 306.7 310.5 314.6 315 318.9 322.1 323.1 323.2 322.9 320.4 318.3 317.3 315.1 311.3 302.7 320.5 330.4 338.9 344 349.8 353.6 360.3 366 372.6 377.4 379 384.2
306.3 306.6 295.8 284.6 277.3 268.8 255.9 247.3 253.3 255.7 251.5 250.7 255.1 254 256.1 258.2 255.3 248.8 241.1 237.8 234.6 229.2 226.6 225.6 227.6 231.8 236.2 236.3 233.2 231.5 232.6 233.8 235.6 236.8 239.6 243.7 247.3 247.5 247.5 250.5 258.6 263 259.4 246.7 265.2 276.1 277.1 288.8 295.7 300.8 307 311.5 315.2 320.5 325.6 329.7 333.2 334.4 334.3 332.4 330.8 327.9 326.1 325.7 322.1 310.9 325.7 335.6 346.6 353.5 357.6 360 362.5 367.7 372.1 378.7 381.5 388.2
314.3 310.3 302.5 291.2 282.1 273.5 262 251.9 247.6 249.3 246.9 245.8 250.2 250.8 252.9 253.7 251.6 244.7 236.1 232.8 228.8 226.5 226.3 226.4 230.5 234.7 237.9 237.1 234.3 232.1 232.4 234.3 235.7 235.4 237.2 237.6 238.8 240.8 242.6 244.9 246.5 249.7 245.3 260.6 277.3 290.6 285.6 294.8 301.9 306.3 311.5 317.4 320.8 327.7 334.2 340 343.9 346.7 347.8 346.6 343.2 338.8 336.9 337.7 333.6 320.4 331.1 341.7 350.8 359.1 362.8 365.6 367.4 371.7 376.4 381.5 384.2 390.1
322.8 314.6 307.1 296.5 286.1 277.3 271.5 263.3 255.7 242.1 242.5 242.4 245.9 247.8 248.8 249.1 246.9 242.1 234.6 227.3 225.3 224.5 225.5 229.1 233.8 237.4 239.9 239 235.5 234.6 234.6 234.7 236.4 237.3 238.6 238.7 238.6 238.9 240.7 246.6 254.7 259.2 262.8 275.5 286.9 300.4 296.3 304 312.9 318.3 322 325.4 329.1 335.2 344 349 356 360 361.7 361 357.6 352.6 351.3 350.9 344.5 334.4 333.7 345.4 352.7 361.4 368.1 372.2 375.2 375.4 380.4 387.1 390 394.6
328.2 316.5 309.5 301 290.7 282.7 277.6 269.3 258.8 249.9 239.6 237 240.1 243.6 243.4 243.1 242.6 240.1 232.4 226 223 226.2 229.5 232.2 234 236.2 240.8 243.9 242.7 239.3 237.2 236.9 237.9 238.8 239.7 241 242.1 243.6 247.6 257.2 266.1 273 276 282.2 291.7 302.7 306.3 314.5 325.6 330.8 335.7 338.5 342 347.7 352.1 360.2 367.3 371.1 373.7 374.8 373 369.4 364.4 361.4 354.4 347 343.3 347.7 358 368.5 379.7 381.8 381.4 379.8 384.2 391.8 395.7 398.9
332.1 321.1 314.1 305.4 295.5 286.6 279.6 272 262.8 254.7 246.9 239.3 233.9 238.3 239.6 237.5 237.5 238.9 230.8 225.7 223.9 226 228.7 231.7 233.4 235.1 240.1 247.1 249.4 248.2 246.6 242.5 238.7 239.3 240.9 242.5 244.1 249.1 257.4 266.4 274.6 278.1 283.2 290.2 298.2 307.6 318.3 328.8 338 344.8 349.2 353.2 356.6 360.6 363.3 368.7 377.2 381.4 383.9 386.5 384.2 380.3 374.2 369.6 362.3 355.4 351.4 351 361.2 372.6 381.1 383.6 384.1 384.3 388.7 395.1 398.9 399.4
334.8 325.6 316.8 307.1 297.1 287.1 278.5 272 264.1 256.7 249.6 242.4 235.3 232 233.8 233.1 233.7 235.5 231 224.9 224.7 225.5 225.9 230.6 233.8 236.7 243.7 250.5 255 256.4 255.7 251.1 248.8 244.7 244.8 246.4 250.8 254.5 264.4 273.2 280.2 285.2 291.7 299.7 308.9 320.9 331.3 340.4 350.2 357.2 363 367.8 371.5 372.6 376.1 381.1 387.9 390.5 391.6 392.8 390.8 389.1 384.1 379.1 372.2 363.8 359.5 360.4 362.8 372.3 378.8 383.4 385.9 387.8 391.8 398.4 401.9 403.8
334.7 325.6 316.2 306.5 296.4 286.3 277.5 271.3 264.8 256.7 250.6 243.6 239 234.3 229.9 230.2 230.4 231.8 229.5 223.9 224.9 226.3 228.1 231.3 235 241.5 250.2 255 260 262.9 263.8 262.5 259.9 254.9 252.5 251.4 257.6 264.1 271.7 280.1 285.2 290.8 298.6 306.5 320.3 331.2 343.4 353.3 361.8 368.1 374.6 380.4 385 386.9 388.2 390.2 396.4 398.5 399.4 398.1 394.9 389.8 385.7 382.6 377.2 370.6 364.6 366.9 370.5 369.5 378.9 383.6 386.8 390.5 396.1 402 406.9 407.7
331.3 321.8 312.8 303.6 294.8 284.9 276.7 269.8 265 257.2 250.6 244.7 239.9 235.9 232.3 229 226.3 228 228.4 222.7 224.2 225.8 229.7 234.1 238.7 247 256.1 260.7 262.6 266.2 269.4 269.4 267.1 262.8 261.2 258.5 264.3 272.9 280.3 287.9 294.2 298.1 305.2 314.9 329.9 342.9 353.3 363.7 372.6 379.5 385.5 390.7 394.2 395.4 396.7 397.6 400.2 401.9 402 399.7 395.3 391.4 386.4 383.9 381 376.5 372.1 372.6 375.5 379.7 377.7 382.5 389.1 396.1 400.2 403.6 408.7 412.8
325.8 314.7 305.7 298.3 291.1 282 275.3 270.1 264.8 256.9 249.6 244 239.9 235.3 232.1 228.8 226.2 223.8 226 224.6 222.5 226 232.1 236.9 244.6 254.2 261.3 265.4 265.3 266.9 272 273.5 273.1 270.3 268.3 267.8 271.1 281.4 289.2 296.4 302.4 304.8 312 323.7 338 351.1 362.6 372.3 381.2 388.2 393.1 398.3 400.2 402.2 406.6 405.8 404.4 408 408.1 401.5 396.1 391.8 388.1 385.2 384.6 382.8 380 378.2 381.7 384.1 386.4 389.3 390.3 395.7 401.1 405.1 409.6 415.4
316 303.3 298.3 292.3 285.9 278.5 275 269.7 262.5 254.1 247.3 242.2 238.7 235.3 231.2 228.3 225.3 223.3 224.4 225.1 223.1 224.4 233.1 240.8 249.7 259.4 265.7 269.7 267.9 268.3 273.2 279.5 281.9 279.3 276.7 279 273.9 290.8 297.2 306 308.3 313 321.1 329.7 346.5 359.3 369.9 379.6 387.8 393.6 399.7 406.2 409.1 411.7 411.1 408.8 407.3 405.5 403.7 400 396.1 393.8 390.3 388.2 387.4 387.5 386.6 384.1 385.6 388.6 391.5 393.7 396.9 399.1 402.2 405.3 410.1 418.7
308.9 302.2 292.9 287.1 280.3 276.1 271.6 264 257.9 249.8 243.1 238.6 236 232.4 227.1 223 219.9 219.6 222 223.5 222.8 221.3 231.5 245.2 255.3 264.1 269.4 273.2 274 275.4 280.2 286.8 290.1 288.9 286 288.2 285.9 296.8 306.1 310.3 315.8 320.8 328.8 339.5 351.6 366.4 375.1 384 391.5 396.5 404.9 411.3 415.7 415.9 412.6 411.1 409.3 404 400.2 398.8 396.3 395.1 393 390.7 391 391.8 390.7 389.2 389.7 392.8 395.5 398.4 400.3 403.1 403.2 408 413.3 421.7
303.4 294.9 285.6 277.9 274.9 272.5 268 261.5 253.6 245.6 238.3 233.6 231.4 226.9 221.2 220.1 220.9 221.3 220.9 221.4 222.2 221.1 232.8 250.4 261.8 269.6 274.6 278.1 279.6 283.2 286.7 293.5 298.6 300 298.4 297.9 297.3 301.4 312.8 317.7 322.8 330.4 336.2 350.9 362.4 372.1 379.4 387.8 394.4 402.3 412.9 416.3 417 416.8 414.6 411.1 407.3 402.1 398.5 398.3 396.6 395.8 395.8 393.5 392.6 393.7 393.7 393.7 393.1 396.3 400.1 403.4 405 406.6 405.2 409.8 416.9 424.1
293.1 285.2 278.2 272.6 267.2 265.9 260.7 256.2 249.1 241.4 235.6 230.5 225.6 218.9 220 221.9 229.9 235.8 228.9 226.1 225.9 229.1 240.3 255.5 266.8 274.8 279.4 281.1 284.4 285.8 288.6 299.3 306 310.1 309.6 307.9 305.3 315.1 313.8 323.8 331.4 338.9 351.2 362.2 370.6 379 384.7 392.8 400.6 408.8 417.2 420.5 419 416.2 411.1 407.2 404.7 400.5 396.4 397.2 396.6 395 394.8 394.1 393.9 394.4 398 397.8 397.4 399.4 403.1 407.1 410.6 410.3 409 412.3 418.9 425.2
285.7 278.6 273.7 267.7 261.5 257.3 249.5 248.1 242.8 237.1 233 226.1 220.3 219.7 220.3 227.8 239.5 245.8 239.9 236.3 239.8 243.5 251.8 261.2 270.5 280.3 287.6 288 287.7 293 297.5 301.4 312.4 318.8 320.8 321.4 316.6 325 327.3 330.7 339.1 347.6 359.3 368.3 376.3 384.4 391.9 399.4 407.2 414.2 419.7 421 419.8 417.6 412.9 404.2 398.5 395.4 392.8 392.6 393.9 392.9 393.4 393.9 394.1 394.2 397.6 399.6 400.3 402.3 406.5 410.6 413.5 413.6 412.8 415.5 421 426.3
279.5 273.3 267.9 263.3 255.5 251.3 242.8 240.4 238.8 234.8 230.4 222.4 219.1 219.6 220.6 226.3 237.9 242.6 241.5 243 250.4 254.9 263.4 266.8 274.8 283.2 293.4 295 296.7 300.3 306.3 311 318.2 323.9 327.2 331.5 329.3 335.7 339.8 338.6 348.1 357.1 366 374 381.9 390.4 399 404.7 413.1 420.4 421.3 421.7 420.4 415.9 409.9 403.9 394.6 390.7 389.8 389.9 390.2 391.1 391.4 392.9 392.3 394.4 397.9 400.3 404.3 405.1 409 413.5 414.8 415.4 415.8 417.9 423.7 428
273 266.6 262.7 257.4 247.9 243.9 238.3 237.1 237.2 233.4 228 219.1 219 219.5 220.8 223.6 229.3 232.7 238.3 245.1 252.8 261.5 267.7 275.4 279.6 286.8 296.2 302.3 305.1 311 316.7 319 323.1 329.2 332.9 336.2 336.9 343.8 349.3 351.1 355.9 364.3 371.9 380 387.2 395.6 403.4 408.5 417.6 421.8 421.2 421.8 420.8 419.3 411.1 404.9 394.7 388.9 388.9 388.5 389 388.9 388.6 389.1 390.8 396.2 398.1 402.8 407 409.3 410.8 414 415.5 417.1 418.1 421.3 427.3 432.2
267.5 263.2 257.3 252 243.9 237.8 235.8 235.2 235.9 232.8 226.8 218.7 218.6 218 220.8 224.5 227.5 232.7 244.2 251.8 258.1 260.9 272.7 280.3 285.3 290.7 297 306.1 312.9 319.4 324.5 325.8 329.1 334.3 338.9 342.4 346.3 351.3 358 361.3 362 370.9 378.4 385.4 393 400.5 407.1 413.7 421.3 421.5 421.8 424.2 424.4 416.2 409.6 400.8 395.2 387.2 387.4 387.3 388.1 386.4 387.6 387.5 393.2 397.3 399.8 403 408.1 412.5 413.3 415 417.1 419.7 421.1 424.7 429.6 435.7
259.4 257.2 251.6 246.7 239.4 234.7 235.8 235.8 234.5 231.4 226.2 218.8 219.1 220.3 222.3 227.8 232.1 237.5 248.5 258.4 265.1 271.3 275.3 285.3 291.6 296.8 301.3 305.9 315.2 325.1 332.2 332.6 334.3 339.4 345 350.2 355.9 359.1 364.7 370.6 373.9 377.5 386.3 393.1 399.3 405.6 410.6 417 420.3 421.2 424.8 426.2 421 410.7 403.9 397.3 392.3 386.5 385 386 387.1 383.5 383.9 388.3 395.5 399.4 401.7 404.2 407.9 412.2 415.1 417.9 420.2 422.4 426.1 429.5 433.1 437.8
252.1 249.5 246.7 241.3 236.5 235.6 235.5 234.8 232.2 230.6 226.5 217.6 223.2 227.3 230 232.9 237.6 240.6 250.9 261.9 271.6 279 283.9 289.7 296.1 301.4 308.1 315.5 320.3 330 338.1 342.2 342.4 346.8 351.3 356.5 364.3 369.6 374.2 379.9 384.7 386.8 394.1 401.2 405.8 410.2 414.5 418.6 420.3 421.5 424.2 422.8 415.4 406.1 398.5 397 389.6 384.5 383 384.3 385.8 381.5 384.3 391.9 396.9 400.3 402.8 405.2 407.7 411.5 419 420.8 422.3 426.7 431.4 435.6 438.1 440.7
252.8 247.3 241.1 238.2 235.4 232.8 231.9 232 231.1 229.2 225.1 219.1 231.5 238.6 237.9 239.4 243.8 248.6 254.7 265.1 276.2 285 291.8 297.3 299.1 306.1 316.3 324.9 330.4 335.9 341.3 347.9 351.4 354.8 359.8 363.6 370 376.5 382 388.7 394.9 397.8 403.6 408.3 411.6 415.1 418.7 418.8 420 420.8 419.1 416.4 408.8 401 394.5 394 387.3 382.8 380.9 382.2 383 380.2 382.4 392.2 397.9 401.4 404.4 405.7 409.8 412.5 419.2 426 429.2 430 434.8 438.9 440.2 441.5
