ny/ny69_OST50GRID_20230518/NY69.asc
ncols 200
nrows 200
xllcorner 360000
yllcorner 590000
cellsize 50
[rows 140 to 174 of 200, columns 0 to 77 of 200]
395.6 401.5 401.5 399.8 400.6 398.5 398.6 396 390.4 385.8 381.2 380.1 376.8 372.2 368.5 365.2 361.2 356.3 350 344.5 343.9 343.4 339.1 331.7 323.5 325.4 323.4 320.7 319.2 320.1 322.2 323.4 322.9 319.7 313.2 307.7 300.8 293.2 283.9 273.7 271.1 266.1 263.6 262.2 257.3 256.2 259.1 257.9 252.5 243.1 235.5 231.6 231.8 230.5 227 222.8 218.9 217.2 215.4 218 214.2 207 197.4 188.9 188.6 191.5 201.7 212.7 220.4 229.1 237.5 244.5 253.8 265.7 275.1 283.1 294.6 307.5
398.2 402.3 401.5 402.4 403.5 402.7 401.9 398.9 394.9 389.6 384.6 383.8 380.7 376.5 371.9 367.1 362.9 359.6 355.6 352.8 349.7 347.3 344.2 336.6 331.8 333.4 331.8 327.9 323.8 326.2 327.9 327.3 325.3 320.6 314 306 301.3 294.6 286.5 275.9 269.8 264 262.1 261.3 258.3 254.1 255.9 256.2 253 245.9 237.7 233.6 232 230.7 227.5 224 218.1 217.4 213.8 215.2 213.9 208 199.8 188.9 189.4 198.2 207 213.8 219.1 225.2 235.8 243.3 253.2 265.5 275.3 284 296.1 307.3
400.2 403.2 406.1 407.8 407 404.6 403.8 401.5 397.1 391.5 388.9 387.1 383.5 379.1 374.5 370.9 366.7 363 358.8 354.5 350.8 349.4 347.1 343.2 341 339.8 336.9 330.4 327.4 330.4 331.6 330.2 326.2 322.8 316.1 308.4 300.3 291.9 287.5 277.6 269.2 267.8 262.6 260.1 257.6 254.1 251.7 252.9 252.3 248.8 242.8 236.7 230.3 228.5 226.5 225 220.4 216.4 213.7 211.1 211.5 205.6 197.8 188.9 189.4 199.9 207.6 213.3 216.1 224.8 236.2 245.9 254 263.7 273.9 284.5 294.8 303
402.9 406.6 408.7 408 406 404.2 403.1 401.9 398.9 396.2 393.2 390.1 385.9 381.6 377.2 372.1 367.2 362.5 358.1 354.4 350.6 348.9 346.8 344.3 345.4 343.8 339.8 332.5 330.7 333 333.3 331.7 328.4 322.6 316.9 308.4 301.1 291.4 283.5 277.7 270.8 264.5 263.1 258.6 253.5 253.6 253.3 247.2 249 247.6 243.5 238.7 232.8 227.9 225 224.1 220.4 213.6 212.2 206.8 205.3 200.3 192.5 188.6 188.2 197.5 205.8 209.6 216.1 227 236.9 246.1 253.6 261.6 272.3 283.1 292.1 297.7
404.1 407.7 409 408 406.7 404.4 402.8 401.9 400.9 398.3 395.7 393 390 385.1 379.9 374.5 368.4 362.9 357.7 353.2 350.1 347.4 346 348 350.3 348.7 339.9 334.5 330.9 332.7 331.8 330.6 327.5 322.8 316.9 308.4 301.3 293.8 284.2 275.1 270.2 264.3 260 256.7 249.7 249 249.6 247.4 242.5 244.1 240.1 237 233.3 228.1 222.8 222.6 219.9 214.5 209.3 206.6 201 194.7 192 189.4 187.5 194.1 202.4 211.1 219.6 227.1 234.8 241.6 249.6 258 269.3 277.9 286.3 290.9
406.4 408.7 409 408 407.5 406.2 404.6 403.2 402.2 398.3 395.4 393.9 392 388.2 382.7 376 368.9 362.6 357.2 352.2 349.2 347.9 348.4 350.5 351.9 349.3 339.3 333.1 331.5 330.2 327.8 326.1 324 319.8 316 308.3 302.2 294.7 285.2 275.6 266.2 261.6 255.6 253.4 249.2 244.6 245.3 245.1 243.5 237.4 236.8 233.3 231.4 226 219.9 220.4 218.4 214.5 208.7 203.8 199.6 195.1 191.2 189.4 187 194.2 202.8 211.4 221.1 227.1 230.1 234.1 243.7 256.6 266.5 273.4 279.2 284.1
410.5 412 410.7 409.6 408.5 408.5 406.5 405.4 403 399.2 394.8 392.5 391.3 388.2 382.5 375.6 366.8 364 358 353 350.2 349.6 350.1 352.3 353.8 345.7 337.4 333.4 332.3 330.7 326.4 320 318.4 317.2 314.6 308.1 300.9 294.3 286.2 276.6 265.4 257.9 254.4 249 246.3 241.1 240 241 238.4 233.1 232.6 230.2 227.2 223.1 216.6 216.9 216 212.7 206.9 203.1 199.2 201.7 192.8 189.4 186.8 194.8 205 213.3 220.7 224.6 225.2 232.6 242.7 254.7 262.8 267 272.9 276.1
415.1 415.5 415.1 413.1 411.5 410.8 409.8 410.5 408.1 401.7 396 396.3 394 390.5 385.8 378.4 373.5 368.9 364.6 357.6 353.4 351.6 352 355.3 354.7 344.3 335.1 334.9 335.2 332.8 328.1 319.4 314.4 313.1 311.9 307.6 300.3 292.9 285.8 276.3 265.5 256.2 250.6 246 242.3 239.2 233.9 235.3 234.7 231.1 226.9 225.3 222.4 219.1 213 213.5 213.2 210.5 204.4 200.1 196.9 194.3 193.2 189.6 186.1 195 205.2 211.9 216.6 222.6 227.9 234.8 244.8 253.6 259.4 263 267.3 270
415.1 416.9 418.3 416.7 416.9 415.6 415.1 417.9 413.2 407.1 403.9 403.2 400.3 398.9 393.1 388.3 383.2 380 374.2 368.9 364 362.4 359.2 360.6 357.6 348.4 337.8 338.2 338.4 334.8 328.6 321.5 314 311.2 309.5 304.8 298.2 290 283.3 274.8 264.5 254.9 247.5 243.7 240.9 235.3 232 229 229.7 227.5 219.7 220.4 217.6 214.4 209.5 208.9 210.1 207.4 201.4 198.9 194.9 190.5 198 188.1 186.2 194.1 203.3 210.6 214.4 224.3 231.2 235.3 246.1 252.2 256.8 260.2 262.1 266.7
417.5 419.4 420.7 420.3 421.6 421.9 423.4 426.1 423.3 417.1 413 410.3 408.2 406.1 402.5 399.3 395.9 392.8 388.2 382.3 377.2 373.7 371 368.1 363.7 357.3 348.5 341.7 340.1 336.4 330.1 321.6 306.8 307.1 305.7 301.1 293.2 286.9 280.2 272 261.2 250.9 244.2 241.6 238.6 238 235.2 230 224 222.9 218.1 214.1 212.1 208.9 204.9 203.5 205.3 203.4 198.4 196.4 193 189.7 192.1 193.3 185.7 191.8 201.7 211.4 219.4 228.3 234.9 240.4 248.2 252.9 255.4 257 258.7 263.1
424.6 426.3 427 425.7 426.6 427.5 431 433.3 430.5 425.4 420 416.5 415.9 413.6 410.2 406.8 405.2 403.4 399.6 394.8 389.3 384 379.5 375.3 370.5 363.8 356.1 348.5 340.7 333.9 329.2 320.6 309.1 303 300.6 295.4 289.5 282.5 277.1 269.1 257.2 247.3 243.8 241.7 240.1 240.5 238.9 235.5 228.7 217.7 215.9 211.5 205.6 203.2 199.8 199.7 200.4 198.7 197.1 194.5 191.8 189.1 189 195.3 185.3 192.9 201.7 212.6 222.2 231.5 238.3 244.5 249.7 253.5 254.7 255.6 256.5 258.5
433 431.7 431.4 429.8 432.3 434.2 436.5 437.2 435.4 431.2 425.1 422.1 422.7 420.8 417.9 414.8 413.5 411.5 408.1 403.5 398.1 392 386.3 380.9 374.8 368.1 360.8 352.8 342.4 333.8 326.9 317.9 308 300.2 295.6 289.9 282.8 274.9 273.1 266.8 254.9 246.2 244.7 243.3 242.3 242.2 241.4 239.4 232.9 225.1 216 211.6 209.4 205 200.4 199.3 198 194.8 193.6 192.8 191 189.5 188.2 186 184.6 194.5 202.2 212.2 222.6 232.4 239.9 246.2 251 254.2 255.1 254.2 253.6 252.8
436.6 437.9 437.1 434.7 434.7 436.6 438.9 439.5 437.2 433.7 428.7 428 427.8 424.8 424.9 422.7 422.4 418.9 414.1 409.1 403.8 397 390.8 384.8 377.9 369.7 362.1 353.7 344.2 333.6 326.3 318.7 307.9 300.5 291.7 283.8 278.3 270.7 270.6 265.9 256.5 245.1 244.9 246.1 245 243.9 242.8 241.1 236.3 229.5 223.5 217.7 214.6 211 205.7 199.9 196 194.7 190.8 189.2 190.1 187.6 186.5 183.9 183.4 195 202.6 211.8 220.6 231.3 240.1 246.9 251.5 254.1 255.3 253.2 247.9 245.1
438.9 441.2 441.8 441.8 440.2 439.3 439.5 439.2 438.1 436.5 434.5 433.7 430.5 429.7 430.7 429.6 428 423.4 417.8 412.3 406.9 399.8 393.6 387.2 379.4 370.6 361.6 352.7 342.8 334.1 326.8 317.4 304.6 295.5 289.6 283.3 280.1 277.1 272.2 266.7 257.4 248.7 246.1 246.9 245.7 244.8 242.2 241.7 239.2 233.2 226.1 219.9 216.3 213.8 209.3 203.6 196.9 194.7 190.5 189.8 190.4 186.2 185.9 185 186.2 196 201.3 210.5 219.6 229.5 238.3 244.8 249.3 252 252.8 251.5 245.5 236.2
441.1 442.8 443 443.9 445.4 445.1 443 440.9 439.4 438.6 438.3 434.8 434.6 434.3 434 435.6 431.8 426.9 420.4 414.7 408.1 400 393.2 386.3 378.6 370.6 360.3 349.8 341 334.4 325.7 314.7 300.9 292.9 292.2 289.2 286.6 282 274.7 266.1 259.8 251.7 246.7 246.3 245.6 244.8 242.8 241.2 239 234.5 227.2 220.4 216.4 213.2 210.4 205.5 199.4 194 191.1 190.9 191.1 187.9 185.1 183 185.2 191.3 200 207.8 216.6 225.7 234 239.2 242.7 246.7 249.3 249.2 243.8 234.5
441.1 443.8 444.8 445.3 445.7 446.5 446.3 444.4 442.3 440.3 439.2 439.5 440.7 440.2 442.2 440.4 436.7 430.5 424 416.1 408 400.2 391.1 383.1 375.9 369.1 358.8 347.8 335.5 330.2 321.3 311.2 298 286 287.4 290.2 288.4 284.3 276.7 266.2 261.3 254.6 245.8 242.8 243.4 243.9 242.5 239.8 238.3 234.3 227.8 220.7 216.3 211.1 209 205 198.3 197.1 191.7 192.6 191 188.5 183 183 185.7 190.2 196.7 203.5 211.3 219.9 226.4 229.2 232.7 239.6 244.2 246.6 241.2 231.5
440.9 443.7 445.6 446.5 446.8 447.3 446.4 444.7 443.9 442.1 441.5 441.2 443 443.5 445.4 444 439.9 433.6 427.3 418.6 408.9 399.2 388 379.6 374.1 367.9 356.7 345.3 334.4 325.6 315.4 307.1 296.3 285.8 284.4 289.9 286.5 284.5 279.1 269.3 265.4 259.6 249 242.3 237.8 240 239.7 237.3 235.8 232.7 227.3 222.4 216 211.1 205.9 202.6 198.7 198.4 196 192.5 189.9 186.6 183 183 185.8 185.7 193.5 199.8 206.6 212.9 216.8 219.8 226.4 233.5 239 240.3 237.1 230.8
441.7 444.4 446.2 447.8 447.9 448.6 448.2 446.9 445.2 445 445.1 444.2 445 445.4 446.6 445.6 441.1 435.3 428.8 420.8 411.7 400.2 388 381.9 376.8 367.9 355.2 339.6 328.7 321.4 312.4 302.4 293.6 291.4 292.4 291.8 285.7 284.1 281.9 276.8 270.8 263.5 250.1 242.5 236.3 234.7 234.7 233.6 232.3 228.3 225.5 221.1 215.8 209.7 205 199 198.6 198.6 196.4 192.5 189.4 185.1 183 183 183 183 192.6 195.9 200.2 205.4 206.8 210.7 219.3 227.6 232.9 234.6 231.5 226.3
440.6 444.4 446.2 447.9 450.2 451.7 450.3 449 448.8 449.9 449.3 449.4 448.9 448.2 448.9 447.7 443.8 437.7 429.4 421.4 413 403.2 392.8 385.4 379.6 370 354.2 339 326.5 322.4 316.1 307.9 301.9 300.1 299.5 295.9 288 283.3 282.6 278.8 272.9 266.4 256.8 246.2 235.2 230.4 229.3 229.9 229.2 226.1 222.7 219.8 215.3 210.4 204.1 199.7 196.1 196.5 194.3 191.8 188 183 183 183 183 183 183 191.3 193.6 197.9 201.6 206 214.7 221.4 225.8 227.9 227 223.3
441.2 444.7 446.1 447 448.3 451.9 451 449.9 450.7 451.5 452.2 452.5 452 450.8 449.3 448.5 444.6 439.2 431.1 422.4 414 405.6 397 388.3 380.8 373.3 360.9 346.8 332.9 326.3 322.1 315.4 311.8 307.5 304.7 300.3 293.9 286.5 285.8 280 272.8 267.5 260.2 249.1 235.9 230.4 226.2 223.3 224.7 223.1 219.5 217.6 213.9 209.9 204.9 201.1 198 194.1 192.1 190.9 188 183 183 183 183 183 183 183 183.3 194.1 197.3 203.1 209.2 214 218 219.7 221.9 221.9
441.2 444.7 446.9 447 447.9 448.1 448.9 450.9 453 453.9 453.4 453.4 453.2 452.1 450.6 448.6 444.3 439.3 432.3 424.3 415.9 407.9 399.4 389.6 382.4 375.1 365.3 352.8 341.9 332.7 328.2 322.6 317.1 311.9 307.5 303.6 300.1 294.9 288.9 282.7 275.6 266.9 261.4 251.9 242.4 236.3 230.9 224.2 218.4 219.1 216.9 214.9 212 208.7 205.1 200.4 199.1 195.5 193 190.7 185.5 183 183 183 183 183 183 183 183 189.4 193.1 195.9 201 204.1 206.8 212.1 217.3 219.6
440.7 444.1 446 446.7 447.2 446.7 448.3 452.7 454.4 454.7 455 454.5 453.3 451.9 450.2 447.7 442.9 437.2 431.6 424.8 417.2 409.3 400.6 390.9 381.3 375.2 366.6 357.3 347.5 338.9 333.3 327.6 322.1 314.9 308.1 306.8 303.5 298.4 291.7 284 276.2 265.6 260 253.6 244.5 237.2 233 227.4 220.2 214.1 213.4 211.8 208.6 203.5 201.3 199.6 196.8 193.5 193 190.4 186.6 183 183 183 183.2 183 183 183 183 183 183 188.4 192.4 195.5 196.9 198.4 211.5 217.5
440.1 442.8 444 444.9 445.9 445.9 446.5 448.7 450.1 452.4 453 452.7 452.7 451.4 449.5 446 441.9 436.6 429.6 423.2 416.5 409.5 401.9 393.6 384 373.2 364.7 357.2 349.5 342.6 336.6 329.8 323 318.9 315 312.2 306.2 299.9 294.4 286.7 277.5 268.5 259.3 253.6 245.1 236.4 232.7 228.6 223 217.7 213.9 212.3 209.3 205.9 202.9 199.3 197.8 195.8 193.3 191.5 190.2 191 185.8 187.5 191.8 183.2 183 183 183 183 183 183 183 187.8 191.5 195.3 208.5 216.7
439.3 441.3 442 442.6 443.4 443.1 443.3 444.2 445.1 446.2 448.5 449.4 450.1 449.8 448.1 444.9 440.4 434.9 428.9 422.3 415.3 409.2 402.3 394.7 385.7 374 364.3 356.3 350.1 344.6 338.6 331.3 323.8 320 318.8 316 310.2 302.8 298.6 291.6 281.5 271.4 263.3 253.1 241.2 236.1 232.1 227.2 222.3 218.8 216.5 213.8 211.8 208.2 204.2 201.4 199 198.8 197.5 193.9 191 193.8 197.3 194.9 193.5 189.9 183 183 183 183 183 183 183 187.4 193.3 200.5 210 216.8
436.8 438.7 440.3 441 441.5 441.5 441 441.3 442.4 442.9 443.3 444.4 445.3 446 446.2 443.4 439.1 433.7 428.6 422 414.8 409.1 403 395.4 387.5 378.7 368.6 357.7 349.2 342.8 336.2 331.3 326.8 322.8 320.1 317.7 312.8 306 302.2 294.8 284.6 269.3 262.5 252.8 241.9 235.2 231.1 226.2 224.5 221.4 218.1 212.6 210.4 207.2 204.5 204.1 201.1 199.3 198.1 196.5 192.6 189.9 194.3 196.5 192.6 187.9 183 183 183 183 183 183 183 183 193.3 201.6 209.3 215.3
433 433.8 436.7 438.8 440 439.1 438.8 439.6 439.4 438.9 439.1 439.8 439.6 440.2 441.1 440.1 436.4 432.3 427.3 420.7 414.2 408.9 403.6 396.7 389.4 380.8 371.6 360.6 350.7 341.5 333.5 330.9 328.6 325.2 321.8 317.8 314.2 309.5 304.9 297.7 286.7 272.2 262 255.2 247.6 239.1 234.5 231.9 230.4 227.6 224.8 219.9 213.5 211.3 209.8 207 203.6 198.9 198.8 197.9 195.5 191.3 188.2 193.1 192.5 183 183 183 183 183 183 183 183 183 189.3 198.2 204.9 210.6
428 431 431.3 431.8 434.3 435.9 435.4 435.6 434.7 434.3 434.7 434.7 434.6 435 434.9 434.3 431.9 428.6 424.1 418.2 411.9 406.6 402.5 397.5 390.3 381.9 372.6 361.8 348 340.4 334.3 330.5 329.3 328.1 324.1 317.4 312.1 309.6 305.4 297.9 286.9 274.1 263.8 256.6 250 246.3 241.7 237 234.1 231.4 228.4 223.7 219.3 216.1 213.9 210.2 205.6 200.4 197.5 197 197 193.1 188.5 185.7 188 183 183 183 183 183 183 183 183 183 183 191.3 197.8 202.6
424.8 426.8 429.1 429.4 428.4 430.4 430.6 430.3 430.2 429.2 429 428.8 427.4 428.2 428.8 428.1 426.4 423.7 420.2 415 409.1 404.4 401.2 397.3 390.7 382.5 373.3 362.1 349 340.2 335.5 331.8 329.8 328.9 325.2 317.6 311.1 308.3 304.2 297.1 286.5 272 262.5 257.9 255.5 250.9 246.4 240.5 235.7 233.1 229.9 226 221.7 220.2 217 213.5 208.8 203.7 198.8 196.3 195.1 193 189.3 183 183 183 183 183 183 183 183 183 183 183 183 183 190.4 194.2
416.7 419.9 422.9 423.1 421.6 423.7 423.5 422.1 422.5 422.5 422.4 422.1 421.4 421.5 421.8 421.3 420.4 418.5 415.3 411.7 406.8 404.6 400.6 395.5 389.8 381.2 371.5 362.9 351.4 339.1 332.5 332.9 331.6 330.8 328.5 322.6 313.6 307.4 303.3 297.5 284.1 270.7 267.4 264.3 259 254 249.7 243.7 237.5 234.9 232 227.4 226 222.6 218.6 215.4 210.4 205.7 200.8 197.5 195.3 192 188.6 186.6 183.2 183.1 183 183 183 183 183 183 183 183 183 183 183 186.7
409.1 410.9 413.8 413.4 413.9 415.3 415.4 413 413.8 414.2 415.3 416.1 414.6 415 414.5 414.1 413.6 412.5 410.5 408 406.5 404 399.6 394.2 387.9 380.8 372.7 363.3 352.2 340.8 332.8 332.6 332.6 333.3 330.9 327.1 320.4 311.4 304.2 298.9 288 277.3 273.2 269.5 264 257.3 251.9 247.8 243 239.1 234.7 228.9 226.7 222.4 218.4 215.6 212 207.3 202.8 199.4 196.4 191.9 189 187.2 183.7 183 183 183 183 183 183 183 183 183 183 183 183 183
403.2 404.1 404.8 406.2 405.4 405.1 406.2 405.5 407 407.2 407.1 407 408 407.8 407.8 407.5 407 405.9 404.7 403.7 402.6 400.8 397.6 392.3 385.8 379.3 371.3 362.5 350.5 337.3 333.1 333.5 333.5 333.5 332.2 329.6 324.6 316.2 308.1 303.2 294.5 286 277.9 271.6 266.9 262.5 257.2 251.3 244.4 238.9 234.8 229.4 225.6 219.8 216.4 214.7 211.4 207.6 203.6 199.7 196.1 191.5 189.2 187.3 185.5 183.4 183 183 183 183 183 183 183 183 183 183 183 183
395.4 395.2 395.7 398.4 398.6 398.5 398.8 399.7 400 400.3 401 401.2 401.3 401.6 402.5 402.3 401.8 400.9 399.2 398.2 397.7 396.3 394.3 389.7 383.7 377.4 370.1 361.1 347.6 333.7 334.9 333.4 334.1 332 331.1 328.7 326.1 321 313.9 306.7 298.3 288 277.8 272 267.5 264.2 259.2 251.4 244.4 239.6 233.6 228.3 224.6 221.1 216.5 212.6 208.2 205.4 202.2 197.7 197.7 195.3 193.2 191.2 187.9 186.7 185.8 183 183 183 183 183 183 183 183 183 183 183
386.4 386.4 387.4 388.9 389.7 389.6 391 392.8 393 393.1 394.2 394.9 396 396.7 398.2 398.4 398.2 397.4 395.6 394.3 393.1 391.5 389.5 386.8 382.6 376.5 368.7 358.9 344.9 334.9 334.3 332.7 333.7 330 330.2 327.6 325.7 321.8 314.4 306.7 299.3 288.6 274.7 273.1 264.9 262.1 258.7 252 246 239.1 232.6 228.1 222.1 219.1 216 211.7 206.7 205.8 201.9 204.6 205.7 203.4 198.3 196 194.6 192 190.3 188 185.5 185.2 184 183 183 183 183 183 183 183
379.8 379.1 378.4 379.1 379.6 380.1 381.6 383.9 386.1 386.6 387.9 388.5 390.4 392.4 393.9 394.6 394.6 393.8 392.4 390.5 388.4 387 384.6 383.4 381.2 376 369 359.2 346.4 334.3 334.8 334.5 333.4 332.7 329.5 325.6 324.1 321.2 314.3 306.4 299.2 290 275.1 274 268.3 261.8 256.1 251.7 244.1 236.9 230.2 224.6 223.5 223.5 222.2 216.6 214.4 213.1 214 215 213.9 210.6 205.9 200.5 197.6 196.3 193.7 191.1 188.6 188 184.3 183 183 183 183 183 183 183
372.1 371.6 371 371.4 371.4 371.2 372.7 374.7 377 378.6 380.8 382 385.4 387.9 389.4 390.5 390.5 390.3 388.9 386.6 384.6 382.3 380.2 378.8 378.5 374.6 369.1 360.3 351.6 342.6 337.3 335.6 333.8 333 330.6 326.8 323.5 320.5 313.8 306.7 300.7 291.6 278 276.5 270.5 263.1 258.3 253.1 248.7 243.3 239.9 237.4 235.1 230.5 228.1 222.5 221.3 221.2 221.5 220.5 217.6 213.7 209.2 205.1 201 198.8 194.6 191.8 190.9 189.7 185.4 183 183 183 183 183 183 183
